# File: UnstructuredGrid_Inversion_L0_Coarse_Iter05.dat
# (No specific header documentation)

-161.25	-0.496475	961.051	0	
-159.375	-0.668155	995.141	0	
-65.625	-0.431516	984.138	0	
30.625	-0.431516	1010.29	0	
-144.294	-102.036	1008.16	0	
126.875	-0.668155	985.657	0	
31.875	-0.668155	1021.43	0	
-165.826	-72.3824	1004.36	0	
-64.375	-0.668155	991.627	0	
-120.32	-2.91409	995.693	0	
-147.888	-47.073	1009.35	0	
-143.958	-2.01633	1013.98	0	
-158.741	-19.8395	1005.63	0	
-159.808	-14.2913	1014.13	0	
-115.104	-1.86538	988.777	0	
-108.175	-49.9394	1018.39	0	
-66.354	-1.86538	987.625	0	
-138.854	-1.86538	1021.52	0	
-156.794	-6.05848	1031.63	0	
-148.75	-1.09967	993.581	0	
-145.208	-2.72654	1004.72	0	
-146.458	-2.01633	1005.36	0	
-125.881	-3.06027	1000.91	0	
-154.094	-4.85908	1023.04	0	
-157.708	-2.01633	943.175	0	
-151.071	-10.8319	1018.1	0	
-154.792	-2.72654	1004.15	0	
-158.77	-3.86216	1019.7	0	
125.625	-0.431516	990.756	0	
-24.0702	-2.91409	1019.19	0	
-157.76	-5.35468	1025.94	0	
-46.4583	-2.01633	993.772	0	
-157.292	-2.72654	1001.28	0	
-160.13	-11.9534	1017.22	0	
-18.854	-1.86538	1009.14	0	
-151.295	-2.8545	1004.43	0	
29.896	-1.86538	999.911	0	
-42.604	-1.86538	1011.66	0	
-169.22	-2.04966	955.602	0	
-53.75	-1.09967	985.831	0	
-165.6	-1.76839	977.234	0	
-167.3	-0.925681	956.305	0	
-62.2917	-2.72654	990.505	0	
-171.389	-5.89642	961.934	0	
-61.0417	-3.47328	993.78	0	
-164.269	-10.8597	987.628	0	
-59.7917	-2.72654	989.689	0	
-68.125	-0.36089	979.318	0	
-65.5207	-2.1669	993.243	0	
-87.5	-1.09967	991.722	0	
-158.125	-0.431516	976.86	0	
-156.875	-0.668155	901.025	0	
-80.5207	-2.1669	989.84	0	
-157.5	-1.09967	965.861	0	
-70.625	-0.431516	977.943	0	
79.375	-0.668155	998.099	0	
-154.375	-0.668155	982.707	0	
55.625	-0.668155	1013.71	0	
-153.125	-0.431516	981.26	0	
-150.625	-0.366631	987.169	0	
38.5417	-2.01633	976.872	0	
-153.75	-1.09967	1004.97	0	
49.7917	-2.01633	978.757	0	
-155.625	-0.431516	948.33	0	
72.1798	-2.91409	1001.31	0	
-162.583	-1.33918	996.085	0	
-60	-1.09967	975.921	0	
-149.375	-0.431516	1014.31	0	
-155	-1.09967	997.94	0	
31.0415	-5.36053	1007.42	0	
-148.125	-0.668155	1006.95	0	
31.0341	-3.06466	997.813	0	
-146.875	-0.431516	1018.78	0	
-147.5	-1.09967	991.512	0	
36.875	-0.668155	989.819	0	
32.7083	-2.01633	1006.88	0	
-144.375	-0.431516	1022.93	0	
28.125	-0.36089	1008.52	0	
-137.5	-1.09967	1012.43	0	
-139.375	-0.366631	1033.19	0	
25.625	-0.431516	1021.29	0	
-143.125	-0.668155	1028.37	0	
33.75	-1.09967	1004.17	0	
-143.75	-1.09967	1027.65	0	
34.375	-0.668155	1006.22	0	
8.75	-1.09967	1088.44	0	
-136.875	-0.668155	1039.28	0	
183.782	-3.55475	1042.22	0	
-135.625	-0.431516	1029.18	0	
-135	-0.798148	1001.97	0	
135.922	-2.00504	995.052	0	
-136.25	-1.09967	1009.24	0	
149.65	-2.73747	1016.19	0	
131.936	-4.3008	999.828	0	
-131.25	-0.798148	1027.78	0	
129.003	-2.80091	989.129	0	
-122.604	-1.86538	990.522	0	
-128.75	-1.09967	995.525	0	
129.375	-0.668155	976.566	0	
-130.625	-0.431516	1017.37	0	
133.125	-0.668155	995.28	0	
-130	-1.09967	1010.58	0	
141.875	-0.668155	1030.42	0	
-138.125	-0.431516	1025.47	0	
15.7293	-2.1669	1057.13	0	
128.75	-1.09967	984.48	0	
-121.25	-1.09967	984.755	0	
120.625	-0.431516	987.036	0	
-121.875	-0.431516	993.948	0	
-120.625	-0.668155	993.222	0	
110.744	-2.06993	986.923	0	
-123.125	-0.366631	983.182	0	
123.125	-0.36089	969.445	0	
-116.875	-0.36089	979.77	0	
-120	-1.09967	971.484	0	
-133.661	-2.93321	1011.8	0	
-115.625	-0.366631	977.666	0	
-114.375	-0.431516	1006.35	0	
-127.5	-0.798148	982.772	0	
-113.75	-1.09967	975.922	0	
-119.375	-0.431516	996.482	0	
-115	-0.798148	994.358	0	
100.625	-0.431516	1004.97	0	
-93.125	-0.668155	985.265	0	
-112.5	-1.09967	988.888	0	
-103.125	-0.668155	1032.54	0	
-111.25	-0.798148	1013.07	0	
-103.75	-1.09967	1009.39	0	
-114.271	-2.1669	1000.33	0	
-111.875	-0.431516	996.165	0	
-110.328	-2.00504	1010.67	0	
-111.994	-2.06993	1006.97	0	
-108.125	-0.431516	1015.24	0	
-141.875	-0.431516	1027.25	0	
-104.375	-0.431516	1021.17	0	
-95.104	-1.86538	990.907	0	
-142.5	-1.09967	1026.82	0	
-105.625	-0.366631	1016.93	0	
-110.625	-0.366631	998.123	0	
-108.75	-1.09967	998.633	0	
-109.375	-0.668155	1015.08	0	
-113.125	-0.668155	1010.58	0	
-104.405	-3.52006	998.466	0	
-128.125	-0.431516	1016.78	0	
127.708	-2.01633	986.122	0	
-102.5	-1.09967	996.108	0	
43.125	-0.668155	963.149	0	
-129.375	-0.668155	1020.14	0	
-101.875	-0.431516	1006.3	0	
-133.125	-0.668155	1036.85	0	
-99.375	-0.668155	996.302	0	
-101.25	-0.798148	1010.5	0	
-90.9973	-2.80091	988.858	0	
-134.375	-0.366631	1029.89	0	
-95.625	-0.366631	983.378	0	
-150.089	-1.76841	995.159	0	
-73.854	-1.86538	988.988	0	
-92.5	-1.09967	993.074	0	
-148.968	-2.99641	993.995	0	
-94.375	-0.431516	980.385	0	
-151.875	-0.668155	1002.22	0	
-93.75	-1.09967	990.535	0	
-135.744	-2.06993	1011.17	0	
-149.256	-2.06993	999.393	0	
-88.75	-0.798148	978.209	0	
-147.292	-2.01633	1003.77	0	
-81.354	-1.86538	984.946	0	
-86.25	-1.09967	979.29	0	
-146.25	-1.09967	999.021	0	
-88.125	-0.431516	976.07	0	
-145.625	-0.668155	1021.28	0	
-156.042	-2.01633	979.249	0	
-81.875	-0.366631	967.811	0	
-150	-0.798148	984.965	0	
-79.375	-0.668155	970.162	0	
-73.75	-0.798148	994.013	0	
-153.542	-2.01633	988.193	0	
-80.625	-0.431516	973.488	0	
-155.208	-2.01633	992.46	0	
-85.625	-0.431516	973.524	0	
-156.25	-1.09967	998.557	0	
-91.875	-0.431516	976.258	0	
-138.75	-0.798148	1031.94	0	
-158.75	-1.09967	906.568	0	
-72.5	-1.09967	991.716	0	
-20.625	-0.36089	1024.84	0	
-73.125	-0.431516	979.26	0	
-71.875	-0.668155	987.554	0	
-23.125	-0.431516	1030.5	0	
-74.375	-0.366631	986.325	0	
-158.542	-2.01633	988.429	0	
-31.25	-0.798148	1036.37	0	
-71.25	-1.09967	987.171	0	
3.125	-0.668155	1088.6	0	
-66.875	-0.366631	997.572	0	
30.7293	-2.1669	995.572	0	
-14.0777	-2.00504	1016.96	0	
-65	-1.09967	984.298	0	
-8.15454	-3.52006	1004.28	0	
-66.25	-0.798148	989.752	0	
-37.4111	-2.93321	1001.96	0	
-18.0207	-2.1669	1028.51	0	
-63.125	-0.431516	978.906	0	
-15.7444	-2.06993	1025.66	0	
-60.625	-0.431516	984.219	0	
-59.375	-0.668155	990.698	0	
-14.375	-0.366631	999.26	0	
-61.875	-0.668155	996.588	0	
-13.125	-0.668155	1020.51	0	
-46.875	-0.431516	993.408	0	
-58.125	-0.431516	977.055	0	
-33.125	-0.668155	1066.72	0	
-54.375	-0.431516	982.57	0	
-53.125	-0.668155	967.489	0	
-41.7707	-2.1669	1008.66	0	
-55.625	-0.366631	983.568	0	
-41.4106	-3.16569	998.146	0	
-58.75	-1.09967	991.991	0	
-44.375	-0.36089	1008.95	0	
-62.5	-1.09967	979.304	0	
-6.875	-0.668155	1019.77	0	
-78.75	-1.09967	990.356	0	
-152.5	-1.09967	974.391	0	
-39.4944	-2.06993	1024.78	0	
-51.875	-0.431516	982.821	0	
-56.875	-0.668155	998.008	0	
-49.375	-0.431516	995.501	0	
-48.125	-0.668155	986.858	0	
-55.0889	-1.76841	979.088	0	
-48.75	-1.09967	967.437	0	
-38.125	-0.366631	1027.39	0	
-42.5	-0.798148	1001.64	0	
-41.25	-1.09967	1010.64	0	
-50.625	-0.668155	968.581	0	
-41.875	-0.431516	1031.77	0	
-40.625	-0.668155	1030.52	0	
-52.2917	-2.01633	982.744	0	
-43.125	-0.366631	1006.86	0	
-54.2556	-2.06993	983.333	0	
-47.5	-1.09967	984.836	0	
-53.9679	-2.99641	987.537	0	
-61.25	-1.09967	966.528	0	
-39.375	-0.431516	1029.89	0	
-62.7083	-2.01633	992.515	0	
-33.75	-1.09967	1004.89	0	
-35	-0.798148	1001.31	0	
-55	-0.798148	972.787	0	
-38.75	-0.798148	1038.61	0	
-61.0417	-2.01633	986.543	0	
-57.5	-1.09967	958.838	0	
-26.354	-1.86538	1026.33	0	
-63.5417	-2.01633	988.309	0	
-31.875	-0.431516	1040.71	0	
-25	-1.09967	1027.91	0	
-69.375	-0.668155	997.903	0	
-32.5	-1.09967	994.002	0	
-63.75	-1.09967	991.691	0	
-34.375	-0.431516	1062.58	0	
-58.5417	-2.01633	980.874	0	
-40	-1.09967	1022.27	0	
-51.25	-1.09967	990.208	0	
-73.0207	-2.1669	996.864	0	
-25.625	-0.431516	1034	0	
-71.0417	-2.01633	991.028	0	
-18.75	-0.798148	1028.49	0	
-23.75	-1.09967	1021.22	0	
-70	-1.09967	990.814	0	
-24.375	-0.668155	1009.01	0	
-67.5054	-1.48403	987.423	0	
-78.125	-0.431516	969.888	0	
-19.375	-0.366631	983.688	0	
-80	-1.09967	995.802	0	
-16.875	-0.668155	1004.82	0	
-16.25	-1.09967	1002.76	0	
93.5212	-2.84299	1005.58	0	
-18.125	-0.431516	1002.27	0	
-91.4583	-2.01633	987.275	0	
-17.5	-1.09967	990.935	0	
-75.625	-0.36089	972.482	0	
82.5446	-2.8545	995.819	0	
-15	-0.798148	996.105	0	
101.503	-2.80091	1011.04	0	
-12.5	-1.09967	992.044	0	
-11.875	-0.431516	993.67	0	
83.125	-0.668155	1017.63	0	
-7.5	-1.09967	975.566	0	
89.375	-0.668155	1022.28	0	
81.875	-0.366631	995.882	0	
-8.125	-0.431516	1000.33	0	
73.125	-0.431516	995.915	0	
-6.25	-1.09967	986.593	0	
-5.625	-0.431516	1021.31	0	
66.6193	-3.06027	1010.48	0	
1.14595	-1.86538	1043.64	0	
75.625	-0.36089	995.877	0	
-9.375	-0.366631	1001.5	0	
80.5056	-2.06993	1006.8	0	
-15.625	-0.431516	1031.07	0	
99.375	-0.668155	1017.17	0	
-26.875	-0.366631	1017.02	0	
-67.5	-0.727521	999.019	0	
-52.5	-1.09967	990.322	0	
-36.875	-0.668155	1055.51	0	
-137.661	-3.16569	999.601	0	
-5	-0.798148	1030.85	0	
-3.125	-0.668155	999.323	0	
63.125	-0.668155	1008.66	0	
2.5	-1.09967	1022.48	0	
0.625	-0.366631	1065.03	0	
58.4223	-2.00504	1005.42	0	
59.375	-0.668155	1009.86	0	
1.875	-0.431516	1047.92	0	
58.125	-0.366631	1000.55	0	
3.75	-1.09967	1092.1	0	
4.375	-0.431516	1076.49	0	
51.875	-0.36089	965.301	0	
22.396	-1.86538	1017.86	0	
56.7556	-2.06993	999.385	0	
7.5	-0.798148	1062.54	0	
65.9223	-2.00504	1000.6	0	
42.2821	-2.99641	988.799	0	
8.125	-0.431516	1110.15	0	
41.9944	-2.06993	985.159	0	
10	-1.09967	1024.34	0	
10.625	-0.431516	1097.26	0	
45.625	-0.668155	966.504	0	
14.896	-1.86538	1061.15	0	
53.75	-0.798148	996.987	0	
45	-1.09967	963.598	0	
15.625	-0.431516	1066.76	0	
41.1611	-1.76841	968.442	0	
22.5	-0.798148	1025.5	0	
17.5	-1.09967	976.826	0	
33.5417	-2.01633	980.15	0	
16.875	-0.668155	1056.57	0	
39.375	-0.668155	988.607	0	
14.375	-0.366631	1061.1	0	
43.9583	-2.01633	972.912	0	
23.75	-1.09967	1005.82	0	
49.375	-0.431516	969.516	0	
37.7083	-2.01633	987.172	0	
21.875	-0.366631	1028.4	0	
35	-1.09967	972.476	0	
24.375	-0.668155	1033.95	0	
30	-0.798148	999.879	0	
35.2083	-2.01633	999.311	0	
23.125	-0.431516	1027.78	0	
38.75	-1.09967	967.652	0	
28.7446	-1.48403	1006.78	0	
31.25	-1.09967	978.918	0	
28.75	-0.727521	1035.9	0	
125.729	-2.1669	984.79	0	
32.5	-1.09967	941.252	0	
25.2083	-2.01633	1020.1	0	
29.375	-0.366631	1012.41	0	
23.2293	-2.1669	1019.28	0	
25	-1.09967	970.626	0	
26.875	-0.668155	1028.05	0	
20.625	-0.36089	1021.91	0	
36.25	-1.09967	991.9	0	
4.79167	-2.01633	1097.38	0	
42.5	-1.09967	976.902	0	
37.5	-1.09967	958.533	0	
16.25	-1.09967	1050.3	0	
35.625	-0.431516	982.896	0	
18.125	-0.431516	1056.01	0	
151.875	-0.431516	1015.76	0	
40.625	-0.366631	953.857	0	
149.375	-0.431516	1018.98	0	
53.646	-1.86538	987.532	0	
43.75	-1.09967	964.523	0	
149.529	-1.8473	1011.95	0	
41.875	-0.431516	956.579	0	
144.672	-2.00504	1018.64	0	
38.125	-0.431516	975.847	0	
154.375	-0.36089	1010.44	0	
33.125	-0.431516	993.752	0	
26.25	-1.09967	1012.57	0	
44.375	-0.431516	956.245	0	
41.25	-0.798148	984.336	0	
143.006	-2.06993	1009.98	0	
47.5	-1.09967	948.665	0	
138.75	-0.727521	1015.18	0	
48.125	-0.668155	964.247	0	
48.75	-1.09967	963.839	0	
136.875	-0.668155	997.353	0	
46.875	-0.431516	960.267	0	
144.375	-0.366631	1030.53	0	
140	-0.798148	998.017	0	
53.125	-0.366631	1003.2	0	
135.625	-0.366631	1000.16	0	
77.396	-1.86538	1001.13	0	
56.25	-1.09967	989.358	0	
130.625	-0.366631	982.812	0	
54.375	-0.431516	990.229	0	
134.256	-2.06993	990.039	0	
55	-1.09967	962.502	0	
136.619	-3.06027	994.499	0	
121.875	-0.668155	991.604	0	
57.5	-0.798148	995.671	0	
61.25	-0.798148	1011.02	0	
62.5	-1.09967	984.824	0	
61.875	-0.431516	988.567	0	
118.229	-2.1669	990.267	0	
56.875	-0.431516	1016.25	0	
123.745	-1.48403	974.418	0	
120.208	-2.01633	977.836	0	
69.896	-1.86538	987.772	0	
115.625	-0.36089	965.153	0	
64.375	-0.431516	1003.14	0	
71.25	-1.09967	972.355	0	
113.125	-0.431516	983.116	0	
63.75	-1.09967	971.541	0	
121.25	-1.09967	963.088	0	
69.375	-0.366631	975.642	0	
123.75	-0.727521	996.904	0	
91.25	-0.798148	1012.57	0	
131.161	-1.76841	983.306	0	
106.875	-0.431516	997.633	0	
70.625	-0.431516	1005.08	0	
-116.255	-1.48403	985.005	0	
77.5	-0.798148	1003.77	0	
72.5	-1.09967	990.694	0	
-121.771	-2.1669	998.718	0	
71.875	-0.668155	1006.89	0	
-118.125	-0.668155	1004.73	0	
-119.792	-2.01633	991.53	0	
76.875	-0.366631	992.939	0	
-123.75	-0.727521	1015.6	0	
124.896	-1.86538	976.629	0	
80	-1.09967	1012.4	0	
-125.625	-0.668155	1020.7	0	
78.125	-0.431516	1001.63	0	
-118.75	-1.09967	975.478	0	
78.75	-1.09967	1003.25	0	
-116.25	-0.727521	1011.82	0	
-86.875	-0.668155	970.131	0	
81.25	-0.798148	1010.78	0	
-90.625	-0.668155	979.641	0	
83.75	-1.09967	985.724	0	
84.375	-0.431516	1010.33	0	
-92.2917	-2.01633	986.806	0	
88.75	-1.09967	1011.76	0	
-98.9788	-2.84299	999.757	0	
-98.125	-0.431516	1009.54	0	
88.125	-0.431516	1022	0	
-109.955	-2.8545	996.792	0	
90	-1.09967	1005.87	0	
90.625	-0.431516	1014.1	0	
-95	-0.798148	1012.59	0	
97.396	-1.86538	1004.56	0	
-98.75	-1.09967	1002.63	0	
86.875	-0.366631	1016.92	0	
-91.25	-1.09967	982.721	0	
80.625	-0.431516	1003.39	0	
-94.2707	-2.1669	998.714	0	
101.042	-2.01633	1002.77	0	
145.625	-0.668155	1040.17	0	
-100.625	-0.366631	1011.34	0	
93.125	-0.668155	1010.84	0	
-105.089	-1.76841	1012.6	0	
96.875	-0.366631	1003.31	0	
98.75	-1.09967	997.584	0	
-106.875	-0.668155	1008.67	0	
-105	-0.798148	1014.9	0	
117.396	-1.86538	978.477	0	
-107.5	-1.09967	1003.34	0	
105	-1.09967	1001.9	0	
103.75	-0.798148	1012.1	0	
-111.161	-1.76841	995.707	0	
100	-1.09967	990.648	0	
-108.542	-2.01633	1003.62	0	
98.125	-0.431516	1010.97	0	
-113.909	-3.16789	997.946	0	
-140.625	-0.36089	1029.12	0	
111.25	-1.09967	984.839	0	
-134.078	-2.00504	1010.67	0	
109.375	-0.366631	997.118	0	
110.625	-0.431516	979.602	0	
-122.5	-0.798148	1002.78	0	
106.25	-1.09967	1004.1	0	
-140.005	-1.48403	1027.73	0	
-126.875	-0.366631	1005.46	0	
117.5	-0.798148	991.703	0	
-131.339	-1.76841	1011.1	0	
118.75	-1.09967	975.06	0	
116.875	-0.366631	960.9	0	
-134.911	-1.76841	1016.06	0	
112.5	-1.09967	968.454	0	
-131.875	-0.366631	1016.51	0	
111.875	-0.668155	984.403	0	
-128.244	-2.06993	999.832	0	
104.375	-0.431516	994.125	0	
-110	-1.03479	988.314	0	
-151.25	-1.03479	989.75	0	
119.375	-0.668155	975.669	0	
-139.484	-2.19037	1025.92	0	
120	-1.09967	975.909	0	
126.25	-1.09967	965.298	0	
-140	-0.727521	1040.38	0	
125	-0.798148	979.291	0	
-150.922	-2.00504	989.707	0	
-144.792	-2.01633	1020.41	0	
172.314	-2.47004	992.864	0	
-20.0054	-1.48403	1013.85	0	
128.125	-0.431516	978.85	0	
132.5	-1.09967	979.945	0	
-25.5207	-2.1669	1015.99	0	
127.5	-1.09967	961.908	0	
-21.875	-0.668155	989.642	0	
124.375	-0.366631	961.587	0	
-145	-1.09967	1002.3	0	
-23.5417	-2.01633	1022.81	0	
131.875	-0.431516	984.413	0	
-27.5	-0.727521	1023.72	0	
133.75	-1.09967	990.127	0	
134.375	-0.431516	989.96	0	
-29.375	-0.668155	1023.82	0	
139.896	-1.86538	1006.86	0	
-22.5	-1.09967	1023.3	0	
9.375	-0.668155	1098.75	0	
141.25	-1.09967	994.877	0	
5.625	-0.668155	1110.14	0	
140.625	-0.431516	1034.85	0	
156.146	-1.86538	1006.78	0	
3.95833	-2.01633	1049.19	0	
139.375	-0.366631	996.851	0	
-2.72879	-2.84299	1053.96	0	
135	-0.798148	991.01	0	
1.97929	-2.1669	1081.65	0	
131.25	-0.798148	988.991	0	
-20	-0.727521	1021.13	0	
118.125	-0.431516	983.904	0	
-133.75	-1.03479	1013.02	0	
-1.875	-0.431516	997.811	0	
143.125	-0.431516	1024.07	0	
-13.7054	-2.8545	1047.79	0	
150	-1.09967	1023.42	0	
146.25	-1.09967	1009.75	0	
1.25	-0.798148	1071.75	0	
143.75	-0.798148	1025.58	0	
-2.5	-1.09967	1038.05	0	
-4.375	-0.366631	999.238	0	
150.625	-0.668155	1011.73	0	
-8.83895	-1.76841	1001.33	0	
151.25	-1.09967	1010.45	0	
157.5	-1.09967	1011.07	0	
-17.6594	-3.16789	1052.64	0	
156.25	-0.798148	1008.45	0	
-10.625	-0.668155	1004.98	0	
148.125	-0.366631	1017.8	0	
-5.74439	-2.06993	1038	0	
-12.2917	-2.01633	1030.33	0	
156.875	-0.431516	992.926	0	
-14.9111	-1.76841	1018.25	0	
158.958	-1.16463	978.523	0	
160	-0.496475	971.201	0	
-13.75	-1.03479	1012.53	0	
158.125	-0.668155	987.703	0	
-11.25	-1.09967	1021.57	0	
-43.7554	-1.48403	1009.09	0	
159.338	-2.74918	978.6	0	
-26.25	-0.798148	1024.16	0	
164.35	-1.76839	963.248	0	
166.05	-0.925681	967.456	0	
-31.9944	-2.06993	1022.78	0	
155.521	-4.78762	1000.88	0	
-37.8277	-2.00504	1034.72	0	
161.333	-1.33918	967.645	0	
-45.625	-0.668155	989.973	0	
155.625	-0.366631	995.317	0	
-8.75	-0.798148	1034.38	0	
-35.625	-0.366631	1036.22	0	
174.762	-1.34606	1007.94	0	
-38.6611	-1.76841	1020.31	0	
177.527	-2.9619	1025.53	0	
168.496	-7.04709	978.484	0	
-37.5	-1.03479	1011.63	0	
166.796	-10.6094	982.165	0	
-35.0889	-1.76841	1025.22	0	
-55.9223	-2.00504	979.362	0	
154.805	-6.09945	996.412	0	
-43.75	-0.727521	1003.47	0	
119.775	-42.5718	983.632	0	
169.138	-29.3032	997.312	0	
-47.2917	-2.01633	989.766	0	
199.784	-4.78957	1083.28	0	
-51.0417	-2.72654	987.194	0	
177.385	-6.05361	1017.12	0	
-56.25	-1.03479	966.194	0	
-50	-1.09967	989.259	0	
-68.75	-1.02905	979.191	0	
-66.9845	-2.19037	992.484	0	
-49.7917	-2.01633	977.923	0	
28.7125	-3.24559	1004.18	0	
-75.0054	-1.48403	984.434	0	
-79.0702	-2.91409	998.884	0	
-76.875	-0.668155	979.004	0	
-71.5702	-2.91409	998.331	0	
168.693	-54.0604	1001.66	0	
-46.25	-1.09967	1001	0	
167.97	-2.04966	953.596	0	
-30.625	-0.366631	1051.2	0	
142.5	-1.09967	1009.29	0	
5	-1.09967	1016.28	0	
-75	-0.727521	999.83	0	
-101.994	-2.06993	1008.17	0	
-78.5417	-2.01633	992.133	0	
65	-0.798148	986.136	0	
-77.5	-1.09967	996.547	0	
-82.5	-0.727521	990.447	0	
-84.375	-0.668155	972.595	0	
98.2293	-2.1669	1008.87	0	
105.625	-0.668155	1006.79	0	
92.1723	-2.00504	1008.22	0	
101.875	-0.668155	1013.46	0	
100.208	-2.01633	1008.99	0	
101.25	-1.09967	1001.09	0	
94.375	-0.431516	1017.9	0	
93.75	-1.09967	1005.5	0	
88.0955	-3.52006	1009.7	0	
97.5	-0.798148	1011.67	0	
90.5056	-2.06993	1009.42	0	
91.875	-0.366631	1015.46	0	
85.625	-0.668155	1016.86	0	
87.4111	-1.76841	1015.13	0	
82.1723	-2.00504	1009.71	0	
87.5	-0.798148	1011.06	0	
83.9583	-2.01633	998.768	0	
85	-1.09967	985.1	0	
81.3389	-1.76841	1001.24	0	
82.5	-1.03479	987.769	0	
74.375	-0.668155	994.431	0	
76.2446	-1.48403	997.416	0	
70.7293	-2.1669	997.048	0	
76.25	-0.727521	995.524	0	
72.7083	-2.01633	1005.08	0	
73.75	-1.09967	1009.43	0	
68.75	-0.727521	997.832	0	
66.875	-0.668155	990.121	0	
58.8389	-2.93321	1009.5	0	
70	-0.798148	980.351	0	
64.2556	-2.06993	997.34	0	
65.625	-0.366631	983.236	0	
60.625	-0.366631	997.516	0	
61.1611	-1.76841	998.774	0	
57.5889	-1.76841	1006.58	0	
58.75	-1.03479	1014.25	0	
50.625	-0.668155	966.769	0	
52.4946	-1.48403	987.564	0	
45.2083	-2.72654	980.302	0	
52.5	-0.727521	999.834	0	
48.9583	-2.01633	976.405	0	
50	-1.09967	979.866	0	
46.25	-1.09967	953.873	0	
46.4583	-2.01633	967.132	0	
40	-1.03479	958.58	0	
40.3277	-2.00504	990.523	0	
27.5	-1.02905	995.819	0	
29.2655	-2.19037	1010.04	0	
24.6798	-2.91409	1005.76	0	
121.042	-2.01633	985.047	0	
19.375	-0.668155	1053.23	0	
21.2446	-1.48403	1015.95	0	
17.1798	-2.91409	1044.61	0	
21.25	-0.727521	1063.07	0	
17.7083	-2.01633	1048.07	0	
18.75	-1.09967	1023.02	0	
13.75	-0.727521	1099.79	0	
11.875	-0.668155	1091.92	0	
153.125	-0.668155	1002.89	0	
154.995	-1.48403	1008.22	0	
145.155	-3.05088	1013.96	0	
155	-0.727521	1018.17	0	
151.458	-2.01633	1018.79	0	
152.5	-1.09967	1027.86	0	
146.875	-0.431516	1041.39	0	
148.696	-1.54577	1017.28	0	
147.758	-2.24637	1011.02	0	
148.75	-0.798148	1020.95	0	
143.839	-1.76841	1023.99	0	
145	-1.03479	1025.66	0	
138.125	-0.36089	1002.18	0	
138.745	-1.48403	1005.15	0	
135.089	-1.76841	992.392	0	
136.25	-1.03479	993.645	0	
130	-1.03479	983.173	0	
130.328	-2.00504	985.348	0	
122.5	-1.02905	964.663	0	
124.266	-2.19037	989.628	0	
119.68	-2.91409	990.681	0	
156.979	-2.1669	996.693	0	
114.375	-0.668155	992.058	0	
116.245	-1.48403	973.173	0	
112.163	-2.94281	993.118	0	
116.25	-0.727521	995.909	0	
112.708	-2.01633	985.017	0	
113.75	-1.09967	965.126	0	
108.125	-0.668155	1001.28	0	
109.911	-1.76841	984.538	0	
-117.5	-1.02905	970.284	0	
-115.734	-2.19037	1002.31	0	
-138.021	-2.1669	1023.25	0	
-67.5375	-3.24559	996.727	0	
-124.375	-0.36089	981.815	0	
-123.755	-1.48403	985.912	0	
-88.0056	-2.06993	981.205	0	
-81.25	-0.798148	985.045	0	
-86.0417	-2.01633	986.668	0	
-85	-1.09967	995.017	0	
-89.375	-0.366631	973.791	0	
-88.8389	-1.76841	984.219	0	
-96.875	-0.36089	970.305	0	
-96.2554	-1.48403	991.419	0	
-95.7345	-2.19037	1008.28	0	
-96.25	-0.727521	1012.73	0	
-101.161	-1.76841	1008.18	0	
-100	-1.03479	1017.59	0	
-106.25	-1.03479	1016.69	0	
-105.922	-2.00504	1012.17	0	
-70.2083	-2.01633	992.993	0	
-100.328	-2.00504	1003.96	0	
-141.25	-0.792406	1031.4	0	
-140.814	-2.07688	1024.41	0	
-153.54	-3.47677	1007.18	0	
-123.787	-3.24559	1003.64	0	
-127.411	-1.76841	998.117	0	
-126.25	-1.03479	988.385	0	
-132.5	-1.03479	1001.69	0	
-132.172	-2.00504	1024.18	0	
-118.958	-2.01633	990.43	0	
-126.578	-2.00504	994.025	0	
-202.353	-21.532	1019.67	0	
-119.833	-3.79821	1001.72	0	
-21.25	-1.02905	1018.6	0	
-19.4845	-2.19037	1034	0	
-27.5375	-3.24559	1015.85	0	
5.25269	-2.80091	1051.56	0	
-28.125	-0.36089	1049.22	0	
-27.5054	-1.48403	1031.35	0	
8.24439	-2.06993	1078.24	0	
15	-0.798148	1053.8	0	
10.2083	-2.01633	1092.8	0	
11.25	-1.09967	1094.89	0	
6.875	-0.366631	1090.79	0	
7.41105	-1.76841	1094.31	0	
-0.625	-0.36089	982.849	0	
-0.00541199	-1.48403	1040.32	0	
0.51554	-2.19037	1069.23	0	
0	-0.727521	1062.56	0	
-4.91105	-1.76841	1011.6	0	
-3.75	-1.03479	1013.26	0	
-10	-1.03479	1009.34	0	
-9.67228	-2.00504	1033.91	0	
26.0417	-2.01633	1001.15	0	
-4.07772	-2.00504	1037.74	0	
-45	-1.02905	1017.04	0	
-43.2345	-2.19037	1000.02	0	
-50.2083	-2.72654	993.357	0	
-29.6307	-3.06027	1016.85	0	
-31.1611	-1.76841	1031.17	0	
-30	-1.03479	1039.96	0	
-36.25	-1.03479	1028.18	0	
-35.9223	-2.00504	1016.8	0	
-22.7083	-2.01633	1016.35	0	
-30.3277	-2.00504	1021.7	0	
-60.2083	-2.01633	986.067	0	
-51.4583	-2.01633	986.7	0	
-68.3387	-1.78555	994.121	0	
-68.4751	-2.84652	991.818	0	
-76.25	-1.02905	975.524	0	
-74.4845	-2.19037	998.691	0	
-77.7083	-2.01633	990.976	0	
-105.61	-4.06799	997.654	0	
-83.125	-0.36089	975.96	0	
-82.5054	-1.48403	978.889	0	
104.494	-2.06993	1012.73	0	
110	-0.798148	977.058	0	
106.458	-2.01633	998.286	0	
107.5	-1.09967	980.563	0	
103.125	-0.366631	991.54	0	
103.661	-1.76841	999.251	0	
95.625	-0.36089	997.515	0	
96.2446	-1.48403	1006.18	0	
96.7655	-2.19037	1014.04	0	
96.25	-0.727521	1025.57	0	
91.3389	-1.76841	1012.75	0	
92.5	-1.03479	1012.92	0	
86.25	-1.03479	1018.14	0	
86.5777	-2.00504	1010.93	0	
78.2293	-2.1669	1004.59	0	
78.5906	-3.16789	1006.52	0	
75	-1.02905	996.967	0	
76.7655	-2.19037	1002.17	0	
68.7125	-3.24559	1008.39	0	
123.713	-3.24559	992.692	0	
68.125	-0.36089	992.245	0	
68.7446	-1.48403	994.115	0	
65.0889	-1.76841	991.912	0	
66.25	-1.03479	999.17	0	
60	-1.03479	1006.72	0	
60.3277	-2.00504	1012.52	0	
54.4793	-2.1669	999.205	0	
73.5417	-2.01633	998.815	0	
51.25	-1.02905	984.675	0	
53.0155	-2.19037	996.894	0	
40.4973	-3.78292	1000.76	0	
54.8394	-3.16569	995.66	0	
39.0027	-2.80091	993.344	0	
44.7917	-2.01633	971.856	0	
27.9113	-1.78555	1016.7	0	
27.7749	-2.84652	1004.6	0	
20	-1.02905	973.13	0	
21.7655	-2.19037	1033.25	0	
-9.36018	-4.06799	1049.75	0	
18.5417	-2.01633	1023.4	0	
13.125	-0.36089	1069.72	0	
13.7446	-1.48403	1062.18	0	
153.75	-1.02905	1014.05	0	
155.516	-2.19037	1008.32	0	
142.62	-3.22837	1005.51	0	
144.069	-5.7607	990.99	0	
147.5	-0.798148	1002.61	0	
146.771	-2.1669	1022.87	0	
140.729	-2.1669	1007.24	0	
150.746	-2.90651	1005.67	0	
137.5	-1.02905	1009	0	
139.266	-2.19037	1003.2	0	
130.64	-4.06799	992.322	0	
141.177	-3.32534	994.508	0	
131.994	-2.06993	992.155	0	
129.955	-2.8545	989.741	0	
128.542	-2.01633	978.542	0	
127.18	-2.91409	985.402	0	
122.911	-1.78555	989.541	0	
122.775	-2.84652	987.547	0	
115	-1.02905	960.123	0	
116.766	-2.19037	994.956	0	
86.8898	-4.06799	1005.24	0	
113.542	-2.01633	984.504	0	
108.75	-1.03479	975.871	0	
109.078	-2.00504	988.67	0	
-117.089	-1.78555	1002.02	0	
-117.225	-2.84652	995.801	0	
-125	-1.02905	965.184	0	
-123.234	-2.19037	1005.19	0	
-78.5826	-3.79821	1010.79	0	
-143.899	-7.68728	987.129	0	
-90	-1.03479	985.082	0	
-89.6723	-2.00504	983.871	0	
-97.5	-0.792406	1015.42	0	
-97.0644	-2.07688	1008.46	0	
-116.287	-3.24559	1002.69	0	
-108.125	-3.34884	993.899	0	
-104.256	-2.06993	1010.64	0	
-112.466	-3.07092	998.931	0	
-107.708	-2.01633	1003.69	0	
-116.633	-5.94785	1004.69	0	
-141.434	-1.75189	1025.97	0	
-142.267	-2.05915	1025.62	0	
-130.506	-2.06993	1016.49	0	
-141.756	-5.80291	989.172	0	
-140.354	-6.17065	990.358	0	
-130.457	-4.4054	996.849	0	
-20.8387	-1.78555	1023.61	0	
-20.9751	-2.84652	1031.27	0	
-28.75	-1.02905	1045.06	0	
-26.9845	-2.19037	1020.57	0	
-43.7875	-3.24559	996.02	0	
-46.3858	-5.74538	999.047	0	
6.25	-1.03479	1090.43	0	
6.57772	-2.00504	1074.73	0	
-1.25	-0.792406	1039.18	0	
-0.814428	-2.07688	1053.19	0	
-20.0375	-3.24559	1041.22	0	
-11.875	-3.34884	1039.07	0	
-8.00561	-2.06993	1038.18	0	
-16.2164	-3.07092	1047	0	
-11.4583	-2.01633	1014.67	0	
-20.3828	-5.94785	1061.13	0	
-44.5887	-1.78555	997.039	0	
-44.7251	-2.84652	999.496	0	
-34.2556	-2.06993	1018.85	0	
-49.5151	-8.22246	1007.89	0	
-44.2462	-5.42835	991.955	0	
-34.2075	-4.4054	998.827	0	
-75.0375	-3.24559	1003.8	0	
25.1674	-3.79821	1016.37	0	
-75.8387	-1.78555	994.882	0	
-75.9751	-2.84652	998.922	0	
-83.75	-1.02905	976.574	0	
-81.9845	-2.19037	990.385	0	
-90.0446	-2.8545	988.487	0	
-86.5873	-2.94281	985.291	0	
102.5	-1.03479	993.882	0	
102.828	-2.00504	1012.89	0	
95	-0.792406	1017.17	0	
95.4356	-2.07688	1015.14	0	
76.2125	-3.24559	1005.65	0	
84.375	-3.34884	997.903	0	
88.2444	-2.06993	1010.22	0	
80.0336	-3.07092	1008.7	0	
84.7917	-2.01633	1003.1	0	
75.8672	-5.94785	1012.23	0	
75.4113	-1.78555	1000.54	0	
75.2749	-2.84652	1002.87	0	
67.5	-1.02905	1005.83	0	
69.2655	-2.19037	1000.31	0	
52.4625	-3.24559	1001.73	0	
49.8642	-5.74538	1010.58	0	
61.9944	-2.06993	1006.55	0	
46.7349	-8.22246	1019.59	0	
52.0038	-5.42835	1010.77	0	
62.0425	-4.4054	1005.34	0	
51.6613	-1.78555	990.219	0	
51.5249	-2.84652	994.324	0	
21.2125	-3.24559	1032.25	0	
107.75	-4.43486	1009.57	0	
20.4113	-1.78555	1040.94	0	
20.2749	-2.84652	1024.82	0	
12.5	-1.02905	1038.38	0	
14.2655	-2.19037	1071.15	0	
6.20541	-2.8545	1085.19	0	
9.66268	-2.94281	1068.65	0	
154.161	-1.78555	1010.92	0	
154.025	-2.84652	1008.61	0	
152.292	-2.01633	1006.97	0	
139.039	-4.35802	992.012	0	
137.911	-1.78555	1002.02	0	
137.775	-2.84652	998.874	0	
116.213	-3.24559	998.01	0	
154.963	-3.24559	1006.74	0	
115.411	-1.78555	992.719	0	
115.275	-2.84652	991.404	0	
107.292	-2.01633	1003.09	0	
109.247	-3.78292	1002.43	0	
-140.037	-3.24559	1013.12	0	
-71.0826	-3.79821	998.11	0	
-124.589	-1.78555	1007.28	0	
-124.725	-2.84652	996.281	0	
-92.8202	-2.91409	994.568	0	
-85.2083	-2.01633	980.916	0	
-97.684	-1.75189	999.796	0	
-98.5173	-2.05915	1006.05	0	
-152.708	-2.01633	1004.79	0	
-145.211	-4.15655	998.81	0	
-23.5826	-3.79821	1038.33	0	
3.37811	-4.98343	1042.85	0	
-28.3387	-1.78555	1022.44	0	
-28.4751	-2.84652	1020.27	0	
3.42981	-2.91409	1087.18	0	
11.0417	-2.01633	1063.67	0	
-1.43402	-1.75189	1032.66	0	
-2.26735	-2.05915	1025.09	0	
-48.9583	-3.47328	995.425	0	
-47.6197	-4.31165	997.231	0	
-88.4261	-3.92482	987.894	0	
-92.8719	-4.98343	991.792	0	
-83.3387	-1.78555	987.509	0	
-83.4751	-2.84652	988.886	0	
99.6798	-2.91409	1005.67	0	
107.753	-2.80091	996.725	0	
94.816	-1.75189	1008.05	0	
93.9827	-2.05915	1013.41	0	
72.6674	-3.79821	1008.54	0	
120.167	-3.79821	993.425	0	
67.9113	-1.78555	1002.12	0	
67.7749	-2.84652	1008.41	0	
47.2917	-3.47328	989.573	0	
50.1448	-3.88818	1001.52	0	
17.6674	-3.79821	1054.59	0	
-0.0374544	-3.24559	1044.15	0	
12.9113	-1.78555	1084.01	0	
12.7749	-2.84652	1068.4	0	
148.483	-4.32001	1005.91	0	
187.308	-1.93891	1060.38	0	
147.862	-1.54577	1023.67	0	
148.712	-3.13655	1007.8	0	
133.929	-3.08731	992.95	0	
138.713	-3.24559	1002.14	0	
90.6555	-3.51902	1011.18	0	
102.455	-2.8545	1005.94	0	
-152.829	-5.21478	1019.79	0	
-131.801	-4.25718	1000.76	0	
-122.157	-4.23242	1003.3	0	
-96.2875	-3.24559	998.86	0	
-46.1052	-3.88818	996.561	0	
-35.5505	-4.25718	993.056	0	
-25.9071	-4.23242	1024.37	0	
13.7125	-3.24559	1078.69	0	
-100.639	-4.06622	992.169	0	
-82.5375	-3.24559	995.767	0	
48.6303	-4.31165	1001.64	0	
96.2125	-3.24559	1010.74	0	
60.6995	-4.25718	1003.77	0	
70.3429	-4.23242	1009.68	0	
-4.38926	-4.06622	1047.53	0	
7.82395	-3.92482	1066.24	0	
146.42	-3.14785	1006.67	0	
147.178	-4.41078	1001.51	0	
34.7917	-2.72654	987.97	0	
33.9583	-2.72654	1002.44	0	
126.034	-3.06466	986.885	0	
126.041	-5.36183	1002.62	0	
-147.837	-2.94281	1000.23	0	
-142.682	-2.77243	1013.46	0	
-160.208	-1.16463	937.891	0	
-201.338	-10.2031	1032.34	0	
-153.958	-2.72654	1009.91	0	
-152.247	-2.80091	994.585	0	
-156.042	-3.47328	1010.82	0	
-156.458	-2.72654	993.599	0	
-52.8373	-2.94281	991.026	0	
-49.7917	-3.47328	988.656	0	
-58.9583	-2.72654	993.644	0	
-57.7083	-2.01633	991.307	0	
-56.2946	-2.8545	988.356	0	
-57.2473	-2.80091	982.71	0	
-65.2159	-3.06466	989.911	0	
-65.2085	-5.36053	989.335	0	
-72.7159	-3.06466	999.489	0	
-69.5113	-3.00667	993.944	0	
43.4127	-2.94281	987.289	0	
46.4583	-3.47328	988.094	0	
36.0417	-2.01633	983.672	0	
32.5816	-3.68836	1003.03	0	
32.1798	-2.91409	984.18	0	
36.4583	-2.72654	996.463	0	
23.5341	-3.06466	1016.19	0	
26.7387	-3.00667	1012.49	0	
118.534	-3.06466	988.085	0	
121.739	-3.00667	987.162	0	
-121.466	-3.06466	996.88	0	
-118.261	-3.00667	999.154	0	
-93.9659	-3.06466	994.812	0	
-93.9594	-5.36183	991.614	0	
-109.003	-2.80091	1005.33	0	
-107.247	-2.80091	1006.26	0	
-146.042	-2.72654	1007.06	0	
-147.44	-3.72538	999.03	0	
-25.2159	-3.06466	1024.52	0	
-22.0113	-3.00667	1034.17	0	
2.28409	-3.06466	1039.49	0	
2.29056	-5.36183	956.935	0	
-12.7527	-2.80091	1031.47	0	
-10.9973	-2.80091	1042.24	0	
-48.9583	-2.01633	989.655	0	
-45.7613	-3.00667	993.552	0	
-52.44	-3.72538	993.734	0	
-48.5417	-2.72654	984.035	0	
-80.2159	-3.06466	1003.98	0	
-77.0113	-3.00667	1003.54	0	
98.5341	-3.06466	1006.15	0	
98.5406	-5.36183	1010.02	0	
83.4973	-2.80091	1003.56	0	
85.2527	-2.80091	1003.09	0	
71.0341	-3.06466	1000.21	0	
74.2387	-3.00667	1006.78	0	
47.2917	-2.01633	969.025	0	
50.4887	-3.00667	995.156	0	
43.81	-3.72538	993.731	0	
47.7083	-2.72654	980.334	0	
16.0341	-3.06466	1061.02	0	
19.2387	-3.00667	1041.45	0	
151.132	-3.93062	1011.93	0	
152.989	-3.00667	1013.94	0	
111.032	-2.99641	996.085	0	
114.239	-3.00667	995.589	0	
-87.7179	-2.99641	992.545	0	
-84.5113	-3.00667	993.108	0	
8.53206	-2.99641	1081.19	0	
11.7387	-3.00667	1083.26	0	
104.782	-2.99641	1008.48	0	
102.997	-3.78292	1014.22	0	
-143.54	-2.72962	1019.32	0	
-140.951	-3.13784	1016.31	0	
-99.9558	-2.85377	1004.13	0	
-97.2008	-3.13784	1003.01	0	
-3.70582	-2.85377	1020.22	0	
-0.950756	-3.13784	1055.35	0	
92.5442	-2.85377	1011.15	0	
95.2992	-3.13784	1009.52	0	
41.5739	-3.92482	998.999	0	
46.0417	-2.72654	979.932	0	
127.582	-3.68916	994.475	0	
132.502	-3.08731	988.054	0	
127.128	-4.98343	1000.04	0	
128.572	-3.57598	991.575	0	
-152.662	-3.55114	1013.4	0	
-152.231	-4.40508	1010.23	0	
-159.148	-3.04538	960.997	0	
-165.564	-17.3854	983.937	0	
-154.373	-3.97501	1018.98	0	
-150.753	-3.78292	997.677	0	
-160.293	-8.30276	1012.72	0	
-155.208	-3.47328	1010.31	0	
-158.057	-10.316	1023.19	0	
-143.957	-3.47621	1004.29	0	
-58.5398	-3.47677	990.363	0	
-57.2309	-4.40508	996.96	0	
-61.4583	-2.72654	990.561	0	
-57.6621	-3.55114	995.298	0	
-62.7232	-3.50081	997.255	0	
-55.7527	-3.78292	990.242	0	
-64.0702	-2.91409	996.902	0	
-63.6684	-3.68836	992.416	0	
-61.8899	-3.99904	994.836	0	
-60.2083	-3.47328	993.112	0	
-72.8478	-5.56717	1004.39	0	
-69.264	-5.46522	986.509	0	
39.9554	-2.8545	983.16	0	
39.0191	-4.40508	1004.69	0	
37.2917	-2.72654	985.94	0	
38.5879	-3.55114	989.612	0	
34.3601	-3.99904	1000.39	0	
37.7102	-3.47677	996.609	0	
35.2083	-3.47328	998.257	0	
33.5268	-3.50081	988.136	0	
23.4022	-5.56717	1034.41	0	
26.986	-5.46522	1019.57	0	
118.402	-5.56717	1005.82	0	
114.489	-5.47929	1013	0	
-121.598	-5.56717	1007.55	0	
-125.6	-5.31383	1002.24	0	
-92.4178	-3.68916	992.194	0	
-89.5027	-3.78292	992.631	0	
-90.9952	-4.42757	992.268	0	
-86.1036	-3.83222	995.712	0	
-109.687	-5.39772	989.702	0	
-106.295	-2.8545	1001.77	0	
-110.64	-4.06799	998.707	0	
-98.2818	-3.59669	997.321	0	
-146.478	-3.50911	1000.41	0	
-141.985	-3.52613	1013.12	0	
-25.3478	-5.56717	1041.08	0	
-29.3495	-5.31383	1017.99	0	
3.83223	-3.68916	1026.91	0	
6.7473	-3.78292	1052.3	0	
5.25478	-4.42757	1018.5	0	
10.1464	-3.83222	1067.97	0	
-13.4371	-5.39772	1064.6	0	
-10.0446	-2.8545	1015.96	0	
-14.3898	-4.06799	1055.14	0	
-2.03178	-3.59669	1011.31	0	
-51.4777	-3.50911	996.172	0	
-47.7083	-2.72654	993.139	0	
-51.0637	-4.19254	995.617	0	
-47.2189	-3.60804	991.485	0	
-80.3478	-5.56717	1011.7	0	
-84.2613	-5.47929	995.198	0	
100.082	-3.68916	1010.55	0	
112.646	-3.83222	1003.22	0	
110.324	-3.92482	1001.62	0	
107.317	-3.58364	1008.12	0	
82.8129	-5.39772	995.077	0	
86.2054	-2.8545	1007.94	0	
81.8602	-4.06799	1009.75	0	
94.2182	-3.59669	1010.51	0	
70.9022	-5.56717	1011.98	0	
66.9005	-5.31383	1011.1	0	
44.7723	-3.50911	992.313	0	
48.5417	-2.72654	984.061	0	
45.1863	-4.19254	997.365	0	
49.0311	-3.60804	996.333	0	
15.9022	-5.56717	1070.54	0	
11.9887	-5.47929	1047.88	0	
108.705	-2.8545	997.043	0	
101.072	-3.57598	1007.97	0	
-91.4282	-3.57598	991.501	0	
-94.651	-4.21812	994.451	0	
4.82178	-3.57598	1071.01	0	
1.59897	-4.21812	1053.98	0	
105.913	-2.94281	1011.28	0	
106.31	-3.72554	1008.43	0	
97.849	-4.21812	1009.49	0	
101.505	-4.42757	1013.5	0	
-144.792	-3.47313	1010.11	0	
-146.064	-4.19253	1001.05	0	
-103.124	-4.43041	984.659	0	
-108.125	-4.73217	995.56	0	
-6.87403	-4.43041	1041.67	0	
-11.875	-4.73217	1062.27	0	
89.376	-4.43041	996.749	0	
84.375	-4.73217	1007	0	
121.393	-3.89079	996.366	0	
143.936	-3.97268	996.155	0	
125.349	-4.21812	997.204	0	
129.043	-4.50658	998.317	0	
-154.834	-5.62943	1028.82	0	
-149.676	-3.92482	1005.46	0	
-156.465	-4.16242	1015.37	0	
-88.4597	-6.17559	986.669	0	
-157.746	-3.54331	993.137	0	
-157.336	-4.23245	1019.68	0	
-155.953	-5.20944	1028.24	0	
-151.274	-4.58327	1013.78	0	
-87.8931	-5.00841	995.075	0	
-54.6761	-3.92482	998.023	0	
-59.3731	-3.97501	997.803	0	
7.79028	-6.17559	1002.84	0	
-65.9011	-4.21822	998.767	0	
-59.3047	-5.11624	1002.73	0	
-64.1215	-4.98124	1001.4	0	
-60.5387	-5.90518	1000.63	0	
8.35687	-5.00841	1028.56	0	
92.527	-5.11846	1006.77	0	
30.3489	-4.21822	995.775	0	
32.1285	-4.98124	994.648	0	
36.0417	-3.47328	990.828	0	
34.378	-5.06466	998.124	0	
35.7113	-5.90518	1006.62	0	
36.8769	-3.97501	998.892	0	
-101.844	-3.51902	1001.25	0	
-99.973	-5.11846	988.653	0	
-145.501	-5.7656	994.245	0	
-69.8571	-3.89079	998.646	0	
-156.677	-7.51666	1031.46	0	
-49.707	-5.1949	1000.33	0	
-148.977	-5.20289	999.844	0	
-147.813	-5.59213	1003.97	0	
-5.59449	-3.51902	1011.36	0	
-3.72305	-5.11846	961.708	0	
-56.2742	-4.58327	1000.35	0	
26.3929	-3.89079	1003.48	0	
-39.9676	-3.06872	1002.71	0	
46.543	-5.1949	1004.6	0	
-53.9766	-5.20289	999.687	0	
-50.211	-4.15672	999.474	0	
-55.8234	-5.70833	1001.5	0	
-48.5258	-4.17689	993.658	0	
-52.8132	-5.59213	1009.83	0	
-47.2738	-5.38006	996.968	0	
91.8607	-4.06622	1003.11	0	
105.879	-5.0575	1014.53	0	
36.9453	-5.11624	1002.16	0	
130.158	-4.945	1002.53	0	
56.2824	-3.06872	1000.84	0	
110.29	-6.17488	1014.23	0	
42.2734	-5.20289	1006.01	0	
46.039	-4.15672	999.297	0	
40.4266	-5.70833	1007.4	0	
47.7242	-4.17689	999.536	0	
39.9758	-4.58327	1000.78	0	
48.9762	-5.38006	1007.81	0	
-90.0224	-4.58092	990.153	0	
-89.5124	-5.89001	991.735	0	
6.22758	-4.58092	1032.4	0	
6.73765	-5.89001	980.812	0	
102.928	-5.70651	1016.62	0	
107.848	-6.54104	1017.26	0	
104.074	-3.92482	1014.86	0	
104.773	-5.20318	1016.01	0	
99.6281	-4.98343	1011.33	0	
102.478	-4.58092	1012.71	0	
-150.823	-5.70833	1008.16	0	
-143.779	-5.33843	993.319	0	
76.6284	-4.52398	1009.27	0	
144.244	-11.4317	991.143	0	
128.127	-5.50143	1004.05	0	
128.872	-6.93342	1011.42	0	
-158.777	-5.20944	1011.14	0	
-143.448	-4.30353	1004.9	0	
-161.732	-2.79975	964.637	0	
-207.299	-15.0218	1034.77	0	
-182.365	-35.5359	974.896	0	
-79.1691	-5.28353	1006.83	0	
-150.997	-8.59138	1020.67	0	
-57.1302	-6.3947	1006.02	0	
-61.872	-5.06466	1002.81	0	
-58.0402	-5.47194	1002.02	0	
-115.872	-4.52398	1003.37	0	
17.0809	-5.28353	1058.23	0	
-19.6216	-4.52398	1076.87	0	
108.728	-4.58055	1008.88	0	
38.2098	-5.47194	1003.19	0	
43.4368	-5.59213	1010.92	0	
-139.58	-4.60081	989.805	0	
-145.691	-7.03602	998.127	0	
-96.7489	-6.89898	979.099	0	
-97.1496	-5.26597	985.784	0	
-149.602	-6.18605	1010.21	0	
-134.449	-4.25718	991.01	0	
-31.5017	-4.16217	1004.63	0	
39.1198	-6.3947	1015.71	0	
-0.498874	-6.89898	867.043	0	
-0.89962	-5.26597	954.232	0	
-70.5474	-6.44535	998.617	0	
-54.6024	-6.18605	1010.5	0	
-52.4014	-4.79453	998.95	0	
-51.4417	-5.03664	1002.79	0	
-52.0429	-7.10465	1005.4	0	
-50.5017	-5.76581	1002.98	0	
-54.1682	-7.76797	1007.74	0	
-36.3389	-2.93321	1011.25	0	
-48.8551	-5.21507	999.69	0	
-48.0926	-6.0103	1001.16	0	
64.7483	-4.16217	1007.18	0	
110.857	-5.00834	1009.96	0	
95.7511	-6.89898	1009.16	0	
95.3504	-5.26597	1008.53	0	
25.7026	-6.44535	1020.93	0	
41.6476	-6.18605	1012.92	0	
43.8486	-4.79453	1002.23	0	
44.8083	-5.03664	1003.81	0	
44.2071	-7.10465	1013.09	0	
45.7483	-5.76581	1010.64	0	
42.0818	-7.76797	1013.42	0	
59.9111	-2.93321	1005.67	0	
47.3949	-5.21507	1006.78	0	
48.1574	-6.0103	1011.95	0	
-91.9104	-5.42242	989.47	0	
-90.925	-6.50437	991.062	0	
4.33964	-5.42242	975.869	0	
5.32497	-6.50437	905.741	0	
106.858	-5.46739	1013.66	0	
109.237	-5.889	1013.25	0	
45.559	-7.03622	1015.16	0	
104.147	-6.18687	1016.78	0	
100.59	-5.42242	1012.14	0	
100.817	-6.41692	1014.64	0	
-147.401	-4.79453	998.557	0	
-146.442	-5.03663	1000.33	0	
-147.043	-7.10465	997.977	0	
-144.707	-5.19453	1001.4	0	
-149.168	-7.76797	1007.82	0	
-132.589	-2.93321	1002.47	0	
-154.178	-7.28627	1028.2	0	
-151.919	-6.13754	1020.45	0	
-67.2642	-6.91889	981.797	0	
-50.691	-7.03622	1012.29	0	
28.9858	-6.91889	1022.16	0	
57.9209	-9.10125	984.672	0	
-165.569	-3.72058	963.044	0	
-124.19	-5.40086	1002.92	0	
-65.8105	-6.63734	997.45	0	
-38.3291	-9.10125	975.777	0	
-59.0799	-8.70786	1003.21	0	
-25.746	-9.39498	1065.06	0	
-36.875	-5.27905	981.608	0	
-45.618	-4.95711	993.771	0	
30.4395	-6.63734	1006.18	0	
104.619	-8.07335	1018.46	0	
37.1701	-8.70786	1023.3	0	
121.986	-5.46522	1003.94	0	
59.375	-5.27905	999.537	0	
50.632	-4.95711	1005.9	0	
-100.432	-7.15932	969.911	0	
-118.014	-5.46522	1004.64	0	
-4.18243	-7.15932	899.461	0	
-21.764	-5.46522	1069.94	0	
101.373	-10.8863	1010.81	0	
97.6668	-7.08742	1010.18	0	
74.486	-5.46522	1010.08	0	
92.0676	-7.15932	1007.08	0	
-142.782	-6.56075	994.713	0	
-142.334	-4.31064	998.961	0	
-152.527	-7.43868	1024.53	0	
-121.996	-9.39498	1015.62	0	
-136.218	-3.06872	1002.62	0	
-128.568	-3.08143	998.853	0	
-38.1995	-4.25718	1000.17	0	
-32.318	-3.08143	1005.15	0	
58.0505	-4.25718	1004.75	0	
63.932	-3.08143	1001.66	0	
133.106	-6.04794	1000.26	0	
130.428	-6.60412	1005.08	0	
123.985	-6.91734	1011.52	0	
150.848	-20.0464	982.205	0	
-155.18	-8.32445	1034.86	0	
-52.0799	-10.5411	1011.83	0	
-40.8588	-5.44334	982.933	0	
-43.3792	-4.50999	987.813	0	
55.3912	-5.44334	1000.42	0	
52.8708	-4.50999	1002.82	0	
-87.5848	-7.52916	996.535	0	
-84.8609	-3.89608	993.848	0	
8.66524	-7.52916	877.037	0	
11.3891	-3.89608	1057.8	0	
120.703	-6.44535	1011.11	0	
113.889	-3.89608	1003.25	0	
-94.8332	-7.08742	978.599	0	
-127.752	-4.16217	998.163	0	
-136.015	-9.53859	985.93	0	
-118.607	-3.89079	1000.21	0	
-44.375	-6.99919	1000.68	0	
-22.3571	-3.89079	1037.78	0	
-42.8302	-8.44515	980.023	0	
-40.8536	-7.44458	997.423	0	
51.875	-6.99919	1007.05	0	
73.8929	-3.89079	1007.42	0	
53.4198	-8.44515	1004.47	0	
55.3964	-7.44458	996.935	0	
-45.8903	-7.18841	995.237	0	
-48.1439	-7.56208	1004.99	0	
50.3597	-7.18841	1012.05	0	
48.1061	-7.56208	1014.27	0	
-141.655	-10.9683	976.319	0	
-134.129	-6.10622	993.86	0	
-52.772	-8.29733	1019.81	0	
-46.8296	-8.37487	1008.24	0	
43.478	-8.29733	1021.85	0	
49.4204	-8.37487	1015.81	0	
-164	-0.842706	957.074	0	
-160.19	-2.6252	997.52	0	
-171.26	-1.12398	958.429	0	
-163.118	-4.25546	1000.96	0	
157.984	-3.31993	993.9	0	
162.75	-0.842706	959.959	0	
160.879	-2.92373	967.278	0	
162.233	-4.81544	969.851	0	
149.806	-4.94504	996.727	0	
157.495	-4.95032	989.769	0	
136.186	-4.14103	997.024	0	
140.456	-4.52612	999.559	0	
-73.4071	-4.23242	1005.35	0	
-71.6691	-5.28353	996.612	0	
-80.4167	-10.3326	1009.93	0	
-64.8646	-8.3096	986.273	0	
-77.3571	-3.89079	1010.05	0	
-74.2262	-6.72899	1010.19	0	
22.8429	-4.23242	1024.65	0	
24.5809	-5.28353	1017.14	0	
15.8333	-10.3326	895.828	0	
31.3854	-8.3096	1020.91	0	
18.8929	-3.89079	1039.72	0	
22.0238	-6.72899	1024.75	0	
117.843	-4.23242	1002.75	0	
119.581	-5.28353	1003.32	0	
112.877	-7.50462	1018.23	0	
125.437	-6.63718	1010.96	0	
111.164	-7.52928	1018.91	0	
117.03	-6.73778	1018.91	0	
-120.419	-5.28353	1004.26	0	
-119.297	-6.44535	1010.87	0	
-147.08	-10.5411	999.492	0	
-106.019	-7.46803	976.377	0	
-144.559	-9.99967	998.231	0	
-147.772	-8.29733	1006.1	0	
-24.1691	-5.28353	1049.56	0	
-23.0474	-6.44535	1059.41	0	
1.41684	-7.08742	892.804	0	
-9.76913	-7.46803	985.101	0	
-27.9404	-5.40086	1020.07	0	
-23.5704	-9.08967	1072.71	0	
-80.9071	-4.23242	1003.69	0	
-78.0474	-6.44535	1021.46	0	
-74.2388	-9.20929	958.48	0	
-76.764	-5.46522	1007.27	0	
-81.7196	-6.73778	1008.47	0	
-82.2148	-8.98906	973.703	0	
72.0809	-5.28353	1010.49	0	
73.2026	-6.44535	1009.8	0	
102.182	-6.54766	1014.72	0	
86.4809	-7.46803	1004.82	0	
68.3096	-5.40086	1011.5	0	
93.8488	-8.33358	1003.21	0	
15.3429	-4.23242	1064.73	0	
18.2026	-6.44535	1043.72	0	
22.0112	-9.20929	1061.4	0	
19.486	-5.46522	1053.53	0	
14.5304	-6.73778	989.977	0	
14.0352	-8.98906	984.15	0	
112.049	-4.96932	1009.82	0	
113.194	-6.11121	1016.42	0	
107.957	-10.0357	1019.11	0	
114.373	-9.53907	1022.83	0	
-86.7013	-4.9694	989.853	0	
-85.556	-6.11128	1001.02	0	
-85.8729	-7.50385	982.845	0	
-84.3782	-9.53722	1000.22	0	
9.54871	-4.9694	1046.86	0	
10.694	-6.11128	1003.73	0	
10.3771	-7.50385	968.244	0	
11.8718	-9.53722	813.254	0	
132.08	-7.47425	1014.48	0	
134.746	-4.16808	993.857	0	
124.075	-4.31071	999.935	0	
123.313	-5.73457	1006.07	0	
-67.1755	-4.31081	987.97	0	
-67.9367	-5.73467	999.597	0	
29.0745	-4.31081	1008.97	0	
28.3133	-5.73467	1003.37	0	
-95.9255	-4.31071	997.737	0	
-98.5926	-4.6597	990.015	0	
-103.786	-7.04865	971.702	0	
-106.563	-5.39772	980.085	0	
0.324502	-4.31071	1024.86	0	
-2.3426	-4.6597	1034.76	0	
-7.5359	-7.04865	944.249	0	
-10.3129	-5.39772	1018.78	0	
96.5745	-4.31071	1008.8	0	
93.9074	-4.6597	1004.82	0	
88.7141	-7.04865	1006.46	0	
103.633	-8.96714	1014.07	0	
-62.0477	-8.8546	998.691	0	
34.2023	-8.8546	1018.15	0	
-65.6604	-12.2385	967.594	0	
44.1701	-10.5411	1021.56	0	
-43.9291	-11.1429	1025.38	0	
106.762	-8.25621	1016.62	0	
40.691	-8.79126	1024.13	0	
126.259	-8.10539	1015.64	0	
30.5896	-12.2385	1028.83	0	
128.121	-8.37598	1017.13	0	
98.349	-8.47005	1009.72	0	
102.415	-7.9218	1015.75	0	
-155.111	-10.7469	1027.18	0	
-60.5733	-7.64358	1003.14	0	
138.321	-5.52235	999.081	0	
152.541	-4.03078	1002.93	0	
-138.552	-9.35636	987.411	0	
-137.06	-5.53416	984.171	0	
-129.996	-3.08143	1001.11	0	
-129.047	-6.04201	996.76	0	
-33.7459	-3.08143	998.772	0	
-32.7973	-6.04201	996.285	0	
62.5041	-3.08143	999.86	0	
63.4527	-6.04201	996.06	0	
131.229	-11.2697	1022.21	0	
151.99	-6.88415	992.888	0	
136.941	-5.40234	995.375	0	
141.133	-5.9764	989.98	0	
-74.6816	-4.325	1008.95	0	
-75.4428	-5.74886	1010.92	0	
21.5684	-4.325	1034.85	0	
20.8072	-5.74886	1045.45	0	
116.568	-4.325	1007.9	0	
115.814	-5.75765	1010.65	0	
-123.432	-4.325	1005.03	0	
-126.314	-4.14101	995.082	0	
-115.576	-8.16642	1004.39	0	
-113.246	-5.34905	996.475	0	
-27.1816	-4.325	1024.66	0	
-30.0644	-4.14101	1005.11	0	
-19.3257	-8.16642	1092.32	0	
-16.996	-5.34905	1059.44	0	
-82.1816	-4.325	1005.01	0	
-82.9362	-5.75765	1002.76	0	
69.0684	-4.325	1013.39	0	
66.1856	-4.14101	1012.29	0	
76.9243	-8.16642	998.895	0	
79.254	-5.34905	1011.75	0	
14.0684	-4.325	1059.35	0	
13.3138	-5.75765	1066.67	0	
105.405	-12.0508	1004.7	0	
116.536	-8.99008	1016.87	0	
-93.9774	-8.66503	983.274	0	
-91.6041	-8.13534	974.372	0	
2.27255	-8.66503	678.098	0	
4.64589	-8.13534	746.888	0	
129.195	-10.2093	1019.26	0	
146.046	-6.10183	992.707	0	
134.488	-5.91521	1001.28	0	
135.867	-6.69788	1001.03	0	
121.43	-8.68418	1013.6	0	
123.385	-8.88682	1016.44	0	
-69.8214	-8.68669	959.686	0	
-67.8655	-8.89079	988.435	0	
26.4286	-8.68669	1040.75	0	
28.3845	-8.89079	1023.09	0	
-66.1145	-9.89368	990.545	0	
-95.0051	-12.6851	966.72	0	
-55.559	-8.79126	1014.42	0	
1.24494	-12.6851	275.31	0	
85.9371	-5.39772	998.182	0	
70.504	-9.39498	997.513	0	
99.9643	-7.8529	1012.94	0	
101.084	-8.78437	1012.8	0	
-119.82	-9.08967	1005.77	0	
-122.652	-7.0343	1005.6	0	
-127.769	-5.79877	995.863	0	
-125.499	-7.54635	1004.51	0	
-48.3872	-12.3828	1016	0	
-26.4019	-7.0343	1045.86	0	
-31.5194	-5.79877	1007.21	0	
-29.2492	-7.54635	1024.47	0	
47.8628	-12.3828	1026.61	0	
69.8481	-7.0343	1006.03	0	
64.7306	-5.79877	1007.04	0	
67.0008	-7.54635	998.551	0	
140.302	-7.00568	995.895	0	
142.7	-6.86574	991.6	0	
125.012	-9.68556	1021.8	0	
195.519	-2.32667	1076.09	0	
-98.6512	-8.33358	969.375	0	
35.6767	-7.64358	1008.7	0	
-2.40124	-8.33358	710.785	0	
103.223	-11.1651	1012.71	0	
72.6796	-9.08967	1001.17	0	
95.07	-11.0041	1008.21	0	
-136.973	-6.98397	987.51	0	
-135.349	-7.69153	979.442	0	
-32.1235	-10.677	1023.93	0	
-33.5046	-8.27657	1006.71	0	
64.1265	-10.677	972.699	0	
97.6545	-10.9522	1007.17	0	
80.0504	-6.99449	996.439	0	
151.079	-11.5903	979.007	0	
-78.2205	-8.73643	971.52	0	
30.1355	-9.89368	1022.35	0	
8.79112	-11.9339	505.33	0	
110.443	-9.50362	1020.13	0	
-126.434	-6.49884	999.752	0	
-123.97	-6.77541	1006.56	0	
-30.1836	-6.49884	1013.44	0	
-27.72	-6.77541	1033.83	0	
66.0664	-6.49884	1009.56	0	
68.53	-6.77541	1011.27	0	
150.025	-6.43618	1000.74	0	
153.18	-5.49318	1003.92	0	
147.57	-7.50219	986.735	0	
142.406	-9.04296	994.812	0	
-113.344	-8.75328	992.186	0	
-118.411	-11.2883	1012.83	0	
-114.541	-4.53464	1003.43	0	
-111.901	-4.28441	1000.24	0	
-17.0944	-8.75328	1006.84	0	
-21.2298	-10.3281	1013.02	0	
-18.2907	-4.53464	1065.35	0	
-15.6508	-4.28441	1075.19	0	
79.1556	-8.75328	1012.96	0	
75.0202	-10.3281	1004.89	0	
77.9593	-4.53464	1007.03	0	
80.5992	-4.28441	1001.55	0	
-63.1585	-5.8593	995.406	0	
-63.2996	-7.91085	998.428	0	
33.0915	-5.8593	1007.45	0	
32.9504	-7.91085	1008.15	0	
-205.568	-32.9721	1004.75	0	
-158.17	-8.54355	1031.13	0	
-42.0494	-4.51844	995.735	0	
-39.5061	-4.39269	994.417	0	
54.2006	-4.51844	1004.92	0	
56.7439	-4.39269	1002.18	0	
-138.25	-4.60927	1001.66	0	
-135.756	-4.39269	999.39	0	
132.732	-9.94285	1013.71	0	
140.759	-8.90393	996.464	0	
-131.823	-7.75398	993.618	0	
-88.3496	-9.59591	970.574	0	
-29.7584	-9.79585	1047.08	0	
7.90043	-9.59591	684.742	0	
62.7454	-8.27657	989.827	0	
52.3209	-11.1429	1000.62	0	
86.5779	-13.8833	980.692	0	
208.99	-5.28426	1096.85	0	
-59.5306	-11.2795	1005.87	0	
-57.3001	-7.89572	1007.84	0	
36.7194	-11.2795	1018.2	0	
38.9499	-7.89572	1010.85	0	
138.907	-6.71973	994.004	0	
136.37	-8.16582	1002.87	0	
138.03	-8.06765	1001.26	0	
139.214	-9.60327	999.323	0	
134.987	-10.2845	1016.81	0	
161.413	-6.92918	976.074	0	
119.235	-10.2813	1027.85	0	
95.7393	-17.4777	996.201	0	
-50.1748	-10.5347	1023.11	0	
-46.4132	-10.8834	1005.46	0	
46.0752	-10.5347	1020.66	0	
49.8368	-10.8834	1010.62	0	
-176.012	-1.34606	970.116	0	
-160.335	-6.5477	1025.1	0	
-161.831	-10.7403	1015.15	0	
-188.999	-19.3034	993.335	0	
158.946	-6.83953	985.656	0	
170.01	-1.12398	986.492	0	
-87.4589	-11.9339	990.538	0	
99.5587	-12.4369	1002.16	0	
18.0295	-8.73643	1042.95	0	
4.49832	-12.069	440.065	0	
-153.134	-12.2646	1026.46	0	
-148.55	-12.2522	1015.26	0	
-121.489	-14.4624	1013.89	0	
-126.008	-9.79585	1003.89	0	
104.932	-18.5916	981.94	0	
112.453	-11.0673	1017.72	0	
-91.7517	-12.069	970.657	0	
-71.535	-10.5118	998.5	0	
5.3409	-14.035	287.008	0	
24.715	-10.5118	1025.02	0	
-112.45	-6.99449	996.786	0	
-129.168	-15.7527	1001.08	0	
-16.1996	-6.99449	1089.61	0	
-27.5734	-11.3856	1025.2	0	
-144.852	-16.8136	995.006	0	
-124.741	-12.1163	1012.55	0	
-37.2846	-13.6039	1042.93	0	
-6.7017	-12.0229	518.07	0	
66.4916	-9.79585	988.904	0	
58.9654	-13.6039	972.323	0	
112.419	-14.9051	1004.9	0	
127.849	-11.938	1024.11	0	
147.347	-10.4774	995.815	0	
153.266	-9.06305	997.622	0	
-122.779	-11.9203	1005.11	0	
-102.474	-8.42323	966.488	0	
-20.7162	-13.563	977.874	0	
-6.22447	-8.42323	752.877	0	
75.5338	-13.563	979.145	0	
90.0255	-8.42323	996.029	0	
68.6766	-11.3856	985.307	0	
136.037	-12.2238	1009.1	0	
-61.6144	-11.5018	987.76	0	
-55.5379	-10.963	1011.33	0	
34.6356	-11.5018	1030.96	0	
40.7121	-10.963	1022.77	0	
128.852	-14.5637	1022.64	0	
235.957	-15.9774	1050.53	0	
-178.777	-2.9619	956.284	0	
-162.755	-6.23594	989.055	0	
-156.495	-11.7116	1028.29	0	
-221.912	-14.5162	1055.66	0	
-169.141	-4.00209	960.678	0	
-167.19	-4.8303	973.536	0	
164.287	-4.15658	959.94	0	
166.707	-4.43785	974.975	0	
155.354	-8.54876	991.833	0	
132.793	-16.0264	1019.81	0	
-53.4549	-12.1835	1024.62	0	
-9.67296	-13.8421	343.058	0	
42.7951	-12.1835	1032.5	0	
33.1604	-13.2995	1020.47	0	
-53.1756	-15.7705	1024.21	0	
-138.938	-7.6289	978.884	0	
-134.594	-10.3937	982.467	0	
-155.484	-17.2341	1018.94	0	
-127.52	-14.6602	1009.92	0	
-47.7993	-19.2086	1018.69	0	
-31.0758	-17.4153	981.295	0	
48.4507	-19.2086	1033.99	0	
65.1742	-17.4153	980.874	0	
131.221	-14.31	1023.36	0	
153.572	-16.0839	1001.13	0	
-157.266	-14.2011	1019.32	0	
43.0744	-15.7705	1032.82	0	
11.0506	-11.9005	671.931	0	
89.5492	-12.064	1014.53	0	
125.528	-11.6848	1020.59	0	
119.86	-13.8177	1012.33	0	
-167.135	-7.23969	966.547	0	
-192.539	-4.26558	1026.64	0	
-133.857	-13.0595	1001.71	0	
-129.198	-9.41262	999.111	0	
-228.19	-24.6897	1021.29	0	
-128.413	-13.1119	999.281	0	
-132.411	-9.49708	992.536	0	
-132.552	-6.10622	985.326	0	
-166.307	-13.5038	997.947	0	
-108.605	-11.4398	963.842	0	
-130.943	-10.541	994.367	0	
-129.662	-7.54154	991.559	0	
-131.112	-14.0765	994.282	0	
-127.757	-10.8627	1004.52	0	
-135.282	-19.8734	1015.87	0	
-102.952	-12.0229	956.529	0	
-130.381	-12.4546	1001.69	0	
-128.544	-17.3008	1015.18	0	
-148.258	-15.1857	1012.65	0	
-3.6662	-13.8175	169.225	0	
-125.443	-18.0933	1006.34	0	
-125.597	-14.7313	1004.86	0	
-62.6835	-17.1843	983.25	0	
-85.1994	-11.9005	970.176	0	
-124.144	-16.6164	1016.12	0	
-121.999	-16.5434	1006.1	0	
-91.6409	-16.373	973.18	0	
-70.7541	-13.472	940.905	0	
4.6091	-16.373	131.897	0	
25.4959	-13.472	1002.02	0	
-110.152	-7.25958	985.397	0	
-116.205	-10.7321	996.417	0	
-13.9017	-7.25958	1027.2	0	
-12.3545	-11.4398	712.561	0	
82.3483	-7.25958	1011.69	0	
83.8955	-11.4398	1013.3	0	
-83.8414	-14.5362	988.132	0	
-76.2546	-10.6507	1006.72	0	
12.4086	-14.5362	479.259	0	
19.9954	-10.6507	968.623	0	
-97.6578	-11.3921	961.911	0	
-90.4292	-10.045	985.189	0	
-1.40778	-11.3921	442.477	0	
5.82085	-10.045	617.483	0	
-111.605	-11.7939	985.186	0	
-108.046	-8.66433	976.564	0	
-15.3552	-11.7939	893.935	0	
-11.7958	-8.66433	906.458	0	
80.8948	-11.7939	984.943	0	
84.4542	-8.66433	989.15	0	
-57.7296	-12.6391	1015.66	0	
-56.3189	-16.133	1005.98	0	
38.5204	-12.6391	1036.9	0	
39.9311	-16.133	1040.25	0	
-173.564	-2.47004	962.462	0	
-165.151	-8.11045	999.915	0	
157.521	-9.12614	981.734	0	
160.271	-11.5138	990.148	0	
-36.2393	-7.66183	1000.11	0	
-40.908	-14.645	996.062	0	
60.0107	-7.66183	986.453	0	
55.342	-14.645	989.071	0	
92.8124	-13.4707	989.773	0	
138.603	-11.6407	1010.35	0	
-114.482	-16.5569	985.667	0	
-119.297	-14.1357	1003.07	0	
-106.853	-18.8267	970.805	0	
-90.9091	-14.035	980.732	0	
-63.0896	-13.2995	998.944	0	
-81.2221	-13.5164	961.392	0	
-119.75	-18.497	1009.13	0	
-105.923	-13.8421	976.789	0	
-99.9162	-13.8175	962.797	0	
-124.617	-21.7604	1012.48	0	
15.0279	-13.5164	789.197	0	
33.5665	-17.1843	1032.42	0	
-177.258	-5.78191	978.82	0	
-175.551	-13.7225	982.571	0	
-170.014	-8.10752	975.844	0	
-170.068	-11.6224	969.163	0	
123.346	-14.3333	1025.42	0	
130.766	-41.4755	990.836	0	
-117.966	-16.82	1007.65	0	
-113.607	-13.3165	999.454	0	
-93.8748	-11.0032	970.023	0	
-93.6138	-16.0889	977.868	0	
2.37524	-11.0032	478.109	0	
2.63623	-16.0889	262.715	0	
-136.481	-15.5337	984.614	0	
46.237	-15.9763	1032.21	0	
-50.013	-15.9763	1061.13	0	
-33.8137	-14.565	1041.3	0	
-118.828	-25.8063	1018.73	0	
62.4363	-14.565	965.606	0	
-89.2433	-18.71	987.677	0	
-88.6959	-14.349	974.338	0	
7.00668	-18.71	269.06	0	
7.55411	-14.349	351.583	0	
-158.473	-25.925	999.773	0	
-57.5305	-27.6829	1078.52	0	
-87.3706	-17.1144	978.864	0	
-82.1404	-18.8236	988.015	0	
-17.0729	-14.4419	714.638	0	
125.77	-16.4577	1020.38	0	
8.87942	-17.1144	162.892	0	
14.1096	-18.8236	555.28	0	
218.789	-9.67962	1072.46	0	
183.637	-7.09149	1044.57	0	
135.243	-14.7675	1017.98	0	
140.335	-13.8884	1003.91	0	
-181.714	-1.61583	991.615	0	
-173.773	-5.29005	960.844	0	
163.087	-10.0309	976.411	0	
180.465	-1.61583	1034.73	0	
-76.9341	-14.5113	943.582	0	
-67.81	-14.1067	995.987	0	
19.3159	-14.5113	921.11	0	
28.44	-14.1067	1009.13	0	
-162.174	-17.4716	1012.55	0	
-121.07	-22.2371	1001.83	0	
-58.6684	-18.9989	1044.36	0	
0.81144	-18.779	25.4852	0	
37.5816	-18.9989	1045.42	0	
107.856	-15.3565	1005.98	0	
138.207	-15.8819	1009.52	0	
143.531	-14.1381	998.816	0	
99.901	-16.4959	997.356	0	
79.1771	-14.4419	1000.24	0	
-111.48	-20.2273	1008.72	0	
-99.0883	-17.8006	972.084	0	
-27.2006	-15.1171	1042.71	0	
-2.83826	-17.8006	270.648	0	
69.0494	-15.1171	965.878	0	
46.6928	-24.0743	1052.86	0	
-166.112	-27.3981	978.433	0	
-68.8837	-22.4837	974.98	0	
-81.3835	-22.9609	968.512	0	
-67.2534	-16.8341	962.654	0	
14.8665	-22.9609	179.212	0	
28.9966	-16.8341	987.546	0	
125.531	-19.801	1012.22	0	
145.65	-18.2045	1012.54	0	
136.74	-19.4185	1019.73	0	
140.986	-21.4915	997.915	0	
-74.1374	-16.0301	997.582	0	
-64.6977	-18.8508	999.616	0	
22.1126	-16.0301	895.328	0	
31.5523	-18.8508	988.994	0	
-95.4386	-18.779	978.08	0	
2.52004	-23.669	258.123	0	
27.3663	-22.4837	897.82	0	
30.7731	-22.4901	947.609	0	
-84.7755	-17.335	975.177	0	
-79.7054	-15.7809	990.656	0	
11.4745	-17.335	424.437	0	
16.5446	-15.7809	642.99	0	
218.255	-34.6155	1047.47	0	
132.745	-19.8694	1013.57	0	
-152.736	-16.2622	1018.32	0	
-150.381	-17.763	1019.04	0	
-144.708	-21.2594	1022.15	0	
-141.325	-14.5407	1000.41	0	
-62.9905	-26.6887	1006.12	0	
-11.2357	-19.2992	322.16	0	
33.2595	-26.6887	961.923	0	
116.277	-16.8153	1016.92	0	
-128.495	-23.6616	1015.29	0	
19.247	-23.4473	715.172	0	
-188.557	-1.93891	1009.21	0	
-196.769	-2.32667	1027.55	0	
172.064	-6.00496	989.292	0	
174.369	-7.9727	1010.04	0	
197.421	-9.75588	1074.57	0	
191.289	-4.26558	1070.23	0	
80.6149	-19.5449	970.309	0	
38.7195	-27.6829	1035.47	0	
-73.6736	-19.0863	947.121	0	
-69.7337	-19.2556	1001.65	0	
22.5764	-19.0863	787.651	0	
26.5163	-19.2556	921.541	0	
122.174	-26.556	997.247	0	
124.937	-40.2492	982.798	0	
-148.731	-22.1193	995.596	0	
-130.945	-20.0681	1000.71	0	
-89.5076	-23.3158	976.312	0	
-77.003	-23.4473	998.632	0	
-71.1732	-25.5223	1018.55	0	
-65.4769	-22.4901	1019.49	0	
-169.77	-21.2264	994.082	0	
-64.5794	-30.6463	1053.95	0	
-139.982	-23.3262	991.917	0	
-137.645	-30.9202	1024.23	0	
-75.3526	-26.6553	991.723	0	
25.0768	-25.5223	809.344	0	
-31.4696	-23.2096	1049.81	0	
73.7048	-20.502	977.159	0	
-23.6801	-16.4504	905.259	0	
-15.6351	-19.5449	390.199	0	
72.5699	-16.4504	987.963	0	
85.0151	-19.3404	999.534	0	
129.698	-22.0559	1014.12	0	
117.076	-20.985	997.944	0	
-103.053	-20.9905	993.865	0	
-93.73	-23.669	995.095	0	
-49.5572	-24.0743	1087.78	0	
6.74241	-23.3158	19.7547	0	
-184.618	-8.98987	992.143	0	
-185.032	-3.55475	988.633	0	
-206.623	-2.79194	1043.16	0	
-179.781	-9.87097	972.092	0	
180.177	-8.24429	1027.1	0	
187.785	-10.442	1050.59	0	
170.878	-14.4791	998.332	0	
159.464	-15.8639	977.999	0	
-85.4635	-32.3384	1000.33	0	
20.8974	-26.6553	535.23	0	
-7.43655	-21.463	39.5315	0	
90.9132	-21.5281	969.249	0	
-85.5482	-26.5803	1016.06	0	
-18.107	-29.5111	519.584	0	
10.7018	-26.5803	442.48	0	
111.968	-28.0025	977.732	0	
-18.1435	-22.7175	588.824	0	
-22.5452	-20.502	809.387	0	
78.1065	-22.7175	997.126	0	
64.7804	-23.2096	994.55	0	
34.1156	-37.3795	925.806	0	
121.506	-22.1434	1006.14	0	
-24.1065	-30.9545	822.826	0	
-6.83217	-26.5477	237.51	0	
-130.495	-31.0609	1004.33	0	
174.884	-12.8846	1001.08	0	
178.79	-12.8864	1029.23	0	
-76.4692	-32.4504	1004.47	0	
-69.3552	-29.4863	1007.34	0	
-145.697	-34.3804	970.337	0	
-152.057	-27.6463	1016.25	0	
19.7808	-32.4504	593.243	0	
26.8948	-29.4863	796.143	0	
1.24121	-36.2378	262.061	0	
13.9656	-32.8618	290.086	0	
184.118	-14.761	1029.31	0	
227.701	-6.85826	1072.9	0	
133.014	-34.6533	989.315	0	
-106.794	-33.2356	1004.66	0	
31.6706	-30.6463	927.83	0	
-72.173	-34.0637	1033.31	0	
-67.7476	-39.8274	1040.07	0	
-22.5359	-47.4922	663.515	0	
127.182	-26.4913	1002.8	0	
24.077	-34.0637	768.744	0	
28.5024	-39.8274	855.555	0	
-113.39	-24.9987	990.395	0	
-108.048	-28.3672	1016.85	0	
106.947	-24.7538	976.958	0	
92.4297	-27.5266	982.046	0	
-218.447	-3.35033	1051.33	0	
-175.995	-19.4449	969.913	0	
191.912	-9.23189	1069.7	0	
201.219	-12.4705	1072.85	0	
54.1181	-18.9378	1019.06	0	
69.7905	-24.963	999.902	0	
-42.1319	-18.9378	1073.36	0	
-26.4595	-24.963	768.694	0	
-192.319	-8.83173	1013.24	0	
-201.547	-5.11861	1036.54	0	
72.1435	-30.9545	1016.94	0	
128.068	-30.7205	995.486	0	
42.4557	-33.5404	1024.5	0	
78.143	-29.5111	997.559	0	
-62.1344	-37.3795	1029.64	0	
-0.525287	-27.7753	12.5883	0	
84.4836	-32.7829	994.837	0	
208.989	-20.8084	1062.27	0	
-28.0097	-38.1045	838.735	0	
123.686	-35.5846	989.354	0	
-53.7943	-33.5404	1033.13	0	
-35.3322	-36.6738	1012.71	0	
100.921	-29.485	963.93	0	
161.838	-60.3262	995.551	0	
118.807	-29.1208	990.965	0	
116.094	-38.0682	982.225	0	
115.315	-25.5586	989.19	0	
112.121	-35.7127	974.37	0	
60.9178	-36.6738	1056.37	0	
119.433	-33.9202	983.285	0	
120.859	-47.2293	978.486	0	
-183.583	-23.2797	996.048	0	
-95.5796	-32.8724	1001.06	0	
-114.065	-35.7792	1017.32	0	
68.2403	-38.1045	1037.12	0	
32.7098	-63.156	942.911	0	
9.60751	-38.8404	238.256	0	
-225.327	-7.3709	1040.44	0	
-187.923	-11.9402	1005.71	0	
170.297	-36.5037	1003.06	0	
163.474	-19.8544	996.439	0	
-196.34	-11.9773	1021.02	0	
-194.679	-18.9528	1019.01	0	
73.7994	-47.6214	1028.06	0	
207.712	-10.3255	1077.13	0	
204.86	-2.4629	1082	0	
-212.356	-6.14227	1049.53	0	
129.252	-50.7796	985.635	0	
133.997	-47.3484	982.056	0	
213.211	-14.7209	1075.77	0	
215.594	-2.82136	1077.83	0	
-220.733	-37.1938	1016.89	0	
103.164	-47.8011	977.264	0	
189.04	-35.7251	1026.06	0	
199.849	-18.9164	1058.85	0	
169.619	-18.8059	993.157	0	
139.422	-30.3106	1008.01	0	
-55.5317	-23.7287	1013.12	0	
-37.3685	-24.4061	1017.23	0	
-56.8093	-39.2794	1080.49	0	
-45.742	-28.3975	1036.38	0	
-52.3145	-47.6453	1014.87	0	
-39.2206	-29.0001	1062.49	0	
-47.9803	-33.9094	1081.73	0	
-43.191	-47.72	1061.89	0	
40.7183	-23.7287	1038.93	0	
58.8815	-24.4061	1020.55	0	
39.4407	-39.2794	1014.97	0	
50.508	-28.3975	1053.09	0	
43.9355	-47.6453	1013.96	0	
57.0294	-29.0001	1055.8	0	
48.2697	-33.9094	1067.78	0	
53.059	-47.72	1064.27	0	
146.739	-35.2634	990.455	0	
141.083	-48.4033	990.053	0	
-171.12	-37.8728	1001.19	0	
-73.0349	-48.8114	1054.9	0	
-12.6794	-31.8279	234.998	0	
-7.11451	-38.7862	185.72	0	
-126.706	-35.6751	1009.12	0	
-120.757	-31.7185	1002.96	0	
-116.584	-45.0329	993.838	0	
-102.338	-25.7597	997.82	0	
-126.333	-45.697	1019.24	0	
-90.3084	-40.7522	1010	0	
-232.636	-4.02057	1056.54	0	
-213.24	-13.2876	1043.22	0	
-83.0809	-48.9441	1019.46	0	
112.882	-53.996	981.355	0	
-41.8717	-39.7232	1013.95	0	
-36.3206	-55.0703	920.849	0	
-51.4248	-68.4389	991.104	0	
9.79367	-57.9625	681.32	0	
54.3783	-39.7232	1061.01	0	
92.7142	-53.006	997.593	0	
154.638	-31.4481	996.973	0	
162.265	-25.6367	992.993	0	
146.844	-43.5002	995.857	0	
174.146	-25.0927	1006.65	0	
-10.5586	-47.7958	585.08	0	
26.2122	-47.5873	801.961	0	
-99.9985	-36.0407	1022.25	0	
-96.6648	-27.4598	1006.19	0	
-98.8599	-43.4908	1003.3	0	
-80.4857	-35.5349	1028.37	0	
-163.404	-50.9608	959.613	0	
-107.716	-63.4503	999.192	0	
-90.5028	-35.2672	1027.17	0	
-94.2465	-45.8076	1023.74	0	
155.531	-25.6086	999.774	0	
162.53	-38.6767	995.324	0	
145.406	-55.4476	986.471	0	
154.317	-46.2331	990.999	0	
-213.385	-66.8866	1004.69	0	
-68.9458	-57.4799	1017.66	0	
-90.1982	-53.4761	1020.47	0	
-83.9074	-41.2679	1027.68	0	
162.103	-45.2249	998.567	0	
179.505	-41.8783	1011.73	0	
-26.1557	-55.5594	876.414	0	
139.16	-65.0425	990.935	0	
197.836	-37.8736	1034.18	0	
182.569	-22.1973	1025.23	0	
84.0431	-43.7432	1004.81	0	
105.034	-36.7207	977.108	0	
152.77	-54.4151	995.468	0	
130.092	-61.4294	981.79	0	
118.312	-65.1624	980.112	0	
75.0509	-68.8235	1011.85	0	
146.414	-81.4576	995.155	0	
-56.4852	-56.245	1043.8	0	
36.3201	-53.5053	959.691	0	
64.865	-77.0726	1016.6	0	
112.416	-78.8413	986.579	0	
59.9585	-55.1042	1038.89	0	
70.2087	-55.7224	1031.78	0	
190.375	-24.8482	1032.67	0	
208.311	-28.8887	1052.4	0	
178.328	-52.8869	1013.87	0	
191.284	-60.8463	1021.34	0	
-88.1029	-75.4263	1004.59	0	
201.257	-51.9863	1030.42	0	
232.766	-30.613	1060.8	0	
-94.3526	-64.6703	1008.25	0	
-21.2176	-68.4889	879.194	0	
-136.235	-54.5345	962.503	0	
-75.0762	-70.6121	1011.91	0	
-135.57	-69.1305	1003.99	0	
17.1658	-67.2349	863.83	0	
-40.3839	-67.1895	972.64	0	
-31.1675	-76.4316	938.401	0	
-40.0545	-114.942	965.123	0	
12.3999	-80.9419	900.239	0	
-62.4004	-77.8089	1006.95	0	
87.3127	-69.9851	997.653	0	
42.2377	-72.0126	984.521	0	
55.7444	-67.659	1009.61	0	
40.1802	-103.505	1000.08	0	
95.4064	-81.6752	995.09	0	
28.0081	-85.7304	952.63	0	
122.096	-92.0535	993.492	0	
161.728	-77.7738	1003.05	0	
-193.993	-43.518	1003.51	0	
15.2296	-47.9657	618.472	0	
-2.66107	-58.4408	638.192	0	
-9.7003	-71.0667	848.294	0	
-2.01149	-84.2955	899.721	0	
-119.078	-74.1502	983.549	0	
-32.1741	-91.5468	959.347	0	
-46.1975	-98.0428	978.55	0	
174.139	-96.1654	1013.38	0	
-93.5477	-95.5998	987.058	0	
177.439	-132.495	1023.23	0	
-14.5355	-96.8328	949.049	0	
214.807	-50.7788	1040.58	0	
227.722	-62.6715	1036.25	0	
-226.174	-52.2763	1014.37	0	
140.1	-95.1239	998.091	0	
65.7718	-108.2	988.607	0	
71.1759	-93.9508	1004.02	0	
-196.369	-62.35	1005.66	0	
-111.16	-95.5437	996.517	0	
-0.0955761	-124.944	984.113	0	
140.341	-120.541	1006.3	0	
149.26	-111.77	1007.48	0	
224.915	-82.6931	1023.84	0	
-149.645	-83.0905	978.646	0	
-181.387	-78.8859	993.153	0	
-223.27	-87.3322	1019.96	0	
206.301	-97.3985	1023.38	0	
-122.3	-109.469	998.733	0	
89.4554	-97.3917	992.631	0	
115.761	-106.486	995.177	0	
94.5914	-125.39	997.855	0	
100.129	-108.99	1001.31	0	
-212.53	-108.31	1016.5	0	
-187.663	-104.4	1016.72	0	
-61.1884	-90.7965	986.465	0	
-17.3938	-112.921	973.327	0	
118.793	-131.494	1001.88	0	
78.5133	-128.04	1005.17	0	
145.868	-135.276	1009.7	0	
29.3462	-123.276	980.432	0	
-50.7969	-127.592	994.696	0	
124.844	-118.328	1005.32	0	
104.171	-136.052	1007.17	0	
164.24	-142.504	1017.73	0	
167.986	-116.495	1014.76	0	
100.66	-156.977	1005.07	0	
131.518	-141.125	1008.97	0	
68.4008	-148.446	1002.62	0	
208.027	-119.4	1027.58	0	
190.911	-84.7228	1020.08	0	
-79.309	-103.773	1002.44	0	
-75.0605	-123.67	985.256	0	
-150.767	-144.01	1015.97	0	
-166.751	-116.842	1003.88	0	
-117.627	-141.298	1003.18	0	
196.992	-135.207	1024.68	0	
-237.04	-135.177	1023.29	0	
210.321	-157.735	1028.02	0	
231.512	-122.086	1026.72	0	
233.724	-149.676	1030.36	0	
-94.1678	-149.074	1008.77	0	
44.8253	-148.377	1000.13	0	
