# File: UnstructuredGrid_Inversion_L0_Coarse_Iter04.dat
# (No specific header documentation)

-161.25	-0.496475	952.683	0	
-159.375	-0.668155	993.927	0	
-65.625	-0.431516	975.421	0	
30.625	-0.431516	1024.14	0	
-144.294	-102.036	1009.17	0	
126.875	-0.668155	990.255	0	
31.875	-0.668155	1035.32	0	
-165.826	-72.3824	1008.61	0	
-64.375	-0.668155	983.763	0	
-120.32	-2.91409	994.728	0	
-147.888	-47.073	1018.65	0	
-143.958	-2.01633	1020.86	0	
-158.741	-19.8395	1010.94	0	
-159.808	-14.2913	1016.54	0	
-115.104	-1.86538	989.537	0	
-108.175	-49.9394	1018.06	0	
-66.354	-1.86538	981.706	0	
-138.854	-1.86538	1030.26	0	
-156.794	-6.05848	1035.63	0	
-148.75	-1.09967	996.928	0	
-145.208	-2.72654	1008.44	0	
-146.458	-2.01633	1011.72	0	
-125.881	-3.06027	1001.91	0	
-154.094	-4.85908	1026.51	0	
-157.708	-2.01633	951.781	0	
-151.071	-10.8319	1020.58	0	
-154.792	-2.72654	1008.58	0	
-158.77	-3.86216	1022.78	0	
125.625	-0.431516	998.248	0	
-24.0702	-2.91409	1026.24	0	
-157.76	-5.35468	1029.89	0	
-46.4583	-2.01633	992.099	0	
-157.292	-2.72654	1004.57	0	
-160.13	-11.9534	1019.26	0	
-18.854	-1.86538	1016.94	0	
-151.295	-2.8545	1008.81	0	
29.896	-1.86538	1009.33	0	
-42.604	-1.86538	1009.5	0	
-169.22	-2.04966	949.705	0	
-53.75	-1.09967	983.941	0	
-165.6	-1.76839	966.647	0	
-167.3	-0.925681	948.209	0	
-62.2917	-2.72654	989.434	0	
-171.389	-5.89642	962.585	0	
-61.0417	-3.47328	991.929	0	
-164.269	-10.8597	988.429	0	
-59.7917	-2.72654	987.516	0	
-68.125	-0.36089	971.313	0	
-65.5207	-2.1669	988.118	0	
-87.5	-1.09967	987.417	0	
-158.125	-0.431516	980.075	0	
-156.875	-0.668155	907.513	0	
-80.5207	-2.1669	985.427	0	
-157.5	-1.09967	965.825	0	
-70.625	-0.431516	970.491	0	
79.375	-0.668155	987.802	0	
-154.375	-0.668155	991.02	0	
55.625	-0.668155	1003.74	0	
-153.125	-0.431516	988.606	0	
-150.625	-0.366631	994.955	0	
38.5417	-2.01633	980.059	0	
-153.75	-1.09967	1010.26	0	
49.7917	-2.01633	976.436	0	
-155.625	-0.431516	953.648	0	
72.1798	-2.91409	998.975	0	
-162.583	-1.33918	988.753	0	
-60	-1.09967	974.104	0	
-149.375	-0.431516	1024.87	0	
-155	-1.09967	997.045	0	
31.0415	-5.36053	1011.4	0	
-148.125	-0.668155	1017.82	0	
31.0341	-3.06466	1004.05	0	
-146.875	-0.431516	1030	0	
-147.5	-1.09967	994.101	0	
36.875	-0.668155	999.804	0	
32.7083	-2.01633	1016.02	0	
-144.375	-0.431516	1034.33	0	
28.125	-0.36089	1024.3	0	
-137.5	-1.09967	1020.16	0	
-139.375	-0.366631	1045.92	0	
25.625	-0.431516	1039.38	0	
-143.125	-0.668155	1039.35	0	
33.75	-1.09967	1010.71	0	
-143.75	-1.09967	1034.31	0	
34.375	-0.668155	1018.78	0	
8.75	-1.09967	1102.49	0	
-136.875	-0.668155	1048.97	0	
183.782	-3.55475	1070.62	0	
-135.625	-0.431516	1038.11	0	
-135	-0.798148	1005.56	0	
135.922	-2.00504	1000.92	0	
-136.25	-1.09967	1015.03	0	
149.65	-2.73747	1021.93	0	
131.936	-4.3008	999.779	0	
-131.25	-0.798148	1034.15	0	
129.003	-2.80091	991.237	0	
-122.604	-1.86538	993.272	0	
-128.75	-1.09967	1001.39	0	
129.375	-0.668155	983.193	0	
-130.625	-0.431516	1024.81	0	
133.125	-0.668155	1007.26	0	
-130	-1.09967	1016.62	0	
141.875	-0.668155	1043.72	0	
-138.125	-0.431516	1035.87	0	
15.7293	-2.1669	1065.93	0	
128.75	-1.09967	990.692	0	
-121.25	-1.09967	986.419	0	
120.625	-0.431516	990.098	0	
-121.875	-0.431516	997.198	0	
-120.625	-0.668155	997.919	0	
110.744	-2.06993	985.508	0	
-123.125	-0.366631	988.846	0	
123.125	-0.36089	974.126	0	
-116.875	-0.36089	981.803	0	
-120	-1.09967	968.168	0	
-133.661	-2.93321	1016.23	0	
-115.625	-0.366631	980.519	0	
-114.375	-0.431516	1007.11	0	
-127.5	-0.798148	984.44	0	
-113.75	-1.09967	975.763	0	
-119.375	-0.431516	999.839	0	
-115	-0.798148	995.19	0	
100.625	-0.431516	998.762	0	
-93.125	-0.668155	978.616	0	
-112.5	-1.09967	987.6	0	
-103.125	-0.668155	1032.31	0	
-111.25	-0.798148	1012.9	0	
-103.75	-1.09967	1004.8	0	
-114.271	-2.1669	1000.87	0	
-111.875	-0.431516	996.171	0	
-110.328	-2.00504	1009.83	0	
-111.994	-2.06993	1007.05	0	
-108.125	-0.431516	1014.85	0	
-141.875	-0.431516	1039.1	0	
-104.375	-0.431516	1018.73	0	
-95.104	-1.86538	986.667	0	
-142.5	-1.09967	1034.81	0	
-105.625	-0.366631	1015.88	0	
-110.625	-0.366631	998.297	0	
-108.75	-1.09967	999.442	0	
-109.375	-0.668155	1013.62	0	
-113.125	-0.668155	1012.31	0	
-104.405	-3.52006	996.693	0	
-128.125	-0.431516	1023.33	0	
127.708	-2.01633	989.654	0	
-102.5	-1.09967	990.504	0	
43.125	-0.668155	959.426	0	
-129.375	-0.668155	1026.27	0	
-101.875	-0.431516	1003.06	0	
-133.125	-0.668155	1045.18	0	
-99.375	-0.668155	990.833	0	
-101.25	-0.798148	1008.37	0	
-90.9973	-2.80091	986.366	0	
-134.375	-0.366631	1038.49	0	
-95.625	-0.366631	977.578	0	
-150.089	-1.76841	999.636	0	
-73.854	-1.86538	984.073	0	
-92.5	-1.09967	988.574	0	
-148.968	-2.99641	994.723	0	
-94.375	-0.431516	971.995	0	
-151.875	-0.668155	1012.27	0	
-93.75	-1.09967	986.272	0	
-135.744	-2.06993	1016.25	0	
-149.256	-2.06993	1003.77	0	
-88.75	-0.798148	970.637	0	
-147.292	-2.01633	1010.35	0	
-81.354	-1.86538	979.062	0	
-86.25	-1.09967	973.492	0	
-146.25	-1.09967	1005.82	0	
-88.125	-0.431516	967.301	0	
-145.625	-0.668155	1031.99	0	
-156.042	-2.01633	982.994	0	
-81.875	-0.366631	957.969	0	
-150	-0.798148	985.018	0	
-79.375	-0.668155	962.047	0	
-73.75	-0.798148	989.731	0	
-153.542	-2.01633	991.787	0	
-80.625	-0.431516	965.226	0	
-155.208	-2.01633	1000.45	0	
-85.625	-0.431516	964.646	0	
-156.25	-1.09967	1005.73	0	
-91.875	-0.431516	967.603	0	
-138.75	-0.798148	1036.25	0	
-158.75	-1.09967	921.929	0	
-72.5	-1.09967	988.497	0	
-20.625	-0.36089	1040.18	0	
-73.125	-0.431516	971.859	0	
-71.875	-0.668155	980.316	0	
-23.125	-0.431516	1046.01	0	
-74.375	-0.366631	978.088	0	
-158.542	-2.01633	989.049	0	
-31.25	-0.798148	1038.51	0	
-71.25	-1.09967	980.753	0	
3.125	-0.668155	1115.8	0	
-66.875	-0.366631	988.058	0	
30.7293	-2.1669	1003.19	0	
-14.0777	-2.00504	1028.38	0	
-65	-1.09967	980.127	0	
-8.15454	-3.52006	1006.2	0	
-66.25	-0.798148	984.29	0	
-37.4111	-2.93321	1001.35	0	
-18.0207	-2.1669	1037.33	0	
-63.125	-0.431516	970.644	0	
-15.7444	-2.06993	1033.17	0	
-60.625	-0.431516	976.134	0	
-59.375	-0.668155	983.898	0	
-14.375	-0.366631	1022.79	0	
-61.875	-0.668155	988.233	0	
-13.125	-0.668155	1039.31	0	
-46.875	-0.431516	986.776	0	
-58.125	-0.431516	969.557	0	
-33.125	-0.668155	1068.14	0	
-54.375	-0.431516	976.803	0	
-53.125	-0.668155	958.454	0	
-41.7707	-2.1669	1006.6	0	
-55.625	-0.366631	976.331	0	
-41.4106	-3.16569	998.583	0	
-58.75	-1.09967	985.233	0	
-44.375	-0.36089	1003.17	0	
-62.5	-1.09967	979.724	0	
-6.875	-0.668155	1048.93	0	
-78.75	-1.09967	984.414	0	
-152.5	-1.09967	971.212	0	
-39.4944	-2.06993	1022.63	0	
-51.875	-0.431516	976.338	0	
-56.875	-0.668155	991.224	0	
-49.375	-0.431516	989.045	0	
-48.125	-0.668155	977.034	0	
-55.0889	-1.76841	975.196	0	
-48.75	-1.09967	964.943	0	
-38.125	-0.366631	1024.67	0	
-42.5	-0.798148	999.332	0	
-41.25	-1.09967	1011.76	0	
-50.625	-0.668155	959.152	0	
-41.875	-0.431516	1027.65	0	
-40.625	-0.668155	1023.39	0	
-52.2917	-2.01633	978.09	0	
-43.125	-0.366631	998.835	0	
-54.2556	-2.06993	980.566	0	
-47.5	-1.09967	989.521	0	
-53.9679	-2.99641	985.755	0	
-61.25	-1.09967	960.837	0	
-39.375	-0.431516	1027.13	0	
-62.7083	-2.01633	985.037	0	
-33.75	-1.09967	1008.54	0	
-35	-0.798148	1002.74	0	
-55	-0.798148	970.309	0	
-38.75	-0.798148	1035.7	0	
-61.0417	-2.01633	982.383	0	
-57.5	-1.09967	957.152	0	
-26.354	-1.86538	1032.36	0	
-63.5417	-2.01633	985.544	0	
-31.875	-0.431516	1045.9	0	
-25	-1.09967	1028.22	0	
-69.375	-0.668155	991.408	0	
-32.5	-1.09967	1004.82	0	
-63.75	-1.09967	982.478	0	
-34.375	-0.431516	1066.29	0	
-58.5417	-2.01633	976.929	0	
-40	-1.09967	1024.82	0	
-51.25	-1.09967	986.9	0	
-73.0207	-2.1669	993.06	0	
-25.625	-0.431516	1047.52	0	
-71.0417	-2.01633	988.044	0	
-18.75	-0.798148	1041.73	0	
-23.75	-1.09967	1036.54	0	
-70	-1.09967	989.876	0	
-24.375	-0.668155	1026.24	0	
-67.5054	-1.48403	979.964	0	
-78.125	-0.431516	962.284	0	
-19.375	-0.366631	1007.6	0	
-80	-1.09967	991.46	0	
-16.875	-0.668155	1028.67	0	
-16.25	-1.09967	1008.3	0	
93.5212	-2.84299	1002.04	0	
-18.125	-0.431516	1022.46	0	
-91.4583	-2.01633	981.518	0	
-17.5	-1.09967	988.458	0	
-75.625	-0.36089	965.012	0	
82.5446	-2.8545	992.125	0	
-15	-0.798148	1003.85	0	
101.503	-2.80091	1007.49	0	
-12.5	-1.09967	998.931	0	
-11.875	-0.431516	1018.18	0	
83.125	-0.668155	1007.28	0	
-7.5	-1.09967	988.369	0	
89.375	-0.668155	1014.95	0	
81.875	-0.366631	984.643	0	
-8.125	-0.431516	1029.6	0	
73.125	-0.431516	984.72	0	
-6.25	-1.09967	1015.35	0	
-5.625	-0.431516	1054.64	0	
66.6193	-3.06027	1008.98	0	
1.14595	-1.86538	1067.56	0	
75.625	-0.36089	985.396	0	
-9.375	-0.366631	1030.19	0	
80.5056	-2.06993	1000.3	0	
-15.625	-0.431516	1049.06	0	
99.375	-0.668155	1009.54	0	
-26.875	-0.366631	1031.92	0	
-67.5	-0.727521	997.136	0	
-52.5	-1.09967	992.162	0	
-36.875	-0.668155	1056.55	0	
-137.661	-3.16569	1000.66	0	
-5	-0.798148	1037.68	0	
-3.125	-0.668155	1035.37	0	
63.125	-0.668155	996.715	0	
2.5	-1.09967	1038.13	0	
0.625	-0.366631	1104.02	0	
58.4223	-2.00504	1001.24	0	
59.375	-0.668155	1004.46	0	
1.875	-0.431516	1086.11	0	
58.125	-0.366631	991.845	0	
3.75	-1.09967	1113.7	0	
4.375	-0.431516	1107.38	0	
51.875	-0.36089	961.94	0	
22.396	-1.86538	1027.98	0	
56.7556	-2.06993	996.336	0	
7.5	-0.798148	1071.34	0	
65.9223	-2.00504	995.525	0	
42.2821	-2.99641	993.584	0	
8.125	-0.431516	1130.49	0	
41.9944	-2.06993	983.87	0	
10	-1.09967	1009.29	0	
10.625	-0.431516	1120.43	0	
45.625	-0.668155	960.155	0	
14.896	-1.86538	1072.27	0	
53.75	-0.798148	992.563	0	
45	-1.09967	973.648	0	
15.625	-0.431516	1086.71	0	
41.1611	-1.76841	971.254	0	
22.5	-0.798148	1033.35	0	
17.5	-1.09967	965.603	0	
33.5417	-2.01633	986.27	0	
16.875	-0.668155	1071.47	0	
39.375	-0.668155	995.071	0	
14.375	-0.366631	1078.55	0	
43.9583	-2.01633	975.533	0	
23.75	-1.09967	1015.28	0	
49.375	-0.431516	966.309	0	
37.7083	-2.01633	992.51	0	
21.875	-0.366631	1042.95	0	
35	-1.09967	973	0	
24.375	-0.668155	1048.23	0	
30	-0.798148	1008.63	0	
35.2083	-2.01633	1006.4	0	
23.125	-0.431516	1045.39	0	
38.75	-1.09967	969.651	0	
28.7446	-1.48403	1017.49	0	
31.25	-1.09967	986.287	0	
28.75	-0.727521	1051.78	0	
125.729	-2.1669	987.611	0	
32.5	-1.09967	939.791	0	
25.2083	-2.01633	1031.58	0	
29.375	-0.366631	1026.96	0	
23.2293	-2.1669	1028.46	0	
25	-1.09967	967.002	0	
26.875	-0.668155	1042.85	0	
20.625	-0.36089	1040.93	0	
36.25	-1.09967	995.498	0	
4.79167	-2.01633	1117.76	0	
42.5	-1.09967	984.472	0	
37.5	-1.09967	958.511	0	
16.25	-1.09967	1060.87	0	
35.625	-0.431516	992.743	0	
18.125	-0.431516	1076.6	0	
151.875	-0.431516	1023.22	0	
40.625	-0.366631	955.592	0	
149.375	-0.431516	1027.82	0	
53.646	-1.86538	984.865	0	
43.75	-1.09967	966.492	0	
149.529	-1.8473	1016.97	0	
41.875	-0.431516	957.644	0	
144.672	-2.00504	1024.03	0	
38.125	-0.431516	982.489	0	
154.375	-0.36089	1017.72	0	
33.125	-0.431516	1006.94	0	
26.25	-1.09967	1025.87	0	
44.375	-0.431516	954.003	0	
41.25	-0.798148	984.104	0	
143.006	-2.06993	1014.68	0	
47.5	-1.09967	957.154	0	
138.75	-0.727521	1026.13	0	
48.125	-0.668155	957.012	0	
48.75	-1.09967	966.527	0	
136.875	-0.668155	1008.23	0	
46.875	-0.431516	956.768	0	
144.375	-0.366631	1043.31	0	
140	-0.798148	1000.74	0	
53.125	-0.366631	994.855	0	
135.625	-0.366631	1012.23	0	
77.396	-1.86538	994.076	0	
56.25	-1.09967	989.363	0	
130.625	-0.366631	992.908	0	
54.375	-0.431516	984.213	0	
134.256	-2.06993	993.771	0	
55	-1.09967	963.516	0	
136.619	-3.06027	996.123	0	
121.875	-0.668155	992.49	0	
57.5	-0.798148	992.306	0	
61.25	-0.798148	1002.62	0	
62.5	-1.09967	983.4	0	
61.875	-0.431516	980.874	0	
118.229	-2.1669	990.467	0	
56.875	-0.431516	1011.64	0	
123.745	-1.48403	979.513	0	
120.208	-2.01633	979.125	0	
69.896	-1.86538	980.94	0	
115.625	-0.36089	964.866	0	
64.375	-0.431516	995.815	0	
71.25	-1.09967	965.624	0	
113.125	-0.431516	981.014	0	
63.75	-1.09967	969.087	0	
121.25	-1.09967	968.101	0	
69.375	-0.366631	966.746	0	
123.75	-0.727521	999.529	0	
91.25	-0.798148	1007.64	0	
131.161	-1.76841	990.126	0	
106.875	-0.431516	991.987	0	
70.625	-0.431516	994.124	0	
-116.255	-1.48403	986.024	0	
77.5	-0.798148	1000.28	0	
72.5	-1.09967	988.835	0	
-121.771	-2.1669	999.656	0	
71.875	-0.668155	997.745	0	
-118.125	-0.668155	1008.56	0	
-119.792	-2.01633	994.97	0	
76.875	-0.366631	982.474	0	
-123.75	-0.727521	1019.76	0	
124.896	-1.86538	981.567	0	
80	-1.09967	1006.68	0	
-125.625	-0.668155	1026.33	0	
78.125	-0.431516	990.529	0	
-118.75	-1.09967	978.709	0	
78.75	-1.09967	996.47	0	
-116.25	-0.727521	1013.81	0	
-86.875	-0.668155	960.65	0	
81.25	-0.798148	1001.42	0	
-90.625	-0.668155	972.02	0	
83.75	-1.09967	979.982	0	
84.375	-0.431516	1000.3	0	
-92.2917	-2.01633	982.546	0	
88.75	-1.09967	1007.75	0	
-98.9788	-2.84299	997.58	0	
-98.125	-0.431516	1004.67	0	
88.125	-0.431516	1015.33	0	
-109.955	-2.8545	997.917	0	
90	-1.09967	1003.83	0	
90.625	-0.431516	1007.63	0	
-95	-0.798148	1010.09	0	
97.396	-1.86538	1001.09	0	
-98.75	-1.09967	999.871	0	
86.875	-0.366631	1008.45	0	
-91.25	-1.09967	978.233	0	
80.625	-0.431516	992.266	0	
-94.2707	-2.1669	994.807	0	
101.042	-2.01633	1000.47	0	
145.625	-0.668155	1050.11	0	
-100.625	-0.366631	1008.12	0	
93.125	-0.668155	1005.74	0	
-105.089	-1.76841	1010.2	0	
96.875	-0.366631	996.592	0	
98.75	-1.09967	995.475	0	
-106.875	-0.668155	1006.41	0	
-105	-0.798148	1015.92	0	
117.396	-1.86538	980.342	0	
-107.5	-1.09967	1006.23	0	
105	-1.09967	998.178	0	
103.75	-0.798148	1007.89	0	
-111.161	-1.76841	996.237	0	
100	-1.09967	992.339	0	
-108.542	-2.01633	1004.1	0	
98.125	-0.431516	1005.02	0	
-113.909	-3.16789	997.475	0	
-140.625	-0.36089	1043.36	0	
111.25	-1.09967	985.043	0	
-134.078	-2.00504	1014.74	0	
109.375	-0.366631	992.268	0	
110.625	-0.431516	977.899	0	
-122.5	-0.798148	1004.33	0	
106.25	-1.09967	999.41	0	
-140.005	-1.48403	1038.08	0	
-126.875	-0.366631	1011.17	0	
117.5	-0.798148	990.625	0	
-131.339	-1.76841	1016.35	0	
118.75	-1.09967	979.188	0	
116.875	-0.366631	958.911	0	
-134.911	-1.76841	1022.37	0	
112.5	-1.09967	972.386	0	
-131.875	-0.366631	1024.83	0	
111.875	-0.668155	979.303	0	
-128.244	-2.06993	1002.5	0	
104.375	-0.431516	987.915	0	
-110	-1.03479	990.515	0	
-151.25	-1.03479	992.318	0	
119.375	-0.668155	974.942	0	
-139.484	-2.19037	1028.24	0	
120	-1.09967	982.227	0	
126.25	-1.09967	972.024	0	
-140	-0.727521	1038.77	0	
125	-0.798148	980.149	0	
-150.922	-2.00504	992.88	0	
-144.792	-2.01633	1027.83	0	
172.314	-2.47004	1002.79	0	
-20.0054	-1.48403	1027.61	0	
128.125	-0.431516	986.701	0	
132.5	-1.09967	982.612	0	
-25.5207	-2.1669	1025.93	0	
127.5	-1.09967	969.536	0	
-21.875	-0.668155	1007.07	0	
124.375	-0.366631	965.802	0	
-145	-1.09967	1005.76	0	
-23.5417	-2.01633	1025.77	0	
131.875	-0.431516	994.332	0	
-27.5	-0.727521	1030.95	0	
133.75	-1.09967	996.834	0	
134.375	-0.431516	1000.41	0	
-29.375	-0.668155	1033.99	0	
139.896	-1.86538	1015.86	0	
-22.5	-1.09967	1014.11	0	
9.375	-0.668155	1119.99	0	
141.25	-1.09967	1003.19	0	
5.625	-0.668155	1132.03	0	
140.625	-0.431516	1047.55	0	
156.146	-1.86538	1015.25	0	
3.95833	-2.01633	1063.61	0	
139.375	-0.366631	1010.52	0	
-2.72879	-2.84299	1067.96	0	
135	-0.798148	995.683	0	
1.97929	-2.1669	1096.28	0	
131.25	-0.798148	997.835	0	
-20	-0.727521	1027.01	0	
118.125	-0.431516	986.509	0	
-133.75	-1.03479	1019.48	0	
-1.875	-0.431516	1028.94	0	
143.125	-0.431516	1035.6	0	
-13.7054	-2.8545	1052.32	0	
150	-1.09967	1031.64	0	
146.25	-1.09967	1015.74	0	
1.25	-0.798148	1089.78	0	
143.75	-0.798148	1033.8	0	
-2.5	-1.09967	1055.74	0	
-4.375	-0.366631	1032.12	0	
150.625	-0.668155	1015.81	0	
-8.83895	-1.76841	1018.44	0	
151.25	-1.09967	1018.13	0	
157.5	-1.09967	1021.83	0	
-17.6594	-3.16789	1048.58	0	
156.25	-0.798148	1009.71	0	
-10.625	-0.668155	1026.51	0	
148.125	-0.366631	1025.65	0	
-5.74439	-2.06993	1050.13	0	
-12.2917	-2.01633	1043.2	0	
156.875	-0.431516	991.72	0	
-14.9111	-1.76841	1028.85	0	
158.958	-1.16463	971.959	0	
160	-0.496475	958.191	0	
-13.75	-1.03479	1025.78	0	
158.125	-0.668155	978.458	0	
-11.25	-1.09967	1039.29	0	
-43.7554	-1.48403	1005.07	0	
159.338	-2.74918	966.623	0	
-26.25	-0.798148	1037.32	0	
164.35	-1.76839	954.031	0	
166.05	-0.925681	961.705	0	
-31.9944	-2.06993	1023.24	0	
155.521	-4.78762	1004.44	0	
-37.8277	-2.00504	1034.13	0	
161.333	-1.33918	949.571	0	
-45.625	-0.668155	981.25	0	
155.625	-0.366631	998.714	0	
-8.75	-0.798148	1053.77	0	
-35.625	-0.366631	1035.91	0	
174.762	-1.34606	1021.93	0	
-38.6611	-1.76841	1018.65	0	
177.527	-2.9619	1049.05	0	
168.496	-7.04709	977.323	0	
-37.5	-1.03479	1007.2	0	
166.796	-10.6094	982.643	0	
-35.0889	-1.76841	1026.34	0	
-55.9223	-2.00504	975.548	0	
154.805	-6.09945	999.142	0	
-43.75	-0.727521	994.903	0	
119.775	-42.5718	982.887	0	
169.138	-29.3032	999.278	0	
-47.2917	-2.01633	983.183	0	
199.784	-4.78957	1121.3	0	
-51.0417	-2.72654	983.762	0	
177.385	-6.05361	1034.52	0	
-56.25	-1.03479	961.522	0	
-50	-1.09967	990.817	0	
-68.75	-1.02905	970.185	0	
-66.9845	-2.19037	988.904	0	
-49.7917	-2.01633	972.436	0	
28.7125	-3.24559	1009.67	0	
-75.0054	-1.48403	977.996	0	
-79.0702	-2.91409	996.096	0	
-76.875	-0.668155	972.049	0	
-71.5702	-2.91409	995.823	0	
168.693	-54.0604	1006.79	0	
-46.25	-1.09967	996.041	0	
167.97	-2.04966	943.917	0	
-30.625	-0.366631	1057.27	0	
142.5	-1.09967	1016.33	0	
5	-1.09967	1016.92	0	
-75	-0.727521	997.843	0	
-101.994	-2.06993	1007.6	0	
-78.5417	-2.01633	988.826	0	
65	-0.798148	982.317	0	
-77.5	-1.09967	995.343	0	
-82.5	-0.727521	987.726	0	
-84.375	-0.668155	964.145	0	
98.2293	-2.1669	1006.04	0	
105.625	-0.668155	1003.26	0	
92.1723	-2.00504	1003.87	0	
101.875	-0.668155	1006.32	0	
100.208	-2.01633	1004.28	0	
101.25	-1.09967	997.339	0	
94.375	-0.431516	1011.99	0	
93.75	-1.09967	1001.04	0	
88.0955	-3.52006	1006.21	0	
97.5	-0.798148	1009.23	0	
90.5056	-2.06993	1006.18	0	
91.875	-0.366631	1008.94	0	
85.625	-0.668155	1008.27	0	
87.4111	-1.76841	1010.26	0	
82.1723	-2.00504	1002.27	0	
87.5	-0.798148	1008.09	0	
83.9583	-2.01633	993.09	0	
85	-1.09967	982.182	0	
81.3389	-1.76841	994.17	0	
82.5	-1.03479	982.205	0	
74.375	-0.668155	985.625	0	
76.2446	-1.48403	989.189	0	
70.7293	-2.1669	992.621	0	
76.25	-0.727521	984.915	0	
72.7083	-2.01633	997.058	0	
73.75	-1.09967	998.616	0	
68.75	-0.727521	987.932	0	
66.875	-0.668155	982.81	0	
58.8389	-2.93321	1008.58	0	
70	-0.798148	977.765	0	
64.2556	-2.06993	993.857	0	
65.625	-0.366631	971.867	0	
60.625	-0.366631	987.966	0	
61.1611	-1.76841	993.623	0	
57.5889	-1.76841	1002.83	0	
58.75	-1.03479	1008.35	0	
50.625	-0.668155	959.961	0	
52.4946	-1.48403	983.505	0	
45.2083	-2.72654	983.922	0	
52.5	-0.727521	997.368	0	
48.9583	-2.01633	976.162	0	
50	-1.09967	985.265	0	
46.25	-1.09967	955.407	0	
46.4583	-2.01633	967.836	0	
40	-1.03479	957.885	0	
40.3277	-2.00504	993.13	0	
27.5	-1.02905	1001.11	0	
29.2655	-2.19037	1019.63	0	
24.6798	-2.91409	1011.59	0	
121.042	-2.01633	987.387	0	
19.375	-0.668155	1067.93	0	
21.2446	-1.48403	1027.3	0	
17.1798	-2.91409	1049.14	0	
21.25	-0.727521	1083.49	0	
17.7083	-2.01633	1063.1	0	
18.75	-1.09967	1043.21	0	
13.75	-0.727521	1124.21	0	
11.875	-0.668155	1110.16	0	
153.125	-0.668155	1005.19	0	
154.995	-1.48403	1016.24	0	
145.155	-3.05088	1019.04	0	
155	-0.727521	1023.75	0	
151.458	-2.01633	1025.86	0	
152.5	-1.09967	1036.38	0	
146.875	-0.431516	1053.7	0	
148.696	-1.54577	1024.54	0	
147.758	-2.24637	1015.43	0	
148.75	-0.798148	1028.86	0	
143.839	-1.76841	1033.79	0	
145	-1.03479	1035.82	0	
138.125	-0.36089	1013.95	0	
138.745	-1.48403	1015.86	0	
135.089	-1.76841	1000.72	0	
136.25	-1.03479	1002.94	0	
130	-1.03479	991.763	0	
130.328	-2.00504	990.93	0	
122.5	-1.02905	973.153	0	
124.266	-2.19037	990.54	0	
119.68	-2.91409	991.427	0	
156.979	-2.1669	993.043	0	
114.375	-0.668155	987.817	0	
116.245	-1.48403	974.046	0	
112.163	-2.94281	992.669	0	
116.25	-0.727521	993.417	0	
112.708	-2.01633	982.923	0	
113.75	-1.09967	966.295	0	
108.125	-0.668155	998.982	0	
109.911	-1.76841	982.738	0	
-117.5	-1.02905	969.462	0	
-115.734	-2.19037	1003.04	0	
-138.021	-2.1669	1027.02	0	
-67.5375	-3.24559	994.784	0	
-124.375	-0.36089	986.271	0	
-123.755	-1.48403	988.897	0	
-88.0056	-2.06993	975.451	0	
-81.25	-0.798148	979.922	0	
-86.0417	-2.01633	982.278	0	
-85	-1.09967	993.213	0	
-89.375	-0.366631	964.237	0	
-88.8389	-1.76841	978.116	0	
-96.875	-0.36089	962.663	0	
-96.2554	-1.48403	986.722	0	
-95.7345	-2.19037	1004.97	0	
-96.25	-0.727521	1004.92	0	
-101.161	-1.76841	1005.49	0	
-100	-1.03479	1017.07	0	
-106.25	-1.03479	1015.17	0	
-105.922	-2.00504	1012.54	0	
-70.2083	-2.01633	987.863	0	
-100.328	-2.00504	1001.38	0	
-141.25	-0.792406	1035.85	0	
-140.814	-2.07688	1026.73	0	
-153.54	-3.47677	1011.21	0	
-123.787	-3.24559	1003.29	0	
-127.411	-1.76841	1002.94	0	
-126.25	-1.03479	992.516	0	
-132.5	-1.03479	1005.13	0	
-132.172	-2.00504	1030.49	0	
-118.958	-2.01633	990.441	0	
-126.578	-2.00504	996.154	0	
-202.353	-21.532	1047.31	0	
-119.833	-3.79821	1002.49	0	
-21.25	-1.02905	1032.4	0	
-19.4845	-2.19037	1043.13	0	
-27.5375	-3.24559	1016.93	0	
5.25269	-2.80091	1058.16	0	
-28.125	-0.36089	1057.69	0	
-27.5054	-1.48403	1038.97	0	
8.24439	-2.06993	1086.57	0	
15	-0.798148	1060.8	0	
10.2083	-2.01633	1112.97	0	
11.25	-1.09967	1116.55	0	
6.875	-0.366631	1116.56	0	
7.41105	-1.76841	1110.23	0	
-0.625	-0.36089	1033.39	0	
-0.00541199	-1.48403	1071.53	0	
0.51554	-2.19037	1080.42	0	
0	-0.727521	1058.62	0	
-4.91105	-1.76841	1031.99	0	
-3.75	-1.03479	1030.17	0	
-10	-1.03479	1025.95	0	
-9.67228	-2.00504	1050.81	0	
26.0417	-2.01633	1008.38	0	
-4.07772	-2.00504	1054.14	0	
-45	-1.02905	1015.72	0	
-43.2345	-2.19037	996.647	0	
-50.2083	-2.72654	992.148	0	
-29.6307	-3.06027	1016.97	0	
-31.1611	-1.76841	1036.52	0	
-30	-1.03479	1040.51	0	
-36.25	-1.03479	1027.85	0	
-35.9223	-2.00504	1017.33	0	
-22.7083	-2.01633	1029.06	0	
-30.3277	-2.00504	1025.62	0	
-60.2083	-2.01633	980.387	0	
-51.4583	-2.01633	983.693	0	
-68.3387	-1.78555	990.543	0	
-68.4751	-2.84652	988.551	0	
-76.25	-1.02905	967.851	0	
-74.4845	-2.19037	995.909	0	
-77.7083	-2.01633	986.026	0	
-105.61	-4.06799	998.313	0	
-83.125	-0.36089	967.166	0	
-82.5054	-1.48403	971.501	0	
104.494	-2.06993	1010.01	0	
110	-0.798148	975.41	0	
106.458	-2.01633	995.237	0	
107.5	-1.09967	977.262	0	
103.125	-0.366631	985.811	0	
103.661	-1.76841	995.94	0	
95.625	-0.36089	991.397	0	
96.2446	-1.48403	1001.64	0	
96.7655	-2.19037	1010.77	0	
96.25	-0.727521	1018.97	0	
91.3389	-1.76841	1008.86	0	
92.5	-1.03479	1009.29	0	
86.25	-1.03479	1013.3	0	
86.5777	-2.00504	1006.14	0	
78.2293	-2.1669	1000.04	0	
78.5906	-3.16789	1005.29	0	
75	-1.02905	988.675	0	
76.7655	-2.19037	997.47	0	
68.7125	-3.24559	1006.25	0	
123.713	-3.24559	993.558	0	
68.125	-0.36089	982.225	0	
68.7446	-1.48403	986.225	0	
65.0889	-1.76841	986.018	0	
66.25	-1.03479	991.653	0	
60	-1.03479	1000.18	0	
60.3277	-2.00504	1007.16	0	
54.4793	-2.1669	995.386	0	
73.5417	-2.01633	994.274	0	
51.25	-1.02905	982.89	0	
53.0155	-2.19037	994.071	0	
40.4973	-3.78292	1006.09	0	
54.8394	-3.16569	997.576	0	
39.0027	-2.80091	997.46	0	
44.7917	-2.01633	968.964	0	
27.9113	-1.78555	1027.74	0	
27.7749	-2.84652	1011.75	0	
20	-1.02905	977.065	0	
21.7655	-2.19037	1043.09	0	
-9.36018	-4.06799	1053.03	0	
18.5417	-2.01633	1029.3	0	
13.125	-0.36089	1090.59	0	
13.7446	-1.48403	1075.05	0	
153.75	-1.02905	1026.11	0	
155.516	-2.19037	1010.31	0	
142.62	-3.22837	1008.42	0	
144.069	-5.7607	989.831	0	
147.5	-0.798148	1004.65	0	
146.771	-2.1669	1029.94	0	
140.729	-2.1669	1011.8	0	
150.746	-2.90651	1008.84	0	
137.5	-1.02905	1020.86	0	
139.266	-2.19037	1007.87	0	
130.64	-4.06799	990.118	0	
141.177	-3.32534	995.397	0	
131.994	-2.06993	998.698	0	
129.955	-2.8545	993.271	0	
128.542	-2.01633	984.562	0	
127.18	-2.91409	988.371	0	
122.911	-1.78555	990.776	0	
122.775	-2.84652	988.803	0	
115	-1.02905	964.699	0	
116.766	-2.19037	993.511	0	
86.8898	-4.06799	1007.06	0	
113.542	-2.01633	984.055	0	
108.75	-1.03479	972.98	0	
109.078	-2.00504	986.118	0	
-117.089	-1.78555	1004.08	0	
-117.225	-2.84652	995.925	0	
-125	-1.02905	966.12	0	
-123.234	-2.19037	1006.86	0	
-78.5826	-3.79821	1011.82	0	
-143.899	-7.68728	982.195	0	
-90	-1.03479	979.094	0	
-89.6723	-2.00504	978.439	0	
-97.5	-0.792406	1013.53	0	
-97.0644	-2.07688	1006.3	0	
-116.287	-3.24559	1003.4	0	
-108.125	-3.34884	994.039	0	
-104.256	-2.06993	1011.26	0	
-112.466	-3.07092	998.217	0	
-107.708	-2.01633	1002.88	0	
-116.633	-5.94785	1003.17	0	
-141.434	-1.75189	1035.24	0	
-142.267	-2.05915	1031.71	0	
-130.506	-2.06993	1020.56	0	
-141.756	-5.80291	983.05	0	
-140.354	-6.17065	987.711	0	
-130.457	-4.4054	994.907	0	
-20.8387	-1.78555	1030.83	0	
-20.9751	-2.84652	1036.39	0	
-28.75	-1.02905	1049.21	0	
-26.9845	-2.19037	1029.36	0	
-43.7875	-3.24559	995.1	0	
-46.3858	-5.74538	1003.07	0	
6.25	-1.03479	1107.27	0	
6.57772	-2.00504	1086.92	0	
-1.25	-0.792406	1044.7	0	
-0.814428	-2.07688	1058.23	0	
-20.0375	-3.24559	1042.57	0	
-11.875	-3.34884	1041.34	0	
-8.00561	-2.06993	1052.55	0	
-16.2164	-3.07092	1044.92	0	
-11.4583	-2.01633	1026.23	0	
-20.3828	-5.94785	1055.69	0	
-44.5887	-1.78555	991.885	0	
-44.7251	-2.84652	997.826	0	
-34.2556	-2.06993	1022.74	0	
-49.5151	-8.22246	1007.1	0	
-44.2462	-5.42835	994.203	0	
-34.2075	-4.4054	1001.71	0	
-75.0375	-3.24559	1002.53	0	
25.1674	-3.79821	1019.25	0	
-75.8387	-1.78555	991.561	0	
-75.9751	-2.84652	996.268	0	
-83.75	-1.02905	968.692	0	
-81.9845	-2.19037	986.809	0	
-90.0446	-2.8545	984.705	0	
-86.5873	-2.94281	981.817	0	
102.5	-1.03479	992.726	0	
102.828	-2.00504	1008.41	0	
95	-0.792406	1016.03	0	
95.4356	-2.07688	1013.78	0	
76.2125	-3.24559	1002.9	0	
84.375	-3.34884	995.607	0	
88.2444	-2.06993	1007.98	0	
80.0336	-3.07092	1007.72	0	
84.7917	-2.01633	997.162	0	
75.8672	-5.94785	1016.39	0	
75.4113	-1.78555	994.044	0	
75.2749	-2.84652	999.173	0	
67.5	-1.02905	997.027	0	
69.2655	-2.19037	996.029	0	
52.4625	-3.24559	1001.51	0	
49.8642	-5.74538	1011.31	0	
61.9944	-2.06993	1000.14	0	
46.7349	-8.22246	1021.09	0	
52.0038	-5.42835	1013.6	0	
62.0425	-4.4054	1005.13	0	
51.6613	-1.78555	987.754	0	
51.5249	-2.84652	993.101	0	
21.2125	-3.24559	1041.54	0	
107.75	-4.43486	1008.41	0	
20.4113	-1.78555	1054.73	0	
20.2749	-2.84652	1030.01	0	
12.5	-1.02905	1043.49	0	
14.2655	-2.19037	1081.24	0	
6.20541	-2.8545	1095.31	0	
9.66268	-2.94281	1069.96	0	
154.161	-1.78555	1016.16	0	
154.025	-2.84652	1013.42	0	
152.292	-2.01633	1012.06	0	
139.039	-4.35802	989.891	0	
137.911	-1.78555	1008.56	0	
137.775	-2.84652	1003.41	0	
116.213	-3.24559	997.1	0	
154.963	-3.24559	1011.73	0	
115.411	-1.78555	990.736	0	
115.275	-2.84652	991.053	0	
107.292	-2.01633	1000.22	0	
109.247	-3.78292	1000.8	0	
-140.037	-3.24559	1014.07	0	
-71.0826	-3.79821	998.983	0	
-124.589	-1.78555	1010.02	0	
-124.725	-2.84652	997.423	0	
-92.8202	-2.91409	991.277	0	
-85.2083	-2.01633	975.283	0	
-97.684	-1.75189	995.803	0	
-98.5173	-2.05915	1003.5	0	
-152.708	-2.01633	1012.46	0	
-145.211	-4.15655	998.327	0	
-23.5826	-3.79821	1034.35	0	
3.37811	-4.98343	1043.54	0	
-28.3387	-1.78555	1028.29	0	
-28.4751	-2.84652	1024.56	0	
3.42981	-2.91409	1098.91	0	
11.0417	-2.01633	1069.2	0	
-1.43402	-1.75189	1058.49	0	
-2.26735	-2.05915	1039.55	0	
-48.9583	-3.47328	995.396	0	
-47.6197	-4.31165	999.284	0	
-88.4261	-3.92482	985.86	0	
-92.8719	-4.98343	991.64	0	
-83.3387	-1.78555	983.043	0	
-83.4751	-2.84652	985.689	0	
99.6798	-2.91409	1004.47	0	
107.753	-2.80091	994.507	0	
94.816	-1.75189	1003.23	0	
93.9827	-2.05915	1011.18	0	
72.6674	-3.79821	1007.51	0	
120.167	-3.79821	992.259	0	
67.9113	-1.78555	996.746	0	
67.7749	-2.84652	1004.54	0	
47.2917	-3.47328	988.964	0	
50.1448	-3.88818	1001.56	0	
17.6674	-3.79821	1057.47	0	
-0.0374544	-3.24559	1047.98	0	
12.9113	-1.78555	1100.44	0	
12.7749	-2.84652	1071.29	0	
148.483	-4.32001	1009.23	0	
187.308	-1.93891	1092.28	0	
147.862	-1.54577	1031.76	0	
148.712	-3.13655	1011.2	0	
133.929	-3.08731	995.997	0	
138.713	-3.24559	1004.66	0	
90.6555	-3.51902	1008.46	0	
102.455	-2.8545	1005.02	0	
-152.829	-5.21478	1023.89	0	
-131.801	-4.25718	1001.24	0	
-122.157	-4.23242	1001.05	0	
-96.2875	-3.24559	998.149	0	
-46.1052	-3.88818	997.948	0	
-35.5505	-4.25718	992.45	0	
-25.9071	-4.23242	1022.12	0	
13.7125	-3.24559	1089.12	0	
-100.639	-4.06622	991.586	0	
-82.5375	-3.24559	993.598	0	
48.6303	-4.31165	1002.33	0	
96.2125	-3.24559	1011.32	0	
60.6995	-4.25718	1005.71	0	
70.3429	-4.23242	1009.42	0	
-4.38926	-4.06622	1051.94	0	
7.82395	-3.92482	1067.67	0	
146.42	-3.14785	1009.06	0	
147.178	-4.41078	1003.01	0	
34.7917	-2.72654	992.015	0	
33.9583	-2.72654	1008.26	0	
126.034	-3.06466	987.018	0	
126.041	-5.36183	998.289	0	
-147.837	-2.94281	1003.21	0	
-142.682	-2.77243	1017.9	0	
-160.208	-1.16463	930.376	0	
-201.338	-10.2031	1069.41	0	
-153.958	-2.72654	1017.05	0	
-152.247	-2.80091	996.635	0	
-156.042	-3.47328	1015.51	0	
-156.458	-2.72654	1001.54	0	
-52.8373	-2.94281	989.745	0	
-49.7917	-3.47328	986.297	0	
-58.9583	-2.72654	990.421	0	
-57.7083	-2.01633	986.059	0	
-56.2946	-2.8545	986.69	0	
-57.2473	-2.80091	980.763	0	
-65.2159	-3.06466	989.023	0	
-65.2085	-5.36053	991.934	0	
-72.7159	-3.06466	998.834	0	
-69.5113	-3.00667	992.526	0	
43.4127	-2.94281	986.652	0	
46.4583	-3.47328	990.83	0	
36.0417	-2.01633	988.906	0	
32.5816	-3.68836	1008.64	0	
32.1798	-2.91409	988.598	0	
36.4583	-2.72654	1000.78	0	
23.5341	-3.06466	1019.16	0	
26.7387	-3.00667	1019.66	0	
118.534	-3.06466	988.484	0	
121.739	-3.00667	987.237	0	
-121.466	-3.06466	998.354	0	
-118.261	-3.00667	1000.99	0	
-93.9659	-3.06466	993.678	0	
-93.9594	-5.36183	993.234	0	
-109.003	-2.80091	1004.56	0	
-107.247	-2.80091	1006.62	0	
-146.042	-2.72654	1011.24	0	
-147.44	-3.72538	999.857	0	
-25.2159	-3.06466	1023.45	0	
-22.0113	-3.00667	1033.03	0	
2.28409	-3.06466	1047.22	0	
2.29056	-5.36183	957.908	0	
-12.7527	-2.80091	1041.05	0	
-10.9973	-2.80091	1054.58	0	
-48.9583	-2.01633	986.719	0	
-45.7613	-3.00667	990.487	0	
-52.44	-3.72538	992.984	0	
-48.5417	-2.72654	980.278	0	
-80.2159	-3.06466	1002.73	0	
-77.0113	-3.00667	1002.34	0	
98.5341	-3.06466	1003.87	0	
98.5406	-5.36183	1007.56	0	
83.4973	-2.80091	999.046	0	
85.2527	-2.80091	999.524	0	
71.0341	-3.06466	997.711	0	
74.2387	-3.00667	1002.37	0	
47.2917	-2.01633	965.597	0	
50.4887	-3.00667	995.96	0	
43.81	-3.72538	997.038	0	
47.7083	-2.72654	982.589	0	
16.0341	-3.06466	1063.42	0	
19.2387	-3.00667	1050.61	0	
151.132	-3.93062	1017.95	0	
152.989	-3.00667	1020.64	0	
111.032	-2.99641	994.655	0	
114.239	-3.00667	994.011	0	
-87.7179	-2.99641	990.792	0	
-84.5113	-3.00667	990.851	0	
8.53206	-2.99641	1087.29	0	
11.7387	-3.00667	1095.02	0	
104.782	-2.99641	1006.18	0	
102.997	-3.78292	1011.45	0	
-143.54	-2.72962	1023.49	0	
-140.951	-3.13784	1019.45	0	
-99.9558	-2.85377	1003.18	0	
-97.2008	-3.13784	1000.86	0	
-3.70582	-2.85377	1029.12	0	
-0.950756	-3.13784	1067.73	0	
92.5442	-2.85377	1009.89	0	
95.2992	-3.13784	1005.97	0	
41.5739	-3.92482	998.606	0	
46.0417	-2.72654	978.539	0	
127.582	-3.68916	993.35	0	
132.502	-3.08731	987.566	0	
127.128	-4.98343	998.931	0	
128.572	-3.57598	993.263	0	
-152.662	-3.55114	1019.34	0	
-152.231	-4.40508	1012.33	0	
-159.148	-3.04538	961.605	0	
-165.564	-17.3854	987.604	0	
-154.373	-3.97501	1024.71	0	
-150.753	-3.78292	998.17	0	
-160.293	-8.30276	1012.73	0	
-155.208	-3.47328	1017.47	0	
-158.057	-10.316	1025.04	0	
-143.957	-3.47621	1005.87	0	
-58.5398	-3.47677	988.95	0	
-57.2309	-4.40508	998.018	0	
-61.4583	-2.72654	986.851	0	
-57.6621	-3.55114	994.093	0	
-62.7232	-3.50081	994.195	0	
-55.7527	-3.78292	989.793	0	
-64.0702	-2.91409	992.342	0	
-63.6684	-3.68836	993.272	0	
-61.8899	-3.99904	995.381	0	
-60.2083	-3.47328	990.66	0	
-72.8478	-5.56717	1007.02	0	
-69.264	-5.46522	987.728	0	
39.9554	-2.8545	984.722	0	
39.0191	-4.40508	1008.74	0	
37.2917	-2.72654	989.046	0	
38.5879	-3.55114	991.769	0	
34.3601	-3.99904	1003.52	0	
37.7102	-3.47677	1000.93	0	
35.2083	-3.47328	1002.46	0	
33.5268	-3.50081	991.865	0	
23.4022	-5.56717	1034.18	0	
26.986	-5.46522	1023.8	0	
118.402	-5.56717	1003.85	0	
114.489	-5.47929	1011.66	0	
-121.598	-5.56717	1007.41	0	
-125.6	-5.31383	1000.53	0	
-92.4178	-3.68916	991.907	0	
-89.5027	-3.78292	992.402	0	
-90.9952	-4.42757	992.958	0	
-86.1036	-3.83222	995.822	0	
-109.687	-5.39772	990.778	0	
-106.295	-2.8545	1000.12	0	
-110.64	-4.06799	997.032	0	
-98.2818	-3.59669	997.892	0	
-146.478	-3.50911	1001.89	0	
-141.985	-3.52613	1013.49	0	
-25.3478	-5.56717	1035.28	0	
-29.3495	-5.31383	1014.18	0	
3.83223	-3.68916	1030.76	0	
6.7473	-3.78292	1054.39	0	
5.25478	-4.42757	1019.49	0	
10.1464	-3.83222	1073.21	0	
-13.4371	-5.39772	1058.38	0	
-10.0446	-2.8545	1022.9	0	
-14.3898	-4.06799	1053.06	0	
-2.03178	-3.59669	1013.83	0	
-51.4777	-3.50911	995.569	0	
-47.7083	-2.72654	993.664	0	
-51.0637	-4.19254	994.686	0	
-47.2189	-3.60804	989.63	0	
-80.3478	-5.56717	1014.47	0	
-84.2613	-5.47929	996.468	0	
100.082	-3.68916	1008.44	0	
112.646	-3.83222	1001.53	0	
110.324	-3.92482	1001.13	0	
107.317	-3.58364	1007.25	0	
82.8129	-5.39772	995.528	0	
86.2054	-2.8545	1004.44	0	
81.8602	-4.06799	1010.82	0	
94.2182	-3.59669	1012.49	0	
70.9022	-5.56717	1014.39	0	
66.9005	-5.31383	1013.72	0	
44.7723	-3.50911	993.132	0	
48.5417	-2.72654	983.007	0	
45.1863	-4.19254	1001.13	0	
49.0311	-3.60804	998.472	0	
15.9022	-5.56717	1068.27	0	
11.9887	-5.47929	1044.13	0	
108.705	-2.8545	995.783	0	
101.072	-3.57598	1007.4	0	
-91.4282	-3.57598	989.257	0	
-94.651	-4.21812	993.75	0	
4.82178	-3.57598	1078.74	0	
1.59897	-4.21812	1056.33	0	
105.913	-2.94281	1009.74	0	
106.31	-3.72554	1007.14	0	
97.849	-4.21812	1009.72	0	
101.505	-4.42757	1011.27	0	
-144.792	-3.47313	1012.42	0	
-146.064	-4.19253	1001.18	0	
-103.124	-4.43041	986.27	0	
-108.125	-4.73217	995.039	0	
-6.87403	-4.43041	1033.64	0	
-11.875	-4.73217	1059.98	0	
89.376	-4.43041	1000.49	0	
84.375	-4.73217	1008.76	0	
121.393	-3.89079	995.869	0	
143.936	-3.97268	995.547	0	
125.349	-4.21812	997.004	0	
129.043	-4.50658	996.005	0	
-154.834	-5.62943	1033.79	0	
-149.676	-3.92482	1007.34	0	
-156.465	-4.16242	1021.77	0	
-88.4597	-6.17559	986.578	0	
-157.746	-3.54331	997.838	0	
-157.336	-4.23245	1023.51	0	
-155.953	-5.20944	1032.24	0	
-151.274	-4.58327	1016.73	0	
-87.8931	-5.00841	996.951	0	
-54.6761	-3.92482	999.526	0	
-59.3731	-3.97501	997.782	0	
7.79028	-6.17559	1002.62	0	
-65.9011	-4.21822	998.237	0	
-59.3047	-5.11624	1004	0	
-64.1215	-4.98124	1001.92	0	
-60.5387	-5.90518	1002.55	0	
8.35687	-5.00841	1027.89	0	
92.527	-5.11846	1011.08	0	
30.3489	-4.21822	998.266	0	
32.1285	-4.98124	996.008	0	
36.0417	-3.47328	994.592	0	
34.378	-5.06466	1000.59	0	
35.7113	-5.90518	1007.07	0	
36.8769	-3.97501	1001.6	0	
-101.844	-3.51902	999.616	0	
-99.973	-5.11846	991.175	0	
-145.501	-5.7656	991.265	0	
-69.8571	-3.89079	998.629	0	
-156.677	-7.51666	1034.62	0	
-49.707	-5.1949	1001.65	0	
-148.977	-5.20289	998.858	0	
-147.813	-5.59213	1003.48	0	
-5.59449	-3.51902	1014.28	0	
-3.72305	-5.11846	959.613	0	
-56.2742	-4.58327	1002.27	0	
26.3929	-3.89079	1005.73	0	
-39.9676	-3.06872	1003.54	0	
46.543	-5.1949	1006.69	0	
-53.9766	-5.20289	999.187	0	
-50.211	-4.15672	999.802	0	
-55.8234	-5.70833	1002.02	0	
-48.5258	-4.17689	993.434	0	
-52.8132	-5.59213	1013.59	0	
-47.2738	-5.38006	998.342	0	
91.8607	-4.06622	1001.21	0	
105.879	-5.0575	1014.42	0	
36.9453	-5.11624	1005.81	0	
130.158	-4.945	1001.32	0	
56.2824	-3.06872	1001.24	0	
110.29	-6.17488	1013.84	0	
42.2734	-5.20289	1011.61	0	
46.039	-4.15672	1000.65	0	
40.4266	-5.70833	1012.49	0	
47.7242	-4.17689	1002.21	0	
39.9758	-4.58327	1001.66	0	
48.9762	-5.38006	1011.26	0	
-90.0224	-4.58092	989.745	0	
-89.5124	-5.89001	993.988	0	
6.22758	-4.58092	1034.76	0	
6.73765	-5.89001	979.336	0	
102.928	-5.70651	1013.99	0	
107.848	-6.54104	1014.95	0	
104.074	-3.92482	1014.78	0	
104.773	-5.20318	1013.82	0	
99.6281	-4.98343	1010.59	0	
102.478	-4.58092	1013.12	0	
-150.823	-5.70833	1009	0	
-143.779	-5.33843	989.501	0	
76.6284	-4.52398	1010.26	0	
144.244	-11.4317	994.92	0	
128.127	-5.50143	1000.99	0	
128.872	-6.93342	1007.79	0	
-158.777	-5.20944	1012.61	0	
-143.448	-4.30353	1003.81	0	
-161.732	-2.79975	955.849	0	
-207.299	-15.0218	1068.53	0	
-182.365	-35.5359	975.872	0	
-79.1691	-5.28353	1007.95	0	
-150.997	-8.59138	1021.93	0	
-57.1302	-6.3947	1008.73	0	
-61.872	-5.06466	1003.65	0	
-58.0402	-5.47194	1002.82	0	
-115.872	-4.52398	1002.16	0	
17.0809	-5.28353	1059.2	0	
-19.6216	-4.52398	1068.75	0	
108.728	-4.58055	1008.21	0	
38.2098	-5.47194	1006.13	0	
43.4368	-5.59213	1010.78	0	
-139.58	-4.60081	985.127	0	
-145.691	-7.03602	997.169	0	
-96.7489	-6.89898	979.353	0	
-97.1496	-5.26597	987.548	0	
-149.602	-6.18605	1010.61	0	
-134.449	-4.25718	987.026	0	
-31.5017	-4.16217	1002.06	0	
39.1198	-6.3947	1015.22	0	
-0.498874	-6.89898	864.404	0	
-0.89962	-5.26597	951.293	0	
-70.5474	-6.44535	1002.89	0	
-54.6024	-6.18605	1014.51	0	
-52.4014	-4.79453	998.104	0	
-51.4417	-5.03664	1004.47	0	
-52.0429	-7.10465	1004.18	0	
-50.5017	-5.76581	1002.58	0	
-54.1682	-7.76797	1006.21	0	
-36.3389	-2.93321	1012.06	0	
-48.8551	-5.21507	1000.72	0	
-48.0926	-6.0103	1003.62	0	
64.7483	-4.16217	1008.68	0	
110.857	-5.00834	1008.4	0	
95.7511	-6.89898	1003.73	0	
95.3504	-5.26597	1012.14	0	
25.7026	-6.44535	1017.08	0	
41.6476	-6.18605	1011.62	0	
43.8486	-4.79453	1006.83	0	
44.8083	-5.03664	1005.65	0	
44.2071	-7.10465	1017.94	0	
45.7483	-5.76581	1014.23	0	
42.0818	-7.76797	1018.41	0	
59.9111	-2.93321	1004.28	0	
47.3949	-5.21507	1009.43	0	
48.1574	-6.0103	1013.16	0	
-91.9104	-5.42242	990.7	0	
-90.925	-6.50437	993.2	0	
4.33964	-5.42242	976.295	0	
5.32497	-6.50437	906.873	0	
106.858	-5.46739	1013.68	0	
109.237	-5.889	1012.45	0	
45.559	-7.03622	1015.07	0	
104.147	-6.18687	1018.09	0	
100.59	-5.42242	1011.7	0	
100.817	-6.41692	1012.07	0	
-147.401	-4.79453	997.791	0	
-146.442	-5.03663	999.782	0	
-147.043	-7.10465	995.72	0	
-144.707	-5.19453	1000.39	0	
-149.168	-7.76797	1007.56	0	
-132.589	-2.93321	1003.28	0	
-154.178	-7.28627	1030.99	0	
-151.919	-6.13754	1022.43	0	
-67.2642	-6.91889	984.305	0	
-50.691	-7.03622	1015.64	0	
28.9858	-6.91889	1024.09	0	
57.9209	-9.10125	989.718	0	
-165.569	-3.72058	953.841	0	
-124.19	-5.40086	999.477	0	
-65.8105	-6.63734	1000.72	0	
-38.3291	-9.10125	969.592	0	
-59.0799	-8.70786	1004.01	0	
-25.746	-9.39498	1060.58	0	
-36.875	-5.27905	979.513	0	
-45.618	-4.95711	995.596	0	
30.4395	-6.63734	1004.2	0	
104.619	-8.07335	1014.48	0	
37.1701	-8.70786	1020.72	0	
121.986	-5.46522	1000.51	0	
59.375	-5.27905	1002.61	0	
50.632	-4.95711	1008.98	0	
-100.432	-7.15932	967.689	0	
-118.014	-5.46522	1002.85	0	
-4.18243	-7.15932	895.112	0	
-21.764	-5.46522	1060.94	0	
101.373	-10.8863	1013.74	0	
97.6668	-7.08742	1013.55	0	
74.486	-5.46522	1010.18	0	
92.0676	-7.15932	1000.19	0	
-142.782	-6.56075	992.502	0	
-142.334	-4.31064	997.527	0	
-152.527	-7.43868	1026.96	0	
-121.996	-9.39498	1017.38	0	
-136.218	-3.06872	1002.44	0	
-128.568	-3.08143	999.903	0	
-38.1995	-4.25718	1001.38	0	
-32.318	-3.08143	1010.2	0	
58.0505	-4.25718	1006.09	0	
63.932	-3.08143	999.331	0	
133.106	-6.04794	995.516	0	
130.428	-6.60412	1001.26	0	
123.985	-6.91734	1007.21	0	
150.848	-20.0464	977.381	0	
-155.18	-8.32445	1038.16	0	
-52.0799	-10.5411	1007.67	0	
-40.8588	-5.44334	983.571	0	
-43.3792	-4.50999	989.73	0	
55.3912	-5.44334	1006.03	0	
52.8708	-4.50999	1006.39	0	
-87.5848	-7.52916	1001.12	0	
-84.8609	-3.89608	993.687	0	
8.66524	-7.52916	873.076	0	
11.3891	-3.89608	1056.58	0	
120.703	-6.44535	1008.58	0	
113.889	-3.89608	1002.44	0	
-94.8332	-7.08742	979.794	0	
-127.752	-4.16217	997.239	0	
-136.015	-9.53859	985.002	0	
-118.607	-3.89079	998.944	0	
-44.375	-6.99919	1005.29	0	
-22.3571	-3.89079	1037.88	0	
-42.8302	-8.44515	979.186	0	
-40.8536	-7.44458	1001.34	0	
51.875	-6.99919	1006.28	0	
73.8929	-3.89079	1007.84	0	
53.4198	-8.44515	1009.87	0	
55.3964	-7.44458	996.575	0	
-45.8903	-7.18841	997.66	0	
-48.1439	-7.56208	1007.94	0	
50.3597	-7.18841	1016.19	0	
48.1061	-7.56208	1016.55	0	
-141.655	-10.9683	969.603	0	
-134.129	-6.10622	993.168	0	
-52.772	-8.29733	1023.68	0	
-46.8296	-8.37487	1010.91	0	
43.478	-8.29733	1016.78	0	
49.4204	-8.37487	1013.08	0	
-164	-0.842706	944.646	0	
-160.19	-2.6252	994.789	0	
-171.26	-1.12398	959.11	0	
-163.118	-4.25546	994.524	0	
157.984	-3.31993	995.131	0	
162.75	-0.842706	947.344	0	
160.879	-2.92373	956.929	0	
162.233	-4.81544	959.355	0	
149.806	-4.94504	997.812	0	
157.495	-4.95032	986.821	0	
136.186	-4.14103	996.636	0	
140.456	-4.52612	998.628	0	
-73.4071	-4.23242	1006.38	0	
-71.6691	-5.28353	997.95	0	
-80.4167	-10.3326	1018.06	0	
-64.8646	-8.3096	988.363	0	
-77.3571	-3.89079	1010.24	0	
-74.2262	-6.72899	1017.59	0	
22.8429	-4.23242	1028.92	0	
24.5809	-5.28353	1021.24	0	
15.8333	-10.3326	890.455	0	
31.3854	-8.3096	1020.66	0	
18.8929	-3.89079	1041.4	0	
22.0238	-6.72899	1019.23	0	
117.843	-4.23242	1001.81	0	
119.581	-5.28353	1001.16	0	
112.877	-7.50462	1016.79	0	
125.437	-6.63718	1009.04	0	
111.164	-7.52928	1016.33	0	
117.03	-6.73778	1018.27	0	
-120.419	-5.28353	1001.26	0	
-119.297	-6.44535	1010.75	0	
-147.08	-10.5411	998.214	0	
-106.019	-7.46803	977.436	0	
-144.559	-9.99967	1001.48	0	
-147.772	-8.29733	1007.07	0	
-24.1691	-5.28353	1042.13	0	
-23.0474	-6.44535	1052.64	0	
1.41684	-7.08742	886.695	0	
-9.76913	-7.46803	983.642	0	
-27.9404	-5.40086	1013.84	0	
-23.5704	-9.08967	1063.61	0	
-80.9071	-4.23242	1004	0	
-78.0474	-6.44535	1026.79	0	
-74.2388	-9.20929	952.307	0	
-76.764	-5.46522	1009.52	0	
-81.7196	-6.73778	1013.65	0	
-82.2148	-8.98906	970.597	0	
72.0809	-5.28353	1010.91	0	
73.2026	-6.44535	1013.87	0	
102.182	-6.54766	1014.92	0	
86.4809	-7.46803	1009.63	0	
68.3096	-5.40086	1013.96	0	
93.8488	-8.33358	1009.11	0	
15.3429	-4.23242	1067.62	0	
18.2026	-6.44535	1039.63	0	
22.0112	-9.20929	1070.61	0	
19.486	-5.46522	1052.91	0	
14.5304	-6.73778	985.481	0	
14.0352	-8.98906	985.397	0	
112.049	-4.96932	1009.01	0	
113.194	-6.11121	1014.7	0	
107.957	-10.0357	1014.05	0	
114.373	-9.53907	1023.35	0	
-86.7013	-4.9694	989.719	0	
-85.556	-6.11128	1004.69	0	
-85.8729	-7.50385	982.258	0	
-84.3782	-9.53722	1006.66	0	
9.54871	-4.9694	1045.04	0	
10.694	-6.11128	1000.57	0	
10.3771	-7.50385	968.555	0	
11.8718	-9.53722	803.182	0	
132.08	-7.47425	1012.51	0	
134.746	-4.16808	991.276	0	
124.075	-4.31071	996.402	0	
123.313	-5.73457	1004.44	0	
-67.1755	-4.31081	989.413	0	
-67.9367	-5.73467	1002.23	0	
29.0745	-4.31081	1013.26	0	
28.3133	-5.73467	1001.72	0	
-95.9255	-4.31071	997.936	0	
-98.5926	-4.6597	989.513	0	
-103.786	-7.04865	968.829	0	
-106.563	-5.39772	979.575	0	
0.324502	-4.31071	1028.17	0	
-2.3426	-4.6597	1038.38	0	
-7.5359	-7.04865	937.563	0	
-10.3129	-5.39772	1013.56	0	
96.5745	-4.31071	1006.03	0	
93.9074	-4.6597	1001.94	0	
88.7141	-7.04865	1000.08	0	
103.633	-8.96714	1016.17	0	
-62.0477	-8.8546	1000.97	0	
34.2023	-8.8546	1015.79	0	
-65.6604	-12.2385	960.186	0	
44.1701	-10.5411	1023.47	0	
-43.9291	-11.1429	1029.33	0	
106.762	-8.25621	1020.01	0	
40.691	-8.79126	1019.57	0	
126.259	-8.10539	1011.81	0	
30.5896	-12.2385	1033.98	0	
128.121	-8.37598	1014.97	0	
98.349	-8.47005	1004.19	0	
102.415	-7.9218	1013.81	0	
-155.111	-10.7469	1030.68	0	
-60.5733	-7.64358	1004.15	0	
138.321	-5.52235	996.68	0	
152.541	-4.03078	1005.82	0	
-138.552	-9.35636	988.572	0	
-137.06	-5.53416	979.267	0	
-129.996	-3.08143	1002.68	0	
-129.047	-6.04201	994.929	0	
-33.7459	-3.08143	998.176	0	
-32.7973	-6.04201	992.659	0	
62.5041	-3.08143	1000.27	0	
63.4527	-6.04201	999.104	0	
131.229	-11.2697	1023.4	0	
151.99	-6.88415	994.303	0	
136.941	-5.40234	992.456	0	
141.133	-5.9764	987.603	0	
-74.6816	-4.325	1011.86	0	
-75.4428	-5.74886	1012.75	0	
21.5684	-4.325	1032.87	0	
20.8072	-5.74886	1048.36	0	
116.568	-4.325	1006.64	0	
115.814	-5.75765	1008.95	0	
-123.432	-4.325	1004.83	0	
-126.314	-4.14101	993.24	0	
-115.576	-8.16642	1006.22	0	
-113.246	-5.34905	994.39	0	
-27.1816	-4.325	1022.32	0	
-30.0644	-4.14101	1005.67	0	
-19.3257	-8.16642	1084.28	0	
-16.996	-5.34905	1054.53	0	
-82.1816	-4.325	1007.04	0	
-82.9362	-5.75765	1004.43	0	
69.0684	-4.325	1014.33	0	
66.1856	-4.14101	1012.15	0	
76.9243	-8.16642	998.932	0	
79.254	-5.34905	1014.61	0	
14.0684	-4.325	1055.11	0	
13.3138	-5.75765	1067.51	0	
105.405	-12.0508	1012.74	0	
116.536	-8.99008	1013.17	0	
-93.9774	-8.66503	986.308	0	
-91.6041	-8.13534	974.794	0	
2.27255	-8.66503	685.023	0	
4.64589	-8.13534	744.201	0	
129.195	-10.2093	1017.79	0	
146.046	-6.10183	992.186	0	
134.488	-5.91521	999.322	0	
135.867	-6.69788	997.304	0	
121.43	-8.68418	1009.71	0	
123.385	-8.88682	1013.86	0	
-69.8214	-8.68669	955.54	0	
-67.8655	-8.89079	991.883	0	
26.4286	-8.68669	1048.58	0	
28.3845	-8.89079	1021.81	0	
-66.1145	-9.89368	997.589	0	
-95.0051	-12.6851	969.662	0	
-55.559	-8.79126	1017.23	0	
1.24494	-12.6851	286.357	0	
85.9371	-5.39772	997.193	0	
70.504	-9.39498	999.463	0	
99.9643	-7.8529	1014.14	0	
101.084	-8.78437	1009.41	0	
-119.82	-9.08967	1002.11	0	
-122.652	-7.0343	1000.72	0	
-127.769	-5.79877	992.786	0	
-125.499	-7.54635	1002.5	0	
-48.3872	-12.3828	1012.06	0	
-26.4019	-7.0343	1036.55	0	
-31.5194	-5.79877	1007.17	0	
-29.2492	-7.54635	1017.45	0	
47.8628	-12.3828	1022.93	0	
69.8481	-7.0343	1009.14	0	
64.7306	-5.79877	1008.94	0	
67.0008	-7.54635	1003.76	0	
140.302	-7.00568	993.688	0	
142.7	-6.86574	989.027	0	
125.012	-9.68556	1020.29	0	
195.519	-2.32667	1114.77	0	
-98.6512	-8.33358	973.335	0	
35.6767	-7.64358	1010.56	0	
-2.40124	-8.33358	706.901	0	
103.223	-11.1651	1006.65	0	
72.6796	-9.08967	1000.96	0	
95.07	-11.0041	997.831	0	
-136.973	-6.98397	986.318	0	
-135.349	-7.69153	974.165	0	
-32.1235	-10.677	1020.86	0	
-33.5046	-8.27657	1003.44	0	
64.1265	-10.677	974.632	0	
97.6545	-10.9522	1011.33	0	
80.0504	-6.99449	996.688	0	
151.079	-11.5903	976.68	0	
-78.2205	-8.73643	967.25	0	
30.1355	-9.89368	1015.12	0	
8.79112	-11.9339	492.527	0	
110.443	-9.50362	1022.98	0	
-126.434	-6.49884	997.054	0	
-123.97	-6.77541	1005.56	0	
-30.1836	-6.49884	1009.27	0	
-27.72	-6.77541	1028.72	0	
66.0664	-6.49884	1011.52	0	
68.53	-6.77541	1013.68	0	
150.025	-6.43618	1005.43	0	
153.18	-5.49318	1009.45	0	
147.57	-7.50219	987.056	0	
142.406	-9.04296	994.655	0	
-113.344	-8.75328	989.997	0	
-118.411	-11.2883	1015.31	0	
-114.541	-4.53464	1003.32	0	
-111.901	-4.28441	1000.69	0	
-17.0944	-8.75328	1003.54	0	
-21.2298	-10.3281	1012.15	0	
-18.2907	-4.53464	1062.25	0	
-15.6508	-4.28441	1071.5	0	
79.1556	-8.75328	1016.25	0	
75.0202	-10.3281	1010.99	0	
77.9593	-4.53464	1006.89	0	
80.5992	-4.28441	1000.87	0	
-63.1585	-5.8593	997.952	0	
-63.2996	-7.91085	1000.47	0	
33.0915	-5.8593	1008.37	0	
32.9504	-7.91085	1008.06	0	
-205.568	-32.9721	1017.95	0	
-158.17	-8.54355	1032.08	0	
-42.0494	-4.51844	997.29	0	
-39.5061	-4.39269	995.077	0	
54.2006	-4.51844	1005.29	0	
56.7439	-4.39269	1003.54	0	
-138.25	-4.60927	1001.3	0	
-135.756	-4.39269	1000.44	0	
132.732	-9.94285	1011.52	0	
140.759	-8.90393	994.964	0	
-131.823	-7.75398	991.706	0	
-88.3496	-9.59591	969.369	0	
-29.7584	-9.79585	1043.21	0	
7.90043	-9.59591	685.144	0	
62.7454	-8.27657	991.334	0	
52.3209	-11.1429	989.968	0	
86.5779	-13.8833	985.054	0	
208.99	-5.28426	1137.11	0	
-59.5306	-11.2795	1005.57	0	
-57.3001	-7.89572	1007.29	0	
36.7194	-11.2795	1016.36	0	
38.9499	-7.89572	1014.33	0	
138.907	-6.71973	991.156	0	
136.37	-8.16582	1000.38	0	
138.03	-8.06765	998.865	0	
139.214	-9.60327	998.715	0	
134.987	-10.2845	1017.28	0	
161.413	-6.92918	970.97	0	
119.235	-10.2813	1027.47	0	
95.7393	-17.4777	983.561	0	
-50.1748	-10.5347	1025.48	0	
-46.4132	-10.8834	1006.04	0	
46.0752	-10.5347	1014.33	0	
49.8368	-10.8834	1011.7	0	
-176.012	-1.34606	981.177	0	
-160.335	-6.5477	1023.1	0	
-161.831	-10.7403	1014.15	0	
-188.999	-19.3034	1016.12	0	
158.946	-6.83953	984.017	0	
170.01	-1.12398	991.21	0	
-87.4589	-11.9339	994.939	0	
99.5587	-12.4369	996.306	0	
18.0295	-8.73643	1048.61	0	
4.49832	-12.069	443.463	0	
-153.134	-12.2646	1029.32	0	
-148.55	-12.2522	1017.05	0	
-121.489	-14.4624	1018.83	0	
-126.008	-9.79585	1001.47	0	
104.932	-18.5916	996.003	0	
112.453	-11.0673	1013.83	0	
-91.7517	-12.069	971.624	0	
-71.535	-10.5118	1008.73	0	
5.3409	-14.035	252.39	0	
24.715	-10.5118	1018.91	0	
-112.45	-6.99449	998.485	0	
-129.168	-15.7527	1001.31	0	
-16.1996	-6.99449	1081.86	0	
-27.5734	-11.3856	1021.25	0	
-144.852	-16.8136	992.455	0	
-124.741	-12.1163	1014.95	0	
-37.2846	-13.6039	1045.98	0	
-6.7017	-12.0229	515.399	0	
66.4916	-9.79585	988.547	0	
58.9654	-13.6039	961.061	0	
112.419	-14.9051	1009.09	0	
127.849	-11.938	1025.51	0	
147.347	-10.4774	1000.49	0	
153.266	-9.06305	1003.85	0	
-122.779	-11.9203	1001.28	0	
-102.474	-8.42323	971.612	0	
-20.7162	-13.563	978.205	0	
-6.22447	-8.42323	746.463	0	
75.5338	-13.563	971.888	0	
90.0255	-8.42323	1004.18	0	
68.6766	-11.3856	991.208	0	
136.037	-12.2238	1009.25	0	
-61.6144	-11.5018	982.83	0	
-55.5379	-10.963	1007.33	0	
34.6356	-11.5018	1032	0	
40.7121	-10.963	1022.92	0	
128.852	-14.5637	1025.67	0	
235.957	-15.9774	1083.07	0	
-178.777	-2.9619	968.942	0	
-162.755	-6.23594	984.051	0	
-156.495	-11.7116	1030.62	0	
-221.912	-14.5162	1093.36	0	
-169.141	-4.00209	957.386	0	
-167.19	-4.8303	967.699	0	
164.287	-4.15658	948.98	0	
166.707	-4.43785	972.682	0	
155.354	-8.54876	993.259	0	
132.793	-16.0264	1026.14	0	
-53.4549	-12.1835	1024.1	0	
-9.67296	-13.8421	342.958	0	
42.7951	-12.1835	1022.15	0	
33.1604	-13.2995	1009.97	0	
-53.1756	-15.7705	1017.8	0	
-138.938	-7.6289	973.175	0	
-134.594	-10.3937	978.371	0	
-155.484	-17.2341	1021.37	0	
-127.52	-14.6602	1015.67	0	
-47.7993	-19.2086	1002.7	0	
-31.0758	-17.4153	982.93	0	
48.4507	-19.2086	1041.08	0	
65.1742	-17.4153	982.356	0	
131.221	-14.31	1027.06	0	
153.572	-16.0839	1010.83	0	
-157.266	-14.2011	1023.09	0	
43.0744	-15.7705	1028.6	0	
11.0506	-11.9005	667.384	0	
89.5492	-12.064	1002.56	0	
125.528	-11.6848	1020.08	0	
119.86	-13.8177	1011.63	0	
-167.135	-7.23969	964.368	0	
-192.539	-4.26558	1063.66	0	
-133.857	-13.0595	1008.56	0	
-129.198	-9.41262	998.069	0	
-228.19	-24.6897	1043.43	0	
-128.413	-13.1119	998.582	0	
-132.411	-9.49708	992.737	0	
-132.552	-6.10622	980.364	0	
-166.307	-13.5038	997.65	0	
-108.605	-11.4398	959.438	0	
-130.943	-10.541	992.354	0	
-129.662	-7.54154	988.176	0	
-131.112	-14.0765	993.346	0	
-127.757	-10.8627	1004.91	0	
-135.282	-19.8734	1027.27	0	
-102.952	-12.0229	950.635	0	
-130.381	-12.4546	1004.71	0	
-128.544	-17.3008	1024.03	0	
-148.258	-15.1857	1019.12	0	
-3.6662	-13.8175	179.238	0	
-125.443	-18.0933	1006.68	0	
-125.597	-14.7313	1003.74	0	
-62.6835	-17.1843	968.866	0	
-85.1994	-11.9005	967.441	0	
-124.144	-16.6164	1023.72	0	
-121.999	-16.5434	1006.19	0	
-91.6409	-16.373	973.693	0	
-70.7541	-13.472	928.94	0	
4.6091	-16.373	145.16	0	
25.4959	-13.472	1014.7	0	
-110.152	-7.25958	983.171	0	
-116.205	-10.7321	993.598	0	
-13.9017	-7.25958	1023.26	0	
-12.3545	-11.4398	712.998	0	
82.3483	-7.25958	1014.42	0	
83.8955	-11.4398	1008.24	0	
-83.8414	-14.5362	992.426	0	
-76.2546	-10.6507	1016.97	0	
12.4086	-14.5362	463.2	0	
19.9954	-10.6507	961.041	0	
-97.6578	-11.3921	957.915	0	
-90.4292	-10.045	987.966	0	
-1.40778	-11.3921	432.038	0	
5.82085	-10.045	609.561	0	
-111.605	-11.7939	986.027	0	
-108.046	-8.66433	978.574	0	
-15.3552	-11.7939	891.258	0	
-11.7958	-8.66433	898.309	0	
80.8948	-11.7939	982.56	0	
84.4542	-8.66433	989.344	0	
-57.7296	-12.6391	1013.57	0	
-56.3189	-16.133	995.265	0	
38.5204	-12.6391	1028.63	0	
39.9311	-16.133	1040.21	0	
-173.564	-2.47004	968.376	0	
-165.151	-8.11045	995.785	0	
157.521	-9.12614	978.686	0	
160.271	-11.5138	992.925	0	
-36.2393	-7.66183	999.946	0	
-40.908	-14.645	982.805	0	
60.0107	-7.66183	987.493	0	
55.342	-14.645	1000.57	0	
92.8124	-13.4707	996.613	0	
138.603	-11.6407	1010.79	0	
-114.482	-16.5569	981.03	0	
-119.297	-14.1357	1001.8	0	
-106.853	-18.8267	962.667	0	
-90.9091	-14.035	980.159	0	
-63.0896	-13.2995	1004.62	0	
-81.2221	-13.5164	955.658	0	
-119.75	-18.497	1011.63	0	
-105.923	-13.8421	983.862	0	
-99.9162	-13.8175	967.215	0	
-124.617	-21.7604	1016.14	0	
15.0279	-13.5164	780.97	0	
33.5665	-17.1843	1039.12	0	
-177.258	-5.78191	991.946	0	
-175.551	-13.7225	989.511	0	
-170.014	-8.10752	974.601	0	
-170.068	-11.6224	973.705	0	
123.346	-14.3333	1028.28	0	
130.766	-41.4755	991.571	0	
-117.966	-16.82	1011.43	0	
-113.607	-13.3165	1001.7	0	
-93.8748	-11.0032	968.057	0	
-93.6138	-16.0889	973.634	0	
2.37524	-11.0032	450.206	0	
2.63623	-16.0889	203.585	0	
-136.481	-15.5337	979.855	0	
46.237	-15.9763	1008.33	0	
-50.013	-15.9763	1067.67	0	
-33.8137	-14.565	1039.23	0	
-118.828	-25.8063	1027.46	0	
62.4363	-14.565	958.84	0	
-89.2433	-18.71	983.96	0	
-88.6959	-14.349	972.376	0	
7.00668	-18.71	191.694	0	
7.55411	-14.349	325.432	0	
-158.473	-25.925	999.477	0	
-57.5305	-27.6829	1091.95	0	
-87.3706	-17.1144	980.139	0	
-82.1404	-18.8236	988.597	0	
-17.0729	-14.4419	719.262	0	
125.77	-16.4577	1022.04	0	
8.87942	-17.1144	172.811	0	
14.1096	-18.8236	515.629	0	
218.789	-9.67962	1115.99	0	
183.637	-7.09149	1071.92	0	
135.243	-14.7675	1023.91	0	
140.335	-13.8884	1009.61	0	
-181.714	-1.61583	1013.06	0	
-173.773	-5.29005	966.843	0	
163.087	-10.0309	971.088	0	
180.465	-1.61583	1058.22	0	
-76.9341	-14.5113	930.777	0	
-67.81	-14.1067	1007.8	0	
19.3159	-14.5113	937.805	0	
28.44	-14.1067	996.482	0	
-162.174	-17.4716	1013.98	0	
-121.07	-22.2371	997.609	0	
-58.6684	-18.9989	1049.38	0	
0.81144	-18.779	32.024	0	
37.5816	-18.9989	1028.3	0	
107.856	-15.3565	996.964	0	
138.207	-15.8819	1009.56	0	
143.531	-14.1381	998.294	0	
99.901	-16.4959	995.107	0	
79.1771	-14.4419	1001.82	0	
-111.48	-20.2273	1018.05	0	
-99.0883	-17.8006	965.601	0	
-27.2006	-15.1171	1043.03	0	
-2.83826	-17.8006	231.602	0	
69.0494	-15.1171	955.04	0	
46.6928	-24.0743	1028.38	0	
-166.112	-27.3981	978.537	0	
-68.8837	-22.4837	962.73	0	
-81.3835	-22.9609	958.431	0	
-67.2534	-16.8341	949.138	0	
14.8665	-22.9609	208.923	0	
28.9966	-16.8341	1000.24	0	
125.531	-19.801	1016.75	0	
145.65	-18.2045	1027.45	0	
136.74	-19.4185	1032.09	0	
140.986	-21.4915	991.229	0	
-74.1374	-16.0301	1009.12	0	
-64.6977	-18.8508	1002.93	0	
22.1126	-16.0301	882.625	0	
31.5523	-18.8508	981.958	0	
-95.4386	-18.779	978.577	0	
2.52004	-23.669	143.259	0	
27.3663	-22.4837	914.748	0	
30.7731	-22.4901	950.201	0	
-84.7755	-17.335	972.596	0	
-79.7054	-15.7809	998.197	0	
11.4745	-17.335	385.666	0	
16.5446	-15.7809	617.772	0	
218.255	-34.6155	1076.15	0	
132.745	-19.8694	1016.18	0	
-152.736	-16.2622	1023.58	0	
-150.381	-17.763	1024.91	0	
-144.708	-21.2594	1035.42	0	
-141.325	-14.5407	1007.58	0	
-62.9905	-26.6887	989.962	0	
-11.2357	-19.2992	321.573	0	
33.2595	-26.6887	977.466	0	
116.277	-16.8153	1016.61	0	
-128.495	-23.6616	1020.75	0	
19.247	-23.4473	673.075	0	
-188.557	-1.93891	1039.05	0	
-196.769	-2.32667	1064.22	0	
172.064	-6.00496	994.252	0	
174.369	-7.9727	1026	0	
197.421	-9.75588	1114.72	0	
191.289	-4.26558	1106.62	0	
80.6149	-19.5449	962.532	0	
38.7195	-27.6829	1022.16	0	
-73.6736	-19.0863	931.053	0	
-69.7337	-19.2556	1009.7	0	
22.5764	-19.0863	814.416	0	
26.5163	-19.2556	914.815	0	
122.174	-26.556	998.681	0	
124.937	-40.2492	971.785	0	
-148.731	-22.1193	992.333	0	
-130.945	-20.0681	999.503	0	
-89.5076	-23.3158	971.233	0	
-77.003	-23.4473	1002.55	0	
-71.1732	-25.5223	1024.45	0	
-65.4769	-22.4901	1025.34	0	
-169.77	-21.2264	998.627	0	
-64.5794	-30.6463	1066.02	0	
-139.982	-23.3262	987.006	0	
-137.645	-30.9202	1035.28	0	
-75.3526	-26.6553	981.35	0	
25.0768	-25.5223	800.81	0	
-31.4696	-23.2096	1050.99	0	
73.7048	-20.502	965.04	0	
-23.6801	-16.4504	910.758	0	
-15.6351	-19.5449	415.792	0	
72.5699	-16.4504	994.154	0	
85.0151	-19.3404	990.103	0	
129.698	-22.0559	1018.74	0	
117.076	-20.985	1001.68	0	
-103.053	-20.9905	1001.55	0	
-93.73	-23.669	989.635	0	
-49.5572	-24.0743	1099.33	0	
6.74241	-23.3158	29.618	0	
-184.618	-8.98987	1013.11	0	
-185.032	-3.55475	1014.9	0	
-206.623	-2.79194	1083.79	0	
-179.781	-9.87097	987.439	0	
180.177	-8.24429	1049.84	0	
187.785	-10.442	1081.46	0	
170.878	-14.4791	1006.38	0	
159.464	-15.8639	971.945	0	
-85.4635	-32.3384	994.959	0	
20.8974	-26.6553	571.188	0	
-7.43655	-21.463	42.5249	0	
90.9132	-21.5281	989.799	0	
-85.5482	-26.5803	1016.48	0	
-18.107	-29.5111	525.36	0	
10.7018	-26.5803	339.342	0	
111.968	-28.0025	988.657	0	
-18.1435	-22.7175	592.882	0	
-22.5452	-20.502	818.03	0	
78.1065	-22.7175	1003	0	
64.7804	-23.2096	975.84	0	
34.1156	-37.3795	959.387	0	
121.506	-22.1434	1008.39	0	
-24.1065	-30.9545	832.721	0	
-6.83217	-26.5477	189.78	0	
-130.495	-31.0609	1001.47	0	
174.884	-12.8846	1011.17	0	
178.79	-12.8864	1052.44	0	
-76.4692	-32.4504	999.93	0	
-69.3552	-29.4863	998.895	0	
-145.697	-34.3804	955.39	0	
-152.057	-27.6463	1027.04	0	
19.7808	-32.4504	538.372	0	
26.8948	-29.4863	799.508	0	
1.24121	-36.2378	246.334	0	
13.9656	-32.8618	309.667	0	
184.118	-14.761	1051.58	0	
227.701	-6.85826	1111.03	0	
133.014	-34.6533	978.668	0	
-106.794	-33.2356	994.931	0	
31.6706	-30.6463	928.93	0	
-72.173	-34.0637	1031.55	0	
-67.7476	-39.8274	1051.08	0	
-22.5359	-47.4922	642.914	0	
127.182	-26.4913	1004.91	0	
24.077	-34.0637	814.01	0	
28.5024	-39.8274	849.421	0	
-113.39	-24.9987	982.24	0	
-108.048	-28.3672	1025.84	0	
106.947	-24.7538	967.341	0	
92.4297	-27.5266	963.038	0	
-218.447	-3.35033	1090	0	
-175.995	-19.4449	979.383	0	
191.912	-9.23189	1104.22	0	
201.219	-12.4705	1109.54	0	
54.1181	-18.9378	991.885	0	
69.7905	-24.963	993.032	0	
-42.1319	-18.9378	1079.35	0	
-26.4595	-24.963	779.862	0	
-192.319	-8.83173	1044.28	0	
-201.547	-5.11861	1075.39	0	
72.1435	-30.9545	1025.41	0	
128.068	-30.7205	997.008	0	
42.4557	-33.5404	1050.19	0	
78.143	-29.5111	977.244	0	
-62.1344	-37.3795	1020.21	0	
-0.525287	-27.7753	12.0318	0	
84.4836	-32.7829	1019.91	0	
208.989	-20.8084	1098.3	0	
-28.0097	-38.1045	861.87	0	
123.686	-35.5846	988.253	0	
-53.7943	-33.5404	1023.04	0	
-35.3322	-36.6738	1030.84	0	
100.921	-29.485	981.451	0	
161.838	-60.3262	996.647	0	
118.807	-29.1208	995.72	0	
116.094	-38.0682	979.515	0	
115.315	-25.5586	986.463	0	
112.121	-35.7127	971.948	0	
60.9178	-36.6738	1062.9	0	
119.433	-33.9202	979.595	0	
120.859	-47.2293	961.676	0	
-183.583	-23.2797	1009.6	0	
-95.5796	-32.8724	991.687	0	
-114.065	-35.7792	1022.09	0	
68.2403	-38.1045	1022.03	0	
32.7098	-63.156	940.94	0	
9.60751	-38.8404	190.212	0	
-225.327	-7.3709	1082.88	0	
-187.923	-11.9402	1034.46	0	
170.297	-36.5037	1015.17	0	
163.474	-19.8544	1000.84	0	
-196.34	-11.9773	1054.4	0	
-194.679	-18.9528	1048.67	0	
73.7994	-47.6214	1048.29	0	
207.712	-10.3255	1120.2	0	
204.86	-2.4629	1126.11	0	
-212.356	-6.14227	1088.55	0	
129.252	-50.7796	982.961	0	
133.997	-47.3484	967.614	0	
213.211	-14.7209	1115.51	0	
215.594	-2.82136	1120.34	0	
-220.733	-37.1938	1036.75	0	
103.164	-47.8011	954.624	0	
189.04	-35.7251	1048.7	0	
199.849	-18.9164	1094.38	0	
169.619	-18.8059	996.67	0	
139.422	-30.3106	1019.2	0	
-55.5317	-23.7287	994.321	0	
-37.3685	-24.4061	1011.17	0	
-56.8093	-39.2794	1102.27	0	
-45.742	-28.3975	1030.9	0	
-52.3145	-47.6453	1019.1	0	
-39.2206	-29.0001	1074.97	0	
-47.9803	-33.9094	1102.49	0	
-43.191	-47.72	1083.06	0	
40.7183	-23.7287	1052.68	0	
58.8815	-24.4061	1033.49	0	
39.4407	-39.2794	1013.06	0	
50.508	-28.3975	1068.78	0	
43.9355	-47.6453	1026.4	0	
57.0294	-29.0001	1039.85	0	
48.2697	-33.9094	1058.72	0	
53.059	-47.72	1064.69	0	
146.739	-35.2634	980.091	0	
141.083	-48.4033	989.548	0	
-171.12	-37.8728	1010.54	0	
-73.0349	-48.8114	1056.62	0	
-12.6794	-31.8279	228.016	0	
-7.11451	-38.7862	142.691	0	
-126.706	-35.6751	1011.58	0	
-120.757	-31.7185	997.388	0	
-116.584	-45.0329	987.481	0	
-102.338	-25.7597	990.595	0	
-126.333	-45.697	1026.43	0	
-90.3084	-40.7522	1006.27	0	
-232.636	-4.02057	1093.22	0	
-213.24	-13.2876	1083.35	0	
-83.0809	-48.9441	1024.99	0	
112.882	-53.996	980.125	0	
-41.8717	-39.7232	1025.87	0	
-36.3206	-55.0703	921.504	0	
-51.4248	-68.4389	983.87	0	
9.79367	-57.9625	654.421	0	
54.3783	-39.7232	1066.51	0	
92.7142	-53.006	1011.64	0	
154.638	-31.4481	1001.07	0	
162.265	-25.6367	996.777	0	
146.844	-43.5002	998.602	0	
174.146	-25.0927	1019.5	0	
-10.5586	-47.7958	567.868	0	
26.2122	-47.5873	812.053	0	
-99.9985	-36.0407	1029.11	0	
-96.6648	-27.4598	1010.54	0	
-98.8599	-43.4908	995.51	0	
-80.4857	-35.5349	1028.04	0	
-163.404	-50.9608	942.771	0	
-107.716	-63.4503	1000.18	0	
-90.5028	-35.2672	1032.08	0	
-94.2465	-45.8076	1030.61	0	
155.531	-25.6086	1001.35	0	
162.53	-38.6767	993.915	0	
145.406	-55.4476	979.992	0	
154.317	-46.2331	987.459	0	
-213.385	-66.8866	1008.95	0	
-68.9458	-57.4799	1023.92	0	
-90.1982	-53.4761	1023.55	0	
-83.9074	-41.2679	1030.01	0	
162.103	-45.2249	1007.14	0	
179.505	-41.8783	1022.74	0	
-26.1557	-55.5594	883.817	0	
139.16	-65.0425	988.478	0	
197.836	-37.8736	1057.21	0	
182.569	-22.1973	1045.86	0	
84.0431	-43.7432	977.029	0	
105.034	-36.7207	974.61	0	
152.77	-54.4151	998.984	0	
130.092	-61.4294	973.407	0	
118.312	-65.1624	970.29	0	
75.0509	-68.8235	1019.2	0	
146.414	-81.4576	992.184	0	
-56.4852	-56.245	1052.85	0	
36.3201	-53.5053	953.944	0	
64.865	-77.0726	1005.51	0	
112.416	-78.8413	968.759	0	
59.9585	-55.1042	1051.54	0	
70.2087	-55.7224	1016.18	0	
190.375	-24.8482	1055.66	0	
208.311	-28.8887	1084.41	0	
178.328	-52.8869	1029.51	0	
191.284	-60.8463	1031.23	0	
-88.1029	-75.4263	1008.86	0	
201.257	-51.9863	1052.29	0	
232.766	-30.613	1092.38	0	
-94.3526	-64.6703	1001.7	0	
-21.2176	-68.4889	853.828	0	
-136.235	-54.5345	942.481	0	
-75.0762	-70.6121	1005.21	0	
-135.57	-69.1305	1008.2	0	
17.1658	-67.2349	836.801	0	
-40.3839	-67.1895	969.346	0	
-31.1675	-76.4316	929.159	0	
-40.0545	-114.942	946.334	0	
12.3999	-80.9419	887.887	0	
-62.4004	-77.8089	1013.72	0	
87.3127	-69.9851	970.417	0	
42.2377	-72.0126	980.679	0	
55.7444	-67.659	1013.88	0	
40.1802	-103.505	992.417	0	
95.4064	-81.6752	997.026	0	
28.0081	-85.7304	929.793	0	
122.096	-92.0535	990.564	0	
161.728	-77.7738	1002.44	0	
-193.993	-43.518	1014.66	0	
15.2296	-47.9657	599.407	0	
-2.66107	-58.4408	573.723	0	
-9.7003	-71.0667	829.266	0	
-2.01149	-84.2955	857.869	0	
-119.078	-74.1502	969.017	0	
-32.1741	-91.5468	938.661	0	
-46.1975	-98.0428	976.18	0	
174.139	-96.1654	1014.99	0	
-93.5477	-95.5998	970.322	0	
177.439	-132.495	1026.44	0	
-14.5355	-96.8328	932.656	0	
214.807	-50.7788	1063.19	0	
227.722	-62.6715	1055.85	0	
-226.174	-52.2763	1026.34	0	
140.1	-95.1239	990.601	0	
65.7718	-108.2	964.662	0	
71.1759	-93.9508	1008.11	0	
-196.369	-62.35	1010.26	0	
-111.16	-95.5437	998.676	0	
-0.0955761	-124.944	967.337	0	
140.341	-120.541	1000.76	0	
149.26	-111.77	1008	0	
224.915	-82.6931	1029.37	0	
-149.645	-83.0905	965.108	0	
-181.387	-78.8859	986.745	0	
-223.27	-87.3322	1022.59	0	
206.301	-97.3985	1027.95	0	
-122.3	-109.469	989.825	0	
89.4554	-97.3917	968.026	0	
115.761	-106.486	977.036	0	
94.5914	-125.39	974.429	0	
100.129	-108.99	1005.43	0	
-212.53	-108.31	1013.9	0	
-187.663	-104.4	1019.53	0	
-61.1884	-90.7965	969.592	0	
-17.3938	-112.921	956.233	0	
118.793	-131.494	984.88	0	
78.5133	-128.04	1010.17	0	
145.868	-135.276	1011.08	0	
29.3462	-123.276	959.591	0	
-50.7969	-127.592	993.776	0	
124.844	-118.328	1007.1	0	
104.171	-136.052	1013.66	0	
164.24	-142.504	1020.86	0	
167.986	-116.495	1016.34	0	
100.66	-156.977	991.654	0	
131.518	-141.125	1009.77	0	
68.4008	-148.446	984.275	0	
208.027	-119.4	1032.72	0	
190.911	-84.7228	1025.05	0	
-79.309	-103.773	1005.61	0	
-75.0605	-123.67	967.053	0	
-150.767	-144.01	1014.96	0	
-166.751	-116.842	997.722	0	
-117.627	-141.298	998.829	0	
196.992	-135.207	1028.98	0	
-237.04	-135.177	1023.77	0	
210.321	-157.735	1032.41	0	
231.512	-122.086	1031.13	0	
233.724	-149.676	1033.34	0	
-94.1678	-149.074	1006.41	0	
44.8253	-148.377	994.327	0	
