# File: UnstructuredGrid_Inversion_L0_Coarse_Iter03.dat
# (No specific header documentation)

-161.25	-0.496475	941.735	0	
-159.375	-0.668155	998.677	0	
-65.625	-0.431516	963.448	0	
30.625	-0.431516	1027.83	0	
-144.294	-102.036	1013.62	0	
126.875	-0.668155	994.503	0	
31.875	-0.668155	1050.74	0	
-165.826	-72.3824	1016.66	0	
-64.375	-0.668155	976.547	0	
-120.32	-2.91409	993.964	0	
-147.888	-47.073	1019.8	0	
-143.958	-2.01633	1029.95	0	
-158.741	-19.8395	1015.88	0	
-159.808	-14.2913	1017.36	0	
-115.104	-1.86538	990.104	0	
-108.175	-49.9394	1020.49	0	
-66.354	-1.86538	975.264	0	
-138.854	-1.86538	1039.76	0	
-156.794	-6.05848	1039.63	0	
-148.75	-1.09967	1002.84	0	
-145.208	-2.72654	1014.83	0	
-146.458	-2.01633	1020.52	0	
-125.881	-3.06027	1002.34	0	
-154.094	-4.85908	1032.23	0	
-157.708	-2.01633	964.368	0	
-151.071	-10.8319	1025.48	0	
-154.792	-2.72654	1017.11	0	
-158.77	-3.86216	1027.56	0	
125.625	-0.431516	1010.46	0	
-24.0702	-2.91409	1035.61	0	
-157.76	-5.35468	1035.48	0	
-46.4583	-2.01633	989.725	0	
-157.292	-2.72654	1010.9	0	
-160.13	-11.9534	1018.54	0	
-18.854	-1.86538	1030.64	0	
-151.295	-2.8545	1014.75	0	
29.896	-1.86538	1014.9	0	
-42.604	-1.86538	1007.75	0	
-169.22	-2.04966	950.339	0	
-53.75	-1.09967	982.662	0	
-165.6	-1.76839	957.95	0	
-167.3	-0.925681	942.593	0	
-62.2917	-2.72654	989.286	0	
-171.389	-5.89642	966.656	0	
-61.0417	-3.47328	991.387	0	
-164.269	-10.8597	988.374	0	
-59.7917	-2.72654	986.38	0	
-68.125	-0.36089	959.855	0	
-65.5207	-2.1669	983.408	0	
-87.5	-1.09967	980.988	0	
-158.125	-0.431516	988.332	0	
-156.875	-0.668155	919.869	0	
-80.5207	-2.1669	979.646	0	
-157.5	-1.09967	968.59	0	
-70.625	-0.431516	959.654	0	
79.375	-0.668155	976.114	0	
-154.375	-0.668155	1004.72	0	
55.625	-0.668155	982.52	0	
-153.125	-0.431516	998.437	0	
-150.625	-0.366631	1005.06	0	
38.5417	-2.01633	978.623	0	
-153.75	-1.09967	1016.45	0	
49.7917	-2.01633	970.772	0	
-155.625	-0.431516	962.623	0	
72.1798	-2.91409	994.709	0	
-162.583	-1.33918	980.705	0	
-60	-1.09967	972.743	0	
-149.375	-0.431516	1039.82	0	
-155	-1.09967	999.986	0	
31.0415	-5.36053	1019.09	0	
-148.125	-0.668155	1033.09	0	
31.0341	-3.06466	1010.53	0	
-146.875	-0.431516	1043.91	0	
-147.5	-1.09967	998.924	0	
36.875	-0.668155	1011.43	0	
32.7083	-2.01633	1019.97	0	
-144.375	-0.431516	1047.38	0	
28.125	-0.36089	1035.78	0	
-137.5	-1.09967	1029.15	0	
-139.375	-0.366631	1058.2	0	
25.625	-0.431516	1054.05	0	
-143.125	-0.668155	1054.16	0	
33.75	-1.09967	1008.64	0	
-143.75	-1.09967	1041.51	0	
34.375	-0.668155	1033.96	0	
8.75	-1.09967	1131.12	0	
-136.875	-0.668155	1058.53	0	
183.782	-3.55475	1094.97	0	
-135.625	-0.431516	1051.78	0	
-135	-0.798148	1010.32	0	
135.922	-2.00504	1008.51	0	
-136.25	-1.09967	1023.04	0	
149.65	-2.73747	1029.95	0	
131.936	-4.3008	999.817	0	
-131.25	-0.798148	1040.42	0	
129.003	-2.80091	994.165	0	
-122.604	-1.86538	996.456	0	
-128.75	-1.09967	1009.53	0	
129.375	-0.668155	989.738	0	
-130.625	-0.431516	1035.54	0	
133.125	-0.668155	1023.44	0	
-130	-1.09967	1025.38	0	
141.875	-0.668155	1057.08	0	
-138.125	-0.431516	1049.64	0	
15.7293	-2.1669	1084.02	0	
128.75	-1.09967	999.92	0	
-121.25	-1.09967	987.972	0	
120.625	-0.431516	996.285	0	
-121.875	-0.431516	1001.33	0	
-120.625	-0.668155	1004.8	0	
110.744	-2.06993	984.973	0	
-123.125	-0.366631	998.028	0	
123.125	-0.36089	982.087	0	
-116.875	-0.36089	984.856	0	
-120	-1.09967	965.245	0	
-133.661	-2.93321	1021.48	0	
-115.625	-0.366631	984.952	0	
-114.375	-0.431516	1007.9	0	
-127.5	-0.798148	987.568	0	
-113.75	-1.09967	976.296	0	
-119.375	-0.431516	1004.27	0	
-115	-0.798148	996.696	0	
100.625	-0.431516	992.665	0	
-93.125	-0.668155	969.599	0	
-112.5	-1.09967	985.928	0	
-103.125	-0.668155	1033	0	
-111.25	-0.798148	1013.08	0	
-103.75	-1.09967	1000.14	0	
-114.271	-2.1669	1000.77	0	
-111.875	-0.431516	995.899	0	
-110.328	-2.00504	1008.12	0	
-111.994	-2.06993	1007.19	0	
-108.125	-0.431516	1015.21	0	
-141.875	-0.431516	1052.83	0	
-104.375	-0.431516	1016.58	0	
-95.104	-1.86538	980.144	0	
-142.5	-1.09967	1044.67	0	
-105.625	-0.366631	1015.35	0	
-110.625	-0.366631	998.58	0	
-108.75	-1.09967	1002.23	0	
-109.375	-0.668155	1011.74	0	
-113.125	-0.668155	1014.34	0	
-104.405	-3.52006	993.696	0	
-128.125	-0.431516	1034.18	0	
127.708	-2.01633	994.292	0	
-102.5	-1.09967	983.284	0	
43.125	-0.668155	940.992	0	
-129.375	-0.668155	1031.44	0	
-101.875	-0.431516	997.763	0	
-133.125	-0.668155	1057.49	0	
-99.375	-0.668155	983.232	0	
-101.25	-0.798148	1005.74	0	
-90.9973	-2.80091	982.49	0	
-134.375	-0.366631	1047.23	0	
-95.625	-0.366631	969.793	0	
-150.089	-1.76841	1005.61	0	
-73.854	-1.86538	977.478	0	
-92.5	-1.09967	982.1	0	
-148.968	-2.99641	995.938	0	
-94.375	-0.431516	961.726	0	
-151.875	-0.668155	1026.1	0	
-93.75	-1.09967	979.96	0	
-135.744	-2.06993	1022.68	0	
-149.256	-2.06993	1009.87	0	
-88.75	-0.798148	961.486	0	
-147.292	-2.01633	1018.4	0	
-81.354	-1.86538	970.893	0	
-86.25	-1.09967	966.204	0	
-146.25	-1.09967	1014.64	0	
-88.125	-0.431516	954.64	0	
-145.625	-0.668155	1046.59	0	
-156.042	-2.01633	990.963	0	
-81.875	-0.366631	945.859	0	
-150	-0.798148	984.818	0	
-79.375	-0.668155	951.817	0	
-73.75	-0.798148	983.613	0	
-153.542	-2.01633	999.543	0	
-80.625	-0.431516	952.861	0	
-155.208	-2.01633	1011.33	0	
-85.625	-0.431516	952.023	0	
-156.25	-1.09967	1014.56	0	
-91.875	-0.431516	956.84	0	
-138.75	-0.798148	1041.69	0	
-158.75	-1.09967	940.872	0	
-72.5	-1.09967	984.184	0	
-20.625	-0.36089	1061.92	0	
-73.125	-0.431516	960.638	0	
-71.875	-0.668155	970.727	0	
-23.125	-0.431516	1064.98	0	
-74.375	-0.366631	967.765	0	
-158.542	-2.01633	993.092	0	
-31.25	-0.798148	1038.29	0	
-71.25	-1.09967	972.323	0	
3.125	-0.668155	1159.95	0	
-66.875	-0.366631	977.65	0	
30.7293	-2.1669	1008.27	0	
-14.0777	-2.00504	1046.98	0	
-65	-1.09967	975.517	0	
-8.15454	-3.52006	1008.9	0	
-66.25	-0.798148	978.531	0	
-37.4111	-2.93321	999.832	0	
-18.0207	-2.1669	1051.99	0	
-63.125	-0.431516	959.761	0	
-15.7444	-2.06993	1045.32	0	
-60.625	-0.431516	965.415	0	
-59.375	-0.668155	975.774	0	
-14.375	-0.366631	1059.17	0	
-61.875	-0.668155	979.519	0	
-13.125	-0.668155	1064.31	0	
-46.875	-0.431516	975.761	0	
-58.125	-0.431516	959.108	0	
-33.125	-0.668155	1064.95	0	
-54.375	-0.431516	967.329	0	
-53.125	-0.668155	944.476	0	
-41.7707	-2.1669	1005.16	0	
-55.625	-0.366631	964.154	0	
-41.4106	-3.16569	1001.31	0	
-58.75	-1.09967	976.949	0	
-44.375	-0.36089	994.751	0	
-62.5	-1.09967	979.579	0	
-6.875	-0.668155	1089	0	
-78.75	-1.09967	976.671	0	
-152.5	-1.09967	973.049	0	
-39.4944	-2.06993	1018.79	0	
-51.875	-0.431516	964.867	0	
-56.875	-0.668155	982.031	0	
-49.375	-0.431516	977.911	0	
-48.125	-0.668155	963.804	0	
-55.0889	-1.76841	969.541	0	
-48.75	-1.09967	966.079	0	
-38.125	-0.366631	1019.17	0	
-42.5	-0.798148	997.139	0	
-41.25	-1.09967	1015.45	0	
-50.625	-0.668155	945.943	0	
-41.875	-0.431516	1022.05	0	
-40.625	-0.668155	1010.78	0	
-52.2917	-2.01633	971.097	0	
-43.125	-0.366631	985.507	0	
-54.2556	-2.06993	976.542	0	
-47.5	-1.09967	997.684	0	
-53.9679	-2.99641	983.791	0	
-61.25	-1.09967	956.226	0	
-39.375	-0.431516	1023.14	0	
-62.7083	-2.01633	977.167	0	
-33.75	-1.09967	1014.5	0	
-35	-0.798148	1002.01	0	
-55	-0.798148	966.813	0	
-38.75	-0.798148	1029.14	0	
-61.0417	-2.01633	978.134	0	
-57.5	-1.09967	955.359	0	
-26.354	-1.86538	1036.95	0	
-63.5417	-2.01633	982.867	0	
-31.875	-0.431516	1049.83	0	
-25	-1.09967	1023.12	0	
-69.375	-0.668155	983.103	0	
-32.5	-1.09967	1018.3	0	
-63.75	-1.09967	973.261	0	
-34.375	-0.431516	1070.86	0	
-58.5417	-2.01633	972.828	0	
-40	-1.09967	1030.28	0	
-51.25	-1.09967	985.206	0	
-73.0207	-2.1669	988.451	0	
-25.625	-0.431516	1065.3	0	
-71.0417	-2.01633	983.698	0	
-18.75	-0.798148	1060.96	0	
-23.75	-1.09967	1047.66	0	
-70	-1.09967	988.191	0	
-24.375	-0.668155	1050.66	0	
-67.5054	-1.48403	970.852	0	
-78.125	-0.431516	950.936	0	
-19.375	-0.366631	1045.48	0	
-80	-1.09967	985.62	0	
-16.875	-0.668155	1067	0	
-16.25	-1.09967	1018.36	0	
93.5212	-2.84299	998.594	0	
-18.125	-0.431516	1053.28	0	
-91.4583	-2.01633	974.182	0	
-17.5	-1.09967	985.184	0	
-75.625	-0.36089	954.097	0	
82.5446	-2.8545	987.251	0	
-15	-0.798148	1014.91	0	
101.503	-2.80091	1004.39	0	
-12.5	-1.09967	1015.71	0	
-11.875	-0.431516	1051.49	0	
83.125	-0.668155	994.677	0	
-7.5	-1.09967	1009.01	0	
89.375	-0.668155	1006.93	0	
81.875	-0.366631	973.368	0	
-8.125	-0.431516	1067.76	0	
73.125	-0.431516	968.968	0	
-6.25	-1.09967	1048.54	0	
-5.625	-0.431516	1095.93	0	
66.6193	-3.06027	1004.86	0	
1.14595	-1.86538	1102.62	0	
75.625	-0.36089	970.709	0	
-9.375	-0.366631	1066.64	0	
80.5056	-2.06993	991.281	0	
-15.625	-0.431516	1073.32	0	
99.375	-0.668155	1000.59	0	
-26.875	-0.366631	1050.07	0	
-67.5	-0.727521	994.578	0	
-52.5	-1.09967	995.64	0	
-36.875	-0.668155	1059.17	0	
-137.661	-3.16569	1001.62	0	
-5	-0.798148	1046.36	0	
-3.125	-0.668155	1079.47	0	
63.125	-0.668155	978.582	0	
2.5	-1.09967	1068.94	0	
0.625	-0.366631	1156.13	0	
58.4223	-2.00504	995.14	0	
59.375	-0.668155	996.402	0	
1.875	-0.431516	1135.33	0	
58.125	-0.366631	974.763	0	
3.75	-1.09967	1142.54	0	
4.375	-0.431516	1152.8	0	
51.875	-0.36089	953.014	0	
22.396	-1.86538	1040.11	0	
56.7556	-2.06993	990.692	0	
7.5	-0.798148	1095.6	0	
65.9223	-2.00504	988.294	0	
42.2821	-2.99641	998.174	0	
8.125	-0.431516	1169.96	0	
41.9944	-2.06993	979.338	0	
10	-1.09967	1013.4	0	
10.625	-0.431516	1161.87	0	
45.625	-0.668155	940.665	0	
14.896	-1.86538	1094.94	0	
53.75	-0.798148	983.546	0	
45	-1.09967	986.741	0	
15.625	-0.431516	1117.16	0	
41.1611	-1.76841	969.936	0	
22.5	-0.798148	1044.36	0	
17.5	-1.09967	955.75	0	
33.5417	-2.01633	987.743	0	
16.875	-0.668155	1102.04	0	
39.375	-0.668155	1002.63	0	
14.375	-0.366631	1118.36	0	
43.9583	-2.01633	974.458	0	
23.75	-1.09967	1022.96	0	
49.375	-0.431516	957.06	0	
37.7083	-2.01633	991.945	0	
21.875	-0.366631	1063.7	0	
35	-1.09967	970.391	0	
24.375	-0.668155	1064.88	0	
30	-0.798148	1018.17	0	
35.2083	-2.01633	1007.79	0	
23.125	-0.431516	1062.11	0	
38.75	-1.09967	964.144	0	
28.7446	-1.48403	1023.64	0	
31.25	-1.09967	987.897	0	
28.75	-0.727521	1061.89	0	
125.729	-2.1669	991.875	0	
32.5	-1.09967	936.625	0	
25.2083	-2.01633	1040.53	0	
29.375	-0.366631	1040.04	0	
23.2293	-2.1669	1038.78	0	
25	-1.09967	956.834	0	
26.875	-0.668155	1060.07	0	
20.625	-0.36089	1067.52	0	
36.25	-1.09967	991.33	0	
4.79167	-2.01633	1148.02	0	
42.5	-1.09967	992.11	0	
37.5	-1.09967	956.254	0	
16.25	-1.09967	1079.52	0	
35.625	-0.431516	992.315	0	
18.125	-0.431516	1105.52	0	
151.875	-0.431516	1033.62	0	
40.625	-0.366631	943.106	0	
149.375	-0.431516	1038.6	0	
53.646	-1.86538	976.875	0	
43.75	-1.09967	969.479	0	
149.529	-1.8473	1023.6	0	
41.875	-0.431516	956.619	0	
144.672	-2.00504	1030.68	0	
38.125	-0.431516	976.054	0	
154.375	-0.36089	1028.78	0	
33.125	-0.431516	1010.77	0	
26.25	-1.09967	1031.95	0	
44.375	-0.431516	948.112	0	
41.25	-0.798148	977.114	0	
143.006	-2.06993	1020.98	0	
47.5	-1.09967	968.816	0	
138.75	-0.727521	1038.7	0	
48.125	-0.668155	936.856	0	
48.75	-1.09967	969.226	0	
136.875	-0.668155	1019.11	0	
46.875	-0.431516	948.679	0	
144.375	-0.366631	1056.49	0	
140	-0.798148	1004.15	0	
53.125	-0.366631	973.085	0	
135.625	-0.366631	1027.45	0	
77.396	-1.86538	984.631	0	
56.25	-1.09967	987.117	0	
130.625	-0.366631	1006.63	0	
54.375	-0.431516	971.549	0	
134.256	-2.06993	999.125	0	
55	-1.09967	961.749	0	
136.619	-3.06027	998.011	0	
121.875	-0.668155	992.444	0	
57.5	-0.798148	987.7	0	
61.25	-0.798148	991.127	0	
62.5	-1.09967	980.03	0	
61.875	-0.431516	971.756	0	
118.229	-2.1669	991.37	0	
56.875	-0.431516	1003.2	0	
123.745	-1.48403	987.03	0	
120.208	-2.01633	981.663	0	
69.896	-1.86538	971.467	0	
115.625	-0.36089	966.689	0	
64.375	-0.431516	986.445	0	
71.25	-1.09967	958.355	0	
113.125	-0.431516	981.12	0	
63.75	-1.09967	967.258	0	
121.25	-1.09967	976.753	0	
69.375	-0.366631	955.501	0	
123.75	-0.727521	1004.3	0	
91.25	-0.798148	1002.97	0	
131.161	-1.76841	998.953	0	
106.875	-0.431516	987.683	0	
70.625	-0.431516	978.685	0	
-116.255	-1.48403	988.457	0	
77.5	-0.798148	994.911	0	
72.5	-1.09967	986.178	0	
-121.771	-2.1669	1000.04	0	
71.875	-0.668155	985.883	0	
-118.125	-0.668155	1013.64	0	
-119.792	-2.01633	999.607	0	
76.875	-0.366631	970.495	0	
-123.75	-0.727521	1023.9	0	
124.896	-1.86538	988.948	0	
80	-1.09967	999.465	0	
-125.625	-0.668155	1035.61	0	
78.125	-0.431516	976.413	0	
-118.75	-1.09967	981.258	0	
78.75	-1.09967	987.959	0	
-116.25	-0.727521	1015.17	0	
-86.875	-0.668155	948.128	0	
81.25	-0.798148	990.534	0	
-90.625	-0.668155	960.824	0	
83.75	-1.09967	973.115	0	
84.375	-0.431516	990.668	0	
-92.2917	-2.01633	977.121	0	
88.75	-1.09967	1005.79	0	
-98.9788	-2.84299	995.636	0	
-98.125	-0.431516	1000.35	0	
88.125	-0.431516	1008.22	0	
-109.955	-2.8545	1000.27	0	
90	-1.09967	1002.32	0	
90.625	-0.431516	1000.82	0	
-95	-0.798148	1006.56	0	
97.396	-1.86538	997.5	0	
-98.75	-1.09967	997.625	0	
86.875	-0.366631	999.775	0	
-91.25	-1.09967	971.853	0	
80.625	-0.431516	977.891	0	
-94.2707	-2.1669	988.869	0	
101.042	-2.01633	998.419	0	
145.625	-0.668155	1060.99	0	
-100.625	-0.366631	1003.8	0	
93.125	-0.668155	1000.38	0	
-105.089	-1.76841	1008.37	0	
96.875	-0.366631	989.835	0	
98.75	-1.09967	993.848	0	
-106.875	-0.668155	1002.82	0	
-105	-0.798148	1017.67	0	
117.396	-1.86538	983.559	0	
-107.5	-1.09967	1010.93	0	
105	-1.09967	993.707	0	
103.75	-0.798148	1004.12	0	
-111.161	-1.76841	997.035	0	
100	-1.09967	994.514	0	
-108.542	-2.01633	1005.42	0	
98.125	-0.431516	999.489	0	
-113.909	-3.16789	996.028	0	
-140.625	-0.36089	1061.89	0	
111.25	-1.09967	987.067	0	
-134.078	-2.00504	1019.21	0	
109.375	-0.366631	988.871	0	
110.625	-0.431516	978.789	0	
-122.5	-0.798148	1006.91	0	
106.25	-1.09967	993.651	0	
-140.005	-1.48403	1049.58	0	
-126.875	-0.366631	1017.28	0	
117.5	-0.798148	990.048	0	
-131.339	-1.76841	1023.21	0	
118.75	-1.09967	985.909	0	
116.875	-0.366631	956.601	0	
-134.911	-1.76841	1029.82	0	
112.5	-1.09967	978.03	0	
-131.875	-0.366631	1033.68	0	
111.875	-0.668155	973.483	0	
-128.244	-2.06993	1006.35	0	
104.375	-0.431516	982.121	0	
-110	-1.03479	994.148	0	
-151.25	-1.03479	996.389	0	
119.375	-0.668155	973.246	0	
-139.484	-2.19037	1031.44	0	
120	-1.09967	990.509	0	
126.25	-1.09967	981.979	0	
-140	-0.727521	1039.35	0	
125	-0.798148	982.294	0	
-150.922	-2.00504	997.247	0	
-144.792	-2.01633	1035.89	0	
172.314	-2.47004	1017.16	0	
-20.0054	-1.48403	1047.76	0	
128.125	-0.431516	997.908	0	
132.5	-1.09967	986.136	0	
-25.5207	-2.1669	1039.78	0	
127.5	-1.09967	979.698	0	
-21.875	-0.668155	1034.22	0	
124.375	-0.366631	970.48	0	
-145	-1.09967	1011.65	0	
-23.5417	-2.01633	1031.02	0	
131.875	-0.431516	1004.82	0	
-27.5	-0.727521	1036.52	0	
133.75	-1.09967	1003.69	0	
134.375	-0.431516	1010.63	0	
-29.375	-0.668155	1046.59	0	
139.896	-1.86538	1025.99	0	
-22.5	-1.09967	998.108	0	
9.375	-0.668155	1164.94	0	
141.25	-1.09967	1011.94	0	
5.625	-0.668155	1172.14	0	
140.625	-0.431516	1061.62	0	
156.146	-1.86538	1027.45	0	
3.95833	-2.01633	1093.45	0	
139.375	-0.366631	1024.19	0	
-2.72879	-2.84299	1084.61	0	
135	-0.798148	1002.22	0	
1.97929	-2.1669	1119.39	0	
131.25	-0.798148	1007.82	0	
-20	-0.727521	1035.53	0	
118.125	-0.431516	992.935	0	
-133.75	-1.03479	1026.08	0	
-1.875	-0.431516	1077.84	0	
143.125	-0.431516	1048.87	0	
-13.7054	-2.8545	1057.86	0	
150	-1.09967	1040.09	0	
146.25	-1.09967	1025.18	0	
1.25	-0.798148	1119.51	0	
143.75	-0.798148	1043.16	0	
-2.5	-1.09967	1086.8	0	
-4.375	-0.366631	1078.52	0	
150.625	-0.668155	1022.21	0	
-8.83895	-1.76841	1043.98	0	
151.25	-1.09967	1030.1	0	
157.5	-1.09967	1037.1	0	
-17.6594	-3.16789	1044.14	0	
156.25	-0.798148	1012.87	0	
-10.625	-0.668155	1055	0	
148.125	-0.366631	1034.69	0	
-5.74439	-2.06993	1063.76	0	
-12.2917	-2.01633	1061.41	0	
156.875	-0.431516	994.524	0	
-14.9111	-1.76841	1046.61	0	
158.958	-1.16463	966.309	0	
160	-0.496475	943.749	0	
-13.75	-1.03479	1048.82	0	
158.125	-0.668155	965.488	0	
-11.25	-1.09967	1064.63	0	
-43.7554	-1.48403	999.835	0	
159.338	-2.74918	954.363	0	
-26.25	-0.798148	1050.83	0	
164.35	-1.76839	950.851	0	
166.05	-0.925681	961.151	0	
-31.9944	-2.06993	1020.28	0	
155.521	-4.78762	1010.25	0	
-37.8277	-2.00504	1033.11	0	
161.333	-1.33918	932.333	0	
-45.625	-0.668155	969.27	0	
155.625	-0.366631	1006.01	0	
-8.75	-0.798148	1074.41	0	
-35.625	-0.366631	1032.99	0	
174.762	-1.34606	1037.9	0	
-38.6611	-1.76841	1016.24	0	
177.527	-2.9619	1070.96	0	
168.496	-7.04709	981.629	0	
-37.5	-1.03479	999.511	0	
166.796	-10.6094	985.861	0	
-35.0889	-1.76841	1026.7	0	
-55.9223	-2.00504	970.723	0	
154.805	-6.09945	1002.83	0	
-43.75	-0.727521	985.793	0	
119.775	-42.5718	982.676	0	
169.138	-29.3032	1002.17	0	
-47.2917	-2.01633	975.595	0	
199.784	-4.78957	1147.99	0	
-51.0417	-2.72654	979.772	0	
177.385	-6.05361	1052.06	0	
-56.25	-1.03479	954.051	0	
-50	-1.09967	994.894	0	
-68.75	-1.02905	959.115	0	
-66.9845	-2.19037	984.571	0	
-49.7917	-2.01633	965.84	0	
28.7125	-3.24559	1012.54	0	
-75.0054	-1.48403	969.589	0	
-79.0702	-2.91409	992.175	0	
-76.875	-0.668155	962.901	0	
-71.5702	-2.91409	992.676	0	
168.693	-54.0604	1021.02	0	
-46.25	-1.09967	994.48	0	
167.97	-2.04966	944.069	0	
-30.625	-0.366631	1061.84	0	
142.5	-1.09967	1023.39	0	
5	-1.09967	1039.13	0	
-75	-0.727521	994.412	0	
-101.994	-2.06993	1006.34	0	
-78.5417	-2.01633	984.044	0	
65	-0.798148	978.482	0	
-77.5	-1.09967	993.583	0	
-82.5	-0.727521	983.596	0	
-84.375	-0.668155	952.545	0	
98.2293	-2.1669	1002.37	0	
105.625	-0.668155	1000.2	0	
92.1723	-2.00504	999.93	0	
101.875	-0.668155	998.58	0	
100.208	-2.01633	999.997	0	
101.25	-1.09967	995.199	0	
94.375	-0.431516	1005.93	0	
93.75	-1.09967	996.205	0	
88.0955	-3.52006	999.328	0	
97.5	-0.798148	1005.54	0	
90.5056	-2.06993	1001.7	0	
91.875	-0.366631	1002.82	0	
85.625	-0.668155	997.222	0	
87.4111	-1.76841	1005.23	0	
82.1723	-2.00504	993.3	0	
87.5	-0.798148	1003.75	0	
83.9583	-2.01633	986.553	0	
85	-1.09967	976.352	0	
81.3389	-1.76841	985.284	0	
82.5	-1.03479	974.099	0	
74.375	-0.668155	974.48	0	
76.2446	-1.48403	978.189	0	
70.7293	-2.1669	986.099	0	
76.25	-0.727521	972.786	0	
72.7083	-2.01633	986.75	0	
73.75	-1.09967	986.495	0	
68.75	-0.727521	975.38	0	
66.875	-0.668155	972.867	0	
58.8389	-2.93321	1006.74	0	
70	-0.798148	973.977	0	
64.2556	-2.06993	988.421	0	
65.625	-0.366631	956.683	0	
60.625	-0.366631	972.867	0	
61.1611	-1.76841	986.504	0	
57.5889	-1.76841	995.68	0	
58.75	-1.03479	998.53	0	
50.625	-0.668155	940.991	0	
52.4946	-1.48403	974.3	0	
45.2083	-2.72654	984.587	0	
52.5	-0.727521	991.897	0	
48.9583	-2.01633	971.745	0	
50	-1.09967	991.58	0	
46.25	-1.09967	959.249	0	
46.4583	-2.01633	965.119	0	
40	-1.03479	952.243	0	
40.3277	-2.00504	991.945	0	
27.5	-1.02905	997.227	0	
29.2655	-2.19037	1027.55	0	
24.6798	-2.91409	1016.41	0	
121.042	-2.01633	990.779	0	
19.375	-0.668155	1096.62	0	
21.2446	-1.48403	1043.44	0	
17.1798	-2.91409	1060.13	0	
21.25	-0.727521	1103.2	0	
17.7083	-2.01633	1083.48	0	
18.75	-1.09967	1062.33	0	
13.75	-0.727521	1155.94	0	
11.875	-0.668155	1154.38	0	
153.125	-0.668155	1010.46	0	
154.995	-1.48403	1027.71	0	
145.155	-3.05088	1024.96	0	
155	-0.727521	1031.93	0	
151.458	-2.01633	1034.43	0	
152.5	-1.09967	1045.1	0	
146.875	-0.431516	1066.46	0	
148.696	-1.54577	1033.24	0	
147.758	-2.24637	1022.08	0	
148.75	-0.798148	1038.13	0	
143.839	-1.76841	1044.22	0	
145	-1.03479	1046.75	0	
138.125	-0.36089	1028.61	0	
138.745	-1.48403	1028.01	0	
135.089	-1.76841	1010.04	0	
136.25	-1.03479	1014.11	0	
130	-1.03479	1003.32	0	
130.328	-2.00504	997.57	0	
122.5	-1.02905	984.926	0	
124.266	-2.19037	992.688	0	
119.68	-2.91409	993.055	0	
156.979	-2.1669	989.603	0	
114.375	-0.668155	982.459	0	
116.245	-1.48403	976.537	0	
112.163	-2.94281	992.763	0	
116.25	-0.727521	992.586	0	
112.708	-2.01633	982.508	0	
113.75	-1.09967	970.469	0	
108.125	-0.668155	998.466	0	
109.911	-1.76841	982.32	0	
-117.5	-1.02905	968.969	0	
-115.734	-2.19037	1004.79	0	
-138.021	-2.1669	1030.87	0	
-67.5375	-3.24559	992.238	0	
-124.375	-0.36089	991.876	0	
-123.755	-1.48403	994.109	0	
-88.0056	-2.06993	967.68	0	
-81.25	-0.798148	972.893	0	
-86.0417	-2.01633	975.648	0	
-85	-1.09967	990.523	0	
-89.375	-0.366631	952.175	0	
-88.8389	-1.76841	969.222	0	
-96.875	-0.36089	952.716	0	
-96.2554	-1.48403	980.537	0	
-95.7345	-2.19037	1000.49	0	
-96.25	-0.727521	994.446	0	
-101.161	-1.76841	1001.87	0	
-100	-1.03479	1016.09	0	
-106.25	-1.03479	1014.65	0	
-105.922	-2.00504	1012.42	0	
-70.2083	-2.01633	981.417	0	
-100.328	-2.00504	997.212	0	
-141.25	-0.792406	1042.32	0	
-140.814	-2.07688	1028.97	0	
-153.54	-3.47677	1018.96	0	
-123.787	-3.24559	1002.96	0	
-127.411	-1.76841	1008.97	0	
-126.25	-1.03479	997.194	0	
-132.5	-1.03479	1009.31	0	
-132.172	-2.00504	1037.19	0	
-118.958	-2.01633	991.939	0	
-126.578	-2.00504	999.271	0	
-202.353	-21.532	1082	0	
-119.833	-3.79821	1003.76	0	
-21.25	-1.02905	1043.81	0	
-19.4845	-2.19037	1056.38	0	
-27.5375	-3.24559	1020.1	0	
5.25269	-2.80091	1078.29	0	
-28.125	-0.36089	1065.32	0	
-27.5054	-1.48403	1045.48	0	
8.24439	-2.06993	1109.06	0	
15	-0.798148	1078.84	0	
10.2083	-2.01633	1142.93	0	
11.25	-1.09967	1143.49	0	
6.875	-0.366631	1162.69	0	
7.41105	-1.76841	1139.57	0	
-0.625	-0.36089	1099.14	0	
-0.00541199	-1.48403	1115.5	0	
0.51554	-2.19037	1100.38	0	
0	-0.727521	1073.89	0	
-4.91105	-1.76841	1059.14	0	
-3.75	-1.03479	1056.99	0	
-10	-1.03479	1054.52	0	
-9.67228	-2.00504	1068.86	0	
26.0417	-2.01633	1013.03	0	
-4.07772	-2.00504	1076.79	0	
-45	-1.02905	1016.82	0	
-43.2345	-2.19037	993.189	0	
-50.2083	-2.72654	990.224	0	
-29.6307	-3.06027	1016.01	0	
-31.1611	-1.76841	1040.19	0	
-30	-1.03479	1034.5	0	
-36.25	-1.03479	1024.49	0	
-35.9223	-2.00504	1016.62	0	
-22.7083	-2.01633	1045.73	0	
-30.3277	-2.00504	1028.41	0	
-60.2083	-2.01633	974.9	0	
-51.4583	-2.01633	978.827	0	
-68.3387	-1.78555	985.623	0	
-68.4751	-2.84652	985.694	0	
-76.25	-1.02905	958.56	0	
-74.4845	-2.19037	991.737	0	
-77.7083	-2.01633	979.354	0	
-105.61	-4.06799	1000.05	0	
-83.125	-0.36089	955.268	0	
-82.5054	-1.48403	962.11	0	
104.494	-2.06993	1007.39	0	
110	-0.798148	974.962	0	
106.458	-2.01633	992.527	0	
107.5	-1.09967	973.601	0	
103.125	-0.366631	981.362	0	
103.661	-1.76841	992.803	0	
95.625	-0.36089	985.841	0	
96.2446	-1.48403	997.216	0	
96.7655	-2.19037	1006.78	0	
96.25	-0.727521	1011.71	0	
91.3389	-1.76841	1004.08	0	
92.5	-1.03479	1004.41	0	
86.25	-1.03479	1007.67	0	
86.5777	-2.00504	999.803	0	
78.2293	-2.1669	992.936	0	
78.5906	-3.16789	1000.94	0	
75	-1.02905	978.096	0	
76.7655	-2.19037	990.022	0	
68.7125	-3.24559	1002.06	0	
123.713	-3.24559	995.33	0	
68.125	-0.36089	967.687	0	
68.7446	-1.48403	975.382	0	
65.0889	-1.76841	978.514	0	
66.25	-1.03479	981.764	0	
60	-1.03479	991.68	0	
60.3277	-2.00504	999.368	0	
54.4793	-2.1669	987.859	0	
73.5417	-2.01633	987.635	0	
51.25	-1.02905	979.397	0	
53.0155	-2.19037	988.815	0	
40.4973	-3.78292	1008.75	0	
54.8394	-3.16569	999.83	0	
39.0027	-2.80091	996.653	0	
44.7917	-2.01633	962.527	0	
27.9113	-1.78555	1037.07	0	
27.7749	-2.84652	1018.16	0	
20	-1.02905	979.545	0	
21.7655	-2.19037	1056.02	0	
-9.36018	-4.06799	1047.62	0	
18.5417	-2.01633	1043.43	0	
13.125	-0.36089	1130.58	0	
13.7446	-1.48403	1105.19	0	
153.75	-1.02905	1041.63	0	
155.516	-2.19037	1014.85	0	
142.62	-3.22837	1012.08	0	
144.069	-5.7607	991.004	0	
147.5	-0.798148	1009.25	0	
146.771	-2.1669	1037.54	0	
140.729	-2.1669	1016.96	0	
150.746	-2.90651	1014.27	0	
137.5	-1.02905	1034.49	0	
139.266	-2.19037	1013.36	0	
130.64	-4.06799	988.572	0	
141.177	-3.32534	997.682	0	
131.994	-2.06993	1006.49	0	
129.955	-2.8545	997.512	0	
128.542	-2.01633	992.096	0	
127.18	-2.91409	992.894	0	
122.911	-1.78555	992.857	0	
122.775	-2.84652	990.412	0	
115	-1.02905	971.934	0	
116.766	-2.19037	993.153	0	
86.8898	-4.06799	1004.33	0	
113.542	-2.01633	984.49	0	
108.75	-1.03479	970.786	0	
109.078	-2.00504	985.155	0	
-117.089	-1.78555	1006.47	0	
-117.225	-2.84652	995.072	0	
-125	-1.02905	967.377	0	
-123.234	-2.19037	1010.08	0	
-78.5826	-3.79821	1012.67	0	
-143.899	-7.68728	977.895	0	
-90	-1.03479	970.604	0	
-89.6723	-2.00504	971.168	0	
-97.5	-0.792406	1009.66	0	
-97.0644	-2.07688	1002.54	0	
-116.287	-3.24559	1004.54	0	
-108.125	-3.34884	995.104	0	
-104.256	-2.06993	1012.34	0	
-112.466	-3.07092	995.909	0	
-107.708	-2.01633	1002.63	0	
-116.633	-5.94785	1000.13	0	
-141.434	-1.75189	1046.65	0	
-142.267	-2.05915	1038.58	0	
-130.506	-2.06993	1024.48	0	
-141.756	-5.80291	975.944	0	
-140.354	-6.17065	983.582	0	
-130.457	-4.4054	991.47	0	
-20.8387	-1.78555	1044.85	0	
-20.9751	-2.84652	1044.56	0	
-28.75	-1.02905	1046.31	0	
-26.9845	-2.19037	1037.92	0	
-43.7875	-3.24559	994.131	0	
-46.3858	-5.74538	1006.68	0	
6.25	-1.03479	1137.57	0	
6.57772	-2.00504	1114.83	0	
-1.25	-0.792406	1067.1	0	
-0.814428	-2.07688	1067.86	0	
-20.0375	-3.24559	1046.16	0	
-11.875	-3.34884	1040.6	0	
-8.00561	-2.06993	1067.23	0	
-16.2164	-3.07092	1042.02	0	
-11.4583	-2.01633	1044.92	0	
-20.3828	-5.94785	1039.32	0	
-44.5887	-1.78555	985.643	0	
-44.7251	-2.84652	998.355	0	
-34.2556	-2.06993	1026.95	0	
-49.5151	-8.22246	1005.62	0	
-44.2462	-5.42835	995.561	0	
-34.2075	-4.4054	1008.57	0	
-75.0375	-3.24559	1000.74	0	
25.1674	-3.79821	1023.08	0	
-75.8387	-1.78555	986.597	0	
-75.9751	-2.84652	993.049	0	
-83.75	-1.02905	959.801	0	
-81.9845	-2.19037	981.579	0	
-90.0446	-2.8545	979.027	0	
-86.5873	-2.94281	976.814	0	
102.5	-1.03479	992.42	0	
102.828	-2.00504	1004.31	0	
95	-0.792406	1013.04	0	
95.4356	-2.07688	1010.81	0	
76.2125	-3.24559	998.513	0	
84.375	-3.34884	991.57	0	
88.2444	-2.06993	1003.4	0	
80.0336	-3.07092	1004.2	0	
84.7917	-2.01633	990.948	0	
75.8672	-5.94785	1021.23	0	
75.4113	-1.78555	985.112	0	
75.2749	-2.84652	992.353	0	
67.5	-1.02905	985.98	0	
69.2655	-2.19037	989.259	0	
52.4625	-3.24559	999.475	0	
49.8642	-5.74538	1010.9	0	
61.9944	-2.06993	992.511	0	
46.7349	-8.22246	1021.51	0	
52.0038	-5.42835	1015.55	0	
62.0425	-4.4054	1007.2	0	
51.6613	-1.78555	981.643	0	
51.5249	-2.84652	990.946	0	
21.2125	-3.24559	1054.01	0	
107.75	-4.43486	1006.18	0	
20.4113	-1.78555	1073.92	0	
20.2749	-2.84652	1040.52	0	
12.5	-1.02905	1062.47	0	
14.2655	-2.19037	1102.26	0	
6.20541	-2.8545	1111.91	0	
9.66268	-2.94281	1081.94	0	
154.161	-1.78555	1024.22	0	
154.025	-2.84652	1021.22	0	
152.292	-2.01633	1020.23	0	
139.039	-4.35802	988.853	0	
137.911	-1.78555	1016.05	0	
137.775	-2.84652	1009.26	0	
116.213	-3.24559	997.145	0	
154.963	-3.24559	1019	0	
115.411	-1.78555	989.515	0	
115.275	-2.84652	990.712	0	
107.292	-2.01633	998.575	0	
109.247	-3.78292	998.644	0	
-140.037	-3.24559	1014.3	0	
-71.0826	-3.79821	1000.07	0	
-124.589	-1.78555	1014.05	0	
-124.725	-2.84652	998.438	0	
-92.8202	-2.91409	986.017	0	
-85.2083	-2.01633	967.623	0	
-97.684	-1.75189	991.629	0	
-98.5173	-2.05915	999.913	0	
-152.708	-2.01633	1021.86	0	
-145.211	-4.15655	1000.19	0	
-23.5826	-3.79821	1031.42	0	
3.37811	-4.98343	1041.93	0	
-28.3387	-1.78555	1034.91	0	
-28.4751	-2.84652	1026	0	
3.42981	-2.91409	1116.3	0	
11.0417	-2.01633	1093.95	0	
-1.43402	-1.75189	1098.25	0	
-2.26735	-2.05915	1058.96	0	
-48.9583	-3.47328	994.235	0	
-47.6197	-4.31165	1000.5	0	
-88.4261	-3.92482	982.455	0	
-92.8719	-4.98343	990.245	0	
-83.3387	-1.78555	976.413	0	
-83.4751	-2.84652	980.991	0	
99.6798	-2.91409	1002.54	0	
107.753	-2.80091	992.576	0	
94.816	-1.75189	998.665	0	
93.9827	-2.05915	1007.92	0	
72.6674	-3.79821	1004.63	0	
120.167	-3.79821	990.084	0	
67.9113	-1.78555	988.28	0	
67.7749	-2.84652	997.656	0	
47.2917	-3.47328	985.917	0	
50.1448	-3.88818	1001.29	0	
17.6674	-3.79821	1061.44	0	
-0.0374544	-3.24559	1047.01	0	
12.9113	-1.78555	1129.41	0	
12.7749	-2.84652	1086.72	0	
148.483	-4.32001	1015.15	0	
187.308	-1.93891	1115.44	0	
147.862	-1.54577	1040.37	0	
148.712	-3.13655	1016.19	0	
133.929	-3.08731	1000.04	0	
138.713	-3.24559	1007.46	0	
90.6555	-3.51902	1002.35	0	
102.455	-2.8545	1004.3	0	
-152.829	-5.21478	1031.04	0	
-131.801	-4.25718	1002.44	0	
-122.157	-4.23242	997.417	0	
-96.2875	-3.24559	996.055	0	
-46.1052	-3.88818	1000.7	0	
-35.5505	-4.25718	989.308	0	
-25.9071	-4.23242	1022.5	0	
13.7125	-3.24559	1106.14	0	
-100.639	-4.06622	990.922	0	
-82.5375	-3.24559	990.104	0	
48.6303	-4.31165	1001.25	0	
96.2125	-3.24559	1009.32	0	
60.6995	-4.25718	1007.64	0	
70.3429	-4.23242	1007.67	0	
-4.38926	-4.06622	1046.4	0	
7.82395	-3.92482	1070.4	0	
146.42	-3.14785	1013.52	0	
147.178	-4.41078	1006.75	0	
34.7917	-2.72654	990.785	0	
33.9583	-2.72654	1008.99	0	
126.034	-3.06466	987.696	0	
126.041	-5.36183	992.483	0	
-147.837	-2.94281	1008.3	0	
-142.682	-2.77243	1023.72	0	
-160.208	-1.16463	919.02	0	
-201.338	-10.2031	1103.47	0	
-153.958	-2.72654	1026.84	0	
-152.247	-2.80091	1001.84	0	
-156.042	-3.47328	1023.63	0	
-156.458	-2.72654	1012.27	0	
-52.8373	-2.94281	987.946	0	
-49.7917	-3.47328	983.518	0	
-58.9583	-2.72654	987.808	0	
-57.7083	-2.01633	979.941	0	
-56.2946	-2.8545	985.087	0	
-57.2473	-2.80091	978.872	0	
-65.2159	-3.06466	989.764	0	
-65.2085	-5.36053	996.66	0	
-72.7159	-3.06466	998.075	0	
-69.5113	-3.00667	990.81	0	
43.4127	-2.94281	984.844	0	
46.4583	-3.47328	990.153	0	
36.0417	-2.01633	989.253	0	
32.5816	-3.68836	1012.49	0	
32.1798	-2.91409	988.683	0	
36.4583	-2.72654	998.938	0	
23.5341	-3.06466	1024.24	0	
26.7387	-3.00667	1026.6	0	
118.534	-3.06466	988.784	0	
121.739	-3.00667	987.195	0	
-121.466	-3.06466	999.816	0	
-118.261	-3.00667	1002.17	0	
-93.9659	-3.06466	991.045	0	
-93.9594	-5.36183	994.358	0	
-109.003	-2.80091	1004.36	0	
-107.247	-2.80091	1007.86	0	
-146.042	-2.72654	1016.33	0	
-147.44	-3.72538	1001.66	0	
-25.2159	-3.06466	1020.07	0	
-22.0113	-3.00667	1036.3	0	
2.28409	-3.06466	1054.83	0	
2.29056	-5.36183	950.191	0	
-12.7527	-2.80091	1055.65	0	
-10.9973	-2.80091	1068.33	0	
-48.9583	-2.01633	982.087	0	
-45.7613	-3.00667	988.208	0	
-52.44	-3.72538	991.283	0	
-48.5417	-2.72654	976.438	0	
-80.2159	-3.06466	1000.7	0	
-77.0113	-3.00667	1000.48	0	
98.5341	-3.06466	1000.68	0	
98.5406	-5.36183	1002.56	0	
83.4973	-2.80091	993.049	0	
85.2527	-2.80091	994.322	0	
71.0341	-3.06466	992.183	0	
74.2387	-3.00667	995.436	0	
47.2917	-2.01633	958.872	0	
50.4887	-3.00667	995.773	0	
43.81	-3.72538	998.329	0	
47.7083	-2.72654	982.1	0	
16.0341	-3.06466	1070.15	0	
19.2387	-3.00667	1062.32	0	
151.132	-3.93062	1026.69	0	
152.989	-3.00667	1030.04	0	
111.032	-2.99641	993.625	0	
114.239	-3.00667	993.116	0	
-87.7179	-2.99641	986.728	0	
-84.5113	-3.00667	986.705	0	
8.53206	-2.99641	1098.66	0	
11.7387	-3.00667	1112.13	0	
104.782	-2.99641	1003.13	0	
102.997	-3.78292	1008.17	0	
-143.54	-2.72962	1028.02	0	
-140.951	-3.13784	1023.52	0	
-99.9558	-2.85377	1002.23	0	
-97.2008	-3.13784	998.136	0	
-3.70582	-2.85377	1037.29	0	
-0.950756	-3.13784	1085.44	0	
92.5442	-2.85377	1006.68	0	
95.2992	-3.13784	1002.06	0	
41.5739	-3.92482	997.227	0	
46.0417	-2.72654	974.985	0	
127.582	-3.68916	992.023	0	
132.502	-3.08731	987.869	0	
127.128	-4.98343	997.234	0	
128.572	-3.57598	995.2	0	
-152.662	-3.55114	1027.6	0	
-152.231	-4.40508	1017.21	0	
-159.148	-3.04538	963.509	0	
-165.564	-17.3854	993.804	0	
-154.373	-3.97501	1033.65	0	
-150.753	-3.78292	1000.75	0	
-160.293	-8.30276	1010.48	0	
-155.208	-3.47328	1027.8	0	
-158.057	-10.316	1025.22	0	
-143.957	-3.47621	1009.43	0	
-58.5398	-3.47677	988.685	0	
-57.2309	-4.40508	999.313	0	
-61.4583	-2.72654	984.121	0	
-57.6621	-3.55114	993.711	0	
-62.7232	-3.50081	991.364	0	
-55.7527	-3.78292	988.891	0	
-64.0702	-2.91409	987.902	0	
-63.6684	-3.68836	995.395	0	
-61.8899	-3.99904	997.344	0	
-60.2083	-3.47328	989.655	0	
-72.8478	-5.56717	1010.39	0	
-69.264	-5.46522	989.958	0	
39.9554	-2.8545	983.145	0	
39.0191	-4.40508	1010.16	0	
37.2917	-2.72654	987.033	0	
38.5879	-3.55114	989.328	0	
34.3601	-3.99904	1004.33	0	
37.7102	-3.47677	1000.01	0	
35.2083	-3.47328	1000.6	0	
33.5268	-3.50081	989.457	0	
23.4022	-5.56717	1035.7	0	
26.986	-5.46522	1031.59	0	
118.402	-5.56717	999.796	0	
114.489	-5.47929	1008.56	0	
-121.598	-5.56717	1006.85	0	
-125.6	-5.31383	998.017	0	
-92.4178	-3.68916	990.836	0	
-89.5027	-3.78292	990.813	0	
-90.9952	-4.42757	992.755	0	
-86.1036	-3.83222	994.373	0	
-109.687	-5.39772	991.442	0	
-106.295	-2.8545	999.673	0	
-110.64	-4.06799	995.405	0	
-98.2818	-3.59669	997.872	0	
-146.478	-3.50911	1006.02	0	
-141.985	-3.52613	1013.69	0	
-25.3478	-5.56717	1028.64	0	
-29.3495	-5.31383	1011.91	0	
3.83223	-3.68916	1037.17	0	
6.7473	-3.78292	1062.15	0	
5.25478	-4.42757	1021.17	0	
10.1464	-3.83222	1079.35	0	
-13.4371	-5.39772	1035.17	0	
-10.0446	-2.8545	1033.89	0	
-14.3898	-4.06799	1043.83	0	
-2.03178	-3.59669	1008.35	0	
-51.4777	-3.50911	993.992	0	
-47.7083	-2.72654	993.78	0	
-51.0637	-4.19254	992.738	0	
-47.2189	-3.60804	987.381	0	
-80.3478	-5.56717	1017.25	0	
-84.2613	-5.47929	996.793	0	
100.082	-3.68916	1005.91	0	
112.646	-3.83222	1000.01	0	
110.324	-3.92482	1000.55	0	
107.317	-3.58364	1006.37	0	
82.8129	-5.39772	992.998	0	
86.2054	-2.8545	999.851	0	
81.8602	-4.06799	1008.47	0	
94.2182	-3.59669	1011.3	0	
70.9022	-5.56717	1016.06	0	
66.9005	-5.31383	1016.83	0	
44.7723	-3.50911	991.162	0	
48.5417	-2.72654	980.176	0	
45.1863	-4.19254	1001.07	0	
49.0311	-3.60804	998.623	0	
15.9022	-5.56717	1064.92	0	
11.9887	-5.47929	1037.15	0	
108.705	-2.8545	995.31	0	
101.072	-3.57598	1006.55	0	
-91.4282	-3.57598	985.661	0	
-94.651	-4.21812	991.332	0	
4.82178	-3.57598	1090.86	0	
1.59897	-4.21812	1054.03	0	
105.913	-2.94281	1007.94	0	
106.31	-3.72554	1005.24	0	
97.849	-4.21812	1007.52	0	
101.505	-4.42757	1008.4	0	
-144.792	-3.47313	1015.48	0	
-146.064	-4.19253	1003.03	0	
-103.124	-4.43041	986.758	0	
-108.125	-4.73217	993.053	0	
-6.87403	-4.43041	1025.51	0	
-11.875	-4.73217	1045.44	0	
89.376	-4.43041	1001.82	0	
84.375	-4.73217	1006.89	0	
121.393	-3.89079	995.249	0	
143.936	-3.97268	996.246	0	
125.349	-4.21812	997.03	0	
129.043	-4.50658	993.333	0	
-154.834	-5.62943	1040.84	0	
-149.676	-3.92482	1010.69	0	
-156.465	-4.16242	1030.35	0	
-88.4597	-6.17559	985.609	0	
-157.746	-3.54331	1004.83	0	
-157.336	-4.23245	1029.23	0	
-155.953	-5.20944	1037.95	0	
-151.274	-4.58327	1021.61	0	
-87.8931	-5.00841	997.917	0	
-54.6761	-3.92482	1001.1	0	
-59.3731	-3.97501	998.85	0	
7.79028	-6.17559	992.836	0	
-65.9011	-4.21822	998.414	0	
-59.3047	-5.11624	1007.06	0	
-64.1215	-4.98124	1003.01	0	
-60.5387	-5.90518	1007.61	0	
8.35687	-5.00841	1025.29	0	
92.527	-5.11846	1012.38	0	
30.3489	-4.21822	999.087	0	
32.1285	-4.98124	994.675	0	
36.0417	-3.47328	992.359	0	
34.378	-5.06466	1000.62	0	
35.7113	-5.90518	1006.22	0	
36.8769	-3.97501	999.766	0	
-101.844	-3.51902	996.879	0	
-99.973	-5.11846	993.537	0	
-145.501	-5.7656	989.884	0	
-69.8571	-3.89079	999.05	0	
-156.677	-7.51666	1037.47	0	
-49.707	-5.1949	1002.68	0	
-148.977	-5.20289	1000.16	0	
-147.813	-5.59213	1004.75	0	
-5.59449	-3.51902	1017.48	0	
-3.72305	-5.11846	952.055	0	
-56.2742	-4.58327	1004.77	0	
26.3929	-3.89079	1006.82	0	
-39.9676	-3.06872	1006.74	0	
46.543	-5.1949	1006.17	0	
-53.9766	-5.20289	998.601	0	
-50.211	-4.15672	998.812	0	
-55.8234	-5.70833	1002.11	0	
-48.5258	-4.17689	992.178	0	
-52.8132	-5.59213	1017.46	0	
-47.2738	-5.38006	997.643	0	
91.8607	-4.06622	997.178	0	
105.879	-5.0575	1013.02	0	
36.9453	-5.11624	1008.06	0	
130.158	-4.945	999.547	0	
56.2824	-3.06872	1001.05	0	
110.29	-6.17488	1012.28	0	
42.2734	-5.20289	1014.58	0	
46.039	-4.15672	998.471	0	
40.4266	-5.70833	1013.14	0	
47.7242	-4.17689	1001.83	0	
39.9758	-4.58327	1000.52	0	
48.9762	-5.38006	1011.08	0	
-90.0224	-4.58092	988.186	0	
-89.5124	-5.89001	995.31	0	
6.22758	-4.58092	1033.77	0	
6.73765	-5.89001	971.991	0	
102.928	-5.70651	1009.82	0	
107.848	-6.54104	1011.46	0	
104.074	-3.92482	1014.08	0	
104.773	-5.20318	1010.33	0	
99.6281	-4.98343	1008.23	0	
102.478	-4.58092	1012.84	0	
-150.823	-5.70833	1013.07	0	
-143.779	-5.33843	986.6	0	
76.6284	-4.52398	1007.78	0	
144.244	-11.4317	999.249	0	
128.127	-5.50143	997.4	0	
128.872	-6.93342	1002.34	0	
-158.777	-5.20944	1014.09	0	
-143.448	-4.30353	1003.28	0	
-161.732	-2.79975	944.269	0	
-207.299	-15.0218	1101.11	0	
-182.365	-35.5359	995.233	0	
-79.1691	-5.28353	1009.07	0	
-150.997	-8.59138	1023	0	
-57.1302	-6.3947	1013.55	0	
-61.872	-5.06466	1006.17	0	
-58.0402	-5.47194	1004.95	0	
-115.872	-4.52398	1000.37	0	
17.0809	-5.28353	1062.3	0	
-19.6216	-4.52398	1057.85	0	
108.728	-4.58055	1006.9	0	
38.2098	-5.47194	1004.23	0	
43.4368	-5.59213	1008.69	0	
-139.58	-4.60081	979.51	0	
-145.691	-7.03602	998.913	0	
-96.7489	-6.89898	978.109	0	
-97.1496	-5.26597	988.154	0	
-149.602	-6.18605	1012.49	0	
-134.449	-4.25718	981.742	0	
-31.5017	-4.16217	996.722	0	
39.1198	-6.3947	1015.19	0	
-0.498874	-6.89898	863.465	0	
-0.89962	-5.26597	938.38	0	
-70.5474	-6.44535	1008.87	0	
-54.6024	-6.18605	1019.34	0	
-52.4014	-4.79453	995.95	0	
-51.4417	-5.03664	1004.95	0	
-52.0429	-7.10465	1001.08	0	
-50.5017	-5.76581	1001.31	0	
-54.1682	-7.76797	1002.46	0	
-36.3389	-2.93321	1013.56	0	
-48.8551	-5.21507	1000.17	0	
-48.0926	-6.0103	1005.69	0	
64.7483	-4.16217	1009.27	0	
110.857	-5.00834	1005.41	0	
95.7511	-6.89898	994.867	0	
95.3504	-5.26597	1012.69	0	
25.7026	-6.44535	1011.3	0	
41.6476	-6.18605	1008.86	0	
43.8486	-4.79453	1007.55	0	
44.8083	-5.03664	1004.08	0	
44.2071	-7.10465	1018.83	0	
45.7483	-5.76581	1014.35	0	
42.0818	-7.76797	1018.63	0	
59.9111	-2.93321	1003.46	0	
47.3949	-5.21507	1008.15	0	
48.1574	-6.0103	1012.96	0	
-91.9104	-5.42242	991.051	0	
-90.925	-6.50437	994.628	0	
4.33964	-5.42242	970.724	0	
5.32497	-6.50437	896.569	0	
106.858	-5.46739	1013	0	
109.237	-5.889	1009.9	0	
45.559	-7.03622	1010.87	0	
104.147	-6.18687	1018.62	0	
100.59	-5.42242	1010.17	0	
100.817	-6.41692	1007.82	0	
-147.401	-4.79453	1000.05	0	
-146.442	-5.03663	1001.73	0	
-147.043	-7.10465	996.091	0	
-144.707	-5.19453	1001.04	0	
-149.168	-7.76797	1010.82	0	
-132.589	-2.93321	1004.41	0	
-154.178	-7.28627	1034.78	0	
-151.919	-6.13754	1025.85	0	
-67.2642	-6.91889	987.608	0	
-50.691	-7.03622	1018.9	0	
28.9858	-6.91889	1030.03	0	
57.9209	-9.10125	1003.54	0	
-165.569	-3.72058	945.67	0	
-124.19	-5.40086	993.676	0	
-65.8105	-6.63734	1004.29	0	
-38.3291	-9.10125	956.9	0	
-59.0799	-8.70786	1006.49	0	
-25.746	-9.39498	1048.67	0	
-36.875	-5.27905	979.775	0	
-45.618	-4.95711	996.552	0	
30.4395	-6.63734	1001.66	0	
104.619	-8.07335	1008.19	0	
37.1701	-8.70786	1018.43	0	
121.986	-5.46522	995.048	0	
59.375	-5.27905	1009.95	0	
50.632	-4.95711	1010.6	0	
-100.432	-7.15932	964.864	0	
-118.014	-5.46522	1000.57	0	
-4.18243	-7.15932	890.173	0	
-21.764	-5.46522	1049.58	0	
101.373	-10.8863	1014.62	0	
97.6668	-7.08742	1013.61	0	
74.486	-5.46522	1007.67	0	
92.0676	-7.15932	988.801	0	
-142.782	-6.56075	991.831	0	
-142.334	-4.31064	996.745	0	
-152.527	-7.43868	1032.19	0	
-121.996	-9.39498	1018.7	0	
-136.218	-3.06872	1000.91	0	
-128.568	-3.08143	999.895	0	
-38.1995	-4.25718	1002.32	0	
-32.318	-3.08143	1017.46	0	
58.0505	-4.25718	1007.79	0	
63.932	-3.08143	996.789	0	
133.106	-6.04794	990.133	0	
130.428	-6.60412	997.405	0	
123.985	-6.91734	1001.08	0	
150.848	-20.0464	965.413	0	
-155.18	-8.32445	1040.18	0	
-52.0799	-10.5411	1000.5	0	
-40.8588	-5.44334	984.275	0	
-43.3792	-4.50999	994.682	0	
55.3912	-5.44334	1014.6	0	
52.8708	-4.50999	1012.43	0	
-87.5848	-7.52916	1006.2	0	
-84.8609	-3.89608	992.582	0	
8.66524	-7.52916	858.94	0	
11.3891	-3.89608	1060.31	0	
120.703	-6.44535	1004.33	0	
113.889	-3.89608	1001.58	0	
-94.8332	-7.08742	979.536	0	
-127.752	-4.16217	996.466	0	
-136.015	-9.53859	986.64	0	
-118.607	-3.89079	997.721	0	
-44.375	-6.99919	1012.36	0	
-22.3571	-3.89079	1038.34	0	
-42.8302	-8.44515	975.496	0	
-40.8536	-7.44458	1006.35	0	
51.875	-6.99919	1002.28	0	
73.8929	-3.89079	1007.01	0	
53.4198	-8.44515	1019.6	0	
55.3964	-7.44458	992.729	0	
-45.8903	-7.18841	997.548	0	
-48.1439	-7.56208	1008.94	0	
50.3597	-7.18841	1018.03	0	
48.1061	-7.56208	1014.36	0	
-141.655	-10.9683	959.729	0	
-134.129	-6.10622	993.093	0	
-52.772	-8.29733	1028.6	0	
-46.8296	-8.37487	1014.94	0	
43.478	-8.29733	1007.37	0	
49.4204	-8.37487	1007.3	0	
-164	-0.842706	932.448	0	
-160.19	-2.6252	992.396	0	
-171.26	-1.12398	963.566	0	
-163.118	-4.25546	987.837	0	
157.984	-3.31993	997.822	0	
162.75	-0.842706	937.942	0	
160.879	-2.92373	947.419	0	
162.233	-4.81544	951.381	0	
149.806	-4.94504	1000.8	0	
157.495	-4.95032	982.409	0	
136.186	-4.14103	996.899	0	
140.456	-4.52612	997.999	0	
-73.4071	-4.23242	1007.96	0	
-71.6691	-5.28353	1000.26	0	
-80.4167	-10.3326	1028.33	0	
-64.8646	-8.3096	991.397	0	
-77.3571	-3.89079	1010.41	0	
-74.2262	-6.72899	1026.42	0	
22.8429	-4.23242	1035.72	0	
24.5809	-5.28353	1028.1	0	
15.8333	-10.3326	853.216	0	
31.3854	-8.3096	1025.59	0	
18.8929	-3.89079	1046.8	0	
22.0238	-6.72899	1008.75	0	
117.843	-4.23242	1000.6	0	
119.581	-5.28353	998.246	0	
112.877	-7.50462	1014.37	0	
125.437	-6.63718	1006.34	0	
111.164	-7.52928	1011.61	0	
117.03	-6.73778	1016.57	0	
-120.419	-5.28353	996.768	0	
-119.297	-6.44535	1009.63	0	
-147.08	-10.5411	999.724	0	
-106.019	-7.46803	978.494	0	
-144.559	-9.99967	1008.7	0	
-147.772	-8.29733	1010.96	0	
-24.1691	-5.28353	1034.17	0	
-23.0474	-6.44535	1037.67	0	
1.41684	-7.08742	874.956	0	
-9.76913	-7.46803	963.337	0	
-27.9404	-5.40086	1010.89	0	
-23.5704	-9.08967	1038.81	0	
-80.9071	-4.23242	1004.02	0	
-78.0474	-6.44535	1033.74	0	
-74.2388	-9.20929	942.933	0	
-76.764	-5.46522	1011.71	0	
-81.7196	-6.73778	1019.33	0	
-82.2148	-8.98906	963.847	0	
72.0809	-5.28353	1009.87	0	
73.2026	-6.44535	1018.85	0	
102.182	-6.54766	1013.81	0	
86.4809	-7.46803	1010.74	0	
68.3096	-5.40086	1016.6	0	
93.8488	-8.33358	1014.35	0	
15.3429	-4.23242	1073.66	0	
18.2026	-6.44535	1029.89	0	
22.0112	-9.20929	1080.23	0	
19.486	-5.46522	1054.44	0	
14.5304	-6.73778	968.808	0	
14.0352	-8.98906	985.516	0	
112.049	-4.96932	1007.36	0	
113.194	-6.11121	1011.38	0	
107.957	-10.0357	1007.98	0	
114.373	-9.53907	1022.03	0	
-86.7013	-4.9694	988.747	0	
-85.556	-6.11128	1008.12	0	
-85.8729	-7.50385	980.461	0	
-84.3782	-9.53722	1013.39	0	
9.54871	-4.9694	1040.11	0	
10.694	-6.11128	990.585	0	
10.3771	-7.50385	959.611	0	
11.8718	-9.53722	777.77	0	
132.08	-7.47425	1010.25	0	
134.746	-4.16808	988.774	0	
124.075	-4.31071	991.313	0	
123.313	-5.73457	1001.87	0	
-67.1755	-4.31081	992.322	0	
-67.9367	-5.73467	1006.09	0	
29.0745	-4.31081	1021.79	0	
28.3133	-5.73467	998.848	0	
-95.9255	-4.31071	997.796	0	
-98.5926	-4.6597	989.12	0	
-103.786	-7.04865	963.516	0	
-106.563	-5.39772	978.555	0	
0.324502	-4.31071	1025.12	0	
-2.3426	-4.6597	1030.02	0	
-7.5359	-7.04865	930.612	0	
-10.3129	-5.39772	994.411	0	
96.5745	-4.31071	1001.37	0	
93.9074	-4.6597	997.289	0	
88.7141	-7.04865	988.243	0	
103.633	-8.96714	1017.74	0	
-62.0477	-8.8546	1004.86	0	
34.2023	-8.8546	1013.32	0	
-65.6604	-12.2385	950.334	0	
44.1701	-10.5411	1025.5	0	
-43.9291	-11.1429	1036.13	0	
106.762	-8.25621	1024.24	0	
40.691	-8.79126	1012.98	0	
126.259	-8.10539	1006.54	0	
30.5896	-12.2385	1044.21	0	
128.121	-8.37598	1013.1	0	
98.349	-8.47005	995.313	0	
102.415	-7.9218	1009.46	0	
-155.111	-10.7469	1034.88	0	
-60.5733	-7.64358	1004.4	0	
138.321	-5.52235	994.218	0	
152.541	-4.03078	1010.92	0	
-138.552	-9.35636	993.587	0	
-137.06	-5.53416	973.253	0	
-129.996	-3.08143	1004.42	0	
-129.047	-6.04201	992.803	0	
-33.7459	-3.08143	995.288	0	
-32.7973	-6.04201	983.46	0	
62.5041	-3.08143	999.98	0	
63.4527	-6.04201	1003.14	0	
131.229	-11.2697	1024.82	0	
151.99	-6.88415	996.079	0	
136.941	-5.40234	989.733	0	
141.133	-5.9764	987.632	0	
-74.6816	-4.325	1015.16	0	
-75.4428	-5.74886	1015.48	0	
21.5684	-4.325	1034.34	0	
20.8072	-5.74886	1052.86	0	
116.568	-4.325	1003.79	0	
115.814	-5.75765	1006.71	0	
-123.432	-4.325	1004.44	0	
-126.314	-4.14101	989.899	0	
-115.576	-8.16642	1007.99	0	
-113.246	-5.34905	991.655	0	
-27.1816	-4.325	1017.3	0	
-30.0644	-4.14101	1007.12	0	
-19.3257	-8.16642	1056.12	0	
-16.996	-5.34905	1039.12	0	
-82.1816	-4.325	1008.67	0	
-82.9362	-5.75765	1005.78	0	
69.0684	-4.325	1013.7	0	
66.1856	-4.14101	1011.38	0	
76.9243	-8.16642	993.091	0	
79.254	-5.34905	1016.22	0	
14.0684	-4.325	1051.36	0	
13.3138	-5.75765	1066.25	0	
105.405	-12.0508	1025.86	0	
116.536	-8.99008	1008.79	0	
-93.9774	-8.66503	988.406	0	
-91.6041	-8.13534	973.415	0	
2.27255	-8.66503	687.297	0	
4.64589	-8.13534	743.39	0	
129.195	-10.2093	1016.47	0	
146.046	-6.10183	994.036	0	
134.488	-5.91521	997.42	0	
135.867	-6.69788	993.727	0	
121.43	-8.68418	1003.78	0	
123.385	-8.88682	1009.99	0	
-69.8214	-8.68669	950.407	0	
-67.8655	-8.89079	995.873	0	
26.4286	-8.68669	1056.78	0	
28.3845	-8.89079	1022.9	0	
-66.1145	-9.89368	1008.07	0	
-95.0051	-12.6851	970.894	0	
-55.559	-8.79126	1022.06	0	
1.24494	-12.6851	303.086	0	
85.9371	-5.39772	993.362	0	
70.504	-9.39498	1000.93	0	
99.9643	-7.8529	1012.61	0	
101.084	-8.78437	1004.12	0	
-119.82	-9.08967	994.135	0	
-122.652	-7.0343	993.784	0	
-127.769	-5.79877	988.749	0	
-125.499	-7.54635	998.95	0	
-48.3872	-12.3828	1005.31	0	
-26.4019	-7.0343	1022.26	0	
-31.5194	-5.79877	1011.42	0	
-29.2492	-7.54635	1009.54	0	
47.8628	-12.3828	1019.64	0	
69.8481	-7.0343	1012.74	0	
64.7306	-5.79877	1012.58	0	
67.0008	-7.54635	1013.69	0	
140.302	-7.00568	993.094	0	
142.7	-6.86574	988.13	0	
125.012	-9.68556	1018.91	0	
195.519	-2.32667	1142.98	0	
-98.6512	-8.33358	976.795	0	
35.6767	-7.64358	1008.93	0	
-2.40124	-8.33358	705.425	0	
103.223	-11.1651	998.123	0	
72.6796	-9.08967	997.915	0	
95.07	-11.0041	983.837	0	
-136.973	-6.98397	986.723	0	
-135.349	-7.69153	968.365	0	
-32.1235	-10.677	1004.76	0	
-33.5046	-8.27657	1000.26	0	
64.1265	-10.677	982.372	0	
97.6545	-10.9522	1014.12	0	
80.0504	-6.99449	990.863	0	
151.079	-11.5903	968.202	0	
-78.2205	-8.73643	959.748	0	
30.1355	-9.89368	1001.65	0	
8.79112	-11.9339	484.355	0	
110.443	-9.50362	1025.62	0	
-126.434	-6.49884	993.299	0	
-123.97	-6.77541	1003.57	0	
-30.1836	-6.49884	1005.24	0	
-27.72	-6.77541	1024.87	0	
66.0664	-6.49884	1013.4	0	
68.53	-6.77541	1016.28	0	
150.025	-6.43618	1013.73	0	
153.18	-5.49318	1018.2	0	
147.57	-7.50219	987.415	0	
142.406	-9.04296	998.6	0	
-113.344	-8.75328	985.594	0	
-118.411	-11.2883	1019.97	0	
-114.541	-4.53464	1003.36	0	
-111.901	-4.28441	1001.91	0	
-17.0944	-8.75328	981.952	0	
-21.2298	-10.3281	986.782	0	
-18.2907	-4.53464	1055.42	0	
-15.6508	-4.28441	1060.44	0	
79.1556	-8.75328	1022.7	0	
75.0202	-10.3281	1025.16	0	
77.9593	-4.53464	1003.91	0	
80.5992	-4.28441	996.633	0	
-63.1585	-5.8593	1003.38	0	
-63.2996	-7.91085	1003.98	0	
33.0915	-5.8593	1010.41	0	
32.9504	-7.91085	1004.12	0	
-205.568	-32.9721	1048.23	0	
-158.17	-8.54355	1031.25	0	
-42.0494	-4.51844	1000.39	0	
-39.5061	-4.39269	997.372	0	
54.2006	-4.51844	1004.13	0	
56.7439	-4.39269	1005.2	0	
-138.25	-4.60927	1000.17	0	
-135.756	-4.39269	1001.94	0	
132.732	-9.94285	1010.01	0	
140.759	-8.90393	995.71	0	
-131.823	-7.75398	990.372	0	
-88.3496	-9.59591	966.365	0	
-29.7584	-9.79585	1037.67	0	
7.90043	-9.59591	687.048	0	
62.7454	-8.27657	994.098	0	
52.3209	-11.1429	966.493	0	
86.5779	-13.8833	994.889	0	
208.99	-5.28426	1163.67	0	
-59.5306	-11.2795	1005.36	0	
-57.3001	-7.89572	1006.6	0	
36.7194	-11.2795	1009.82	0	
38.9499	-7.89572	1010.99	0	
138.907	-6.71973	989.611	0	
136.37	-8.16582	998.318	0	
138.03	-8.06765	998.059	0	
139.214	-9.60327	999.613	0	
134.987	-10.2845	1019.36	0	
161.413	-6.92918	965.675	0	
119.235	-10.2813	1028.8	0	
95.7393	-17.4777	969.092	0	
-50.1748	-10.5347	1029.98	0	
-46.4132	-10.8834	1005.3	0	
46.0752	-10.5347	999.347	0	
49.8368	-10.8834	1009.89	0	
-176.012	-1.34606	994.434	0	
-160.335	-6.5477	1020	0	
-161.831	-10.7403	1011.36	0	
-188.999	-19.3034	1043.42	0	
158.946	-6.83953	982.487	0	
170.01	-1.12398	1000.19	0	
-87.4589	-11.9339	999.985	0	
99.5587	-12.4369	990.112	0	
18.0295	-8.73643	1053.6	0	
4.49832	-12.069	454.789	0	
-153.134	-12.2646	1029.81	0	
-148.55	-12.2522	1020.07	0	
-121.489	-14.4624	1026.09	0	
-126.008	-9.79585	997.602	0	
104.932	-18.5916	1023	0	
112.453	-11.0673	1009.07	0	
-91.7517	-12.069	970.724	0	
-71.535	-10.5118	1022.77	0	
5.3409	-14.035	255.971	0	
24.715	-10.5118	989.811	0	
-112.45	-6.99449	1000.06	0	
-129.168	-15.7527	1004.08	0	
-16.1996	-6.99449	1051.53	0	
-27.5734	-11.3856	999.088	0	
-144.852	-16.8136	988.615	0	
-124.741	-12.1163	1020.64	0	
-37.2846	-13.6039	1045.87	0	
-6.7017	-12.0229	521.358	0	
66.4916	-9.79585	985.228	0	
58.9654	-13.6039	936.544	0	
112.419	-14.9051	1014.02	0	
127.849	-11.938	1028.08	0	
147.347	-10.4774	1010.06	0	
153.266	-9.06305	1012.42	0	
-122.779	-11.9203	998.303	0	
-102.474	-8.42323	978.189	0	
-20.7162	-13.563	969.822	0	
-6.22447	-8.42323	733.505	0	
75.5338	-13.563	955.847	0	
90.0255	-8.42323	1012.84	0	
68.6766	-11.3856	1008.67	0	
136.037	-12.2238	1010.7	0	
-61.6144	-11.5018	977.037	0	
-55.5379	-10.963	1000.62	0	
34.6356	-11.5018	1036.17	0	
40.7121	-10.963	1021.82	0	
128.852	-14.5637	1029.2	0	
235.957	-15.9774	1131.6	0	
-178.777	-2.9619	986.692	0	
-162.755	-6.23594	977.077	0	
-156.495	-11.7116	1029.87	0	
-221.912	-14.5162	1124.53	0	
-169.141	-4.00209	956.568	0	
-167.19	-4.8303	964.414	0	
164.287	-4.15658	943.309	0	
166.707	-4.43785	975.224	0	
155.354	-8.54876	994.876	0	
132.793	-16.0264	1034.66	0	
-53.4549	-12.1835	1025.09	0	
-9.67296	-13.8421	348.746	0	
42.7951	-12.1835	1005.28	0	
33.1604	-13.2995	994.17	0	
-53.1756	-15.7705	1011.21	0	
-138.938	-7.6289	967.951	0	
-134.594	-10.3937	973.284	0	
-155.484	-17.2341	1020.02	0	
-127.52	-14.6602	1024.99	0	
-47.7993	-19.2086	963.643	0	
-31.0758	-17.4153	983.07	0	
48.4507	-19.2086	1065.49	0	
65.1742	-17.4153	1000.58	0	
131.221	-14.31	1033.96	0	
153.572	-16.0839	1017.93	0	
-157.266	-14.2011	1025.52	0	
43.0744	-15.7705	1025.48	0	
11.0506	-11.9005	671.84	0	
89.5492	-12.064	982.952	0	
125.528	-11.6848	1019.14	0	
119.86	-13.8177	1009.48	0	
-167.135	-7.23969	963.69	0	
-192.539	-4.26558	1093.39	0	
-133.857	-13.0595	1020.52	0	
-129.198	-9.41262	997.94	0	
-228.19	-24.6897	1077.03	0	
-128.413	-13.1119	998.751	0	
-132.411	-9.49708	995.803	0	
-132.552	-6.10622	972.662	0	
-166.307	-13.5038	995.71	0	
-108.605	-11.4398	951.036	0	
-130.943	-10.541	990.308	0	
-129.662	-7.54154	983.298	0	
-131.112	-14.0765	992.556	0	
-127.757	-10.8627	1006.96	0	
-135.282	-19.8734	1044.17	0	
-102.952	-12.0229	939.982	0	
-130.381	-12.4546	1010.53	0	
-128.544	-17.3008	1034.74	0	
-148.258	-15.1857	1027.77	0	
-3.6662	-13.8175	187.792	0	
-125.443	-18.0933	1008.29	0	
-125.597	-14.7313	1003.85	0	
-62.6835	-17.1843	947.77	0	
-85.1994	-11.9005	963.061	0	
-124.144	-16.6164	1035.94	0	
-121.999	-16.5434	1007.96	0	
-91.6409	-16.373	971.981	0	
-70.7541	-13.472	912.099	0	
4.6091	-16.373	157.692	0	
25.4959	-13.472	1030.5	0	
-110.152	-7.25958	979.755	0	
-116.205	-10.7321	989.47	0	
-13.9017	-7.25958	1005.38	0	
-12.3545	-11.4398	720.612	0	
82.3483	-7.25958	1015.93	0	
83.8955	-11.4398	1000.99	0	
-83.8414	-14.5362	997.424	0	
-76.2546	-10.6507	1029.68	0	
12.4086	-14.5362	445.308	0	
19.9954	-10.6507	927.843	0	
-97.6578	-11.3921	950.566	0	
-90.4292	-10.045	990.481	0	
-1.40778	-11.3921	431.716	0	
5.82085	-10.045	607.434	0	
-111.605	-11.7939	986.827	0	
-108.046	-8.66433	981.19	0	
-15.3552	-11.7939	861.651	0	
-11.7958	-8.66433	863.845	0	
80.8948	-11.7939	974.364	0	
84.4542	-8.66433	986.546	0	
-57.7296	-12.6391	1014.51	0	
-56.3189	-16.133	977.658	0	
38.5204	-12.6391	1017.61	0	
39.9311	-16.133	1045.04	0	
-173.564	-2.47004	977.891	0	
-165.151	-8.11045	991.332	0	
157.521	-9.12614	972.65	0	
160.271	-11.5138	995.086	0	
-36.2393	-7.66183	995.948	0	
-40.908	-14.645	946.339	0	
60.0107	-7.66183	988.683	0	
55.342	-14.645	1029.64	0	
92.8124	-13.4707	1010.65	0	
138.603	-11.6407	1014.04	0	
-114.482	-16.5569	973.599	0	
-119.297	-14.1357	1000.91	0	
-106.853	-18.8267	949.991	0	
-90.9091	-14.035	981.658	0	
-63.0896	-13.2995	1015.91	0	
-81.2221	-13.5164	947.713	0	
-119.75	-18.497	1017.26	0	
-105.923	-13.8421	994.594	0	
-99.9162	-13.8175	973.586	0	
-124.617	-21.7604	1022.7	0	
15.0279	-13.5164	781.039	0	
33.5665	-17.1843	1053.31	0	
-177.258	-5.78191	1006.37	0	
-175.551	-13.7225	1000.27	0	
-170.014	-8.10752	975.208	0	
-170.068	-11.6224	980.936	0	
123.346	-14.3333	1033.62	0	
130.766	-41.4755	991.716	0	
-117.966	-16.82	1016.97	0	
-113.607	-13.3165	1006.05	0	
-93.8748	-11.0032	965.877	0	
-93.6138	-16.0889	970.906	0	
2.37524	-11.0032	458.165	0	
2.63623	-16.0889	190.563	0	
-136.481	-15.5337	976.04	0	
46.237	-15.9763	954.107	0	
-50.013	-15.9763	1083.78	0	
-33.8137	-14.565	1029.97	0	
-118.828	-25.8063	1039.54	0	
62.4363	-14.565	946.041	0	
-89.2433	-18.71	983.959	0	
-88.6959	-14.349	970.713	0	
7.00668	-18.71	157.309	0	
7.55411	-14.349	327.303	0	
-158.473	-25.925	997.917	0	
-57.5305	-27.6829	1119.78	0	
-87.3706	-17.1144	979.654	0	
-82.1404	-18.8236	993.092	0	
-17.0729	-14.4419	737.495	0	
125.77	-16.4577	1025.52	0	
8.87942	-17.1144	187.935	0	
14.1096	-18.8236	478.648	0	
218.789	-9.67962	1158.83	0	
183.637	-7.09149	1094.63	0	
135.243	-14.7675	1033.42	0	
140.335	-13.8884	1016.71	0	
-181.714	-1.61583	1032.92	0	
-173.773	-5.29005	977.1	0	
163.087	-10.0309	964.487	0	
180.465	-1.61583	1079.03	0	
-76.9341	-14.5113	914.838	0	
-67.81	-14.1067	1023.94	0	
19.3159	-14.5113	958.582	0	
28.44	-14.1067	975.806	0	
-162.174	-17.4716	1011.24	0	
-121.07	-22.2371	993.203	0	
-58.6684	-18.9989	1067.04	0	
0.81144	-18.779	39.8376	0	
37.5816	-18.9989	999.254	0	
107.856	-15.3565	983.45	0	
138.207	-15.8819	1008.45	0	
143.531	-14.1381	998.034	0	
99.901	-16.4959	992.104	0	
79.1771	-14.4419	1012.51	0	
-111.48	-20.2273	1033.1	0	
-99.0883	-17.8006	956.899	0	
-27.2006	-15.1171	1045.33	0	
-2.83826	-17.8006	211.694	0	
69.0494	-15.1171	935.041	0	
46.6928	-24.0743	984.574	0	
-166.112	-27.3981	985.789	0	
-68.8837	-22.4837	948.459	0	
-81.3835	-22.9609	944.252	0	
-67.2534	-16.8341	931.145	0	
14.8665	-22.9609	253.563	0	
28.9966	-16.8341	1021.82	0	
125.531	-19.801	1024.36	0	
145.65	-18.2045	1043.98	0	
136.74	-19.4185	1050.15	0	
140.986	-21.4915	972.194	0	
-74.1374	-16.0301	1026.48	0	
-64.6977	-18.8508	1014.11	0	
22.1126	-16.0301	853.916	0	
31.5523	-18.8508	979.66	0	
-95.4386	-18.779	979.858	0	
2.52004	-23.669	89.7984	0	
27.3663	-22.4837	956.49	0	
30.7731	-22.4901	951.482	0	
-84.7755	-17.335	971.526	0	
-79.7054	-15.7809	1006.96	0	
11.4745	-17.335	389.315	0	
16.5446	-15.7809	577.282	0	
218.255	-34.6155	1116.13	0	
132.745	-19.8694	1022.16	0	
-152.736	-16.2622	1030.5	0	
-150.381	-17.763	1028.96	0	
-144.708	-21.2594	1049.73	0	
-141.325	-14.5407	1022.89	0	
-62.9905	-26.6887	959.809	0	
-11.2357	-19.2992	358.478	0	
33.2595	-26.6887	1033.15	0	
116.277	-16.8153	1020.42	0	
-128.495	-23.6616	1031.04	0	
19.247	-23.4473	671.896	0	
-188.557	-1.93891	1064.91	0	
-196.769	-2.32667	1095.75	0	
172.064	-6.00496	1004.02	0	
174.369	-7.9727	1042.55	0	
197.421	-9.75588	1146.64	0	
191.289	-4.26558	1132.82	0	
80.6149	-19.5449	949.678	0	
38.7195	-27.6829	1009.43	0	
-73.6736	-19.0863	909.223	0	
-69.7337	-19.2556	1025.42	0	
22.5764	-19.0863	864.906	0	
26.5163	-19.2556	908.73	0	
122.174	-26.556	1001.31	0	
124.937	-40.2492	950.854	0	
-148.731	-22.1193	985.838	0	
-130.945	-20.0681	1000.38	0	
-89.5076	-23.3158	963.952	0	
-77.003	-23.4473	1013.24	0	
-71.1732	-25.5223	1038.55	0	
-65.4769	-22.4901	1040.52	0	
-169.77	-21.2264	1003.1	0	
-64.5794	-30.6463	1088.64	0	
-139.982	-23.3262	977.125	0	
-137.645	-30.9202	1051.15	0	
-75.3526	-26.6553	972.333	0	
25.0768	-25.5223	821.599	0	
-31.4696	-23.2096	1096.18	0	
73.7048	-20.502	945.747	0	
-23.6801	-16.4504	919.212	0	
-15.6351	-19.5449	430.932	0	
72.5699	-16.4504	1016.55	0	
85.0151	-19.3404	978.61	0	
129.698	-22.0559	1024.11	0	
117.076	-20.985	1006.95	0	
-103.053	-20.9905	1014.52	0	
-93.73	-23.669	984.277	0	
-49.5572	-24.0743	1124.58	0	
6.74241	-23.3158	49.1002	0	
-184.618	-8.98987	1034.71	0	
-185.032	-3.55475	1040.88	0	
-206.623	-2.79194	1118.71	0	
-179.781	-9.87097	1008.3	0	
180.177	-8.24429	1071.2	0	
187.785	-10.442	1107.66	0	
170.878	-14.4791	1017.05	0	
159.464	-15.8639	962.319	0	
-85.4635	-32.3384	984.463	0	
20.8974	-26.6553	619.281	0	
-7.43655	-21.463	43.6261	0	
90.9132	-21.5281	1029.17	0	
-85.5482	-26.5803	1027.52	0	
-18.107	-29.5111	539.949	0	
10.7018	-26.5803	208.131	0	
111.968	-28.0025	1009.11	0	
-18.1435	-22.7175	641.506	0	
-22.5452	-20.502	856.965	0	
78.1065	-22.7175	1023.44	0	
64.7804	-23.2096	936.748	0	
34.1156	-37.3795	1032.68	0	
121.506	-22.1434	1015.42	0	
-24.1065	-30.9545	873.817	0	
-6.83217	-26.5477	160.834	0	
-130.495	-31.0609	990.27	0	
174.884	-12.8846	1023.42	0	
178.79	-12.8864	1076.03	0	
-76.4692	-32.4504	992.923	0	
-69.3552	-29.4863	986.872	0	
-145.697	-34.3804	934.453	0	
-152.057	-27.6463	1036.34	0	
19.7808	-32.4504	501.905	0	
26.8948	-29.4863	844.849	0	
1.24121	-36.2378	247.21	0	
13.9656	-32.8618	320.15	0	
184.118	-14.761	1078.12	0	
227.701	-6.85826	1149.39	0	
133.014	-34.6533	954.869	0	
-106.794	-33.2356	979.521	0	
31.6706	-30.6463	952.767	0	
-72.173	-34.0637	1036	0	
-67.7476	-39.8274	1066.45	0	
-22.5359	-47.4922	559.773	0	
127.182	-26.4913	1009.38	0	
24.077	-34.0637	883.694	0	
28.5024	-39.8274	877.481	0	
-113.39	-24.9987	970.189	0	
-108.048	-28.3672	1039.82	0	
106.947	-24.7538	949.94	0	
92.4297	-27.5266	936.526	0	
-218.447	-3.35033	1123.82	0	
-175.995	-19.4449	996.241	0	
191.912	-9.23189	1129.06	0	
201.219	-12.4705	1141.97	0	
54.1181	-18.9378	925.925	0	
69.7905	-24.963	995.467	0	
-42.1319	-18.9378	1099.31	0	
-26.4595	-24.963	813.755	0	
-192.319	-8.83173	1072.72	0	
-201.547	-5.11861	1108.58	0	
72.1435	-30.9545	1047.06	0	
128.068	-30.7205	995.973	0	
42.4557	-33.5404	1103.54	0	
78.143	-29.5111	944.887	0	
-62.1344	-37.3795	1003.21	0	
-0.525287	-27.7753	16.6324	0	
84.4836	-32.7829	1067.78	0	
208.989	-20.8084	1136.72	0	
-28.0097	-38.1045	902.532	0	
123.686	-35.5846	985.042	0	
-53.7943	-33.5404	1001.96	0	
-35.3322	-36.6738	1032.46	0	
100.921	-29.485	1021.02	0	
161.838	-60.3262	1003.4	0	
118.807	-29.1208	1004.34	0	
116.094	-38.0682	974.741	0	
115.315	-25.5586	984.176	0	
112.121	-35.7127	972.023	0	
60.9178	-36.6738	1083.65	0	
119.433	-33.9202	973.773	0	
120.859	-47.2293	934.953	0	
-183.583	-23.2797	1032.01	0	
-95.5796	-32.8724	976.237	0	
-114.065	-35.7792	1031.44	0	
68.2403	-38.1045	986.382	0	
32.7098	-63.156	930.262	0	
9.60751	-38.8404	114.674	0	
-225.327	-7.3709	1129.07	0	
-187.923	-11.9402	1063.29	0	
170.297	-36.5037	1040.67	0	
163.474	-19.8544	1004.9	0	
-196.34	-11.9773	1086.19	0	
-194.679	-18.9528	1080.4	0	
73.7994	-47.6214	1087.58	0	
207.712	-10.3255	1157.67	0	
204.86	-2.4629	1161.98	0	
-212.356	-6.14227	1123.41	0	
129.252	-50.7796	982.125	0	
133.997	-47.3484	938.516	0	
213.211	-14.7209	1152.82	0	
215.594	-2.82136	1159.83	0	
-220.733	-37.1938	1071.62	0	
103.164	-47.8011	899.148	0	
189.04	-35.7251	1087.59	0	
199.849	-18.9164	1131.95	0	
169.619	-18.8059	1003.32	0	
139.422	-30.3106	1033.1	0	
-55.5317	-23.7287	955.163	0	
-37.3685	-24.4061	1006.73	0	
-56.8093	-39.2794	1132.61	0	
-45.742	-28.3975	1017.31	0	
-52.3145	-47.6453	1014.01	0	
-39.2206	-29.0001	1112.03	0	
-47.9803	-33.9094	1130.71	0	
-43.191	-47.72	1115.11	0	
40.7183	-23.7287	1091.47	0	
58.8815	-24.4061	1072.48	0	
39.4407	-39.2794	1005.82	0	
50.508	-28.3975	1106.19	0	
43.9355	-47.6453	1070.59	0	
57.0294	-29.0001	1003.44	0	
48.2697	-33.9094	1043.39	0	
53.059	-47.72	1053.47	0	
146.739	-35.2634	956.939	0	
141.083	-48.4033	987.541	0	
-171.12	-37.8728	1026.5	0	
-73.0349	-48.8114	1070.32	0	
-12.6794	-31.8279	226.732	0	
-7.11451	-38.7862	99.0326	0	
-126.706	-35.6751	1010.58	0	
-120.757	-31.7185	984.452	0	
-116.584	-45.0329	964.662	0	
-102.338	-25.7597	981.72	0	
-126.333	-45.697	1032.99	0	
-90.3084	-40.7522	997.35	0	
-232.636	-4.02057	1123.01	0	
-213.24	-13.2876	1122.27	0	
-83.0809	-48.9441	1026.1	0	
112.882	-53.996	988.468	0	
-41.8717	-39.7232	1026.16	0	
-36.3206	-55.0703	860.815	0	
-51.4248	-68.4389	961.326	0	
9.79367	-57.9625	585.019	0	
54.3783	-39.7232	1087.6	0	
92.7142	-53.006	1049.42	0	
154.638	-31.4481	1011.94	0	
162.265	-25.6367	1004.77	0	
146.844	-43.5002	1003.97	0	
174.146	-25.0927	1039.81	0	
-10.5586	-47.7958	538.281	0	
26.2122	-47.5873	830.65	0	
-99.9985	-36.0407	1041.45	0	
-96.6648	-27.4598	1020.31	0	
-98.8599	-43.4908	980.9	0	
-80.4857	-35.5349	1034.82	0	
-163.404	-50.9608	933.793	0	
-107.716	-63.4503	980.53	0	
-90.5028	-35.2672	1041.78	0	
-94.2465	-45.8076	1037.86	0	
155.531	-25.6086	998.56	0	
162.53	-38.6767	990.183	0	
145.406	-55.4476	967.848	0	
154.317	-46.2331	979.593	0	
-213.385	-66.8866	1031.01	0	
-68.9458	-57.4799	1028.72	0	
-90.1982	-53.4761	1027.5	0	
-83.9074	-41.2679	1034.34	0	
162.103	-45.2249	1026.78	0	
179.505	-41.8783	1043.88	0	
-26.1557	-55.5594	869.699	0	
139.16	-65.0425	995.813	0	
197.836	-37.8736	1090.81	0	
182.569	-22.1973	1077.07	0	
84.0431	-43.7432	926.873	0	
105.034	-36.7207	978.502	0	
152.77	-54.4151	1009.67	0	
130.092	-61.4294	961.145	0	
118.312	-65.1624	954.162	0	
75.0509	-68.8235	1032.53	0	
146.414	-81.4576	985.467	0	
-56.4852	-56.245	1078.59	0	
36.3201	-53.5053	931.573	0	
64.865	-77.0726	986.899	0	
112.416	-78.8413	939.523	0	
59.9585	-55.1042	1077.17	0	
70.2087	-55.7224	983.608	0	
190.375	-24.8482	1088.27	0	
208.311	-28.8887	1124.84	0	
178.328	-52.8869	1062.9	0	
191.284	-60.8463	1053.25	0	
-88.1029	-75.4263	1010.07	0	
201.257	-51.9863	1090.79	0	
232.766	-30.613	1128.42	0	
-94.3526	-64.6703	985.84	0	
-21.2176	-68.4889	791.829	0	
-136.235	-54.5345	908.214	0	
-75.0762	-70.6121	987.265	0	
-135.57	-69.1305	1010.3	0	
17.1658	-67.2349	753.536	0	
-40.3839	-67.1895	970.854	0	
-31.1675	-76.4316	882.683	0	
-40.0545	-114.942	877.284	0	
12.3999	-80.9419	855.289	0	
-62.4004	-77.8089	1020.48	0	
87.3127	-69.9851	915.093	0	
42.2377	-72.0126	963.21	0	
55.7444	-67.659	1007.63	0	
40.1802	-103.505	975.276	0	
95.4064	-81.6752	1004.75	0	
28.0081	-85.7304	850.306	0	
122.096	-92.0535	988.607	0	
161.728	-77.7738	1017.26	0	
-193.993	-43.518	1041.5	0	
15.2296	-47.9657	551.732	0	
-2.66107	-58.4408	456.949	0	
-9.7003	-71.0667	767.939	0	
-2.01149	-84.2955	758.947	0	
-119.078	-74.1502	939.61	0	
-32.1741	-91.5468	892.534	0	
-46.1975	-98.0428	956.311	0	
174.139	-96.1654	1025.41	0	
-93.5477	-95.5998	917.928	0	
177.439	-132.495	1037.09	0	
-14.5355	-96.8328	873.218	0	
214.807	-50.7788	1099.62	0	
227.722	-62.6715	1090.47	0	
-226.174	-52.2763	1048.68	0	
140.1	-95.1239	994.446	0	
65.7718	-108.2	876.443	0	
71.1759	-93.9508	1020.74	0	
-196.369	-62.35	1030.45	0	
-111.16	-95.5437	986.428	0	
-0.0955761	-124.944	922.307	0	
140.341	-120.541	1002.15	0	
149.26	-111.77	1011.78	0	
224.915	-82.6931	1052.97	0	
-149.645	-83.0905	947.546	0	
-181.387	-78.8859	993.684	0	
-223.27	-87.3322	1034.22	0	
206.301	-97.3985	1045.95	0	
-122.3	-109.469	972.645	0	
89.4554	-97.3917	914.895	0	
115.761	-106.486	953.432	0	
94.5914	-125.39	924.646	0	
100.129	-108.99	1011.99	0	
-212.53	-108.31	1022.12	0	
-187.663	-104.4	1027.56	0	
-61.1884	-90.7965	914.917	0	
-17.3938	-112.921	925.397	0	
118.793	-131.494	957.433	0	
78.5133	-128.04	1016.22	0	
145.868	-135.276	1014.39	0	
29.3462	-123.276	849.848	0	
-50.7969	-127.592	984.824	0	
124.844	-118.328	1010.59	0	
104.171	-136.052	1019.75	0	
164.24	-142.504	1036.62	0	
167.986	-116.495	1034.5	0	
100.66	-156.977	964.383	0	
131.518	-141.125	1014.72	0	
68.4008	-148.446	933.2	0	
208.027	-119.4	1048.13	0	
190.911	-84.7228	1050.31	0	
-79.309	-103.773	1011.32	0	
-75.0605	-123.67	874.785	0	
-150.767	-144.01	1012.86	0	
-166.751	-116.842	998.096	0	
-117.627	-141.298	981.472	0	
196.992	-135.207	1044.99	0	
-237.04	-135.177	1030.09	0	
210.321	-157.735	1044.2	0	
231.512	-122.086	1047.25	0	
233.724	-149.676	1045.05	0	
-94.1678	-149.074	1000.88	0	
44.8253	-148.377	978.252	0	
