# ============================================================
# Ground-Truth (Synthetic) Resistivity Model
# Paper: A Comparative Study of Pseudo-diode Arrays and Standard Arrays
# Based on High-density DC Resistivity Method
# ============================================================
# Column 1: X_Coord (m)       - X coordinate of model cell center
# Column 2: Y_Coord (m)       - Y coordinate of model cell center
# Column 3: Z_Coord (m)       - Z coordinate of model cell center
# Column 4: Resistivity       - True resistivity value (Ohm-m)
#            Used as reference for assessing inversion accuracy

-18.9962	-34.2657	100	0
-64.375	-0.431516	1000	0
-20.0471	-33.4785	1000	0
-9.02745	-46.8788	100	0
-20.7682	-32.0497	1000	0
-37.1797	-122.763	1000	0
-139.375	-0.668155	1000	0
-4.20919	-53.4623	1000	0
-5.37687	-130.402	1000	0
-29.375	-0.668155	1000	0
-10.4147	-50.9288	1000	0
-4.75296	-60.1509	1000	0
2.03624	-51.4289	1000	0
7.84912	-105.692	1000	0
-14.1485	-44.8606	1000	0
-13.5653	-61.5867	1000	0
-23.1367	-22.6839	1000	0
-19.4165	-28.5678	100	0
-20.2915	-31.4968	1000	0
-19.3782	-33.3624	100	0
-20.2933	-30.4982	1000	0
-19.3943	-30.0013	100	0
-8.13082	-49.6169	1000	0
-18.7745	-33.7295	100	0
-19.6619	-29.5173	100	0
-19.0487	-28.119	100	0
-20.6438	-33.058	1000	0
-20.3644	-32.5117	1000	0
-20.5976	-30.0001	1000	0
-12.86	-10.5711	1000	0
-145.333	-42.5151	1000	0
-8.54881	-52.4316	1000	0
-20.625	-0.366631	1000	0
-20.6426	-26.9337	1000	0
-19.5199	-27.5925	100	0
-9.22544	-11.6722	1000	0
-183.186	-19.5959	1000	0
-20.2166	-26.4921	1000	0
-10.378	-49.0355	1000	0
-20.1936	-27.5094	1000	0
-16.25	-0.798148	1000	0
-19.1185	-29.0656	100	0
-17.8978	-19.2675	1000	0
-4.49567	-9.97987	1000	0
-19.4742	-52.9825	1000	0
-11.6951	-57.9639	1000	0
187.307	-1.93887	1000	0
10.0288	-47.7033	1000	0
-12.7248	-50.9696	1000	0
16.0402	-42.5179	1000	0
-158.697	-3.15292	1000	0
-7.32129	-50.2421	1000	0
10.7325	-47.8978	1000	0
-6.95564	-49.4432	1000	0
3.50791	-50.2166	1000	0
14.0298	-15.264	1000	0
-160.525	-3.27852	1000	0
-11.9097	-50.7586	1000	0
14.7018	-16.0027	1000	0
3.4785	-9.95291	1000	0
-13.8923	-46.6451	1000	0
7.32266	-11.0167	1000	0
-160.208	-0.842	1000	0
-161.104	-2.43045	1000	0
6.43634	-10.5169	1000	0
-176.012	-1.40712	1000	0
2.51171	-9.63562	1000	0
-6.12488	-51.5021	1000	0
16.7647	-42.4283	1000	0
10.8854	-12.8101	1000	0
-156.25	-1.09967	1000	0
-158.125	-0.366631	1000	0
17.1899	-19.1146	1000	0
19.3197	-36.3824	1000	0
-155.625	-0.668155	1000	0
20.3405	-30.4993	1000	0
-154.375	-0.431516	1000	0
-126.354	-1.86538	1000	0
19.9717	-36.0539	1000	0
-156.875	-0.431516	1000	0
17.6623	-19.9945	1000	0
19.6096	-24.5733	1000	0
-151.875	-0.431516	1000	0
-145	-1.09967	1000	0
19.9692	-23.938	1000	0
-16.94	-20.4036	100	0
-133.021	-2.1669	1000	0
-19.4319	-26.6282	100	0
-20.2533	-34.0275	1000	0
-149.375	-0.431516	1000	0
-18.3335	-27.8285	100	0
-150	-1.09967	1000	0
-17.2348	-26.4541	100	0
-151.25	-1.09967	1000	0
20.8691	-29.9958	1000	0
-20.7838	-42.4511	1000	0
10.1136	-12.147	1000	0
-19.8523	-25.542	1000	0
-8.125	-0.668155	1000	0
-16.125	-40.776	100	0
-16.0402	-42.5179	1000	0
-15.5369	-43.4023	1000	0
-13.5384	-43.5315	100	0
-9.69422	-47.1127	100	0
-14.736	-44.0298	1000	0
-19.4186	-45.3862	1000	0
-12.8509	-44.1861	100	0
-15.4658	-44.0117	1000	0
-17.9316	-35.7579	100	0
-17.5677	-38.8429	100	0
-19.4424	-36.9578	1000	0
-18.9833	-37.3227	1000	0
-16.4156	-39.8448	100	0
-14.2443	-43.5617	100	0
-17.853	-40.1136	1000	0
-18.8309	-30.3046	100	0
-18.8672	-38.9189	1000	0
-18.5588	-35.6311	100	0
-18.1741	-39.1481	1000	0
-18.7584	-38.315	1000	0
-16.8834	-39.0189	100	0
-19.1841	-27.1529	100	0
-16.5965	-41.6886	1000	0
1.44685	-49.6145	100	0
-6.38237	-49.3197	1000	0
-5.4726	-49.7754	1000	0
0.944086	-49.118	100	0
4.26574	-48.9962	100	0
-3.47043	-50.0006	1000	0
3.72951	-48.7745	100	0
-4.02973	-50.2529	1000	0
0.4778	-49.4634	100	0
-4.45797	-49.8523	1000	0
-7.30566	-48.9392	1000	0
2.38325	-49.3228	100	0
-15.4881	-40.7152	100	0
-13.2899	-45.4067	1000	0
-12.6237	-46.1758	1000	0
-8.17956	-47.3056	100	0
-11.7107	-44.7498	100	0
-8.2241	-48.5533	1000	0
-7.42063	-47.9185	100	0
-10.9775	-47.3353	1000	0
-4.30924	-49.1899	100	0
-6.05394	-49.9717	1000	0
-12.4351	-46.7597	1000	0
-4.64624	-48.5689	100	0
-12.3026	-44.9928	100	0
-13.2359	-46.1347	1000	0
-19.8062	-34.4476	1000	0
-2.40755	-10.4801	100	0
-18.9962	-25.7343	100	0
-18.9553	-24.7544	100	0
-19.5641	-24.5859	1000	0
-18.9553	-35.2456	100	0
-18.7584	-21.685	1000	0
-18.5665	-25.3443	100	0
-20.4689	-25.9328	1000	0
-18.5588	-24.3689	100	0
-18.1647	-22.9931	100	0
-18.211	-20.2647	1000	0
-16.4156	-20.1552	100	0
-18.9833	-22.6773	1000	0
-17.5677	-21.1571	100	0
-17.5328	-21.7091	100	0
-16.6351	-18.2842	1000	0
-17.3353	-19.0225	1000	0
-15.9222	-16.9331	1000	0
-15.9178	-18.7894	100	0
-17.3544	-18.4093	1000	0
-14.9928	-17.6974	100	0
-16.6164	-19.4778	100	0
-13.8668	-14.6987	1000	0
-14.8926	-17.1535	100	0
-16.003	-17.5112	1000	0
-18.5665	-34.6557	100	0
-17.7033	-19.9712	1000	0
-13.5617	-15.7557	100	0
-13.5315	-16.4616	100	0
-11.7158	-13.3649	1000	0
-13.2359	-13.8653	1000	0
-9.8339	-11.5931	1000	0
-11.5542	-14.4232	100	0
-8.2453	-11.3989	1000	0
-9.83643	-13.5794	100	0
-9.69422	-12.8873	100	0
-12.4351	-13.2403	1000	0
-12.7168	-15.2577	100	0
-10.0288	-12.2967	1000	0
-7.07834	-11.6501	100	0
-8.7536	-12.6096	100	0
-8.9265	-11.1364	1000	0
-5.42671	-10.3904	1000	0
-3.4785	-9.95291	1000	0
-5.24565	-11.0447	100	0
-2.01904	-9.50161	1000	0
-4.26574	-11.0038	100	0
-7.4231	-12.0826	100	0
-2.48487	-9.85324	1000	0
-11.3249	-13.9199	100	0
-6.06202	-10.0308	1000	0
-4.65569	-11.4335	100	0
-7.30566	-11.0608	1000	0
-2.84705	-10.8159	100	0
-13.2899	-14.5933	1000	0
-4.89765	-51.6145	1000	0
-5.07487	-50.2426	1000	0
-4.0755	-9.53273	1000	0
-19.6726	-31.4511	100	0
-145.625	-0.431516	1000	0
-143.125	-0.431516	1000	0
-16.94	-39.5964	100	0
-21.8435	-33.7467	1000	0
-138.75	-1.09967	1000	0
-132.5	-1.09967	1000	0
-19.7754	-35.4726	1000	0
-140.625	-0.431516	1000	0
-16.6164	-40.5222	100	0
-20.6249	-31.0144	1000	0
-133.125	-0.431516	1000	0
-131.875	-0.668155	1000	0
-19.2789	-37.9902	1000	0
-19.2789	-22.0098	1000	0
-125	-1.09967	1000	0
-21.558	-27.6965	1000	0
-125.625	-0.431516	1000	0
-126.875	-0.366631	1000	0
-20.0313	-24.9836	1000	0
-21.6108	-42.5869	1000	0
-80.625	-0.431516	1000	0
-134.375	-0.366631	1000	0
-20.4631	-28.4906	1000	0
-21.4717	-26.9963	1000	0
-101.354	-1.86538	1000	0
-123.75	-1.09967	1000	0
-20.769	-27.9587	1000	0
-156.771	-2.1669	1000	0
-122.5	-0.798148	1000	0
-14.7537	-44.7597	1000	0
-120	-1.09967	1000	0
-116.25	-1.09967	1000	0
-15.9434	-44.6923	1000	0
-18.875	-42.6869	1000	0
-18.9396	-41.3807	1000	0
-16.5854	-42.302	1000	0
-116.875	-0.431516	1000	0
-108.854	-1.86538	1000	0
2.0252	-50.5503	1000	0
-10.0288	-47.7033	1000	0
-113.75	-0.798148	1000	0
-14.8606	-15.8515	1000	0
-109.375	-0.366631	1000	0
-107.5	-1.09967	1000	0
-10.7325	-47.8978	1000	0
-115	-1.09967	1000	0
-2.51171	-50.3644	1000	0
-118.125	-0.366631	1000	0
-17.1262	-41.4435	1000	0
-124.375	-0.668155	1000	0
-55.625	-0.431516	1000	0
-18.8085	-19.9959	1000	0
-106.875	-0.668155	1000	0
-101.25	-0.798148	1000	0
-39.375	-0.431516	1000	0
-18.1319	-20.8732	1000	0
-101.875	-0.366631	1000	0
-11.9803	-11.5517	1000	0
-19.2046	-40.0617	1000	0
-17.4762	-44.0839	1000	0
-10.6152	-12.2874	1000	0
-20.2922	-41.9048	1000	0
-19.2621	-19.0389	1000	0
-17.6012	-15.7016	1000	0
-81.354	-1.86538	1000	0
-22.8722	-37.1967	1000	0
-14.4434	-13.1904	1000	0
-6.43634	-10.5169	1000	0
-98.125	-0.431516	1000	0
-11.1296	-11.5752	1000	0
-95	-0.798148	1000	0
-93.75	-1.09967	1000	0
-7.90344	-10.9224	1000	0
-17.3333	-42.7632	1000	0
-13.9973	-15.2982	1000	0
-99.375	-0.668155	1000	0
-14.3388	-14.2443	1000	0
-3.03111	-9.5738	1000	0
-92.5	-1.09967	1000	0
-89.375	-0.366631	1000	0
-3.80421	-6.82741	1000	0
-7.90225	-6.93199	1000	0
-88.125	-0.431516	1000	0
-2.04973	-50.7682	1000	0
-81.25	-0.798148	1000	0
-86.875	-0.668155	1000	0
-1.49679	-50.2915	1000	0
-20.4566	-38.3913	1000	0
-6.79998	-8.70164	1000	0
6.4049	-50.497	1000	0
-86.25	-1.09967	1000	0
-22.3368	-37.6213	1000	0
5.30196	-50.8622	1000	0
150	-1.09967	1000	0
-78.75	-1.09967	1000	0
12.882	-47.2452	1000	0
-77.5	-0.798148	1000	0
-78.125	-0.431516	1000	0
123.125	-0.431516	1000	0
-79.375	-0.668155	1000	0
7.03456	-49.6477	1000	0
-16.1293	-43.2425	1000	0
2.88806	-53.5666	1000	0
-94.375	-0.431516	1000	0
-10.8601	-12.85	1000	0
-108.125	-0.431516	1000	0
-16.5868	-17.6998	1000	0
8.82791	-48.6678	1000	0
-71.6002	-2.73747	1000	0
-71.25	-1.09967	1000	0
10.1143	-49.5338	1000	0
78.125	-0.431516	1000	0
-65	-0.798148	1000	0
17.6623	-40.0055	1000	0
-23.9777	-31.6963	1000	0
-70	-1.09967	1000	0
18.7011	-41.8931	1000	0
-75	-1.09967	1000	0
18.295	-40.9149	1000	0
16.8197	-44.1763	1000	0
-62.5	-1.09967	1000	0
-61.875	-0.431516	1000	0
12.7632	-12.6667	1000	0
15.5369	-16.5977	1000	0
-55	-1.09967	1000	0
1.0019	-8.72	1000	0
-58.75	-1.09967	1000	0
-22.8197	-32.2199	1000	0
14.6008	-15.3975	1000	0
-61.25	-0.798148	1000	0
10.7252	-12.0978	1000	0
-23.2065	-35.9082	1000	0
14.736	-44.0298	1000	0
1.67313	-7.90077	1000	0
-22.0705	-28.9405	1000	0
-56.875	-0.366631	1000	0
0.498173	-9.7067	1000	0
4.57361	-8.48372	1000	0
-53.75	-1.09967	1000	0
4.44763	-10.1938	1000	0
-46.25	-1.09967	1000	0
-53.125	-0.431516	1000	0
5.15847	-9.10184	1000	0
-21.503	-30.9823	1000	0
5.01864	-9.96925	1000	0
8.68334	-9.78942	1000	0
-23.5098	-27.4864	1000	0
-45	-1.09967	1000	0
9.13638	-10.5098	1000	0
11.6886	-13.4035	1000	0
-43.75	-0.798148	1000	0
17.0749	-15.5671	1000	0
-20.6443	-21.1527	1000	0
-21.9738	-25.4255	1000	0
12.4594	-11.8718	1000	0
-44.375	-0.431516	1000	0
8.22616	-11.4421	1000	0
-22.8687	-24.6442	1000	0
8.83001	-11.3332	1000	0
-24.4978	-29.7819	1000	0
-1.47953	-7.72782	1000	0
18.1654	-20.2903	1000	0
-20.8622	-24.698	1000	0
-37.5	-1.09967	1000	0
17.7114	-19.3828	1000	0
52.5	-0.798148	1000	0
-36.875	-0.431516	1000	0
20.0006	-33.4704	1000	0
-24.375	-0.668155	1000	0
-27.7083	-2.01633	1000	0
21.6145	-34.8977	1000	0
-31.25	-0.798148	1000	0
20.9027	-34.1135	1000	0
20.6123	-37.6812	1000	0
-28.75	-1.09967	1000	0
-18.7982	-17.8971	1000	0
21.1967	-27.8686	1000	0
22.1055	-28.4124	1000	0
-17.2452	-17.118	1000	0
20.2444	-31.4933	1000	0
-23.75	-1.09967	1000	0
-18.75	-1.09967	1000	0
20.1468	-27.5151	1000	0
-28.125	-0.431516	1000	0
39.375	-0.431516	1000	0
-18.8264	-15.3997	1000	0
18.9392	-37.3057	1000	0
20.0983	-21.8691	1000	0
-13.8389	-2.93321	1000	0
-17.5	-1.09967	1000	0
21.8482	-18.4623	1000	0
19.2789	-22.0098	1000	0
-16.875	-0.431516	1000	0
20.6756	-24.8658	1000	0
-12.5	-0.798148	1000	0
-11.25	-1.09967	1000	0
19.8062	-25.5524	1000	0
-12.0791	-12.2448	1000	0
20.3523	-22.5274	1000	0
-14.1006	-16.5752	100	0
-8.11235	-10.3015	1000	0
-8.33775	-8.91502	1000	0
-18.209	-26.6178	100	0
-17.8165	-25.1619	100	0
-7.5	-1.09967	1000	0
-18.5091	-27.1872	100	0
-3.08525	-8.69685	1000	0
-3.80723	-8.59985	1000	0
-18.7269	-23.8135	100	0
-9.375	-0.431516	1000	0
-16.8834	-20.9811	100	0
-8.83627	-10.3828	1000	0
16.4206	-39.8364	100	0
-12.6237	-13.8242	1000	0
21.2757	-31.0887	1000	0
-40	-0.798148	1000	0
20.625	-0.431516	1000	0
-21.5554	-35.3044	1000	0
14.018	-45.4601	1000	0
-0.503554	-9.48749	1000	0
-19.7163	-30.484	100	0
4.65569	-48.5665	100	0
3.06631	-50.6426	1000	0
0.498048	-50.2882	1000	0
6.10715	-48.4866	100	0
6.4531	-48.0208	100	0
2.49065	-50.1936	1000	0
4.06722	-50.4689	1000	0
7.07834	-48.3499	100	0
1.49332	-50.2444	1000	0
9.83643	-46.4206	100	0
11.5521	-45.5784	100	0
5.01639	-50.0313	1000	0
6.38237	-49.3197	1000	0
12.1002	-45.505	100	0
12.7168	-44.7423	100	0
7.98235	-49.2821	1000	0
13.5617	-44.2443	100	0
10.9775	-47.3353	1000	0
8.2453	-48.6011	1000	0
12.1394	-44.7995	100	0
7.38458	-49.1438	1000	0
10.416	-46.4487	100	0
4.45797	-49.8523	1000	0
12.8581	-44.1795	100	0
15.3485	-41.9781	100	0
11.7158	-46.6351	1000	0
13.101	-45.9618	1000	0
16.0801	-41.3249	100	0
12.736	-43.5324	100	0
14.1485	-44.8606	1000	0
-17.6599	-30.9102	100	0
16.7758	-41.8148	1000	0
15.3709	-43.259	1000	0
15.9127	-40.6384	100	0
13.2899	-45.4067	1000	0
18.5285	-33.3749	100	0
11.3249	-13.9199	100	0
-8.04869	-16.6212	100	0
13.4023	-14.4631	1000	0
13.2425	-13.8707	1000	0
14.0117	-14.5342	1000	0
-11.0583	-18.9778	100	0
16.0402	-17.4821	1000	0
-0.326611	-44.4988	100	0
16.1293	-16.7575	1000	0
17.2809	-22.5123	100	0
-8.55728	-14.4818	100	0
20	-0.798148	1000	0
18.6751	-36.1694	100	0
14.7933	-42.1469	100	0
11.5907	-47.3544	1000	0
10.7738	-13.8735	100	0
-0.482672	-10.3381	100	0
0.4778	-10.5366	100	0
1.25	-0.798148	1000	0
2.04973	-9.23182	1000	0
3.3665	-8.56944	1000	0
2.40755	-10.4801	100	0
6.06202	-10.0308	1000	0
1.89964	-10.699	100	0
3.05795	-9.35617	1000	0
4.30924	-10.8101	100	0
-0.934354	-10.8815	100	0
5.42671	-10.3904	1000	0
1.49679	-9.70849	1000	0
-2.33543	-7.44357	1000	0
-19.3228	-32.3832	100	0
1.0144	-9.37505	1000	0
-16.4319	-29.6462	100	0
-0.625	-0.668155	1000	0
-17.9249	-33.416	100	0
3.125	-0.668155	1000	0
1.875	-0.431516	1000	0
-18.8738	-30.9308	100	0
3.75	-1.09967	1000	0
-19.4291	-30.9546	100	0
7.5	-1.09967	1000	0
3.73906	-11.2274	100	0
6.875	-0.431516	1000	0
9.14808	-11.8259	1000	0
5.1927	-11.236	100	0
9.84134	-11.5971	1000	0
11.4715	-12.8296	1000	0
9.01886	-13.1166	100	0
7.02661	-10.3494	1000	0
7.07834	-11.6501	100	0
11.875	-0.431516	1000	0
6.53247	-11.739	100	0
8.84286	-12.4323	100	0
12.5179	-13.9598	1000	0
-18.4043	-37.0993	100	0
8.125	-0.668155	1000	0
8.75	-1.09967	1000	0
-13.4248	-44.1006	100	0
-20.8857	-34.1987	1000	0
12.5	-1.09967	1000	0
-21.2203	-33.5516	1000	0
13.125	-0.668155	1000	0
15.3021	-12.7135	1000	0
-70.625	-0.668155	1000	0
8.05211	-10.0924	1000	0
-12.8465	-44.8926	100	0
13.75	-1.09967	1000	0
-18.7269	-36.1865	100	0
9.59636	-13.06	100	0
-18.9334	-32.8134	100	0
16.7758	-18.1852	1000	0
5.24565	-48.9553	100	0
17.1048	-39.1412	100	0
17.1899	-40.8854	1000	0
17.7114	-40.6172	1000	0
18.764	-35.1927	100	0
18.5689	-34.6462	100	0
18.8636	-38.9265	1000	0
16.751	-38.6082	100	0
19.7754	-35.4726	1000	0
18.6011	-38.2453	1000	0
19.1899	-34.3092	100	0
18.3278	-39.2254	1000	0
19.6619	-30.4827	100	0
11.7812	-12.0458	1000	0
12.8465	-15.1074	100	0
15	-0.798148	1000	0
26.25	-1.09967	1000	0
18.9833	-22.6773	1000	0
18.7104	-27.8511	100	0
21.25	-1.09967	1000	0
18.7584	-21.685	1000	0
19.6506	-22.9734	1000	0
17.9174	-22.5769	100	0
12.8509	-15.8139	100	0
-20.2882	-29.502	1000	0
19.1185	-30.9344	100	0
18.3157	-35.5611	100	0
19.118	-29.0559	100	0
19.8523	-34.458	1000	0
20.2529	-34.0297	1000	0
18.9553	-24.7544	100	0
20.3644	-32.5117	1000	0
21.9445	-33.3483	1000	0
-17.0323	-25.5958	100	0
20.6251	-31.0121	1000	0
20.5125	-29.4964	1000	0
19.0219	-33.7823	100	0
20.2426	-35.0749	1000	0
18.3185	-24.4482	100	0
16.6164	-19.4778	100	0
-14.8621	-20.3481	100	0
20.0307	-24.9814	1000	0
19.4831	-23.5637	1000	0
20.2915	-28.5032	1000	0
18.0208	-23.5469	100	0
20.2166	-26.4921	1000	0
20.5506	-27.9771	1000	0
20.8442	-28.9802	1000	0
15.3715	-18.5936	100	0
19.3007	-28.0977	100	0
17.3497	-18.4022	1000	0
17.3497	-41.5978	1000	0
16.4156	-20.1552	100	0
14.7537	-44.7597	1000	0
-21.2351	-29.9951	1000	0
-98.75	-1.09967	1000	0
14.7424	-14.3292	1000	0
15.0946	-14.9669	1000	0
-19.5218	-39.4315	1000	0
-19.2749	-36.3676	1000	0
21.875	-0.668155	1000	0
-19.27	-23.634	1000	0
18.1615	-16.908	1000	0
16.2893	-14.2281	1000	0
-20.0729	-37.136	1000	0
18.0716	-15.2042	1000	0
-18.4029	-39.8413	1000	0
-11.7158	-46.6351	1000	0
19.9639	-20.5305	1000	0
18.5009	-18.9972	1000	0
-11.6482	-49.9976	1000	0
-155	-1.09967	1000	0
28.125	-0.431516	1000	0
-17.6591	-41.7936	1000	0
22.4596	-23.3196	1000	0
30.625	-0.366631	1000	0
-17.1457	-40.8574	1000	0
27.5	-1.09967	1000	0
-15.4569	-45.2033	1000	0
18.7725	-17.6969	1000	0
-20.3194	-23.8311	1000	0
1.03711	-51.2098	1000	0
21.1806	-23.6542	1000	0
34.375	-0.431516	1000	0
-4.83935	-50.9641	1000	0
-9.22544	-48.3278	1000	0
40	-1.09967	1000	0
-15.367	-16.7443	1000	0
24.5595	-26.131	1000	0
40.625	-0.668155	1000	0
-7.88224	-49.0297	1000	0
21.9716	-26.834	1000	0
-3.04988	-50.5973	1000	0
-21.0037	-24.1105	1000	0
42.5	-0.798148	1000	0
44.375	-0.668155	1000	0
-19.7107	-24.021	1000	0
-18.8251	-21.1024	1000	0
48.125	-0.366631	1000	0
-14.7271	-15.2805	1000	0
24.1755	-30.6273	1000	0
49.375	-0.431516	1000	0
-13.9557	-13.6247	1000	0
50	-1.09967	1000	0
-18.6566	-19.2835	1000	0
41.25	-1.09967	1000	0
-16.4119	-16.5248	1000	0
33.75	-1.09967	1000	0
-4.11348	-50.9027	1000	0
235.957	-16.0146	1000	0
-20.0271	-37.8631	1000	0
-20.1966	-35.0645	1000	0
-9.02033	-9.75626	1000	0
50.625	-0.668155	1000	0
51.25	-1.09967	1000	0
-10.6331	-11.0422	1000	0
-1.49294	-9.76066	1000	0
57.396	-1.86538	1000	0
58.75	-1.09967	1000	0
-2.07658	-8.86664	1000	0
25.7833	-30.7549	1000	0
-11.4734	-12.8309	1000	0
-5.44178	-9.0133	1000	0
65	-0.798148	1000	0
60	-1.09967	1000	0
-0.503554	-50.5125	1000	0
9.2701	-49.427	1000	0
64.375	-0.366631	1000	0
5.41411	-49.5641	1000	0
66.875	-0.668155	1000	0
65.625	-0.431516	1000	0
9.12685	-48.1319	1000	0
66.25	-1.09967	1000	0
1.0108	-50.5728	1000	0
59.375	-0.668155	1000	0
-5.06668	-9.75531	1000	0
4.67206	-51.2281	1000	0
68.75	-0.798148	1000	0
70	-0.727521	1000	0
5.99545	-49.7604	1000	0
15.9633	-43.0992	1000	0
20.7046	-36.4746	1000	0
13.7308	-47.1852	1000	0
71.25	-0.721734	1000	0
85.9127	-2.94281	1000	0
12.4888	-46.003	1000	0
70.625	-0.36089	1000	0
15.9988	-44.4007	1000	0
19.4432	-36.9556	1000	0
78.75	-1.09967	1000	0
91.146	-1.86538	1000	0
18.1083	-41.6191	1000	0
15.2998	-43.8685	1000	0
80.625	-0.431516	1000	0
15.4316	-16.0209	1000	0
83.75	-0.798148	1000	0
85	-1.09967	1000	0
15.6784	-45.0549	1000	0
80	-1.09967	1000	0
18.3658	-39.8106	1000	0
21.6007	-39.1769	1000	0
19.9151	-38.169	1000	0
67.5	-1.09967	1000	0
6.10914	-51.1316	1000	0
1.7109	-8.5527	1000	0
91.25	-0.798148	1000	0
86.25	-1.09967	1000	0
-0.00538126	-9.17812	1000	0
4.02745	-9.74668	1000	0
90.625	-0.366631	1000	0
7.9013	-10.9216	1000	0
93.125	-0.668155	1000	0
91.875	-0.431516	1000	0
9.85543	-10.6265	1000	0
92.5	-1.09967	1000	0
5.88648	-9.07607	1000	0
13.4456	-12.9215	1000	0
94.375	-0.431516	1000	0
97.5	-1.09967	1000	0
16.7647	-17.5717	1000	0
18.1274	-20.8754	1000	0
103.75	-1.09967	1000	0
20.9641	-34.8394	1000	0
99.375	-0.431516	1000	0
98.75	-1.09967	1000	0
18.73	-19.9941	1000	0
96.875	-0.431516	1000	0
17.3067	-16.9412	1000	0
93.75	-1.09967	1000	0
12.302	-13.4146	1000	0
19.0776	-37.9034	1000	0
104.375	-0.668155	1000	0
110	-0.798148	1000	0
19.8337	-38.8929	1000	0
20.5957	-26.9395	1000	0
111.25	-1.09967	1000	0
22.1568	-30.501	1000	0
110.625	-0.431516	1000	0
109.375	-0.366631	1000	0
20.7211	-32.0463	1000	0
105	-1.09967	1000	0
21.4662	-28.5454	1000	0
21.764	-23.9476	1000	0
112.5	-1.09967	1000	0
113.125	-0.431516	1000	0
-16.4502	-21.62	100	0
-17.5157	-23.9826	100	0
113.75	-0.798148	1000	0
-15.7173	-20.0471	100	0
116.875	-0.431516	1000	0
116.25	-1.09967	1000	0
-14.1861	-17.1491	100	0
108.713	-3.24559	1000	0
-10.416	-13.5513	100	0
111.875	-0.668155	1000	0
20.4228	-25.9431	1000	0
103.125	-0.431516	1000	0
20.5973	-33.0499	1000	0
84.375	-0.431516	1000	0
15.2508	-13.9194	1000	0
-18.0303	-22.0077	100	0
123.75	-1.09967	1000	0
120	-1.09967	1000	0
-16.9524	-22.0557	100	0
-18.0758	-23.539	100	0
131.146	-1.86538	1000	0
-17.4766	-32.2576	100	0
125.625	-0.431516	1000	0
125	-1.09967	1000	0
-18.3226	-29.4808	100	0
121.875	-0.366631	1000	0
-17.896	-24.5018	100	0
-18.3026	-30.2358	100	0
132.5	-1.09967	1000	0
130.625	-0.366631	1000	0
-17.6844	-34.8219	100	0
-17.799	-37.8897	100	0
131.875	-0.431516	1000	0
-18.0279	-32.8224	100	0
133.75	-1.09967	1000	0
156.146	-1.86538	1000	0
-18.3154	-36.5535	100	0
150.93	-2.91409	1000	0
3.06149	-47.6438	100	0
126.25	-0.798148	1000	0
-19.1078	-31.8756	100	0
-16.1614	-38.4723	100	0
142.5	-1.09967	1000	0
137.5	-1.09967	1000	0
-17.3015	-38.1884	100	0
-15.551	-42.1361	100	0
141.875	-0.431516	1000	0
-7.9702	-47.9805	100	0
148.75	-0.798148	1000	0
143.125	-0.668155	1000	0
-8.7536	-47.3904	100	0
138.125	-0.431516	1000	0
-16.1246	-41.3562	100	0
-21.8089	-30.4611	1000	0
148.125	-0.366631	1000	0
149.375	-0.431516	1000	0
-19.9269	-36.0391	1000	0
-19.4375	-23.0438	1000	0
156.25	-0.798148	1000	0
-12.1939	-47.9266	1000	0
157.5	-1.09967	1000	0
14.4304	-46.1977	1000	0
-20.0276	-20.4257	1000	0
150.625	-0.668155	1000	0
-21.066	-38.1565	1000	0
143.75	-1.09967	1000	0
-20.7914	-28.9731	1000	0
135	-0.798148	1000	0
-17.7909	-36.3695	100	0
-10.9919	-48.6878	1000	0
156.875	-0.431516	1000	0
158.125	-0.668155	1000	0
-9.8339	-48.4069	1000	0
-11.5907	-47.3544	1000	0
160	-0.496475	1000	0
-14.4265	-46.1843	1000	0
154.617	-5.94785	1000	0
159.338	-2.74918	1000	0
-14.018	-45.4601	1000	0
158.958	-1.16463	1000	0
-12.7707	-47.5204	1000	0
-17.8772	-42.4998	1000	0
166.05	-0.925681	1000	0
167.97	-2.04966	1000	0
-3.34832	-51.9445	1000	0
-1.94653	-51.5932	1000	0
160.879	-2.92373	1000	0
-8.9053	-48.8158	1000	0
145.139	-3.89608	1000	0
154.963	-3.24559	1000	0
-1.01978	-50.8442	1000	0
7.13331	-50.487	1000	0
-1.24291	-51.6451	1000	0
10.9931	-48.7017	1000	0
-17.858	-40.6972	1000	0
-15.4205	-16.0162	1000	0
12.113	-53.0978	1000	0
0.066813	-54.4931	1000	0
-17.151	-16.521	1000	0
-2.59654	-8.34132	1000	0
153.697	-14.6421	1000	0
1.53067	-51.76	1000	0
155.683	-32.2944	1000	0
-0.00550613	-50.8168	1000	0
1.66974	-53.6836	1000	0
-1.01593	-9.20802	1000	0
9.73531	-48.211	1000	0
12.3002	-46.5868	1000	0
18.8205	-21.1047	1000	0
-12.0714	-17.0262	100	0
19.0164	-19.3127	1000	0
12.4401	-47.8243	1000	0
8.72369	-49.9088	1000	0
155.378	-4.52398	1000	0
-7.91989	-50.3252	1000	0
155.625	-0.366631	1000	0
-8.64554	-51.0351	1000	0
117.5	-0.798148	1000	0
-15.9181	-19.3697	100	0
-6.10715	-11.5134	100	0
-7.00961	-10.3935	1000	0
-13.921	-17.874	100	0
-18.8282	-26.2612	100	0
-10.6384	-14.0873	100	0
-12.8279	-16.5264	100	0
-12.8581	-15.8205	100	0
-15.548	-17.8662	100	0
-14.5141	-18.1746	100	0
-17.7322	-22.6484	100	0
-17.0193	-22.6958	100	0
-16.6441	-30.6394	100	0
-16.6818	-23.9681	100	0
-18.5765	-31.5255	100	0
-17.8909	-31.5737	100	0
16.4487	-40.416	100	0
17.1127	-39.6942	100	0
-17.7405	-37.3415	100	0
-17.4461	-35.5386	100	0
-16.0687	-37.2335	100	0
-15.5232	-39.7478	100	0
-14.7423	-42.7168	100	0
-15.6244	-41.5879	100	0
-16.4323	-37.9341	100	0
-15.1759	-41.2596	100	0
-13.0061	-42.7989	100	0
-14.1795	-42.8581	100	0
-12.1338	-45.548	100	0
-11.3584	-46.1277	100	0
-3.3285	-49.1826	100	0
-2.40755	-49.5199	100	0
-5.05776	-42.4834	100	0
-1.43225	-10.5835	100	0
-10.5575	-14.8549	100	0
-6.4531	-11.9792	100	0
-9.16966	-13.8133	100	0
-9.02745	-13.1212	100	0
-12.1338	-14.452	100	0
-11.2058	-15.0024	100	0
-15.4145	-18.5601	100	0
-14.7345	-18.7793	100	0
-17.4677	-29.1621	100	0
-14.7334	-21.2185	100	0
-16.6353	-35.9974	100	0
17.8693	-34.0838	100	0
15.0622	-38.9343	100	0
-6.92482	-47.5141	100	0
14.3769	-38.019	100	0
7.48774	-47.2809	100	0
15.9144	-39.0951	100	0
13.3556	-43.2914	100	0
15.21	-40.7121	100	0
15.3774	-41.3986	100	0
17.6164	-38.8674	100	0
18.0338	-37.9938	100	0
19.4634	-29.5222	100	0
19.6145	-28.5531	100	0
-17.3338	-36.8523	100	0
-16.6637	-36.6994	100	0
-14.8455	-42.1752	100	0
-15.0871	-40.3644	100	0
-13.277	-41.5865	100	0
-12.0251	-43.8342	100	0
-10.416	-46.4487	100	0
-11.5878	-45.6245	100	0
-13.4216	-42.3625	100	0
-11.2539	-45.1801	100	0
-8.73079	-46.0232	100	0
-9.83643	-46.4206	100	0
-7.09795	-48.4007	100	0
-6.18771	-48.7305	100	0
-2.8038	-48.9349	100	0
5.70982	-45.4351	100	0
-4.53023	-12.8677	100	0
3.3285	-10.8174	100	0
-6.56113	-12.7435	100	0
-1.88103	-10.9513	100	0
-7.99228	-11.9697	100	0
-7.22583	-12.7291	100	0
-12.1729	-15.1575	100	0
-11.5665	-15.5354	100	0
-16.278	-24.9211	100	0
-12.1582	-17.9017	100	0
7.99228	-48.0303	100	0
9.69422	-47.1127	100	0
6.53208	-47.1266	100	0
-1.89964	-49.301	100	0
12.3076	-43.1804	100	0
3.36244	-49.3782	100	0
14.2838	-43.5993	100	0
14.8926	-42.8465	100	0
7.63542	-45.8916	100	0
7.4231	-47.9174	100	0
11.4283	-44.4993	100	0
11.3562	-46.1246	100	0
13.4394	-42.4351	100	0
13.7148	-43.7129	100	0
18.1647	-37.0069	100	0
17.5849	-38.3169	100	0
15.5755	-20.4935	100	0
17.084	-38.0762	100	0
17.4186	-35.4371	100	0
18.024	-36.4439	100	0
19.4319	-33.3718	100	0
19.5777	-32.4147	100	0
18.4866	-23.8928	100	0
18.3499	-22.9217	100	0
-14.178	-40.5681	100	0
-16.1327	-34.2812	100	0
-14.5983	-41.589	100	0
-14.0014	-41.2482	100	0
-10.672	-45.9604	100	0
-11.4288	-44.2977	100	0
-9.3419	-44.9417	100	0
-7.49146	-46.7292	100	0
-5.1927	-48.764	100	0
-6.55328	-48.3155	100	0
-9.25506	-45.7262	100	0
-6.36276	-47.7933	100	0
-1.45086	-49.6688	100	0
-0.954398	-49.4291	100	0
-0.231644	-12.2803	100	0
7.88975	-12.201	100	0
-2.17152	-11.6665	100	0
2.8038	-11.0651	100	0
-0.456554	-11.402	100	0
-0.00487203	-10.8587	100	0
-3.37176	-10.5681	100	0
-2.81279	-11.4909	100	0
-5.55177	-11.6815	100	0
-4.96181	-12.0703	100	0
-8.20165	-12.6446	100	0
-7.70524	-13.1585	100	0
-14.1944	-19.6224	100	0
-8.85417	-15.3101	100	0
8.86907	-47.6198	100	0
8.08261	-47.0809	100	0
0.533681	-47.6137	100	0
-1.54257	-48.7701	100	0
5.55177	-48.3185	100	0
4.96181	-47.9297	100	0
3.1805	-48.3297	100	0
2.81343	-48.9334	100	0
14.3693	-43.0254	100	0
13.9249	-41.92	100	0
7.22195	-46.8192	100	0
8.31712	-47.5848	100	0
11.0989	-45.0768	100	0
10.6698	-45.9573	100	0
17.7357	-37.3532	100	0
16.2526	-38.4199	100	0
16.4772	-36.2474	100	0
-15.7947	-31.2973	100	0
19.4165	-31.4322	100	0
19.242	-32.8542	100	0
17.2296	-36.0092	100	0
18.6927	-32.7692	100	0
19.574	-27.5858	100	0
19.4357	-26.6276	100	0
15.9178	-18.7894	100	0
15.505	-17.8998	100	0
-10.4998	-44.2287	100	0
-14.1953	-38.7799	100	0
-10.6056	-45.3276	100	0
-10.1334	-44.8282	100	0
-5.57938	-48.371	100	0
-6.78629	-46.9997	100	0
-4.60228	-47.0102	100	0
-2.31265	-48.1835	100	0
-3.73906	-48.7726	100	0
-3.70355	-47.8677	100	0
-0.484102	-49.7201	100	0
-0.923658	-48.8741	100	0
4.08082	-12.7551	100	0
11.9781	-14.6515	100	0
2.34824	-11.6883	100	0
7.32056	-12.3139	100	0
4.07606	-11.8485	100	0
4.64624	-11.4311	100	0
1.45086	-10.3312	100	0
1.76884	-11.3622	100	0
-3.73882	-11.1718	100	0
-3.38216	-11.791	100	0
-13.2187	-18.2405	100	0
-5.01947	-13.599	100	0
9.14292	-47.1082	100	0
8.4352	-46.4595	100	0
14.9801	-37.2821	100	0
-4.29145	-47.7357	100	0
1.87133	-49.0496	100	0
1.64264	-48.1734	100	0
16.0037	-37.5221	100	0
10.4842	-45.2673	100	0
11.6115	-43.3845	100	0
9.87844	-44.8761	100	0
17.1021	-37.4116	100	0
16.5202	-37.0458	100	0
19.1065	-31.8882	100	0
17.997	-33.3394	100	0
17.5812	-31.1953	100	0
18.2853	-28.7208	100	0
19.1413	-30.0049	100	0
18.2469	-30.1466	100	0
18.9962	-25.7343	100	0
19.242	-27.1456	100	0
18.2321	-30.7489	100	0
18.6917	-27.2237	100	0
17.5037	-24.8435	100	0
18.5665	-25.3443	100	0
18.0303	-22.0077	100	0
17.6198	-21.1309	100	0
13.4248	-15.8994	100	0
-3.54818	-12.7783	100	0
-5.91727	-46.6639	100	0
-11.0354	-42.5225	100	0
-5.69957	-47.7462	100	0
-5.39261	-47.1313	100	0
-0.00630282	-49.1996	100	0
-1.55933	-48.2376	100	0
1.04173	-48.2177	100	0
-0.825194	-47.6641	100	0
8.68674	-15.1674	100	0
14.9911	-17.6954	100	0
6.72726	-12.8076	100	0
11.3986	-14.6226	100	0
6.18652	-11.2731	100	0
6.24446	-12.3505	100	0
0.948095	-10.8276	100	0
1.14363	-11.5149	100	0
9.90149	-44.2529	100	0
-0.883915	-12.8709	100	0
8.94355	-46.4519	100	0
9.35235	-45.9255	100	0
13.7845	-42.8409	100	0
12.582	-42.5336	100	0
17.4981	-32.5526	100	0
1.64036	-46.38	100	0
18.5172	-32.1279	100	0
17.8542	-31.9468	100	0
18.8319	-26.2605	100	0
18.1914	-27.9714	100	0
17.1711	-26.0403	100	0
17.1266	-23.4679	100	0
16.94	-20.4036	100	0
17.5848	-21.6829	100	0
17.6644	-25.4242	100	0
17.0809	-21.9174	100	0
14.9339	-17.1179	100	0
14.4133	-16.9364	100	0
7.32476	-43.9047	100	0
-6.92511	-45.1867	100	0
-0.302681	-48.6366	100	0
-0.187458	-47.959	100	0
10.5514	-13.3376	100	0
10.3458	-14.3967	100	0
10.4658	-15.5287	100	0
14.3632	-17.8183	100	0
8.18837	-12.6985	100	0
8.36437	-13.3828	100	0
5.57819	-11.6326	100	0
5.60088	-12.3467	100	0
7.50211	-40.9423	100	0
3.30462	-13.1694	100	0
11.3424	-41.613	100	0
14.5412	-36.3015	100	0
11.9219	-41.0327	100	0
8.7133	-45.0448	100	0
17.4857	-27.3632	100	0
16.2459	-33.8293	100	0
18.3376	-26.661	100	0
17.6505	-26.6802	100	0
16.9355	-20.9549	100	0
16.8192	-22.778	100	0
15.2823	-21.2263	100	0
14.493	-18.7776	100	0
15.9181	-19.3697	100	0
15.2532	-19.9844	100	0
14.2866	-16.3981	100	0
13.9992	-17.3071	100	0
9.47762	-43.7007	100	0
-2.21845	-46.543	100	0
9.87394	-13.5384	100	0
9.72242	-14.2367	100	0
12.1469	-15.2067	100	0
11.689	-15.9879	100	0
-7.62639	-14.1565	100	0
7.29508	-14.4768	100	0
15.9673	-22.401	100	0
16.6579	-28.9484	100	0
16.5787	-21.4817	100	0
15.9268	-21.6995	100	0
13.5806	-16.4283	100	0
13.9986	-18.2067	100	0
12.1453	-16.3815	100	0
10.7031	-14.9574	100	0
8.1487	-14.2635	100	0
4.98905	-13.1392	100	0
13.0739	-18.0931	100	0
15.6354	-24.1582	100	0
13.3921	-17.036	100	0
12.8315	-17.4336	100	0
0.74269	-12.4322	100	0
13.2664	-19.871	100	0
-21.2281	-25.3279	1000	0
-45.625	-0.668155	1000	0
-133.854	-1.86538	1000	0
-15.2602	-46.0283	1000	0
-17.8243	-17.5599	1000	0
-30	-1.09967	1000	0
-9.80656	-9.11684	1000	0
-23.125	-0.431516	1000	0
-6.12175	-9.20147	1000	0
-8.721	-7.77638	1000	0
16.713	-43.4843	1000	0
17.3131	-43.0713	1000	0
4.0136	-8.904	1000	0
2.5	-1.09967	1000	0
16.8726	-16.385	1000	0
19.375	-0.366631	1000	0
20.2787	-37.0656	1000	0
73.125	-0.668155	1000	0
21.5117	-30.3995	1000	0
22.4851	-29.448	1000	0
22.5799	-31.3548	1000	0
64.896	-1.86538	1000	0
20.7014	-24.1378	1000	0
33.125	-0.668155	1000	0
22.0009	-24.7419	1000	0
38.125	-0.366631	1000	0
-21.6703	-31.6913	1000	0
-63.125	-0.668155	1000	0
-22.7424	-30.0624	1000	0
-47.604	-1.86538	1000	0
-87.5	-1.09967	1000	0
-17.0785	-43.4456	1000	0
-21.3795	-37.3893	1000	0
-65.104	-1.86538	1000	0
-20.629	-22.665	1000	0
-21.6608	-23.6276	1000	0
-20.2304	-39.3302	1000	0
-100.625	-0.431516	1000	0
-6.73028	-50.668	1000	0
2.75259	-51.5612	1000	0
-9.42491	-49.985	1000	0
-163.512	-3.56169	1000	0
-16.6274	-14.5246	1000	0
-16.795	-15.2974	1000	0
-11.7556	-2.06993	1000	0
-12.7732	-12.4658	1000	0
-0.814575	-7.29995	1000	0
-1.75561	-2.06993	1000	0
-4.18268	-7.94827	1000	0
-5.14531	-8.21084	1000	0
-1.37675	-53.6433	1000	0
150.543	-15.9489	1000	0
1.14091	-54.7511	1000	0
168.462	-7.28724	1000	0
13.7612	-46.4857	1000	0
10.2806	-48.8536	1000	0
7.48271	-9.63799	1000	0
4.375	-0.431516	1000	0
11.3114	-11.489	1000	0
9.375	-0.431516	1000	0
20.7293	-2.1669	1000	0
14.375	-0.431516	1000	0
18.3142	-18.2931	1000	0
25.625	-0.431516	1000	0
20.0276	-19.2243	1000	0
32.5	-1.09967	1000	0
19.5337	-40.5455	1000	0
20.2286	-39.6372	1000	0
-12.3267	-48.78	1000	0
-167.294	-6.88144	1000	0
-13.6157	-47.4469	1000	0
-17.3446	-45.9916	1000	0
-16.7908	-44.8091	1000	0
-146.875	-0.366631	1000	0
-2.51422	-52.2157	1000	0
0.0246856	-52.0959	1000	0
-0.46123	-58.3638	1000	0
164.35	-1.76839	1000	0
156.979	-2.1669	1000	0
151.25	-1.09967	1000	0
9.30351	-45.246	100	0
8.25379	-45.7319	100	0
-20.1662	-19.6357	1000	0
-19.2754	-20.5413	1000	0
-15.4957	-13.4478	1000	0
-14.9621	-14.6005	1000	0
-7.52381	-9.89027	1000	0
-7.56515	-9.13036	1000	0
19.6334	-41.3413	1000	0
18.7881	-40.3931	1000	0
0.747041	-7.33866	1000	0
0.309236	-8.5311	1000	0
15.6997	-15.3532	1000	0
16.386	-15.0242	1000	0
22.3064	-34.0641	1000	0
21.1912	-33.456	1000	0
22.5257	-27.4138	1000	0
21.2819	-27.1557	1000	0
21.3958	-31.7966	1000	0
22.3664	-32.6413	1000	0
20.996	-25.5083	1000	0
22.1701	-26.0349	1000	0
-22.1637	-34.7816	1000	0
-20.9006	-34.9165	1000	0
-21.437	-29.2952	1000	0
-22.1899	-28.0298	1000	0
-20.4547	-36.528	1000	0
-21.6747	-36.119	1000	0
-20.1489	-23.1646	1000	0
-20.2134	-21.8767	1000	0
-18.2158	-41.3238	1000	0
-19.5448	-40.6899	1000	0
-4.06406	-52.3064	1000	0
-3.45603	-51.1912	1000	0
-8.85474	-49.5355	1000	0
-10.3119	-49.7468	1000	0
-16.1239	-15.8557	1000	0
-15.6314	-14.2383	1000	0
-10.4458	-6.63569	1000	0
-13.8038	-12.4552	1000	0
-1.3998	-8.59711	1000	0
0.0921484	-7.80169	1000	0
0.347925	-51.4458	1000	0
-0.878996	-52.2598	1000	0
3.2722	-52.3829	1000	0
7.82562	-50.9898	1000	0
17.9461	-44.8593	1000	0
18.3024	-42.7823	1000	0
6.91194	-6.92222	1000	0
2.64526	-7.83321	1000	0
12.2917	-2.01633	1000	0
7.26648	-8.81018	1000	0
19.896	-1.86538	1000	0
11.2608	-10.635	1000	0
19.238	-20.5162	1000	0
20.4985	-21.2773	1000	0
21.903	-37.9448	1000	0
21.5387	-35.8692	1000	0
9.58146	-51.245	1000	0
11.7701	-49.0597	1000	0
13.5421	-48.9675	1000	0
15.2624	-46.3973	1000	0
11.1875	-43.999	100	0
10.77	-42.7916	100	0
-19.5925	-16.8039	1000	0
-22.2519	-22.0099	1000	0
-15.6922	-4.24511	1000	0
-25.625	-0.431516	1000	0
-5.77913	-7.33928	1000	0
-10	-1.09967	1000	0
104.663	-2.94281	1000	0
76.875	-0.366631	1000	0
1.99439	-2.06993	1000	0
-2.5	-0.798148	1000	0
20.6571	-18.4407	1000	0
23.125	-0.431516	1000	0
22.8255	-37.2429	1000	0
56.875	-0.366631	1000	0
23.6739	-26.3949	1000	0
41.875	-0.431516	1000	0
-24.9224	-28.4447	1000	0
-73.125	-0.366631	1000	0
-22.0996	-26.4153	1000	0
-52.5	-0.798148	1000	0
-21.2618	-19.1427	1000	0
-21.4567	-22.8487	1000	0
-123.125	-0.431516	1000	0
-20.52	-43.3409	1000	0
-5.82836	-53.9842	1000	0
1.17821	-52.712	1000	0
-20.8421	-65.0623	1000	0
-7.22681	-59.6821	1000	0
-2.9684	-55.3613	1000	0
177.374	-6.12985	1000	0
21.0475	-22.6976	1000	0
31.875	-0.431516	1000	0
-19.2556	-2.06993	1000	0
-25	-1.09967	1000	0
0.0424727	-5.71846	1000	0
-1.25	-1.09967	1000	0
22.0549	-31.9612	1000	0
23.2235	-32.6321	1000	0
21.6745	-25.4745	1000	0
22.9876	-25.7773	1000	0
-21.1266	-36.6282	1000	0
-22.463	-36.4556	1000	0
-21.8552	-21.1023	1000	0
-38.75	-1.09967	1000	0
-16.3962	-32.2519	100	0
-16.4112	-23.2665	100	0
-12.8866	-33.9228	100	0
-15.6799	-21.8048	100	0
-17.2645	-34.1185	100	0
-15.7418	-35.4433	100	0
-14.6598	-23.7632	100	0
-11.2475	-16.4844	100	0
-15.3256	-38.9528	100	0
-13.4838	-39.7785	100	0
-17.5244	-28.1301	100	0
-9.96521	-15.3811	100	0
-12.0668	-43.0161	100	0
-10.0646	-43.2716	100	0
-13.4051	-21.995	100	0
-6.11445	-13.3978	100	0
-7.76884	-45.9584	100	0
-5.77871	-45.6218	100	0
-11.944	-19.9785	100	0
-1.89721	-12.4097	100	0
17.1674	-34.5062	100	0
16.449	-32.62	100	0
15.5217	-35.7431	100	0
-11.1373	-37.4532	100	0
-2.80184	-47.5264	100	0
-0.995124	-46.6266	100	0
9.54341	-20.6616	100	0
2.43374	-12.4759	100	0
10.4978	-42.2083	100	0
10.485	-43.914	100	0
8.73968	-42.4698	100	0
8.52641	-44.1487	100	0
10.396	-43.3095	100	0
9.83148	-43.1137	100	0
11.283	-42.7816	100	0
9.37005	-42.0562	100	0
10.2763	-40.9702	100	0
-0.257094	-45.8458	100	0
12.203	-42.1618	100	0
11.5999	-42.2056	100	0
13.3867	-41.2459	100	0
10.7533	-41.6056	100	0
12.5221	-41.3891	100	0
11.7083	-39.9926	100	0
14.6906	-40.0257	100	0
12.6864	-39.31	100	0
9.91032	-42.4629	100	0
8.92609	-43.4635	100	0
10.6517	-39.9375	100	0
-15.4564	-27.5547	100	0
17.7363	-29.3288	100	0
16.5012	-27.7323	100	0
4.78245	-47.2815	100	0
2.14098	-47.4114	100	0
11.4034	-23.1063	100	0
6.61883	-13.5924	100	0
16.7777	-24.2091	100	0
15.1324	-23.0399	100	0
11.8369	-36.853	100	0
12.0774	-17.1679	100	0
14.3742	-19.5882	100	0
12.4604	-18.9469	100	0
10.9613	-16.1765	100	0
10.5713	-16.8326	100	0
-30.625	-0.431516	1000	0
-31.875	-0.366631	1000	0
-18.125	-0.668155	1000	0
-19.375	-0.431516	1000	0
-10.625	-0.668155	1000	0
-11.875	-0.431516	1000	0
127.869	-3.06027	1000	0
115.625	-0.668155	1000	0
3.69765	-6.4076	1000	0
4.64497	-7.16829	1000	0
19.901	-16.3683	1000	0
22.5	-1.09967	1000	0
24.6251	-33.4269	1000	0
68.125	-0.431516	1000	0
23.5531	-31.5068	1000	0
51.875	-0.431516	1000	0
23.3045	-23.8023	1000	0
21.9619	-21.1358	1000	0
22.9763	-24.6048	1000	0
48.646	-1.86538	1000	0
-65.625	-0.366631	1000	0
-63.75	-1.09967	1000	0
-22.5848	-38.4521	1000	0
-20.9873	-40.9742	1000	0
-22.651	-23.7423	1000	0
-23.6775	-25.5646	1000	0
-19.5227	-43.4439	1000	0
-143.75	-1.09967	1000	0
-2.82118	-6.57757	1000	0
-6.875	-0.431516	1000	0
6.32414	-8.46428	1000	0
9.79173	-8.25006	1000	0
10.404	-10.1119	1000	0
18.7125	-3.24559	1000	0
22.113	-19.4674	1000	0
18.7242	-15.9889	1000	0
10.8937	-50.5959	1000	0
161.333	-1.33918	1000	0
89.9625	-3.24559	1000	0
109.896	-1.86538	1000	0
-23.1226	-26.6594	1000	0
-22.8022	-29.2416	1000	0
-46.875	-0.431516	1000	0
-48.125	-0.366631	1000	0
-20.9763	-40.1069	1000	0
-19.3806	-42.0377	1000	0
-81.875	-0.366631	1000	0
-80	-1.09967	1000	0
-100	-1.09967	1000	0
-106.25	-1.09967	1000	0
-131.25	-1.09967	1000	0
-126.25	-0.798148	1000	0
-10.8674	-50.2239	1000	0
-9.42664	-50.7762	1000	0
-157.5	-0.798148	1000	0
-158.75	-0.727521	1000	0
-2.23153	-53.2549	1000	0
0.361408	-52.8119	1000	0
21.866	-21.9978	1000	0
20.4672	-19.9199	1000	0
21.3613	-20.1415	1000	0
38.646	-1.86538	1000	0
-1.875	-0.431516	1000	0
0.689995	-6.51873	1000	0
23.8852	-32.1039	1000	0
69.0649	-4.04883	1000	0
23.4674	-25.0798	1000	0
23.7321	-20.6558	1000	0
-23.7312	-40.6075	1000	0
-21.6966	-38.8497	1000	0
-31.354	-1.86538	1000	0
-38.125	-0.668155	1000	0
-1.80696	-44.3536	100	0
-13.644	-29.5887	100	0
-15.0365	-36.9145	100	0
-14.738	-35.8264	100	0
-12.3819	-40.9817	100	0
-12.4121	-39.8538	100	0
-8.6609	-44.1031	100	0
-9.01724	-43.0325	100	0
-4.19406	-46.0099	100	0
-4.84582	-45.0889	100	0
16.5205	-30.9901	100	0
15.7443	-31.809	100	0
15.2517	-34.4773	100	0
9.48054	-41.1661	100	0
0.633975	-46.538	100	0
2.32226	-45.4035	100	0
14.0238	-28.564	100	0
13.5114	-26.5863	100	0
16.0966	-26.1518	100	0
15.5915	-27.1608	100	0
6.89328	-44.9605	100	0
8.55957	-40.4533	100	0
14.2864	-21.6449	100	0
14.096	-22.7571	100	0
11.2311	-17.4304	100	0
11.3865	-18.9771	100	0
9.71446	-15.6599	100	0
10.8619	-18.0454	100	0
-27.2917	-2.72654	1000	0
-19.0089	-13.9408	1000	0
-30.2159	-3.06466	1000	0
-26.875	-0.668155	1000	0
-28.5417	-2.01633	1000	0
-27.5	-1.09967	1000	0
-33.125	-0.36089	1000	0
-35.625	-0.668155	1000	0
-15.3277	-2.00504	1000	0
-14.375	-0.668155	1000	0
-16.9944	-2.06993	1000	0
-15.625	-0.366631	1000	0
-21.875	-0.668155	1000	0
-20.0889	-1.76841	1000	0
-8.95833	-2.01633	1000	0
-5.32772	-2.00504	1000	0
-9.79167	-2.01633	1000	0
-8.75	-1.09967	1000	0
-13.125	-0.366631	1000	0
-12.5889	-1.76841	1000	0
110.729	-2.1669	1000	0
148.646	-1.86538	1000	0
113.006	-2.06993	1000	0
114.375	-0.366631	1000	0
108.125	-0.36089	1000	0
105.625	-0.431516	1000	0
111.177	-3.32534	1000	0
101.875	-0.366631	1000	0
0.625	-0.366631	1000	0
1.16105	-1.76841	1000	0
3.41268	-2.94281	1000	0
5.625	-0.668155	1000	0
3.95833	-2.01633	1000	0
5	-1.09967	1000	0
18.75	-0.727521	1000	0
16.875	-0.668155	1000	0
19.9681	-17.6142	1000	0
26.875	-0.668155	1000	0
21.0341	-3.06466	1000	0
24.375	-0.668155	1000	0
22.7083	-2.01633	1000	0
23.75	-1.09967	1000	0
77.396	-1.86538	1000	0
69.375	-0.366631	1000	0
63.125	-0.36089	1000	0
60.625	-0.431516	1000	0
56.2446	-1.48402	1000	0
58.125	-0.431516	1000	0
57.7195	-3.97722	1000	0
79.375	-0.668155	1000	0
53.2345	-2.19037	1000	0
53.125	-0.366631	1000	0
45.625	-0.431516	1000	0
45	-1.09967	1000	0
37.5	-0.727521	1000	0
35.625	-0.668155	1000	0
43.4223	-2.00504	1000	0
48.75	-0.798148	1000	0
41.7556	-2.06993	1000	0
43.125	-0.366631	1000	0
-60.3277	-2.00504	1000	0
-54.375	-0.668155	1000	0
-25.9805	-33.5627	1000	0
-59.375	-0.668155	1000	0
-61.9944	-2.06993	1000	0
-60.625	-0.366631	1000	0
-66.875	-0.36089	1000	0
-69.375	-0.431516	1000	0
-71.7209	-1.8473	1000	0
-71.875	-0.431516	1000	0
-42.4111	-2.93321	1000	0
-23.4776	-28.6337	1000	0
-4.375	-0.668155	1000	0
-6.25	-0.798148	1000	0
6.25	-1.09967	1000	0
6.45833	-2.01633	1000	0
9.79167	-2.01633	1000	0
10.625	-0.668155	1000	0
8.95833	-2.01633	1000	0
10	-1.09967	1000	0
11.25	-1.09967	1000	0
11.4583	-2.01633	1000	0
15.9223	-2.00504	1000	0
18.288	-13.8715	1000	0
14.2556	-2.06993	1000	0
15.625	-0.366631	1000	0
154.375	-0.36089	1000	0
151.875	-0.431516	1000	0
138.542	-2.01633	1000	0
134.375	-0.431516	1000	0
89.375	-0.36089	1000	0
86.875	-0.431516	1000	0
106.042	-2.01633	1000	0
98.125	-0.668155	1000	0
91.9793	-2.1669	1000	0
95.625	-0.668155	1000	0
93.9583	-2.01633	1000	0
95	-1.09967	1000	0
-32.5671	-7.03038	1000	0
-46.4106	-3.16569	1000	0
-39.2556	-2.06993	1000	0
-30.5207	-2.1669	1000	0
-42.8277	-2.00504	1000	0
-41.875	-0.668155	1000	0
-44.4944	-2.06993	1000	0
-43.125	-0.366631	1000	0
-48.75	-0.727521	1000	0
-50.625	-0.668155	1000	0
-86.5873	-2.94281	1000	0
-100.521	-2.1669	1000	0
-76.5777	-2.00504	1000	0
-75.625	-0.668155	1000	0
-78.2444	-2.06993	1000	0
-76.875	-0.366631	1000	0
-83.125	-0.36089	1000	0
-85.625	-0.431516	1000	0
-80.0732	-3.32534	1000	0
-91.875	-0.431516	1000	0
-85.2083	-2.01633	1000	0
-93.125	-0.668155	1000	0
-97.2473	-2.80091	1000	0
-96.875	-0.668155	1000	0
-98.5417	-2.01633	1000	0
-97.5	-1.09967	1000	0
-103.125	-0.36089	1000	0
-105.625	-0.431516	1000	0
-112.131	-3.06027	1000	0
-114.375	-0.431516	1000	0
-112.828	-2.00504	1000	0
-115.625	-0.668155	1000	0
-105.208	-2.01633	1000	0
-120.625	-0.668155	1000	0
-123.244	-2.06993	1000	0
-121.875	-0.366631	1000	0
-128.125	-0.36089	1000	0
-130.625	-0.431516	1000	0
-125.073	-3.32534	1000	0
-140	-1.09967	1000	0
-1.36661	-56.3169	1000	0
-0.221148	-53.5255	1000	0
-130.208	-2.01633	1000	0
-144.375	-0.668155	1000	0
-153.958	-2.01633	1000	0
-150.625	-0.668155	1000	0
-156.466	-3.06466	1000	0
-153.125	-0.668155	1000	0
-154.792	-2.01633	1000	0
-153.75	-1.09967	1000	0
-159.375	-0.36089	1000	0
-161.25	-0.48111	1000	0
-16.6728	-49.9242	1000	0
-0.38941	-56.0549	1000	0
39.4793	-2.1669	1000	0
31.9944	-2.06993	1000	0
29.375	-0.668155	1000	0
31.1611	-1.76841	1000	0
34.7917	-2.01633	1000	0
38.75	-0.798148	1000	0
33.9583	-2.01633	1000	0
35	-1.09967	1000	0
-3.125	-0.366631	1000	0
-2.58895	-1.76841	1000	0
23.2059	-34.1473	1000	0
23.701	-33.4223	1000	0
23.4105	-27.2324	1000	0
23.5306	-29.4224	1000	0
22.7707	-19.6222	1000	0
22.6947	-22.3263	1000	0
-23.0265	-35.0489	1000	0
-24.1842	-28.8125	1000	0
-23.5201	-38.9548	1000	0
-21.8333	-39.8612	1000	0
-15.5614	-33.241	100	0
-12.6206	-37.2271	100	0
-13.9505	-37.6187	100	0
-11.0638	-38.6542	100	0
-11.1382	-41.3403	100	0
-9.83935	-38.9859	100	0
-7.36669	-44.0852	100	0
-0.324265	-41.5821	100	0
-2.96077	-45.6171	100	0
4.2927	-43.3429	100	0
15.8947	-29.8571	100	0
13.788	-25.3739	100	0
3.82108	-47.0108	100	0
6.77747	-42.8184	100	0
15.1688	-25.2493	100	0
12.5396	-23.6705	100	0
13.1366	-21.0506	100	0
6.81246	-17.8843	100	0
6.76276	-15.7286	100	0
9.50473	-17.9421	100	0
9.3284	-14.9285	100	0
9.12872	-16.9899	100	0
-26.25	-1.09967	1000	0
-26.0417	-2.01633	1000	0
-22.7083	-2.01633	1000	0
-20	-0.798148	1000	0
-23.5417	-2.01633	1000	0
-22.5	-1.09967	1000	0
-33.75	-0.721734	1000	0
-32.5054	-1.48403	1000	0
-16.1611	-1.76841	1000	0
-15	-1.03479	1000	0
-21.25	-1.03479	1000	0
-20.9223	-2.00504	1000	0
-6.99439	-2.06993	1000	0
-5.625	-0.366631	1000	0
-13.75	-1.03479	1000	0
-13.4223	-2.00504	1000	0
127.172	-2.00504	1000	0
133.125	-0.668155	1000	0
118.422	-2.00504	1000	0
124.375	-0.668155	1000	0
114.672	-2.00504	1000	0
119.375	-0.668155	1000	0
116.756	-2.06993	1000	0
118.125	-0.366631	1000	0
113.839	-1.76841	1000	0
115	-1.03479	1000	0
106.875	-0.668155	1000	0
108.745	-1.48403	1000	0
103.244	-2.06993	1000	0
108.75	-0.727521	1000	0
105.208	-2.01633	1000	0
106.25	-1.09967	1000	0
100.625	-0.668155	1000	0
102.411	-1.76841	1000	0
0	-1.03479	1000	0
0.327719	-2.00504	1000	0
18.125	-0.36089	1000	0
18.7446	-1.48403	1000	0
23.9583	-2.72654	1000	0
31.25	-0.798148	1000	0
27.7083	-2.01633	1000	0
28.75	-1.09967	1000	0
25	-1.09967	1000	0
25.2083	-2.01633	1000	0
68.0207	-2.1669	1000	0
77.5	-0.798148	1000	0
61.875	-0.668155	1000	0
63.7446	-1.48403	1000	0
66.5951	-3.3871	1000	0
63.75	-0.727521	1000	0
60.2083	-2.01633	1000	0
61.25	-1.09967	1000	0
55	-0.721768	1000	0
53.75	-0.727521	1000	0
81.5027	-2.80091	1000	0
85.625	-0.668155	1000	0
84.4944	-2.06993	1000	0
81.875	-0.668155	1000	0
80.2083	-2.01633	1000	0
81.25	-1.09967	1000	0
74.375	-0.431516	1000	0
73.75	-1.09967	1000	0
51.7707	-2.1669	1000	0
57.5	-0.798148	1000	0
46.875	-0.36089	1000	0
47.4946	-1.48403	1000	0
36.875	-0.36089	1000	0
37.4946	-1.48403	1000	0
48.0155	-2.19037	1000	0
47.5	-0.727521	1000	0
42.5889	-1.76841	1000	0
43.75	-1.03479	1000	0
-50.8807	-3.06027	1000	0
-47.5	-0.798148	1000	0
-53.2444	-2.06993	1000	0
-51.875	-0.366631	1000	0
-58.125	-0.431516	1000	0
-56.3043	-1.54577	1000	0
-57.2419	-2.24637	1000	0
-56.25	-0.798148	1000	0
-61.1611	-1.76841	1000	0
-60	-1.03479	1000	0
-68.125	-0.668155	1000	0
-66.2554	-1.48403	1000	0
-63.8232	-3.32534	1000	0
-66.25	-0.727521	1000	0
-69.7917	-2.01633	1000	0
-68.75	-1.09967	1000	0
-74.375	-0.431516	1000	0
-72.5543	-1.54577	1000	0
15.0889	-1.76841	1000	0
16.25	-1.03479	1000	0
153.125	-0.668155	1000	0
154.995	-1.48403	1000	0
149.479	-2.1669	1000	0
155	-0.727521	1000	0
151.458	-2.01633	1000	0
152.5	-1.09967	1000	0
146.875	-0.36089	1000	0
144.375	-0.431516	1000	0
141.994	-2.06993	1000	0
140.625	-0.366631	1000	0
88.125	-0.668155	1000	0
89.9946	-1.48403	1000	0
92.2915	-5.36053	1000	0
102.5	-0.798148	1000	0
98.9583	-2.01633	1000	0
100	-1.09967	1000	0
96.25	-1.09967	1000	0
96.4583	-2.01633	1000	0
-22.9997	-27.9458	1000	0
-24.726	-27.8065	1000	0
-25.06	-25.3904	1000	0
-59.8447	-3.05088	1000	0
-23.7187	-34.1788	1000	0
-23.7315	-30.4237	1000	0
-40.625	-0.366631	1000	0
-40.0889	-1.76841	1000	0
-36.4583	-2.01633	1000	0
-32.5	-0.727521	1000	0
-37.2917	-2.01633	1000	0
-36.25	-1.09967	1000	0
-43.6611	-1.76841	1000	0
-42.5	-1.03479	1000	0
-49.375	-0.36089	1000	0
-48.7554	-1.48403	1000	0
-20.2769	-41.0673	1000	0
-21.8295	-41.9475	1000	0
-73.4919	-2.24637	1000	0
-72.5	-0.798148	1000	0
-77.4111	-1.76841	1000	0
-76.25	-1.03479	1000	0
-84.375	-0.668155	1000	0
-82.5054	-1.48403	1000	0
-88.0056	-2.06993	1000	0
-82.5	-0.727521	1000	0
-86.0417	-2.01633	1000	0
-85	-1.09967	1000	0
-90.625	-0.668155	1000	0
-88.8389	-1.76841	1000	0
-97.7083	-2.01633	1000	0
-88.75	-0.798148	1000	0
-92.2917	-2.01633	1000	0
-91.25	-1.09967	1000	0
-95.625	-0.366631	1000	0
-95.0889	-1.76841	1000	0
-104.375	-0.668155	1000	0
-102.505	-1.48403	1000	0
-108.021	-2.1669	1000	0
-102.5	-0.727521	1000	0
-106.042	-2.01633	1000	0
-105	-1.09967	1000	0
-110	-0.727521	1000	0
-111.875	-0.668155	1000	0
-121.095	-3.05088	1000	0
-108.75	-0.798148	1000	0
-114.494	-2.06993	1000	0
-113.125	-0.366631	1000	0
-119.375	-0.431516	1000	0
-117.554	-1.54577	1000	0
-118.492	-2.24637	1000	0
-117.5	-0.798148	1000	0
-122.411	-1.76841	1000	0
-121.25	-1.03479	1000	0
-129.375	-0.668155	1000	0
-127.505	-1.48403	1000	0
-142.292	-2.72654	1000	0
-127.5	-0.727521	1000	0
-131.042	-2.01633	1000	0
-130	-1.09967	1000	0
-135.625	-0.36089	1000	0
-138.125	-0.431516	1000	0
-11.7066	-49.1727	1000	0
-10.9704	-51.3809	1000	0
-148.958	-2.01633	1000	0
-133.75	-0.798148	1000	0
-127.537	-3.24559	1000	0
-141.875	-0.668155	1000	0
-143.542	-2.01633	1000	0
-142.5	-1.09967	1000	0
-148.125	-0.668155	1000	0
-146.339	-1.76841	1000	0
-153.542	-2.72654	1000	0
-146.25	-0.798148	1000	0
-149.792	-2.01633	1000	0
-148.75	-1.09967	1000	0
-152.5	-1.09967	1000	0
-152.292	-2.01633	1000	0
-158.234	-2.19037	1000	0
-157.604	-1.86538	1000	0
-0.931685	-53.0819	1000	0
-1.08733	-54.6153	1000	0
21.2641	-20.9735	1000	0
22.7169	-20.4585	1000	0
30	-1.03479	1000	0
30.3277	-2.00504	1000	0
-3.75	-1.03479	1000	0
-3.42228	-2.00504	1000	0
24.9312	-35.5937	1000	0
72.0834	-1.74662	1000	0
45.1574	-4.6597	1000	0
51.9425	-4.71546	1000	0
-57.8219	-4.41078	1000	0
-24.0621	-36.2576	1000	0
9.82612	-16.4955	100	0
8.3754	-16.3932	100	0
-34.375	-0.360844	1000	0
-31.9845	-2.19037	1000	0
-35.9329	-2.90883	1000	0
-21.152	-17.4526	1000	0
-19.4045	-3.52006	1000	0
-9.71752	-7.61976	1000	0
-24.7917	-2.72654	1000	0
-17.2806	-12.5959	1000	0
-6.16105	-1.76841	1000	0
-5	-1.03479	1000	0
-14.9111	-2.93321	1000	0
-11.6728	-4.92306	1000	0
135.922	-2.00504	1000	0
136.875	-0.668155	1000	0
134.256	-2.06993	1000	0
135.625	-0.366631	1000	0
130	-0.727521	1000	0
128.125	-0.668155	1000	0
118.905	-3.05088	1000	0
131.25	-0.798148	1000	0
125.506	-2.06993	1000	0
126.875	-0.366631	1000	0
120.625	-0.431516	1000	0
122.446	-1.54577	1000	0
121.508	-2.24637	1000	0
122.5	-0.798148	1000	0
117.589	-1.76841	1000	0
118.75	-1.03479	1000	0
151.417	-3.79821	1000	0
115.178	-3.09104	1000	0
107.5	-1.02905	1000	0
109.266	-2.19037	1000	0
94.7917	-2.01633	1000	0
18.8288	-43.8783	1000	0
101.25	-1.03479	1000	0
101.578	-2.00504	1000	0
-0.807205	-6.03664	1000	0
1.98262	-5.1294	1000	0
17.5	-1.02905	1000	0
19.2655	-2.19037	1000	0
16.6193	-3.06027	1000	0
17.1946	-13.4382	1000	0
71.25	-1.43935	1000	0
68.854	-1.86538	1000	0
69.4845	-2.19037	1000	0
71.875	-0.360844	1000	0
65.7293	-2.1669	1000	0
80.0822	-3.68916	1000	0
62.5	-1.02905	1000	0
64.2655	-2.19037	1000	0
61.0417	-2.01633	1000	0
24.8199	-32.515	1000	0
54.375	-0.36089	1000	0
53.7554	-1.48403	1000	0
81.0417	-2.01633	1000	0
90	-0.727521	1000	0
86.4583	-2.01633	1000	0
87.5	-1.09967	1000	0
83.125	-0.366631	1000	0
83.6611	-1.76841	1000	0
75.625	-0.36089	1000	0
76.2446	-1.48403	1000	0
52.604	-1.86538	1000	0
56.25	-0.727509	1000	0
49.4793	-2.1669	1000	0
47.9577	-4.67105	1000	0
46.25	-0.792406	1000	0
46.6856	-2.07688	1000	0
39.8407	-3.16798	1000	0
24.4812	-25.2019	1000	0
36.25	-1.02905	1000	0
38.0155	-2.19037	1000	0
33.4127	-2.94281	1000	0
45.4682	-3.59669	1000	0
43.777	-5.11846	1000	0
44.7712	-2.84299	1000	0
-52.4111	-1.76841	1000	0
-51.25	-1.03479	1000	0
-57.5	-0.798148	1000	0
-58.2293	-2.1669	1000	0
-64.2707	-2.1669	1000	0
-48.7875	-3.24559	1000	0
-67.5	-1.02905	1000	0
-65.7345	-2.19037	1000	0
-76.0947	-3.05088	1000	0
-23.893	-37.1746	1000	0
-73.75	-0.798148	1000	0
-74.4793	-2.1669	1000	0
10.2083	-2.72654	1000	0
12.2999	-10.0037	1000	0
153.75	-1.02905	1000	0
155.516	-2.19037	1000	0
6.6663	-52.3254	1000	0
172.314	-2.47004	1000	0
145.625	-0.668155	1000	0
147.495	-1.48403	1000	0
143.413	-2.94281	1000	0
147.5	-0.727521	1000	0
143.958	-2.01633	1000	0
145	-1.09967	1000	0
139.375	-0.668155	1000	0
141.161	-1.76841	1000	0
88.75	-1.02905	1000	0
90.5155	-2.19037	1000	0
100.253	-2.80091	1000	0
92.2841	-3.06466	1000	0
-25.7709	-29.0697	1000	0
-25.4244	-30.0216	1000	0
-41.25	-1.03479	1000	0
-40.9223	-2.00504	1000	0
-46.7707	-2.1669	1000	0
-25.4555	-16.0416	1000	0
-50	-1.02905	1000	0
-48.2345	-2.19037	1000	0
-51.5777	-2.00504	1000	0
-48.3286	-4.60378	1000	0
-22.974	-39.9887	1000	0
-121.578	-2.00504	1000	0
-80.5207	-2.1669	1000	0
-68.9583	-2.01633	1000	0
-83.75	-1.02905	1000	0
-81.9845	-2.19037	1000	0
-94.2556	-2.06993	1000	0
-77.1807	-5.7607	1000	0
-90	-1.03479	1000	0
-89.6723	-2.00504	1000	0
-96.25	-1.03479	1000	0
-95.9223	-2.00504	1000	0
-103.75	-1.02905	1000	0
-101.984	-2.19037	1000	0
-106.57	-2.91409	1000	0
-82.5375	-3.24559	1000	0
-110.625	-0.36089	1000	0
-110.005	-1.48403	1000	0
-113.661	-1.76841	1000	0
-112.5	-1.03479	1000	0
-118.75	-0.798148	1000	0
-119.479	-2.1669	1000	0
-125.521	-2.1669	1000	0
-131.57	-2.91409	1000	0
-128.75	-1.02905	1000	0
-126.984	-2.19037	1000	0
-145.506	-2.06993	1000	0
-106.083	-3.79821	1000	0
-136.875	-0.668155	1000	0
-135.005	-1.48403	1000	0
-14.1949	-48.3463	1000	0
-15.8855	-48.1093	1000	0
-137.708	-2.01633	1000	0
-135	-0.727521	1000	0
-138.542	-2.01633	1000	0
-137.5	-1.09967	1000	0
-141.25	-1.09967	1000	0
-141.042	-2.01633	1000	0
-147.5	-1.03479	1000	0
-147.172	-2.00504	1000	0
-159.469	-2.82529	1000	0
-158.755	-1.48403	1000	0
-197.391	-12.5824	1000	0
-16.3005	-46.6999	1000	0
-0.354307	-55.0216	1000	0
149.14	-12.8474	1000	0
23.8059	-21.6616	1000	0
27.7102	-3.47677	1000	0
28.5417	-2.01633	1000	0
37.4625	-3.24559	1000	0
-4.91105	-2.93321	1000	0
-2.28808	-4.3842	1000	0
23.5042	-35.1783	1000	0
63.7125	-3.24559	1000	0
24.0359	-28.2053	1000	0
47.4625	-3.24559	1000	0
-25.4402	-32.2665	1000	0
-70.5043	-2.90651	1000	0
1.69682	-14.5013	100	0
-4.55669	-15.0664	100	0
-35	-1.029	1000	0
-33.1905	-2.81796	1000	0
-33.75	-1.43935	1000	0
-33.1305	-1.83502	1000	0
-7.28206	-2.99641	1000	0
-4.64233	-4.72274	1000	0
136.295	-2.8545	1000	0
141.25	-0.798148	1000	0
137.708	-2.01633	1000	0
138.75	-1.09967	1000	0
135.089	-1.76841	1000	0
136.25	-1.03479	1000	0
129.375	-0.36089	1000	0
129.995	-1.48403	1000	0
126.339	-1.76841	1000	0
127.5	-1.03479	1000	0
121.25	-0.798148	1000	0
120.521	-2.1669	1000	0
109.039	-4.35802	1000	0
152.292	-2.01633	1000	0
107.911	-1.78555	1000	0
107.775	-2.84652	1000	0
99.7917	-2.01633	1000	0
101.747	-3.78292	1000	0
17.9113	-1.78555	1000	0
17.7749	-2.84652	1000	0
76.7655	-2.19037	1000	0
76.25	-0.727521	1000	0
70.0054	-1.48403	1000	0
72.5	-1.029	1000	0
69.8985	-3.45257	1000	0
70.6305	-1.83502	1000	0
62.9113	-1.78555	1000	0
62.7749	-2.84652	1000	0
56.2337	-4.75331	1000	0
58.2293	-2.1669	1000	0
82.5	-1.03479	1000	0
82.8277	-2.00504	1000	0
75	-0.792406	1000	0
73.9931	-4.74117	1000	0
72.2136	-2.49383	1000	0
78.2293	-2.1669	1000	0
55.625	-0.360878	1000	0
55.6196	-1.83495	1000	0
55.1407	-3.26144	1000	0
56.7655	-2.19037	1000	0
46.066	-1.75189	1000	0
45.2327	-2.05915	1000	0
36.6613	-1.78555	1000	0
36.5249	-2.84652	1000	0
-55.4709	-1.8473	1000	0
-55.3502	-2.73747	1000	0
-65.9612	-4.35802	1000	0
-53.3847	-4.48196	1000	0
-67.0887	-1.78555	1000	0
-67.2251	-2.84652	1000	0
-82.2112	-4.35802	1000	0
-66.2875	-3.24559	1000	0
154.161	-1.78555	1000	0
154.025	-2.84652	1000	0
146.25	-1.02905	1000	0
148.016	-2.19037	1000	0
138.125	-3.34884	1000	0
147.463	-3.24559	1000	0
140	-1.03479	1000	0
140.328	-2.00504	1000	0
89.1613	-1.78555	1000	0
89.0249	-2.84652	1000	0
-33.0757	-5.56449	1000	0
-62.3802	-3.22837	1000	0
-40.7934	-3.85604	1000	0
-32.4612	-3.16757	1000	0
-49.5887	-1.78555	1000	0
-49.7251	-2.84652	1000	0
-21.9238	-43.6779	1000	0
-21.1241	-44.1524	1000	0
-83.3387	-1.78555	1000	0
-83.4751	-2.84652	1000	0
-91.4583	-2.01633	1000	0
-99.0702	-2.91409	1000	0
-96.2946	-2.8545	1000	0
-90.9973	-2.80091	1000	0
-103.339	-1.78555	1000	0
-103.475	-2.84652	1000	0
-111.25	-1.02905	1000	0
-109.484	-2.19037	1000	0
-115.207	-2.96011	1000	0
-102.537	-3.24559	1000	0
-116.721	-1.8473	1000	0
-127.211	-4.35802	1000	0
-123.63	-3.22837	1000	0
-116.6	-2.73747	1000	0
-128.339	-1.78555	1000	0
-128.475	-2.84652	1000	0
-136.25	-1.02905	1000	0
-134.484	-2.19037	1000	0
-131.083	-3.79821	1000	0
-145.218	-2.99641	1000	0
-140.208	-3.47328	1000	0
-142.708	-2.01633	1000	0
-162.174	-2.35424	1000	0
-164.701	-2.35195	1000	0
-160.251	-1.58159	1000	0
-159.423	-1.85699	1000	0
-3.21076	-54.1395	1000	0
-1.69976	-55.4488	1000	0
24.3302	-23.3678	1000	0
25.0158	-24.2924	1000	0
-34.5834	-1.74662	1000	0
-34.8913	-2.70979	1000	0
131.979	-2.1669	1000	0
132.341	-3.16789	1000	0
128.75	-1.02905	1000	0
130.516	-2.19037	1000	0
124.793	-2.96011	1000	0
125.365	-4.48196	1000	0
123.279	-1.8473	1000	0
123.4	-2.73747	1000	0
113.959	-4.01284	1000	0
102.793	-6.18011	1000	0
101.226	-4.58327	1000	0
112.62	-3.22837	1000	0
13.9679	-2.99641	1000	0
14.2743	-10.6602	1000	0
70.5558	-3.8072	1000	0
70.3245	-4.72843	1000	0
70.6633	-2.52959	1000	0
71.4131	-2.88114	1000	0
56.4293	-3.0237	1000	0
69.3873	-4.9583	1000	0
72.1416	-4.43826	1000	0
87.2917	-2.01633	1000	0
74.816	-1.75189	1000	0
73.9827	-2.05915	1000	0
55	-1.43934	1000	0
54.4406	-2.81799	1000	0
37.1229	-5.9551	1000	0
25.7822	-26.9517	1000	0
29.0027	-2.80091	1000	0
24.3745	-19.9835	1000	0
-57.1376	-1.54577	1000	0
-56.2878	-3.13655	1000	0
-78.6302	-3.22837	1000	0
-27.1762	-28.8226	1000	0
-73.3876	-1.54577	1000	0
-72.5378	-3.13655	1000	0
8.77349	-50.6593	1000	0
160.362	-7.61317	1000	0
146.661	-1.78555	1000	0
146.525	-2.84652	1000	0
130.469	-4.69253	1000	0
144.792	-2.01633	1000	0
20.2975	-43.5353	1000	0
82.4554	-2.8545	1000	0
-53.957	-2.96011	1000	0
-27.323	-27.1964	1000	0
-74.0719	-4.41078	1000	0
-152.708	-2.72654	1000	0
-89.5027	-3.78292	1000	0
-23.1373	-41.7626	1000	0
-110.037	-3.24559	1000	0
-88.4602	-6.17488	1000	0
-110.839	-1.78555	1000	0
-110.975	-2.84652	1000	0
-118.388	-1.54577	1000	0
-117.538	-3.13655	1000	0
-135.037	-3.24559	1000	0
-90.0221	-4.58055	1000	0
-135.839	-1.78555	1000	0
-135.975	-2.84652	1000	0
-162.363	-1.14449	1000	0
-171.26	-1.8734	1000	0
-1.97917	-57.7537	1000	0
144.29	-14.0067	1000	0
26.7372	-33.5009	1000	0
23.7198	-19.2121	1000	0
-34.1181	-3.38546	1000	0
-22.3342	-19.8822	1000	0
129.161	-1.78555	1000	0
129.025	-2.84652	1000	0
121.612	-1.54577	1000	0
122.462	-3.13655	1000	0
69.934	-2.8792	1000	0
71.3411	-3.58537	1000	0
68.0532	-3.3871	1000	0
64.2098	-4.67487	1000	0
71.3962	-5.3069	1000	0
75.4356	-2.07688	1000	0
60.1674	-3.79821	1000	0
76.2125	-3.24559	1000	0
61.9664	-5.37114	1000	0
20.7034	-41.8875	1000	0
54.3804	-1.83496	1000	0
53.7113	-3.16765	1000	0
-58.5796	-3.14785	1000	0
-51.5584	-4.58212	1000	0
-74.8296	-3.14785	1000	0
-87.8932	-5.00834	1000	0
129.963	-3.24559	1000	0
17.971	-45.6838	1000	0
-20.7894	-45.4427	1000	0
-18.756	-44.1989	1000	0
-136.868	-4.95711	1000	0
-114.635	-4.48196	1000	0
-119.83	-3.14785	1000	0
-135.561	-5.40411	1000	0
-147.003	-3.78292	1000	0
-137.636	-5.74538	1000	0
-157.219	-6.93168	1000	0
-13.7788	-50.2674	1000	0
-4.08943	-56.5157	1000	0
218.806	-9.74745	1000	0
31.6731	-9.59335	1000	0
33.8964	-3.83222	1000	0
18.0862	-47.3642	1000	0
143.896	-3.83222	1000	0
117.744	-3.83535	1000	0
93.3785	-4.98124	1000	0
74.4341	-3.7923	1000	0
79.6798	-2.91409	1000	0
51.3666	-3.24616	1000	0
56.6619	-3.84791	1000	0
-162.617	-10.1094	1000	0
-159.462	-5.68437	1000	0
55.7001	-2.67404	1000	0
55.4418	-4.5165	1000	0
53.2402	-4.54859	1000	0
66.0453	-4.90473	1000	0
57.0458	-5.87943	1000	0
59.6798	-2.91409	1000	0
11.837	-50.2738	1000	0
14.5659	-48.8884	1000	0
16.0116	-45.7293	1000	0
12.6353	-48.5507	1000	0
9.00996	-8.51318	1000	0
7.29167	-2.01633	1000	0
13.0287	-10.6838	1000	0
12.8373	-2.94281	1000	0
7.65436	-52.1935	1000	0
10.6011	-51.3671	1000	0
14.7024	-48.0749	1000	0
16.9822	-45.9612	1000	0
-17.6161	-13.47	1000	0
-29.0702	-2.91409	1000	0
-15.574	-22.8113	100	0
-14.5069	-26.4772	100	0
-13.2717	-19.3841	100	0
-11.8607	-21.5024	100	0
-10.2945	-16.4775	100	0
-9.15101	-17.3767	100	0
-6.70031	-14.3814	100	0
-6.45443	-16.9147	100	0
-2.7045	-13.2214	100	0
-2.1199	-14.5535	100	0
7.79272	-42.0688	100	0
3.58248	-45.8018	100	0
1.4534	-13.0671	100	0
0.476088	-15.4172	100	0
5.5242	-13.9277	100	0
5.52211	-15.2319	100	0
-6.75383	-7.64191	1000	0
-10.3373	-2.94281	1000	0
-140.957	-5.1949	1000	0
-13.4827	-49.2731	1000	0
-1.9579	-5.59851	1000	0
-3.83895	-2.93321	1000	0
-4.75914	-5.86235	1000	0
-8.41268	-2.94281	1000	0
24.2423	-17.9283	1000	0
23.5417	-2.01633	1000	0
24.378	-5.06466	1000	0
15.5623	-9.04617	1000	0
-17.6666	-11.2144	1000	0
-37.355	-5.07923	1000	0
-15.2193	-28.8439	100	0
-16.7257	-27.3251	100	0
12.8478	-35.6778	100	0
13.6703	-32.6093	100	0
-32.1312	-4.25211	1000	0
-25.2083	-2.01633	1000	0
-11.4679	-2.99641	1000	0
-7.93175	-5.55294	1000	0
6.07112	-7.49896	1000	0
4.79167	-2.01633	1000	0
2.28206	-2.99641	1000	0
6.04167	-2.72654	1000	0
22.1798	-2.91409	1000	0
29.0191	-4.40508	1000	0
5.20833	-2.72654	1000	0
5.36038	-6.75771	1000	0
7.70833	-2.72654	1000	0
8.1625	-7.98833	1000	0
8.54167	-2.72654	1000	0
12.44	-3.72538	1000	0
96.0417	-2.72654	1000	0
95.2083	-2.72654	1000	0
-100.216	-3.06466	1000	0
-100.209	-5.36183	1000	0
-158.366	-4.23663	1000	0
-148.497	-2.80091	1000	0
32.2821	-2.99641	1000	0
35.4887	-3.00667	1000	0
-28.6684	-3.68836	1000	0
-26.0417	-3.47328	1000	0
-23.9583	-2.72654	1000	0
-22.2473	-2.80091	1000	0
103.532	-2.99641	1000	0
106.739	-3.00667	1000	0
26.0417	-2.01633	1000	0
30.4973	-3.78292	1000	0
22.5816	-3.68836	1000	0
26.4583	-2.72654	1000	0
58.5341	-3.06466	1000	0
61.7387	-3.00667	1000	0
78.5341	-3.06466	1000	0
78.5406	-5.36183	1000	0
-70.1182	-3.93062	1000	0
-68.2613	-3.00667	1000	0
149.784	-3.06466	1000	0
152.989	-3.00667	1000	0
97.2917	-2.01633	1000	0
93.8316	-3.68836	1000	0
93.4298	-2.91409	1000	0
97.7083	-2.72654	1000	0
-38.9679	-2.99641	1000	0
-37.8373	-2.94281	1000	0
-87.7179	-2.99641	1000	0
-84.5113	-3.00667	1000	0
-93.9679	-2.99641	1000	0
-95.7527	-3.78292	1000	0
-107.716	-3.06466	1000	0
-104.511	-3.00667	1000	0
-132.716	-3.06466	1000	0
-129.511	-3.00667	1000	0
-144.087	-2.94281	1000	0
-141.042	-3.47328	1000	0
-151.458	-2.01633	1000	0
-154.918	-3.68836	1000	0
-155.32	-2.91409	1000	0
-151.042	-2.72654	1000	0
21.9759	-40.6313	1000	0
25.3165	-36.6873	1000	0
-18.2217	-4.52986	1000	0
-14.0189	-10.5853	1000	0
-0.0496798	-3.1879	1000	0
-1.29968	-3.1879	1000	0
84.7821	-2.99641	1000	0
87.9887	-3.00667	1000	0
142.282	-2.99641	1000	0
145.489	-3.00667	1000	0
-18.6924	-46.4537	1000	0
-150.555	-5.11624	1000	0
-140.208	-2.01633	1000	0
-137.011	-3.00667	1000	0
-143.69	-3.72538	1000	0
-139.792	-2.72654	1000	0
137.247	-2.80091	1000	0
139.003	-2.80091	1000	0
43.7942	-2.85377	1000	0
46.5492	-3.13784	1000	0
-6.91046	-52.7159	1000	0
-10.7141	-52.4815	1000	0
73.2796	-2.73569	1000	0
75.2992	-3.13784	1000	0
25.5569	-34.5672	1000	0
84.0403	-6.17559	1000	0
54.2706	-5.45399	1000	0
50.7172	-7.9021	1000	0
147.377	-17.9361	1000	0
15.5648	-47.5749	1000	0
18.7395	-46.5773	1000	0
64.0855	-8.23766	1000	0
10.3442	-9.11573	1000	0
11.0417	-2.72654	1000	0
14.3874	-12.103	1000	0
14.4582	-5.2612	1000	0
10.0645	-52.9638	1000	0
140.814	-6.20668	1000	0
14.3511	-50.559	1000	0
141.574	-3.92482	1000	0
16.4263	-47.9203	1000	0
17.0945	-46.9746	1000	0
-16.1562	-12.8601	1000	0
-23.5398	-3.47677	1000	0
9.98662	-38.9497	100	0
2.30769	-43.1215	100	0
29.9758	-4.58327	1000	0
20.156	-13.0144	1000	0
-19.7959	-11.6123	1000	0
-26.4583	-2.72654	1000	0
-13.2934	-3.85604	1000	0
-9.39338	-4.79717	1000	0
-9.375	-3.63265	1000	0
-6.77564	-5.03524	1000	0
8.06098	-7.06568	1000	0
5.45142	-4.2056	1000	0
0.416224	-4.38613	1000	0
5.17494	-4.9477	1000	0
21.0415	-5.36053	1000	0
24.7917	-2.72654	1000	0
4.7943	-3.4684	1000	0
5.71613	-5.74586	1000	0
6.28212	-3.71224	1000	0
9.79167	-3.47328	1000	0
8.95833	-3.47328	1000	0
11.2814	-8.71411	1000	0
11.4777	-3.50911	1000	0
13.3049	-5.72357	1000	0
84.6069	-5.00841	1000	0
105.146	-3.83222	1000	0
-98.6678	-3.68916	1000	0
-86.1036	-3.83222	1000	0
-97.2452	-4.42757	1000	0
-91.4332	-3.58364	1000	0
-148.481	-4.40508	1000	0
-141.458	-2.72654	1000	0
29.9554	-2.8545	1000	0
31.5433	-6.18011	1000	0
-27.7232	-3.50081	1000	0
-25.2083	-3.47328	1000	0
-26.8899	-3.99904	1000	0
-21.2946	-2.8545	1000	0
-24.3731	-3.97501	1000	0
-22.1954	-4.48564	1000	0
101.205	-2.8545	1000	0
102.824	-3.92482	1000	0
27.2917	-2.72654	1000	0
31.5739	-3.92482	1000	0
23.5268	-3.50081	1000	0
28.2098	-5.47194	1000	0
25.2083	-3.47328	1000	0
24.3601	-3.99904	1000	0
58.0912	-5.23608	1000	0
61.3929	-3.89079	1000	0
86.3964	-3.83222	1000	0
82.9973	-3.78292	1000	0
75.9399	-5.44039	1000	0
84.0739	-3.92482	1000	0
149.652	-5.56717	1000	0
145.731	-5.44162	1000	0
98.5417	-2.72654	1000	0
99.8379	-3.55114	1000	0
95.6101	-3.99904	1000	0
98.9602	-3.47677	1000	0
96.4583	-3.47328	1000	0
94.7768	-3.50081	1000	0
-36.8953	-3.59867	1000	0
-30.93	-6.86031	1000	0
-41.3389	-2.93321	1000	0
-25.7213	-26.8052	1000	0
-90.0446	-2.8545	1000	0
-97.6782	-3.57598	1000	0
-92.8373	-2.94281	1000	0
-92.4399	-3.72554	1000	0
-100.901	-4.21812	1000	0
-88.4261	-3.92482	1000	0
-107.848	-5.56717	1000	0
-104.264	-5.46522	1000	0
-134.694	-4.48574	1000	0
-138.524	-5.38006	1000	0
-147.545	-2.8545	1000	0
-145.926	-3.92482	1000	0
-150.208	-2.72654	1000	0
-148.912	-3.55114	1000	0
-153.14	-3.99904	1000	0
-149.79	-3.47677	1000	0
-152.292	-3.47328	1000	0
-153.973	-3.50081	1000	0
1.5484	-6.12117	1000	0
1.49797	-4.19464	1000	0
81.0718	-3.57598	1000	0
81.5048	-4.42757	1000	0
139.955	-2.8545	1000	0
138.225	-4.63633	1000	0
-142.728	-3.50911	1000	0
-138.958	-2.72654	1000	0
-142.314	-4.19254	1000	0
-138.469	-3.60804	1000	0
133.784	-3.07092	1000	0
135.61	-4.06799	1000	0
136.663	-5.30189	1000	0
140.497	-3.78292	1000	0
41.2836	-3.07101	1000	0
43.1107	-4.06622	1000	0
73.4507	-3.47851	1000	0
73.0097	-4.42737	1000	0
12.3804	-9.07897	1000	0
12.4429	-4.91492	1000	0
8.31816	-52.8423	1000	0
9.29739	-52.2243	1000	0
12.6146	-50.7806	1000	0
13.4545	-49.9834	1000	0
101.739	-5.8964	1000	0
103.357	-5.00888	1000	0
-15.7815	-11.8542	1000	0
-18.8204	-9.48387	1000	0
12.3773	-24.8628	100	0
8.69021	-39.2696	100	0
11.0637	-4.19254	1000	0
7.11546	-3.71224	1000	0
3.83198	-3.68468	1000	0
3.18602	-4.67303	1000	0
6.71813	-5.951	1000	0
7.4088	-5.36254	1000	0
8.52616	-4.17633	1000	0
8.46241	-5.59108	1000	0
10.211	-4.15672	1000	0
11.2509	-6.69476	1000	0
-96.2724	-4.58092	1000	0
-92.8713	-5.0575	1000	0
-29.1215	-4.98124	1000	0
-23.076	-5.60662	1000	0
-25.612	-5.90057	1000	0
-22.6621	-3.55114	1000	0
-26.8739	-5.00594	1000	0
-21.0962	-4.9489	1000	0
-16.5718	-10.8103	1000	0
-20.6102	-4.06799	1000	0
28.5879	-3.55114	1000	0
30.4887	-5.8964	1000	0
20.3489	-4.21822	1000	0
22.9319	-15.1322	1000	0
26.0417	-3.47328	1000	0
23.0284	-17.3332	1000	0
22.1285	-4.98124	1000	0
26.8769	-3.97501	1000	0
77.849	-4.21812	1000	0
79.6281	-4.98343	1000	0
100.269	-4.40508	1000	0
20.287	-46.703	1000	0
91.5989	-4.21822	1000	0
82.9876	-5.89001	1000	0
97.2917	-3.47328	1000	0
95.628	-5.06466	1000	0
96.9613	-5.90518	1000	0
98.1269	-3.97501	1000	0
-90.9999	-4.43486	1000	0
-90.9025	-6.54104	1000	0
-94.6761	-3.92482	1000	0
-93.9768	-5.20318	1000	0
-99.1219	-4.98343	1000	0
-95.8223	-5.70651	1000	0
-157.182	-4.23672	1000	0
-137.355	-3.88818	1000	0
-155.372	-4.98124	1000	0
-145.852	-6.18605	1000	0
-151.458	-3.47328	1000	0
-153.122	-5.06466	1000	0
-151.789	-5.90518	1000	0
-150.623	-3.97501	1000	0
2.57758	-6.87354	1000	0
3.87186	-5.19886	1000	0
82.4776	-4.58092	1000	0
98.1953	-5.11624	1000	0
-145.227	-5.20289	1000	0
-141.461	-4.15672	1000	0
-147.073	-5.70833	1000	0
-139.776	-4.17689	1000	0
-147.524	-4.58327	1000	0
-138.87	-4.31165	1000	0
123.742	-5.44279	1000	0
15.1454	-49.9146	1000	0
139.644	-5.01682	1000	0
142.252	-5.36052	1000	0
35.7387	-5.47929	1000	0
24.5965	-22.2203	1000	0
12.8948	-7.11389	1000	0
10.2399	-5.61347	1000	0
1.65701	-56.3008	1000	0
183.782	-3.55468	1000	0
10.9692	-52.4867	1000	0
17.0049	-49.2742	1000	0
16.3864	-50.2908	1000	0
12.9179	-52.2213	1000	0
7.51662	-4.41529	1000	0
8.92078	-6.323	1000	0
9.83838	-4.8974	1000	0
10.4409	-6.94019	1000	0
8.9869	-4.91701	1000	0
9.84678	-6.365	1000	0
13.5164	-8.12105	1000	0
11.4832	-5.15703	1000	0
10.3982	-7.55771	1000	0
11.032	-5.83728	1000	0
11.3409	-7.95439	1000	0
11.8183	-7.31209	1000	0
-104.857	-3.89079	1000	0
-117.767	-4.32001	1000	0
-30.933	-4.23755	1000	0
-30.2404	-5.37986	1000	0
-24.376	-5.17035	1000	0
-20.8222	-6.61647	1000	0
21.1164	-14.7265	1000	0
25.7113	-5.90518	1000	0
26.9453	-5.11624	1000	0
29.1819	-6.58277	1000	0
69.422	-7.44654	1000	0
21.2516	-45.0715	1000	0
88.2387	-5.47929	1000	0
116.428	-3.09104	1000	0
99.4598	-5.47194	1000	0
100.432	-6.58277	1000	0
-91.8923	-5.46739	1000	0
-89.5125	-5.889	1000	0
-94.1312	-8.07335	1000	0
-24.3143	-43.1039	1000	0
-98.1604	-5.42242	1000	0
-97.9331	-6.41692	1000	0
-156.489	-5.37903	1000	0
-173.885	-18.1217	1000	0
-149.29	-5.47194	1000	0
-144.063	-5.59213	1000	0
80.5896	-5.42242	1000	0
81.575	-6.50437	1000	0
-148.38	-6.3947	1000	0
-125.117	-5.9764	1000	0
-143.651	-4.79453	1000	0
-142.692	-5.03664	1000	0
-143.293	-7.10465	1000	0
-141.752	-5.76581	1000	0
-145.418	-7.76797	1000	0
-119.072	-4.41078	1000	0
-140.105	-5.21507	1000	0
-139.343	-6.0103	1000	0
8.37159	-54.4645	1000	0
5.58054	-54.4721	1000	0
152.643	-3.89079	1000	0
15.471	-53.0764	1000	0
20.0896	-11.0199	1000	0
27.0621	-8.77575	1000	0
90.2455	-6.92245	1000	0
120.928	-4.41078	1000	0
-94.6034	-6.18687	1000	0
-25.5087	-40.0904	1000	0
-91.9883	-8.25621	1000	0
-100.097	-7.92253	1000	0
-144.022	-8.29733	1000	0
-109.755	-7.54588	1000	0
68.6957	-6.24008	1000	0
19.6975	-49.6241	1000	0
-19.5204	-48.3639	1000	0
-141.941	-7.03622	1000	0
-150.325	-8.63335	1000	0
-154.4	-7.98105	1000	0
-140.765	-8.22246	1000	0
-139.394	-7.56208	1000	0
25.9352	-19.9229	1000	0
32.1071	-5.00888	1000	0
88.049	-9.2399	1000	0
18.1523	-48.7924	1000	0
12.9271	-38.2135	100	0
13.7646	-40.2068	100	0
5.76208	-46.6736	100	0
4.49158	-44.8341	100	0
5.3334	-42.4609	100	0
6.28691	-40.3625	100	0
-24.5834	-22.3464	1000	0
-39.6723	-3.91924	1000	0
26.0956	-32.0455	1000	0
25.522	-28.1885	1000	0
-16.9422	-3.61847	1000	0
-12.1723	-3.91924	1000	0
-22.8203	-33.3196	1000	0
-26.1206	-31.2337	1000	0
-28.203	-29.7059	1000	0
-26.6471	-41.1601	1000	0
0.547816	-57.0761	1000	0
4.51316	-52.1676	1000	0
-5.43999	-3.82854	1000	0
-3.57734	-4.12951	1000	0
113.347	-5.97734	1000	0
120.17	-3.14785	1000	0
-28.8099	-32.7794	1000	0
-56.5174	-4.32001	1000	0
-77.3139	-3.97268	1000	0
-80.1175	-5.9764	1000	0
-44.9676	-3.06872	1000	0
-42.7118	-5.32141	1000	0
-129.857	-3.89079	1000	0
-122.314	-3.97268	1000	0
111.287	-6.39365	1000	0
122.233	-4.32001	1000	0
26.6245	-29.5332	1000	0
37.8775	-4.52246	1000	0
-12.3835	-64.6772	1000	0
187.115	-28.7092	1000	0
-163.78	-0.663385	1000	0
-166.622	-1.68856	1000	0
46.7336	-5.62631	1000	0
54.553	-7.54191	1000	0
-15.0932	-25.1716	100	0
-5.80956	-15.5315	100	0
-12.1142	-24.5272	100	0
-0.791571	-14.4068	100	0
-1.54861	-22.6635	100	0
7.30504	-16.7411	100	0
3.02099	-14.6818	100	0
-6.16249	-20.5572	100	0
-23.3194	-44.3799	1000	0
-21.9468	-46.6951	1000	0
25.8378	-18.2898	1000	0
23.0989	-7.36798	1000	0
-14.0073	-31.049	100	0
-13.1469	-35.0898	100	0
24.7386	-39.0894	1000	0
67.0944	-6.44917	1000	0
22.529	-36.0666	1000	0
24.1861	-37.4483	1000	0
-13.0393	-52.4401	1000	0
-5.95096	-55.8158	1000	0
-14.4815	-11.7068	1000	0
-16.2123	-9.71999	1000	0
127.192	-4.58212	1000	0
14.1373	-51.9727	1000	0
133.095	-5.51759	1000	0
123.569	-7.90239	1000	0
17.3537	-8.87957	1000	0
14.7074	-3.97208	1000	0
-34.3332	-5.04746	1000	0
-39.0015	-5.3462	1000	0
-29.7089	-8.6187	1000	0
-18.6633	-10.6473	1000	0
-22.3428	-7.07189	1000	0
-22.8009	-8.97684	1000	0
-160.849	-5.05389	1000	0
-162.766	-5.41327	1000	0
9.61604	-54.4585	1000	0
10.7087	-55.6848	1000	0
7.14887	-55.4738	1000	0
154.083	-10.4695	1000	0
14.4396	-55.0285	1000	0
92.6317	-8.29674	1000	0
-87.5856	-7.52928	1000	0
-84.8609	-3.89608	1000	0
84.9152	-7.52916	1000	0
87.6391	-3.89608	1000	0
-137.14	-7.18841	1000	0
-133.42	-4.39316	1000	0
25.8026	-21.7941	1000	0
26.6614	-20.7607	1000	0
32.4206	-7.52846	1000	0
35.1391	-3.89608	1000	0
103.671	-7.52846	1000	0
106.389	-3.89608	1000	0
-61.0639	-3.97268	1000	0
-25.0151	-34.4367	1000	0
29.216	-36.5718	1000	0
50.6615	-5.8302	1000	0
45.5324	-7.46068	1000	0
26.605	-22.8551	1000	0
-19.9323	-9.15935	1000	0
-13.8754	-4.91595	1000	0
-15.2022	-5.30502	1000	0
-10.5701	-5.41326	1000	0
-26.2255	-36.3098	1000	0
-25.1784	-35.6562	1000	0
-24.2931	-38.1018	1000	0
-25.5244	-38.6187	1000	0
8.63033	-59.372	1000	0
7.07726	-58.2057	1000	0
-6.561	-3.89174	1000	0
-5.77144	-6.11166	1000	0
-43.1995	-4.25718	1000	0
-35.9829	-6.10085	1000	0
-55.0075	-5.44279	1000	0
-28.8195	-12.9302	1000	0
-12.0376	-25.7361	100	0
-9.44048	-18.8751	100	0
-10.6039	-22.21	100	0
-3.08152	-15.7385	100	0
-9.13884	-21.5897	100	0
4.11543	-15.8236	100	0
-14.9595	-9.64248	1000	0
-16.8912	-8.71559	1000	0
-41.3778	-4.92027	1000	0
-25.4336	-13.4115	1000	0
-135.69	-6.97494	1000	0
-131.521	-4.88677	1000	0
26.0845	-24.2058	1000	0
26.7727	-25.9361	1000	0
-15.6605	-6.93821	1000	0
-12.8173	-9.19041	1000	0
-13.3506	-6.11131	1000	0
-11.755	-8.64015	1000	0
-27.4939	-31.165	1000	0
-64.544	-4.52612	1000	0
-72.7674	-4.32001	1000	0
-96.5678	-6.54766	1000	0
-44.988	-7.30688	1000	0
-40.1709	-6.0227	1000	0
-43.1982	-7.22667	1000	0
-31.4157	-26.9269	1000	0
-143.33	-10.5411	1000	0
-102.265	-6.91734	1000	0
-11.5692	-7.04465	1000	0
-10.7206	-9.72827	1000	0
-12.2689	-6.05523	1000	0
-14.3545	-7.4483	1000	0
157.984	-3.31993	1000	0
162.75	-0.842706	1000	0
151.953	-6.44535	1000	0
162.233	-4.81544	1000	0
153.236	-5.46522	1000	0
174.762	-1.34606	1000	0
-9.94396	-40.544	100	0
7.3583	-37.8999	100	0
11.8099	-21.5986	100	0
8.89892	-22.2312	100	0
106.989	-5.47929	1000	0
110.456	-4.52612	1000	0
-71.4437	-4.94504	1000	0
-57.8218	-8.46643	1000	0
-84.2613	-5.47929	1000	0
-80.794	-4.52612	1000	0
-130.4	-6.04859	1000	0
-105.547	-6.44535	1000	0
63.429	-6.00465	1000	0
71.1852	-6.74322	1000	0
13.9865	-33.7994	100	0
11.7474	-28.1831	100	0
-138.08	-8.37487	1000	0
-9.46879	-53.3551	1000	0
33.2989	-4.96987	1000	0
34.4442	-6.11175	1000	0
34.1297	-7.49912	1000	0
41.4331	-8.414	1000	0
104.549	-4.96987	1000	0
105.694	-6.11175	1000	0
95.4453	-8.84996	1000	0
135.986	-7.90176	1000	0
59.3933	-5.20764	1000	0
60.4953	-6.27538	1000	0
29.6086	-23.9562	1000	0
77.6668	-7.08742	1000	0
149.093	-4.23242	1000	0
150.831	-5.28353	1000	0
149.953	-10.3022	1000	0
12.3009	-54.8012	1000	0
148.272	-6.70011	1000	0
144.493	-8.97664	1000	0
-86.7013	-4.96932	1000	0
-85.556	-6.11121	1000	0
-90.793	-10.0357	1000	0
-62.2995	-6.86574	1000	0
-108.407	-4.23242	1000	0
-106.669	-5.28353	1000	0
-109.108	-6.4267	1000	0
-28.3317	-38.328	1000	0
-125.794	-4.52612	1000	0
-120.204	-6.10183	1000	0
-132.713	-5.33115	1000	0
-134.471	-8.08072	1000	0
-132.978	-7.09325	1000	0
-129.264	-5.46522	1000	0
-131.264	-7.58768	1000	0
-110.325	-5.44657	1000	0
85.7987	-4.9694	1000	0
86.944	-6.11128	1000	0
86.6271	-7.50385	1000	0
91.6926	-6.63211	1000	0
143.444	-5.3215	1000	0
144.581	-6.42572	1000	0
100.231	-10.6344	1000	0
125.94	-9.8797	1000	0
10.3544	-37.1416	100	0
8.88214	-35.3447	100	0
105.38	-7.49912	1000	0
133.679	-7.90105	1000	0
40.0552	-7.19115	1000	0
28.4884	-21.1214	1000	0
16.9259	-52.039	1000	0
80.8959	-8.13534	1000	0
-102.175	-4.31071	1000	0
-102.937	-5.73457	1000	0
19.0745	-4.31081	1000	0
16.7403	-5.34906	1000	0
76.5745	-4.31071	1000	0
74.5417	-5.52711	1000	0
90.3245	-4.31081	1000	0
89.5698	-5.74345	1000	0
-108.593	-9.18445	1000	0
-85.8733	-7.50462	1000	0
-100.813	-6.63718	1000	0
-96.3351	-7.9218	1000	0
-159.008	-7.23711	1000	0
-9.58187	-55.5417	1000	0
-11.9679	-53.3298	1000	0
-23.6771	-46.1068	1000	0
5.13344	-41.1314	100	0
-2.11169	-42.3424	100	0
-99.7109	-11.4377	1000	0
-18.4281	-50.2228	1000	0
4.00934	-54.828	1000	0
5.70022	-52.9954	1000	0
-60.9307	-5.7607	1000	0
-45.8082	-5.53713	1000	0
-82.2284	-8.85704	1000	0
-68.7086	-4.03078	1000	0
-122.181	-5.7607	1000	0
-116.113	-8.30707	1000	0
117.861	-5.64567	1000	0
106.867	-9.52563	1000	0
-174.384	-7.46083	1000	0
-159.952	-16.062	1000	0
35.3195	-8.95951	1000	0
28.9032	-33.9636	1000	0
-12.1084	-27.8502	100	0
-13.4373	-23.5333	100	0
-10.0744	-30.4319	100	0
-13.1195	-26.693	100	0
23.6373	-40.7995	1000	0
23.319	-43.5919	1000	0
-15.2782	-51.1555	1000	0
-14.7638	-52.6497	1000	0
15.6747	-6.18658	1000	0
16.1087	-4.03594	1000	0
-168.542	-3.56196	1000	0
-170.837	-23.2175	1000	0
-59.8183	-10.6159	1000	0
-41.2028	-7.63177	1000	0
-14.1255	-8.54881	1000	0
-16.6025	-7.48747	1000	0
-35.9355	-8.76989	1000	0
-22.2466	-15.8969	1000	0
43.3176	-7.15932	1000	0
28.3499	-22.5921	1000	0
-49.9439	-5.72656	1000	0
-28.4027	-23.3133	1000	0
-7.60612	-36.6623	100	0
-14.1932	-33.2561	100	0
-10.6321	-36.0124	100	0
-12.1154	-35.7864	100	0
-8.79373	-41.4871	100	0
-4.53751	-43.8341	100	0
6.45799	-31.5082	100	0
12.5631	-34.4416	100	0
11.2113	-25.9251	100	0
14.3871	-27.4707	100	0
10.8658	-20.4492	100	0
8.7069	-19.0862	100	0
108.284	-5.79066	1000	0
109.773	-7.30357	1000	0
-66.713	-5.57227	1000	0
-63.8675	-5.9764	1000	0
-82.9658	-5.79066	1000	0
-78.5495	-6.86574	1000	0
-127.972	-5.78188	1000	0
-123.55	-6.86574	1000	0
56.5363	-7.73055	1000	0
71.5254	-9.71035	1000	0
14.5156	-31.7224	100	0
12.4035	-32.2374	100	0
-21.4039	-48.5487	1000	0
-153.141	-8.84911	1000	0
38.0049	-7.81041	1000	0
40.5042	-5.34658	1000	0
28.916	-8.01057	1000	0
35.1665	-12.0295	1000	0
19.0895	-51.854	1000	0
128.854	-5.81531	1000	0
147.818	-4.325	1000	0
147.056	-5.71998	1000	0
155.674	-8.16642	1000	0
157.352	-4.68668	1000	0
-65.7712	-14.0723	1000	0
-28.5066	-40.1861	1000	0
-109.682	-4.325	1000	0
-112.808	-4.58212	1000	0
-139.637	-12.3828	1000	0
-146.811	-8.79244	1000	0
78.5226	-8.66503	1000	0
96.9264	-7.64656	1000	0
8.62614	-31.7611	100	0
-6.88689	-39.4174	100	0
-102.865	-8.88682	1000	0
-95.1174	-8.96714	1000	0
20.2358	-6.97803	1000	0
18.2324	-5.52695	1000	0
61.6644	-12.265	1000	0
26.5256	-39.3268	1000	0
89.6715	-8.89062	1000	0
91.4091	-9.87709	1000	0
-98.7526	-7.75563	1000	0
-106.245	-8.72044	1000	0
6.01246	-38.5039	100	0
-3.36689	-40.0328	100	0
3.38221	-40.6753	100	0
-6.27032	-42.628	100	0
3.30712	-56.4946	1000	0
4.80672	-58.8706	1000	0
21.1789	-48.3216	1000	0
26.9781	-37.5818	1000	0
-134.79	-10.0175	1000	0
-3.43335	-58.0399	1000	0
15.143	-7.6561	1000	0
18.7012	-7.05186	1000	0
-163.908	-7.52301	1000	0
-10.8408	-56.1672	1000	0
-17.9597	-6.44113	1000	0
-19.9334	-7.58987	1000	0
-17.9939	-8.61217	1000	0
-18.7397	-7.28563	1000	0
-21.2792	-10.0909	1000	0
-21.3	-11.3805	1000	0
30.3034	-27.5447	1000	0
29.2992	-29.3715	1000	0
-11.934	-32.6854	100	0
-13.2406	-32.0187	100	0
9.81472	-23.5265	100	0
10.1508	-30.5397	100	0
12.1169	-26.9054	100	0
14.6752	-29.575	100	0
7.44629	-19.2055	100	0
5.36216	-18.2025	100	0
-141.425	-10.5347	1000	0
-97.6329	-8.6871	1000	0
-101.344	-9.5027	1000	0
-97.344	-10.789	1000	0
84.1504	-9.59591	1000	0
109.3	-9.51546	1000	0
1.24636	-44.2144	100	0
1.59716	-41.7835	100	0
-1.22113	-39.9099	100	0
-7.34102	-41.1005	100	0
26.8891	-46.8306	1000	0
74.9053	-8.29445	1000	0
-27.4744	-7.33	1000	0
-21.6681	-13.9745	1000	0
12.7785	-28.9574	100	0
12.0006	-30.9664	100	0
14.0723	-30.6214	100	0
12.8242	-30.2372	100	0
9.94328	-29.0363	100	0
11.5192	-33.3249	100	0
-120.751	-11.0248	1000	0
-95.5266	-11.1651	1000	0
24.2258	-48.9157	1000	0
100.169	-7.99408	1000	0
4.38188	-37.7307	100	0
-8.23499	-38.246	100	0
-2.73194	-43.4916	100	0
-3.75003	-41.5388	100	0
-22.4995	-12.6702	1000	0
-20.058	-13.2217	1000	0
9.00906	-24.7528	100	0
7.35768	-24.7344	100	0
-58.9538	-6.10183	1000	0
-52.5571	-10.2318	1000	0
-116.258	-5.44279	1000	0
-118.755	-8.87533	1000	0
119.779	-6.12413	1000	0
120.911	-8.49296	1000	0
-71.2228	-6.44565	1000	0
-68.1061	-5.3956	1000	0
-75.2038	-6.10183	1000	0
-26.4879	-37.8303	1000	0
16.7193	-12.2228	1000	0
17.7463	-10.6617	1000	0
131.8	-4.70318	1000	0
134.349	-4.28441	1000	0
39.2086	-4.5332	1000	0
41.8502	-4.28347	1000	0
23.0915	-5.8593	1000	0
21.6773	-9.90556	1000	0
94.3415	-5.8593	1000	0
94.1936	-7.90322	1000	0
-154.409	-5.8593	1000	0
-156.093	-8.65564	1000	0
-11.9815	-54.8289	1000	0
-7.76872	-56.8712	1000	0
49.9085	-3.24616	1000	0
49.3565	-4.75998	1000	0
69.9238	-10.4546	1000	0
58.5701	-12.042	1000	0
25.6646	-7.78468	1000	0
24.3387	-8.45284	1000	0
-28.1604	-5.80058	1000	0
-27.8196	-8.78082	1000	0
-2.6181	-62.4032	1000	0
0.219457	-60.9024	1000	0
141.808	-12.6073	1000	0
108.521	-15.0074	1000	0
-29.2895	-25.3988	1000	0
-29.3799	-36.7814	1000	0
-46.9988	-4.61224	1000	0
-44.5061	-4.39269	1000	0
-27.977	-34.1443	1000	0
-28.0587	-35.6719	1000	0
-30.476	-29.6077	1000	0
-66.0898	-8.55775	1000	0
-33.2161	-33.7174	1000	0
-93.345	-12.0508	1000	0
40.2498	-11.5115	1000	0
47.5538	-9.02086	1000	0
73.8076	-7.14793	1000	0
76.3407	-7.0734	1000	0
65.9154	-8.45231	1000	0
72.18	-7.80919	1000	0
-26.0466	-43.0185	1000	0
-137.171	-11.8242	1000	0
-73.6784	-7.51166	1000	0
-30.9119	-31.828	1000	0
-88.3073	-9.50362	1000	0
-69.2948	-6.79605	1000	0
-125.906	-9.08911	1000	0
-123.569	-9.35629	1000	0
115.397	-7.16796	1000	0
110.496	-12.4057	1000	0
-10.6119	-27.4946	100	0
6.86479	-22.0692	100	0
-105.309	-13.7136	1000	0
-151.817	-7.56788	1000	0
4.92374	-19.8608	100	0
9.77308	-26.0257	100	0
3.98664	-17.3032	100	0
0.56678	-17.2849	100	0
-5.07691	-19.0646	100	0
6.24868	-20.6189	100	0
2.19085	-18.074	100	0
-7.82179	-25.7371	100	0
-111.978	-5.80066	1000	0
-111.93	-7.33391	1000	0
-104.86	-10.1096	1000	0
-28.3941	-46.1485	1000	0
5.12194	-34.452	100	0
-8.79071	-29.8178	100	0
-25.7741	-7.45752	1000	0
-25.1272	-20.7332	1000	0
-78.5691	-9.35629	1000	0
-33.1767	-39.2586	1000	0
96.3557	-12.3452	1000	0
98.3269	-8.62114	1000	0
-160.214	-9.6718	1000	0
-157.408	-13.3478	1000	0
-8.95292	-61.0567	1000	0
-46.9107	-54.0353	1000	0
24.4634	-13.702	1000	0
24.7024	-11.6495	1000	0
-33.7773	-9.18239	1000	0
-24.904	-10.4743	1000	0
-55.1799	-7.89817	1000	0
-62.3191	-9.35629	1000	0
-65.3792	-6.66793	1000	0
-68.6123	-8.86255	1000	0
-81.632	-6.88632	1000	0
-84.5094	-9.2905	1000	0
-126.639	-6.87753	1000	0
-131.008	-9.81214	1000	0
101.575	-9.16755	1000	0
91.8729	-12.1888	1000	0
-12.0775	-29.1616	100	0
-10.6592	-26.218	100	0
-10.2603	-32.2392	100	0
-9.16328	-35.4093	100	0
-9.11872	-25.2235	100	0
-10.8253	-23.6965	100	0
-4.90749	-38.9303	100	0
3.92367	-29.9104	100	0
-9.29733	-28.192	100	0
2.9422	-19.9081	100	0
-9.20816	-23.9109	100	0
-8.18868	-22.7121	100	0
-8.71261	-33.5701	100	0
-8.04768	-27.429	100	0
-6.07989	-22.3981	100	0
-8.37511	-20.0959	100	0
6.12921	-23.346	100	0
8.87464	-27.8593	100	0
-1.6625	-17.4595	100	0
-2.43748	-19.3504	100	0
-150.515	-10.8864	1000	0
-148.552	-7.8969	1000	0
21.3302	-8.10742	1000	0
23.7982	-10.2532	1000	0
-26.4918	-10.3176	1000	0
-24.5314	-9.06502	1000	0
-76.7202	-11.1225	1000	0
-49.7603	-8.5694	1000	0
-81.7201	-14.0105	1000	0
-64.5977	-10.3568	1000	0
-136.949	-10.0982	1000	0
-127.685	-13.5583	1000	0
6.4741	-26.2295	100	0
-5.62247	-30.2373	100	0
-6.6769	-28.0349	100	0
-3.09165	-23.597	100	0
-0.905011	-25.3916	100	0
7.22705	-28.0815	100	0
-6.0984	-25.0814	100	0
-4.96137	-23.5425	100	0
-26.9155	-12.27	1000	0
-24.0059	-12.2433	1000	0
-7.05261	-29.7484	100	0
-3.97815	-26.9508	100	0
-5.4845	-26.6528	100	0
-3.74041	-28.8217	100	0
-32.7165	-11.2092	1000	0
-25.7749	-23.6961	1000	0
2.74966	-27.8068	100	0
3.75855	-23.7657	100	0
-23.8784	-19.5082	1000	0
-32.1176	-16.8827	1000	0
157.752	-7.25988	1000	0
170.01	-1.12398	1000	0
148.184	-8.42644	1000	0
80.4701	-12.442	1000	0
-157.979	-10.721	1000	0
-25.3876	-47.1321	1000	0
-32.2698	-36.5658	1000	0
-30.4616	-41.3323	1000	0
-40.6571	-10.4973	1000	0
-35.5687	-21.8889	1000	0
63.4951	-13.4829	1000	0
86.0869	-10.8606	1000	0
151.742	-9.23105	1000	0
10.3869	-57.7201	1000	0
-92.4951	-15.6307	1000	0
-80.7334	-10.4377	1000	0
72.9521	-10.9744	1000	0
31.2294	-41.255	1000	0
30.8865	-31.5887	1000	0
52.8617	-9.15196	1000	0
37.146	-9.29175	1000	0
37.0744	-11.3378	1000	0
66.9098	-10.0534	1000	0
68.815	-9.25673	1000	0
67.9502	-14.0153	1000	0
77.768	-12.4436	1000	0
66.3199	-12.2937	1000	0
74.7044	-10.2198	1000	0
2.9051	-39.1332	100	0
-3.79885	-35.6097	100	0
86.3122	-13.4832	1000	0
142.52	-10.0622	1000	0
98.3048	-10.3342	1000	0
103.243	-8.93056	1000	0
-147.773	-21.4665	1000	0
-11.1776	-59.8991	1000	0
-13.7067	-57.8224	1000	0
121.282	-32.8911	1000	0
-15.5197	-54.7981	1000	0
-13.8088	-56.0876	1000	0
-26.7622	-45.3197	1000	0
-144.426	-15.7704	1000	0
-18.0753	-55.3749	1000	0
-15.4796	-60.1414	1000	0
28.2273	-13.6902	1000	0
30.3373	-19.5843	1000	0
104.422	-14.4431	1000	0
140.557	-8.15783	1000	0
-5.51655	-36.9651	100	0
-6.19827	-32.3027	100	0
-152.447	-11.1778	1000	0
-146.79	-10.9641	1000	0
-86.4285	-10.8187	1000	0
-85.1341	-13.9581	1000	0
4.11526	-25.7763	100	0
-1.46904	-29.5528	100	0
1.79024	-21.0472	100	0
0.110534	-27.6396	100	0
-23.9006	-17.2129	1000	0
-29.3013	-21.3954	1000	0
-27.2173	-20.165	1000	0
-32.3194	-20.0832	1000	0
164.287	-4.15658	1000	0
166.707	-4.43785	1000	0
161.767	-11.1953	1000	0
177.527	-2.96187	1000	0
-144.705	-12.1834	1000	0
-97.6982	-17.6977	1000	0
-124.115	-15.6614	1000	0
-19.8678	-58.3339	1000	0
106.593	-13.5844	1000	0
20.7149	-53.7354	1000	0
32.4535	-11.033	1000	0
34.3909	-10.4285	1000	0
69.6488	-12.9729	1000	0
71.8063	-13.3082	1000	0
96.3071	-10.6387	1000	0
106.135	-10.9928	1000	0
98.9874	-13.7984	1000	0
104.22	-10.3684	1000	0
100.865	-12.392	1000	0
103.186	-12.363	1000	0
-141.714	-35.4264	1000	0
-69.5881	-105.944	1000	0
-148.759	-15.0429	1000	0
-24.2596	-55.0981	1000	0
1.01559	-32.9044	100	0
6.04222	-29.732	100	0
-2.72232	-25.4339	100	0
-0.0272439	-23.592	100	0
2.01723	-22.8698	100	0
-0.861499	-21.0538	100	0
-27.5234	-17.7686	1000	0
-29.4055	-15.7986	1000	0
30.4847	-15.0162	1000	0
32.1051	-13.7614	1000	0
36.8632	-22.0331	1000	0
57.1743	-17.7276	1000	0
25.9066	-44.0898	1000	0
72.901	-15.2957	1000	0
91.3585	-17.7956	1000	0
94.3958	-13.2617	1000	0
-16.5807	-67.5111	1000	0
-8.8097	-64.5436	1000	0
3.00866	-31.9299	100	0
4.81008	-32.7466	100	0
36.9329	-15.229	1000	0
37.9487	-12.8013	1000	0
33.9782	-14.1882	1000	0
34.8704	-15.9243	1000	0
97.8232	-19.3728	1000	0
110.043	-17.8153	1000	0
-1.13606	-31.7227	100	0
-0.604962	-36.4356	100	0
7.18242	-35.7831	100	0
9.59174	-33.2753	100	0
32.4528	-19.8845	1000	0
32.2674	-24.2877	1000	0
128.785	-8.30185	1000	0
131.658	-9.9278	1000	0
-4.94872	-65.4213	1000	0
103.053	-38.4282	1000	0
28.0119	-41.5348	1000	0
63.6991	-16.8187	1000	0
-113.626	-9.33109	1000	0
-112.866	-11.5807	1000	0
41.553	-16.9801	1000	0
37.07	-19.3656	1000	0
-133.041	-11.2545	1000	0
-110.008	-11.2221	1000	0
26.3701	-14.9179	1000	0
28.2586	-11.665	1000	0
27.0594	-17.1408	1000	0
29.6658	-17.4673	1000	0
26.6403	-10.8402	1000	0
30.0025	-9.84682	1000	0
-34.8303	-25.7943	1000	0
-71.1224	-13.9428	1000	0
-73.8898	-9.86431	1000	0
-70.7516	-10.8648	1000	0
20.536	-57.4407	1000	0
12.6821	-59.6205	1000	0
100.12	-17.0021	1000	0
195.519	-2.32666	1000	0
76.9955	-10.5763	1000	0
82.0708	-10.045	1000	0
28.5519	-25.9495	1000	0
34.2938	-18.2487	1000	0
-23.1149	-50.2902	1000	0
-25.3683	-49.4618	1000	0
-148.721	-12.3217	1000	0
-146.549	-17.2723	1000	0
-134.757	-14.1239	1000	0
-132.785	-13.6349	1000	0
-141.367	-18.3111	1000	0
-153.941	-13.6089	1000	0
-130.317	-14.9496	1000	0
-128.12	-10.8013	1000	0
-28.9915	-49.6365	1000	0
-27.3403	-51.1374	1000	0
62.5348	-9.68594	1000	0
53.3049	-12.4296	1000	0
-138.944	-16.2644	1000	0
19.3373	-76.2423	1000	0
-3.98323	-33.057	100	0
0.223189	-38.5692	100	0
3.66723	-35.7957	100	0
1.3623	-35.0647	100	0
32.9944	-26.5832	1000	0
33.405	-22.5836	1000	0
9.46193	-62.2017	1000	0
15.1426	-57.8125	1000	0
146.25	-10.1329	1000	0
146.758	-12.6179	1000	0
66.9798	-17.2191	1000	0
82.7749	-14.6155	1000	0
-117.166	-21.6405	1000	0
-120.295	-14.5993	1000	0
-30.4341	-44.4305	1000	0
-114.153	-14.6839	1000	0
38.5851	-17.4733	1000	0
38.8409	-25.6219	1000	0
35.006	-31.6466	1000	0
42.2018	-13.446	1000	0
3.43741	-61.6773	1000	0
12.3596	-62.2469	1000	0
15.0214	-65.8064	1000	0
197.416	-9.75407	1000	0
-27.069	-54.1989	1000	0
-22.2775	-52.865	1000	0
73.6703	-20.3896	1000	0
68.5516	-19.5359	1000	0
36.1097	-28.4679	1000	0
56.2731	-13.823	1000	0
-15.5208	-74.735	1000	0
11.6478	-90.4345	1000	0
-181.714	-1.60543	1000	0
-173.564	-3.28051	1000	0
-61.5814	-21.6937	1000	0
-38.4234	-19.182	1000	0
115.35	-11.3013	1000	0
118.945	-12.1478	1000	0
-79.6758	-15.9049	1000	0
-76.8401	-14.0984	1000	0
-30.2852	-10.8156	1000	0
-33.9629	-14.4079	1000	0
75.9542	-14.8413	1000	0
89.5111	-14.2752	1000	0
-101.68	-14.4259	1000	0
-36.5627	-40.6163	1000	0
157.912	-15.4708	1000	0
180.464	-1.61581	1000	0
137.788	-9.56784	1000	0
143.506	-16.2234	1000	0
-170.832	-9.37319	1000	0
-192.437	-26.3079	1000	0
-37.9313	-11.2903	1000	0
-46.6523	-9.57945	1000	0
-135.576	-17.244	1000	0
-34.3907	-54.5141	1000	0
-117.097	-16.5771	1000	0
-108.109	-14.3621	1000	0
35.7877	-35.4867	1000	0
63.529	-24.3381	1000	0
-163.796	-16.4706	1000	0
-23.2488	-58.1747	1000	0
82.1121	-18.1479	1000	0
76.3219	-18.1431	1000	0
-129.532	-18.5906	1000	0
-125.606	-19.4516	1000	0
60.4072	-8.35717	1000	0
58.0929	-9.39199	1000	0
49.8267	-14.2094	1000	0
53.5389	-20.4312	1000	0
31.9809	-38.0369	1000	0
30.3966	-48.7113	1000	0
227.701	-6.9135	1000	0
209.01	-5.29879	1000	0
-99.2403	-24.5402	1000	0
-18.5591	-60.783	1000	0
-74.7222	-18.9654	1000	0
-66.7931	-22.0677	1000	0
71.6009	-18.3421	1000	0
94.7302	-17.0856	1000	0
-152.047	-16.0387	1000	0
-153.985	-19.3549	1000	0
-121.855	-23.4529	1000	0
-110.524	-16.593	1000	0
-141.21	-23.3857	1000	0
-33.0407	-50.1702	1000	0
138.608	-12.3147	1000	0
136.802	-14.9803	1000	0
113.208	-17.8647	1000	0
129.088	-22.0584	1000	0
23.6851	-59.4441	1000	0
139.218	-17.4895	1000	0
109.485	-20.4306	1000	0
81.4648	-26.7144	1000	0
-177.869	-7.19287	1000	0
-178.777	-3.01255	1000	0
103.234	-17.6758	1000	0
120.057	-19.1097	1000	0
-69.6414	-19.5369	1000	0
-34.2387	-46.7506	1000	0
9.73449	-67.9461	1000	0
4.84801	-64.789	1000	0
-188.557	-1.94099	1000	0
-184.776	-7.76387	1000	0
-61.4726	-17.3431	1000	0
-37.0195	-14.9015	1000	0
121.377	-15.4949	1000	0
132.76	-13.9376	1000	0
-78.5443	-22.166	1000	0
-68.7282	-15.8921	1000	0
172.03	-6.24512	1000	0
174.325	-8.28912	1000	0
199.786	-4.7915	1000	0
191.289	-4.26553	1000	0
84.5075	-23.2444	1000	0
42.2686	-47.9059	1000	0
-145.492	-25.0392	1000	0
-132.818	-20.396	1000	0
38.6677	-44.2373	1000	0
34.1259	-44.6889	1000	0
-30.0702	-57.0419	1000	0
-135.174	-31.5859	1000	0
61.0459	-19.3032	1000	0
78.4398	-19.9991	1000	0
-224.467	-18.6408	1000	0
-29.7347	-60.4182	1000	0
-151.921	-22.5533	1000	0
-25.7227	-60.6517	1000	0
8.21009	-64.8256	1000	0
78.0857	-24.1198	1000	0
115.873	-19.8707	1000	0
105.752	-20.7417	1000	0
112.982	-13.9108	1000	0
-3.11283	-69.2194	1000	0
2.17817	-68.8974	1000	0
-179.248	-16.4219	1000	0
-164.907	-13.5117	1000	0
-87.7862	-17.1814	1000	0
-112.076	-21.4028	1000	0
-74.3805	-15.9182	1000	0
-78.2323	-19.1554	1000	0
24.3422	-53.9505	1000	0
81.5453	-43.8793	1000	0
-29.1176	-68.4548	1000	0
13.6481	-68.8817	1000	0
67.7541	-24.1703	1000	0
70.1429	-26.259	1000	0
-32.9531	-65.1216	1000	0
-24.6247	-65.0902	1000	0
-57.7982	-14.8871	1000	0
-43.8324	-46.807	1000	0
93.2068	-28.2045	1000	0
133.252	-25.6148	1000	0
-169.736	-13.4171	1000	0
-180.55	-10.0032	1000	0
-74.3031	-25.7806	1000	0
-72.3772	-20.6348	1000	0
103.27	-26.0807	1000	0
73.0099	-23.672	1000	0
112.89	-24.224	1000	0
116.113	-23.6146	1000	0
-185.032	-3.54642	1000	0
-188.124	-10.4349	1000	0
-68.676	-43.3581	1000	0
-37.6522	-45.0101	1000	0
-71.6462	-24.4394	1000	0
-67.7818	-25.5395	1000	0
40.3845	-51.8559	1000	0
75.3072	-25.5462	1000	0
98.4538	-25.3856	1000	0
138.224	-22.2226	1000	0
-46.1213	-41.2885	1000	0
-40.8608	-37.3495	1000	0
71.6308	-30.9362	1000	0
89.2044	-22.9017	1000	0
120.84	-26.4433	1000	0
125.713	-13.8174	1000	0
75.1274	-29.968	1000	0
79.6135	-30.9072	1000	0
29.809	-65.584	1000	0
33.4197	-48.6579	1000	0
24.6672	-63.5012	1000	0
26.177	-51.6989	1000	0
44.904	-19.6817	1000	0
46.22	-12.0506	1000	0
-44.3167	-12.3648	1000	0
-42.9949	-17.4383	1000	0
-53.1789	-15.0713	1000	0
-36.1948	-30.3646	1000	0
49.1595	-18.3065	1000	0
53.9234	-26.6345	1000	0
-136.029	-24.491	1000	0
-69.6009	-35.8615	1000	0
180.167	-8.31549	1000	0
187.778	-10.4331	1000	0
166.493	-11.33	1000	0
183.637	-7.08638	1000	0
3.65547	-72.0916	1000	0
7.84971	-71.1037	1000	0
-29.133	-75.3611	1000	0
9.443	-74.3687	1000	0
-196.769	-2.32624	1000	0
-206.622	-2.79208	1000	0
-124.927	-123.75	1000	0
8.1205	-82.0513	1000	0
-165.577	-21.4718	1000	0
-158.422	-19.6392	1000	0
-64.5507	-30.5989	1000	0
-47.7084	-19.5678	1000	0
105.568	-30.1498	1000	0
57.7407	-40.4942	1000	0
123.82	-23.2412	1000	0
129.661	-16.2494	1000	0
18.1588	-59.3807	1000	0
25.9945	-57.2322	1000	0
43.3022	-24.9292	1000	0
47.9423	-29.7573	1000	0
175.08	-13.3958	1000	0
179.021	-13.1524	1000	0
-8.2043	-75.9492	1000	0
-152.103	-32.1927	1000	0
-161.854	-23.4067	1000	0
-160.388	-28.9027	1000	0
18.3601	-64.7482	1000	0
21.7194	-66.8653	1000	0
13.5499	-73.0935	1000	0
30.4302	-58.4924	1000	0
29.8637	-52.2898	1000	0
111.456	-28.6041	1000	0
36.0774	-52.1562	1000	0
32.4647	-55.8016	1000	0
35.6553	-55.7214	1000	0
39.8005	-58.3156	1000	0
43.0354	-55.4519	1000	0
31.5472	-70.2133	1000	0
139.953	-36.8678	1000	0
50.2687	-56.0362	1000	0
60.0419	-28.9657	1000	0
144.12	-22.673	1000	0
184.351	-14.947	1000	0
14.6043	-85.77	1000	0
21.1247	-81.2743	1000	0
6.67046	-78.7721	1000	0
208.958	-20.8895	1000	0
2.6649	-77.6942	1000	0
15.0384	-76.38	1000	0
-40.0547	-65.3545	1000	0
12.3816	-80.9343	1000	0
-3.90387	-81.23	1000	0
206.487	-83.2876	1000	0
-107.575	-26.7267	1000	0
-83.9683	-21.898	1000	0
160.59	-23.664	1000	0
170.816	-15.3945	1000	0
-154.892	-28.3337	1000	0
-146.851	-29.985	1000	0
-40.4428	-31.5032	1000	0
-53.6788	-30.5449	1000	0
42.2966	-65.3628	1000	0
62.3471	-35.5808	1000	0
191.904	-9.2281	1000	0
201.204	-12.479	1000	0
-192.539	-4.26723	1000	0
-192.361	-8.54375	1000	0
-212.356	-6.14245	1000	0
-187.836	-15.8483	1000	0
39.4424	-62.6905	1000	0
22.5813	-71.9976	1000	0
-178.301	-35.1459	1000	0
-210.825	-34.9816	1000	0
6.84118	-87.9365	1000	0
-46.6465	-26.3556	1000	0
-59.4688	-27.9236	1000	0
-82.6602	-29.5013	1000	0
-41.1568	-58.1233	1000	0
14.1129	-99.0992	1000	0
218.195	-34.8916	1000	0
-75.489	-32.1433	1000	0
-52.7355	-39.6316	1000	0
39.578	-38.2531	1000	0
50.5681	-40.8603	1000	0
-225.327	-7.37085	1000	0
-194.366	-17.6105	1000	0
36.0946	-78.3882	1000	0
115.121	-34.4425	1000	0
53.0122	-60.501	1000	0
67.9492	-50.633	1000	0
47.5794	-46.3869	1000	0
46.1676	-36.3951	1000	0
19.0486	-86.2477	1000	0
36.488	-72.3595	1000	0
73.1803	-43.6269	1000	0
43.2751	-79.6314	1000	0
126.649	-36.9478	1000	0
132.507	-32.7881	1000	0
-201.546	-5.11832	1000	0
-209.572	-12.1221	1000	0
-233.551	-40.0274	1000	0
-183.824	-28.3524	1000	0
-165.162	-35.1984	1000	0
-218.447	-3.35037	1000	0
-202.346	-11.098	1000	0
-152.93	-40.1409	1000	0
-90.3655	-32.1388	1000	0
-126.646	-31.2686	1000	0
-59.7177	-45.7806	1000	0
52.9286	-50.9212	1000	0
69.1501	-35.8082	1000	0
23.9573	-91.8188	1000	0
30.5315	-79.1285	1000	0
27.2673	-73.2627	1000	0
27.6329	-82.8953	1000	0
207.722	-10.3504	1000	0
204.863	-2.46484	1000	0
-171.888	-31.4481	1000	0
-34.5026	-91.9308	1000	0
21.9781	-100.006	1000	0
103.72	-87.3604	1000	0
40.7107	-70.275	1000	0
33.2627	-62.7871	1000	0
46.3188	-73.6411	1000	0
48.071	-64.3301	1000	0
168.767	-23.4531	1000	0
61.2488	-63.6061	1000	0
50.8101	-70.2992	1000	0
59.2654	-70.7628	1000	0
29.9199	-89.8248	1000	0
39.5321	-94.5039	1000	0
213.218	-14.7991	1000	0
215.612	-2.83395	1000	0
-231.32	-24.7589	1000	0
-5.29376	-87.6931	1000	0
175.618	-31.6184	1000	0
199.81	-18.9386	1000	0
-21.6662	-90.4409	1000	0
0.325053	-100.187	1000	0
-56.1818	-54.6657	1000	0
-78.4062	-52.5294	1000	0
110.227	-41.3965	1000	0
146.594	-30.1449	1000	0
-232.636	-4.02047	1000	0
59.3125	-47.7277	1000	0
69.6399	-59.826	1000	0
1.78221	-91.0968	1000	0
47.1331	-87.891	1000	0
29.2971	-109.65	1000	0
116.925	-50.2871	1000	0
58.7015	-89.2055	1000	0
91.6158	-35.098	1000	0
64.6659	-79.1388	1000	0
78.4886	-77.5298	1000	0
127.186	-47.3898	1000	0
40.8885	-106.142	1000	0
-21.8497	-79.8699	1000	0
-13.8484	-93.6342	1000	0
-46.0889	-74.9512	1000	0
-9.53409	-102.581	1000	0
-214.804	-20.6	1000	0
81.4793	-65.3737	1000	0
96.9056	-41.3632	1000	0
-180.43	-48.6194	1000	0
-160.492	-42.5776	1000	0
83.7613	-36.0682	1000	0
90.3942	-48.3174	1000	0
87.3927	-88.5341	1000	0
196.322	-35.427	1000	0
136.869	-47.3431	1000	0
148.252	-55.2113	1000	0
-192.226	-52.2034	1000	0
22.6189	-123.911	1000	0
-39.0027	-81.6247	1000	0
-112.682	-61.7104	1000	0
-122.301	-39.2113	1000	0
-111.104	-36.4449	1000	0
-89.8234	-46.7101	1000	0
-156.51	-62.4157	1000	0
66.4237	-104.471	1000	0
-75.4065	-63.2273	1000	0
-169.349	-52.3008	1000	0
-198.71	-36.6855	1000	0
-71.6604	-87.9425	1000	0
-127.742	-54.2246	1000	0
-62.1403	-62.9411	1000	0
189.858	-20.3398	1000	0
208.214	-29.0084	1000	0
160.424	-46.8855	1000	0
172.183	-46.4205	1000	0
182.228	-56.8146	1000	0
56.2117	-114.795	1000	0
92.0452	-58.513	1000	0
9.03613	-120.859	1000	0
81.2922	-105.409	1000	0
108.505	-60.8428	1000	0
-140.057	-55.0666	1000	0
-102.228	-48.8298	1000	0
31.6524	-140.224	1000	0
194.871	-48.7303	1000	0
-16.423	-117.629	1000	0
-46.0871	-106.302	1000	0
-105.047	-79.647	1000	0
-57.3204	-75.5406	1000	0
232.783	-30.8222	1000	0
101.496	-156.085	1000	0
-187.682	-90.3918	1000	0
-84.0343	-79.7758	1000	0
147.132	-68.553	1000	0
-201.392	-70.7729	1000	0
-160.729	-83.1112	1000	0
148.134	-95.9707	1000	0
184.553	-75.7177	1000	0
-222.72	-48.2909	1000	0
-219.77	-68.5643	1000	0
209.854	-50.2058	1000	0
-235.423	-128.608	1000	0
112.78	-112.566	1000	0
114.335	-73.371	1000	0
173.366	-87.2751	1000	0
219.145	-65.8601	1000	0
92.8239	-118.793	1000	0
131.319	-76.1102	1000	0
125.084	-121.913	1000	0
133.98	-90.9976	1000	0
144.033	-112.327	1000	0
53.6537	-134.615	1000	0
87.4708	-142.003	1000	0
117.575	-98.0076	1000	0
157.095	-118.111	1000	0
119.153	-142.222	1000	0
138.095	-153.216	1000	0
176.399	-106.85	1000	0
158.163	-82.1788	1000	0
197.509	-118.049	1000	0
216.41	-106.044	1000	0
67.3474	-151.664	1000	0
157.087	-138.69	1000	0
187.539	-140.178	1000	0
-130.289	-95.3635	1000	0
-49.3281	-148.33	1000	0
-90.9169	-128.792	1000	0
-79.5643	-154.716	1000	0
-198.739	-129.045	1000	0
-147.555	-155.634	1000	0
