# File: UnstructuredGrid_Inversion_L0_Coarse_Iter04.dat
# (No specific header documentation)

-161.25	-0.496475	814.794	0	
-159.375	-0.668155	940.909	0	
-65.625	-0.431516	921.04	0	
30.625	-0.431516	1026.96	0	
-144.294	-102.036	1215.34	0	
126.875	-0.668155	1005.74	0	
31.875	-0.668155	1052.35	0	
-165.826	-72.3824	1230.65	0	
-64.375	-0.668155	935.177	0	
-120.32	-2.91409	993.321	0	
-147.888	-47.073	1114.04	0	
-143.958	-2.01633	1057.56	0	
-158.741	-19.8395	1027.86	0	
-159.808	-14.2913	987.037	0	
-115.104	-1.86538	972.229	0	
-108.175	-49.9394	957.972	0	
-66.354	-1.86538	940.916	0	
-138.854	-1.86538	1066.71	0	
-156.794	-6.05848	988.146	0	
-148.75	-1.09967	1060.67	0	
-145.208	-2.72654	1048.44	0	
-146.458	-2.01633	1062.86	0	
-125.881	-3.06027	1015.77	0	
-154.094	-4.85908	1018.93	0	
-157.708	-2.01633	988.763	0	
-151.071	-10.8319	1009.09	0	
-154.792	-2.72654	1022.45	0	
-158.77	-3.86216	965.983	0	
125.625	-0.431516	1025.2	0	
-24.0702	-2.91409	1054.54	0	
-157.76	-5.35468	983.394	0	
-46.4583	-2.01633	984.678	0	
-157.292	-2.72654	989.067	0	
-160.13	-11.9534	970.992	0	
-18.854	-1.86538	1055.42	0	
-151.295	-2.8545	1050.46	0	
29.896	-1.86538	1019.59	0	
-42.604	-1.86538	1010.27	0	
-169.22	-2.04966	937.662	0	
-53.75	-1.09967	969.696	0	
-165.6	-1.76839	867.104	0	
-167.3	-0.925681	905.63	0	
-62.2917	-2.72654	959.883	0	
-171.389	-5.89642	1020.51	0	
-61.0417	-3.47328	964.469	0	
-164.269	-10.8597	993.048	0	
-59.7917	-2.72654	960.576	0	
-68.125	-0.36089	918.981	0	
-65.5207	-2.1669	953.529	0	
-87.5	-1.09967	943.959	0	
-158.125	-0.431516	970.914	0	
-156.875	-0.668155	1004.1	0	
-80.5207	-2.1669	938.57	0	
-157.5	-1.09967	982.51	0	
-70.625	-0.431516	916.073	0	
79.375	-0.668155	929.612	0	
-154.375	-0.668155	1046.89	0	
55.625	-0.668155	945.979	0	
-153.125	-0.431516	1040.49	0	
-150.625	-0.366631	1057.08	0	
38.5417	-2.01633	972.186	0	
-153.75	-1.09967	1045.01	0	
49.7917	-2.01633	946.364	0	
-155.625	-0.431516	1009.73	0	
72.1798	-2.91409	970.457	0	
-162.583	-1.33918	836.567	0	
-60	-1.09967	949.679	0	
-149.375	-0.431516	1084	0	
-155	-1.09967	1009.4	0	
31.0415	-5.36053	1019.18	0	
-148.125	-0.668155	1073.2	0	
31.0341	-3.06466	1014.4	0	
-146.875	-0.431516	1086.71	0	
-147.5	-1.09967	1052.21	0	
36.875	-0.668155	1005.06	0	
32.7083	-2.01633	1019.03	0	
-144.375	-0.431516	1080.15	0	
28.125	-0.36089	1028.86	0	
-137.5	-1.09967	1057	0	
-139.375	-0.366631	1079.54	0	
25.625	-0.431516	1055.25	0	
-143.125	-0.668155	1083.17	0	
33.75	-1.09967	1001.32	0	
-143.75	-1.09967	1068.92	0	
34.375	-0.668155	1024.22	0	
8.75	-1.09967	1144.05	0	
-136.875	-0.668155	1079.55	0	
183.782	-3.55475	1228.28	0	
-135.625	-0.431516	1080.29	0	
-135	-0.798148	1033.38	0	
135.922	-2.00504	1035.89	0	
-136.25	-1.09967	1052.63	0	
149.65	-2.73747	1061.11	0	
131.936	-4.3008	1022.69	0	
-131.25	-0.798148	1043.74	0	
129.003	-2.80091	1012.05	0	
-122.604	-1.86538	991.691	0	
-128.75	-1.09967	1028.8	0	
129.375	-0.668155	1004.46	0	
-130.625	-0.431516	1050.95	0	
133.125	-0.668155	1053.43	0	
-130	-1.09967	1036.37	0	
141.875	-0.668155	1102.17	0	
-138.125	-0.431516	1078.98	0	
15.7293	-2.1669	1102.06	0	
128.75	-1.09967	1018.22	0	
-121.25	-1.09967	980.115	0	
120.625	-0.431516	1005.36	0	
-121.875	-0.431516	990.27	0	
-120.625	-0.668155	1017.55	0	
110.744	-2.06993	980.949	0	
-123.125	-0.366631	1007.15	0	
123.125	-0.36089	995.198	0	
-116.875	-0.36089	963.548	0	
-120	-1.09967	962.89	0	
-133.661	-2.93321	1042.95	0	
-115.625	-0.366631	980.418	0	
-114.375	-0.431516	975.751	0	
-127.5	-0.798148	1004.83	0	
-113.75	-1.09967	958.592	0	
-119.375	-0.431516	992.252	0	
-115	-0.798148	985.012	0	
100.625	-0.431516	971.349	0	
-93.125	-0.668155	929.871	0	
-112.5	-1.09967	955.167	0	
-103.125	-0.668155	996.18	0	
-111.25	-0.798148	981.605	0	
-103.75	-1.09967	956.858	0	
-114.271	-2.1669	984.162	0	
-111.875	-0.431516	959.202	0	
-110.328	-2.00504	976.602	0	
-111.994	-2.06993	985.795	0	
-108.125	-0.431516	982.33	0	
-141.875	-0.431516	1078.25	0	
-104.375	-0.431516	963.582	0	
-95.104	-1.86538	937.922	0	
-142.5	-1.09967	1060.22	0	
-105.625	-0.366631	983.006	0	
-110.625	-0.366631	974.092	0	
-108.75	-1.09967	982.622	0	
-109.375	-0.668155	961.829	0	
-113.125	-0.668155	1004.57	0	
-104.405	-3.52006	972.618	0	
-128.125	-0.431516	1051.12	0	
127.708	-2.01633	1010.33	0	
-102.5	-1.09967	951.701	0	
43.125	-0.668155	926.328	0	
-129.375	-0.668155	1034.29	0	
-101.875	-0.431516	950.483	0	
-133.125	-0.668155	1079.71	0	
-99.375	-0.668155	932.809	0	
-101.25	-0.798148	968.937	0	
-90.9973	-2.80091	949.56	0	
-134.375	-0.366631	1063.61	0	
-95.625	-0.366631	929.153	0	
-150.089	-1.76841	1059.68	0	
-73.854	-1.86538	935.415	0	
-92.5	-1.09967	942.52	0	
-148.968	-2.99641	1048.61	0	
-94.375	-0.431516	906.666	0	
-151.875	-0.668155	1071.49	0	
-93.75	-1.09967	934.748	0	
-135.744	-2.06993	1050.6	0	
-149.256	-2.06993	1057.14	0	
-88.75	-0.798148	914.673	0	
-147.292	-2.01633	1061.01	0	
-81.354	-1.86538	925.226	0	
-86.25	-1.09967	927.017	0	
-146.25	-1.09967	1060.7	0	
-88.125	-0.431516	906.082	0	
-145.625	-0.668155	1086.25	0	
-156.042	-2.01633	1009.47	0	
-81.875	-0.366631	889.655	0	
-150	-0.798148	1043.1	0	
-79.375	-0.668155	895.245	0	
-73.75	-0.798148	945.639	0	
-153.542	-2.01633	1030.8	0	
-80.625	-0.431516	899.318	0	
-155.208	-2.01633	1031.41	0	
-85.625	-0.431516	901.259	0	
-156.25	-1.09967	1029.79	0	
-91.875	-0.431516	903.802	0	
-138.75	-0.798148	1066.83	0	
-158.75	-1.09967	987.279	0	
-72.5	-1.09967	944.215	0	
-20.625	-0.36089	1078.78	0	
-73.125	-0.431516	912.438	0	
-71.875	-0.668155	926.083	0	
-23.125	-0.431516	1082.51	0	
-74.375	-0.366631	917.64	0	
-158.542	-2.01633	954.944	0	
-31.25	-0.798148	1055.57	0	
-71.25	-1.09967	938.551	0	
3.125	-0.668155	1118.99	0	
-66.875	-0.366631	938.483	0	
30.7293	-2.1669	1014.04	0	
-14.0777	-2.00504	1039.68	0	
-65	-1.09967	944.171	0	
-8.15454	-3.52006	1013.64	0	
-66.25	-0.798148	948.946	0	
-37.4111	-2.93321	1003.96	0	
-18.0207	-2.1669	1059.2	0	
-63.125	-0.431516	917.416	0	
-15.7444	-2.06993	1058.24	0	
-60.625	-0.431516	930.49	0	
-59.375	-0.668155	947.686	0	
-14.375	-0.366631	1032.7	0	
-61.875	-0.668155	950.498	0	
-13.125	-0.668155	1044.84	0	
-46.875	-0.431516	977.31	0	
-58.125	-0.431516	926.453	0	
-33.125	-0.668155	1073.98	0	
-54.375	-0.431516	957.321	0	
-53.125	-0.668155	920.745	0	
-41.7707	-2.1669	1007.39	0	
-55.625	-0.366631	937.685	0	
-41.4106	-3.16569	997.547	0	
-58.75	-1.09967	944.763	0	
-44.375	-0.36089	1001.62	0	
-62.5	-1.09967	943.919	0	
-6.875	-0.668155	1011.54	0	
-78.75	-1.09967	932.044	0	
-152.5	-1.09967	1013.9	0	
-39.4944	-2.06993	1019.3	0	
-51.875	-0.431516	953.967	0	
-56.875	-0.668155	965.799	0	
-49.375	-0.431516	974.14	0	
-48.125	-0.668155	949.947	0	
-55.0889	-1.76841	956.322	0	
-48.75	-1.09967	967.446	0	
-38.125	-0.366631	1024.54	0	
-42.5	-0.798148	998.568	0	
-41.25	-1.09967	1019.1	0	
-50.625	-0.668155	924.603	0	
-41.875	-0.431516	1033.39	0	
-40.625	-0.668155	1010.8	0	
-52.2917	-2.01633	955.209	0	
-43.125	-0.366631	982.753	0	
-54.2556	-2.06993	964.262	0	
-47.5	-1.09967	997.858	0	
-53.9679	-2.99641	966.787	0	
-61.25	-1.09967	932.452	0	
-39.375	-0.431516	1036.48	0	
-62.7083	-2.01633	947.494	0	
-33.75	-1.09967	1039.08	0	
-35	-0.798148	1023.19	0	
-55	-0.798148	959.251	0	
-38.75	-0.798148	1030.5	0	
-61.0417	-2.01633	951.915	0	
-57.5	-1.09967	933.955	0	
-26.354	-1.86538	1068.01	0	
-63.5417	-2.01633	947.97	0	
-31.875	-0.431516	1069.23	0	
-25	-1.09967	1062.22	0	
-69.375	-0.668155	939.593	0	
-32.5	-1.09967	1037.25	0	
-63.75	-1.09967	934.323	0	
-34.375	-0.431516	1083.74	0	
-58.5417	-2.01633	947.759	0	
-40	-1.09967	1032.57	0	
-51.25	-1.09967	969.002	0	
-73.0207	-2.1669	952.843	0	
-25.625	-0.431516	1078.97	0	
-71.0417	-2.01633	948.475	0	
-18.75	-0.798148	1062.05	0	
-23.75	-1.09967	1066.3	0	
-70	-1.09967	953.805	0	
-24.375	-0.668155	1075.95	0	
-67.5054	-1.48403	937.216	0	
-78.125	-0.431516	898.472	0	
-19.375	-0.366631	1045.44	0	
-80	-1.09967	943.269	0	
-16.875	-0.668155	1059.6	0	
-16.25	-1.09967	1049.9	0	
93.5212	-2.84299	975.511	0	
-18.125	-0.431516	1056.07	0	
-91.4583	-2.01633	936.563	0	
-17.5	-1.09967	1046.51	0	
-75.625	-0.36089	907.639	0	
82.5446	-2.8545	966.013	0	
-15	-0.798148	1036.45	0	
101.503	-2.80091	985.445	0	
-12.5	-1.09967	1005.18	0	
-11.875	-0.431516	1007.77	0	
83.125	-0.668155	963.409	0	
-7.5	-1.09967	987.084	0	
89.375	-0.668155	962.241	0	
81.875	-0.366631	931.931	0	
-8.125	-0.431516	996.021	0	
73.125	-0.431516	931.699	0	
-6.25	-1.09967	989.488	0	
-5.625	-0.431516	1009.68	0	
66.6193	-3.06027	974.889	0	
1.14595	-1.86538	1061.65	0	
75.625	-0.36089	935.261	0	
-9.375	-0.366631	995.355	0	
80.5056	-2.06993	958.855	0	
-15.625	-0.431516	1073.09	0	
99.375	-0.668155	961.637	0	
-26.875	-0.366631	1074.09	0	
-67.5	-0.727521	963.878	0	
-52.5	-1.09967	990.194	0	
-36.875	-0.668155	1069.62	0	
-137.661	-3.16569	1038.73	0	
-5	-0.798148	1032.83	0	
-3.125	-0.668155	990.153	0	
63.125	-0.668155	946.977	0	
2.5	-1.09967	1048.37	0	
0.625	-0.366631	1073.1	0	
58.4223	-2.00504	961.421	0	
59.375	-0.668155	952.541	0	
1.875	-0.431516	1070.04	0	
58.125	-0.366631	933.937	0	
3.75	-1.09967	1124.61	0	
4.375	-0.431516	1110.26	0	
51.875	-0.36089	936.675	0	
22.396	-1.86538	1055.94	0	
56.7556	-2.06993	963.5	0	
7.5	-0.798148	1117.06	0	
65.9223	-2.00504	957.291	0	
42.2821	-2.99641	977.824	0	
8.125	-0.431516	1161.05	0	
41.9944	-2.06993	963.694	0	
10	-1.09967	1116.89	0	
10.625	-0.431516	1151.75	0	
45.625	-0.668155	921.46	0	
14.896	-1.86538	1113.48	0	
53.75	-0.798148	955.874	0	
45	-1.09967	975.967	0	
15.625	-0.431516	1123.92	0	
41.1611	-1.76841	955.204	0	
22.5	-0.798148	1055.18	0	
17.5	-1.09967	1053.32	0	
33.5417	-2.01633	990.397	0	
16.875	-0.668155	1118.56	0	
39.375	-0.668155	995.506	0	
14.375	-0.366631	1120.22	0	
43.9583	-2.01633	961.506	0	
23.75	-1.09967	1046	0	
49.375	-0.431516	937.027	0	
37.7083	-2.01633	986.642	0	
21.875	-0.366631	1071.96	0	
35	-1.09967	962.889	0	
24.375	-0.668155	1080.54	0	
30	-0.798148	1018.77	0	
35.2083	-2.01633	1000.94	0	
23.125	-0.431516	1067.87	0	
38.75	-1.09967	961.434	0	
28.7446	-1.48403	1024.07	0	
31.25	-1.09967	1002.55	0	
28.75	-0.727521	1044.11	0	
125.729	-2.1669	1003.18	0	
32.5	-1.09967	952.515	0	
25.2083	-2.01633	1053.48	0	
29.375	-0.366631	1041.83	0	
23.2293	-2.1669	1052.82	0	
25	-1.09967	1003.37	0	
26.875	-0.668155	1065.66	0	
20.625	-0.36089	1067.03	0	
36.25	-1.09967	980.968	0	
4.79167	-2.01633	1128.69	0	
42.5	-1.09967	975.671	0	
37.5	-1.09967	951.419	0	
16.25	-1.09967	1107.89	0	
35.625	-0.431516	983.775	0	
18.125	-0.431516	1109.21	0	
151.875	-0.431516	1043.79	0	
40.625	-0.366631	938.816	0	
149.375	-0.431516	1064.53	0	
53.646	-1.86538	951.685	0	
43.75	-1.09967	957.682	0	
149.529	-1.8473	1041.37	0	
41.875	-0.431516	953.373	0	
144.672	-2.00504	1062.6	0	
38.125	-0.431516	970.045	0	
154.375	-0.36089	1009.52	0	
33.125	-0.431516	1003.94	0	
26.25	-1.09967	1042.38	0	
44.375	-0.431516	942.854	0	
41.25	-0.798148	961.783	0	
143.006	-2.06993	1061.52	0	
47.5	-1.09967	965.768	0	
138.75	-0.727521	1054.44	0	
48.125	-0.668155	914.362	0	
48.75	-1.09967	949.294	0	
136.875	-0.668155	1048.73	0	
46.875	-0.431516	937.701	0	
144.375	-0.366631	1082.32	0	
140	-0.798148	1037.86	0	
53.125	-0.366631	932.863	0	
135.625	-0.366631	1056.39	0	
77.396	-1.86538	953.561	0	
56.25	-1.09967	963.406	0	
130.625	-0.366631	1029.89	0	
54.375	-0.431516	944.903	0	
134.256	-2.06993	1026.38	0	
55	-1.09967	953.924	0	
136.619	-3.06027	1027.08	0	
121.875	-0.668155	989.195	0	
57.5	-0.798148	963.552	0	
61.25	-0.798148	955.532	0	
62.5	-1.09967	959.182	0	
61.875	-0.431516	939.309	0	
118.229	-2.1669	992.08	0	
56.875	-0.431516	966.142	0	
123.745	-1.48403	991.904	0	
120.208	-2.01633	987.341	0	
69.896	-1.86538	949.468	0	
115.625	-0.36089	971.337	0	
64.375	-0.431516	952.98	0	
71.25	-1.09967	946.402	0	
113.125	-0.431516	978.976	0	
63.75	-1.09967	948.454	0	
121.25	-1.09967	992.065	0	
69.375	-0.366631	923.231	0	
123.75	-0.727521	997.866	0	
91.25	-0.798148	969.938	0	
131.161	-1.76841	1019.2	0	
106.875	-0.431516	968.515	0	
70.625	-0.431516	946.19	0	
-116.255	-1.48403	968.695	0	
77.5	-0.798148	966.553	0	
72.5	-1.09967	961.709	0	
-121.771	-2.1669	999.552	0	
71.875	-0.668155	947.798	0	
-118.125	-0.668155	1016.01	0	
-119.792	-2.01633	998.389	0	
76.875	-0.366631	927.172	0	
-123.75	-0.727521	1014.33	0	
124.896	-1.86538	998.795	0	
80	-1.09967	968.091	0	
-125.625	-0.668155	1049.3	0	
78.125	-0.431516	938.777	0	
-118.75	-1.09967	974.731	0	
78.75	-1.09967	959.006	0	
-116.25	-0.727521	988.197	0	
-86.875	-0.668155	889.597	0	
81.25	-0.798148	951.874	0	
-90.625	-0.668155	919.651	0	
83.75	-1.09967	948.889	0	
84.375	-0.431516	950.375	0	
-92.2917	-2.01633	939.023	0	
88.75	-1.09967	977.318	0	
-98.9788	-2.84299	963.534	0	
-98.125	-0.431516	957.988	0	
88.125	-0.431516	976.158	0	
-109.955	-2.8545	983.705	0	
90	-1.09967	984.985	0	
90.625	-0.431516	971.295	0	
-95	-0.798148	971.574	0	
97.396	-1.86538	975.266	0	
-98.75	-1.09967	960.789	0	
86.875	-0.366631	951.84	0	
-91.25	-1.09967	924.455	0	
80.625	-0.431516	939.283	0	
-94.2707	-2.1669	953.459	0	
101.042	-2.01633	980.35	0	
145.625	-0.668155	1083.49	0	
-100.625	-0.366631	966.281	0	
93.125	-0.668155	979.15	0	
-105.089	-1.76841	974.419	0	
96.875	-0.366631	948.137	0	
98.75	-1.09967	979.998	0	
-106.875	-0.668155	955.521	0	
-105	-0.798148	992.865	0	
117.396	-1.86538	981.471	0	
-107.5	-1.09967	1000.36	0	
105	-1.09967	965.911	0	
103.75	-0.798148	980.013	0	
-111.161	-1.76841	971.272	0	
100	-1.09967	989.859	0	
-108.542	-2.01633	981.739	0	
98.125	-0.431516	977.367	0	
-113.909	-3.16789	985.164	0	
-140.625	-0.36089	1085.74	0	
111.25	-1.09967	982.665	0	
-134.078	-2.00504	1039.63	0	
109.375	-0.366631	971.583	0	
110.625	-0.431516	977.35	0	
-122.5	-0.798148	1003.97	0	
106.25	-1.09967	970.636	0	
-140.005	-1.48403	1071.81	0	
-126.875	-0.366631	1020.73	0	
117.5	-0.798148	982.588	0	
-131.339	-1.76841	1030.73	0	
118.75	-1.09967	988.809	0	
116.875	-0.366631	947.143	0	
-134.911	-1.76841	1053.14	0	
112.5	-1.09967	991.321	0	
-131.875	-0.366631	1042.64	0	
111.875	-0.668155	950.311	0	
-128.244	-2.06993	1024.15	0	
104.375	-0.431516	956.256	0	
-110	-1.03479	980.906	0	
-151.25	-1.03479	1054.54	0	
119.375	-0.668155	971.14	0	
-139.484	-2.19037	1058.33	0	
120	-1.09967	1008.18	0	
126.25	-1.09967	999.907	0	
-140	-0.727521	1066.72	0	
125	-0.798148	987.768	0	
-150.922	-2.00504	1046.95	0	
-144.792	-2.01633	1068.17	0	
172.314	-2.47004	1104.32	0	
-20.0054	-1.48403	1062.95	0	
128.125	-0.431516	1019.91	0	
132.5	-1.09967	1002.24	0	
-25.5207	-2.1669	1056.82	0	
127.5	-1.09967	1002.89	0	
-21.875	-0.668155	1064.6	0	
124.375	-0.366631	973.616	0	
-145	-1.09967	1036.49	0	
-23.5417	-2.01633	1069.38	0	
131.875	-0.431516	1025.47	0	
-27.5	-0.727521	1050.64	0	
133.75	-1.09967	1025.94	0	
134.375	-0.431516	1037.26	0	
-29.375	-0.668155	1073.21	0	
139.896	-1.86538	1062.2	0	
-22.5	-1.09967	1067.44	0	
9.375	-0.668155	1153.05	0	
141.25	-1.09967	1058.22	0	
5.625	-0.668155	1148.42	0	
140.625	-0.431516	1096.65	0	
156.146	-1.86538	973.045	0	
3.95833	-2.01633	1083.93	0	
139.375	-0.366631	1059.52	0	
-2.72879	-2.84299	1059.76	0	
135	-0.798148	1026.72	0	
1.97929	-2.1669	1106.24	0	
131.25	-0.798148	1025.79	0	
-20	-0.727521	1059.61	0	
118.125	-0.431516	998.531	0	
-133.75	-1.03479	1045.45	0	
-1.875	-0.431516	1005.35	0	
143.125	-0.431516	1078.99	0	
-13.7054	-2.8545	1054.14	0	
150	-1.09967	1077.49	0	
146.25	-1.09967	1058.05	0	
1.25	-0.798148	1093.37	0	
143.75	-0.798148	1072.34	0	
-2.5	-1.09967	1046.12	0	
-4.375	-0.366631	993.224	0	
150.625	-0.668155	1039.23	0	
-8.83895	-1.76841	999.015	0	
151.25	-1.09967	1036.38	0	
157.5	-1.09967	980.431	0	
-17.6594	-3.16789	1065.04	0	
156.25	-0.798148	944.308	0	
-10.625	-0.668155	1015.22	0	
148.125	-0.366631	1059.52	0	
-5.74439	-2.06993	1041.16	0	
-12.2917	-2.01633	1037.59	0	
156.875	-0.431516	917.871	0	
-14.9111	-1.76841	1051.83	0	
158.958	-1.16463	868.76	0	
160	-0.496475	810.678	0	
-13.75	-1.03479	1045.28	0	
158.125	-0.668155	800.413	0	
-11.25	-1.09967	1027.88	0	
-43.7554	-1.48403	1002.89	0	
159.338	-2.74918	823.977	0	
-26.25	-0.798148	1061.91	0	
164.35	-1.76839	927.574	0	
166.05	-0.925681	959.315	0	
-31.9944	-2.06993	1041.22	0	
155.521	-4.78762	974.796	0	
-37.8277	-2.00504	1036.17	0	
161.333	-1.33918	798.552	0	
-45.625	-0.668155	953.297	0	
155.625	-0.366631	951.592	0	
-8.75	-0.798148	1022.89	0	
-35.625	-0.366631	1042.42	0	
174.762	-1.34606	1133.45	0	
-38.6611	-1.76841	1018.71	0	
177.527	-2.9619	1191.4	0	
168.496	-7.04709	1035.06	0	
-37.5	-1.03479	1000.12	0	
166.796	-10.6094	1055.18	0	
-35.0889	-1.76841	1041.38	0	
-55.9223	-2.00504	956.774	0	
154.805	-6.09945	966.594	0	
-43.75	-0.727521	989.377	0	
119.775	-42.5718	917.661	0	
169.138	-29.3032	1146.81	0	
-47.2917	-2.01633	969.867	0	
199.784	-4.78957	1294.53	0	
-51.0417	-2.72654	965.599	0	
177.385	-6.05361	1165.92	0	
-56.25	-1.03479	941.38	0	
-50	-1.09967	1001.51	0	
-68.75	-1.02905	925.397	0	
-66.9845	-2.19037	957.71	0	
-49.7917	-2.01633	957.531	0	
28.7125	-3.24559	1019.4	0	
-75.0054	-1.48403	928.123	0	
-79.0702	-2.91409	953.943	0	
-76.875	-0.668155	912.452	0	
-71.5702	-2.91409	962.294	0	
168.693	-54.0604	1189.04	0	
-46.25	-1.09967	986.911	0	
167.97	-2.04966	935.922	0	
-30.625	-0.366631	1070.03	0	
142.5	-1.09967	1048.71	0	
5	-1.09967	1065.63	0	
-75	-0.727521	959.099	0	
-101.994	-2.06993	976.566	0	
-78.5417	-2.01633	939.383	0	
65	-0.798148	959.434	0	
-77.5	-1.09967	951.746	0	
-82.5	-0.727521	948.175	0	
-84.375	-0.668155	894.015	0	
98.2293	-2.1669	983.774	0	
105.625	-0.668155	990.053	0	
92.1723	-2.00504	974.252	0	
101.875	-0.668155	959.59	0	
100.208	-2.01633	977.978	0	
101.25	-1.09967	980.936	0	
94.375	-0.431516	965.28	0	
93.75	-1.09967	963.046	0	
88.0955	-3.52006	980.807	0	
97.5	-0.798148	984.468	0	
90.5056	-2.06993	976.527	0	
91.875	-0.366631	962.334	0	
85.625	-0.668155	962.38	0	
87.4111	-1.76841	973.17	0	
82.1723	-2.00504	963.224	0	
87.5	-0.798148	978.289	0	
83.9583	-2.01633	964.351	0	
85	-1.09967	961.95	0	
81.3389	-1.76841	951.514	0	
82.5	-1.03479	944.406	0	
74.375	-0.668155	930.559	0	
76.2446	-1.48403	946.652	0	
70.7293	-2.1669	962.057	0	
76.25	-0.727521	938.214	0	
72.7083	-2.01633	958.258	0	
73.75	-1.09967	954.984	0	
68.75	-0.727521	938.591	0	
66.875	-0.668155	932.185	0	
58.8389	-2.93321	974.716	0	
70	-0.798148	957.428	0	
64.2556	-2.06993	965.121	0	
65.625	-0.366631	921.994	0	
60.625	-0.366631	933.676	0	
61.1611	-1.76841	954.087	0	
57.5889	-1.76841	962.104	0	
58.75	-1.03479	957.654	0	
50.625	-0.668155	913.64	0	
52.4946	-1.48403	948.678	0	
45.2083	-2.72654	970.626	0	
52.5	-0.727521	969.128	0	
48.9583	-2.01633	954.244	0	
50	-1.09967	975.289	0	
46.25	-1.09967	948.557	0	
46.4583	-2.01633	954.328	0	
40	-1.03479	936.99	0	
40.3277	-2.00504	979.725	0	
27.5	-1.02905	1001.72	0	
29.2655	-2.19037	1025.85	0	
24.6798	-2.91409	1036.06	0	
121.042	-2.01633	999.477	0	
19.375	-0.668155	1108.54	0	
21.2446	-1.48403	1056.85	0	
17.1798	-2.91409	1085.34	0	
21.25	-0.727521	1085.61	0	
17.7083	-2.01633	1097.9	0	
18.75	-1.09967	1087.55	0	
13.75	-0.727521	1133.6	0	
11.875	-0.668155	1146.91	0	
153.125	-0.668155	1010.64	0	
154.995	-1.48403	990.798	0	
145.155	-3.05088	1057.08	0	
155	-0.727521	1006.32	0	
151.458	-2.01633	1054.53	0	
152.5	-1.09967	1067.7	0	
146.875	-0.431516	1089.26	0	
148.696	-1.54577	1062.89	0	
147.758	-2.24637	1055.33	0	
148.75	-0.798148	1059.05	0	
143.839	-1.76841	1068.53	0	
145	-1.03479	1066.53	0	
138.125	-0.36089	1057.63	0	
138.745	-1.48403	1054.49	0	
135.089	-1.76841	1035.03	0	
136.25	-1.03479	1040.7	0	
130	-1.03479	1023.89	0	
130.328	-2.00504	1014.53	0	
122.5	-1.02905	992.127	0	
124.266	-2.19037	995.603	0	
119.68	-2.91409	1000.11	0	
156.979	-2.1669	891.21	0	
114.375	-0.668155	963.747	0	
116.245	-1.48403	972.402	0	
112.163	-2.94281	991.165	0	
116.25	-0.727521	977.664	0	
112.708	-2.01633	971.747	0	
113.75	-1.09967	972.4	0	
108.125	-0.668155	997.775	0	
109.911	-1.76841	975.008	0	
-117.5	-1.02905	940.999	0	
-115.734	-2.19037	988.441	0	
-138.021	-2.1669	1058.27	0	
-67.5375	-3.24559	966.524	0	
-124.375	-0.36089	988.996	0	
-123.755	-1.48403	989.054	0	
-88.0056	-2.06993	927.658	0	
-81.25	-0.798148	931.188	0	
-86.0417	-2.01633	936.713	0	
-85	-1.09967	957.281	0	
-89.375	-0.366631	895.878	0	
-88.8389	-1.76841	925.807	0	
-96.875	-0.36089	897.275	0	
-96.2554	-1.48403	937.614	0	
-95.7345	-2.19037	967.22	0	
-96.25	-0.727521	956.312	0	
-101.161	-1.76841	969.794	0	
-100	-1.03479	991.109	0	
-106.25	-1.03479	987.153	0	
-105.922	-2.00504	984.045	0	
-70.2083	-2.01633	948.61	0	
-100.328	-2.00504	960.953	0	
-141.25	-0.792406	1069.59	0	
-140.814	-2.07688	1058.14	0	
-153.54	-3.47677	1027.95	0	
-123.787	-3.24559	1005.9	0	
-127.411	-1.76841	1022.16	0	
-126.25	-1.03479	1006.74	0	
-132.5	-1.03479	1008.78	0	
-132.172	-2.00504	1049.64	0	
-118.958	-2.01633	987.394	0	
-126.578	-2.00504	1010.88	0	
-202.353	-21.532	1295.42	0	
-119.833	-3.79821	1006.39	0	
-21.25	-1.02905	1070.33	0	
-19.4845	-2.19037	1065.69	0	
-27.5375	-3.24559	1041.81	0	
5.25269	-2.80091	1084.5	0	
-28.125	-0.36089	1077.96	0	
-27.5054	-1.48403	1068.19	0	
8.24439	-2.06993	1126.5	0	
15	-0.798148	1101.04	0	
10.2083	-2.01633	1137.67	0	
11.25	-1.09967	1146.82	0	
6.875	-0.366631	1134.9	0	
7.41105	-1.76841	1140.08	0	
-0.625	-0.36089	990.718	0	
-0.00541199	-1.48403	1048.51	0	
0.51554	-2.19037	1085.61	0	
0	-0.727521	1084.34	0	
-4.91105	-1.76841	1008.1	0	
-3.75	-1.03479	1008.28	0	
-10	-1.03479	997.198	0	
-9.67228	-2.00504	1032.38	0	
26.0417	-2.01633	1031.29	0	
-4.07772	-2.00504	1036.91	0	
-45	-1.02905	1025.33	0	
-43.2345	-2.19037	992.758	0	
-50.2083	-2.72654	982.545	0	
-29.6307	-3.06027	1034.71	0	
-31.1611	-1.76841	1052.49	0	
-30	-1.03479	1047.01	0	
-36.25	-1.03479	1033.73	0	
-35.9223	-2.00504	1027.61	0	
-22.7083	-2.01633	1062.97	0	
-30.3277	-2.00504	1050.91	0	
-60.2083	-2.01633	949.513	0	
-51.4583	-2.01633	968.408	0	
-68.3387	-1.78555	954.737	0	
-68.4751	-2.84652	957.556	0	
-76.25	-1.02905	919.522	0	
-74.4845	-2.19037	957.101	0	
-77.7083	-2.01633	937.602	0	
-105.61	-4.06799	985.905	0	
-83.125	-0.36089	903.912	0	
-82.5054	-1.48403	916.856	0	
104.494	-2.06993	987.436	0	
110	-0.798148	972.769	0	
106.458	-2.01633	980.041	0	
107.5	-1.09967	961.281	0	
103.125	-0.366631	967.041	0	
103.661	-1.76841	973.367	0	
95.625	-0.36089	962.864	0	
96.2446	-1.48403	968.269	0	
96.7655	-2.19037	983.889	0	
96.25	-0.727521	981.119	0	
91.3389	-1.76841	976.659	0	
92.5	-1.03479	972.911	0	
86.25	-1.03479	966.278	0	
86.5777	-2.00504	970.346	0	
78.2293	-2.1669	962.781	0	
78.5906	-3.16789	976.376	0	
75	-1.02905	953.574	0	
76.7655	-2.19037	961.756	0	
68.7125	-3.24559	974.388	0	
123.713	-3.24559	1001.7	0	
68.125	-0.36089	930.606	0	
68.7446	-1.48403	943.965	0	
65.0889	-1.76841	950.727	0	
66.25	-1.03479	947.636	0	
60	-1.03479	957.234	0	
60.3277	-2.00504	964.126	0	
54.4793	-2.1669	960.74	0	
73.5417	-2.01633	957.192	0	
51.25	-1.02905	955.62	0	
53.0155	-2.19037	963.014	0	
40.4973	-3.78292	991.701	0	
54.8394	-3.16569	972.352	0	
39.0027	-2.80091	986.66	0	
44.7917	-2.01633	949.709	0	
27.9113	-1.78555	1036.99	0	
27.7749	-2.84652	1023.86	0	
20	-1.02905	1021.33	0	
21.7655	-2.19037	1063.42	0	
-9.36018	-4.06799	1044.79	0	
18.5417	-2.01633	1077.24	0	
13.125	-0.36089	1126.11	0	
13.7446	-1.48403	1117.23	0	
153.75	-1.02905	1011.26	0	
155.516	-2.19037	967.542	0	
142.62	-3.22837	1051.53	0	
144.069	-5.7607	1038.64	0	
147.5	-0.798148	1042.61	0	
146.771	-2.1669	1062.75	0	
140.729	-2.1669	1054.16	0	
150.746	-2.90651	1024.42	0	
137.5	-1.02905	1051.51	0	
139.266	-2.19037	1041.44	0	
130.64	-4.06799	1012.89	0	
141.177	-3.32534	1045.07	0	
131.994	-2.06993	1027.1	0	
129.955	-2.8545	1016.2	0	
128.542	-2.01633	1009.28	0	
127.18	-2.91409	1007.66	0	
122.911	-1.78555	994.683	0	
122.775	-2.84652	997.674	0	
115	-1.02905	975.105	0	
116.766	-2.19037	984.762	0	
86.8898	-4.06799	984.59	0	
113.542	-2.01633	982.738	0	
108.75	-1.03479	962.524	0	
109.078	-2.00504	980.399	0	
-117.089	-1.78555	993.075	0	
-117.225	-2.84652	984.639	0	
-125	-1.02905	953.384	0	
-123.234	-2.19037	1007.31	0	
-78.5826	-3.79821	977.376	0	
-143.899	-7.68728	995.193	0	
-90	-1.03479	924.866	0	
-89.6723	-2.00504	931.821	0	
-97.5	-0.792406	980.116	0	
-97.0644	-2.07688	973.399	0	
-116.287	-3.24559	989.165	0	
-108.125	-3.34884	982.352	0	
-104.256	-2.06993	986.197	0	
-112.466	-3.07092	978.712	0	
-107.708	-2.01633	975.631	0	
-116.633	-5.94785	996.248	0	
-141.434	-1.75189	1068.91	0	
-142.267	-2.05915	1066.02	0	
-130.506	-2.06993	1033.29	0	
-141.756	-5.80291	1021.89	0	
-140.354	-6.17065	1032.08	0	
-130.457	-4.4054	1012.8	0	
-20.8387	-1.78555	1065.35	0	
-20.9751	-2.84652	1065.93	0	
-28.75	-1.02905	1072.16	0	
-26.9845	-2.19037	1052.36	0	
-43.7875	-3.24559	990.875	0	
-46.3858	-5.74538	995.644	0	
6.25	-1.03479	1135.47	0	
6.57772	-2.00504	1116.37	0	
-1.25	-0.792406	1044.62	0	
-0.814428	-2.07688	1062.09	0	
-20.0375	-3.24559	1060.43	0	
-11.875	-3.34884	1029.17	0	
-8.00561	-2.06993	1032.62	0	
-16.2164	-3.07092	1055.79	0	
-11.4583	-2.01633	1018.89	0	
-20.3828	-5.94785	1034.99	0	
-44.5887	-1.78555	982.405	0	
-44.7251	-2.84652	992.825	0	
-34.2556	-2.06993	1042.33	0	
-49.5151	-8.22246	987.951	0	
-44.2462	-5.42835	987.8	0	
-34.2075	-4.4054	1020.36	0	
-75.0375	-3.24559	966.834	0	
25.1674	-3.79821	1038.39	0	
-75.8387	-1.78555	948.028	0	
-75.9751	-2.84652	956.744	0	
-83.75	-1.02905	915.603	0	
-81.9845	-2.19037	945.302	0	
-90.0446	-2.8545	947.157	0	
-86.5873	-2.94281	944.024	0	
102.5	-1.03479	982.04	0	
102.828	-2.00504	979.435	0	
95	-0.792406	993.977	0	
95.4356	-2.07688	991.497	0	
76.2125	-3.24559	973.044	0	
84.375	-3.34884	976.766	0	
88.2444	-2.06993	979.517	0	
80.0336	-3.07092	978.461	0	
84.7917	-2.01633	964.758	0	
75.8672	-5.94785	998.892	0	
75.4113	-1.78555	954.253	0	
75.2749	-2.84652	964.947	0	
67.5	-1.02905	951.561	0	
69.2655	-2.19037	961.224	0	
52.4625	-3.24559	969.412	0	
49.8642	-5.74538	980.708	0	
61.9944	-2.06993	962.441	0	
46.7349	-8.22246	1011.25	0	
52.0038	-5.42835	982.271	0	
62.0425	-4.4054	978.869	0	
51.6613	-1.78555	956.405	0	
51.5249	-2.84652	961.662	0	
21.2125	-3.24559	1061.08	0	
107.75	-4.43486	1000.4	0	
20.4113	-1.78555	1078.05	0	
20.2749	-2.84652	1062.44	0	
12.5	-1.02905	1106.15	0	
14.2655	-2.19037	1110.07	0	
6.20541	-2.8545	1115.63	0	
9.66268	-2.94281	1112.22	0	
154.161	-1.78555	1005.79	0	
154.025	-2.84652	1001.34	0	
152.292	-2.01633	1019.42	0	
139.039	-4.35802	1027.98	0	
137.911	-1.78555	1041.84	0	
137.775	-2.84652	1038.15	0	
116.213	-3.24559	991.607	0	
154.963	-3.24559	982.209	0	
115.411	-1.78555	978.855	0	
115.275	-2.84652	985.63	0	
107.292	-2.01633	985.919	0	
109.247	-3.78292	992.151	0	
-140.037	-3.24559	1048.54	0	
-71.0826	-3.79821	974.28	0	
-124.589	-1.78555	1015.82	0	
-124.725	-2.84652	1002.1	0	
-92.8202	-2.91409	954.521	0	
-85.2083	-2.01633	927.071	0	
-97.684	-1.75189	951.081	0	
-98.5173	-2.05915	968.688	0	
-152.708	-2.01633	1052.22	0	
-145.211	-4.15655	1036.8	0	
-23.5826	-3.79821	1058.55	0	
3.37811	-4.98343	1064.52	0	
-28.3387	-1.78555	1052.81	0	
-28.4751	-2.84652	1050.2	0	
3.42981	-2.91409	1113.2	0	
11.0417	-2.01633	1122.84	0	
-1.43402	-1.75189	1039.45	0	
-2.26735	-2.05915	1025.2	0	
-48.9583	-3.47328	985.972	0	
-47.6197	-4.31165	989.74	0	
-88.4261	-3.92482	956.042	0	
-92.8719	-4.98343	968.228	0	
-83.3387	-1.78555	937.197	0	
-83.4751	-2.84652	946.049	0	
99.6798	-2.91409	988.49	0	
107.753	-2.80091	984.878	0	
94.816	-1.75189	967.558	0	
93.9827	-2.05915	986.449	0	
72.6674	-3.79821	980.937	0	
120.167	-3.79821	997.382	0	
67.9113	-1.78555	955.646	0	
67.7749	-2.84652	965.019	0	
47.2917	-3.47328	965.757	0	
50.1448	-3.88818	970.665	0	
17.6674	-3.79821	1076.6	0	
-0.0374544	-3.24559	1057.01	0	
12.9113	-1.78555	1125.19	0	
12.7749	-2.84652	1110.44	0	
148.483	-4.32001	1047.95	0	
187.308	-1.93891	1254.75	0	
147.862	-1.54577	1061.43	0	
148.712	-3.13655	1034.75	0	
133.929	-3.08731	1024.84	0	
138.713	-3.24559	1035.34	0	
90.6555	-3.51902	983.975	0	
102.455	-2.8545	988.952	0	
-152.829	-5.21478	1033.86	0	
-131.801	-4.25718	1031.76	0	
-122.157	-4.23242	1003.19	0	
-96.2875	-3.24559	971.897	0	
-46.1052	-3.88818	991.214	0	
-35.5505	-4.25718	997.721	0	
-25.9071	-4.23242	1044.53	0	
13.7125	-3.24559	1107.66	0	
-100.639	-4.06622	969.515	0	
-82.5375	-3.24559	956.39	0	
48.6303	-4.31165	974.863	0	
96.2125	-3.24559	996.371	0	
60.6995	-4.25718	979.798	0	
70.3429	-4.23242	981.846	0	
-4.38926	-4.06622	1059.84	0	
7.82395	-3.92482	1092.06	0	
146.42	-3.14785	1049.87	0	
147.178	-4.41078	1032.61	0	
34.7917	-2.72654	988.887	0	
33.9583	-2.72654	1005.94	0	
126.034	-3.06466	1002.66	0	
126.041	-5.36183	1012.79	0	
-147.837	-2.94281	1053.73	0	
-142.682	-2.77243	1051.3	0	
-160.208	-1.16463	860.507	0	
-201.338	-10.2031	1298.12	0	
-153.958	-2.72654	1038.74	0	
-152.247	-2.80091	1034.52	0	
-156.042	-3.47328	1005.9	0	
-156.458	-2.72654	1010.94	0	
-52.8373	-2.94281	974.935	0	
-49.7917	-3.47328	970.325	0	
-58.9583	-2.72654	963.449	0	
-57.7083	-2.01633	958.359	0	
-56.2946	-2.8545	968.358	0	
-57.2473	-2.80091	958.306	0	
-65.2159	-3.06466	960.178	0	
-65.2085	-5.36053	972.126	0	
-72.7159	-3.06466	965.876	0	
-69.5113	-3.00667	962.973	0	
43.4127	-2.94281	967.66	0	
46.4583	-3.47328	974.079	0	
36.0417	-2.01633	983.33	0	
32.5816	-3.68836	1012.69	0	
32.1798	-2.91409	998.132	0	
36.4583	-2.72654	993.236	0	
23.5341	-3.06466	1046.39	0	
26.7387	-3.00667	1035.94	0	
118.534	-3.06466	989.994	0	
121.739	-3.00667	993.677	0	
-121.466	-3.06466	1000.96	0	
-118.261	-3.00667	996.954	0	
-93.9659	-3.06466	961.365	0	
-93.9594	-5.36183	978.647	0	
-109.003	-2.80091	977.955	0	
-107.247	-2.80091	984.496	0	
-146.042	-2.72654	1054.39	0	
-147.44	-3.72538	1044.8	0	
-25.2159	-3.06466	1057.2	0	
-22.0113	-3.00667	1067.1	0	
2.28409	-3.06466	1062.16	0	
2.29056	-5.36183	968.433	0	
-12.7527	-2.80091	1037.56	0	
-10.9973	-2.80091	1042.56	0	
-48.9583	-2.01633	979.828	0	
-45.7613	-3.00667	979.932	0	
-52.44	-3.72538	973.08	0	
-48.5417	-2.72654	968.776	0	
-80.2159	-3.06466	963.021	0	
-77.0113	-3.00667	962.87	0	
98.5341	-3.06466	984.297	0	
98.5406	-5.36183	992.101	0	
83.4973	-2.80091	968.856	0	
85.2527	-2.80091	970.721	0	
71.0341	-3.06466	972.028	0	
74.2387	-3.00667	969.184	0	
47.2917	-2.01633	943.599	0	
50.4887	-3.00667	969.229	0	
43.81	-3.72538	979.898	0	
47.7083	-2.72654	966.597	0	
16.0341	-3.06466	1094.74	0	
19.2387	-3.00667	1077.85	0	
151.132	-3.93062	1044.59	0	
152.989	-3.00667	1029.41	0	
111.032	-2.99641	984.111	0	
114.239	-3.00667	983.196	0	
-87.7179	-2.99641	955.515	0	
-84.5113	-3.00667	954.422	0	
8.53206	-2.99641	1116.78	0	
11.7387	-3.00667	1117.99	0	
104.782	-2.99641	986.252	0	
102.997	-3.78292	992.063	0	
-143.54	-2.72962	1058.6	0	
-140.951	-3.13784	1053.77	0	
-99.9558	-2.85377	979.335	0	
-97.2008	-3.13784	965.943	0	
-3.70582	-2.85377	1020.69	0	
-0.950756	-3.13784	1065.85	0	
92.5442	-2.85377	987.249	0	
95.2992	-3.13784	977.955	0	
41.5739	-3.92482	979.566	0	
46.0417	-2.72654	959.752	0	
127.582	-3.68916	1010.59	0	
132.502	-3.08731	1013.79	0	
127.128	-4.98343	1017.08	0	
128.572	-3.57598	1012.96	0	
-152.662	-3.55114	1044.73	0	
-152.231	-4.40508	1029.34	0	
-159.148	-3.04538	933.065	0	
-165.564	-17.3854	1067.84	0	
-154.373	-3.97501	1029.59	0	
-150.753	-3.78292	1038.45	0	
-160.293	-8.30276	942.408	0	
-155.208	-3.47328	1024.88	0	
-158.057	-10.316	971.547	0	
-143.957	-3.47621	1042.5	0	
-58.5398	-3.47677	963.563	0	
-57.2309	-4.40508	973.889	0	
-61.4583	-2.72654	958.439	0	
-57.6621	-3.55114	972.724	0	
-62.7232	-3.50081	964.915	0	
-55.7527	-3.78292	967.907	0	
-64.0702	-2.91409	959.876	0	
-63.6684	-3.68836	966.935	0	
-61.8899	-3.99904	971.416	0	
-60.2083	-3.47328	964.662	0	
-72.8478	-5.56717	984.621	0	
-69.264	-5.46522	968.359	0	
39.9554	-2.8545	969.476	0	
39.0191	-4.40508	998.566	0	
37.2917	-2.72654	980.442	0	
38.5879	-3.55114	979.589	0	
34.3601	-3.99904	1001.96	0	
37.7102	-3.47677	992.434	0	
35.2083	-3.47328	999.566	0	
33.5268	-3.50081	995.002	0	
23.4022	-5.56717	1048.16	0	
26.986	-5.46522	1034.65	0	
118.402	-5.56717	1005.29	0	
114.489	-5.47929	1009.06	0	
-121.598	-5.56717	1020.08	0	
-125.6	-5.31383	1019.73	0	
-92.4178	-3.68916	965.557	0	
-89.5027	-3.78292	963.371	0	
-90.9952	-4.42757	969.993	0	
-86.1036	-3.83222	967.39	0	
-109.687	-5.39772	994.953	0	
-106.295	-2.8545	976.874	0	
-110.64	-4.06799	976.944	0	
-98.2818	-3.59669	981.018	0	
-146.478	-3.50911	1046.57	0	
-141.985	-3.52613	1048.36	0	
-25.3478	-5.56717	1046.58	0	
-29.3495	-5.31383	1026.66	0	
3.83223	-3.68916	1049.73	0	
6.7473	-3.78292	1076.81	0	
5.25478	-4.42757	1036.07	0	
10.1464	-3.83222	1090.64	0	
-13.4371	-5.39772	1030.24	0	
-10.0446	-2.8545	1014.74	0	
-14.3898	-4.06799	1044.67	0	
-2.03178	-3.59669	1015.3	0	
-51.4777	-3.50911	979.016	0	
-47.7083	-2.72654	987.895	0	
-51.0637	-4.19254	974.842	0	
-47.2189	-3.60804	977.146	0	
-80.3478	-5.56717	986.95	0	
-84.2613	-5.47929	972.603	0	
100.082	-3.68916	991.207	0	
112.646	-3.83222	991.065	0	
110.324	-3.92482	998.606	0	
107.317	-3.58364	997.3	0	
82.8129	-5.39772	983.546	0	
86.2054	-2.8545	976.95	0	
81.8602	-4.06799	984.903	0	
94.2182	-3.59669	999.48	0	
70.9022	-5.56717	989.139	0	
66.9005	-5.31383	987.48	0	
44.7723	-3.50911	973.277	0	
48.5417	-2.72654	958.072	0	
45.1863	-4.19254	983.109	0	
49.0311	-3.60804	973.656	0	
15.9022	-5.56717	1072.04	0	
11.9887	-5.47929	1046.63	0	
108.705	-2.8545	988.481	0	
101.072	-3.57598	993.1	0	
-91.4282	-3.57598	958.728	0	
-94.651	-4.21812	967.809	0	
4.82178	-3.57598	1094.66	0	
1.59897	-4.21812	1075.34	0	
105.913	-2.94281	992.072	0	
106.31	-3.72554	996.184	0	
97.849	-4.21812	997.533	0	
101.505	-4.42757	996.479	0	
-144.792	-3.47313	1051.08	0	
-146.064	-4.19253	1041.91	0	
-103.124	-4.43041	987.634	0	
-108.125	-4.73217	979.919	0	
-6.87403	-4.43041	1046.85	0	
-11.875	-4.73217	1047.11	0	
89.376	-4.43041	997.56	0	
84.375	-4.73217	985.637	0	
121.393	-3.89079	1006.32	0	
143.936	-3.97268	1036.91	0	
125.349	-4.21812	1011.83	0	
129.043	-4.50658	1015.35	0	
-154.834	-5.62943	1019.13	0	
-149.676	-3.92482	1045.46	0	
-156.465	-4.16242	1001.54	0	
-88.4597	-6.17559	968.164	0	
-157.746	-3.54331	975.443	0	
-157.336	-4.23245	982.274	0	
-155.953	-5.20944	998.516	0	
-151.274	-4.58327	1037.23	0	
-87.8931	-5.00841	974.295	0	
-54.6761	-3.92482	982.904	0	
-59.3731	-3.97501	973.831	0	
7.79028	-6.17559	999.488	0	
-65.9011	-4.21822	972.635	0	
-59.3047	-5.11624	976.291	0	
-64.1215	-4.98124	975.141	0	
-60.5387	-5.90518	982.902	0	
8.35687	-5.00841	1039.86	0	
92.527	-5.11846	1006.05	0	
30.3489	-4.21822	1008.34	0	
32.1285	-4.98124	1003.86	0	
36.0417	-3.47328	987.357	0	
34.378	-5.06466	1003.32	0	
35.7113	-5.90518	1004.5	0	
36.8769	-3.97501	993.188	0	
-101.844	-3.51902	973.966	0	
-99.973	-5.11846	991.01	0	
-145.501	-5.7656	1023.13	0	
-69.8571	-3.89079	975.438	0	
-156.677	-7.51666	990.743	0	
-49.707	-5.1949	982.627	0	
-148.977	-5.20289	1037.39	0	
-147.813	-5.59213	1035.62	0	
-5.59449	-3.51902	1018.61	0	
-3.72305	-5.11846	955.606	0	
-56.2742	-4.58327	983.022	0	
26.3929	-3.89079	1022.34	0	
-39.9676	-3.06872	1006.01	0	
46.543	-5.1949	985.318	0	
-53.9766	-5.20289	973.667	0	
-50.211	-4.15672	984.239	0	
-55.8234	-5.70833	975.32	0	
-48.5258	-4.17689	978.177	0	
-52.8132	-5.59213	993.048	0	
-47.2738	-5.38006	982.967	0	
91.8607	-4.06622	982.738	0	
105.879	-5.0575	1005.2	0	
36.9453	-5.11624	1000.96	0	
130.158	-4.945	1019.84	0	
56.2824	-3.06872	971.792	0	
110.29	-6.17488	1015.96	0	
42.2734	-5.20289	995.107	0	
46.039	-4.15672	978.598	0	
40.4266	-5.70833	999.157	0	
47.7242	-4.17689	980.024	0	
39.9758	-4.58327	987.269	0	
48.9762	-5.38006	982.115	0	
-90.0224	-4.58092	966.673	0	
-89.5124	-5.89001	975.063	0	
6.22758	-4.58092	1046.6	0	
6.73765	-5.89001	987.899	0	
102.928	-5.70651	1002.9	0	
107.848	-6.54104	1010.92	0	
104.074	-3.92482	1001.46	0	
104.773	-5.20318	1001.18	0	
99.6281	-4.98343	999.91	0	
102.478	-4.58092	1002.21	0	
-150.823	-5.70833	1034.93	0	
-143.779	-5.33843	1025.66	0	
76.6284	-4.52398	983.196	0	
144.244	-11.4317	993.673	0	
128.127	-5.50143	1020.14	0	
128.872	-6.93342	1023.48	0	
-158.777	-5.20944	952.303	0	
-143.448	-4.30353	1042.53	0	
-161.732	-2.79975	833.018	0	
-207.299	-15.0218	1307.16	0	
-182.365	-35.5359	1236.45	0	
-79.1691	-5.28353	976.653	0	
-150.997	-8.59138	998.757	0	
-57.1302	-6.3947	988.74	0	
-61.872	-5.06466	975.527	0	
-58.0402	-5.47194	979.077	0	
-115.872	-4.52398	1000.6	0	
17.0809	-5.28353	1063.24	0	
-19.6216	-4.52398	1073.61	0	
108.728	-4.58055	1004.25	0	
38.2098	-5.47194	994.643	0	
43.4368	-5.59213	991.221	0	
-139.58	-4.60081	1025.79	0	
-145.691	-7.03602	1036.75	0	
-96.7489	-6.89898	972.475	0	
-97.1496	-5.26597	979.534	0	
-149.602	-6.18605	1028.99	0	
-134.449	-4.25718	1014.46	0	
-31.5017	-4.16217	1015.69	0	
39.1198	-6.3947	1010	0	
-0.498874	-6.89898	887.332	0	
-0.89962	-5.26597	956.078	0	
-70.5474	-6.44535	990.784	0	
-54.6024	-6.18605	994.923	0	
-52.4014	-4.79453	975.28	0	
-51.4417	-5.03664	984.564	0	
-52.0429	-7.10465	977.9	0	
-50.5017	-5.76581	981.58	0	
-54.1682	-7.76797	976.499	0	
-36.3389	-2.93321	1020.51	0	
-48.8551	-5.21507	985.325	0	
-48.0926	-6.0103	990.291	0	
64.7483	-4.16217	984.55	0	
110.857	-5.00834	999.803	0	
95.7511	-6.89898	985.525	0	
95.3504	-5.26597	1007.97	0	
25.7026	-6.44535	1025.12	0	
41.6476	-6.18605	996.38	0	
43.8486	-4.79453	988.329	0	
44.8083	-5.03664	984.596	0	
44.2071	-7.10465	1002.92	0	
45.7483	-5.76581	995.02	0	
42.0818	-7.76797	1007.5	0	
59.9111	-2.93321	971.599	0	
47.3949	-5.21507	982.263	0	
48.1574	-6.0103	989.858	0	
-91.9104	-5.42242	972.48	0	
-90.925	-6.50437	982.819	0	
4.33964	-5.42242	987.383	0	
5.32497	-6.50437	899.433	0	
106.858	-5.46739	1010.61	0	
109.237	-5.889	1006.48	0	
45.559	-7.03622	992.221	0	
104.147	-6.18687	1016.08	0	
100.59	-5.42242	1000.8	0	
100.817	-6.41692	1005.28	0	
-147.401	-4.79453	1039.39	0	
-146.442	-5.03663	1040.54	0	
-147.043	-7.10465	1023.75	0	
-144.707	-5.19453	1042.04	0	
-149.168	-7.76797	1025.83	0	
-132.589	-2.93321	1020.1	0	
-154.178	-7.28627	1008.56	0	
-151.919	-6.13754	1018.23	0	
-67.2642	-6.91889	969.053	0	
-50.691	-7.03622	994.518	0	
28.9858	-6.91889	1030.22	0	
57.9209	-9.10125	999.43	0	
-165.569	-3.72058	869.31	0	
-124.19	-5.40086	1010.06	0	
-65.8105	-6.63734	981.467	0	
-38.3291	-9.10125	982.788	0	
-59.0799	-8.70786	989.53	0	
-25.746	-9.39498	1045.35	0	
-36.875	-5.27905	989.239	0	
-45.618	-4.95711	984.746	0	
30.4395	-6.63734	1012.49	0	
104.619	-8.07335	1009.47	0	
37.1701	-8.70786	1026.93	0	
121.986	-5.46522	1013.34	0	
59.375	-5.27905	987.53	0	
50.632	-4.95711	977.767	0	
-100.432	-7.15932	957.381	0	
-118.014	-5.46522	1006.81	0	
-4.18243	-7.15932	932.03	0	
-21.764	-5.46522	1069.53	0	
101.373	-10.8863	1018.67	0	
97.6668	-7.08742	1011.27	0	
74.486	-5.46522	981.118	0	
92.0676	-7.15932	977.987	0	
-142.782	-6.56075	1036.37	0	
-142.334	-4.31064	1036.99	0	
-152.527	-7.43868	1027.34	0	
-121.996	-9.39498	1048.04	0	
-136.218	-3.06872	1034.23	0	
-128.568	-3.08143	1016.47	0	
-38.1995	-4.25718	1005.21	0	
-32.318	-3.08143	1032.15	0	
58.0505	-4.25718	975.985	0	
63.932	-3.08143	971.15	0	
133.106	-6.04794	1018.87	0	
130.428	-6.60412	1025.09	0	
123.985	-6.91734	1023.05	0	
150.848	-20.0464	917.805	0	
-155.18	-8.32445	987.999	0	
-52.0799	-10.5411	983.088	0	
-40.8588	-5.44334	985.292	0	
-43.3792	-4.50999	984.421	0	
55.3912	-5.44334	986.2	0	
52.8708	-4.50999	977.332	0	
-87.5848	-7.52916	989.234	0	
-84.8609	-3.89608	965.439	0	
8.66524	-7.52916	851.731	0	
11.3891	-3.89608	1081.15	0	
120.703	-6.44535	1018.65	0	
113.889	-3.89608	999.214	0	
-94.8332	-7.08742	970.914	0	
-127.752	-4.16217	1019.15	0	
-136.015	-9.53859	1031.32	0	
-118.607	-3.89079	996.057	0	
-44.375	-6.99919	1004.5	0	
-22.3571	-3.89079	1052.77	0	
-42.8302	-8.44515	978.324	0	
-40.8536	-7.44458	1001.03	0	
51.875	-6.99919	970.594	0	
73.8929	-3.89079	982.601	0	
53.4198	-8.44515	997.033	0	
55.3964	-7.44458	957.9	0	
-45.8903	-7.18841	984.165	0	
-48.1439	-7.56208	989.859	0	
50.3597	-7.18841	987.226	0	
48.1061	-7.56208	988.905	0	
-141.655	-10.9683	942.709	0	
-134.129	-6.10622	1033.33	0	
-52.772	-8.29733	1006.38	0	
-46.8296	-8.37487	1008.14	0	
43.478	-8.29733	1007.33	0	
49.4204	-8.37487	994.222	0	
-164	-0.842706	821.687	0	
-160.19	-2.6252	895.37	0	
-171.26	-1.12398	1012.73	0	
-163.118	-4.25546	876.69	0	
157.984	-3.31993	935.923	0	
162.75	-0.842706	869.028	0	
160.879	-2.92373	861.376	0	
162.233	-4.81544	890.169	0	
149.806	-4.94504	1005.82	0	
157.495	-4.95032	898.103	0	
136.186	-4.14103	1026.06	0	
140.456	-4.52612	1032.09	0	
-73.4071	-4.23242	978.833	0	
-71.6691	-5.28353	976.248	0	
-80.4167	-10.3326	1014.47	0	
-64.8646	-8.3096	972.587	0	
-77.3571	-3.89079	977.179	0	
-74.2262	-6.72899	1005.46	0	
22.8429	-4.23242	1044.19	0	
24.5809	-5.28353	1033.2	0	
15.8333	-10.3326	813.989	0	
31.3854	-8.3096	1028.78	0	
18.8929	-3.89079	1063.49	0	
22.0238	-6.72899	1012.53	0	
117.843	-4.23242	1005.41	0	
119.581	-5.28353	1013.04	0	
112.877	-7.50462	1024.61	0	
125.437	-6.63718	1027.55	0	
111.164	-7.52928	1014.73	0	
117.03	-6.73778	1024.48	0	
-120.419	-5.28353	1003.4	0	
-119.297	-6.44535	1022.82	0	
-147.08	-10.5411	1003.56	0	
-106.019	-7.46803	986.72	0	
-144.559	-9.99967	1042.63	0	
-147.772	-8.29733	1021.72	0	
-24.1691	-5.28353	1054.86	0	
-23.0474	-6.44535	1039.36	0	
1.41684	-7.08742	908.628	0	
-9.76913	-7.46803	958.539	0	
-27.9404	-5.40086	1027.26	0	
-23.5704	-9.08967	1043.27	0	
-80.9071	-4.23242	971.285	0	
-78.0474	-6.44535	1007.04	0	
-74.2388	-9.20929	928.273	0	
-76.764	-5.46522	979.314	0	
-81.7196	-6.73778	996.94	0	
-82.2148	-8.98906	946.304	0	
72.0809	-5.28353	984.135	0	
73.2026	-6.44535	997.2	0	
102.182	-6.54766	1010.6	0	
86.4809	-7.46803	993.576	0	
68.3096	-5.40086	990.123	0	
93.8488	-8.33358	1019.61	0	
15.3429	-4.23242	1078.35	0	
18.2026	-6.44535	1026.99	0	
22.0112	-9.20929	1057.39	0	
19.486	-5.46522	1060.69	0	
14.5304	-6.73778	952.86	0	
14.0352	-8.98906	948.685	0	
112.049	-4.96932	1008.65	0	
113.194	-6.11121	1009.4	0	
107.957	-10.0357	1013.43	0	
114.373	-9.53907	1030.59	0	
-86.7013	-4.9694	965.603	0	
-85.556	-6.11128	987.239	0	
-85.8729	-7.50385	963.323	0	
-84.3782	-9.53722	997.274	0	
9.54871	-4.9694	1055.19	0	
10.694	-6.11128	992.872	0	
10.3771	-7.50385	941.367	0	
11.8718	-9.53722	752.11	0	
132.08	-7.47425	1025.86	0	
134.746	-4.16808	1018.36	0	
124.075	-4.31071	1007.52	0	
123.313	-5.73457	1019.19	0	
-67.1755	-4.31081	969.218	0	
-67.9367	-5.73467	983.733	0	
29.0745	-4.31081	1023.9	0	
28.3133	-5.73467	1011.94	0	
-95.9255	-4.31071	975.883	0	
-98.5926	-4.6597	968.525	0	
-103.786	-7.04865	956.796	0	
-106.563	-5.39772	977.624	0	
0.324502	-4.31071	1041.32	0	
-2.3426	-4.6597	1050.55	0	
-7.5359	-7.04865	967.405	0	
-10.3129	-5.39772	1000.58	0	
96.5745	-4.31071	985.064	0	
93.9074	-4.6597	983.269	0	
88.7141	-7.04865	976.582	0	
103.633	-8.96714	1025.02	0	
-62.0477	-8.8546	988.336	0	
34.2023	-8.8546	1021.26	0	
-65.6604	-12.2385	951.673	0	
44.1701	-10.5411	1025.73	0	
-43.9291	-11.1429	1046.35	0	
106.762	-8.25621	1036.53	0	
40.691	-8.79126	1019.58	0	
126.259	-8.10539	1027.9	0	
30.5896	-12.2385	1046.11	0	
128.121	-8.37598	1035.5	0	
98.349	-8.47005	995.994	0	
102.415	-7.9218	1010.65	0	
-155.111	-10.7469	997.085	0	
-60.5733	-7.64358	975.83	0	
138.321	-5.52235	1024.16	0	
152.541	-4.03078	1005.94	0	
-138.552	-9.35636	1035.4	0	
-137.06	-5.53416	1014.07	0	
-129.996	-3.08143	1026.57	0	
-129.047	-6.04201	1023.4	0	
-33.7459	-3.08143	1013.64	0	
-32.7973	-6.04201	996.694	0	
62.5041	-3.08143	976.573	0	
63.4527	-6.04201	984.411	0	
131.229	-11.2697	1026.71	0	
151.99	-6.88415	978.247	0	
136.941	-5.40234	1021.83	0	
141.133	-5.9764	1027.53	0	
-74.6816	-4.325	985.701	0	
-75.4428	-5.74886	987.561	0	
21.5684	-4.325	1048.64	0	
20.8072	-5.74886	1055.04	0	
116.568	-4.325	1004.04	0	
115.814	-5.75765	1011.6	0	
-123.432	-4.325	1014.51	0	
-126.314	-4.14101	1007.19	0	
-115.576	-8.16642	1030.57	0	
-113.246	-5.34905	984.362	0	
-27.1816	-4.325	1042.16	0	
-30.0644	-4.14101	1028.01	0	
-19.3257	-8.16642	1047.84	0	
-16.996	-5.34905	1038.65	0	
-82.1816	-4.325	980.229	0	
-82.9362	-5.75765	979.196	0	
69.0684	-4.325	984.879	0	
66.1856	-4.14101	980.728	0	
76.9243	-8.16642	972.39	0	
79.254	-5.34905	993.306	0	
14.0684	-4.325	1063.26	0	
13.3138	-5.75765	1064.66	0	
105.405	-12.0508	1050.59	0	
116.536	-8.99008	1033.39	0	
-93.9774	-8.66503	987.297	0	
-91.6041	-8.13534	966.208	0	
2.27255	-8.66503	629.956	0	
4.64589	-8.13534	733.655	0	
129.195	-10.2093	1032.13	0	
146.046	-6.10183	1029.58	0	
134.488	-5.91521	1025.71	0	
135.867	-6.69788	1020.53	0	
121.43	-8.68418	1029.91	0	
123.385	-8.88682	1032.24	0	
-69.8214	-8.68669	938.053	0	
-67.8655	-8.89079	976.815	0	
26.4286	-8.68669	1047.66	0	
28.3845	-8.89079	1026.21	0	
-66.1145	-9.89368	995.965	0	
-95.0051	-12.6851	985.025	0	
-55.559	-8.79126	1001.1	0	
1.24494	-12.6851	189.196	0	
85.9371	-5.39772	987.077	0	
70.504	-9.39498	976.884	0	
99.9643	-7.8529	1011.42	0	
101.084	-8.78437	1011.29	0	
-119.82	-9.08967	1011.86	0	
-122.652	-7.0343	1009.15	0	
-127.769	-5.79877	1014.28	0	
-125.499	-7.54635	1024.32	0	
-48.3872	-12.3828	1012.81	0	
-26.4019	-7.0343	1032.61	0	
-31.5194	-5.79877	1024.39	0	
-29.2492	-7.54635	1016.66	0	
47.8628	-12.3828	1038.34	0	
69.8481	-7.0343	991.285	0	
64.7306	-5.79877	981.306	0	
67.0008	-7.54635	997.929	0	
140.302	-7.00568	1017.18	0	
142.7	-6.86574	1018.74	0	
125.012	-9.68556	1039.54	0	
195.519	-2.32667	1285.72	0	
-98.6512	-8.33358	990.158	0	
35.6767	-7.64358	1013.4	0	
-2.40124	-8.33358	636.455	0	
103.223	-11.1651	1012.82	0	
72.6796	-9.08967	974.629	0	
95.07	-11.0041	975.799	0	
-136.973	-6.98397	1032.82	0	
-135.349	-7.69153	1004.06	0	
-32.1235	-10.677	1012.55	0	
-33.5046	-8.27657	1018.62	0	
64.1265	-10.677	991.425	0	
97.6545	-10.9522	1018.03	0	
80.0504	-6.99449	975.309	0	
151.079	-11.5903	931.778	0	
-78.2205	-8.73643	938.006	0	
30.1355	-9.89368	1020.12	0	
8.79112	-11.9339	465.052	0	
110.443	-9.50362	1039.88	0	
-126.434	-6.49884	1016.51	0	
-123.97	-6.77541	1025.52	0	
-30.1836	-6.49884	1022.01	0	
-27.72	-6.77541	1037.98	0	
66.0664	-6.49884	984.593	0	
68.53	-6.77541	985.034	0	
150.025	-6.43618	1036.03	0	
153.18	-5.49318	1009.77	0	
147.57	-7.50219	991.193	0	
142.406	-9.04296	1007.41	0	
-113.344	-8.75328	993.421	0	
-118.411	-11.2883	1049.34	0	
-114.541	-4.53464	989.428	0	
-111.901	-4.28441	992.949	0	
-17.0944	-8.75328	959.511	0	
-21.2298	-10.3281	966.491	0	
-18.2907	-4.53464	1062.97	0	
-15.6508	-4.28441	1069.31	0	
79.1556	-8.75328	1003.19	0	
75.0202	-10.3281	1015.58	0	
77.9593	-4.53464	981.241	0	
80.5992	-4.28441	977.041	0	
-63.1585	-5.8593	979.744	0	
-63.2996	-7.91085	975.277	0	
33.0915	-5.8593	1011.97	0	
32.9504	-7.91085	1015.93	0	
-205.568	-32.9721	1293.61	0	
-158.17	-8.54355	957.6	0	
-42.0494	-4.51844	997.065	0	
-39.5061	-4.39269	993.601	0	
54.2006	-4.51844	971.21	0	
56.7439	-4.39269	975.164	0	
-138.25	-4.60927	1040.52	0	
-135.756	-4.39269	1038.99	0	
132.732	-9.94285	1031.84	0	
140.759	-8.90393	1017.81	0	
-131.823	-7.75398	1025.72	0	
-88.3496	-9.59591	961.65	0	
-29.7584	-9.79585	1044.44	0	
7.90043	-9.59591	625.144	0	
62.7454	-8.27657	970.93	0	
52.3209	-11.1429	969.914	0	
86.5779	-13.8833	1015.2	0	
208.99	-5.28426	1309.24	0	
-59.5306	-11.2795	987.551	0	
-57.3001	-7.89572	976.766	0	
36.7194	-11.2795	1023.8	0	
38.9499	-7.89572	1008.39	0	
138.907	-6.71973	1020.28	0	
136.37	-8.16582	1018.35	0	
138.03	-8.06765	1018.51	0	
139.214	-9.60327	1007.32	0	
134.987	-10.2845	1024.63	0	
161.413	-6.92918	928.381	0	
119.235	-10.2813	1047.76	0	
95.7393	-17.4777	969.348	0	
-50.1748	-10.5347	1013.93	0	
-46.4132	-10.8834	995.402	0	
46.0752	-10.5347	1007.38	0	
49.8368	-10.8834	1000.17	0	
-176.012	-1.34606	1116.8	0	
-160.335	-6.5477	924.592	0	
-161.831	-10.7403	956.152	0	
-188.999	-19.3034	1258.18	0	
158.946	-6.83953	942.075	0	
170.01	-1.12398	1056.09	0	
-87.4589	-11.9339	995.837	0	
99.5587	-12.4369	1005.88	0	
18.0295	-8.73643	1022.7	0	
4.49832	-12.069	363.999	0	
-153.134	-12.2646	968.642	0	
-148.55	-12.2522	976.226	0	
-121.489	-14.4624	1042.88	0	
-126.008	-9.79585	1024.26	0	
104.932	-18.5916	1064.07	0	
112.453	-11.0673	1022.48	0	
-91.7517	-12.069	974.588	0	
-71.535	-10.5118	1011.08	0	
5.3409	-14.035	279.749	0	
24.715	-10.5118	993.204	0	
-112.45	-6.99449	1013.96	0	
-129.168	-15.7527	998.636	0	
-16.1996	-6.99449	1040.37	0	
-27.5734	-11.3856	1000.98	0	
-144.852	-16.8136	913.118	0	
-124.741	-12.1163	1044.1	0	
-37.2846	-13.6039	1055.51	0	
-6.7017	-12.0229	642.839	0	
66.4916	-9.79585	962.807	0	
58.9654	-13.6039	956.032	0	
112.419	-14.9051	1042.36	0	
127.849	-11.938	1036.05	0	
147.347	-10.4774	1016.73	0	
153.266	-9.06305	1001.57	0	
-122.779	-11.9203	1010.23	0	
-102.474	-8.42323	1004.18	0	
-20.7162	-13.563	941.025	0	
-6.22447	-8.42323	683.373	0	
75.5338	-13.563	949.225	0	
90.0255	-8.42323	1016.9	0	
68.6766	-11.3856	1015.15	0	
136.037	-12.2238	996.25	0	
-61.6144	-11.5018	967.395	0	
-55.5379	-10.963	986.016	0	
34.6356	-11.5018	1048.04	0	
40.7121	-10.963	1030.92	0	
128.852	-14.5637	1025.02	0	
235.957	-15.9774	1289.62	0	
-178.777	-2.9619	1112.87	0	
-162.755	-6.23594	887.004	0	
-156.495	-11.7116	967.398	0	
-221.912	-14.5162	1319.55	0	
-169.141	-4.00209	968.238	0	
-167.19	-4.8303	933.441	0	
164.287	-4.15658	900.191	0	
166.707	-4.43785	1006.53	0	
155.354	-8.54876	964.096	0	
132.793	-16.0264	1002.17	0	
-53.4549	-12.1835	1021.36	0	
-9.67296	-13.8421	272.921	0	
42.7951	-12.1835	1035.76	0	
33.1604	-13.2995	1024.35	0	
-53.1756	-15.7705	1021.73	0	
-138.938	-7.6289	1005.91	0	
-134.594	-10.3937	986.811	0	
-155.484	-17.2341	962.387	0	
-127.52	-14.6602	1025.11	0	
-47.7993	-19.2086	1041.06	0	
-31.0758	-17.4153	988.425	0	
48.4507	-19.2086	1090.95	0	
65.1742	-17.4153	1054.31	0	
131.221	-14.31	1035.65	0	
153.572	-16.0839	1022.11	0	
-157.266	-14.2011	987.691	0	
43.0744	-15.7705	1053.55	0	
11.0506	-11.9005	600.338	0	
89.5492	-12.064	960.53	0	
125.528	-11.6848	1030.41	0	
119.86	-13.8177	1033.66	0	
-167.135	-7.23969	976.996	0	
-192.539	-4.26558	1290.1	0	
-133.857	-13.0595	1044.17	0	
-129.198	-9.41262	1029.45	0	
-228.19	-24.6897	1304.57	0	
-128.413	-13.1119	1009.72	0	
-132.411	-9.49708	1029.42	0	
-132.552	-6.10622	1006.5	0	
-166.307	-13.5038	1006.02	0	
-108.605	-11.4398	967.836	0	
-130.943	-10.541	1017.23	0	
-129.662	-7.54154	1014.66	0	
-131.112	-14.0765	992.856	0	
-127.757	-10.8627	1033.97	0	
-135.282	-19.8734	1024.36	0	
-102.952	-12.0229	950.427	0	
-130.381	-12.4546	1026.81	0	
-128.544	-17.3008	1012.21	0	
-148.258	-15.1857	999.452	0	
-3.6662	-13.8175	101.646	0	
-125.443	-18.0933	981.653	0	
-125.597	-14.7313	1003.65	0	
-62.6835	-17.1843	977.667	0	
-85.1994	-11.9005	961.194	0	
-124.144	-16.6164	1032.27	0	
-121.999	-16.5434	1007.76	0	
-91.6409	-16.373	982.839	0	
-70.7541	-13.472	925.354	0	
4.6091	-16.373	126.932	0	
25.4959	-13.472	1011.97	0	
-110.152	-7.25958	977.374	0	
-116.205	-10.7321	1001.85	0	
-13.9017	-7.25958	992.153	0	
-12.3545	-11.4398	757.467	0	
82.3483	-7.25958	994.211	0	
83.8955	-11.4398	979.969	0	
-83.8414	-14.5362	1000.98	0	
-76.2546	-10.6507	1021.63	0	
12.4086	-14.5362	438.032	0	
19.9954	-10.6507	917.54	0	
-97.6578	-11.3921	958.589	0	
-90.4292	-10.045	984.896	0	
-1.40778	-11.3921	521.287	0	
5.82085	-10.045	596.778	0	
-111.605	-11.7939	1014.95	0	
-108.046	-8.66433	1005.55	0	
-15.3552	-11.7939	811.2	0	
-11.7958	-8.66433	825.588	0	
80.8948	-11.7939	969.412	0	
84.4542	-8.66433	988.787	0	
-57.7296	-12.6391	1017.48	0	
-56.3189	-16.133	1006.78	0	
38.5204	-12.6391	1049.94	0	
39.9311	-16.133	1068.49	0	
-173.564	-2.47004	1071.47	0	
-165.151	-8.11045	934.365	0	
157.521	-9.12614	932.506	0	
160.271	-11.5138	1002.31	0	
-36.2393	-7.66183	998.649	0	
-40.908	-14.645	1001.93	0	
60.0107	-7.66183	964.857	0	
55.342	-14.645	1044.91	0	
92.8124	-13.4707	1036.96	0	
138.603	-11.6407	1000	0	
-114.482	-16.5569	981.338	0	
-119.297	-14.1357	1007.31	0	
-106.853	-18.8267	953.956	0	
-90.9091	-14.035	986.553	0	
-63.0896	-13.2995	1021.19	0	
-81.2221	-13.5164	948.922	0	
-119.75	-18.497	1007.73	0	
-105.923	-13.8421	1040.07	0	
-99.9162	-13.8175	1001.42	0	
-124.617	-21.7604	988.102	0	
15.0279	-13.5164	740.898	0	
33.5665	-17.1843	1059.18	0	
-177.258	-5.78191	1152.94	0	
-175.551	-13.7225	1145.52	0	
-170.014	-8.10752	1009.7	0	
-170.068	-11.6224	1084.61	0	
123.346	-14.3333	1045.81	0	
130.766	-41.4755	962.034	0	
-117.966	-16.82	1043.95	0	
-113.607	-13.3165	1035.66	0	
-93.8748	-11.0032	965.086	0	
-93.6138	-16.0889	983.131	0	
2.37524	-11.0032	516.386	0	
2.63623	-16.0889	256.379	0	
-136.481	-15.5337	916.392	0	
46.237	-15.9763	1029.97	0	
-50.013	-15.9763	1079.16	0	
-33.8137	-14.565	1051.02	0	
-118.828	-25.8063	1021.15	0	
62.4363	-14.565	959.391	0	
-89.2433	-18.71	1007.23	0	
-88.6959	-14.349	979.528	0	
7.00668	-18.71	184.261	0	
7.55411	-14.349	285.347	0	
-158.473	-25.925	1022.07	0	
-57.5305	-27.6829	1134.05	0	
-87.3706	-17.1144	988.147	0	
-82.1404	-18.8236	1012.3	0	
-17.0729	-14.4419	748.444	0	
125.77	-16.4577	1009.74	0	
8.87942	-17.1144	178.243	0	
14.1096	-18.8236	456.313	0	
218.789	-9.67962	1311.42	0	
183.637	-7.09149	1232.84	0	
135.243	-14.7675	1016.58	0	
140.335	-13.8884	999.859	0	
-181.714	-1.61583	1199.91	0	
-173.773	-5.29005	1065.23	0	
163.087	-10.0309	962.333	0	
180.465	-1.61583	1203	0	
-76.9341	-14.5113	929.659	0	
-67.81	-14.1067	1021.34	0	
19.3159	-14.5113	909.178	0	
28.44	-14.1067	997.022	0	
-162.174	-17.4716	994.051	0	
-121.07	-22.2371	942.857	0	
-58.6684	-18.9989	1093.82	0	
0.81144	-18.779	36.1651	0	
37.5816	-18.9989	1065.32	0	
107.856	-15.3565	985.484	0	
138.207	-15.8819	950.027	0	
143.531	-14.1381	953.106	0	
99.901	-16.4959	998.19	0	
79.1771	-14.4419	1021.21	0	
-111.48	-20.2273	1067.66	0	
-99.0883	-17.8006	968.409	0	
-27.2006	-15.1171	1033.49	0	
-2.83826	-17.8006	312.817	0	
69.0494	-15.1171	947.103	0	
46.6928	-24.0743	1068.31	0	
-166.112	-27.3981	1125.94	0	
-68.8837	-22.4837	1019.76	0	
-81.3835	-22.9609	982.023	0	
-67.2534	-16.8341	966.847	0	
14.8665	-22.9609	291.408	0	
28.9966	-16.8341	1011.01	0	
125.531	-19.801	997.037	0	
145.65	-18.2045	1031.01	0	
136.74	-19.4185	1026.3	0	
140.986	-21.4915	840.948	0	
-74.1374	-16.0301	1030.04	0	
-64.6977	-18.8508	1045.81	0	
22.1126	-16.0301	850.11	0	
31.5523	-18.8508	1003.36	0	
-95.4386	-18.779	997.383	0	
2.52004	-23.669	152.242	0	
27.3663	-22.4837	928.495	0	
30.7731	-22.4901	935.923	0	
-84.7755	-17.335	983.641	0	
-79.7054	-15.7809	1010.49	0	
11.4745	-17.335	388.271	0	
16.5446	-15.7809	589.399	0	
218.255	-34.6155	1294.01	0	
132.745	-19.8694	973.492	0	
-152.736	-16.2622	995.32	0	
-150.381	-17.763	960.338	0	
-144.708	-21.2594	1006.58	0	
-141.325	-14.5407	1034.04	0	
-62.9905	-26.6887	1078.7	0	
-11.2357	-19.2992	493.261	0	
33.2595	-26.6887	972.93	0	
116.277	-16.8153	1040.43	0	
-128.495	-23.6616	970.41	0	
19.247	-23.4473	609.693	0	
-188.557	-1.93891	1250.98	0	
-196.769	-2.32667	1287.01	0	
172.064	-6.00496	1079.43	0	
174.369	-7.9727	1158.65	0	
197.421	-9.75588	1290.05	0	
191.289	-4.26558	1275.51	0	
80.6149	-19.5449	974.606	0	
38.7195	-27.6829	1035.9	0	
-73.6736	-19.0863	966.017	0	
-69.7337	-19.2556	1045.65	0	
22.5764	-19.0863	833.394	0	
26.5163	-19.2556	904.037	0	
122.174	-26.556	952.462	0	
124.937	-40.2492	874.296	0	
-148.731	-22.1193	924.352	0	
-130.945	-20.0681	932.963	0	
-89.5076	-23.3158	977.379	0	
-77.003	-23.4473	1037.72	0	
-71.1732	-25.5223	1073.96	0	
-65.4769	-22.4901	1066.16	0	
-169.77	-21.2264	1108.15	0	
-64.5794	-30.6463	1115.9	0	
-139.982	-23.3262	857.488	0	
-137.645	-30.9202	1007.74	0	
-75.3526	-26.6553	1051.17	0	
25.0768	-25.5223	754.583	0	
-31.4696	-23.2096	1052.34	0	
73.7048	-20.502	986.466	0	
-23.6801	-16.4504	905.88	0	
-15.6351	-19.5449	415.782	0	
72.5699	-16.4504	1036.08	0	
85.0151	-19.3404	983.653	0	
129.698	-22.0559	969.453	0	
117.076	-20.985	979.997	0	
-103.053	-20.9905	1036.05	0	
-93.73	-23.669	1006.13	0	
-49.5572	-24.0743	1125.19	0	
6.74241	-23.3158	67.8364	0	
-184.618	-8.98987	1217.31	0	
-185.032	-3.55475	1231.87	0	
-206.623	-2.79194	1308.79	0	
-179.781	-9.87097	1188.87	0	
180.177	-8.24429	1205.29	0	
187.785	-10.442	1251.86	0	
170.878	-14.4791	1127.85	0	
159.464	-15.8639	960.352	0	
-85.4635	-32.3384	992.67	0	
20.8974	-26.6553	584.471	0	
-7.43655	-21.463	48.7712	0	
90.9132	-21.5281	1085.82	0	
-85.5482	-26.5803	1067.64	0	
-18.107	-29.5111	625.273	0	
10.7018	-26.5803	225.288	0	
111.968	-28.0025	971.093	0	
-18.1435	-22.7175	634.4	0	
-22.5452	-20.502	812.379	0	
78.1065	-22.7175	1065.27	0	
64.7804	-23.2096	1015.16	0	
34.1156	-37.3795	858.683	0	
121.506	-22.1434	982.529	0	
-24.1065	-30.9545	757.291	0	
-6.83217	-26.5477	257.795	0	
-130.495	-31.0609	852.332	0	
174.884	-12.8846	1145.47	0	
178.79	-12.8864	1221.06	0	
-76.4692	-32.4504	1037.64	0	
-69.3552	-29.4863	1068.53	0	
-145.697	-34.3804	868.246	0	
-152.057	-27.6463	1002.14	0	
19.7808	-32.4504	516.811	0	
26.8948	-29.4863	772.187	0	
1.24121	-36.2378	280.824	0	
13.9656	-32.8618	326.768	0	
184.118	-14.761	1237	0	
227.701	-6.85826	1309.67	0	
133.014	-34.6533	828.124	0	
-106.794	-33.2356	921.177	0	
31.6706	-30.6463	871.735	0	
-72.173	-34.0637	1096.23	0	
-67.7476	-39.8274	1075.84	0	
-22.5359	-47.4922	318.909	0	
127.182	-26.4913	948.694	0	
24.077	-34.0637	705.522	0	
28.5024	-39.8274	733.445	0	
-113.39	-24.9987	920.977	0	
-108.048	-28.3672	1034.27	0	
106.947	-24.7538	907.521	0	
92.4297	-27.5266	918.734	0	
-218.447	-3.35033	1317.17	0	
-175.995	-19.4449	1184.09	0	
191.912	-9.23189	1275.59	0	
201.219	-12.4705	1297.35	0	
54.1181	-18.9378	1014.59	0	
69.7905	-24.963	1056.17	0	
-42.1319	-18.9378	1110.04	0	
-26.4595	-24.963	831.934	0	
-192.319	-8.83173	1266.92	0	
-201.547	-5.11861	1304.67	0	
72.1435	-30.9545	1080.63	0	
128.068	-30.7205	932.461	0	
42.4557	-33.5404	1018.68	0	
78.143	-29.5111	992.413	0	
-62.1344	-37.3795	1088.77	0	
-0.525287	-27.7753	32.5061	0	
84.4836	-32.7829	1091.88	0	
208.989	-20.8084	1297.17	0	
-28.0097	-38.1045	844.726	0	
123.686	-35.5846	905.184	0	
-53.7943	-33.5404	1084.53	0	
-35.3322	-36.6738	961.146	0	
100.921	-29.485	1032.21	0	
161.838	-60.3262	1159.01	0	
118.807	-29.1208	944.133	0	
116.094	-38.0682	890.865	0	
115.315	-25.5586	955.354	0	
112.121	-35.7127	924.126	0	
60.9178	-36.6738	1083.67	0	
119.433	-33.9202	902.151	0	
120.859	-47.2293	901.966	0	
-183.583	-23.2797	1235.31	0	
-95.5796	-32.8724	958.242	0	
-114.065	-35.7792	976.861	0	
68.2403	-38.1045	1011.28	0	
32.7098	-63.156	590.289	0	
9.60751	-38.8404	189.418	0	
-225.327	-7.3709	1314.31	0	
-187.923	-11.9402	1264.83	0	
170.297	-36.5037	1203.09	0	
163.474	-19.8544	1088.39	0	
-196.34	-11.9773	1289.32	0	
-194.679	-18.9528	1289.79	0	
73.7994	-47.6214	1021.65	0	
207.712	-10.3255	1301.86	0	
204.86	-2.4629	1301.24	0	
-212.356	-6.14227	1317.58	0	
129.252	-50.7796	995.06	0	
133.997	-47.3484	935.144	0	
213.211	-14.7209	1304.41	0	
215.594	-2.82136	1307.1	0	
-220.733	-37.1938	1291.36	0	
103.164	-47.8011	897.316	0	
189.04	-35.7251	1280.07	0	
199.849	-18.9164	1295.94	0	
169.619	-18.8059	1127.57	0	
139.422	-30.3106	1028.64	0	
-55.5317	-23.7287	1056.87	0	
-37.3685	-24.4061	1041.16	0	
-56.8093	-39.2794	1101.89	0	
-45.742	-28.3975	1074.5	0	
-52.3145	-47.6453	947.631	0	
-39.2206	-29.0001	1077.9	0	
-47.9803	-33.9094	1097.96	0	
-43.191	-47.72	1000.48	0	
40.7183	-23.7287	1073.35	0	
58.8815	-24.4061	1101.63	0	
39.4407	-39.2794	944.002	0	
50.508	-28.3975	1096.93	0	
43.9355	-47.6453	911.069	0	
57.0294	-29.0001	1069.98	0	
48.2697	-33.9094	1071.77	0	
53.059	-47.72	981.558	0	
146.739	-35.2634	889.872	0	
141.083	-48.4033	1060	0	
-171.12	-37.8728	1208.99	0	
-73.0349	-48.8114	1031.58	0	
-12.6794	-31.8279	217.298	0	
-7.11451	-38.7862	145.013	0	
-126.706	-35.6751	895.333	0	
-120.757	-31.7185	860.508	0	
-116.584	-45.0329	806.145	0	
-102.338	-25.7597	991.351	0	
-126.333	-45.697	1032.94	0	
-90.3084	-40.7522	961.509	0	
-232.636	-4.02057	1317.07	0	
-213.24	-13.2876	1313.34	0	
-83.0809	-48.9441	989.262	0	
112.882	-53.996	974.129	0	
-41.8717	-39.7232	963.164	0	
-36.3206	-55.0703	551.457	0	
-51.4248	-68.4389	692.82	0	
9.79367	-57.9625	426.208	0	
54.3783	-39.7232	1049.6	0	
92.7142	-53.006	955.605	0	
154.638	-31.4481	1071.72	0	
162.265	-25.6367	1096.95	0	
146.844	-43.5002	1067.97	0	
174.146	-25.0927	1188.24	0	
-10.5586	-47.7958	505.676	0	
26.2122	-47.5873	526.497	0	
-99.9985	-36.0407	1019.93	0	
-96.6648	-27.4598	1035.94	0	
-98.8599	-43.4908	895.195	0	
-80.4857	-35.5349	1076.6	0	
-163.404	-50.9608	1121.91	0	
-107.716	-63.4503	979.283	0	
-90.5028	-35.2672	1051.04	0	
-94.2465	-45.8076	996.069	0	
155.531	-25.6086	1035.97	0	
162.53	-38.6767	1114.68	0	
145.406	-55.4476	1056	0	
154.317	-46.2331	1085.44	0	
-213.385	-66.8866	1255.72	0	
-68.9458	-57.4799	980.128	0	
-90.1982	-53.4761	1020.42	0	
-83.9074	-41.2679	1018.94	0	
162.103	-45.2249	1175.27	0	
179.505	-41.8783	1223.05	0	
-26.1557	-55.5594	749.453	0	
139.16	-65.0425	1131.51	0	
197.836	-37.8736	1273.39	0	
182.569	-22.1973	1257.59	0	
84.0431	-43.7432	887.191	0	
105.034	-36.7207	872.165	0	
152.77	-54.4151	1146.58	0	
130.092	-61.4294	1014.42	0	
118.312	-65.1624	923.098	0	
75.0509	-68.8235	842.602	0	
146.414	-81.4576	1130.76	0	
-56.4852	-56.245	971.833	0	
36.3201	-53.5053	788.494	0	
64.865	-77.0726	961.108	0	
112.416	-78.8413	1048.35	0	
59.9585	-55.1042	980.657	0	
70.2087	-55.7224	937.952	0	
190.375	-24.8482	1266.79	0	
208.311	-28.8887	1300.89	0	
178.328	-52.8869	1251.73	0	
191.284	-60.8463	1243.71	0	
-88.1029	-75.4263	1048.4	0	
201.257	-51.9863	1278.63	0	
232.766	-30.613	1300.61	0	
-94.3526	-64.6703	874.081	0	
-21.2176	-68.4889	563.215	0	
-136.235	-54.5345	919.125	0	
-75.0762	-70.6121	808.386	0	
-135.57	-69.1305	1152.43	0	
17.1658	-67.2349	594.714	0	
-40.3839	-67.1895	775.725	0	
-31.1675	-76.4316	697.844	0	
-40.0545	-114.942	787.011	0	
12.3999	-80.9419	703.155	0	
-62.4004	-77.8089	966.641	0	
87.3127	-69.9851	925.521	0	
42.2377	-72.0126	854.397	0	
55.7444	-67.659	711.553	0	
40.1802	-103.505	975.392	0	
95.4064	-81.6752	928.617	0	
28.0081	-85.7304	640.235	0	
122.096	-92.0535	1053.65	0	
161.728	-77.7738	1221.24	0	
-193.993	-43.518	1269.43	0	
15.2296	-47.9657	475.214	0	
-2.66107	-58.4408	376.606	0	
-9.7003	-71.0667	688.163	0	
-2.01149	-84.2955	659.775	0	
-119.078	-74.1502	969.242	0	
-32.1741	-91.5468	739.202	0	
-46.1975	-98.0428	929.35	0	
174.139	-96.1654	1199.03	0	
-93.5477	-95.5998	921.104	0	
177.439	-132.495	1189.46	0	
-14.5355	-96.8328	832.598	0	
214.807	-50.7788	1292.23	0	
227.722	-62.6715	1264.31	0	
-226.174	-52.2763	1280.81	0	
140.1	-95.1239	1185.81	0	
65.7718	-108.2	1011.7	0	
71.1759	-93.9508	894.375	0	
-196.369	-62.35	1271.21	0	
-111.16	-95.5437	1127.08	0	
-0.0955761	-124.944	1022.34	0	
140.341	-120.541	1199.62	0	
149.26	-111.77	1166.54	0	
224.915	-82.6931	1248.63	0	
-149.645	-83.0905	1123.41	0	
-181.387	-78.8859	1218.37	0	
-223.27	-87.3322	1229.11	0	
206.301	-97.3985	1217.77	0	
-122.3	-109.469	1129.09	0	
89.4554	-97.3917	1013.49	0	
115.761	-106.486	1147.69	0	
94.5914	-125.39	1150.25	0	
100.129	-108.99	1053.22	0	
-212.53	-108.31	1212.76	0	
-187.663	-104.4	1227.83	0	
-61.1884	-90.7965	767.073	0	
-17.3938	-112.921	852.564	0	
118.793	-131.494	1190.11	0	
78.5133	-128.04	1049.38	0	
145.868	-135.276	1179.45	0	
29.3462	-123.276	968.972	0	
-50.7969	-127.592	1049.86	0	
124.844	-118.328	1134.9	0	
104.171	-136.052	1120.42	0	
164.24	-142.504	1201.8	0	
167.986	-116.495	1219.07	0	
100.66	-156.977	1145.26	0	
131.518	-141.125	1177.08	0	
68.4008	-148.446	1175.82	0	
208.027	-119.4	1198.52	0	
190.911	-84.7228	1259.91	0	
-79.309	-103.773	1056.2	0	
-75.0605	-123.67	1079.85	0	
-150.767	-144.01	1234.33	0	
-166.751	-116.842	1187.97	0	
-117.627	-141.298	1180.94	0	
196.992	-135.207	1196.11	0	
-237.04	-135.177	1156.94	0	
210.321	-157.735	1160.25	0	
231.512	-122.086	1175.88	0	
233.724	-149.676	1178.48	0	
-94.1678	-149.074	1110.81	0	
44.8253	-148.377	1044.81	0	
