# File: UnstructuredGrid_Inversion_L0_Coarse_Iter01.dat
# (No specific header documentation)

-161.25	-0.496475	877.329	0	
-159.375	-0.668155	912.345	0	
-65.625	-0.431516	877.743	0	
30.625	-0.431516	911.535	0	
-144.294	-102.036	925.234	0	
126.875	-0.668155	913.966	0	
31.875	-0.668155	940.64	0	
-165.826	-72.3824	958.221	0	
-64.375	-0.668155	884.949	0	
-120.32	-2.91409	919.408	0	
-147.888	-47.073	956.072	0	
-143.958	-2.01633	938.045	0	
-158.741	-19.8395	935.302	0	
-159.808	-14.2913	921.503	0	
-115.104	-1.86538	912.648	0	
-108.175	-49.9394	977.025	0	
-66.354	-1.86538	889.499	0	
-138.854	-1.86538	940.089	0	
-156.794	-6.05848	915.56	0	
-148.75	-1.09967	939.012	0	
-145.208	-2.72654	935.274	0	
-146.458	-2.01633	939.487	0	
-125.881	-3.06027	926.773	0	
-154.094	-4.85908	925.431	0	
-157.708	-2.01633	921.018	0	
-151.071	-10.8319	921.959	0	
-154.792	-2.72654	928.564	0	
-158.77	-3.86216	912.043	0	
125.625	-0.431516	923.506	0	
-24.0702	-2.91409	948.758	0	
-157.76	-5.35468	915.823	0	
-46.4583	-2.01633	899.682	0	
-157.292	-2.72654	919.399	0	
-160.13	-11.9534	914.771	0	
-18.854	-1.86538	962.275	0	
-151.295	-2.8545	935.185	0	
29.896	-1.86538	919.875	0	
-42.604	-1.86538	904.691	0	
-169.22	-2.04966	909.089	0	
-53.75	-1.09967	901.107	0	
-165.6	-1.76839	893.705	0	
-167.3	-0.925681	898.139	0	
-62.2917	-2.72654	903.159	0	
-171.389	-5.89642	925.392	0	
-61.0417	-3.47328	904.189	0	
-164.269	-10.8597	921.564	0	
-59.7917	-2.72654	901.498	0	
-68.125	-0.36089	879.231	0	
-65.5207	-2.1669	895.62	0	
-87.5	-1.09967	898.758	0	
-158.125	-0.431516	918.059	0	
-156.875	-0.668155	928.696	0	
-80.5207	-2.1669	894.845	0	
-157.5	-1.09967	918.827	0	
-70.625	-0.431516	880.042	0	
79.375	-0.668155	889.478	0	
-154.375	-0.668155	938.601	0	
55.625	-0.668155	882.831	0	
-153.125	-0.431516	935.828	0	
-150.625	-0.366631	939.619	0	
38.5417	-2.01633	901.131	0	
-153.75	-1.09967	934.567	0	
49.7917	-2.01633	894.078	0	
-155.625	-0.431516	928.556	0	
72.1798	-2.91409	909.148	0	
-162.583	-1.33918	884.302	0	
-60	-1.09967	896.627	0	
-149.375	-0.431516	946.017	0	
-155	-1.09967	927.587	0	
31.0415	-5.36053	936.421	0	
-148.125	-0.668155	943.575	0	
31.0341	-3.06466	925.718	0	
-146.875	-0.431516	946.198	0	
-147.5	-1.09967	936.436	0	
36.875	-0.668155	919.722	0	
32.7083	-2.01633	922.339	0	
-144.375	-0.431516	943.992	0	
28.125	-0.36089	922.062	0	
-137.5	-1.09967	938.69	0	
-139.375	-0.366631	941.064	0	
25.625	-0.431516	935.057	0	
-143.125	-0.668155	946.316	0	
33.75	-1.09967	906.33	0	
-143.75	-1.09967	938.419	0	
34.375	-0.668155	929.386	0	
8.75	-1.09967	989.151	0	
-136.875	-0.668155	939.783	0	
183.782	-3.55475	978.936	0	
-135.625	-0.431516	943.66	0	
-135	-0.798148	929.186	0	
135.922	-2.00504	931.079	0	
-136.25	-1.09967	935.832	0	
149.65	-2.73747	940.268	0	
131.936	-4.3008	929.299	0	
-131.25	-0.798148	931.447	0	
129.003	-2.80091	922.285	0	
-122.604	-1.86538	919.221	0	
-128.75	-1.09967	929.92	0	
129.375	-0.668155	915.638	0	
-130.625	-0.431516	936.167	0	
133.125	-0.668155	935.408	0	
-130	-1.09967	933.622	0	
141.875	-0.668155	945.44	0	
-138.125	-0.431516	943.171	0	
15.7293	-2.1669	967.112	0	
128.75	-1.09967	923.786	0	
-121.25	-1.09967	915.241	0	
120.625	-0.431516	915.357	0	
-121.875	-0.431516	916.198	0	
-120.625	-0.668155	926.745	0	
110.744	-2.06993	911.708	0	
-123.125	-0.366631	925.162	0	
123.125	-0.36089	915.326	0	
-116.875	-0.36089	909.66	0	
-120	-1.09967	909.822	0	
-133.661	-2.93321	933.302	0	
-115.625	-0.366631	916.438	0	
-114.375	-0.431516	909.943	0	
-127.5	-0.798148	922.737	0	
-113.75	-1.09967	908.172	0	
-119.375	-0.431516	916.628	0	
-115	-0.798148	917.189	0	
100.625	-0.431516	902.726	0	
-93.125	-0.668155	891.889	0	
-112.5	-1.09967	906.608	0	
-103.125	-0.668155	916.988	0	
-111.25	-0.798148	913.176	0	
-103.75	-1.09967	901.034	0	
-114.271	-2.1669	916.143	0	
-111.875	-0.431516	906.035	0	
-110.328	-2.00504	911.629	0	
-111.994	-2.06993	916.322	0	
-108.125	-0.431516	912.536	0	
-141.875	-0.431516	942.511	0	
-104.375	-0.431516	903.472	0	
-95.104	-1.86538	897.008	0	
-142.5	-1.09967	936.996	0	
-105.625	-0.366631	912.639	0	
-110.625	-0.366631	911.684	0	
-108.75	-1.09967	914.842	0	
-109.375	-0.668155	903.997	0	
-113.125	-0.668155	921.011	0	
-104.405	-3.52006	912.584	0	
-128.125	-0.431516	936.183	0	
127.708	-2.01633	920.15	0	
-102.5	-1.09967	899.969	0	
43.125	-0.668155	871.547	0	
-129.375	-0.668155	927.611	0	
-101.875	-0.431516	900.054	0	
-133.125	-0.668155	944.283	0	
-99.375	-0.668155	892.544	0	
-101.25	-0.798148	907.659	0	
-90.9973	-2.80091	903.065	0	
-134.375	-0.366631	936.388	0	
-95.625	-0.366631	893.164	0	
-150.089	-1.76841	939.002	0	
-73.854	-1.86538	890.562	0	
-92.5	-1.09967	897.184	0	
-148.968	-2.99641	935.252	0	
-94.375	-0.431516	883.261	0	
-151.875	-0.668155	943.675	0	
-93.75	-1.09967	895.621	0	
-135.744	-2.06993	935.008	0	
-149.256	-2.06993	938.115	0	
-88.75	-0.798148	886.008	0	
-147.292	-2.01633	938.048	0	
-81.354	-1.86538	889.112	0	
-86.25	-1.09967	889.629	0	
-146.25	-1.09967	937.272	0	
-88.125	-0.431516	882.007	0	
-145.625	-0.668155	946.882	0	
-156.042	-2.01633	926.997	0	
-81.875	-0.366631	875.494	0	
-150	-0.798148	934.709	0	
-79.375	-0.668155	877.443	0	
-73.75	-0.798148	893.466	0	
-153.542	-2.01633	932.841	0	
-80.625	-0.431516	878.272	0	
-155.208	-2.01633	931.68	0	
-85.625	-0.431516	879.811	0	
-156.25	-1.09967	930.942	0	
-91.875	-0.431516	882.292	0	
-138.75	-0.798148	937.808	0	
-158.75	-1.09967	919.543	0	
-72.5	-1.09967	895.795	0	
-20.625	-0.36089	957.416	0	
-73.125	-0.431516	879.499	0	
-71.875	-0.668155	883.52	0	
-23.125	-0.431516	954.875	0	
-74.375	-0.366631	881.294	0	
-158.542	-2.01633	912.228	0	
-31.25	-0.798148	920.045	0	
-71.25	-1.09967	887.939	0	
3.125	-0.668155	1026.39	0	
-66.875	-0.366631	883.881	0	
30.7293	-2.1669	919.85	0	
-14.0777	-2.00504	975.891	0	
-65	-1.09967	892.976	0	
-8.15454	-3.52006	965.658	0	
-66.25	-0.798148	892.621	0	
-37.4111	-2.93321	909.903	0	
-18.0207	-2.1669	969.807	0	
-63.125	-0.431516	877.306	0	
-15.7444	-2.06993	965.25	0	
-60.625	-0.431516	879.236	0	
-59.375	-0.668155	888.283	0	
-14.375	-0.366631	997.404	0	
-61.875	-0.668155	888.136	0	
-13.125	-0.668155	979.153	0	
-46.875	-0.431516	888.03	0	
-58.125	-0.431516	877.913	0	
-33.125	-0.668155	903.618	0	
-54.375	-0.431516	888.995	0	
-53.125	-0.668155	868.291	0	
-41.7707	-2.1669	905.188	0	
-55.625	-0.366631	877.331	0	
-41.4106	-3.16569	909.873	0	
-58.75	-1.09967	886.258	0	
-44.375	-0.36089	896.882	0	
-62.5	-1.09967	897.497	0	
-6.875	-0.668155	1015.08	0	
-78.75	-1.09967	888.804	0	
-152.5	-1.09967	929.88	0	
-39.4944	-2.06993	905.283	0	
-51.875	-0.431516	883.847	0	
-56.875	-0.668155	891.853	0	
-49.375	-0.431516	887.076	0	
-48.125	-0.668155	870.131	0	
-55.0889	-1.76841	892.511	0	
-48.75	-1.09967	898.023	0	
-38.125	-0.366631	896.59	0	
-42.5	-0.798148	901.939	0	
-41.25	-1.09967	915.031	0	
-50.625	-0.668155	867.128	0	
-41.875	-0.431516	907.865	0	
-40.625	-0.668155	881.526	0	
-52.2917	-2.01633	891.42	0	
-43.125	-0.366631	877.576	0	
-54.2556	-2.06993	897.56	0	
-47.5	-1.09967	915.894	0	
-53.9679	-2.99641	901.912	0	
-61.25	-1.09967	884.598	0	
-39.375	-0.431516	910.922	0	
-62.7083	-2.01633	890.48	0	
-33.75	-1.09967	924.286	0	
-35	-0.798148	910.546	0	
-55	-0.798148	897.258	0	
-38.75	-0.798148	904.43	0	
-61.0417	-2.01633	895.003	0	
-57.5	-1.09967	891.6	0	
-26.354	-1.86538	936.193	0	
-63.5417	-2.01633	896.211	0	
-31.875	-0.431516	933.68	0	
-25	-1.09967	919.676	0	
-69.375	-0.668155	886.984	0	
-32.5	-1.09967	934.741	0	
-63.75	-1.09967	883.001	0	
-34.375	-0.431516	933.918	0	
-58.5417	-2.01633	893.221	0	
-40	-1.09967	922.625	0	
-51.25	-1.09967	899.106	0	
-73.0207	-2.1669	897.523	0	
-25.625	-0.431516	942.607	0	
-71.0417	-2.01633	897.07	0	
-18.75	-0.798148	970.808	0	
-23.75	-1.09967	941.253	0	
-70	-1.09967	900.966	0	
-24.375	-0.668155	975.29	0	
-67.5054	-1.48403	887.009	0	
-78.125	-0.431516	878.708	0	
-19.375	-0.366631	990.04	0	
-80	-1.09967	896.645	0	
-16.875	-0.668155	1003.72	0	
-16.25	-1.09967	959.029	0	
93.5212	-2.84299	910.921	0	
-18.125	-0.431516	971.103	0	
-91.4583	-2.01633	895.027	0	
-17.5	-1.09967	940.78	0	
-75.625	-0.36089	880.293	0	
82.5446	-2.8545	908.552	0	
-15	-0.798148	964.228	0	
101.503	-2.80091	912.732	0	
-12.5	-1.09967	976.511	0	
-11.875	-0.431516	995.993	0	
83.125	-0.668155	898.294	0	
-7.5	-1.09967	969.755	0	
89.375	-0.668155	901.478	0	
81.875	-0.366631	891.255	0	
-8.125	-0.431516	993.536	0	
73.125	-0.431516	888.297	0	
-6.25	-1.09967	983.061	0	
-5.625	-0.431516	1001.74	0	
66.6193	-3.06027	910.676	0	
1.14595	-1.86538	1005.01	0	
75.625	-0.36089	890.406	0	
-9.375	-0.366631	1002.78	0	
80.5056	-2.06993	902.056	0	
-15.625	-0.431516	976.208	0	
99.375	-0.668155	899.54	0	
-26.875	-0.366631	961.196	0	
-67.5	-0.727521	900.783	0	
-52.5	-1.09967	912.644	0	
-36.875	-0.668155	929.383	0	
-137.661	-3.16569	933.383	0	
-5	-0.798148	975.335	0	
-3.125	-0.668155	1006.65	0	
63.125	-0.668155	885.869	0	
2.5	-1.09967	992.818	0	
0.625	-0.366631	1032.95	0	
58.4223	-2.00504	901.999	0	
59.375	-0.668155	896.746	0	
1.875	-0.431516	1026.35	0	
58.125	-0.366631	885.74	0	
3.75	-1.09967	1010.15	0	
4.375	-0.431516	1026.55	0	
51.875	-0.36089	890.18	0	
22.396	-1.86538	943.491	0	
56.7556	-2.06993	902.232	0	
7.5	-0.798148	981.676	0	
65.9223	-2.00504	901.618	0	
42.2821	-2.99641	908.322	0	
8.125	-0.431516	1012.49	0	
41.9944	-2.06993	896.426	0	
10	-1.09967	951.467	0	
10.625	-0.431516	1010.74	0	
45.625	-0.668155	870.943	0	
14.896	-1.86538	977.16	0	
53.75	-0.798148	895.741	0	
45	-1.09967	914.334	0	
15.625	-0.431516	978.294	0	
41.1611	-1.76841	894.657	0	
22.5	-0.798148	946.701	0	
17.5	-1.09967	923.758	0	
33.5417	-2.01633	908.805	0	
16.875	-0.668155	1003.1	0	
39.375	-0.668155	912.55	0	
14.375	-0.366631	1012.76	0	
43.9583	-2.01633	899.02	0	
23.75	-1.09967	930.722	0	
49.375	-0.431516	886.294	0	
37.7083	-2.01633	906.556	0	
21.875	-0.366631	974.094	0	
35	-1.09967	892.948	0	
24.375	-0.668155	967.141	0	
30	-0.798148	926.24	0	
35.2083	-2.01633	913.227	0	
23.125	-0.431516	938.248	0	
38.75	-1.09967	890.929	0	
28.7446	-1.48403	922.767	0	
31.25	-1.09967	908.177	0	
28.75	-0.727521	933.215	0	
125.729	-2.1669	919.943	0	
32.5	-1.09967	889.556	0	
25.2083	-2.01633	942.451	0	
29.375	-0.366631	942.533	0	
23.2293	-2.1669	941.211	0	
25	-1.09967	903.228	0	
26.875	-0.668155	957.323	0	
20.625	-0.36089	952.645	0	
36.25	-1.09967	898.2	0	
4.79167	-2.01633	1000.02	0	
42.5	-1.09967	909.941	0	
37.5	-1.09967	889.917	0	
16.25	-1.09967	964.285	0	
35.625	-0.431516	900.263	0	
18.125	-0.431516	973.222	0	
151.875	-0.431516	939.266	0	
40.625	-0.366631	882.806	0	
149.375	-0.431516	942.105	0	
53.646	-1.86538	896.856	0	
43.75	-1.09967	900.143	0	
149.529	-1.8473	934.598	0	
41.875	-0.431516	894.369	0	
144.672	-2.00504	938.877	0	
38.125	-0.431516	893.171	0	
154.375	-0.36089	931.532	0	
33.125	-0.431516	908.521	0	
26.25	-1.09967	925.088	0	
44.375	-0.431516	887.338	0	
41.25	-0.798148	892.657	0	
143.006	-2.06993	937.323	0	
47.5	-1.09967	910.604	0	
138.75	-0.727521	933.167	0	
48.125	-0.668155	871.134	0	
48.75	-1.09967	899.91	0	
136.875	-0.668155	930.097	0	
46.875	-0.431516	885.845	0	
144.375	-0.366631	943.786	0	
140	-0.798148	930.737	0	
53.125	-0.366631	879.677	0	
135.625	-0.366631	936.104	0	
77.396	-1.86538	899.22	0	
56.25	-1.09967	905.552	0	
130.625	-0.366631	926.526	0	
54.375	-0.431516	890.802	0	
134.256	-2.06993	927.471	0	
55	-1.09967	904.367	0	
136.619	-3.06027	928.17	0	
121.875	-0.668155	908.358	0	
57.5	-0.798148	903.095	0	
61.25	-0.798148	894.782	0	
62.5	-1.09967	904.744	0	
61.875	-0.431516	891.253	0	
118.229	-2.1669	915.465	0	
56.875	-0.431516	898.33	0	
123.745	-1.48403	915.459	0	
120.208	-2.01633	912.685	0	
69.896	-1.86538	896.999	0	
115.625	-0.36089	906.789	0	
64.375	-0.431516	894.709	0	
71.25	-1.09967	895.835	0	
113.125	-0.431516	906.297	0	
63.75	-1.09967	900.073	0	
121.25	-1.09967	915.208	0	
69.375	-0.366631	888.006	0	
123.75	-0.727521	913.438	0	
91.25	-0.798148	906.013	0	
131.161	-1.76841	924.685	0	
106.875	-0.431516	901.753	0	
70.625	-0.431516	889.993	0	
-116.255	-1.48403	911.879	0	
77.5	-0.798148	906.007	0	
72.5	-1.09967	905.621	0	
-121.771	-2.1669	920.817	0	
71.875	-0.668155	893.1	0	
-118.125	-0.668155	925.84	0	
-119.792	-2.01633	920.735	0	
76.875	-0.366631	889.01	0	
-123.75	-0.727521	923.156	0	
124.896	-1.86538	918.056	0	
80	-1.09967	905.674	0	
-125.625	-0.668155	935.976	0	
78.125	-0.431516	890.845	0	
-118.75	-1.09967	912.348	0	
78.75	-1.09967	900.207	0	
-116.25	-0.727521	915.129	0	
-86.875	-0.668155	875.263	0	
81.25	-0.798148	897.224	0	
-90.625	-0.668155	887.75	0	
83.75	-1.09967	899.793	0	
84.375	-0.431516	896.339	0	
-92.2917	-2.01633	897.889	0	
88.75	-1.09967	905.825	0	
-98.9788	-2.84299	907.696	0	
-98.125	-0.431516	902.194	0	
88.125	-0.431516	904.698	0	
-109.955	-2.8545	918.706	0	
90	-1.09967	910.709	0	
90.625	-0.431516	904.24	0	
-95	-0.798148	908.09	0	
97.396	-1.86538	908.044	0	
-98.75	-1.09967	904.78	0	
86.875	-0.366631	897.976	0	
-91.25	-1.09967	891.041	0	
80.625	-0.431516	891.676	0	
-94.2707	-2.1669	901.26	0	
101.042	-2.01633	909.817	0	
145.625	-0.668155	947.622	0	
-100.625	-0.366631	905.602	0	
93.125	-0.668155	906.179	0	
-105.089	-1.76841	909.612	0	
96.875	-0.366631	897.623	0	
98.75	-1.09967	909.923	0	
-106.875	-0.668155	902.01	0	
-105	-0.798148	918.21	0	
117.396	-1.86538	911.662	0	
-107.5	-1.09967	922.966	0	
105	-1.09967	905.87	0	
103.75	-0.798148	906.489	0	
-111.161	-1.76841	912.309	0	
100	-1.09967	914.906	0	
-108.542	-2.01633	915.412	0	
98.125	-0.431516	904.282	0	
-113.909	-3.16789	919.112	0	
-140.625	-0.36089	946.213	0	
111.25	-1.09967	911.181	0	
-134.078	-2.00504	931.548	0	
109.375	-0.366631	902.221	0	
110.625	-0.431516	906.492	0	
-122.5	-0.798148	922.678	0	
106.25	-1.09967	904.029	0	
-140.005	-1.48403	940.657	0	
-126.875	-0.366631	924.783	0	
117.5	-0.798148	912.28	0	
-131.339	-1.76841	930.237	0	
118.75	-1.09967	915.04	0	
116.875	-0.366631	898.401	0	
-134.911	-1.76841	934.663	0	
112.5	-1.09967	917.783	0	
-131.875	-0.366631	931.723	0	
111.875	-0.668155	896.97	0	
-128.244	-2.06993	928.891	0	
104.375	-0.431516	899.032	0	
-110	-1.03479	917.252	0	
-151.25	-1.03479	938.011	0	
119.375	-0.668155	903.453	0	
-139.484	-2.19037	935.905	0	
120	-1.09967	923.551	0	
126.25	-1.09967	920.19	0	
-140	-0.727521	936.989	0	
125	-0.798148	915.199	0	
-150.922	-2.00504	936.214	0	
-144.792	-2.01633	939.31	0	
172.314	-2.47004	957.636	0	
-20.0054	-1.48403	961.397	0	
128.125	-0.431516	922.55	0	
132.5	-1.09967	918.537	0	
-25.5207	-2.1669	948.593	0	
127.5	-1.09967	925.293	0	
-21.875	-0.668155	983.884	0	
124.375	-0.366631	906.99	0	
-145	-1.09967	932.457	0	
-23.5417	-2.01633	942.176	0	
131.875	-0.431516	923.24	0	
-27.5	-0.727521	931.834	0	
133.75	-1.09967	925.067	0	
134.375	-0.431516	926.698	0	
-29.375	-0.668155	953.22	0	
139.896	-1.86538	937.997	0	
-22.5	-1.09967	918.476	0	
9.375	-0.668155	1032.38	0	
141.25	-1.09967	937.846	0	
5.625	-0.668155	1021.1	0	
140.625	-0.431516	947.817	0	
156.146	-1.86538	920.578	0	
3.95833	-2.01633	988.532	0	
139.375	-0.366631	934.635	0	
-2.72879	-2.84299	985.566	0	
135	-0.798148	928.737	0	
1.97929	-2.1669	992.819	0	
131.25	-0.798148	925.442	0	
-20	-0.727521	952.06	0	
118.125	-0.431516	913.98	0	
-133.75	-1.03479	930.89	0	
-1.875	-0.431516	1013.38	0	
143.125	-0.431516	944.46	0	
-13.7054	-2.8545	956.065	0	
150	-1.09967	942.728	0	
146.25	-1.09967	937.594	0	
1.25	-0.798148	1001.07	0	
143.75	-0.798148	940.483	0	
-2.5	-1.09967	1000.98	0	
-4.375	-0.366631	1012.04	0	
150.625	-0.668155	938.373	0	
-8.83895	-1.76841	985.157	0	
151.25	-1.09967	935.566	0	
157.5	-1.09967	921.872	0	
-17.6594	-3.16789	951.384	0	
156.25	-0.798148	911.489	0	
-10.625	-0.668155	983.302	0	
148.125	-0.366631	941.506	0	
-5.74439	-2.06993	974.318	0	
-12.2917	-2.01633	971.847	0	
156.875	-0.431516	908.664	0	
-14.9111	-1.76841	972.441	0	
158.958	-1.16463	895.654	0	
160	-0.496475	882.586	0	
-13.75	-1.03479	982.375	0	
158.125	-0.668155	874.941	0	
-11.25	-1.09967	989.035	0	
-43.7554	-1.48403	899.114	0	
159.338	-2.74918	885.37	0	
-26.25	-0.798148	945.745	0	
164.35	-1.76839	915.927	0	
166.05	-0.925681	921.512	0	
-31.9944	-2.06993	916.748	0	
155.521	-4.78762	917.933	0	
-37.8277	-2.00504	914.272	0	
161.333	-1.33918	883.395	0	
-45.625	-0.668155	870.817	0	
155.625	-0.366631	916.045	0	
-8.75	-0.798148	989.478	0	
-35.625	-0.366631	900.762	0	
174.762	-1.34606	956.69	0	
-38.6611	-1.76841	905.795	0	
177.527	-2.9619	972.581	0	
168.496	-7.04709	943.761	0	
-37.5	-1.03479	892.482	0	
166.796	-10.6094	945.903	0	
-35.0889	-1.76841	914.268	0	
-55.9223	-2.00504	894.716	0	
154.805	-6.09945	911.741	0	
-43.75	-0.727521	890.366	0	
119.775	-42.5718	926.212	0	
169.138	-29.3032	966.297	0	
-47.2917	-2.01633	890.421	0	
199.784	-4.78957	979.66	0	
-51.0417	-2.72654	898.375	0	
177.385	-6.05361	964.597	0	
-56.25	-1.03479	884.743	0	
-50	-1.09967	914.632	0	
-68.75	-1.02905	880.667	0	
-66.9845	-2.19037	899.189	0	
-49.7917	-2.01633	889.468	0	
28.7125	-3.24559	925.591	0	
-75.0054	-1.48403	887.681	0	
-79.0702	-2.91409	901.259	0	
-76.875	-0.668155	882.244	0	
-71.5702	-2.91409	902.466	0	
168.693	-54.0604	963.699	0	
-46.25	-1.09967	900.987	0	
167.97	-2.04966	922.161	0	
-30.625	-0.366631	920.226	0	
142.5	-1.09967	937.474	0	
5	-1.09967	980.152	0	
-75	-0.727521	900.939	0	
-101.994	-2.06993	912.782	0	
-78.5417	-2.01633	896.366	0	
65	-0.798148	903.192	0	
-77.5	-1.09967	902.336	0	
-82.5	-0.727521	898.634	0	
-84.375	-0.668155	877.015	0	
98.2293	-2.1669	911.3	0	
105.625	-0.668155	907.895	0	
92.1723	-2.00504	908.346	0	
101.875	-0.668155	899.097	0	
100.208	-2.01633	908.532	0	
101.25	-1.09967	908.401	0	
94.375	-0.431516	902.137	0	
93.75	-1.09967	904.203	0	
88.0955	-3.52006	913.282	0	
97.5	-0.798148	912.264	0	
90.5056	-2.06993	910.832	0	
91.875	-0.366631	901.829	0	
85.625	-0.668155	899.918	0	
87.4111	-1.76841	906.786	0	
82.1723	-2.00504	902.588	0	
87.5	-0.798148	911.143	0	
83.9583	-2.01633	905.378	0	
85	-1.09967	906.561	0	
81.3389	-1.76841	899.712	0	
82.5	-1.03479	899.066	0	
74.375	-0.668155	890.745	0	
76.2446	-1.48403	896.159	0	
70.7293	-2.1669	903.797	0	
76.25	-0.727521	891.755	0	
72.7083	-2.01633	899.786	0	
73.75	-1.09967	895.511	0	
68.75	-0.727521	890.894	0	
66.875	-0.668155	891.369	0	
58.8389	-2.93321	910.274	0	
70	-0.798148	903.738	0	
64.2556	-2.06993	904.186	0	
65.625	-0.366631	884.295	0	
60.625	-0.366631	886.179	0	
61.1611	-1.76841	897.947	0	
57.5889	-1.76841	900.341	0	
58.75	-1.03479	894.927	0	
50.625	-0.668155	873.333	0	
52.4946	-1.48403	894.138	0	
45.2083	-2.72654	905.658	0	
52.5	-0.727521	903.069	0	
48.9583	-2.01633	896.9	0	
50	-1.09967	912.226	0	
46.25	-1.09967	898.713	0	
46.4583	-2.01633	896.605	0	
40	-1.03479	883.96	0	
40.3277	-2.00504	903.5	0	
27.5	-1.02905	902.866	0	
29.2655	-2.19037	928.876	0	
24.6798	-2.91409	931.437	0	
121.042	-2.01633	917.97	0	
19.375	-0.668155	993.641	0	
21.2446	-1.48403	948.758	0	
17.1798	-2.91409	952.884	0	
21.25	-0.727521	964.083	0	
17.7083	-2.01633	971.186	0	
18.75	-1.09967	954.638	0	
13.75	-0.727521	999.07	0	
11.875	-0.668155	1026.89	0	
153.125	-0.668155	931.893	0	
154.995	-1.48403	925.037	0	
145.155	-3.05088	936.496	0	
155	-0.727521	925.27	0	
151.458	-2.01633	939.013	0	
152.5	-1.09967	940.982	0	
146.875	-0.431516	946.482	0	
148.696	-1.54577	940.963	0	
147.758	-2.24637	938.172	0	
148.75	-0.798148	939.738	0	
143.839	-1.76841	940.482	0	
145	-1.03479	937.838	0	
138.125	-0.36089	937.211	0	
138.745	-1.48403	936.089	0	
135.089	-1.76841	929.196	0	
136.25	-1.03479	932.368	0	
130	-1.03479	928.396	0	
130.328	-2.00504	921.824	0	
122.5	-1.02905	918.69	0	
124.266	-2.19037	916.93	0	
119.68	-2.91409	919.99	0	
156.979	-2.1669	897.828	0	
114.375	-0.668155	900.334	0	
116.245	-1.48403	908.436	0	
112.163	-2.94281	917.232	0	
116.25	-0.727521	906.202	0	
112.708	-2.01633	907.386	0	
113.75	-1.09967	908.315	0	
108.125	-0.668155	909.969	0	
109.911	-1.76841	907.919	0	
-117.5	-1.02905	903.486	0	
-115.734	-2.19037	917.905	0	
-138.021	-2.1669	935.947	0	
-67.5375	-3.24559	904.982	0	
-124.375	-0.36089	917.854	0	
-123.755	-1.48403	918.657	0	
-88.0056	-2.06993	892.094	0	
-81.25	-0.798148	890.592	0	
-86.0417	-2.01633	895.892	0	
-85	-1.09967	904.955	0	
-89.375	-0.366631	878.959	0	
-88.8389	-1.76841	890.583	0	
-96.875	-0.36089	882.451	0	
-96.2554	-1.48403	896.354	0	
-95.7345	-2.19037	906.987	0	
-96.25	-0.727521	897.834	0	
-101.161	-1.76841	908.309	0	
-100	-1.03479	917.129	0	
-106.25	-1.03479	914.562	0	
-105.922	-2.00504	915.092	0	
-70.2083	-2.01633	894.117	0	
-100.328	-2.00504	905.03	0	
-141.25	-0.792406	939.495	0	
-140.814	-2.07688	936.357	0	
-153.54	-3.47677	929.401	0	
-123.787	-3.24559	923.295	0	
-127.411	-1.76841	926.684	0	
-126.25	-1.03479	921.214	0	
-132.5	-1.03479	922.98	0	
-132.172	-2.00504	934.444	0	
-118.958	-2.01633	917.371	0	
-126.578	-2.00504	924.595	0	
-202.353	-21.532	991.782	0	
-119.833	-3.79821	925.463	0	
-21.25	-1.02905	945.679	0	
-19.4845	-2.19037	959.553	0	
-27.5375	-3.24559	936.379	0	
5.25269	-2.80091	970.342	0	
-28.125	-0.36089	925.361	0	
-27.5054	-1.48403	933.307	0	
8.24439	-2.06993	981.698	0	
15	-0.798148	970.816	0	
10.2083	-2.01633	997.186	0	
11.25	-1.09967	991.279	0	
6.875	-0.366631	1027.32	0	
7.41105	-1.76841	998.438	0	
-0.625	-0.36089	1018.58	0	
-0.00541199	-1.48403	1008.74	0	
0.51554	-2.19037	983.773	0	
0	-0.727521	982.888	0	
-4.91105	-1.76841	985.173	0	
-3.75	-1.03479	991.733	0	
-10	-1.03479	990.523	0	
-9.67228	-2.00504	980.704	0	
26.0417	-2.01633	928.216	0	
-4.07772	-2.00504	991.607	0	
-45	-1.02905	914.478	0	
-43.2345	-2.19037	900.004	0	
-50.2083	-2.72654	904.965	0	
-29.6307	-3.06027	922.713	0	
-31.1611	-1.76841	922.666	0	
-30	-1.03479	907.542	0	
-36.25	-1.03479	902.377	0	
-35.9223	-2.00504	911.645	0	
-22.7083	-2.01633	956.689	0	
-30.3277	-2.00504	928.908	0	
-60.2083	-2.01633	892.028	0	
-51.4583	-2.01633	896.039	0	
-68.3387	-1.78555	897.492	0	
-68.4751	-2.84652	899.801	0	
-76.25	-1.02905	883.243	0	
-74.4845	-2.19037	900.759	0	
-77.7083	-2.01633	893.323	0	
-105.61	-4.06799	921.116	0	
-83.125	-0.36089	880.505	0	
-82.5054	-1.48403	886.034	0	
104.494	-2.06993	910.904	0	
110	-0.798148	909.363	0	
106.458	-2.01633	910.253	0	
107.5	-1.09967	907.138	0	
103.125	-0.366631	902.044	0	
103.661	-1.76841	906.956	0	
95.625	-0.36089	901.021	0	
96.2446	-1.48403	905.064	0	
96.7655	-2.19037	911.882	0	
96.25	-0.727521	905.743	0	
91.3389	-1.76841	908.39	0	
92.5	-1.03479	908.26	0	
86.25	-1.03479	904.673	0	
86.5777	-2.00504	907.08	0	
78.2293	-2.1669	904.805	0	
78.5906	-3.16789	912.671	0	
75	-1.02905	898.147	0	
76.7655	-2.19037	904.124	0	
68.7125	-3.24559	911.207	0	
123.713	-3.24559	920.766	0	
68.125	-0.36089	887.807	0	
68.7446	-1.48403	894.303	0	
65.0889	-1.76841	897.093	0	
66.25	-1.03479	893.403	0	
60	-1.03479	897.257	0	
60.3277	-2.00504	901.378	0	
54.4793	-2.1669	900.02	0	
73.5417	-2.01633	902.717	0	
51.25	-1.02905	899.988	0	
53.0155	-2.19037	901.384	0	
40.4973	-3.78292	914.208	0	
54.8394	-3.16569	911.583	0	
39.0027	-2.80091	908.532	0	
44.7917	-2.01633	891.719	0	
27.9113	-1.78555	934.907	0	
27.7749	-2.84652	927.153	0	
20	-1.02905	922.312	0	
21.7655	-2.19037	950.951	0	
-9.36018	-4.06799	946.817	0	
18.5417	-2.01633	953.612	0	
13.125	-0.36089	993.307	0	
13.7446	-1.48403	985.143	0	
153.75	-1.02905	930.78	0	
155.516	-2.19037	916.549	0	
142.62	-3.22837	936.14	0	
144.069	-5.7607	929.979	0	
147.5	-0.798148	935.463	0	
146.771	-2.1669	938.773	0	
140.729	-2.1669	935.805	0	
150.746	-2.90651	928.775	0	
137.5	-1.02905	938.002	0	
139.266	-2.19037	931.814	0	
130.64	-4.06799	924.282	0	
141.177	-3.32534	933.344	0	
131.994	-2.06993	927.455	0	
129.955	-2.8545	926.332	0	
128.542	-2.01633	922.797	0	
127.18	-2.91409	923.356	0	
122.911	-1.78555	915.198	0	
122.775	-2.84652	918.99	0	
115	-1.02905	911.966	0	
116.766	-2.19037	912.862	0	
86.8898	-4.06799	918.253	0	
113.542	-2.01633	912.424	0	
108.75	-1.03479	903.689	0	
109.078	-2.00504	910.06	0	
-117.089	-1.78555	919.008	0	
-117.225	-2.84652	917.503	0	
-125	-1.02905	908.46	0	
-123.234	-2.19037	923.515	0	
-78.5826	-3.79821	914.373	0	
-143.899	-7.68728	916.772	0	
-90	-1.03479	889.984	0	
-89.6723	-2.00504	894.113	0	
-97.5	-0.792406	910.226	0	
-97.0644	-2.07688	909.762	0	
-116.287	-3.24559	918.829	0	
-108.125	-3.34884	918.444	0	
-104.256	-2.06993	916.822	0	
-112.466	-3.07092	916.14	0	
-107.708	-2.01633	912.224	0	
-116.633	-5.94785	921.619	0	
-141.434	-1.75189	940.133	0	
-142.267	-2.05915	939.024	0	
-130.506	-2.06993	929.199	0	
-141.756	-5.80291	928.232	0	
-140.354	-6.17065	930.376	0	
-130.457	-4.4054	925.002	0	
-20.8387	-1.78555	957.657	0	
-20.9751	-2.84652	954.336	0	
-28.75	-1.02905	915.681	0	
-26.9845	-2.19037	936.39	0	
-43.7875	-3.24559	907.427	0	
-46.3858	-5.74538	921.686	0	
6.25	-1.03479	1005.34	0	
6.57772	-2.00504	991.275	0	
-1.25	-0.792406	987.413	0	
-0.814428	-2.07688	967.262	0	
-20.0375	-3.24559	955.19	0	
-11.875	-3.34884	943.042	0	
-8.00561	-2.06993	973.995	0	
-16.2164	-3.07092	961.975	0	
-11.4583	-2.01633	973.14	0	
-20.3828	-5.94785	948.255	0	
-44.5887	-1.78555	894.531	0	
-44.7251	-2.84652	903.364	0	
-34.2556	-2.06993	921.055	0	
-49.5151	-8.22246	919.86	0	
-44.2462	-5.42835	916.531	0	
-34.2075	-4.4054	928.849	0	
-75.0375	-3.24559	906.555	0	
25.1674	-3.79821	939.997	0	
-75.8387	-1.78555	897.606	0	
-75.9751	-2.84652	901.474	0	
-83.75	-1.02905	884.508	0	
-81.9845	-2.19037	898.377	0	
-90.0446	-2.8545	900.719	0	
-86.5873	-2.94281	899.641	0	
102.5	-1.03479	910.543	0	
102.828	-2.00504	908.019	0	
95	-0.792406	915.677	0	
95.4356	-2.07688	915.47	0	
76.2125	-3.24559	911.191	0	
84.375	-3.34884	914.133	0	
88.2444	-2.06993	912.544	0	
80.0336	-3.07092	913.955	0	
84.7917	-2.01633	905.288	0	
75.8672	-5.94785	928.303	0	
75.4113	-1.78555	900.64	0	
75.2749	-2.84652	906.088	0	
67.5	-1.02905	895.415	0	
69.2655	-2.19037	903.569	0	
52.4625	-3.24559	906.915	0	
49.8642	-5.74538	912.716	0	
61.9944	-2.06993	900.501	0	
46.7349	-8.22246	927.818	0	
52.0038	-5.42835	915.462	0	
62.0425	-4.4054	914.783	0	
51.6613	-1.78555	897.986	0	
51.5249	-2.84652	901.853	0	
21.2125	-3.24559	947.521	0	
107.75	-4.43486	921.542	0	
20.4113	-1.78555	961.992	0	
20.2749	-2.84652	947.986	0	
12.5	-1.02905	963.088	0	
14.2655	-2.19037	975.741	0	
6.20541	-2.8545	971.958	0	
9.66268	-2.94281	962.034	0	
154.161	-1.78555	926.677	0	
154.025	-2.84652	925.856	0	
152.292	-2.01633	931.088	0	
139.039	-4.35802	928.74	0	
137.911	-1.78555	931.126	0	
137.775	-2.84652	932.502	0	
116.213	-3.24559	917.065	0	
154.963	-3.24559	918.363	0	
115.411	-1.78555	909.705	0	
115.275	-2.84652	914.807	0	
107.292	-2.01633	909.782	0	
109.247	-3.78292	917.876	0	
-140.037	-3.24559	934.307	0	
-71.0826	-3.79821	912.37	0	
-124.589	-1.78555	925.756	0	
-124.725	-2.84652	922.767	0	
-92.8202	-2.91409	902.643	0	
-85.2083	-2.01633	891.334	0	
-97.684	-1.75189	901.088	0	
-98.5173	-2.05915	908.082	0	
-152.708	-2.01633	936.424	0	
-145.211	-4.15655	931.378	0	
-23.5826	-3.79821	937.164	0	
3.37811	-4.98343	934.728	0	
-28.3387	-1.78555	934.043	0	
-28.4751	-2.84652	929.168	0	
3.42981	-2.91409	980.389	0	
11.0417	-2.01633	978.477	0	
-1.43402	-1.75189	1008.04	0	
-2.26735	-2.05915	973.408	0	
-48.9583	-3.47328	908.208	0	
-47.6197	-4.31165	914.033	0	
-88.4261	-3.92482	906.064	0	
-92.8719	-4.98343	911.376	0	
-83.3387	-1.78555	895.127	0	
-83.4751	-2.84652	899.417	0	
99.6798	-2.91409	914.392	0	
107.753	-2.80091	913.947	0	
94.816	-1.75189	905.248	0	
93.9827	-2.05915	912.605	0	
72.6674	-3.79821	915.113	0	
120.167	-3.79821	920.129	0	
67.9113	-1.78555	900.836	0	
67.7749	-2.84652	904.932	0	
47.2917	-3.47328	903.717	0	
50.1448	-3.88818	907.594	0	
17.6674	-3.79821	953.335	0	
-0.0374544	-3.24559	941.664	0	
12.9113	-1.78555	989.915	0	
12.7749	-2.84652	970.945	0	
148.483	-4.32001	935.006	0	
187.308	-1.93891	977.739	0	
147.862	-1.54577	939.331	0	
148.712	-3.13655	930.193	0	
133.929	-3.08731	928.8	0	
138.713	-3.24559	930.813	0	
90.6555	-3.51902	914.026	0	
102.455	-2.8545	914.835	0	
-152.829	-5.21478	928.766	0	
-131.801	-4.25718	932.683	0	
-122.157	-4.23242	922.645	0	
-96.2875	-3.24559	911.78	0	
-46.1052	-3.88818	912.112	0	
-35.5505	-4.25718	909.797	0	
-25.9071	-4.23242	943.961	0	
13.7125	-3.24559	966.727	0	
-100.639	-4.06622	913.038	0	
-82.5375	-3.24559	904.102	0	
48.6303	-4.31165	909.462	0	
96.2125	-3.24559	919.459	0	
60.6995	-4.25718	914.467	0	
70.3429	-4.23242	916.037	0	
-4.38926	-4.06622	959.505	0	
7.82395	-3.92482	945.642	0	
146.42	-3.14785	935.801	0	
147.178	-4.41078	927.583	0	
34.7917	-2.72654	910.055	0	
33.9583	-2.72654	918.294	0	
126.034	-3.06466	921.23	0	
126.041	-5.36183	925.263	0	
-147.837	-2.94281	936.793	0	
-142.682	-2.77243	935.565	0	
-160.208	-1.16463	885.706	0	
-201.338	-10.2031	987.402	0	
-153.958	-2.72654	931.777	0	
-152.247	-2.80091	932.464	0	
-156.042	-3.47328	923.067	0	
-156.458	-2.72654	924.822	0	
-52.8373	-2.94281	903.908	0	
-49.7917	-3.47328	901.982	0	
-58.9583	-2.72654	900.7	0	
-57.7083	-2.01633	894.089	0	
-56.2946	-2.8545	902.869	0	
-57.2473	-2.80091	899.685	0	
-65.2159	-3.06466	904.837	0	
-65.2085	-5.36053	915.84	0	
-72.7159	-3.06466	906.976	0	
-69.5113	-3.00667	904.431	0	
43.4127	-2.94281	900.946	0	
46.4583	-3.47328	907.44	0	
36.0417	-2.01633	905.882	0	
32.5816	-3.68836	926.856	0	
32.1798	-2.91409	912.823	0	
36.4583	-2.72654	911.394	0	
23.5341	-3.06466	940.938	0	
26.7387	-3.00667	936.471	0	
118.534	-3.06466	917.198	0	
121.739	-3.00667	916.964	0	
-121.466	-3.06466	923.554	0	
-118.261	-3.00667	921.367	0	
-93.9659	-3.06466	909.418	0	
-93.9594	-5.36183	920.423	0	
-109.003	-2.80091	913.786	0	
-107.247	-2.80091	916.883	0	
-146.042	-2.72654	935.292	0	
-147.44	-3.72538	933.063	0	
-25.2159	-3.06466	930.698	0	
-22.0113	-3.00667	944.497	0	
2.28409	-3.06466	965.564	0	
2.29056	-5.36183	904.511	0	
-12.7527	-2.80091	974.112	0	
-10.9973	-2.80091	973.438	0	
-48.9583	-2.01633	897.931	0	
-45.7613	-3.00667	900.837	0	
-52.44	-3.72538	906.235	0	
-48.5417	-2.72654	897.525	0	
-80.2159	-3.06466	907.169	0	
-77.0113	-3.00667	905.79	0	
98.5341	-3.06466	914.779	0	
98.5406	-5.36183	920.246	0	
83.4973	-2.80091	907.577	0	
85.2527	-2.80091	908.906	0	
71.0341	-3.06466	909.408	0	
74.2387	-3.00667	907.603	0	
47.2917	-2.01633	891.401	0	
50.4887	-3.00667	905.862	0	
43.81	-3.72538	910.068	0	
47.7083	-2.72654	904.26	0	
16.0341	-3.06466	961.706	0	
19.2387	-3.00667	958.363	0	
151.132	-3.93062	933.93	0	
152.989	-3.00667	931.146	0	
111.032	-2.99641	914.138	0	
114.239	-3.00667	913.301	0	
-87.7179	-2.99641	905.027	0	
-84.5113	-3.00667	903.783	0	
8.53206	-2.99641	974.265	0	
11.7387	-3.00667	977.534	0	
104.782	-2.99641	914.362	0	
102.997	-3.78292	916.823	0	
-143.54	-2.72962	936.189	0	
-140.951	-3.13784	936.152	0	
-99.9558	-2.85377	914.62	0	
-97.2008	-3.13784	908.727	0	
-3.70582	-2.85377	954.586	0	
-0.950756	-3.13784	984.409	0	
92.5442	-2.85377	915.247	0	
95.2992	-3.13784	911.501	0	
41.5739	-3.92482	908.239	0	
46.0417	-2.72654	899.66	0	
127.582	-3.68916	923.687	0	
132.502	-3.08731	924.448	0	
127.128	-4.98343	927.306	0	
128.572	-3.57598	925.729	0	
-152.662	-3.55114	932.648	0	
-152.231	-4.40508	928.822	0	
-159.148	-3.04538	904.888	0	
-165.564	-17.3854	945.653	0	
-154.373	-3.97501	928.186	0	
-150.753	-3.78292	932.385	0	
-160.293	-8.30276	906.591	0	
-155.208	-3.47328	927.809	0	
-158.057	-10.316	914.525	0	
-143.957	-3.47621	933.422	0	
-58.5398	-3.47677	903.59	0	
-57.2309	-4.40508	911.099	0	
-61.4583	-2.72654	899.487	0	
-57.6621	-3.55114	906.74	0	
-62.7232	-3.50081	903.094	0	
-55.7527	-3.78292	905.255	0	
-64.0702	-2.91409	899.107	0	
-63.6684	-3.68836	909.917	0	
-61.8899	-3.99904	911.313	0	
-60.2083	-3.47328	903.18	0	
-72.8478	-5.56717	918.684	0	
-69.264	-5.46522	911.795	0	
39.9554	-2.8545	902.106	0	
39.0191	-4.40508	918.722	0	
37.2917	-2.72654	906.482	0	
38.5879	-3.55114	907.707	0	
34.3601	-3.99904	921.414	0	
37.7102	-3.47677	912.562	0	
35.2083	-3.47328	915.567	0	
33.5268	-3.50081	913.041	0	
23.4022	-5.56717	944.788	0	
26.986	-5.46522	942.759	0	
118.402	-5.56717	924.31	0	
114.489	-5.47929	924.827	0	
-121.598	-5.56717	930.86	0	
-125.6	-5.31383	929.036	0	
-92.4178	-3.68916	911.725	0	
-89.5027	-3.78292	909.825	0	
-90.9952	-4.42757	913.807	0	
-86.1036	-3.83222	911.42	0	
-109.687	-5.39772	925.9	0	
-106.295	-2.8545	913.832	0	
-110.64	-4.06799	916.32	0	
-98.2818	-3.59669	917.009	0	
-146.478	-3.50911	934.335	0	
-141.985	-3.52613	934.05	0	
-25.3478	-5.56717	931.18	0	
-29.3495	-5.31383	927.102	0	
3.83223	-3.68916	943.409	0	
6.7473	-3.78292	954.922	0	
5.25478	-4.42757	931.389	0	
10.1464	-3.83222	958.416	0	
-13.4371	-5.39772	911.432	0	
-10.0446	-2.8545	966.596	0	
-14.3898	-4.06799	961.353	0	
-2.03178	-3.59669	914.804	0	
-51.4777	-3.50911	906.944	0	
-47.7083	-2.72654	907.253	0	
-51.0637	-4.19254	907.13	0	
-47.2189	-3.60804	903.205	0	
-80.3478	-5.56717	920.726	0	
-84.2613	-5.47929	915.094	0	
100.082	-3.68916	917.739	0	
112.646	-3.83222	917.843	0	
110.324	-3.92482	920.797	0	
107.317	-3.58364	918.322	0	
82.8129	-5.39772	920.163	0	
86.2054	-2.8545	911.819	0	
81.8602	-4.06799	917.955	0	
94.2182	-3.59669	921.702	0	
70.9022	-5.56717	921.519	0	
66.9005	-5.31383	920.067	0	
44.7723	-3.50911	905.631	0	
48.5417	-2.72654	900.623	0	
45.1863	-4.19254	912.003	0	
49.0311	-3.60804	908.016	0	
15.9022	-5.56717	945.151	0	
11.9887	-5.47929	931.361	0	
108.705	-2.8545	914.683	0	
101.072	-3.57598	917.463	0	
-91.4282	-3.57598	906.293	0	
-94.651	-4.21812	910.189	0	
4.82178	-3.57598	957.993	0	
1.59897	-4.21812	942.355	0	
105.913	-2.94281	914.361	0	
106.31	-3.72554	919.509	0	
97.849	-4.21812	920.118	0	
101.505	-4.42757	919.669	0	
-144.792	-3.47313	934.227	0	
-146.064	-4.19253	932.031	0	
-103.124	-4.43041	924.508	0	
-108.125	-4.73217	919.377	0	
-6.87403	-4.43041	905.839	0	
-11.875	-4.73217	953.664	0	
89.376	-4.43041	927.417	0	
84.375	-4.73217	919.428	0	
121.393	-3.89079	924.019	0	
143.936	-3.97268	930.356	0	
125.349	-4.21812	925.546	0	
129.043	-4.50658	925.642	0	
-154.834	-5.62943	924.054	0	
-149.676	-3.92482	933.277	0	
-156.465	-4.16242	920.401	0	
-88.4597	-6.17559	913.747	0	
-157.746	-3.54331	914.8	0	
-157.336	-4.23245	915.595	0	
-155.953	-5.20944	919.472	0	
-151.274	-4.58327	930.046	0	
-87.8931	-5.00841	916.103	0	
-54.6761	-3.92482	913.189	0	
-59.3731	-3.97501	910.472	0	
7.79028	-6.17559	899.399	0	
-65.9011	-4.21822	909.225	0	
-59.3047	-5.11624	912.729	0	
-64.1215	-4.98124	911.245	0	
-60.5387	-5.90518	920.014	0	
8.35687	-5.00841	935.04	0	
92.527	-5.11846	927.337	0	
30.3489	-4.21822	920.72	0	
32.1285	-4.98124	919.231	0	
36.0417	-3.47328	910.139	0	
34.378	-5.06466	920.615	0	
35.7113	-5.90518	926.149	0	
36.8769	-3.97501	915.771	0	
-101.844	-3.51902	912.721	0	
-99.973	-5.11846	924.826	0	
-145.501	-5.7656	926.603	0	
-69.8571	-3.89079	911.67	0	
-156.677	-7.51666	917.421	0	
-49.707	-5.1949	913.023	0	
-148.977	-5.20289	931.36	0	
-147.813	-5.59213	929.699	0	
-5.59449	-3.51902	963.999	0	
-3.72305	-5.11846	863.252	0	
-56.2742	-4.58327	915.378	0	
26.3929	-3.89079	928.534	0	
-39.9676	-3.06872	914.422	0	
46.543	-5.1949	913.061	0	
-53.9766	-5.20289	908.663	0	
-50.211	-4.15672	911.087	0	
-55.8234	-5.70833	911.149	0	
-48.5258	-4.17689	907.952	0	
-52.8132	-5.59213	921.96	0	
-47.2738	-5.38006	911.29	0	
91.8607	-4.06622	916.65	0	
105.879	-5.0575	922.977	0	
36.9453	-5.11624	919.93	0	
130.158	-4.945	928.165	0	
56.2824	-3.06872	910.484	0	
110.29	-6.17488	928.037	0	
42.2734	-5.20289	918.062	0	
46.039	-4.15672	909.775	0	
40.4266	-5.70833	920.141	0	
47.7242	-4.17689	911.071	0	
39.9758	-4.58327	913.563	0	
48.9762	-5.38006	912.385	0	
-90.0224	-4.58092	911.969	0	
-89.5124	-5.89001	917.448	0	
6.22758	-4.58092	926.565	0	
6.73765	-5.89001	912.068	0	
102.928	-5.70651	922.541	0	
107.848	-6.54104	925.905	0	
104.074	-3.92482	920.484	0	
104.773	-5.20318	921.898	0	
99.6281	-4.98343	921.368	0	
102.478	-4.58092	922.141	0	
-150.823	-5.70833	930.026	0	
-143.779	-5.33843	928.244	0	
76.6284	-4.52398	917.481	0	
144.244	-11.4317	906.144	0	
128.127	-5.50143	928.137	0	
128.872	-6.93342	926.94	0	
-158.777	-5.20944	908.058	0	
-143.448	-4.30353	932.567	0	
-161.732	-2.79975	881.01	0	
-207.299	-15.0218	992.417	0	
-182.365	-35.5359	1000.48	0	
-79.1691	-5.28353	913.887	0	
-150.997	-8.59138	917.075	0	
-57.1302	-6.3947	923.091	0	
-61.872	-5.06466	912.123	0	
-58.0402	-5.47194	914.074	0	
-115.872	-4.52398	925.197	0	
17.0809	-5.28353	941.417	0	
-19.6216	-4.52398	944.671	0	
108.728	-4.58055	923.031	0	
38.2098	-5.47194	917.813	0	
43.4368	-5.59213	915.482	0	
-139.58	-4.60081	929.926	0	
-145.691	-7.03602	929.947	0	
-96.7489	-6.89898	919.197	0	
-97.1496	-5.26597	918.971	0	
-149.602	-6.18605	927.167	0	
-134.449	-4.25718	925.546	0	
-31.5017	-4.16217	917.7	0	
39.1198	-6.3947	927.755	0	
-0.498874	-6.89898	885.506	0	
-0.89962	-5.26597	867.927	0	
-70.5474	-6.44535	925.57	0	
-54.6024	-6.18605	924.553	0	
-52.4014	-4.79453	907.678	0	
-51.4417	-5.03664	913.904	0	
-52.0429	-7.10465	911.561	0	
-50.5017	-5.76581	913.386	0	
-54.1682	-7.76797	910.147	0	
-36.3389	-2.93321	918.461	0	
-48.8551	-5.21507	912.677	0	
-48.0926	-6.0103	920.018	0	
64.7483	-4.16217	917.253	0	
110.857	-5.00834	921.647	0	
95.7511	-6.89898	917.076	0	
95.3504	-5.26597	927.09	0	
25.7026	-6.44535	934.733	0	
41.6476	-6.18605	918.574	0	
43.8486	-4.79453	914.218	0	
44.8083	-5.03664	912.135	0	
44.2071	-7.10465	923.256	0	
45.7483	-5.76581	919.218	0	
42.0818	-7.76797	924.867	0	
59.9111	-2.93321	909.816	0	
47.3949	-5.21507	912.305	0	
48.1574	-6.0103	917.008	0	
-91.9104	-5.42242	916.301	0	
-90.925	-6.50437	922.321	0	
4.33964	-5.42242	904.829	0	
5.32497	-6.50437	877.007	0	
106.858	-5.46739	926.019	0	
109.237	-5.889	924.328	0	
45.559	-7.03622	914.246	0	
104.147	-6.18687	928.296	0	
100.59	-5.42242	923.112	0	
100.817	-6.41692	923.864	0	
-147.401	-4.79453	932.02	0	
-146.442	-5.03663	931.826	0	
-147.043	-7.10465	926.893	0	
-144.707	-5.19453	932.307	0	
-149.168	-7.76797	927.054	0	
-132.589	-2.93321	926.756	0	
-154.178	-7.28627	921.624	0	
-151.919	-6.13754	923.913	0	
-67.2642	-6.91889	915.895	0	
-50.691	-7.03622	922.038	0	
28.9858	-6.91889	942.641	0	
57.9209	-9.10125	936.779	0	
-165.569	-3.72058	890.214	0	
-124.19	-5.40086	924.562	0	
-65.8105	-6.63734	918.383	0	
-38.3291	-9.10125	931.927	0	
-59.0799	-8.70786	924.881	0	
-25.746	-9.39498	937.998	0	
-36.875	-5.27905	925.954	0	
-45.618	-4.95711	911.298	0	
30.4395	-6.63734	924.876	0	
104.619	-8.07335	924.245	0	
37.1701	-8.70786	938.019	0	
121.986	-5.46522	924.788	0	
59.375	-5.27905	924.736	0	
50.632	-4.95711	911.122	0	
-100.432	-7.15932	910.977	0	
-118.014	-5.46522	925.952	0	
-4.18243	-7.15932	916.482	0	
-21.764	-5.46522	943.722	0	
101.373	-10.8863	927.001	0	
97.6668	-7.08742	928.422	0	
74.486	-5.46522	916.352	0	
92.0676	-7.15932	914.005	0	
-142.782	-6.56075	931.119	0	
-142.334	-4.31064	931.879	0	
-152.527	-7.43868	926.26	0	
-121.996	-9.39498	938.583	0	
-136.218	-3.06872	930.75	0	
-128.568	-3.08143	925.846	0	
-38.1995	-4.25718	916.27	0	
-32.318	-3.08143	926.952	0	
58.0505	-4.25718	913.448	0	
63.932	-3.08143	908.56	0	
133.106	-6.04794	925.896	0	
130.428	-6.60412	928.602	0	
123.985	-6.91734	927.236	0	
150.848	-20.0464	913.652	0	
-155.18	-8.32445	914.945	0	
-52.0799	-10.5411	912.012	0	
-40.8588	-5.44334	918.364	0	
-43.3792	-4.50999	910.395	0	
55.3912	-5.44334	922.925	0	
52.8708	-4.50999	913.997	0	
-87.5848	-7.52916	926.344	0	
-84.8609	-3.89608	910.59	0	
8.66524	-7.52916	878.114	0	
11.3891	-3.89608	945.25	0	
120.703	-6.44535	928.954	0	
113.889	-3.89608	921.803	0	
-94.8332	-7.08742	915.572	0	
-127.752	-4.16217	928.794	0	
-136.015	-9.53859	930.625	0	
-118.607	-3.89079	921.58	0	
-44.375	-6.99919	926.149	0	
-22.3571	-3.89079	948.797	0	
-42.8302	-8.44515	920.662	0	
-40.8536	-7.44458	919.269	0	
51.875	-6.99919	905.553	0	
73.8929	-3.89079	917.245	0	
53.4198	-8.44515	928.218	0	
55.3964	-7.44458	900.531	0	
-45.8903	-7.18841	915.776	0	
-48.1439	-7.56208	918.262	0	
50.3597	-7.18841	916.475	0	
48.1061	-7.56208	913.861	0	
-141.655	-10.9683	899.311	0	
-134.129	-6.10622	932.956	0	
-52.772	-8.29733	931.187	0	
-46.8296	-8.37487	933.598	0	
43.478	-8.29733	920.429	0	
49.4204	-8.37487	917.392	0	
-164	-0.842706	880.063	0	
-160.19	-2.6252	897.565	0	
-171.26	-1.12398	920.996	0	
-163.118	-4.25546	894.213	0	
157.984	-3.31993	910.161	0	
162.75	-0.842706	900.52	0	
160.879	-2.92373	896.767	0	
162.233	-4.81544	905.86	0	
149.806	-4.94504	919.766	0	
157.495	-4.95032	898.412	0	
136.186	-4.14103	930.169	0	
140.456	-4.52612	930.346	0	
-73.4071	-4.23242	913.263	0	
-71.6691	-5.28353	913.56	0	
-80.4167	-10.3326	942.396	0	
-64.8646	-8.3096	917.084	0	
-77.3571	-3.89079	913.094	0	
-74.2262	-6.72899	932.352	0	
22.8429	-4.23242	937.383	0	
24.5809	-5.28353	936.024	0	
15.8333	-10.3326	851.386	0	
31.3854	-8.3096	941.513	0	
18.8929	-3.89079	942.385	0	
22.0238	-6.72899	918.529	0	
117.843	-4.23242	923.302	0	
119.581	-5.28353	925.948	0	
112.877	-7.50462	928.845	0	
125.437	-6.63718	931.24	0	
111.164	-7.52928	925.75	0	
117.03	-6.73778	930.636	0	
-120.419	-5.28353	923.062	0	
-119.297	-6.44535	931.572	0	
-147.08	-10.5411	920.062	0	
-106.019	-7.46803	925.858	0	
-144.559	-9.99967	930.423	0	
-147.772	-8.29733	924.228	0	
-24.1691	-5.28353	947.079	0	
-23.0474	-6.44535	936.939	0	
1.41684	-7.08742	853.915	0	
-9.76913	-7.46803	884.264	0	
-27.9404	-5.40086	937.121	0	
-23.5704	-9.08967	935.011	0	
-80.9071	-4.23242	911.512	0	
-78.0474	-6.44535	932.611	0	
-74.2388	-9.20929	891.939	0	
-76.764	-5.46522	915.519	0	
-81.7196	-6.73778	929.056	0	
-82.2148	-8.98906	902.251	0	
72.0809	-5.28353	918.217	0	
73.2026	-6.44535	927.737	0	
102.182	-6.54766	926.704	0	
86.4809	-7.46803	925.913	0	
68.3096	-5.40086	921.977	0	
93.8488	-8.33358	934.288	0	
15.3429	-4.23242	947.465	0	
18.2026	-6.44535	924.996	0	
22.0112	-9.20929	958.077	0	
19.486	-5.46522	944.962	0	
14.5304	-6.73778	899.72	0	
14.0352	-8.98906	892.695	0	
112.049	-4.96932	925.078	0	
113.194	-6.11121	925.921	0	
107.957	-10.0357	923.484	0	
114.373	-9.53907	931.037	0	
-86.7013	-4.9694	911.685	0	
-85.556	-6.11128	923.916	0	
-85.8729	-7.50385	912.483	0	
-84.3782	-9.53722	932.23	0	
9.54871	-4.9694	927.032	0	
10.694	-6.11128	916.153	0	
10.3771	-7.50385	882.512	0	
11.8718	-9.53722	854.564	0	
132.08	-7.47425	928.419	0	
134.746	-4.16808	926.26	0	
124.075	-4.31071	923.452	0	
123.313	-5.73457	929.682	0	
-67.1755	-4.31081	912.354	0	
-67.9367	-5.73467	918.464	0	
29.0745	-4.31081	937.149	0	
28.3133	-5.73467	924.893	0	
-95.9255	-4.31071	917.042	0	
-98.5926	-4.6597	913.668	0	
-103.786	-7.04865	909.225	0	
-106.563	-5.39772	919.03	0	
0.324502	-4.31071	944.449	0	
-2.3426	-4.6597	951.521	0	
-7.5359	-7.04865	935.374	0	
-10.3129	-5.39772	915.089	0	
96.5745	-4.31071	917.086	0	
93.9074	-4.6597	917.032	0	
88.7141	-7.04865	913.667	0	
103.633	-8.96714	930.94	0	
-62.0477	-8.8546	924.068	0	
34.2023	-8.8546	934.063	0	
-65.6604	-12.2385	898.783	0	
44.1701	-10.5411	934.96	0	
-43.9291	-11.1429	954.502	0	
106.762	-8.25621	935.108	0	
40.691	-8.79126	930.688	0	
126.259	-8.10539	927.374	0	
30.5896	-12.2385	952.78	0	
128.121	-8.37598	932.398	0	
98.349	-8.47005	919.542	0	
102.415	-7.9218	925.401	0	
-155.111	-10.7469	919.828	0	
-60.5733	-7.64358	913.061	0	
138.321	-5.52235	928.675	0	
152.541	-4.03078	923.324	0	
-138.552	-9.35636	930.071	0	
-137.06	-5.53416	925.767	0	
-129.996	-3.08143	931.061	0	
-129.047	-6.04201	929.798	0	
-33.7459	-3.08143	912.127	0	
-32.7973	-6.04201	913.318	0	
62.5041	-3.08143	911.887	0	
63.4527	-6.04201	918.102	0	
131.229	-11.2697	925.015	0	
151.99	-6.88415	913.086	0	
136.941	-5.40234	926.779	0	
141.133	-5.9764	927.298	0	
-74.6816	-4.325	918.595	0	
-75.4428	-5.74886	918.587	0	
21.5684	-4.325	941.971	0	
20.8072	-5.74886	941.238	0	
116.568	-4.325	923.529	0	
115.814	-5.75765	926.577	0	
-123.432	-4.325	928.511	0	
-126.314	-4.14101	924.306	0	
-115.576	-8.16642	936.948	0	
-113.246	-5.34905	919.146	0	
-27.1816	-4.325	927.554	0	
-30.0644	-4.14101	931.251	0	
-19.3257	-8.16642	913.615	0	
-16.996	-5.34905	948.12	0	
-82.1816	-4.325	917.716	0	
-82.9362	-5.75765	916.978	0	
69.0684	-4.325	917.603	0	
66.1856	-4.14101	915.357	0	
76.9243	-8.16642	914.255	0	
79.254	-5.34905	923.571	0	
14.0684	-4.325	942.582	0	
13.3138	-5.75765	934.771	0	
105.405	-12.0508	938.633	0	
116.536	-8.99008	927.102	0	
-93.9774	-8.66503	927.096	0	
-91.6041	-8.13534	915.075	0	
2.27255	-8.66503	802.771	0	
4.64589	-8.13534	817.948	0	
129.195	-10.2093	924.498	0	
146.046	-6.10183	927.795	0	
134.488	-5.91521	929.343	0	
135.867	-6.69788	927.386	0	
121.43	-8.68418	924.99	0	
123.385	-8.88682	930.384	0	
-69.8214	-8.68669	898.494	0	
-67.8655	-8.89079	918.804	0	
26.4286	-8.68669	956.796	0	
28.3845	-8.89079	934.219	0	
-66.1145	-9.89368	930.754	0	
-95.0051	-12.6851	922.835	0	
-55.559	-8.79126	930.273	0	
1.24494	-12.6851	654.571	0	
85.9371	-5.39772	921.145	0	
70.504	-9.39498	917.02	0	
99.9643	-7.8529	927.112	0	
101.084	-8.78437	925.321	0	
-119.82	-9.08967	920.474	0	
-122.652	-7.0343	921.939	0	
-127.769	-5.79877	926.177	0	
-125.499	-7.54635	929.01	0	
-48.3872	-12.3828	928.92	0	
-26.4019	-7.0343	939.988	0	
-31.5194	-5.79877	934.365	0	
-29.2492	-7.54635	928.383	0	
47.8628	-12.3828	940.608	0	
69.8481	-7.0343	923.892	0	
64.7306	-5.79877	917.647	0	
67.0008	-7.54635	926.359	0	
140.302	-7.00568	924.027	0	
142.7	-6.86574	923.879	0	
125.012	-9.68556	932.168	0	
195.519	-2.32667	981.793	0	
-98.6512	-8.33358	927.776	0	
35.6767	-7.64358	926.589	0	
-2.40124	-8.33358	748.929	0	
103.223	-11.1651	923.386	0	
72.6796	-9.08967	914.803	0	
95.07	-11.0041	905.359	0	
-136.973	-6.98397	931.316	0	
-135.349	-7.69153	921.191	0	
-32.1235	-10.677	918.495	0	
-33.5046	-8.27657	948.462	0	
64.1265	-10.677	918.895	0	
97.6545	-10.9522	928.591	0	
80.0504	-6.99449	916.234	0	
151.079	-11.5903	903.529	0	
-78.2205	-8.73643	897.434	0	
30.1355	-9.89368	923.031	0	
8.79112	-11.9339	785.321	0	
110.443	-9.50362	934.8	0	
-126.434	-6.49884	927.423	0	
-123.97	-6.77541	931.717	0	
-30.1836	-6.49884	930.907	0	
-27.72	-6.77541	931.792	0	
66.0664	-6.49884	919.532	0	
68.53	-6.77541	919.987	0	
150.025	-6.43618	929.155	0	
153.18	-5.49318	924.232	0	
147.57	-7.50219	911.764	0	
142.406	-9.04296	920.961	0	
-113.344	-8.75328	919.538	0	
-118.411	-11.2883	940.497	0	
-114.541	-4.53464	920.282	0	
-111.901	-4.28441	923.23	0	
-17.0944	-8.75328	929.471	0	
-21.2298	-10.3281	921.586	0	
-18.2907	-4.53464	955.295	0	
-15.6508	-4.28441	942.568	0	
79.1556	-8.75328	929.804	0	
75.0202	-10.3281	937.003	0	
77.9593	-4.53464	916.679	0	
80.5992	-4.28441	914.763	0	
-63.1585	-5.8593	919.797	0	
-63.2996	-7.91085	914.197	0	
33.0915	-5.8593	931.611	0	
32.9504	-7.91085	926.587	0	
-205.568	-32.9721	1003.86	0	
-158.17	-8.54355	909.008	0	
-42.0494	-4.51844	912.995	0	
-39.5061	-4.39269	910.079	0	
54.2006	-4.51844	909.104	0	
56.7439	-4.39269	912.86	0	
-138.25	-4.60927	932.926	0	
-135.756	-4.39269	933.605	0	
132.732	-9.94285	924.311	0	
140.759	-8.90393	922.555	0	
-131.823	-7.75398	929.028	0	
-88.3496	-9.59591	911.866	0	
-29.7584	-9.79585	950.035	0	
7.90043	-9.59591	782.974	0	
62.7454	-8.27657	917.134	0	
52.3209	-11.1429	894.273	0	
86.5779	-13.8833	928.47	0	
208.99	-5.28426	976.243	0	
-59.5306	-11.2795	916.351	0	
-57.3001	-7.89572	912.113	0	
36.7194	-11.2795	929.18	0	
38.9499	-7.89572	924.595	0	
138.907	-6.71973	924.513	0	
136.37	-8.16582	922.09	0	
138.03	-8.06765	924.947	0	
139.214	-9.60327	916.7	0	
134.987	-10.2845	925.543	0	
161.413	-6.92918	912.098	0	
119.235	-10.2813	936.843	0	
95.7393	-17.4777	890.851	0	
-50.1748	-10.5347	933.291	0	
-46.4132	-10.8834	920.986	0	
46.0752	-10.5347	913.179	0	
49.8368	-10.8834	917.45	0	
-176.012	-1.34606	944.583	0	
-160.335	-6.5477	902.788	0	
-161.831	-10.7403	913.236	0	
-188.999	-19.3034	990.5	0	
158.946	-6.83953	913.634	0	
170.01	-1.12398	940.868	0	
-87.4589	-11.9339	930.235	0	
99.5587	-12.4369	918.23	0	
18.0295	-8.73643	930.823	0	
4.49832	-12.069	721.011	0	
-153.134	-12.2646	909.918	0	
-148.55	-12.2522	910.155	0	
-121.489	-14.4624	932.264	0	
-126.008	-9.79585	922.985	0	
104.932	-18.5916	949.882	0	
112.453	-11.0673	922.248	0	
-91.7517	-12.069	917.985	0	
-71.535	-10.5118	941.941	0	
5.3409	-14.035	723.651	0	
24.715	-10.5118	898.874	0	
-112.45	-6.99449	932.671	0	
-129.168	-15.7527	912.979	0	
-16.1996	-6.99449	906.036	0	
-27.5734	-11.3856	925.668	0	
-144.852	-16.8136	897.642	0	
-124.741	-12.1163	933.583	0	
-37.2846	-13.6039	946.672	0	
-6.7017	-12.0229	848.423	0	
66.4916	-9.79585	909.739	0	
58.9654	-13.6039	881.967	0	
112.419	-14.9051	924.222	0	
127.849	-11.938	927.638	0	
147.347	-10.4774	922.08	0	
153.266	-9.06305	919.398	0	
-122.779	-11.9203	916.057	0	
-102.474	-8.42323	935.633	0	
-20.7162	-13.563	867.103	0	
-6.22447	-8.42323	749.409	0	
75.5338	-13.563	895.177	0	
90.0255	-8.42323	936.282	0	
68.6766	-11.3856	935.21	0	
136.037	-12.2238	912.134	0	
-61.6144	-11.5018	908.264	0	
-55.5379	-10.963	910.787	0	
34.6356	-11.5018	951.499	0	
40.7121	-10.963	936.175	0	
128.852	-14.5637	920.613	0	
235.957	-15.9774	975.712	0	
-178.777	-2.9619	945.305	0	
-162.755	-6.23594	893.994	0	
-156.495	-11.7116	911.402	0	
-221.912	-14.5162	984.813	0	
-169.141	-4.00209	912.212	0	
-167.19	-4.8303	907.909	0	
164.287	-4.15658	909.835	0	
166.707	-4.43785	932.556	0	
155.354	-8.54876	913.546	0	
132.793	-16.0264	914.759	0	
-53.4549	-12.1835	934.708	0	
-9.67296	-13.8421	643.544	0	
42.7951	-12.1835	930.542	0	
33.1604	-13.2995	917.985	0	
-53.1756	-15.7705	922.83	0	
-138.938	-7.6289	922.63	0	
-134.594	-10.3937	912.18	0	
-155.484	-17.2341	914.345	0	
-127.52	-14.6602	924.92	0	
-47.7993	-19.2086	893.865	0	
-31.0758	-17.4153	896.137	0	
48.4507	-19.2086	997.208	0	
65.1742	-17.4153	942.496	0	
131.221	-14.31	925.281	0	
153.572	-16.0839	927.26	0	
-157.266	-14.2011	920.516	0	
43.0744	-15.7705	941.232	0	
11.0506	-11.9005	778.141	0	
89.5492	-12.064	898.402	0	
125.528	-11.6848	922.436	0	
119.86	-13.8177	917.6	0	
-167.135	-7.23969	915.863	0	
-192.539	-4.26558	988.123	0	
-133.857	-13.0595	931.885	0	
-129.198	-9.41262	927.161	0	
-228.19	-24.6897	996.969	0	
-128.413	-13.1119	917.522	0	
-132.411	-9.49708	928.344	0	
-132.552	-6.10622	923.215	0	
-166.307	-13.5038	927.759	0	
-108.605	-11.4398	906.169	0	
-130.943	-10.541	923.699	0	
-129.662	-7.54154	924.964	0	
-131.112	-14.0765	912.908	0	
-127.757	-10.8627	929.841	0	
-135.282	-19.8734	929.57	0	
-102.952	-12.0229	900.101	0	
-130.381	-12.4546	924.752	0	
-128.544	-17.3008	922.604	0	
-148.258	-15.1857	921.46	0	
-3.6662	-13.8175	598.254	0	
-125.443	-18.0933	906.27	0	
-125.597	-14.7313	913.027	0	
-62.6835	-17.1843	885.78	0	
-85.1994	-11.9005	909.616	0	
-124.144	-16.6164	927.171	0	
-121.999	-16.5434	913.81	0	
-91.6409	-16.373	914.685	0	
-70.7541	-13.472	887.271	0	
4.6091	-16.373	641.045	0	
25.4959	-13.472	945.425	0	
-110.152	-7.25958	917.449	0	
-116.205	-10.7321	917.137	0	
-13.9017	-7.25958	933.958	0	
-12.3545	-11.4398	877.083	0	
82.3483	-7.25958	925.129	0	
83.8955	-11.4398	911.173	0	
-83.8414	-14.5362	928.005	0	
-76.2546	-10.6507	945.147	0	
12.4086	-14.5362	761.361	0	
19.9954	-10.6507	874.171	0	
-97.6578	-11.3921	908.3	0	
-90.4292	-10.045	925.22	0	
-1.40778	-11.3921	803.874	0	
5.82085	-10.045	811.749	0	
-111.605	-11.7939	927.635	0	
-108.046	-8.66433	929.198	0	
-15.3552	-11.7939	813.274	0	
-11.7958	-8.66433	823.106	0	
80.8948	-11.7939	909.106	0	
84.4542	-8.66433	921.706	0	
-57.7296	-12.6391	935.547	0	
-56.3189	-16.133	897.621	0	
38.5204	-12.6391	940.304	0	
39.9311	-16.133	966.518	0	
-173.564	-2.47004	935.248	0	
-165.151	-8.11045	908.718	0	
157.521	-9.12614	911.373	0	
160.271	-11.5138	928.468	0	
-36.2393	-7.66183	913.047	0	
-40.908	-14.645	900.406	0	
60.0107	-7.66183	905.552	0	
55.342	-14.645	968.448	0	
92.8124	-13.4707	939.01	0	
138.603	-11.6407	917.546	0	
-114.482	-16.5569	893.79	0	
-119.297	-14.1357	913.979	0	
-106.853	-18.8267	881.451	0	
-90.9091	-14.035	919.179	0	
-63.0896	-13.2995	939.316	0	
-81.2221	-13.5164	899.656	0	
-119.75	-18.497	916.097	0	
-105.923	-13.8421	943.758	0	
-99.9162	-13.8175	929.379	0	
-124.617	-21.7604	913.046	0	
15.0279	-13.5164	825.583	0	
33.5665	-17.1843	958.176	0	
-177.258	-5.78191	955.398	0	
-175.551	-13.7225	961.38	0	
-170.014	-8.10752	925.163	0	
-170.068	-11.6224	945.27	0	
123.346	-14.3333	931.107	0	
130.766	-41.4755	936.499	0	
-117.966	-16.82	931.361	0	
-113.607	-13.3165	932.455	0	
-93.8748	-11.0032	912.282	0	
-93.6138	-16.0889	912.218	0	
2.37524	-11.0032	790.374	0	
2.63623	-16.0889	706.399	0	
-136.481	-15.5337	890.73	0	
46.237	-15.9763	883.949	0	
-50.013	-15.9763	975.972	0	
-33.8137	-14.565	960.989	0	
-118.828	-25.8063	939.252	0	
62.4363	-14.565	902.48	0	
-89.2433	-18.71	918.749	0	
-88.6959	-14.349	914.338	0	
7.00668	-18.71	647.732	0	
7.55411	-14.349	694.925	0	
-158.473	-25.925	944.298	0	
-57.5305	-27.6829	1011.27	0	
-87.3706	-17.1144	916.582	0	
-82.1404	-18.8236	924.103	0	
-17.0729	-14.4419	848.593	0	
125.77	-16.4577	914.933	0	
8.87942	-17.1144	686.688	0	
14.1096	-18.8236	720.106	0	
218.789	-9.67962	980.836	0	
183.637	-7.09149	976.732	0	
135.243	-14.7675	919.616	0	
140.335	-13.8884	908.957	0	
-181.714	-1.61583	962.791	0	
-173.773	-5.29005	933.258	0	
163.087	-10.0309	925.699	0	
180.465	-1.61583	969.859	0	
-76.9341	-14.5113	884.464	0	
-67.81	-14.1067	943.088	0	
19.3159	-14.5113	883.266	0	
28.44	-14.1067	892.927	0	
-162.174	-17.4716	925.648	0	
-121.07	-22.2371	884.256	0	
-58.6684	-18.9989	983.357	0	
0.81144	-18.779	556.7	0	
37.5816	-18.9989	900.061	0	
107.856	-15.3565	899.403	0	
138.207	-15.8819	905.352	0	
143.531	-14.1381	909.304	0	
99.901	-16.4959	909.367	0	
79.1771	-14.4419	928.451	0	
-111.48	-20.2273	951.37	0	
-99.0883	-17.8006	899.086	0	
-27.2006	-15.1171	925.574	0	
-2.83826	-17.8006	722.051	0	
69.0494	-15.1171	887.551	0	
46.6928	-24.0743	864.946	0	
-166.112	-27.3981	965.871	0	
-68.8837	-22.4837	900.555	0	
-81.3835	-22.9609	886.717	0	
-67.2534	-16.8341	892.296	0	
14.8665	-22.9609	738.331	0	
28.9966	-16.8341	939.692	0	
125.531	-19.801	911.113	0	
145.65	-18.2045	921.733	0	
136.74	-19.4185	924.002	0	
140.986	-21.4915	889.516	0	
-74.1374	-16.0301	944.144	0	
-64.6977	-18.8508	942.512	0	
22.1126	-16.0301	825.432	0	
31.5523	-18.8508	907.716	0	
-95.4386	-18.779	916.431	0	
2.52004	-23.669	637.168	0	
27.3663	-22.4837	920.173	0	
30.7731	-22.4901	846.782	0	
-84.7755	-17.335	911.222	0	
-79.7054	-15.7809	935.596	0	
11.4745	-17.335	725.217	0	
16.5446	-15.7809	790.21	0	
218.255	-34.6155	972.034	0	
132.745	-19.8694	908.039	0	
-152.736	-16.2622	922.522	0	
-150.381	-17.763	909.808	0	
-144.708	-21.2594	923.071	0	
-141.325	-14.5407	928.496	0	
-62.9905	-26.6887	882.407	0	
-11.2357	-19.2992	779.995	0	
33.2595	-26.6887	970.855	0	
116.277	-16.8153	928.018	0	
-128.495	-23.6616	917.175	0	
19.247	-23.4473	725.408	0	
-188.557	-1.93891	975.089	0	
-196.769	-2.32667	983.686	0	
172.064	-6.00496	947.881	0	
174.369	-7.9727	968.872	0	
197.421	-9.75588	984.364	0	
191.289	-4.26558	984.012	0	
80.6149	-19.5449	887.651	0	
38.7195	-27.6829	848.649	0	
-73.6736	-19.0863	887.803	0	
-69.7337	-19.2556	943.396	0	
22.5764	-19.0863	890.03	0	
26.5163	-19.2556	840.587	0	
122.174	-26.556	900.646	0	
124.937	-40.2492	905.824	0	
-148.731	-22.1193	912.543	0	
-130.945	-20.0681	895.394	0	
-89.5076	-23.3158	892.06	0	
-77.003	-23.4473	928.712	0	
-71.1732	-25.5223	944.909	0	
-65.4769	-22.4901	949.591	0	
-169.77	-21.2264	956.987	0	
-64.5794	-30.6463	982.822	0	
-139.982	-23.3262	889.558	0	
-137.645	-30.9202	938.683	0	
-75.3526	-26.6553	915.102	0	
25.0768	-25.5223	782.217	0	
-31.4696	-23.2096	940.174	0	
73.7048	-20.502	889.511	0	
-23.6801	-16.4504	896.109	0	
-15.6351	-19.5449	700.306	0	
72.5699	-16.4504	938.895	0	
85.0151	-19.3404	893.99	0	
129.698	-22.0559	905.305	0	
117.076	-20.985	905.178	0	
-103.053	-20.9905	940.312	0	
-93.73	-23.669	908.229	0	
-49.5572	-24.0743	1011.29	0	
6.74241	-23.3158	619.59	0	
-184.618	-8.98987	970.407	0	
-185.032	-3.55475	978.609	0	
-206.623	-2.79194	987.35	0	
-179.781	-9.87097	970.525	0	
180.177	-8.24429	976.658	0	
187.785	-10.442	985.08	0	
170.878	-14.4791	967.327	0	
159.464	-15.8639	927.965	0	
-85.4635	-32.3384	896.272	0	
20.8974	-26.6553	818.406	0	
-7.43655	-21.463	529.43	0	
90.9132	-21.5281	970.365	0	
-85.5482	-26.5803	949.521	0	
-18.107	-29.5111	818.079	0	
10.7018	-26.5803	605.355	0	
111.968	-28.0025	931.53	0	
-18.1435	-22.7175	771.136	0	
-22.5452	-20.502	814.984	0	
78.1065	-22.7175	947.809	0	
64.7804	-23.2096	876.234	0	
34.1156	-37.3795	929.708	0	
121.506	-22.1434	911.165	0	
-24.1065	-30.9545	747.013	0	
-6.83217	-26.5477	649.722	0	
-130.495	-31.0609	880.234	0	
174.884	-12.8846	967.502	0	
178.79	-12.8864	983.318	0	
-76.4692	-32.4504	898.854	0	
-69.3552	-29.4863	904.806	0	
-145.697	-34.3804	913.917	0	
-152.057	-27.6463	928.256	0	
19.7808	-32.4504	748.072	0	
26.8948	-29.4863	870.924	0	
1.24121	-36.2378	733.508	0	
13.9656	-32.8618	756.655	0	
184.118	-14.761	984.813	0	
227.701	-6.85826	976.531	0	
133.014	-34.6533	897.277	0	
-106.794	-33.2356	876.338	0	
31.6706	-30.6463	818.469	0	
-72.173	-34.0637	943.82	0	
-67.7476	-39.8274	952.895	0	
-22.5359	-47.4922	616.271	0	
127.182	-26.4913	910.707	0	
24.077	-34.0637	823.102	0	
28.5024	-39.8274	824.367	0	
-113.39	-24.9987	872.73	0	
-108.048	-28.3672	952.093	0	
106.947	-24.7538	874.79	0	
92.4297	-27.5266	856.591	0	
-218.447	-3.35033	986.906	0	
-175.995	-19.4449	976.459	0	
191.912	-9.23189	980.203	0	
201.219	-12.4705	981.047	0	
54.1181	-18.9378	873.823	0	
69.7905	-24.963	922.402	0	
-42.1319	-18.9378	1007.37	0	
-26.4595	-24.963	865.996	0	
-192.319	-8.83173	981.382	0	
-201.547	-5.11861	990.386	0	
72.1435	-30.9545	961.813	0	
128.068	-30.7205	910.435	0	
42.4557	-33.5404	1001.45	0	
78.143	-29.5111	864.303	0	
-62.1344	-37.3795	875.6	0	
-0.525287	-27.7753	501.752	0	
84.4836	-32.7829	1011.81	0	
208.989	-20.8084	978.105	0	
-28.0097	-38.1045	926.648	0	
123.686	-35.5846	917.433	0	
-53.7943	-33.5404	857.526	0	
-35.3322	-36.6738	855.172	0	
100.921	-29.485	956.367	0	
161.838	-60.3262	953.778	0	
118.807	-29.1208	915.172	0	
116.094	-38.0682	920.721	0	
115.315	-25.5586	894.378	0	
112.121	-35.7127	897.145	0	
60.9178	-36.6738	949.141	0	
119.433	-33.9202	902.485	0	
120.859	-47.2293	906.141	0	
-183.583	-23.2797	988.051	0	
-95.5796	-32.8724	883.593	0	
-114.065	-35.7792	947.159	0	
68.2403	-38.1045	888.613	0	
32.7098	-63.156	802.684	0	
9.60751	-38.8404	553.337	0	
-225.327	-7.3709	993.549	0	
-187.923	-11.9402	987.092	0	
170.297	-36.5037	993.695	0	
163.474	-19.8544	954.915	0	
-196.34	-11.9773	990.468	0	
-194.679	-18.9528	993.335	0	
73.7994	-47.6214	1030.51	0	
207.712	-10.3255	981.218	0	
204.86	-2.4629	981.777	0	
-212.356	-6.14227	989.426	0	
129.252	-50.7796	945.318	0	
133.997	-47.3484	918.896	0	
213.211	-14.7209	980.275	0	
215.594	-2.82136	979.13	0	
-220.733	-37.1938	990.334	0	
103.164	-47.8011	850.216	0	
189.04	-35.7251	1005.6	0	
199.849	-18.9164	991.385	0	
169.619	-18.8059	968.558	0	
139.422	-30.3106	944.287	0	
-55.5317	-23.7287	865.196	0	
-37.3685	-24.4061	851.389	0	
-56.8093	-39.2794	1021.83	0	
-45.742	-28.3975	867.436	0	
-52.3145	-47.6453	833.607	0	
-39.2206	-29.0001	985.466	0	
-47.9803	-33.9094	1003.54	0	
-43.191	-47.72	1003.46	0	
40.7183	-23.7287	1014.36	0	
58.8815	-24.4061	991.646	0	
39.4407	-39.2794	839.469	0	
50.508	-28.3975	1012.28	0	
43.9355	-47.6453	971.094	0	
57.0294	-29.0001	902.995	0	
48.2697	-33.9094	879.525	0	
53.059	-47.72	862.857	0	
146.739	-35.2634	918.605	0	
141.083	-48.4033	955.525	0	
-171.12	-37.8728	984.45	0	
-73.0349	-48.8114	993.131	0	
-12.6794	-31.8279	652.916	0	
-7.11451	-38.7862	530.912	0	
-126.706	-35.6751	913.187	0	
-120.757	-31.7185	872.958	0	
-116.584	-45.0329	862.094	0	
-102.338	-25.7597	896.366	0	
-126.333	-45.697	955.45	0	
-90.3084	-40.7522	898.703	0	
-232.636	-4.02057	983.357	0	
-213.24	-13.2876	989.962	0	
-83.0809	-48.9441	906.477	0	
112.882	-53.996	964.631	0	
-41.8717	-39.7232	864.853	0	
-36.3206	-55.0703	751.906	0	
-51.4248	-68.4389	810.32	0	
9.79367	-57.9625	725.417	0	
54.3783	-39.7232	995.484	0	
92.7142	-53.006	1025.92	0	
154.638	-31.4481	964.262	0	
162.265	-25.6367	967.824	0	
146.844	-43.5002	954.398	0	
174.146	-25.0927	985.589	0	
-10.5586	-47.7958	802.41	0	
26.2122	-47.5873	770.023	0	
-99.9985	-36.0407	949.825	0	
-96.6648	-27.4598	935.118	0	
-98.8599	-43.4908	882.418	0	
-80.4857	-35.5349	950.888	0	
-163.404	-50.9608	969.895	0	
-107.716	-63.4503	912.709	0	
-90.5028	-35.2672	953.251	0	
-94.2465	-45.8076	945.689	0	
155.531	-25.6086	939.665	0	
162.53	-38.6767	955.968	0	
145.406	-55.4476	941.109	0	
154.317	-46.2331	949.174	0	
-213.385	-66.8866	972.403	0	
-68.9458	-57.4799	903.09	0	
-90.1982	-53.4761	948.865	0	
-83.9074	-41.2679	945.112	0	
162.103	-45.2249	979.157	0	
179.505	-41.8783	970.139	0	
-26.1557	-55.5594	891.513	0	
139.16	-65.0425	958.928	0	
197.836	-37.8736	974.333	0	
182.569	-22.1973	1001.27	0	
84.0431	-43.7432	832.379	0	
105.034	-36.7207	920.33	0	
152.77	-54.4151	966.377	0	
130.092	-61.4294	938.444	0	
118.312	-65.1624	929.506	0	
75.0509	-68.8235	946.641	0	
146.414	-81.4576	923.426	0	
-56.4852	-56.245	1005.43	0	
36.3201	-53.5053	835.308	0	
64.865	-77.0726	940.482	0	
112.416	-78.8413	902.157	0	
59.9585	-55.1042	1012.59	0	
70.2087	-55.7224	881.572	0	
190.375	-24.8482	986.108	0	
208.311	-28.8887	986.014	0	
178.328	-52.8869	985.672	0	
191.284	-60.8463	948.205	0	
-88.1029	-75.4263	943.055	0	
201.257	-51.9863	976.733	0	
232.766	-30.613	976.011	0	
-94.3526	-64.6703	944.864	0	
-21.2176	-68.4889	809.754	0	
-136.235	-54.5345	930.913	0	
-75.0762	-70.6121	907.439	0	
-135.57	-69.1305	955.082	0	
17.1658	-67.2349	770.389	0	
-40.3839	-67.1895	930.105	0	
-31.1675	-76.4316	789.118	0	
-40.0545	-114.942	796.526	0	
12.3999	-80.9419	843.983	0	
-62.4004	-77.8089	948.277	0	
87.3127	-69.9851	864.445	0	
42.2377	-72.0126	923.96	0	
55.7444	-67.659	862.798	0	
40.1802	-103.505	924.976	0	
95.4064	-81.6752	955.715	0	
28.0081	-85.7304	727.179	0	
122.096	-92.0535	925.057	0	
161.728	-77.7738	947.56	0	
-193.993	-43.518	985.383	0	
15.2296	-47.9657	781.219	0	
-2.66107	-58.4408	681.027	0	
-9.7003	-71.0667	805.247	0	
-2.01149	-84.2955	754.296	0	
-119.078	-74.1502	944.85	0	
-32.1741	-91.5468	850.312	0	
-46.1975	-98.0428	855.341	0	
174.139	-96.1654	922.975	0	
-93.5477	-95.5998	873.909	0	
177.439	-132.495	898.242	0	
-14.5355	-96.8328	788.758	0	
214.807	-50.7788	972.073	0	
227.722	-62.6715	954.196	0	
-226.174	-52.2763	979.971	0	
140.1	-95.1239	929.271	0	
65.7718	-108.2	781.319	0	
71.1759	-93.9508	943.187	0	
-196.369	-62.35	980.416	0	
-111.16	-95.5437	905.195	0	
-0.0955761	-124.944	778.68	0	
140.341	-120.541	903.842	0	
149.26	-111.77	905.975	0	
224.915	-82.6931	935.782	0	
-149.645	-83.0905	937.79	0	
-181.387	-78.8859	961.58	0	
-223.27	-87.3322	935.674	0	
206.301	-97.3985	924.573	0	
-122.3	-109.469	918.567	0	
89.4554	-97.3917	844.181	0	
115.761	-106.486	879.917	0	
94.5914	-125.39	832.491	0	
100.129	-108.99	927.036	0	
-212.53	-108.31	941.408	0	
-187.663	-104.4	923.156	0	
-61.1884	-90.7965	833.039	0	
-17.3938	-112.921	874.054	0	
118.793	-131.494	864.96	0	
78.5133	-128.04	914.517	0	
145.868	-135.276	897.316	0	
29.3462	-123.276	742.344	0	
-50.7969	-127.592	894.98	0	
124.844	-118.328	909.745	0	
104.171	-136.052	911.335	0	
164.24	-142.504	911.884	0	
167.986	-116.495	920.451	0	
100.66	-156.977	861.079	0	
131.518	-141.125	905.52	0	
68.4008	-148.446	820.022	0	
208.027	-119.4	908.746	0	
190.911	-84.7228	945.909	0	
-79.309	-103.773	940.421	0	
-75.0605	-123.67	800.46	0	
-150.767	-144.01	909.914	0	
-166.751	-116.842	936.133	0	
-117.627	-141.298	854.488	0	
196.992	-135.207	909.557	0	
-237.04	-135.177	919.409	0	
210.321	-157.735	901.819	0	
231.512	-122.086	910.637	0	
233.724	-149.676	900.485	0	
-94.1678	-149.074	918.784	0	
44.8253	-148.377	886.931	0	
