# File: UnstructuredGrid_Inversion_L0_Coarse_Iter02.dat
# (No specific header documentation)

-161.25	-0.496475	861.392	0	
-159.375	-0.668155	919.196	0	
-65.625	-0.431516	869.242	0	
30.625	-0.431516	930.945	0	
-144.294	-102.036	964.295	0	
126.875	-0.668155	927.597	0	
31.875	-0.668155	972.698	0	
-165.826	-72.3824	1010.42	0	
-64.375	-0.668155	881.033	0	
-120.32	-2.91409	933.237	0	
-147.888	-47.073	993.198	0	
-143.958	-2.01633	964.421	0	
-158.741	-19.8395	956.522	0	
-159.808	-14.2913	934.949	0	
-115.104	-1.86538	922.344	0	
-108.175	-49.9394	1008.29	0	
-66.354	-1.86538	887.243	0	
-138.854	-1.86538	968.036	0	
-156.794	-6.05848	928.369	0	
-148.75	-1.09967	965.684	0	
-145.208	-2.72654	959.79	0	
-146.458	-2.01633	966.767	0	
-125.881	-3.06027	945.127	0	
-154.094	-4.85908	944.227	0	
-157.708	-2.01633	935.328	0	
-151.071	-10.8319	938.482	0	
-154.792	-2.72654	948.6	0	
-158.77	-3.86216	921.659	0	
125.625	-0.431516	942.111	0	
-24.0702	-2.91409	977.607	0	
-157.76	-5.35468	928.291	0	
-46.4583	-2.01633	908.266	0	
-157.292	-2.72654	933.482	0	
-160.13	-11.9534	924.958	0	
-18.854	-1.86538	995.331	0	
-151.295	-2.8545	959.88	0	
29.896	-1.86538	940.595	0	
-42.604	-1.86538	917.75	0	
-169.22	-2.04966	913.108	0	
-53.75	-1.09967	906.921	0	
-165.6	-1.76839	887.047	0	
-167.3	-0.925681	895.876	0	
-62.2917	-2.72654	908.583	0	
-171.389	-5.89642	941.949	0	
-61.0417	-3.47328	910.75	0	
-164.269	-10.8597	934.839	0	
-59.7917	-2.72654	906.546	0	
-68.125	-0.36089	870.873	0	
-65.5207	-2.1669	897.267	0	
-87.5	-1.09967	900.059	0	
-158.125	-0.431516	929.628	0	
-156.875	-0.668155	946.726	0	
-80.5207	-2.1669	894.499	0	
-157.5	-1.09967	931.975	0	
-70.625	-0.431516	871.786	0	
79.375	-0.668155	885.734	0	
-154.375	-0.668155	964.085	0	
55.625	-0.668155	878.767	0	
-153.125	-0.431516	959.762	0	
-150.625	-0.366631	966.376	0	
38.5417	-2.01633	909.887	0	
-153.75	-1.09967	958.441	0	
49.7917	-2.01633	896.075	0	
-155.625	-0.431516	947.155	0	
72.1798	-2.91409	916.774	0	
-162.583	-1.33918	872.652	0	
-60	-1.09967	897.826	0	
-149.375	-0.431516	977.648	0	
-155	-1.09967	945.662	0	
31.0415	-5.36053	957.283	0	
-148.125	-0.668155	973.223	0	
31.0341	-3.06466	945.871	0	
-146.875	-0.431516	978.201	0	
-147.5	-1.09967	961.359	0	
36.875	-0.668155	939.881	0	
32.7083	-2.01633	943.438	0	
-144.375	-0.431516	974.696	0	
28.125	-0.36089	945.085	0	
-137.5	-1.09967	965.051	0	
-139.375	-0.366631	971.097	0	
25.625	-0.431516	965.257	0	
-143.125	-0.668155	978.004	0	
33.75	-1.09967	920.392	0	
-143.75	-1.09967	965.934	0	
34.375	-0.668155	954.898	0	
8.75	-1.09967	1043.74	0	
-136.875	-0.668155	969.36	0	
183.782	-3.55475	1033.01	0	
-135.625	-0.431516	974.293	0	
-135	-0.798148	950.334	0	
135.922	-2.00504	953.069	0	
-136.25	-1.09967	960.911	0	
149.65	-2.73747	967.659	0	
131.936	-4.3008	948.932	0	
-131.25	-0.798148	954.59	0	
129.003	-2.80091	939.039	0	
-122.604	-1.86538	933.02	0	
-128.75	-1.09967	950.652	0	
129.375	-0.668155	929.762	0	
-130.625	-0.431516	961.481	0	
133.125	-0.668155	960.69	0	
-130	-1.09967	956.451	0	
141.875	-0.668155	979.1	0	
-138.125	-0.431516	973.576	0	
15.7293	-2.1669	1009.84	0	
128.75	-1.09967	941.578	0	
-121.25	-1.09967	926.609	0	
120.625	-0.431516	929.2	0	
-121.875	-0.431516	929.008	0	
-120.625	-0.668155	945.635	0	
110.744	-2.06993	921.709	0	
-123.125	-0.366631	942.491	0	
123.125	-0.36089	928.279	0	
-116.875	-0.36089	917.684	0	
-120	-1.09967	917.638	0	
-133.661	-2.93321	956.552	0	
-115.625	-0.366631	928.317	0	
-114.375	-0.431516	919.132	0	
-127.5	-0.798148	938.908	0	
-113.75	-1.09967	915.041	0	
-119.375	-0.431516	929.759	0	
-115	-0.798148	929.709	0	
100.625	-0.431516	907.889	0	
-93.125	-0.668155	889.501	0	
-112.5	-1.09967	912.595	0	
-103.125	-0.668155	930.01	0	
-111.25	-0.798148	923.869	0	
-103.75	-1.09967	904.769	0	
-114.271	-2.1669	928.109	0	
-111.875	-0.431516	912.293	0	
-110.328	-2.00504	921.274	0	
-111.994	-2.06993	928.473	0	
-108.125	-0.431516	923.029	0	
-141.875	-0.431516	972.65	0	
-104.375	-0.431516	908.888	0	
-95.104	-1.86538	897.442	0	
-142.5	-1.09967	963.287	0	
-105.625	-0.366631	923.091	0	
-110.625	-0.366631	921.23	0	
-108.75	-1.09967	926.008	0	
-109.375	-0.668155	909.688	0	
-113.125	-0.668155	936.659	0	
-104.405	-3.52006	922.045	0	
-128.125	-0.431516	961.42	0	
127.708	-2.01633	936.102	0	
-102.5	-1.09967	902.906	0	
43.125	-0.668155	864.627	0	
-129.375	-0.668155	948.676	0	
-101.875	-0.431516	902.99	0	
-133.125	-0.668155	975.06	0	
-99.375	-0.668155	891.193	0	
-101.25	-0.798148	914.82	0	
-90.9973	-2.80091	906.896	0	
-134.375	-0.366631	963.194	0	
-95.625	-0.366631	891.233	0	
-150.089	-1.76841	965.681	0	
-73.854	-1.86538	887.894	0	
-92.5	-1.09967	898.054	0	
-148.968	-2.99641	959.489	0	
-94.375	-0.431516	875.846	0	
-151.875	-0.668155	973.285	0	
-93.75	-1.09967	895.347	0	
-135.744	-2.06993	959.626	0	
-149.256	-2.06993	964.252	0	
-88.75	-0.798148	880.015	0	
-147.292	-2.01633	964.626	0	
-81.354	-1.86538	885.142	0	
-86.25	-1.09967	886.037	0	
-146.25	-1.09967	963.438	0	
-88.125	-0.431516	873.852	0	
-145.625	-0.668155	978.989	0	
-156.042	-2.01633	945.196	0	
-81.875	-0.366631	863.177	0	
-150	-0.798148	958.143	0	
-79.375	-0.668155	866.49	0	
-73.75	-0.798148	893.247	0	
-153.542	-2.01633	954.787	0	
-80.625	-0.431516	867.871	0	
-155.208	-2.01633	953.536	0	
-85.625	-0.431516	870.42	0	
-156.25	-1.09967	952.334	0	
-91.875	-0.431516	874.166	0	
-138.75	-0.798148	965.197	0	
-158.75	-1.09967	933.356	0	
-72.5	-1.09967	895.634	0	
-20.625	-0.36089	993.685	0	
-73.125	-0.431516	870.561	0	
-71.875	-0.668155	877.684	0	
-23.125	-0.431516	991.308	0	
-74.375	-0.366631	873.566	0	
-158.542	-2.01633	920.637	0	
-31.25	-0.798148	943.594	0	
-71.25	-1.09967	884.645	0	
3.125	-0.668155	1085.9	0	
-66.875	-0.366631	879.433	0	
30.7293	-2.1669	939.728	0	
-14.0777	-2.00504	1006.66	0	
-65	-1.09967	891.952	0	
-8.15454	-3.52006	991.938	0	
-66.25	-0.798148	892.576	0	
-37.4111	-2.93321	923.597	0	
-18.0207	-2.1669	1003.19	0	
-63.125	-0.431516	868.579	0	
-15.7444	-2.06993	997.382	0	
-60.625	-0.431516	872.626	0	
-59.375	-0.668155	887.232	0	
-14.375	-0.366631	1031.21	0	
-61.875	-0.668155	886.921	0	
-13.125	-0.668155	1011.98	0	
-46.875	-0.431516	891.723	0	
-58.125	-0.431516	870.81	0	
-33.125	-0.668155	924.06	0	
-54.375	-0.431516	889.916	0	
-53.125	-0.668155	858.038	0	
-41.7707	-2.1669	918.253	0	
-55.625	-0.366631	871.209	0	
-41.4106	-3.16569	923.433	0	
-58.75	-1.09967	883.774	0	
-44.375	-0.36089	906.361	0	
-62.5	-1.09967	898.534	0	
-6.875	-0.668155	1046.82	0	
-78.75	-1.09967	885.257	0	
-152.5	-1.09967	948.782	0	
-39.4944	-2.06993	919.884	0	
-51.875	-0.431516	883.067	0	
-56.875	-0.668155	894.061	0	
-49.375	-0.431516	889.688	0	
-48.125	-0.668155	864.097	0	
-55.0889	-1.76841	894.093	0	
-48.75	-1.09967	903.277	0	
-38.125	-0.366631	908.924	0	
-42.5	-0.798148	912.91	0	
-41.25	-1.09967	932.303	0	
-50.625	-0.668155	857.269	0	
-41.875	-0.431516	924.466	0	
-40.625	-0.668155	886.69	0	
-52.2917	-2.01633	893.214	0	
-43.125	-0.366631	877.962	0	
-54.2556	-2.06993	902.163	0	
-47.5	-1.09967	931.062	0	
-53.9679	-2.99641	908.627	0	
-61.25	-1.09967	879.899	0	
-39.375	-0.431516	929.375	0	
-62.7083	-2.01633	889.562	0	
-33.75	-1.09967	947.442	0	
-35	-0.798148	928.022	0	
-55	-0.798148	900.539	0	
-38.75	-0.798148	920.121	0	
-61.0417	-2.01633	896.438	0	
-57.5	-1.09967	889.702	0	
-26.354	-1.86538	965.578	0	
-63.5417	-2.01633	897.666	0	
-31.875	-0.431516	963.267	0	
-25	-1.09967	944.19	0	
-69.375	-0.668155	883.903	0	
-32.5	-1.09967	961.919	0	
-63.75	-1.09967	877.511	0	
-34.375	-0.431516	965.178	0	
-58.5417	-2.01633	893.847	0	
-40	-1.09967	944.59	0	
-51.25	-1.09967	904.819	0	
-73.0207	-2.1669	899.487	0	
-25.625	-0.431516	975.415	0	
-71.0417	-2.01633	898.357	0	
-18.75	-0.798148	1005.99	0	
-23.75	-1.09967	972.144	0	
-70	-1.09967	903.644	0	
-24.375	-0.668155	1015.71	0	
-67.5054	-1.48403	883.272	0	
-78.125	-0.431516	868.396	0	
-19.375	-0.366631	1027.18	0	
-80	-1.09967	896.984	0	
-16.875	-0.668155	1044.74	0	
-16.25	-1.09967	989.294	0	
93.5212	-2.84299	919.239	0	
-18.125	-0.431516	1006.48	0	
-91.4583	-2.01633	894.58	0	
-17.5	-1.09967	968.634	0	
-75.625	-0.36089	871.197	0	
82.5446	-2.8545	915.417	0	
-15	-0.798148	993.319	0	
101.503	-2.80091	923.032	0	
-12.5	-1.09967	1001.15	0	
-11.875	-0.431516	1025.07	0	
83.125	-0.668155	900.145	0	
-7.5	-1.09967	990.044	0	
89.375	-0.668155	905.154	0	
81.875	-0.366631	888.102	0	
-8.125	-0.431516	1018.84	0	
73.125	-0.431516	883.972	0	
-6.25	-1.09967	1006.06	0	
-5.625	-0.431516	1029.86	0	
66.6193	-3.06027	920.016	0	
1.14595	-1.86538	1047	0	
75.625	-0.36089	887.084	0	
-9.375	-0.366631	1029.86	0	
80.5056	-2.06993	905.484	0	
-15.625	-0.431516	1014.4	0	
99.375	-0.668155	902.634	0	
-26.875	-0.366631	997.853	0	
-67.5	-0.727521	905.024	0	
-52.5	-1.09967	925.157	0	
-36.875	-0.668155	957.745	0	
-137.661	-3.16569	955.826	0	
-5	-0.798148	1006	0	
-3.125	-0.668155	1033.67	0	
63.125	-0.668155	882.441	0	
2.5	-1.09967	1028.39	0	
0.625	-0.366631	1084.02	0	
58.4223	-2.00504	906.892	0	
59.375	-0.668155	899.197	0	
1.875	-0.431516	1074.24	0	
58.125	-0.366631	881.652	0	
3.75	-1.09967	1064.3	0	
4.375	-0.431516	1081.73	0	
51.875	-0.36089	890.308	0	
22.396	-1.86538	974.936	0	
56.7556	-2.06993	907.778	0	
7.5	-0.798148	1028.63	0	
65.9223	-2.00504	905.568	0	
42.2821	-2.99641	919.952	0	
8.125	-0.431516	1076.64	0	
41.9944	-2.06993	902.233	0	
10	-1.09967	992.862	0	
10.625	-0.431516	1072.74	0	
45.625	-0.668155	862.621	0	
14.896	-1.86538	1024.61	0	
53.75	-0.798148	898.619	0	
45	-1.09967	928.011	0	
15.625	-0.431516	1028.98	0	
41.1611	-1.76841	899.557	0	
22.5	-0.798148	979.132	0	
17.5	-1.09967	947.947	0	
33.5417	-2.01633	922.772	0	
16.875	-0.668155	1058.31	0	
39.375	-0.668155	929.023	0	
14.375	-0.366631	1068.8	0	
43.9583	-2.01633	905.804	0	
23.75	-1.09967	957.182	0	
49.375	-0.431516	885.382	0	
37.7083	-2.01633	919.276	0	
21.875	-0.366631	1015.91	0	
35	-1.09967	897.761	0	
24.375	-0.668155	1009.25	0	
30	-0.798148	949.01	0	
35.2083	-2.01633	929.792	0	
23.125	-0.431516	970.357	0	
38.75	-1.09967	895.228	0	
28.7446	-1.48403	945.178	0	
31.25	-1.09967	922.974	0	
28.75	-0.727521	961.847	0	
125.729	-2.1669	935.117	0	
32.5	-1.09967	892.634	0	
25.2083	-2.01633	973.385	0	
29.375	-0.366631	973.484	0	
23.2293	-2.1669	971.21	0	
25	-1.09967	916.074	0	
26.875	-0.668155	995.288	0	
20.625	-0.36089	988.637	0	
36.25	-1.09967	907.298	0	
4.79167	-2.01633	1053.84	0	
42.5	-1.09967	922.537	0	
37.5	-1.09967	891.889	0	
16.25	-1.09967	1008.08	0	
35.625	-0.431516	911.142	0	
18.125	-0.431516	1020.55	0	
151.875	-0.431516	964.751	0	
40.625	-0.366631	882.129	0	
149.375	-0.431516	970.504	0	
53.646	-1.86538	899.892	0	
43.75	-1.09967	906.821	0	
149.529	-1.8473	958.221	0	
41.875	-0.431516	899.774	0	
144.672	-2.00504	966.012	0	
38.125	-0.431516	899.767	0	
154.375	-0.36089	951.395	0	
33.125	-0.431516	924.608	0	
26.25	-1.09967	950.316	0	
44.375	-0.431516	888.654	0	
41.25	-0.798148	897.448	0	
143.006	-2.06993	963.797	0	
47.5	-1.09967	921.507	0	
138.75	-0.727521	957.984	0	
48.125	-0.668155	861.513	0	
48.75	-1.09967	904.619	0	
136.875	-0.668155	953.379	0	
46.875	-0.431516	885.464	0	
144.375	-0.366631	974.751	0	
140	-0.798148	952.71	0	
53.125	-0.366631	873.704	0	
135.625	-0.366631	961.964	0	
77.396	-1.86538	900.946	0	
56.25	-1.09967	912.351	0	
130.625	-0.366631	946.668	0	
54.375	-0.431516	891.08	0	
134.256	-2.06993	947.333	0	
55	-1.09967	910.516	0	
136.619	-3.06027	948.17	0	
121.875	-0.668155	918.394	0	
57.5	-0.798148	908.325	0	
61.25	-0.798148	895.918	0	
62.5	-1.09967	910.372	0	
61.875	-0.431516	890.051	0	
118.229	-2.1669	928.021	0	
56.875	-0.431516	902.96	0	
123.745	-1.48403	928.146	0	
120.208	-2.01633	923.729	0	
69.896	-1.86538	897.723	0	
115.625	-0.36089	914.362	0	
64.375	-0.431516	895.834	0	
71.25	-1.09967	895.454	0	
113.125	-0.431516	914.25	0	
63.75	-1.09967	902.309	0	
121.25	-1.09967	927.449	0	
69.375	-0.366631	883.63	0	
123.75	-0.727521	925.939	0	
91.25	-0.798148	912.055	0	
131.161	-1.76841	943.074	0	
106.875	-0.431516	906.69	0	
70.625	-0.431516	887.484	0	
-116.255	-1.48403	921.039	0	
77.5	-0.798148	911.871	0	
72.5	-1.09967	910.379	0	
-121.771	-2.1669	935.837	0	
71.875	-0.668155	892.662	0	
-118.125	-0.668155	944.295	0	
-119.792	-2.01633	935.664	0	
76.875	-0.366631	884.886	0	
-123.75	-0.727521	940.79	0	
124.896	-1.86538	932.179	0	
80	-1.09967	910.999	0	
-125.625	-0.668155	960.993	0	
78.125	-0.431516	887.831	0	
-118.75	-1.09967	922.24	0	
78.75	-1.09967	902.608	0	
-116.25	-0.727521	927.446	0	
-86.875	-0.668155	863.309	0	
81.25	-0.798148	898.011	0	
-90.625	-0.668155	882.871	0	
83.75	-1.09967	901.597	0	
84.375	-0.431516	896.688	0	
-92.2917	-2.01633	898.746	0	
88.75	-1.09967	911.805	0	
-98.9788	-2.84299	914.215	0	
-98.125	-0.431516	906.254	0	
88.125	-0.431516	910.35	0	
-109.955	-2.8545	931.472	0	
90	-1.09967	919.727	0	
90.625	-0.431516	909.533	0	
-95	-0.798148	915.655	0	
97.396	-1.86538	915.408	0	
-98.75	-1.09967	909.749	0	
86.875	-0.366631	899.178	0	
-91.25	-1.09967	888.135	0	
80.625	-0.431516	889.047	0	
-94.2707	-2.1669	904.752	0	
101.042	-2.01633	918.63	0	
145.625	-0.668155	979.761	0	
-100.625	-0.366631	911.789	0	
93.125	-0.668155	913.052	0	
-105.089	-1.76841	918.088	0	
96.875	-0.366631	898.667	0	
98.75	-1.09967	918.351	0	
-106.875	-0.668155	906.337	0	
-105	-0.798148	931.682	0	
117.396	-1.86538	921.872	0	
-107.5	-1.09967	938.748	0	
105	-1.09967	911.848	0	
103.75	-0.798148	913.952	0	
-111.161	-1.76841	921.78	0	
100	-1.09967	926.372	0	
-108.542	-2.01633	926.87	0	
98.125	-0.431516	910.438	0	
-113.909	-3.16789	932.032	0	
-140.625	-0.36089	978.292	0	
111.25	-1.09967	920.86	0	
-134.078	-2.00504	954.032	0	
109.375	-0.366631	907.768	0	
110.625	-0.431516	914.207	0	
-122.5	-0.798148	938.832	0	
106.25	-1.09967	909.81	0	
-140.005	-1.48403	969.484	0	
-126.875	-0.366631	943.439	0	
117.5	-0.798148	922.907	0	
-131.339	-1.76841	951.535	0	
118.75	-1.09967	927.013	0	
116.875	-0.366631	900.972	0	
-134.911	-1.76841	959.592	0	
112.5	-1.09967	931.063	0	
-131.875	-0.366631	954.939	0	
111.875	-0.668155	899.029	0	
-128.244	-2.06993	948.873	0	
104.375	-0.431516	901.773	0	
-110	-1.03479	929.343	0	
-151.25	-1.03479	963.812	0	
119.375	-0.668155	910.036	0	
-139.484	-2.19037	961.678	0	
120	-1.09967	940.46	0	
126.25	-1.09967	934.961	0	
-140	-0.727521	964.124	0	
125	-0.798148	927.278	0	
-150.922	-2.00504	960.687	0	
-144.792	-2.01633	967.136	0	
172.314	-2.47004	992.058	0	
-20.0054	-1.48403	995.62	0	
128.125	-0.431516	940.355	0	
132.5	-1.09967	933.259	0	
-25.5207	-2.1669	979.052	0	
127.5	-1.09967	942.161	0	
-21.875	-0.668155	1023.9	0	
124.375	-0.366631	915.213	0	
-145	-1.09967	954.714	0	
-23.5417	-2.01633	972.554	0	
131.875	-0.431516	941.917	0	
-27.5	-0.727521	959.285	0	
133.75	-1.09967	944.245	0	
134.375	-0.431516	947.686	0	
-29.375	-0.668155	988.75	0	
139.896	-1.86538	964.839	0	
-22.5	-1.09967	943.43	0	
9.375	-0.668155	1096.49	0	
141.25	-1.09967	964.044	0	
5.625	-0.668155	1084.85	0	
140.625	-0.431516	981.507	0	
156.146	-1.86538	933.714	0	
3.95833	-2.01633	1031.35	0	
139.375	-0.366631	960.495	0	
-2.72879	-2.84299	1023.03	0	
135	-0.798148	949.061	0	
1.97929	-2.1669	1041.04	0	
131.25	-0.798148	944.663	0	
-20	-0.727521	984.422	0	
118.125	-0.431516	926.662	0	
-133.75	-1.03479	953.986	0	
-1.875	-0.431516	1047.62	0	
143.125	-0.431516	975.214	0	
-13.7054	-2.8545	984.459	0	
150	-1.09967	972.678	0	
146.25	-1.09967	963.875	0	
1.25	-0.798148	1048.88	0	
143.75	-0.798148	969.325	0	
-2.5	-1.09967	1040.38	0	
-4.375	-0.366631	1042.01	0	
150.625	-0.668155	963.057	0	
-8.83895	-1.76841	1010.13	0	
151.25	-1.09967	959.139	0	
157.5	-1.09967	936.203	0	
-17.6594	-3.16789	980.679	0	
156.25	-0.798148	918.884	0	
-10.625	-0.668155	1011.12	0	
148.125	-0.366631	969.239	0	
-5.74439	-2.06993	1005.48	0	
-12.2917	-2.01633	1001.26	0	
156.875	-0.431516	912.739	0	
-14.9111	-1.76841	1005.19	0	
158.958	-1.16463	891.096	0	
160	-0.496475	868.659	0	
-13.75	-1.03479	1015.96	0	
158.125	-0.668155	857.748	0	
-11.25	-1.09967	1020.12	0	
-43.7554	-1.48403	909.448	0	
159.338	-2.74918	873.474	0	
-26.25	-0.798148	977.11	0	
164.35	-1.76839	921.911	0	
166.05	-0.925681	931.99	0	
-31.9944	-2.06993	937.004	0	
155.521	-4.78762	930.019	0	
-37.8277	-2.00504	933.787	0	
161.333	-1.33918	868.416	0	
-45.625	-0.668155	865.909	0	
155.625	-0.366631	925.639	0	
-8.75	-0.798148	1018.52	0	
-35.625	-0.366631	916.657	0	
174.762	-1.34606	993.709	0	
-38.6611	-1.76841	920.607	0	
177.527	-2.9619	1020.78	0	
168.496	-7.04709	967.287	0	
-37.5	-1.03479	901.003	0	
166.796	-10.6094	971.666	0	
-35.0889	-1.76841	934.502	0	
-55.9223	-2.00504	897.088	0	
154.805	-6.09945	920.939	0	
-43.75	-0.727521	895.873	0	
119.775	-42.5718	939.508	0	
169.138	-29.3032	1007.11	0	
-47.2917	-2.01633	893.832	0	
199.784	-4.78957	1043.91	0	
-51.0417	-2.72654	903.995	0	
177.385	-6.05361	1007.17	0	
-56.25	-1.03479	881.835	0	
-50	-1.09967	929.25	0	
-68.75	-1.02905	872.9	0	
-66.9845	-2.19037	902.398	0	
-49.7917	-2.01633	891.01	0	
28.7125	-3.24559	946.313	0	
-75.0054	-1.48403	883.146	0	
-79.0702	-2.91409	904.851	0	
-76.875	-0.668155	874.68	0	
-71.5702	-2.91409	907.355	0	
168.693	-54.0604	1009.72	0	
-46.25	-1.09967	909.571	0	
167.97	-2.04966	930.647	0	
-30.625	-0.366631	945.888	0	
142.5	-1.09967	962.584	0	
5	-1.09967	1015.16	0	
-75	-0.727521	904.698	0	
-101.994	-2.06993	922.521	0	
-78.5417	-2.01633	896.574	0	
65	-0.798148	907.742	0	
-77.5	-1.09967	905.533	0	
-82.5	-0.727521	900.62	0	
-84.375	-0.668155	866.088	0	
98.2293	-2.1669	920.955	0	
105.625	-0.668155	916.965	0	
92.1723	-2.00504	915.602	0	
101.875	-0.668155	901.973	0	
100.208	-2.01633	916.446	0	
101.25	-1.09967	916.509	0	
94.375	-0.431516	906.354	0	
93.75	-1.09967	908.921	0	
88.0955	-3.52006	923.106	0	
97.5	-0.798148	922.259	0	
90.5056	-2.06993	919.321	0	
91.875	-0.366631	905.597	0	
85.625	-0.668155	902.394	0	
87.4111	-1.76841	913.165	0	
82.1723	-2.00504	906.376	0	
87.5	-0.798148	919.994	0	
83.9583	-2.01633	910.649	0	
85	-1.09967	912.357	0	
81.3389	-1.76841	901.597	0	
82.5	-1.03479	900.406	0	
74.375	-0.668155	887.838	0	
76.2446	-1.48403	896.125	0	
70.7293	-2.1669	908.626	0	
76.25	-0.727521	889.357	0	
72.7083	-2.01633	902.457	0	
73.75	-1.09967	895.672	0	
68.75	-0.727521	888.775	0	
66.875	-0.668155	889.446	0	
58.8389	-2.93321	920.025	0	
70	-0.798148	908.148	0	
64.2556	-2.06993	910.192	0	
65.625	-0.366631	877.976	0	
60.625	-0.366631	882.075	0	
61.1611	-1.76841	900.406	0	
57.5889	-1.76841	904.834	0	
58.75	-1.03479	896.62	0	
50.625	-0.668155	863.844	0	
52.4946	-1.48403	896.025	0	
45.2083	-2.72654	915.578	0	
52.5	-0.727521	909.955	0	
48.9583	-2.01633	901.39	0	
50	-1.09967	924.153	0	
46.25	-1.09967	903.361	0	
46.4583	-2.01633	901.463	0	
40	-1.03479	882.642	0	
40.3277	-2.00504	914.117	0	
27.5	-1.02905	916.544	0	
29.2655	-2.19037	952.717	0	
24.6798	-2.91409	955.685	0	
121.042	-2.01633	932.154	0	
19.375	-0.668155	1045.26	0	
21.2446	-1.48403	981.924	0	
17.1798	-2.91409	988.506	0	
21.25	-0.727521	1005.9	0	
17.7083	-2.01633	1014.98	0	
18.75	-1.09967	994.258	0	
13.75	-0.727521	1055.42	0	
11.875	-0.668155	1089.56	0	
153.125	-0.668155	951.831	0	
154.995	-1.48403	941.148	0	
145.155	-3.05088	962.005	0	
155	-0.727521	942.991	0	
151.458	-2.01633	965.53	0	
152.5	-1.09967	969.576	0	
146.875	-0.431516	978.98	0	
148.696	-1.54577	968.878	0	
147.758	-2.24637	964.288	0	
148.75	-0.798148	966.98	0	
143.839	-1.76841	968.741	0	
145	-1.03479	965.124	0	
138.125	-0.36089	963.56	0	
138.745	-1.48403	961.677	0	
135.089	-1.76841	950.571	0	
136.25	-1.03479	955.219	0	
130	-1.03479	948.42	0	
130.328	-2.00504	938.801	0	
122.5	-1.02905	932.448	0	
124.266	-2.19037	930.365	0	
119.68	-2.91409	934.782	0	
156.979	-2.1669	896.031	0	
114.375	-0.668155	904.97	0	
116.245	-1.48403	916.739	0	
112.163	-2.94281	930.134	0	
116.25	-0.727521	914.077	0	
112.708	-2.01633	914.899	0	
113.75	-1.09967	916.061	0	
108.125	-0.668155	920.572	0	
109.911	-1.76841	915.823	0	
-117.5	-1.02905	907.155	0	
-115.734	-2.19037	930.943	0	
-138.021	-2.1669	961.683	0	
-67.5375	-3.24559	911.556	0	
-124.375	-0.36089	931.12	0	
-123.755	-1.48403	932.052	0	
-88.0056	-2.06993	889.749	0	
-81.25	-0.798148	887.984	0	
-86.0417	-2.01633	895.834	0	
-85	-1.09967	909.794	0	
-89.375	-0.366631	868.823	0	
-88.8389	-1.76841	887.462	0	
-96.875	-0.36089	873.97	0	
-96.2554	-1.48403	896.479	0	
-95.7345	-2.19037	913.769	0	
-96.25	-0.727521	900.507	0	
-101.161	-1.76841	915.862	0	
-100	-1.03479	929.636	0	
-106.25	-1.03479	925.876	0	
-105.922	-2.00504	926.62	0	
-70.2083	-2.01633	894.387	0	
-100.328	-2.00504	910.484	0	
-141.25	-0.792406	967.617	0	
-140.814	-2.07688	962.142	0	
-153.54	-3.47677	950.185	0	
-123.787	-3.24559	939.581	0	
-127.411	-1.76841	945.895	0	
-126.25	-1.03479	937.214	0	
-132.5	-1.03479	939.857	0	
-132.172	-2.00504	958.986	0	
-118.958	-2.01633	930.072	0	
-126.578	-2.00504	941.943	0	
-202.353	-21.532	1062.29	0	
-119.833	-3.79821	942.451	0	
-21.25	-1.02905	978.316	0	
-19.4845	-2.19037	992.433	0	
-27.5375	-3.24559	960.1	0	
5.25269	-2.80091	1008.62	0	
-28.125	-0.36089	953.276	0	
-27.5054	-1.48403	962.097	0	
8.24439	-2.06993	1031	0	
15	-0.798148	1014.81	0	
10.2083	-2.01633	1051.81	0	
11.25	-1.09967	1048.65	0	
6.875	-0.366631	1086.26	0	
7.41105	-1.76841	1053.37	0	
-0.625	-0.36089	1050.59	0	
-0.00541199	-1.48403	1048.99	0	
0.51554	-2.19037	1024.92	0	
0	-0.727521	1023.13	0	
-4.91105	-1.76841	1011.39	0	
-3.75	-1.03479	1020.26	0	
-10	-1.03479	1015.91	0	
-9.67228	-2.00504	1009.85	0	
26.0417	-2.01633	952.088	0	
-4.07772	-2.00504	1025.52	0	
-45	-1.02905	932.175	0	
-43.2345	-2.19037	909.773	0	
-50.2083	-2.72654	914.956	0	
-29.6307	-3.06027	942.733	0	
-31.1611	-1.76841	947.188	0	
-30	-1.03479	926.84	0	
-36.25	-1.03479	917.858	0	
-35.9223	-2.00504	929.595	0	
-22.7083	-2.01633	989.546	0	
-30.3277	-2.00504	954.199	0	
-60.2083	-2.01633	892.179	0	
-51.4583	-2.01633	901.022	0	
-68.3387	-1.78555	899.792	0	
-68.4751	-2.84652	903.202	0	
-76.25	-1.02905	875.804	0	
-74.4845	-2.19037	904.309	0	
-77.7083	-2.01633	892.156	0	
-105.61	-4.06799	934.805	0	
-83.125	-0.36089	871.398	0	
-82.5054	-1.48403	880.034	0	
104.494	-2.06993	920.812	0	
110	-0.798148	917.7	0	
106.458	-2.01633	919.363	0	
107.5	-1.09967	913.408	0	
103.125	-0.366631	906.73	0	
103.661	-1.76841	914.106	0	
95.625	-0.36089	904.541	0	
96.2446	-1.48403	910.693	0	
96.7655	-2.19037	921.671	0	
96.25	-0.727521	913.175	0	
91.3389	-1.76841	915.949	0	
92.5	-1.03479	915.565	0	
86.25	-1.03479	909.889	0	
86.5777	-2.00504	913.484	0	
78.2293	-2.1669	909.71	0	
78.5906	-3.16789	921.921	0	
75	-1.02905	899.005	0	
76.7655	-2.19037	908.792	0	
68.7125	-3.24559	920.463	0	
123.713	-3.24559	935.952	0	
68.125	-0.36089	883.537	0	
68.7446	-1.48403	893.656	0	
65.0889	-1.76841	898.354	0	
66.25	-1.03479	892.685	0	
60	-1.03479	899.211	0	
60.3277	-2.00504	906.23	0	
54.4793	-2.1669	904.818	0	
73.5417	-2.01633	906.46	0	
51.25	-1.02905	904.928	0	
53.0155	-2.19037	907.284	0	
40.4973	-3.78292	928.72	0	
54.8394	-3.16569	922.271	0	
39.0027	-2.80091	921.182	0	
44.7917	-2.01633	894.225	0	
27.9113	-1.78555	961.945	0	
27.7749	-2.84652	949.421	0	
20	-1.02905	943.62	0	
21.7655	-2.19037	984.786	0	
-9.36018	-4.06799	972.088	0	
18.5417	-2.01633	989.532	0	
13.125	-0.36089	1047.35	0	
13.7446	-1.48403	1035.28	0	
153.75	-1.02905	950.625	0	
155.516	-2.19037	927.711	0	
142.62	-3.22837	960.906	0	
144.069	-5.7607	951.061	0	
147.5	-0.798148	959.411	0	
146.771	-2.1669	965.757	0	
140.729	-2.1669	960.979	0	
150.746	-2.90651	948.805	0	
137.5	-1.02905	963.77	0	
139.266	-2.19037	954.564	0	
130.64	-4.06799	941.579	0	
141.177	-3.32534	956.588	0	
131.994	-2.06993	947.362	0	
129.955	-2.8545	944.745	0	
128.542	-2.01633	939.578	0	
127.18	-2.91409	940.048	0	
122.911	-1.78555	927.959	0	
122.775	-2.84652	933.258	0	
115	-1.02905	921.726	0	
116.766	-2.19037	923.808	0	
86.8898	-4.06799	930.434	0	
113.542	-2.01633	923.005	0	
108.75	-1.03479	908.942	0	
109.078	-2.00504	919.269	0	
-117.089	-1.78555	932.872	0	
-117.225	-2.84652	929.934	0	
-125	-1.02905	915.028	0	
-123.234	-2.19037	940.225	0	
-78.5826	-3.79821	925.309	0	
-143.899	-7.68728	929.797	0	
-90	-1.03479	886.588	0	
-89.6723	-2.00504	892.803	0	
-97.5	-0.792406	919.786	0	
-97.0644	-2.07688	918.378	0	
-116.287	-3.24559	932.079	0	
-108.125	-3.34884	930.977	0	
-104.256	-2.06993	929.109	0	
-112.466	-3.07092	927.43	0	
-107.708	-2.01633	921.897	0	
-116.633	-5.94785	936.313	0	
-141.434	-1.75189	968.413	0	
-142.267	-2.05915	966.569	0	
-130.506	-2.06993	950.397	0	
-141.756	-5.80291	947.135	0	
-140.354	-6.17065	951.056	0	
-130.457	-4.4054	942.313	0	
-20.8387	-1.78555	990.57	0	
-20.9751	-2.84652	985.966	0	
-28.75	-1.02905	940.147	0	
-26.9845	-2.19037	963.612	0	
-43.7875	-3.24559	919.39	0	
-46.3858	-5.74538	937.518	0	
6.25	-1.03479	1059.98	0	
6.57772	-2.00504	1040.17	0	
-1.25	-0.792406	1021.63	0	
-0.814428	-2.07688	1000.27	0	
-20.0375	-3.24559	984.667	0	
-11.875	-3.34884	965.9	0	
-8.00561	-2.06993	1001.97	0	
-16.2164	-3.07092	991.871	0	
-11.4583	-2.01633	999.438	0	
-20.3828	-5.94785	970.256	0	
-44.5887	-1.78555	901.111	0	
-44.7251	-2.84652	914.382	0	
-34.2556	-2.06993	943.376	0	
-49.5151	-8.22246	933.126	0	
-44.2462	-5.42835	930.653	0	
-34.2075	-4.4054	948.424	0	
-75.0375	-3.24559	913.422	0	
25.1674	-3.79821	965.315	0	
-75.8387	-1.78555	899.144	0	
-75.9751	-2.84652	905.225	0	
-83.75	-1.02905	877.407	0	
-81.9845	-2.19037	899.986	0	
-90.0446	-2.8545	903.523	0	
-86.5873	-2.94281	901.755	0	
102.5	-1.03479	919.798	0	
102.828	-2.00504	916.013	0	
95	-0.792406	928.115	0	
95.4356	-2.07688	927.508	0	
76.2125	-3.24559	919.489	0	
84.375	-3.34884	924.234	0	
88.2444	-2.06993	922.003	0	
80.0336	-3.07092	923.749	0	
84.7917	-2.01633	910.447	0	
75.8672	-5.94785	946.097	0	
75.4113	-1.78555	903.288	0	
75.2749	-2.84652	911.82	0	
67.5	-1.02905	895.121	0	
69.2655	-2.19037	908.458	0	
52.4625	-3.24559	916.083	0	
49.8642	-5.74538	925.003	0	
61.9944	-2.06993	904.488	0	
46.7349	-8.22246	945.987	0	
52.0038	-5.42835	929.503	0	
62.0425	-4.4054	926.485	0	
51.6613	-1.78555	902.383	0	
51.5249	-2.84652	908.112	0	
21.2125	-3.24559	978.729	0	
107.75	-4.43486	936.669	0	
20.4113	-1.78555	1000.8	0	
20.2749	-2.84652	979.914	0	
12.5	-1.02905	1006.88	0	
14.2655	-2.19037	1021.49	0	
6.20541	-2.8545	1016.85	0	
9.66268	-2.94281	1003.86	0	
154.161	-1.78555	944.672	0	
154.025	-2.84652	943.05	0	
152.292	-2.01633	951.59	0	
139.039	-4.35802	948.645	0	
137.911	-1.78555	953.83	0	
137.775	-2.84652	955.022	0	
116.213	-3.24559	929.909	0	
154.963	-3.24559	931.52	0	
115.411	-1.78555	918.925	0	
115.275	-2.84652	926.442	0	
107.292	-2.01633	919.184	0	
109.247	-3.78292	930.925	0	
-140.037	-3.24559	958.235	0	
-71.0826	-3.79821	922.493	0	
-124.589	-1.78555	944.052	0	
-124.725	-2.84652	938.598	0	
-92.8202	-2.91409	906.82	0	
-85.2083	-2.01633	888.589	0	
-97.684	-1.75189	904.009	0	
-98.5173	-2.05915	915.654	0	
-152.708	-2.01633	961.798	0	
-145.211	-4.15655	953.375	0	
-23.5826	-3.79821	961.25	0	
3.37811	-4.98343	965.166	0	
-28.3387	-1.78555	960.664	0	
-28.4751	-2.84652	953.841	0	
3.42981	-2.91409	1027.16	0	
11.0417	-2.01633	1026.93	0	
-1.43402	-1.75189	1046.42	0	
-2.26735	-2.05915	1000.31	0	
-48.9583	-3.47328	919.979	0	
-47.6197	-4.31165	927.925	0	
-88.4261	-3.92482	911.913	0	
-92.8719	-4.98343	920.457	0	
-83.3387	-1.78555	894.842	0	
-83.4751	-2.84652	901.487	0	
99.6798	-2.91409	925.718	0	
107.753	-2.80091	924.921	0	
94.816	-1.75189	910.753	0	
93.9827	-2.05915	922.981	0	
72.6674	-3.79821	926.324	0	
120.167	-3.79821	934.428	0	
67.9113	-1.78555	904.337	0	
67.7749	-2.84652	910.758	0	
47.2917	-3.47328	911.745	0	
50.1448	-3.88818	917.094	0	
17.6674	-3.79821	986.088	0	
-0.0374544	-3.24559	969.955	0	
12.9113	-1.78555	1041.08	0	
12.7749	-2.84652	1015.02	0	
148.483	-4.32001	959.229	0	
187.308	-1.93891	1035.09	0	
147.862	-1.54577	966.543	0	
148.712	-3.13655	951.574	0	
133.929	-3.08731	948.717	0	
138.713	-3.24559	952.524	0	
90.6555	-3.51902	924.464	0	
102.455	-2.8545	926.41	0	
-152.829	-5.21478	950.037	0	
-131.801	-4.25718	954.205	0	
-122.157	-4.23242	938.33	0	
-96.2875	-3.24559	921.095	0	
-46.1052	-3.88818	925.641	0	
-35.5505	-4.25718	922.117	0	
-25.9071	-4.23242	967.766	0	
13.7125	-3.24559	1008.25	0	
-100.639	-4.06622	922.215	0	
-82.5375	-3.24559	909.068	0	
48.6303	-4.31165	920.244	0	
96.2125	-3.24559	933.556	0	
60.6995	-4.25718	927.014	0	
70.3429	-4.23242	927.977	0	
-4.38926	-4.06622	994.312	0	
7.82395	-3.92482	980.396	0	
146.42	-3.14785	960.474	0	
147.178	-4.41078	947.627	0	
34.7917	-2.72654	923.224	0	
33.9583	-2.72654	935.832	0	
126.034	-3.06466	936.614	0	
126.041	-5.36183	942.658	0	
-147.837	-2.94281	962.183	0	
-142.682	-2.77243	960.425	0	
-160.208	-1.16463	876.45	0	
-201.338	-10.2031	1057	0	
-153.958	-2.72654	954.453	0	
-152.247	-2.80091	954.604	0	
-156.042	-3.47328	939.961	0	
-156.458	-2.72654	942.608	0	
-52.8373	-2.94281	912.299	0	
-49.7917	-3.47328	909.627	0	
-58.9583	-2.72654	905.823	0	
-57.7083	-2.01633	896.221	0	
-56.2946	-2.8545	909.566	0	
-57.2473	-2.80091	904.107	0	
-65.2159	-3.06466	910.667	0	
-65.2085	-5.36053	927.795	0	
-72.7159	-3.06466	913.761	0	
-69.5113	-3.00667	910.201	0	
43.4127	-2.94281	908.528	0	
46.4583	-3.47328	918.236	0	
36.0417	-2.01633	917.828	0	
32.5816	-3.68836	946.362	0	
32.1798	-2.91409	928.133	0	
36.4583	-2.72654	925.692	0	
23.5341	-3.06466	968.628	0	
26.7387	-3.00667	962.686	0	
118.534	-3.06466	929.922	0	
121.739	-3.00667	930.036	0	
-121.466	-3.06466	939.452	0	
-118.261	-3.00667	936.232	0	
-93.9659	-3.06466	916.553	0	
-93.9594	-5.36183	933.572	0	
-109.003	-2.80091	924.236	0	
-107.247	-2.80091	929.053	0	
-146.042	-2.72654	960.355	0	
-147.44	-3.72538	956.355	0	
-25.2159	-3.06466	954.99	0	
-22.0113	-3.00667	973.256	0	
2.28409	-3.06466	998.947	0	
2.29056	-5.36183	915.059	0	
-12.7527	-2.80091	1003.22	0	
-10.9973	-2.80091	1002.99	0	
-48.9583	-2.01633	905.054	0	
-45.7613	-3.00667	909.439	0	
-52.44	-3.72538	915.519	0	
-48.5417	-2.72654	903.395	0	
-80.2159	-3.06466	913.728	0	
-77.0113	-3.00667	911.918	0	
98.5341	-3.06466	925.484	0	
98.5406	-5.36183	933.952	0	
83.4973	-2.80091	913.935	0	
85.2527	-2.80091	916.081	0	
71.0341	-3.06466	917.328	0	
74.2387	-3.00667	914.383	0	
47.2917	-2.01633	892.651	0	
50.4887	-3.00667	915.127	0	
43.81	-3.72538	922.126	0	
47.7083	-2.72654	913.064	0	
16.0341	-3.06466	1000.41	0	
19.2387	-3.00667	994.961	0	
151.132	-3.93062	957.695	0	
152.989	-3.00667	952.754	0	
111.032	-2.99641	925.12	0	
114.239	-3.00667	924.022	0	
-87.7179	-2.99641	910.163	0	
-84.5113	-3.00667	908.392	0	
8.53206	-2.99641	1018.6	0	
11.7387	-3.00667	1023.53	0	
104.782	-2.99641	925.468	0	
102.997	-3.78292	929.393	0	
-143.54	-2.72962	962	0	
-140.951	-3.13784	961.362	0	
-99.9558	-2.85377	925.447	0	
-97.2008	-3.13784	915.853	0	
-3.70582	-2.85377	976.618	0	
-0.950756	-3.13784	1022.11	0	
92.5442	-2.85377	926.622	0	
95.2992	-3.13784	920.327	0	
41.5739	-3.92482	918.426	0	
46.0417	-2.72654	905.765	0	
127.582	-3.68916	940.594	0	
132.502	-3.08731	941.955	0	
127.128	-4.98343	945.902	0	
128.572	-3.57598	943.599	0	
-152.662	-3.55114	956.166	0	
-152.231	-4.40508	949.495	0	
-159.148	-3.04538	908.688	0	
-165.564	-17.3854	972.74	0	
-154.373	-3.97501	948.938	0	
-150.753	-3.78292	954.847	0	
-160.293	-8.30276	911.678	0	
-155.208	-3.47328	947.935	0	
-158.057	-10.316	924.965	0	
-143.957	-3.47621	956.666	0	
-58.5398	-3.47677	910.055	0	
-57.2309	-4.40508	921.85	0	
-61.4583	-2.72654	903.374	0	
-57.6621	-3.55114	915.326	0	
-62.7232	-3.50081	909.227	0	
-55.7527	-3.78292	913.328	0	
-64.0702	-2.91409	902.897	0	
-63.6684	-3.68836	918.717	0	
-61.8899	-3.99904	921.243	0	
-60.2083	-3.47328	909.36	0	
-72.8478	-5.56717	932.695	0	
-69.264	-5.46522	922.098	0	
39.9554	-2.8545	910.139	0	
39.0191	-4.40508	934.162	0	
37.2917	-2.72654	917.43	0	
38.5879	-3.55114	918.454	0	
34.3601	-3.99904	937.753	0	
37.7102	-3.47677	926.781	0	
35.2083	-3.47328	931.5	0	
33.5268	-3.50081	927.509	0	
23.4022	-5.56717	970.382	0	
26.986	-5.46522	967.256	0	
118.402	-5.56717	940.577	0	
114.489	-5.47929	941.694	0	
-121.598	-5.56717	950.783	0	
-125.6	-5.31383	948.286	0	
-92.4178	-3.68916	920.374	0	
-89.5027	-3.78292	917.65	0	
-90.9952	-4.42757	923.876	0	
-86.1036	-3.83222	920.253	0	
-109.687	-5.39772	942.218	0	
-106.295	-2.8545	924.078	0	
-110.64	-4.06799	927.473	0	
-98.2818	-3.59669	929.138	0	
-146.478	-3.50911	958.3	0	
-141.985	-3.52613	957.961	0	
-25.3478	-5.56717	949.852	0	
-29.3495	-5.31383	943.491	0	
3.83223	-3.68916	971.334	0	
6.7473	-3.78292	988.802	0	
5.25478	-4.42757	955.354	0	
10.1464	-3.83222	994.595	0	
-13.4371	-5.39772	926.935	0	
-10.0446	-2.8545	991.372	0	
-14.3898	-4.06799	989.763	0	
-2.03178	-3.59669	929.115	0	
-51.4777	-3.50911	917.281	0	
-47.7083	-2.72654	918.79	0	
-51.0637	-4.19254	917.085	0	
-47.2189	-3.60804	912.327	0	
-80.3478	-5.56717	935.282	0	
-84.2613	-5.47929	926.462	0	
100.082	-3.68916	930.432	0	
112.646	-3.83222	930.744	0	
110.324	-3.92482	935.541	0	
107.317	-3.58364	931.932	0	
82.8129	-5.39772	933.817	0	
86.2054	-2.8545	920.673	0	
81.8602	-4.06799	929.913	0	
94.2182	-3.59669	937.016	0	
70.9022	-5.56717	936.791	0	
66.9005	-5.31383	935.029	0	
44.7723	-3.50911	915.305	0	
48.5417	-2.72654	906.494	0	
45.1863	-4.19254	925.019	0	
49.0311	-3.60804	918.832	0	
15.9022	-5.56717	973.251	0	
11.9887	-5.47929	955.171	0	
108.705	-2.8545	926.219	0	
101.072	-3.57598	930.434	0	
-91.4282	-3.57598	912.347	0	
-94.651	-4.21812	918.661	0	
4.82178	-3.57598	997.019	0	
1.59897	-4.21812	975.787	0	
105.913	-2.94281	925.995	0	
106.31	-3.72554	933.484	0	
97.849	-4.21812	934.622	0	
101.505	-4.42757	933.777	0	
-144.792	-3.47313	958.63	0	
-146.064	-4.19253	954.762	0	
-103.124	-4.43041	939.604	0	
-108.125	-4.73217	931.851	0	
-6.87403	-4.43041	925.796	0	
-11.875	-4.73217	980.65	0	
89.376	-4.43041	944.357	0	
84.375	-4.73217	932.092	0	
121.393	-3.89079	940.574	0	
143.936	-3.97268	951.817	0	
125.349	-4.21812	943.159	0	
129.043	-4.50658	943.524	0	
-154.834	-5.62943	942.541	0	
-149.676	-3.92482	956.759	0	
-156.465	-4.16242	936.01	0	
-88.4597	-6.17559	924.284	0	
-157.746	-3.54331	925.998	0	
-157.336	-4.23245	927.892	0	
-155.953	-5.20944	934.553	0	
-151.274	-4.58327	951.899	0	
-87.8931	-5.00841	927.592	0	
-54.6761	-3.92482	925.549	0	
-59.3731	-3.97501	920.662	0	
7.79028	-6.17559	911.218	0	
-65.9011	-4.21822	918.664	0	
-59.3047	-5.11624	924.732	0	
-64.1215	-4.98124	922.367	0	
-60.5387	-5.90518	934.725	0	
8.35687	-5.00841	959.452	0	
92.527	-5.11846	945.534	0	
30.3489	-4.21822	937.366	0	
32.1285	-4.98124	934.002	0	
36.0417	-3.47328	922.989	0	
34.378	-5.06466	935.936	0	
35.7113	-5.90518	942.429	0	
36.8769	-3.97501	929.938	0	
-101.844	-3.51902	922.351	0	
-99.973	-5.11846	940.789	0	
-145.501	-5.7656	945.578	0	
-69.8571	-3.89079	921.741	0	
-156.677	-7.51666	931.024	0	
-49.707	-5.1949	925.815	0	
-148.977	-5.20289	953.397	0	
-147.813	-5.59213	951.002	0	
-5.59449	-3.51902	988.553	0	
-3.72305	-5.11846	855.738	0	
-56.2742	-4.58327	928.414	0	
26.3929	-3.89079	948.319	0	
-39.9676	-3.06872	930.368	0	
46.543	-5.1949	926.432	0	
-53.9766	-5.20289	919.206	0	
-50.211	-4.15672	923.617	0	
-55.8234	-5.70833	922.615	0	
-48.5258	-4.17689	918.642	0	
-52.8132	-5.59213	938.617	0	
-47.2738	-5.38006	923.925	0	
91.8607	-4.06622	927.863	0	
105.879	-5.0575	939.1	0	
36.9453	-5.11624	935.222	0	
130.158	-4.945	947.141	0	
56.2824	-3.06872	920.33	0	
110.29	-6.17488	946.779	0	
42.2734	-5.20289	933.652	0	
46.039	-4.15672	921.269	0	
40.4266	-5.70833	935.89	0	
47.7242	-4.17689	923.582	0	
39.9758	-4.58327	925.726	0	
48.9762	-5.38006	925.788	0	
-90.0224	-4.58092	921.155	0	
-89.5124	-5.89001	929.665	0	
6.22758	-4.58092	951.296	0	
6.73765	-5.89001	926.534	0	
102.928	-5.70651	938.398	0	
107.848	-6.54104	943.548	0	
104.074	-3.92482	935.333	0	
104.773	-5.20318	937.241	0	
99.6281	-4.98343	936.587	0	
102.478	-4.58092	937.761	0	
-150.823	-5.70833	951.561	0	
-143.779	-5.33843	947.837	0	
76.6284	-4.52398	929.813	0	
144.244	-11.4317	915.085	0	
128.127	-5.50143	947.16	0	
128.872	-6.93342	945.624	0	
-158.777	-5.20944	914.862	0	
-143.448	-4.30353	955.386	0	
-161.732	-2.79975	867.571	0	
-207.299	-15.0218	1064.46	0	
-182.365	-35.5359	1061.65	0	
-79.1691	-5.28353	925.373	0	
-150.997	-8.59138	931.074	0	
-57.1302	-6.3947	939.323	0	
-61.872	-5.06466	923.851	0	
-58.0402	-5.47194	926.634	0	
-115.872	-4.52398	941.521	0	
17.0809	-5.28353	968.99	0	
-19.6216	-4.52398	971.361	0	
108.728	-4.58055	939.016	0	
38.2098	-5.47194	932.088	0	
43.4368	-5.59213	928.529	0	
-139.58	-4.60081	949.69	0	
-145.691	-7.03602	951.359	0	
-96.7489	-6.89898	931.51	0	
-97.1496	-5.26597	931.991	0	
-149.602	-6.18605	947.121	0	
-134.449	-4.25718	942.901	0	
-31.5017	-4.16217	932.427	0	
39.1198	-6.3947	944.417	0	
-0.498874	-6.89898	891.107	0	
-0.89962	-5.26597	867.322	0	
-70.5474	-6.44535	943.11	0	
-54.6024	-6.18605	941.986	0	
-52.4014	-4.79453	918.021	0	
-51.4417	-5.03664	927.26	0	
-52.0429	-7.10465	922.987	0	
-50.5017	-5.76581	926.021	0	
-54.1682	-7.76797	921.135	0	
-36.3389	-2.93321	936.408	0	
-48.8551	-5.21507	926.061	0	
-48.0926	-6.0103	934.838	0	
64.7483	-4.16217	930.873	0	
110.857	-5.00834	936.646	0	
95.7511	-6.89898	929.303	0	
95.3504	-5.26597	945.447	0	
25.7026	-6.44535	951.878	0	
41.6476	-6.18605	932.048	0	
43.8486	-4.79453	928.203	0	
44.8083	-5.03664	924.798	0	
44.2071	-7.10465	940.263	0	
45.7483	-5.76581	934.943	0	
42.0818	-7.76797	941.746	0	
59.9111	-2.93321	918.794	0	
47.3949	-5.21507	925.323	0	
48.1574	-6.0103	931.396	0	
-91.9104	-5.42242	927.713	0	
-90.925	-6.50437	937.099	0	
4.33964	-5.42242	917.951	0	
5.32497	-6.50437	872.944	0	
106.858	-5.46739	943.687	0	
109.237	-5.889	940.942	0	
45.559	-7.03622	927.438	0	
104.147	-6.18687	947.531	0	
100.59	-5.42242	938.886	0	
100.817	-6.41692	940.564	0	
-147.401	-4.79453	954.493	0	
-146.442	-5.03663	954.333	0	
-147.043	-7.10465	946.123	0	
-144.707	-5.19453	955.066	0	
-149.168	-7.76797	946.69	0	
-132.589	-2.93321	945.571	0	
-154.178	-7.28627	938.24	0	
-151.919	-6.13754	942.034	0	
-67.2642	-6.91889	928.137	0	
-50.691	-7.03622	938.686	0	
28.9858	-6.91889	964.525	0	
57.9209	-9.10125	958.454	0	
-165.569	-3.72058	882.483	0	
-124.19	-5.40086	941.412	0	
-65.8105	-6.63734	933.074	0	
-38.3291	-9.10125	940.841	0	
-59.0799	-8.70786	941.486	0	
-25.746	-9.39498	954.518	0	
-36.875	-5.27905	938.826	0	
-45.618	-4.95711	923.623	0	
30.4395	-6.63734	939.011	0	
104.619	-8.07335	941.329	0	
37.1701	-8.70786	956.823	0	
121.986	-5.46522	941.974	0	
59.375	-5.27905	941.557	0	
50.632	-4.95711	923.498	0	
-100.432	-7.15932	918.958	0	
-118.014	-5.46522	943.078	0	
-4.18243	-7.15932	939.662	0	
-21.764	-5.46522	968.567	0	
101.373	-10.8863	946.71	0	
97.6668	-7.08742	947.666	0	
74.486	-5.46522	928.508	0	
92.0676	-7.15932	924.306	0	
-142.782	-6.56075	952.717	0	
-142.334	-4.31064	953.812	0	
-152.527	-7.43868	946.049	0	
-121.996	-9.39498	964.141	0	
-136.218	-3.06872	951.958	0	
-128.568	-3.08143	943.996	0	
-38.1995	-4.25718	932.167	0	
-32.318	-3.08143	949.231	0	
58.0505	-4.25718	925.012	0	
63.932	-3.08143	916.537	0	
133.106	-6.04794	943.984	0	
130.428	-6.60412	948.161	0	
123.985	-6.91734	945.958	0	
150.848	-20.0464	918.723	0	
-155.18	-8.32445	927.466	0	
-52.0799	-10.5411	921.714	0	
-40.8588	-5.44334	931.427	0	
-43.3792	-4.50999	922.706	0	
55.3912	-5.44334	939.357	0	
52.8708	-4.50999	926.846	0	
-87.5848	-7.52916	943.483	0	
-84.8609	-3.89608	918.977	0	
8.66524	-7.52916	868.677	0	
11.3891	-3.89608	976.826	0	
120.703	-6.44535	947.884	0	
113.889	-3.89608	936.914	0	
-94.8332	-7.08742	926.934	0	
-127.752	-4.16217	947.896	0	
-136.015	-9.53859	951.325	0	
-118.607	-3.89079	936.278	0	
-44.375	-6.99919	942.828	0	
-22.3571	-3.89079	974.849	0	
-42.8302	-8.44515	931.926	0	
-40.8536	-7.44458	932.205	0	
51.875	-6.99919	914.783	0	
73.8929	-3.89079	929.272	0	
53.4198	-8.44515	948.002	0	
55.3964	-7.44458	907.718	0	
-45.8903	-7.18841	929.102	0	
-48.1439	-7.56208	933.159	0	
50.3597	-7.18841	931.609	0	
48.1061	-7.56208	927.692	0	
-141.655	-10.9683	901.795	0	
-134.129	-6.10622	954.545	0	
-52.772	-8.29733	950.785	0	
-46.8296	-8.37487	951.804	0	
43.478	-8.29733	934.106	0	
49.4204	-8.37487	930.697	0	
-164	-0.842706	864.959	0	
-160.19	-2.6252	895.684	0	
-171.26	-1.12398	935.398	0	
-163.118	-4.25546	889.04	0	
157.984	-3.31993	916.272	0	
162.75	-0.842706	897.004	0	
160.879	-2.92373	891.594	0	
162.233	-4.81544	905.78	0	
149.806	-4.94504	934.895	0	
157.495	-4.95032	897.243	0	
136.186	-4.14103	950.463	0	
140.456	-4.52612	951.288	0	
-73.4071	-4.23242	924.298	0	
-71.6691	-5.28353	924.927	0	
-80.4167	-10.3326	968.148	0	
-64.8646	-8.3096	930.248	0	
-77.3571	-3.89079	923.568	0	
-74.2262	-6.72899	953.784	0	
22.8429	-4.23242	962.017	0	
24.5809	-5.28353	958.494	0	
15.8333	-10.3326	820.762	0	
31.3854	-8.3096	961.434	0	
18.8929	-3.89079	970.272	0	
22.0238	-6.72899	928.592	0	
117.843	-4.23242	939.44	0	
119.581	-5.28353	943.593	0	
112.877	-7.50462	948.4	0	
125.437	-6.63718	951.829	0	
111.164	-7.52928	943.374	0	
117.03	-6.73778	950.682	0	
-120.419	-5.28353	938.859	0	
-119.297	-6.44535	952.088	0	
-147.08	-10.5411	935.176	0	
-106.019	-7.46803	941.593	0	
-144.559	-9.99967	952.784	0	
-147.772	-8.29733	942.504	0	
-24.1691	-5.28353	970.86	0	
-23.0474	-6.44535	954.679	0	
1.41684	-7.08742	850.611	0	
-9.76913	-7.46803	889.39	0	
-27.9404	-5.40086	955.154	0	
-23.5704	-9.08967	952.327	0	
-80.9071	-4.23242	921.05	0	
-78.0474	-6.44535	953.631	0	
-74.2388	-9.20929	893.053	0	
-76.764	-5.46522	928.004	0	
-81.7196	-6.73778	948.14	0	
-82.2148	-8.98906	908.163	0	
72.0809	-5.28353	931.38	0	
73.2026	-6.44535	946.155	0	
102.182	-6.54766	944.918	0	
86.4809	-7.46803	942.494	0	
68.3096	-5.40086	937.657	0	
93.8488	-8.33358	956.77	0	
15.3429	-4.23242	979.011	0	
18.2026	-6.44535	938.941	0	
22.0112	-9.20929	992.468	0	
19.486	-5.46522	972.894	0	
14.5304	-6.73778	901.026	0	
14.0352	-8.98906	900.763	0	
112.049	-4.96932	942.097	0	
113.194	-6.11121	943.14	0	
107.957	-10.0357	940.615	0	
114.373	-9.53907	951.876	0	
-86.7013	-4.9694	920.94	0	
-85.556	-6.11128	939.638	0	
-85.8729	-7.50385	922.697	0	
-84.3782	-9.53722	952.663	0	
9.54871	-4.9694	951.601	0	
10.694	-6.11128	928.163	0	
10.3771	-7.50385	884.632	0	
11.8718	-9.53722	828.243	0	
132.08	-7.47425	947.633	0	
134.746	-4.16808	944.57	0	
124.075	-4.31071	939.803	0	
123.313	-5.73457	949.1	0	
-67.1755	-4.31081	922.479	0	
-67.9367	-5.73467	932.816	0	
29.0745	-4.31081	959.564	0	
28.3133	-5.73467	939.825	0	
-95.9255	-4.31071	928.248	0	
-98.5926	-4.6597	923.018	0	
-103.786	-7.04865	916.435	0	
-106.563	-5.39772	931.441	0	
0.324502	-4.31071	972.077	0	
-2.3426	-4.6597	984.674	0	
-7.5359	-7.04865	962.992	0	
-10.3129	-5.39772	931.385	0	
96.5745	-4.31071	928.707	0	
93.9074	-4.6597	928.445	0	
88.7141	-7.04865	923.741	0	
103.633	-8.96714	952.312	0	
-62.0477	-8.8546	940.936	0	
34.2023	-8.8546	950.522	0	
-65.6604	-12.2385	902.53	0	
44.1701	-10.5411	954.589	0	
-43.9291	-11.1429	980.175	0	
106.762	-8.25621	958.684	0	
40.691	-8.79126	947.35	0	
126.259	-8.10539	946.493	0	
30.5896	-12.2385	980.56	0	
128.121	-8.37598	953.951	0	
98.349	-8.47005	933.941	0	
102.415	-7.9218	943.287	0	
-155.111	-10.7469	934.572	0	
-60.5733	-7.64358	925.696	0	
138.321	-5.52235	948.205	0	
152.541	-4.03078	939.937	0	
-138.552	-9.35636	951.291	0	
-137.06	-5.53416	942.992	0	
-129.996	-3.08143	951.729	0	
-129.047	-6.04201	949.481	0	
-33.7459	-3.08143	927.58	0	
-32.7973	-6.04201	922.613	0	
62.5041	-3.08143	922.45	0	
63.4527	-6.04201	933.348	0	
131.229	-11.2697	943.027	0	
151.99	-6.88415	923.598	0	
136.941	-5.40234	945.395	0	
141.133	-5.9764	946.492	0	
-74.6816	-4.325	932.382	0	
-75.4428	-5.74886	932.909	0	
21.5684	-4.325	967.166	0	
20.8072	-5.74886	966.572	0	
116.568	-4.325	939.514	0	
115.814	-5.75765	944.2	0	
-123.432	-4.325	947.15	0	
-126.314	-4.14101	940.846	0	
-115.576	-8.16642	960.304	0	
-113.246	-5.34905	931.986	0	
-27.1816	-4.325	947.112	0	
-30.0644	-4.14101	951.442	0	
-19.3257	-8.16642	927.479	0	
-16.996	-5.34905	973.753	0	
-82.1816	-4.325	930.431	0	
-82.9362	-5.75765	929.652	0	
69.0684	-4.325	930.741	0	
66.1856	-4.14101	927.333	0	
76.9243	-8.16642	926.015	0	
79.254	-5.34905	938.793	0	
14.0684	-4.325	970.012	0	
13.3138	-5.75765	960.121	0	
105.405	-12.0508	965.719	0	
116.536	-8.99008	946.571	0	
-93.9774	-8.66503	944.362	0	
-91.6041	-8.13534	926.437	0	
2.27255	-8.66503	755.968	0	
4.64589	-8.13534	790.331	0	
129.195	-10.2093	942.942	0	
146.046	-6.10183	947.662	0	
134.488	-5.91521	949.078	0	
135.867	-6.69788	946.024	0	
121.43	-8.68418	943.502	0	
123.385	-8.88682	950.895	0	
-69.8214	-8.68669	902.179	0	
-67.8655	-8.89079	933.124	0	
26.4286	-8.68669	988.245	0	
28.3845	-8.89079	950.22	0	
-66.1145	-9.89368	951.128	0	
-95.0051	-12.6851	938.99	0	
-55.559	-8.79126	949.286	0	
1.24494	-12.6851	519.637	0	
85.9371	-5.39772	935.184	0	
70.504	-9.39498	930.866	0	
99.9643	-7.8529	945.863	0	
101.084	-8.78437	943.282	0	
-119.82	-9.08967	936.45	0	
-122.652	-7.0343	937.885	0	
-127.769	-5.79877	943.931	0	
-125.499	-7.54635	948.844	0	
-48.3872	-12.3828	943.581	0	
-26.4019	-7.0343	956.977	0	
-31.5194	-5.79877	953.073	0	
-29.2492	-7.54635	941.316	0	
47.8628	-12.3828	962.393	0	
69.8481	-7.0343	940.622	0	
64.7306	-5.79877	931.029	0	
67.0008	-7.54635	944.958	0	
140.302	-7.00568	941.275	0	
142.7	-6.86574	941.293	0	
125.012	-9.68556	953.879	0	
195.519	-2.32667	1045.06	0	
-98.6512	-8.33358	945.454	0	
35.6767	-7.64358	942.163	0	
-2.40124	-8.33358	681.759	0	
103.223	-11.1651	940.701	0	
72.6796	-9.08967	927.084	0	
95.07	-11.0041	913.12	0	
-136.973	-6.98397	952.332	0	
-135.349	-7.69153	936.031	0	
-32.1235	-10.677	927.14	0	
-33.5046	-8.27657	965.861	0	
64.1265	-10.677	934.57	0	
97.6545	-10.9522	948.959	0	
80.0504	-6.99449	928.532	0	
151.079	-11.5903	906.352	0	
-78.2205	-8.73643	901.008	0	
30.1355	-9.89368	933.918	0	
8.79112	-11.9339	719.962	0	
110.443	-9.50362	958.141	0	
-126.434	-6.49884	945.725	0	
-123.97	-6.77541	952.402	0	
-30.1836	-6.49884	946.672	0	
-27.72	-6.77541	948.701	0	
66.0664	-6.49884	934.581	0	
68.53	-6.77541	935.06	0	
150.025	-6.43618	950.29	0	
153.18	-5.49318	941.49	0	
147.57	-7.50219	922.581	0	
142.406	-9.04296	936.347	0	
-113.344	-8.75328	933.648	0	
-118.411	-11.2883	966.917	0	
-114.541	-4.53464	933.956	0	
-111.901	-4.28441	938.29	0	
-17.0944	-8.75328	946.27	0	
-21.2298	-10.3281	933.066	0	
-18.2907	-4.53464	982.996	0	
-15.6508	-4.28441	968.904	0	
79.1556	-8.75328	949.085	0	
75.0202	-10.3281	960.851	0	
77.9593	-4.53464	927.961	0	
80.5992	-4.28441	925.17	0	
-63.1585	-5.8593	934.22	0	
-63.2996	-7.91085	927.407	0	
33.0915	-5.8593	949.281	0	
32.9504	-7.91085	941.64	0	
-205.568	-32.9721	1077.31	0	
-158.17	-8.54355	916.515	0	
-42.0494	-4.51844	927.381	0	
-39.5061	-4.39269	922.876	0	
54.2006	-4.51844	919.253	0	
56.7439	-4.39269	924.433	0	
-138.25	-4.60927	955.381	0	
-135.756	-4.39269	956.138	0	
132.732	-9.94285	942.831	0	
140.759	-8.90393	939.342	0	
-131.823	-7.75398	948.753	0	
-88.3496	-9.59591	922.249	0	
-29.7584	-9.79585	968.937	0	
7.90043	-9.59591	731.705	0	
62.7454	-8.27657	930.413	0	
52.3209	-11.1429	896.258	0	
86.5779	-13.8833	950.907	0	
208.99	-5.28426	1042.35	0	
-59.5306	-11.2795	930.139	0	
-57.3001	-7.89572	924.311	0	
36.7194	-11.2795	944.4	0	
38.9499	-7.89572	940.089	0	
138.907	-6.71973	942.114	0	
136.37	-8.16582	938.681	0	
138.03	-8.06765	942.557	0	
139.214	-9.60327	930.476	0	
134.987	-10.2845	943.716	0	
161.413	-6.92918	917.23	0	
119.235	-10.2813	960.787	0	
95.7393	-17.4777	892.834	0	
-50.1748	-10.5347	952.844	0	
-46.4132	-10.8834	934.704	0	
46.0752	-10.5347	924.93	0	
49.8368	-10.8834	932.645	0	
-176.012	-1.34606	976.432	0	
-160.335	-6.5477	905.028	0	
-161.831	-10.7403	921.358	0	
-188.999	-19.3034	1052.32	0	
158.946	-6.83953	920.851	0	
170.01	-1.12398	965.795	0	
-87.4589	-11.9339	949.782	0	
99.5587	-12.4369	933.8	0	
18.0295	-8.73643	955.396	0	
4.49832	-12.069	628.629	0	
-153.134	-12.2646	918.781	0	
-148.55	-12.2522	919.813	0	
-121.489	-14.4624	956.032	0	
-126.008	-9.79585	940.98	0	
104.932	-18.5916	983.572	0	
112.453	-11.0673	939.268	0	
-91.7517	-12.069	931.528	0	
-71.535	-10.5118	967.612	0	
5.3409	-14.035	630.128	0	
24.715	-10.5118	894.768	0	
-112.45	-6.99449	953.013	0	
-129.168	-15.7527	925.895	0	
-16.1996	-6.99449	918.428	0	
-27.5734	-11.3856	936.966	0	
-144.852	-16.8136	897.377	0	
-124.741	-12.1163	957.448	0	
-37.2846	-13.6039	967.53	0	
-6.7017	-12.0229	845.662	0	
66.4916	-9.79585	919.812	0	
58.9654	-13.6039	877.781	0	
112.419	-14.9051	944.583	0	
127.849	-11.938	947.482	0	
147.347	-10.4774	938.922	0	
153.266	-9.06305	933.979	0	
-122.779	-11.9203	930.534	0	
-102.474	-8.42323	957.042	0	
-20.7162	-13.563	866.593	0	
-6.22447	-8.42323	687.199	0	
75.5338	-13.563	898.134	0	
90.0255	-8.42323	959.651	0	
68.6766	-11.3856	958.298	0	
136.037	-12.2238	923.413	0	
-61.6144	-11.5018	916.797	0	
-55.5379	-10.963	921.302	0	
34.6356	-11.5018	976.72	0	
40.7121	-10.963	955.545	0	
128.852	-14.5637	937.042	0	
235.957	-15.9774	1042.88	0	
-178.777	-2.9619	976.599	0	
-162.755	-6.23594	889.541	0	
-156.495	-11.7116	920.53	0	
-221.912	-14.5162	1057.99	0	
-169.141	-4.00209	919.905	0	
-167.19	-4.8303	911.443	0	
164.287	-4.15658	911.73	0	
166.707	-4.43785	950.318	0	
155.354	-8.54876	922.936	0	
132.793	-16.0264	927.411	0	
-53.4549	-12.1835	954.463	0	
-9.67296	-13.8421	517.732	0	
42.7951	-12.1835	947.23	0	
33.1604	-13.2995	928.493	0	
-53.1756	-15.7705	936.937	0	
-138.938	-7.6289	938.142	0	
-134.594	-10.3937	922.986	0	
-155.484	-17.2341	923.573	0	
-127.52	-14.6602	944.635	0	
-47.7993	-19.2086	897.869	0	
-31.0758	-17.4153	909.453	0	
48.4507	-19.2086	1040.54	0	
65.1742	-17.4153	969.017	0	
131.221	-14.31	944.359	0	
153.572	-16.0839	945.71	0	
-157.266	-14.2011	934.1	0	
43.0744	-15.7705	962.063	0	
11.0506	-11.9005	721.556	0	
89.5492	-12.064	902.196	0	
125.528	-11.6848	940.016	0	
119.86	-13.8177	933.978	0	
-167.135	-7.23969	925.575	0	
-192.539	-4.26558	1055.52	0	
-133.857	-13.0595	955.281	0	
-129.198	-9.41262	946.977	0	
-228.19	-24.6897	1072.12	0	
-128.413	-13.1119	932.668	0	
-132.411	-9.49708	948.474	0	
-132.552	-6.10622	938.961	0	
-166.307	-13.5038	944.171	0	
-108.605	-11.4398	913.903	0	
-130.943	-10.541	941.189	0	
-129.662	-7.54154	942.312	0	
-131.112	-14.0765	924.996	0	
-127.757	-10.8627	951.233	0	
-135.282	-19.8734	950.952	0	
-102.952	-12.0229	904.111	0	
-130.381	-12.4546	944.082	0	
-128.544	-17.3008	940.814	0	
-148.258	-15.1857	936.984	0	
-3.6662	-13.8175	431.354	0	
-125.443	-18.0933	915.637	0	
-125.597	-14.7313	926.296	0	
-62.6835	-17.1843	885.014	0	
-85.1994	-11.9005	919.347	0	
-124.144	-16.6164	948.674	0	
-121.999	-16.5434	928.104	0	
-91.6409	-16.373	927.336	0	
-70.7541	-13.472	884.007	0	
4.6091	-16.373	497.785	0	
25.4959	-13.472	975.817	0	
-110.152	-7.25958	929.283	0	
-116.205	-10.7321	931.315	0	
-13.9017	-7.25958	955.795	0	
-12.3545	-11.4398	886.787	0	
82.3483	-7.25958	941.341	0	
83.8955	-11.4398	922.125	0	
-83.8414	-14.5362	946.858	0	
-76.2546	-10.6507	972.663	0	
12.4086	-14.5362	684.696	0	
19.9954	-10.6507	857.972	0	
-97.6578	-11.3921	916.114	0	
-90.4292	-10.045	941.78	0	
-1.40778	-11.3921	770.158	0	
5.82085	-10.045	768.349	0	
-111.605	-11.7939	946.948	0	
-108.046	-8.66433	948.264	0	
-15.3552	-11.7939	782.156	0	
-11.7958	-8.66433	798.321	0	
80.8948	-11.7939	919.792	0	
84.4542	-8.66433	937.973	0	
-57.7296	-12.6391	955.972	0	
-56.3189	-16.133	903.859	0	
38.5204	-12.6391	960.297	0	
39.9311	-16.133	1001.68	0	
-173.564	-2.47004	959.648	0	
-165.151	-8.11045	913.08	0	
157.521	-9.12614	916.815	0	
160.271	-11.5138	945.094	0	
-36.2393	-7.66183	921.823	0	
-40.908	-14.645	901.357	0	
60.0107	-7.66183	915.367	0	
55.342	-14.645	1002.81	0	
92.8124	-13.4707	965.234	0	
138.603	-11.6407	931.104	0	
-114.482	-16.5569	898.231	0	
-119.297	-14.1357	927.916	0	
-106.853	-18.8267	878.495	0	
-90.9091	-14.035	933.372	0	
-63.0896	-13.2995	962.714	0	
-81.2221	-13.5164	903.79	0	
-119.75	-18.497	931.584	0	
-105.923	-13.8421	971.908	0	
-99.9162	-13.8175	949.127	0	
-124.617	-21.7604	925.941	0	
15.0279	-13.5164	799.798	0	
33.5665	-17.1843	992.089	0	
-177.258	-5.78191	994.321	0	
-175.551	-13.7225	1000.76	0	
-170.014	-8.10752	940.699	0	
-170.068	-11.6224	973.641	0	
123.346	-14.3333	953.049	0	
130.766	-41.4755	956.882	0	
-117.966	-16.82	955.165	0	
-113.607	-13.3165	955.701	0	
-93.8748	-11.0032	922.221	0	
-93.6138	-16.0889	923.003	0	
2.37524	-11.0032	746.364	0	
2.63623	-16.0889	607.648	0	
-136.481	-15.5337	888.629	0	
46.237	-15.9763	884.31	0	
-50.013	-15.9763	1013.46	0	
-33.8137	-14.565	984.955	0	
-118.828	-25.8063	964.047	0	
62.4363	-14.565	906.836	0	
-89.2433	-18.71	933.298	0	
-88.6959	-14.349	926.576	0	
7.00668	-18.71	512.777	0	
7.55411	-14.349	586.959	0	
-158.473	-25.925	966.9	0	
-57.5305	-27.6829	1064.84	0	
-87.3706	-17.1144	930.005	0	
-82.1404	-18.8236	940.639	0	
-17.0729	-14.4419	840.752	0	
125.77	-16.4577	928.401	0	
8.87942	-17.1144	567.452	0	
14.1096	-18.8236	631.803	0	
218.789	-9.67962	1049.74	0	
183.637	-7.09149	1030.62	0	
135.243	-14.7675	935.183	0	
140.335	-13.8884	919.364	0	
-181.714	-1.61583	1009.72	0	
-173.773	-5.29005	956.337	0	
163.087	-10.0309	937.746	0	
180.465	-1.61583	1018.26	0	
-76.9341	-14.5113	881.147	0	
-67.81	-14.1067	968.562	0	
19.3159	-14.5113	891.94	0	
28.44	-14.1067	890.827	0	
-162.174	-17.4716	940.791	0	
-121.07	-22.2371	882.321	0	
-58.6684	-18.9989	1023.46	0	
0.81144	-18.779	368.723	0	
37.5816	-18.9989	910.812	0	
107.856	-15.3565	905.32	0	
138.207	-15.8819	910.814	0	
143.531	-14.1381	916.4	0	
99.901	-16.4959	921.068	0	
79.1771	-14.4419	949.794	0	
-111.48	-20.2273	984.324	0	
-99.0883	-17.8006	903.624	0	
-27.2006	-15.1171	944.94	0	
-2.83826	-17.8006	635.548	0	
69.0494	-15.1171	886.355	0	
46.6928	-24.0743	863.639	0	
-166.112	-27.3981	1004.35	0	
-68.8837	-22.4837	906.614	0	
-81.3835	-22.9609	884.312	0	
-67.2534	-16.8341	892.11	0	
14.8665	-22.9609	666.566	0	
28.9966	-16.8341	969.82	0	
125.531	-19.801	922.57	0	
145.65	-18.2045	939.337	0	
136.74	-19.4185	942.029	0	
140.986	-21.4915	881.827	0	
-74.1374	-16.0301	970.846	0	
-64.6977	-18.8508	966.51	0	
22.1126	-16.0301	791.549	0	
31.5523	-18.8508	921.766	0	
-95.4386	-18.779	930.035	0	
2.52004	-23.669	498.596	0	
27.3663	-22.4837	948.096	0	
30.7731	-22.4901	843.023	0	
-84.7755	-17.335	922.11	0	
-79.7054	-15.7809	957.759	0	
11.4745	-17.335	638.896	0	
16.5446	-15.7809	731.134	0	
218.255	-34.6155	1035.66	0	
132.745	-19.8694	916.295	0	
-152.736	-16.2622	937.68	0	
-150.381	-17.763	918.083	0	
-144.708	-21.2594	940.487	0	
-141.325	-14.5407	949.921	0	
-62.9905	-26.6887	889.222	0	
-11.2357	-19.2992	751.101	0	
33.2595	-26.6887	1018.21	0	
116.277	-16.8153	948.853	0	
-128.495	-23.6616	929.932	0	
19.247	-23.4473	652.375	0	
-188.557	-1.93891	1032.7	0	
-196.769	-2.32667	1049.93	0	
172.064	-6.00496	976.778	0	
174.369	-7.9727	1011.76	0	
197.421	-9.75588	1048.95	0	
191.289	-4.26558	1045.85	0	
80.6149	-19.5449	891.439	0	
38.7195	-27.6829	848.507	0	
-73.6736	-19.0863	884.861	0	
-69.7337	-19.2556	969.093	0	
22.5764	-19.0863	904.191	0	
26.5163	-19.2556	825.326	0	
122.174	-26.556	905.863	0	
124.937	-40.2492	910.237	0	
-148.731	-22.1193	917.766	0	
-130.945	-20.0681	897.097	0	
-89.5076	-23.3158	892.732	0	
-77.003	-23.4473	947.349	0	
-71.1732	-25.5223	971.709	0	
-65.4769	-22.4901	978.74	0	
-169.77	-21.2264	991.477	0	
-64.5794	-30.6463	1027.94	0	
-139.982	-23.3262	882.26	0	
-137.645	-30.9202	961.064	0	
-75.3526	-26.6553	928.693	0	
25.0768	-25.5223	746.812	0	
-31.4696	-23.2096	983.201	0	
73.7048	-20.502	891.636	0	
-23.6801	-16.4504	908.664	0	
-15.6351	-19.5449	611.801	0	
72.5699	-16.4504	964.276	0	
85.0151	-19.3404	898.757	0	
129.698	-22.0559	912.581	0	
117.076	-20.985	913.686	0	
-103.053	-20.9905	966.205	0	
-93.73	-23.669	917.806	0	
-49.5572	-24.0743	1064.43	0	
6.74241	-23.3158	465.406	0	
-184.618	-8.98987	1021.41	0	
-185.032	-3.55475	1033.78	0	
-206.623	-2.79194	1059.22	0	
-179.781	-9.87097	1017.33	0	
180.177	-8.24429	1026.98	0	
187.785	-10.442	1043.4	0	
170.878	-14.4791	1006.03	0	
159.464	-15.8639	940.442	0	
-85.4635	-32.3384	897.212	0	
20.8974	-26.6553	794.032	0	
-7.43655	-21.463	323.446	0	
90.9132	-21.5281	1012.36	0	
-85.5482	-26.5803	976.305	0	
-18.107	-29.5111	818.438	0	
10.7018	-26.5803	451.179	0	
111.968	-28.0025	951.27	0	
-18.1435	-22.7175	739.327	0	
-22.5452	-20.502	803.816	0	
78.1065	-22.7175	978.755	0	
64.7804	-23.2096	871.014	0	
34.1156	-37.3795	967.936	0	
121.506	-22.1434	922.021	0	
-24.1065	-30.9545	720.595	0	
-6.83217	-26.5477	521.014	0	
-130.495	-31.0609	870.287	0	
174.884	-12.8846	1008.17	0	
178.79	-12.8864	1036.85	0	
-76.4692	-32.4504	905.131	0	
-69.3552	-29.4863	917.293	0	
-145.697	-34.3804	914.627	0	
-152.057	-27.6463	946.234	0	
19.7808	-32.4504	685.172	0	
26.8948	-29.4863	876.261	0	
1.24121	-36.2378	646.326	0	
13.9656	-32.8618	677.172	0	
184.118	-14.761	1040.83	0	
227.701	-6.85826	1042.53	0	
133.014	-34.6533	894.103	0	
-106.794	-33.2356	867.279	0	
31.6706	-30.6463	808.774	0	
-72.173	-34.0637	972.624	0	
-67.7476	-39.8274	987.218	0	
-22.5359	-47.4922	469.157	0	
127.182	-26.4913	919.442	0	
24.077	-34.0637	814.707	0	
28.5024	-39.8274	807.979	0	
-113.39	-24.9987	863.413	0	
-108.048	-28.3672	981.817	0	
106.947	-24.7538	865.363	0	
92.4297	-27.5266	840.305	0	
-218.447	-3.35033	1060.67	0	
-175.995	-19.4449	1023.87	0	
191.912	-9.23189	1041.32	0	
201.219	-12.4705	1046.31	0	
54.1181	-18.9378	864.927	0	
69.7905	-24.963	942.542	0	
-42.1319	-18.9378	1055.07	0	
-26.4595	-24.963	884.65	0	
-192.319	-8.83173	1043.16	0	
-201.547	-5.11861	1061.22	0	
72.1435	-30.9545	997.208	0	
128.068	-30.7205	918.577	0	
42.4557	-33.5404	1058.43	0	
78.143	-29.5111	860.069	0	
-62.1344	-37.3795	886.346	0	
-0.525287	-27.7753	292.666	0	
84.4836	-32.7829	1063.85	0	
208.989	-20.8084	1043.46	0	
-28.0097	-38.1045	973.565	0	
123.686	-35.5846	926.676	0	
-53.7943	-33.5404	863.438	0	
-35.3322	-36.6738	873.963	0	
100.921	-29.485	989.351	0	
161.838	-60.3262	993.071	0	
118.807	-29.1208	926.015	0	
116.094	-38.0682	930.57	0	
115.315	-25.5586	897.406	0	
112.121	-35.7127	902.342	0	
60.9178	-36.6738	985.529	0	
119.433	-33.9202	906.748	0	
120.859	-47.2293	915.121	0	
-183.583	-23.2797	1046.37	0	
-95.5796	-32.8724	878.964	0	
-114.065	-35.7792	970.598	0	
68.2403	-38.1045	896.963	0	
32.7098	-63.156	772.933	0	
9.60751	-38.8404	379.078	0	
-225.327	-7.3709	1069.78	0	
-187.923	-11.9402	1049.67	0	
170.297	-36.5037	1047.49	0	
163.474	-19.8544	986.806	0	
-196.34	-11.9773	1058.39	0	
-194.679	-18.9528	1062.06	0	
73.7994	-47.6214	1080.96	0	
207.712	-10.3255	1047.7	0	
204.86	-2.4629	1048.12	0	
-212.356	-6.14227	1063.21	0	
129.252	-50.7796	972.179	0	
133.997	-47.3484	932.469	0	
213.211	-14.7209	1046.7	0	
215.594	-2.82136	1045.9	0	
-220.733	-37.1938	1061.37	0	
103.164	-47.8011	843.629	0	
189.04	-35.7251	1072.48	0	
199.849	-18.9164	1058.36	0	
169.619	-18.8059	1007.38	0	
139.422	-30.3106	969.938	0	
-55.5317	-23.7287	863.333	0	
-37.3685	-24.4061	859.547	0	
-56.8093	-39.2794	1084.09	0	
-45.742	-28.3975	883.912	0	
-52.3145	-47.6453	838.235	0	
-39.2206	-29.0001	1043.23	0	
-47.9803	-33.9094	1066.17	0	
-43.191	-47.72	1066.51	0	
40.7183	-23.7287	1070.5	0	
58.8815	-24.4061	1038.03	0	
39.4407	-39.2794	839.821	0	
50.508	-28.3975	1067.79	0	
43.9355	-47.6453	1017.41	0	
57.0294	-29.0001	915.057	0	
48.2697	-33.9094	893.669	0	
53.059	-47.72	873.952	0	
146.739	-35.2634	926.069	0	
141.083	-48.4033	988.702	0	
-171.12	-37.8728	1038.6	0	
-73.0349	-48.8114	1035.34	0	
-12.6794	-31.8279	510.725	0	
-7.11451	-38.7862	346.978	0	
-126.706	-35.6751	917.928	0	
-120.757	-31.7185	860.061	0	
-116.584	-45.0329	841.244	0	
-102.338	-25.7597	900.981	0	
-126.333	-45.697	985.349	0	
-90.3084	-40.7522	901.392	0	
-232.636	-4.02057	1056.04	0	
-213.24	-13.2876	1064.14	0	
-83.0809	-48.9441	920.03	0	
112.882	-53.996	993.872	0	
-41.8717	-39.7232	887.906	0	
-36.3206	-55.0703	683.14	0	
-51.4248	-68.4389	780.264	0	
9.79367	-57.9625	639.402	0	
54.3783	-39.7232	1047.33	0	
92.7142	-53.006	1068.79	0	
154.638	-31.4481	998.168	0	
162.265	-25.6367	1003.83	0	
146.844	-43.5002	986.687	0	
174.146	-25.0927	1035.34	0	
-10.5586	-47.7958	753.348	0	
26.2122	-47.5873	724.414	0	
-99.9985	-36.0407	975.872	0	
-96.6648	-27.4598	957.541	0	
-98.8599	-43.4908	875.459	0	
-80.4857	-35.5349	978.01	0	
-163.404	-50.9608	1007.99	0	
-107.716	-63.4503	926.971	0	
-90.5028	-35.2672	980.84	0	
-94.2465	-45.8076	969.26	0	
155.531	-25.6086	963.665	0	
162.53	-38.6767	991.484	0	
145.406	-55.4476	969.162	0	
154.317	-46.2331	981.22	0	
-213.385	-66.8866	1032.35	0	
-68.9458	-57.4799	921.796	0	
-90.1982	-53.4761	976.164	0	
-83.9074	-41.2679	969.197	0	
162.103	-45.2249	1027.13	0	
179.505	-41.8783	1021.42	0	
-26.1557	-55.5594	894.751	0	
139.16	-65.0425	1000.29	0	
197.836	-37.8736	1034.08	0	
182.569	-22.1973	1063.28	0	
84.0431	-43.7432	814.997	0	
105.034	-36.7207	927.318	0	
152.77	-54.4151	1009.34	0	
130.092	-61.4294	963.471	0	
118.312	-65.1624	949.764	0	
75.0509	-68.8235	970.119	0	
146.414	-81.4576	950.606	0	
-56.4852	-56.245	1054.79	0	
36.3201	-53.5053	817.838	0	
64.865	-77.0726	964.142	0	
112.416	-78.8413	918.682	0	
59.9585	-55.1042	1060.7	0	
70.2087	-55.7224	889.197	0	
190.375	-24.8482	1046.95	0	
208.311	-28.8887	1053.36	0	
178.328	-52.8869	1045.08	0	
191.284	-60.8463	996.247	0	
-88.1029	-75.4263	974.819	0	
201.257	-51.9863	1038.92	0	
232.766	-30.613	1040.76	0	
-94.3526	-64.6703	962.649	0	
-21.2176	-68.4889	755.716	0	
-136.235	-54.5345	940.55	0	
-75.0762	-70.6121	913.03	0	
-135.57	-69.1305	997.263	0	
17.1658	-67.2349	700.898	0	
-40.3839	-67.1895	944.43	0	
-31.1675	-76.4316	744.636	0	
-40.0545	-114.942	752.804	0	
12.3999	-80.9419	824.889	0	
-62.4004	-77.8089	979.86	0	
87.3127	-69.9851	857.81	0	
42.2377	-72.0126	941.406	0	
55.7444	-67.659	858.551	0	
40.1802	-103.505	941.347	0	
95.4064	-81.6752	984.999	0	
28.0081	-85.7304	647.935	0	
122.096	-92.0535	949.136	0	
161.728	-77.7738	994.293	0	
-193.993	-43.518	1049.94	0	
15.2296	-47.9657	703.588	0	
-2.66107	-58.4408	549.895	0	
-9.7003	-71.0667	760.692	0	
-2.01149	-84.2955	670.743	0	
-119.078	-74.1502	966.14	0	
-32.1741	-91.5468	829.026	0	
-46.1975	-98.0428	847.786	0	
174.139	-96.1654	956.888	0	
-93.5477	-95.5998	866.157	0	
177.439	-132.495	923.286	0	
-14.5355	-96.8328	743.028	0	
214.807	-50.7788	1034.74	0	
227.722	-62.6715	1009.31	0	
-226.174	-52.2763	1047.26	0	
140.1	-95.1239	964.934	0	
65.7718	-108.2	732.724	0	
71.1759	-93.9508	969.429	0	
-196.369	-62.35	1046	0	
-111.16	-95.5437	927.593	0	
-0.0955761	-124.944	732.35	0	
140.341	-120.541	929.875	0	
149.26	-111.77	929.86	0	
224.915	-82.6931	984.349	0	
-149.645	-83.0905	966.735	0	
-181.387	-78.8859	1011.27	0	
-223.27	-87.3322	982.858	0	
206.301	-97.3985	961.908	0	
-122.3	-109.469	943.195	0	
89.4554	-97.3917	831.546	0	
115.761	-106.486	891.756	0	
94.5914	-125.39	818.887	0	
100.129	-108.99	951.937	0	
-212.53	-108.31	987.261	0	
-187.663	-104.4	964.555	0	
-61.1884	-90.7965	807.788	0	
-17.3938	-112.921	868.497	0	
118.793	-131.494	871.161	0	
78.5133	-128.04	933.143	0	
145.868	-135.276	918.577	0	
29.3462	-123.276	675.334	0	
-50.7969	-127.592	909.898	0	
124.844	-118.328	932.305	0	
104.171	-136.052	932.738	0	
164.24	-142.504	942.979	0	
167.986	-116.495	956.87	0	
100.66	-156.977	861.512	0	
131.518	-141.125	929.397	0	
68.4008	-148.446	800.457	0	
208.027	-119.4	940.726	0	
190.911	-84.7228	998.708	0	
-79.309	-103.773	971.824	0	
-75.0605	-123.67	761.732	0	
-150.767	-144.01	946.266	0	
-166.751	-116.842	972.728	0	
-117.627	-141.298	853.453	0	
196.992	-135.207	940.184	0	
-237.04	-135.177	952.776	0	
210.321	-157.735	926.731	0	
231.512	-122.086	939.911	0	
233.724	-149.676	926.778	0	
-94.1678	-149.074	942.243	0	
44.8253	-148.377	887.656	0	
