# File: UnstructuredGrid_Inversion_L0_Coarse_Iter05.dat
# (No specific header documentation)

-161.25	-0.496475	806.6	0	
-159.375	-0.668155	937.933	0	
-65.625	-0.431516	926.004	0	
30.625	-0.431516	1022.87	0	
-144.294	-102.036	1196.71	0	
126.875	-0.668155	1002.4	0	
31.875	-0.668155	1044.93	0	
-165.826	-72.3824	1228.11	0	
-64.375	-0.668155	940.058	0	
-120.32	-2.91409	991.371	0	
-147.888	-47.073	1121.88	0	
-143.958	-2.01633	1060.63	0	
-158.741	-19.8395	1040.97	0	
-159.808	-14.2913	996.322	0	
-115.104	-1.86538	970.233	0	
-108.175	-49.9394	942.896	0	
-66.354	-1.86538	944.725	0	
-138.854	-1.86538	1069.73	0	
-156.794	-6.05848	988.156	0	
-148.75	-1.09967	1065.76	0	
-145.208	-2.72654	1050.77	0	
-146.458	-2.01633	1066.7	0	
-125.881	-3.06027	1015.68	0	
-154.094	-4.85908	1018.95	0	
-157.708	-2.01633	989.968	0	
-151.071	-10.8319	1007.37	0	
-154.792	-2.72654	1023.68	0	
-158.77	-3.86216	963.498	0	
125.625	-0.431516	1021.21	0	
-24.0702	-2.91409	1057.95	0	
-157.76	-5.35468	982.436	0	
-46.4583	-2.01633	984.063	0	
-157.292	-2.72654	987.505	0	
-160.13	-11.9534	977.776	0	
-18.854	-1.86538	1065.15	0	
-151.295	-2.8545	1054.1	0	
29.896	-1.86538	1015.24	0	
-42.604	-1.86538	1008.98	0	
-169.22	-2.04966	954.336	0	
-53.75	-1.09967	972.518	0	
-165.6	-1.76839	871.763	0	
-167.3	-0.925681	921.044	0	
-62.2917	-2.72654	961.472	0	
-171.389	-5.89642	1041.4	0	
-61.0417	-3.47328	965.674	0	
-164.269	-10.8597	1009.82	0	
-59.7917	-2.72654	962.14	0	
-68.125	-0.36089	923.583	0	
-65.5207	-2.1669	957.279	0	
-87.5	-1.09967	944.183	0	
-158.125	-0.431516	970.232	0	
-156.875	-0.668155	1005.81	0	
-80.5207	-2.1669	940.514	0	
-157.5	-1.09967	979.153	0	
-70.625	-0.431516	920.576	0	
79.375	-0.668155	937.695	0	
-154.375	-0.668155	1050.53	0	
55.625	-0.668155	956.134	0	
-153.125	-0.431516	1045.83	0	
-150.625	-0.366631	1063.43	0	
38.5417	-2.01633	971.32	0	
-153.75	-1.09967	1051.66	0	
49.7917	-2.01633	950.706	0	
-155.625	-0.431516	1012.93	0	
72.1798	-2.91409	973.895	0	
-162.583	-1.33918	829.08	0	
-60	-1.09967	952.384	0	
-149.375	-0.431516	1088.59	0	
-155	-1.09967	1010.31	0	
31.0415	-5.36053	1018.01	0	
-148.125	-0.668155	1080.16	0	
31.0341	-3.06466	1011.74	0	
-146.875	-0.431516	1091.47	0	
-147.5	-1.09967	1055.15	0	
36.875	-0.668155	1000.17	0	
32.7083	-2.01633	1015.27	0	
-144.375	-0.431516	1084.93	0	
28.125	-0.36089	1022.93	0	
-137.5	-1.09967	1060.56	0	
-139.375	-0.366631	1082.06	0	
25.625	-0.431516	1047.55	0	
-143.125	-0.668155	1088.38	0	
33.75	-1.09967	999.762	0	
-143.75	-1.09967	1076.47	0	
34.375	-0.668155	1017.97	0	
8.75	-1.09967	1155.14	0	
-136.875	-0.668155	1080.7	0	
183.782	-3.55475	1243.63	0	
-135.625	-0.431516	1082.32	0	
-135	-0.798148	1035.48	0	
135.922	-2.00504	1035.75	0	
-136.25	-1.09967	1055.41	0	
149.65	-2.73747	1065.01	0	
131.936	-4.3008	1023.71	0	
-131.25	-0.798148	1045.09	0	
129.003	-2.80091	1011.2	0	
-122.604	-1.86538	990.228	0	
-128.75	-1.09967	1029.71	0	
129.375	-0.668155	1001.04	0	
-130.625	-0.431516	1051.06	0	
133.125	-0.668155	1051.28	0	
-130	-1.09967	1037.09	0	
141.875	-0.668155	1100.97	0	
-138.125	-0.431516	1081.87	0	
15.7293	-2.1669	1100.2	0	
128.75	-1.09967	1017.02	0	
-121.25	-1.09967	978.612	0	
120.625	-0.431516	1001.52	0	
-121.875	-0.431516	988.519	0	
-120.625	-0.668155	1015.89	0	
110.744	-2.06993	979.342	0	
-123.125	-0.366631	1005.59	0	
123.125	-0.36089	991.87	0	
-116.875	-0.36089	961.657	0	
-120	-1.09967	960.327	0	
-133.661	-2.93321	1045.66	0	
-115.625	-0.366631	978.112	0	
-114.375	-0.431516	973.621	0	
-127.5	-0.798148	1004.71	0	
-113.75	-1.09967	956.703	0	
-119.375	-0.431516	990.582	0	
-115	-0.798148	983.922	0	
100.625	-0.431516	971.164	0	
-93.125	-0.668155	928.566	0	
-112.5	-1.09967	953.974	0	
-103.125	-0.668155	994.513	0	
-111.25	-0.798148	980.268	0	
-103.75	-1.09967	957.203	0	
-114.271	-2.1669	982.543	0	
-111.875	-0.431516	957.509	0	
-110.328	-2.00504	975.392	0	
-111.994	-2.06993	984.418	0	
-108.125	-0.431516	980.373	0	
-141.875	-0.431516	1082.17	0	
-104.375	-0.431516	963.047	0	
-95.104	-1.86538	937.613	0	
-142.5	-1.09967	1063.48	0	
-105.625	-0.366631	981.405	0	
-110.625	-0.366631	972.217	0	
-108.75	-1.09967	981.518	0	
-109.375	-0.668155	960.312	0	
-113.125	-0.668155	1002.1	0	
-104.405	-3.52006	970.683	0	
-128.125	-0.431516	1050.65	0	
127.708	-2.01633	1008.68	0	
-102.5	-1.09967	951.976	0	
43.125	-0.668155	931.836	0	
-129.375	-0.668155	1033.54	0	
-101.875	-0.431516	950.083	0	
-133.125	-0.668155	1080.57	0	
-99.375	-0.668155	932.531	0	
-101.25	-0.798148	968.81	0	
-90.9973	-2.80091	949.399	0	
-134.375	-0.366631	1064.72	0	
-95.625	-0.366631	927.683	0	
-150.089	-1.76841	1065.07	0	
-73.854	-1.86538	938.681	0	
-92.5	-1.09967	943.533	0	
-148.968	-2.99641	1052.52	0	
-94.375	-0.431516	906.603	0	
-151.875	-0.668155	1076.11	0	
-93.75	-1.09967	934.724	0	
-135.744	-2.06993	1052.68	0	
-149.256	-2.06993	1061.06	0	
-88.75	-0.798148	914.899	0	
-147.292	-2.01633	1066.98	0	
-81.354	-1.86538	926.946	0	
-86.25	-1.09967	927.056	0	
-146.25	-1.09967	1067.56	0	
-88.125	-0.431516	905.979	0	
-145.625	-0.668155	1092.52	0	
-156.042	-2.01633	1010.14	0	
-81.875	-0.366631	892.75	0	
-150	-0.798148	1047.96	0	
-79.375	-0.668155	898.739	0	
-73.75	-0.798148	948.624	0	
-153.542	-2.01633	1033.58	0	
-80.625	-0.431516	901.327	0	
-155.208	-2.01633	1034.84	0	
-85.625	-0.431516	901.896	0	
-156.25	-1.09967	1034.19	0	
-91.875	-0.431516	903.879	0	
-138.75	-0.798148	1070	0	
-158.75	-1.09967	989.002	0	
-72.5	-1.09967	947.176	0	
-20.625	-0.36089	1085.07	0	
-73.125	-0.431516	916.54	0	
-71.875	-0.668155	930.845	0	
-23.125	-0.431516	1085.52	0	
-74.375	-0.366631	922.343	0	
-158.542	-2.01633	951.562	0	
-31.25	-0.798148	1052.46	0	
-71.25	-1.09967	941.778	0	
3.125	-0.668155	1138.44	0	
-66.875	-0.366631	943.492	0	
30.7293	-2.1669	1009.98	0	
-14.0777	-2.00504	1056.91	0	
-65	-1.09967	947.605	0	
-8.15454	-3.52006	1038.21	0	
-66.25	-0.798148	952.865	0	
-37.4111	-2.93321	1001.9	0	
-18.0207	-2.1669	1070.71	0	
-63.125	-0.431516	922.487	0	
-15.7444	-2.06993	1071.44	0	
-60.625	-0.431516	935.471	0	
-59.375	-0.668155	951.894	0	
-14.375	-0.366631	1051.62	0	
-61.875	-0.668155	955.107	0	
-13.125	-0.668155	1065.59	0	
-46.875	-0.431516	977.42	0	
-58.125	-0.431516	931.376	0	
-33.125	-0.668155	1071.17	0	
-54.375	-0.431516	960.107	0	
-53.125	-0.668155	924.577	0	
-41.7707	-2.1669	1005.8	0	
-55.625	-0.366631	942.357	0	
-41.4106	-3.16569	994.948	0	
-58.75	-1.09967	948.851	0	
-44.375	-0.36089	1000.49	0	
-62.5	-1.09967	946.193	0	
-6.875	-0.668155	1026.32	0	
-78.75	-1.09967	933.515	0	
-152.5	-1.09967	1016.24	0	
-39.4944	-2.06993	1016.84	0	
-51.875	-0.431516	955.832	0	
-56.875	-0.668155	969.336	0	
-49.375	-0.431516	974.932	0	
-48.125	-0.668155	953.07	0	
-55.0889	-1.76841	959.279	0	
-48.75	-1.09967	969.47	0	
-38.125	-0.366631	1022.39	0	
-42.5	-0.798148	997.418	0	
-41.25	-1.09967	1017.51	0	
-50.625	-0.668155	928.202	0	
-41.875	-0.431516	1030.94	0	
-40.625	-0.668155	1011.08	0	
-52.2917	-2.01633	956.68	0	
-43.125	-0.366631	984.691	0	
-54.2556	-2.06993	965.679	0	
-47.5	-1.09967	996.367	0	
-53.9679	-2.99641	967.126	0	
-61.25	-1.09967	936.969	0	
-39.375	-0.431516	1032.71	0	
-62.7083	-2.01633	951.76	0	
-33.75	-1.09967	1035.84	0	
-35	-0.798148	1021.08	0	
-55	-0.798148	961.168	0	
-38.75	-0.798148	1027.93	0	
-61.0417	-2.01633	954.695	0	
-57.5	-1.09967	936.619	0	
-26.354	-1.86538	1067.95	0	
-63.5417	-2.01633	950.485	0	
-31.875	-0.431516	1064.99	0	
-25	-1.09967	1062.07	0	
-69.375	-0.668155	944.34	0	
-32.5	-1.09967	1032.53	0	
-63.75	-1.09967	939.092	0	
-34.375	-0.431516	1078.88	0	
-58.5417	-2.01633	950.29	0	
-40	-1.09967	1028.1	0	
-51.25	-1.09967	970.639	0	
-73.0207	-2.1669	956.036	0	
-25.625	-0.431516	1079.1	0	
-71.0417	-2.01633	951.507	0	
-18.75	-0.798148	1072.28	0	
-23.75	-1.09967	1069.04	0	
-70	-1.09967	956.758	0	
-24.375	-0.668155	1078.37	0	
-67.5054	-1.48403	941.416	0	
-78.125	-0.431516	901.281	0	
-19.375	-0.366631	1055.87	0	
-80	-1.09967	944.673	0	
-16.875	-0.668155	1075.42	0	
-16.25	-1.09967	1065.28	0	
93.5212	-2.84299	977.786	0	
-18.125	-0.431516	1067.87	0	
-91.4583	-2.01633	936.592	0	
-17.5	-1.09967	1054.97	0	
-75.625	-0.36089	910.882	0	
82.5446	-2.8545	969.158	0	
-15	-0.798148	1051.29	0	
101.503	-2.80091	985.176	0	
-12.5	-1.09967	1022.27	0	
-11.875	-0.431516	1028.68	0	
83.125	-0.668155	967.758	0	
-7.5	-1.09967	1012.8	0	
89.375	-0.668155	967.714	0	
81.875	-0.366631	939.066	0	
-8.125	-0.431516	1015.51	0	
73.125	-0.431516	939.685	0	
-6.25	-1.09967	1015.01	0	
-5.625	-0.431516	1030.24	0	
66.6193	-3.06027	978.866	0	
1.14595	-1.86538	1082.74	0	
75.625	-0.36089	942.316	0	
-9.375	-0.366631	1014.1	0	
80.5056	-2.06993	963.922	0	
-15.625	-0.431516	1089	0	
99.375	-0.668155	963.905	0	
-26.875	-0.366631	1073.77	0	
-67.5	-0.727521	967.107	0	
-52.5	-1.09967	990.92	0	
-36.875	-0.668155	1064.45	0	
-137.661	-3.16569	1040.83	0	
-5	-0.798148	1048.77	0	
-3.125	-0.668155	1009.59	0	
63.125	-0.668155	956.342	0	
2.5	-1.09967	1070.46	0	
0.625	-0.366631	1093.99	0	
58.4223	-2.00504	967.569	0	
59.375	-0.668155	961.383	0	
1.875	-0.431516	1089.62	0	
58.125	-0.366631	944.15	0	
3.75	-1.09967	1141.07	0	
4.375	-0.431516	1128.11	0	
51.875	-0.36089	942.778	0	
22.396	-1.86538	1049.07	0	
56.7556	-2.06993	969.397	0	
7.5	-0.798148	1130.29	0	
65.9223	-2.00504	962.857	0	
42.2821	-2.99641	976.71	0	
8.125	-0.431516	1171.5	0	
41.9944	-2.06993	965.027	0	
10	-1.09967	1122.04	0	
10.625	-0.431516	1157.27	0	
45.625	-0.668155	928.707	0	
14.896	-1.86538	1111.27	0	
53.75	-0.798148	961.137	0	
45	-1.09967	974.347	0	
15.625	-0.431516	1119.11	0	
41.1611	-1.76841	955.46	0	
22.5	-0.798148	1048.55	0	
17.5	-1.09967	1050.51	0	
33.5417	-2.01633	987.715	0	
16.875	-0.668155	1112.56	0	
39.375	-0.668155	992.366	0	
14.375	-0.366631	1118.33	0	
43.9583	-2.01633	962.143	0	
23.75	-1.09967	1039.74	0	
49.375	-0.431516	942.474	0	
37.7083	-2.01633	984.77	0	
21.875	-0.366631	1063.24	0	
35	-1.09967	963.176	0	
24.375	-0.668155	1071.09	0	
30	-0.798148	1013.54	0	
35.2083	-2.01633	997.896	0	
23.125	-0.431516	1059.82	0	
38.75	-1.09967	962.845	0	
28.7446	-1.48403	1018.82	0	
31.25	-1.09967	1000.13	0	
28.75	-0.727521	1036.86	0	
125.729	-2.1669	1001.52	0	
32.5	-1.09967	953.096	0	
25.2083	-2.01633	1047.16	0	
29.375	-0.366631	1034.08	0	
23.2293	-2.1669	1047.09	0	
25	-1.09967	1001.11	0	
26.875	-0.668155	1056.77	0	
20.625	-0.36089	1059.27	0	
36.25	-1.09967	980.761	0	
4.79167	-2.01633	1143.19	0	
42.5	-1.09967	973.532	0	
37.5	-1.09967	952.544	0	
16.25	-1.09967	1104.96	0	
35.625	-0.431516	981.83	0	
18.125	-0.431516	1102.17	0	
151.875	-0.431516	1048.04	0	
40.625	-0.366631	941.227	0	
149.375	-0.431516	1068.54	0	
53.646	-1.86538	957.508	0	
43.75	-1.09967	959.96	0	
149.529	-1.8473	1044.68	0	
41.875	-0.431516	953.348	0	
144.672	-2.00504	1065.17	0	
38.125	-0.431516	969.921	0	
154.375	-0.36089	1011.94	0	
33.125	-0.431516	1000.47	0	
26.25	-1.09967	1036.16	0	
44.375	-0.431516	945.573	0	
41.25	-0.798148	962.891	0	
143.006	-2.06993	1062.57	0	
47.5	-1.09967	965.149	0	
138.75	-0.727521	1055.27	0	
48.125	-0.668155	922.826	0	
48.75	-1.09967	952.535	0	
136.875	-0.668155	1046.46	0	
46.875	-0.431516	942.098	0	
144.375	-0.366631	1084.13	0	
140	-0.798148	1039.92	0	
53.125	-0.366631	942.758	0	
135.625	-0.366631	1055.28	0	
77.396	-1.86538	959.002	0	
56.25	-1.09967	969.609	0	
130.625	-0.366631	1027.07	0	
54.375	-0.431516	952.656	0	
134.256	-2.06993	1025.18	0	
55	-1.09967	958.37	0	
136.619	-3.06027	1027.28	0	
121.875	-0.668155	986.305	0	
57.5	-0.798148	969.303	0	
61.25	-0.798148	963.786	0	
62.5	-1.09967	965.751	0	
61.875	-0.431516	948.726	0	
118.229	-2.1669	990.281	0	
56.875	-0.431516	974.157	0	
123.745	-1.48403	989.175	0	
120.208	-2.01633	985.683	0	
69.896	-1.86538	956.523	0	
115.625	-0.36089	968.31	0	
64.375	-0.431516	962.388	0	
71.25	-1.09967	953.212	0	
113.125	-0.431516	975.925	0	
63.75	-1.09967	957.193	0	
121.25	-1.09967	990.289	0	
69.375	-0.366631	932.747	0	
123.75	-0.727521	996.121	0	
91.25	-0.798148	973.403	0	
131.161	-1.76841	1017.13	0	
106.875	-0.431516	968.025	0	
70.625	-0.431516	954.292	0	
-116.255	-1.48403	966.698	0	
77.5	-0.798148	971.416	0	
72.5	-1.09967	965.301	0	
-121.771	-2.1669	998.023	0	
71.875	-0.668155	956.757	0	
-118.125	-0.668155	1013.66	0	
-119.792	-2.01633	997.885	0	
76.875	-0.366631	935.603	0	
-123.75	-0.727521	1014.42	0	
124.896	-1.86538	996.206	0	
80	-1.09967	971.681	0	
-125.625	-0.668155	1047.74	0	
78.125	-0.431516	945.138	0	
-118.75	-1.09967	974.98	0	
78.75	-1.09967	963.687	0	
-116.25	-0.727521	987.907	0	
-86.875	-0.668155	890.768	0	
81.25	-0.798148	957.766	0	
-90.625	-0.668155	918.74	0	
83.75	-1.09967	954.617	0	
84.375	-0.431516	956.534	0	
-92.2917	-2.01633	938.683	0	
88.75	-1.09967	981.061	0	
-98.9788	-2.84299	963.21	0	
-98.125	-0.431516	956.689	0	
88.125	-0.431516	979.315	0	
-109.955	-2.8545	982.414	0	
90	-1.09967	986.303	0	
90.625	-0.431516	973.919	0	
-95	-0.798148	971.828	0	
97.396	-1.86538	976.087	0	
-98.75	-1.09967	960.299	0	
86.875	-0.366631	957.818	0	
-91.25	-1.09967	924.437	0	
80.625	-0.431516	945.202	0	
-94.2707	-2.1669	953.364	0	
101.042	-2.01633	980.428	0	
145.625	-0.668155	1088.45	0	
-100.625	-0.366631	965.182	0	
93.125	-0.668155	979.987	0	
-105.089	-1.76841	973.529	0	
96.875	-0.366631	951.125	0	
98.75	-1.09967	980.217	0	
-106.875	-0.668155	954.508	0	
-105	-0.798148	992.405	0	
117.396	-1.86538	979.114	0	
-107.5	-1.09967	999.645	0	
105	-1.09967	966.891	0	
103.75	-0.798148	979.772	0	
-111.161	-1.76841	969.62	0	
100	-1.09967	989.346	0	
-108.542	-2.01633	980.604	0	
98.125	-0.431516	977.32	0	
-113.909	-3.16789	983.497	0	
-140.625	-0.36089	1090.31	0	
111.25	-1.09967	981.22	0	
-134.078	-2.00504	1040.61	0	
109.375	-0.366631	970.691	0	
110.625	-0.431516	974.4	0	
-122.5	-0.798148	1003.11	0	
106.25	-1.09967	972.188	0	
-140.005	-1.48403	1075.41	0	
-126.875	-0.366631	1020.11	0	
117.5	-0.798148	981.398	0	
-131.339	-1.76841	1030.91	0	
118.75	-1.09967	986.219	0	
116.875	-0.366631	945.199	0	
-134.911	-1.76841	1055.63	0	
112.5	-1.09967	988.671	0	
-131.875	-0.366631	1043.33	0	
111.875	-0.668155	949.109	0	
-128.244	-2.06993	1024.08	0	
104.375	-0.431516	956.601	0	
-110	-1.03479	979.41	0	
-151.25	-1.03479	1060.85	0	
119.375	-0.668155	968.76	0	
-139.484	-2.19037	1061.94	0	
120	-1.09967	1005.81	0	
126.25	-1.09967	997.447	0	
-140	-0.727521	1071.38	0	
125	-0.798148	986.57	0	
-150.922	-2.00504	1051.21	0	
-144.792	-2.01633	1074.87	0	
172.314	-2.47004	1134.83	0	
-20.0054	-1.48403	1071.17	0	
128.125	-0.431516	1016.55	0	
132.5	-1.09967	999.964	0	
-25.5207	-2.1669	1058.75	0	
127.5	-1.09967	1001.05	0	
-21.875	-0.668155	1070.32	0	
124.375	-0.366631	970.656	0	
-145	-1.09967	1037.99	0	
-23.5417	-2.01633	1072.14	0	
131.875	-0.431516	1022.51	0	
-27.5	-0.727521	1049.75	0	
133.75	-1.09967	1025.85	0	
134.375	-0.431516	1034.94	0	
-29.375	-0.668155	1069.96	0	
139.896	-1.86538	1063.78	0	
-22.5	-1.09967	1070.18	0	
9.375	-0.668155	1162.88	0	
141.25	-1.09967	1061.21	0	
5.625	-0.668155	1164.14	0	
140.625	-0.431516	1097.55	0	
156.146	-1.86538	973.643	0	
3.95833	-2.01633	1102.65	0	
139.375	-0.366631	1059.01	0	
-2.72879	-2.84299	1081.26	0	
135	-0.798148	1026.6	0	
1.97929	-2.1669	1123.52	0	
131.25	-0.798148	1024.75	0	
-20	-0.727521	1067.08	0	
118.125	-0.431516	994.615	0	
-133.75	-1.03479	1048.28	0	
-1.875	-0.431516	1022.22	0	
143.125	-0.431516	1081.61	0	
-13.7054	-2.8545	1066.98	0	
150	-1.09967	1081.78	0	
146.25	-1.09967	1061.06	0	
1.25	-0.798148	1113.12	0	
143.75	-0.798148	1074.01	0	
-2.5	-1.09967	1066.63	0	
-4.375	-0.366631	1010.2	0	
150.625	-0.668155	1045.39	0	
-8.83895	-1.76841	1021.04	0	
151.25	-1.09967	1038.42	0	
157.5	-1.09967	981.98	0	
-17.6594	-3.16789	1073.93	0	
156.25	-0.798148	942.649	0	
-10.625	-0.668155	1038.05	0	
148.125	-0.366631	1065.26	0	
-5.74439	-2.06993	1055.53	0	
-12.2917	-2.01633	1054.41	0	
156.875	-0.431516	916.244	0	
-14.9111	-1.76841	1067.71	0	
158.958	-1.16463	872.305	0	
160	-0.496475	810.656	0	
-13.75	-1.03479	1061.75	0	
158.125	-0.668155	790.652	0	
-11.25	-1.09967	1045.9	0	
-43.7554	-1.48403	1002.19	0	
159.338	-2.74918	820.475	0	
-26.25	-0.798148	1062.43	0	
164.35	-1.76839	952.104	0	
166.05	-0.925681	986.895	0	
-31.9944	-2.06993	1038.81	0	
155.521	-4.78762	978.117	0	
-37.8277	-2.00504	1033.29	0	
161.333	-1.33918	795.521	0	
-45.625	-0.668155	955.408	0	
155.625	-0.366631	951.434	0	
-8.75	-0.798148	1037.58	0	
-35.625	-0.366631	1040.01	0	
174.762	-1.34606	1159.66	0	
-38.6611	-1.76841	1015.86	0	
177.527	-2.9619	1214.68	0	
168.496	-7.04709	1065.31	0	
-37.5	-1.03479	998.277	0	
166.796	-10.6094	1086.39	0	
-35.0889	-1.76841	1038.63	0	
-55.9223	-2.00504	958.753	0	
154.805	-6.09945	967.321	0	
-43.75	-0.727521	989.546	0	
119.775	-42.5718	920.719	0	
169.138	-29.3032	1167.16	0	
-47.2917	-2.01633	971.035	0	
199.784	-4.78957	1281.8	0	
-51.0417	-2.72654	965.819	0	
177.385	-6.05361	1187.22	0	
-56.25	-1.03479	945.153	0	
-50	-1.09967	1001.24	0	
-68.75	-1.02905	929.565	0	
-66.9845	-2.19037	960.951	0	
-49.7917	-2.01633	958.983	0	
28.7125	-3.24559	1016.05	0	
-75.0054	-1.48403	931.447	0	
-79.0702	-2.91409	955.619	0	
-76.875	-0.668155	916.469	0	
-71.5702	-2.91409	965.004	0	
168.693	-54.0604	1199.62	0	
-46.25	-1.09967	988.325	0	
167.97	-2.04966	962.311	0	
-30.625	-0.366631	1066.32	0	
142.5	-1.09967	1053.89	0	
5	-1.09967	1087.35	0	
-75	-0.727521	961.411	0	
-101.994	-2.06993	976.289	0	
-78.5417	-2.01633	941.592	0	
65	-0.798148	964.529	0	
-77.5	-1.09967	953.747	0	
-82.5	-0.727521	949.218	0	
-84.375	-0.668155	895.948	0	
98.2293	-2.1669	984.424	0	
105.625	-0.668155	987.04	0	
92.1723	-2.00504	976.933	0	
101.875	-0.668155	961.162	0	
100.208	-2.01633	978.471	0	
101.25	-1.09967	980.434	0	
94.375	-0.431516	968.534	0	
93.75	-1.09967	966.547	0	
88.0955	-3.52006	981.705	0	
97.5	-0.798148	986.14	0	
90.5056	-2.06993	979.419	0	
91.875	-0.366631	966.367	0	
85.625	-0.668155	966.063	0	
87.4111	-1.76841	976.902	0	
82.1723	-2.00504	968.095	0	
87.5	-0.798148	981.968	0	
83.9583	-2.01633	968.334	0	
85	-1.09967	967.07	0	
81.3389	-1.76841	956.354	0	
82.5	-1.03479	949.839	0	
74.375	-0.668155	939.104	0	
76.2446	-1.48403	952.655	0	
70.7293	-2.1669	967.107	0	
76.25	-0.727521	945.881	0	
72.7083	-2.01633	964.997	0	
73.75	-1.09967	961.691	0	
68.75	-0.727521	946.539	0	
66.875	-0.668155	941.155	0	
58.8389	-2.93321	978.327	0	
70	-0.798148	962.673	0	
64.2556	-2.06993	970.444	0	
65.625	-0.366631	931.522	0	
60.625	-0.366631	943.802	0	
61.1611	-1.76841	961.099	0	
57.5889	-1.76841	968.831	0	
58.75	-1.03479	964.833	0	
50.625	-0.668155	922.158	0	
52.4946	-1.48403	954.731	0	
45.2083	-2.72654	970.189	0	
52.5	-0.727521	971.896	0	
48.9583	-2.01633	957.268	0	
50	-1.09967	976.778	0	
46.25	-1.09967	951.453	0	
46.4583	-2.01633	956.107	0	
40	-1.03479	938.755	0	
40.3277	-2.00504	978.933	0	
27.5	-1.02905	998.711	0	
29.2655	-2.19037	1021.03	0	
24.6798	-2.91409	1032.3	0	
121.042	-2.01633	997.326	0	
19.375	-0.668155	1101.29	0	
21.2446	-1.48403	1049.71	0	
17.1798	-2.91409	1083.9	0	
21.25	-0.727521	1076.46	0	
17.7083	-2.01633	1092.78	0	
18.75	-1.09967	1079.51	0	
13.75	-0.727521	1132.32	0	
11.875	-0.668155	1151.79	0	
153.125	-0.668155	1015.1	0	
154.995	-1.48403	991.614	0	
145.155	-3.05088	1059.45	0	
155	-0.727521	1007	0	
151.458	-2.01633	1058.29	0	
152.5	-1.09967	1070.64	0	
146.875	-0.431516	1091.76	0	
148.696	-1.54577	1067.78	0	
147.758	-2.24637	1059.39	0	
148.75	-0.798148	1063.43	0	
143.839	-1.76841	1071.66	0	
145	-1.03479	1068.9	0	
138.125	-0.36089	1058.05	0	
138.745	-1.48403	1055.57	0	
135.089	-1.76841	1034.78	0	
136.25	-1.03479	1041.07	0	
130	-1.03479	1022.51	0	
130.328	-2.00504	1013.07	0	
122.5	-1.02905	989.18	0	
124.266	-2.19037	994.165	0	
119.68	-2.91409	998.595	0	
156.979	-2.1669	888.082	0	
114.375	-0.668155	962.067	0	
116.245	-1.48403	969.95	0	
112.163	-2.94281	989.624	0	
116.25	-0.727521	976.4	0	
112.708	-2.01633	970.689	0	
113.75	-1.09967	970.981	0	
108.125	-0.668155	994.484	0	
109.911	-1.76841	974.136	0	
-117.5	-1.02905	939.256	0	
-115.734	-2.19037	987.254	0	
-138.021	-2.1669	1060.59	0	
-67.5375	-3.24559	969.089	0	
-124.375	-0.36089	987.751	0	
-123.755	-1.48403	987.634	0	
-88.0056	-2.06993	928.085	0	
-81.25	-0.798148	932.692	0	
-86.0417	-2.01633	937.575	0	
-85	-1.09967	958.255	0	
-89.375	-0.366631	896.479	0	
-88.8389	-1.76841	926.048	0	
-96.875	-0.36089	896.995	0	
-96.2554	-1.48403	936.904	0	
-95.7345	-2.19037	967.442	0	
-96.25	-0.727521	957.593	0	
-101.161	-1.76841	969.157	0	
-100	-1.03479	990.28	0	
-106.25	-1.03479	985.823	0	
-105.922	-2.00504	983.368	0	
-70.2083	-2.01633	952.28	0	
-100.328	-2.00504	960.788	0	
-141.25	-0.792406	1074.49	0	
-140.814	-2.07688	1062.31	0	
-153.54	-3.47677	1029.51	0	
-123.787	-3.24559	1004.86	0	
-127.411	-1.76841	1022.58	0	
-126.25	-1.03479	1007.36	0	
-132.5	-1.03479	1008.59	0	
-132.172	-2.00504	1051.48	0	
-118.958	-2.01633	985.254	0	
-126.578	-2.00504	1010.07	0	
-202.353	-21.532	1283.5	0	
-119.833	-3.79821	1005.72	0	
-21.25	-1.02905	1077.57	0	
-19.4845	-2.19037	1074.08	0	
-27.5375	-3.24559	1043.02	0	
5.25269	-2.80091	1099.54	0	
-28.125	-0.36089	1075.84	0	
-27.5054	-1.48403	1067.52	0	
8.24439	-2.06993	1136.25	0	
15	-0.798148	1099.81	0	
10.2083	-2.01633	1144.95	0	
11.25	-1.09967	1150.59	0	
6.875	-0.366631	1149.5	0	
7.41105	-1.76841	1152.09	0	
-0.625	-0.36089	1008.18	0	
-0.00541199	-1.48403	1068.58	0	
0.51554	-2.19037	1105.21	0	
0	-0.727521	1104.55	0	
-4.91105	-1.76841	1028.83	0	
-3.75	-1.03479	1027.98	0	
-10	-1.03479	1016.58	0	
-9.67228	-2.00504	1047.85	0	
26.0417	-2.01633	1026.46	0	
-4.07772	-2.00504	1056.24	0	
-45	-1.02905	1023.58	0	
-43.2345	-2.19037	991.668	0	
-50.2083	-2.72654	981.778	0	
-29.6307	-3.06027	1034.38	0	
-31.1611	-1.76841	1049.24	0	
-30	-1.03479	1044.9	0	
-36.25	-1.03479	1031.97	0	
-35.9223	-2.00504	1024.73	0	
-22.7083	-2.01633	1067.74	0	
-30.3277	-2.00504	1049.03	0	
-60.2083	-2.01633	953.317	0	
-51.4583	-2.01633	969.357	0	
-68.3387	-1.78555	958.029	0	
-68.4751	-2.84652	960.418	0	
-76.25	-1.02905	922.241	0	
-74.4845	-2.19037	959.652	0	
-77.7083	-2.01633	940.214	0	
-105.61	-4.06799	984.847	0	
-83.125	-0.36089	905.017	0	
-82.5054	-1.48403	918.529	0	
104.494	-2.06993	986.986	0	
110	-0.798148	971.84	0	
106.458	-2.01633	978.784	0	
107.5	-1.09967	961.243	0	
103.125	-0.366631	966.13	0	
103.661	-1.76841	972.808	0	
95.625	-0.36089	963.368	0	
96.2446	-1.48403	969.772	0	
96.7655	-2.19037	985.301	0	
96.25	-0.727521	983.093	0	
91.3389	-1.76841	979.12	0	
92.5	-1.03479	976.596	0	
86.25	-1.03479	971.104	0	
86.5777	-2.00504	974.348	0	
78.2293	-2.1669	967.499	0	
78.5906	-3.16789	979.009	0	
75	-1.02905	958.527	0	
76.7655	-2.19037	966.744	0	
68.7125	-3.24559	977.673	0	
123.713	-3.24559	1000.99	0	
68.125	-0.36089	938.965	0	
68.7446	-1.48403	951.09	0	
65.0889	-1.76841	958.787	0	
66.25	-1.03479	955.397	0	
60	-1.03479	963.772	0	
60.3277	-2.00504	971.017	0	
54.4793	-2.1669	965.815	0	
73.5417	-2.01633	961.977	0	
51.25	-1.02905	961.284	0	
53.0155	-2.19037	966.831	0	
40.4973	-3.78292	989.97	0	
54.8394	-3.16569	974.911	0	
39.0027	-2.80091	985.269	0	
44.7917	-2.01633	952.955	0	
27.9113	-1.78555	1031.32	0	
27.7749	-2.84652	1019.99	0	
20	-1.02905	1015.06	0	
21.7655	-2.19037	1057.61	0	
-9.36018	-4.06799	1049.72	0	
18.5417	-2.01633	1072.94	0	
13.125	-0.36089	1126.02	0	
13.7446	-1.48403	1116.37	0	
153.75	-1.02905	1011.97	0	
155.516	-2.19037	966.887	0	
142.62	-3.22837	1054.48	0	
144.069	-5.7607	1038.65	0	
147.5	-0.798148	1048.67	0	
146.771	-2.1669	1065.63	0	
140.729	-2.1669	1056.21	0	
150.746	-2.90651	1026.01	0	
137.5	-1.02905	1053.78	0	
139.266	-2.19037	1042.65	0	
130.64	-4.06799	1012.19	0	
141.177	-3.32534	1045.7	0	
131.994	-2.06993	1026.49	0	
129.955	-2.8545	1015.75	0	
128.542	-2.01633	1007.53	0	
127.18	-2.91409	1006.62	0	
122.911	-1.78555	993	0	
122.775	-2.84652	995.831	0	
115	-1.02905	972.07	0	
116.766	-2.19037	983.416	0	
86.8898	-4.06799	985.997	0	
113.542	-2.01633	980.773	0	
108.75	-1.03479	962.595	0	
109.078	-2.00504	979.016	0	
-117.089	-1.78555	991.849	0	
-117.225	-2.84652	982.749	0	
-125	-1.02905	951.771	0	
-123.234	-2.19037	1006.63	0	
-78.5826	-3.79821	978.588	0	
-143.899	-7.68728	991.848	0	
-90	-1.03479	925.63	0	
-89.6723	-2.00504	931.9	0	
-97.5	-0.792406	979.871	0	
-97.0644	-2.07688	973.229	0	
-116.287	-3.24559	987.872	0	
-108.125	-3.34884	980.921	0	
-104.256	-2.06993	985.429	0	
-112.466	-3.07092	976.82	0	
-107.708	-2.01633	974.484	0	
-116.633	-5.94785	994.794	0	
-141.434	-1.75189	1072.39	0	
-142.267	-2.05915	1071.35	0	
-130.506	-2.06993	1033.84	0	
-141.756	-5.80291	1022.73	0	
-140.354	-6.17065	1032.86	0	
-130.457	-4.4054	1012.8	0	
-20.8387	-1.78555	1072	0	
-20.9751	-2.84652	1072.67	0	
-28.75	-1.02905	1071.58	0	
-26.9845	-2.19037	1052.69	0	
-43.7875	-3.24559	989.063	0	
-46.3858	-5.74538	992.947	0	
6.25	-1.03479	1148.26	0	
6.57772	-2.00504	1131.62	0	
-1.25	-0.792406	1063.43	0	
-0.814428	-2.07688	1077.06	0	
-20.0375	-3.24559	1068.22	0	
-11.875	-3.34884	1040.94	0	
-8.00561	-2.06993	1042.7	0	
-16.2164	-3.07092	1067.49	0	
-11.4583	-2.01633	1037.02	0	
-20.3828	-5.94785	1039.09	0	
-44.5887	-1.78555	982.101	0	
-44.7251	-2.84652	991.512	0	
-34.2556	-2.06993	1039.68	0	
-49.5151	-8.22246	985.107	0	
-44.2462	-5.42835	984.324	0	
-34.2075	-4.4054	1019.36	0	
-75.0375	-3.24559	968.975	0	
25.1674	-3.79821	1035.94	0	
-75.8387	-1.78555	950.655	0	
-75.9751	-2.84652	958.873	0	
-83.75	-1.02905	916.546	0	
-81.9845	-2.19037	946.728	0	
-90.0446	-2.8545	947.067	0	
-86.5873	-2.94281	944.347	0	
102.5	-1.03479	980.641	0	
102.828	-2.00504	979.547	0	
95	-0.792406	994.69	0	
95.4356	-2.07688	992.16	0	
76.2125	-3.24559	976.773	0	
84.375	-3.34884	978.053	0	
88.2444	-2.06993	982.528	0	
80.0336	-3.07092	980.886	0	
84.7917	-2.01633	968.655	0	
75.8672	-5.94785	996.69	0	
75.4113	-1.78555	960.266	0	
75.2749	-2.84652	968.991	0	
67.5	-1.02905	957.717	0	
69.2655	-2.19037	966.438	0	
52.4625	-3.24559	971.061	0	
49.8642	-5.74538	979.367	0	
61.9944	-2.06993	969.582	0	
46.7349	-8.22246	1009.21	0	
52.0038	-5.42835	980.408	0	
62.0425	-4.4054	980.858	0	
51.6613	-1.78555	960.093	0	
51.5249	-2.84652	964.962	0	
21.2125	-3.24559	1057.5	0	
107.75	-4.43486	999.228	0	
20.4113	-1.78555	1072.01	0	
20.2749	-2.84652	1057.94	0	
12.5	-1.02905	1104.28	0	
14.2655	-2.19037	1110.47	0	
6.20541	-2.8545	1125.51	0	
9.66268	-2.94281	1118.69	0	
154.161	-1.78555	1007.29	0	
154.025	-2.84652	1002.17	0	
152.292	-2.01633	1021.81	0	
139.039	-4.35802	1028.02	0	
137.911	-1.78555	1042.21	0	
137.775	-2.84652	1038.87	0	
116.213	-3.24559	990.686	0	
154.963	-3.24559	982.844	0	
115.411	-1.78555	977.524	0	
115.275	-2.84652	983.923	0	
107.292	-2.01633	985.612	0	
109.247	-3.78292	991.219	0	
-140.037	-3.24559	1051.6	0	
-71.0826	-3.79821	975.502	0	
-124.589	-1.78555	1015.12	0	
-124.725	-2.84652	1001.11	0	
-92.8202	-2.91409	954.323	0	
-85.2083	-2.01633	928.092	0	
-97.684	-1.75189	950.538	0	
-98.5173	-2.05915	968.2	0	
-152.708	-2.01633	1057	0	
-145.211	-4.15655	1037.9	0	
-23.5826	-3.79821	1062.03	0	
3.37811	-4.98343	1069.13	0	
-28.3387	-1.78555	1052.05	0	
-28.4751	-2.84652	1049.84	0	
3.42981	-2.91409	1127.35	0	
11.0417	-2.01633	1127.45	0	
-1.43402	-1.75189	1060.98	0	
-2.26735	-2.05915	1039.91	0	
-48.9583	-3.47328	984.206	0	
-47.6197	-4.31165	987.177	0	
-88.4261	-3.92482	955.713	0	
-92.8719	-4.98343	966.921	0	
-83.3387	-1.78555	938.499	0	
-83.4751	-2.84652	947.002	0	
99.6798	-2.91409	988.339	0	
107.753	-2.80091	983.785	0	
94.816	-1.75189	970.105	0	
93.9827	-2.05915	987.525	0	
72.6674	-3.79821	983.569	0	
120.167	-3.79821	997	0	
67.9113	-1.78555	961.684	0	
67.7749	-2.84652	969.674	0	
47.2917	-3.47328	966.721	0	
50.1448	-3.88818	971.589	0	
17.6674	-3.79821	1075.89	0	
-0.0374544	-3.24559	1065.47	0	
12.9113	-1.78555	1127.49	0	
12.7749	-2.84652	1112.49	0	
148.483	-4.32001	1050.36	0	
187.308	-1.93891	1256.4	0	
147.862	-1.54577	1064.99	0	
148.712	-3.13655	1036.38	0	
133.929	-3.08731	1025.33	0	
138.713	-3.24559	1037.05	0	
90.6555	-3.51902	984.767	0	
102.455	-2.8545	988.316	0	
-152.829	-5.21478	1034.34	0	
-131.801	-4.25718	1033.65	0	
-122.157	-4.23242	1001.57	0	
-96.2875	-3.24559	971.37	0	
-46.1052	-3.88818	989.068	0	
-35.5505	-4.25718	996.208	0	
-25.9071	-4.23242	1047.58	0	
13.7125	-3.24559	1109.76	0	
-100.639	-4.06622	968.496	0	
-82.5375	-3.24559	957.549	0	
48.6303	-4.31165	974.69	0	
96.2125	-3.24559	995.929	0	
60.6995	-4.25718	980.729	0	
70.3429	-4.23242	983.017	0	
-4.38926	-4.06622	1076.8	0	
7.82395	-3.92482	1096.77	0	
146.42	-3.14785	1052.75	0	
147.178	-4.41078	1032.74	0	
34.7917	-2.72654	987.041	0	
33.9583	-2.72654	1003.41	0	
126.034	-3.06466	1001.35	0	
126.041	-5.36183	1012.84	0	
-147.837	-2.94281	1056.63	0	
-142.682	-2.77243	1053.84	0	
-160.208	-1.16463	855.564	0	
-201.338	-10.2031	1283.93	0	
-153.958	-2.72654	1042.01	0	
-152.247	-2.80091	1037.11	0	
-156.042	-3.47328	1005.58	0	
-156.458	-2.72654	1012.92	0	
-52.8373	-2.94281	975.09	0	
-49.7917	-3.47328	969.654	0	
-58.9583	-2.72654	965.717	0	
-57.7083	-2.01633	961.717	0	
-56.2946	-2.8545	970.221	0	
-57.2473	-2.80091	959.355	0	
-65.2159	-3.06466	961.935	0	
-65.2085	-5.36053	970.93	0	
-72.7159	-3.06466	967.961	0	
-69.5113	-3.00667	965.297	0	
43.4127	-2.94281	968.613	0	
46.4583	-3.47328	973.284	0	
36.0417	-2.01633	981.348	0	
32.5816	-3.68836	1010.5	0	
32.1798	-2.91409	995.428	0	
36.4583	-2.72654	991.214	0	
23.5341	-3.06466	1042.42	0	
26.7387	-3.00667	1031.73	0	
118.534	-3.06466	988.773	0	
121.739	-3.00667	992.619	0	
-121.466	-3.06466	1000.13	0	
-118.261	-3.00667	996.148	0	
-93.9659	-3.06466	961.178	0	
-93.9594	-5.36183	976.994	0	
-109.003	-2.80091	976.908	0	
-107.247	-2.80091	983.751	0	
-146.042	-2.72654	1060.13	0	
-147.44	-3.72538	1048.4	0	
-25.2159	-3.06466	1059.02	0	
-22.0113	-3.00667	1072.25	0	
2.28409	-3.06466	1081.27	0	
2.29056	-5.36183	974.005	0	
-12.7527	-2.80091	1053.82	0	
-10.9973	-2.80091	1057.47	0	
-48.9583	-2.01633	979.974	0	
-45.7613	-3.00667	978.98	0	
-52.44	-3.72538	972.299	0	
-48.5417	-2.72654	968.964	0	
-80.2159	-3.06466	964.526	0	
-77.0113	-3.00667	964.805	0	
98.5341	-3.06466	984.601	0	
98.5406	-5.36183	991.093	0	
83.4973	-2.80091	972.801	0	
85.2527	-2.80091	974.528	0	
71.0341	-3.06466	976.567	0	
74.2387	-3.00667	973.907	0	
47.2917	-2.01633	947.659	0	
50.4887	-3.00667	970.39	0	
43.81	-3.72538	978.738	0	
47.7083	-2.72654	966.972	0	
16.0341	-3.06466	1093.98	0	
19.2387	-3.00667	1073.98	0	
151.132	-3.93062	1046.31	0	
152.989	-3.00667	1031.16	0	
111.032	-2.99641	983.365	0	
114.239	-3.00667	982.29	0	
-87.7179	-2.99641	955.849	0	
-84.5113	-3.00667	955.393	0	
8.53206	-2.99641	1127.05	0	
11.7387	-3.00667	1122.64	0	
104.782	-2.99641	985.461	0	
102.997	-3.78292	991.032	0	
-143.54	-2.72962	1064.73	0	
-140.951	-3.13784	1056.77	0	
-99.9558	-2.85377	978.556	0	
-97.2008	-3.13784	965.646	0	
-3.70582	-2.85377	1034.37	0	
-0.950756	-3.13784	1088.38	0	
92.5442	-2.85377	988.413	0	
95.2992	-3.13784	979.731	0	
41.5739	-3.92482	979.749	0	
46.0417	-2.72654	961.519	0	
127.582	-3.68916	1010.31	0	
132.502	-3.08731	1012.59	0	
127.128	-4.98343	1017.26	0	
128.572	-3.57598	1012.76	0	
-152.662	-3.55114	1047.46	0	
-152.231	-4.40508	1030.1	0	
-159.148	-3.04538	932.55	0	
-165.564	-17.3854	1088.85	0	
-154.373	-3.97501	1030.76	0	
-150.753	-3.78292	1040.59	0	
-160.293	-8.30276	947.496	0	
-155.208	-3.47328	1026.89	0	
-158.057	-10.316	975.51	0	
-143.957	-3.47621	1044.16	0	
-58.5398	-3.47677	964.256	0	
-57.2309	-4.40508	972.47	0	
-61.4583	-2.72654	961.149	0	
-57.6621	-3.55114	973.956	0	
-62.7232	-3.50081	966.88	0	
-55.7527	-3.78292	967.12	0	
-64.0702	-2.91409	962.941	0	
-63.6684	-3.68836	967.557	0	
-61.8899	-3.99904	971.724	0	
-60.2083	-3.47328	966.467	0	
-72.8478	-5.56717	984.239	0	
-69.264	-5.46522	966.806	0	
39.9554	-2.8545	969.3	0	
39.0191	-4.40508	996.971	0	
37.2917	-2.72654	979.208	0	
38.5879	-3.55114	978.717	0	
34.3601	-3.99904	1000.46	0	
37.7102	-3.47677	990.496	0	
35.2083	-3.47328	997.034	0	
33.5268	-3.50081	992.68	0	
23.4022	-5.56717	1047.87	0	
26.986	-5.46522	1034.21	0	
118.402	-5.56717	1005.27	0	
114.489	-5.47929	1008.22	0	
-121.598	-5.56717	1019.8	0	
-125.6	-5.31383	1019.72	0	
-92.4178	-3.68916	964.839	0	
-89.5027	-3.78292	962.99	0	
-90.9952	-4.42757	968.961	0	
-86.1036	-3.83222	967.748	0	
-109.687	-5.39772	993.549	0	
-106.295	-2.8545	975.518	0	
-110.64	-4.06799	974.795	0	
-98.2818	-3.59669	980.337	0	
-146.478	-3.50911	1048.85	0	
-141.985	-3.52613	1052.67	0	
-25.3478	-5.56717	1048.94	0	
-29.3495	-5.31383	1028.03	0	
3.83223	-3.68916	1061.25	0	
6.7473	-3.78292	1086.89	0	
5.25478	-4.42757	1041.47	0	
10.1464	-3.83222	1096.7	0	
-13.4371	-5.39772	1032.23	0	
-10.0446	-2.8545	1034.41	0	
-14.3898	-4.06799	1055.12	0	
-2.03178	-3.59669	1016.28	0	
-51.4777	-3.50911	977.799	0	
-47.7083	-2.72654	986.478	0	
-51.0637	-4.19254	973.123	0	
-47.2189	-3.60804	975.792	0	
-80.3478	-5.56717	987.059	0	
-84.2613	-5.47929	971.4	0	
100.082	-3.68916	990.751	0	
112.646	-3.83222	990.546	0	
110.324	-3.92482	997.498	0	
107.317	-3.58364	996.82	0	
82.8129	-5.39772	982.774	0	
86.2054	-2.8545	979.296	0	
81.8602	-4.06799	985.815	0	
94.2182	-3.59669	998.937	0	
70.9022	-5.56717	989.166	0	
66.9005	-5.31383	987.226	0	
44.7723	-3.50911	973.356	0	
48.5417	-2.72654	960.326	0	
45.1863	-4.19254	981.526	0	
49.0311	-3.60804	973.459	0	
15.9022	-5.56717	1074.03	0	
11.9887	-5.47929	1047.21	0	
108.705	-2.8545	988.058	0	
101.072	-3.57598	992.452	0	
-91.4282	-3.57598	958.243	0	
-94.651	-4.21812	966.945	0	
4.82178	-3.57598	1103.82	0	
1.59897	-4.21812	1082.99	0	
105.913	-2.94281	991.855	0	
106.31	-3.72554	995.013	0	
97.849	-4.21812	996.432	0	
101.505	-4.42757	995.153	0	
-144.792	-3.47313	1056.37	0	
-146.064	-4.19253	1045.02	0	
-103.124	-4.43041	987.334	0	
-108.125	-4.73217	977.889	0	
-6.87403	-4.43041	1040.86	0	
-11.875	-4.73217	1054.43	0	
89.376	-4.43041	998.084	0	
84.375	-4.73217	986.05	0	
121.393	-3.89079	1005.78	0	
143.936	-3.97268	1037.88	0	
125.349	-4.21812	1011.61	0	
129.043	-4.50658	1015.35	0	
-154.834	-5.62943	1019.19	0	
-149.676	-3.92482	1046.95	0	
-156.465	-4.16242	1002.26	0	
-88.4597	-6.17559	966.062	0	
-157.746	-3.54331	975.731	0	
-157.336	-4.23245	981.411	0	
-155.953	-5.20944	997.898	0	
-151.274	-4.58327	1038.1	0	
-87.8931	-5.00841	973.449	0	
-54.6761	-3.92482	982.613	0	
-59.3731	-3.97501	973.677	0	
7.79028	-6.17559	992.911	0	
-65.9011	-4.21822	973.745	0	
-59.3047	-5.11624	974.281	0	
-64.1215	-4.98124	974.452	0	
-60.5387	-5.90518	981.01	0	
8.35687	-5.00841	1043.74	0	
92.527	-5.11846	1004.71	0	
30.3489	-4.21822	1006.13	0	
32.1285	-4.98124	1001.81	0	
36.0417	-3.47328	985.647	0	
34.378	-5.06466	1001.14	0	
35.7113	-5.90518	1003.84	0	
36.8769	-3.97501	991.758	0	
-101.844	-3.51902	972.335	0	
-99.973	-5.11846	990.39	0	
-145.501	-5.7656	1022.6	0	
-69.8571	-3.89079	977.155	0	
-156.677	-7.51666	991.281	0	
-49.707	-5.1949	980.288	0	
-148.977	-5.20289	1038.24	0	
-147.813	-5.59213	1035.42	0	
-5.59449	-3.51902	1040.89	0	
-3.72305	-5.11846	938.355	0	
-56.2742	-4.58327	982.484	0	
26.3929	-3.89079	1020.68	0	
-39.9676	-3.06872	1003.45	0	
46.543	-5.1949	983.304	0	
-53.9766	-5.20289	970.682	0	
-50.211	-4.15672	981.845	0	
-55.8234	-5.70833	972.202	0	
-48.5258	-4.17689	976.248	0	
-52.8132	-5.59213	991.153	0	
-47.2738	-5.38006	979.653	0	
91.8607	-4.06622	983.838	0	
105.879	-5.0575	1003.96	0	
36.9453	-5.11624	998.991	0	
130.158	-4.945	1020.82	0	
56.2824	-3.06872	974.615	0	
110.29	-6.17488	1014.71	0	
42.2734	-5.20289	993.088	0	
46.039	-4.15672	977.834	0	
40.4266	-5.70833	997.389	0	
47.7242	-4.17689	978.604	0	
39.9758	-4.58327	986.869	0	
48.9762	-5.38006	979.922	0	
-90.0224	-4.58092	965.616	0	
-89.5124	-5.89001	973.24	0	
6.22758	-4.58092	1047.73	0	
6.73765	-5.89001	987.16	0	
102.928	-5.70651	1000.68	0	
107.848	-6.54104	1009.41	0	
104.074	-3.92482	1000.55	0	
104.773	-5.20318	999.42	0	
99.6281	-4.98343	998.188	0	
102.478	-4.58092	1001.07	0	
-150.823	-5.70833	1035.24	0	
-143.779	-5.33843	1025.64	0	
76.6284	-4.52398	983.968	0	
144.244	-11.4317	987.649	0	
128.127	-5.50143	1020.81	0	
128.872	-6.93342	1024.18	0	
-158.777	-5.20944	953.98	0	
-143.448	-4.30353	1046.01	0	
-161.732	-2.79975	831.755	0	
-207.299	-15.0218	1291.43	0	
-182.365	-35.5359	1253.87	0	
-79.1691	-5.28353	975.787	0	
-150.997	-8.59138	995.488	0	
-57.1302	-6.3947	986.377	0	
-61.872	-5.06466	973.828	0	
-58.0402	-5.47194	977.147	0	
-115.872	-4.52398	998.785	0	
17.0809	-5.28353	1064.48	0	
-19.6216	-4.52398	1078.84	0	
108.728	-4.58055	1003.33	0	
38.2098	-5.47194	993.399	0	
43.4368	-5.59213	990.238	0	
-139.58	-4.60081	1027.07	0	
-145.691	-7.03602	1036.12	0	
-96.7489	-6.89898	968.59	0	
-97.1496	-5.26597	978.162	0	
-149.602	-6.18605	1027.83	0	
-134.449	-4.25718	1014.49	0	
-31.5017	-4.16217	1015.87	0	
39.1198	-6.3947	1009.88	0	
-0.498874	-6.89898	897.309	0	
-0.89962	-5.26597	944.483	0	
-70.5474	-6.44535	989.658	0	
-54.6024	-6.18605	993.221	0	
-52.4014	-4.79453	972.605	0	
-51.4417	-5.03664	982.434	0	
-52.0429	-7.10465	973.841	0	
-50.5017	-5.76581	978.047	0	
-54.1682	-7.76797	971.939	0	
-36.3389	-2.93321	1018.88	0	
-48.8551	-5.21507	981.981	0	
-48.0926	-6.0103	987.486	0	
64.7483	-4.16217	985.811	0	
110.857	-5.00834	999.115	0	
95.7511	-6.89898	983.019	0	
95.3504	-5.26597	1005.84	0	
25.7026	-6.44535	1025.41	0	
41.6476	-6.18605	996.172	0	
43.8486	-4.79453	986.685	0	
44.8083	-5.03664	983.113	0	
44.2071	-7.10465	1000.92	0	
45.7483	-5.76581	992.84	0	
42.0818	-7.76797	1006.45	0	
59.9111	-2.93321	975.071	0	
47.3949	-5.21507	980.505	0	
48.1574	-6.0103	987.939	0	
-91.9104	-5.42242	970.718	0	
-90.925	-6.50437	980.571	0	
4.33964	-5.42242	987.185	0	
5.32497	-6.50437	885.161	0	
106.858	-5.46739	1009.23	0	
109.237	-5.889	1005.46	0	
45.559	-7.03622	989.944	0	
104.147	-6.18687	1014.26	0	
100.59	-5.42242	999.449	0	
100.817	-6.41692	1002.9	0	
-147.401	-4.79453	1040.79	0	
-146.442	-5.03663	1042.12	0	
-147.043	-7.10465	1022.93	0	
-144.707	-5.19453	1044.6	0	
-149.168	-7.76797	1024.69	0	
-132.589	-2.93321	1020.24	0	
-154.178	-7.28627	1007.93	0	
-151.919	-6.13754	1017.22	0	
-67.2642	-6.91889	965.693	0	
-50.691	-7.03622	992.13	0	
28.9858	-6.91889	1030.75	0	
57.9209	-9.10125	994.12	0	
-165.569	-3.72058	878.863	0	
-124.19	-5.40086	1009.24	0	
-65.8105	-6.63734	979.013	0	
-38.3291	-9.10125	988.658	0	
-59.0799	-8.70786	986.084	0	
-25.746	-9.39498	1046.52	0	
-36.875	-5.27905	990.211	0	
-45.618	-4.95711	981.944	0	
30.4395	-6.63734	1011.56	0	
104.619	-8.07335	1006.77	0	
37.1701	-8.70786	1028.6	0	
121.986	-5.46522	1012.8	0	
59.375	-5.27905	985.452	0	
50.632	-4.95711	976.396	0	
-100.432	-7.15932	952.255	0	
-118.014	-5.46522	1004.89	0	
-4.18243	-7.15932	953.223	0	
-21.764	-5.46522	1073.57	0	
101.373	-10.8863	1015.63	0	
97.6668	-7.08742	1008.24	0	
74.486	-5.46522	981.076	0	
92.0676	-7.15932	974.715	0	
-142.782	-6.56075	1037.19	0	
-142.334	-4.31064	1038.01	0	
-152.527	-7.43868	1026	0	
-121.996	-9.39498	1049.03	0	
-136.218	-3.06872	1035.5	0	
-128.568	-3.08143	1016.61	0	
-38.1995	-4.25718	1002.96	0	
-32.318	-3.08143	1030.03	0	
58.0505	-4.25718	977.255	0	
63.932	-3.08143	976.111	0	
133.106	-6.04794	1018.87	0	
130.428	-6.60412	1025.31	0	
123.985	-6.91734	1023.2	0	
150.848	-20.0464	920.81	0	
-155.18	-8.32445	987.741	0	
-52.0799	-10.5411	980.429	0	
-40.8588	-5.44334	983.056	0	
-43.3792	-4.50999	981.284	0	
55.3912	-5.44334	984.709	0	
52.8708	-4.50999	977.445	0	
-87.5848	-7.52916	986.881	0	
-84.8609	-3.89608	965.798	0	
8.66524	-7.52916	840.068	0	
11.3891	-3.89608	1084.47	0	
120.703	-6.44535	1019.86	0	
113.889	-3.89608	998.257	0	
-94.8332	-7.08742	967.735	0	
-127.752	-4.16217	1019.55	0	
-136.015	-9.53859	1031.57	0	
-118.607	-3.89079	994.335	0	
-44.375	-6.99919	1002.89	0	
-22.3571	-3.89079	1057.67	0	
-42.8302	-8.44515	976.275	0	
-40.8536	-7.44458	1000.1	0	
51.875	-6.99919	968.651	0	
73.8929	-3.89079	983.864	0	
53.4198	-8.44515	992.432	0	
55.3964	-7.44458	954.637	0	
-45.8903	-7.18841	980.506	0	
-48.1439	-7.56208	986.704	0	
50.3597	-7.18841	983.807	0	
48.1061	-7.56208	985.63	0	
-141.655	-10.9683	935.838	0	
-134.129	-6.10622	1035.6	0	
-52.772	-8.29733	1006.11	0	
-46.8296	-8.37487	1007.32	0	
43.478	-8.29733	1007.79	0	
49.4204	-8.37487	993.144	0	
-164	-0.842706	825.219	0	
-160.19	-2.6252	889.486	0	
-171.26	-1.12398	1034.54	0	
-163.118	-4.25546	877.339	0	
157.984	-3.31993	940.901	0	
162.75	-0.842706	885.413	0	
160.879	-2.92373	872.054	0	
162.233	-4.81544	904.887	0	
149.806	-4.94504	1005.19	0	
157.495	-4.95032	899.375	0	
136.186	-4.14103	1027.33	0	
140.456	-4.52612	1034.28	0	
-73.4071	-4.23242	979.875	0	
-71.6691	-5.28353	976.108	0	
-80.4167	-10.3326	1011.38	0	
-64.8646	-8.3096	968.365	0	
-77.3571	-3.89079	978.547	0	
-74.2262	-6.72899	1003.82	0	
22.8429	-4.23242	1042.26	0	
24.5809	-5.28353	1032.75	0	
15.8333	-10.3326	814.277	0	
31.3854	-8.3096	1029.02	0	
18.8929	-3.89079	1062.93	0	
22.0238	-6.72899	1011.73	0	
117.843	-4.23242	1004.63	0	
119.581	-5.28353	1012.35	0	
112.877	-7.50462	1023.63	0	
125.437	-6.63718	1028.45	0	
111.164	-7.52928	1014.23	0	
117.03	-6.73778	1024.7	0	
-120.419	-5.28353	1001.42	0	
-119.297	-6.44535	1022.66	0	
-147.08	-10.5411	1000.68	0	
-106.019	-7.46803	984.429	0	
-144.559	-9.99967	1040.04	0	
-147.772	-8.29733	1018.62	0	
-24.1691	-5.28353	1058.95	0	
-23.0474	-6.44535	1040.97	0	
1.41684	-7.08742	894.721	0	
-9.76913	-7.46803	939.588	0	
-27.9404	-5.40086	1029.86	0	
-23.5704	-9.08967	1043.98	0	
-80.9071	-4.23242	971.68	0	
-78.0474	-6.44535	1007	0	
-74.2388	-9.20929	919.361	0	
-76.764	-5.46522	978.117	0	
-81.7196	-6.73778	995.316	0	
-82.2148	-8.98906	939.459	0	
72.0809	-5.28353	983.61	0	
73.2026	-6.44535	994.011	0	
102.182	-6.54766	1008.61	0	
86.4809	-7.46803	990.813	0	
68.3096	-5.40086	988.758	0	
93.8488	-8.33358	1015.89	0	
15.3429	-4.23242	1079.31	0	
18.2026	-6.44535	1029.46	0	
22.0112	-9.20929	1064.37	0	
19.486	-5.46522	1060.94	0	
14.5304	-6.73778	952.483	0	
14.0352	-8.98906	951.46	0	
112.049	-4.96932	1007.6	0	
113.194	-6.11121	1009.1	0	
107.957	-10.0357	1012.01	0	
114.373	-9.53907	1030.2	0	
-86.7013	-4.9694	964.595	0	
-85.556	-6.11128	986.502	0	
-85.8729	-7.50385	959.777	0	
-84.3782	-9.53722	993.526	0	
9.54871	-4.9694	1055.69	0	
10.694	-6.11128	992.589	0	
10.3771	-7.50385	934.027	0	
11.8718	-9.53722	740.15	0	
132.08	-7.47425	1027.68	0	
134.746	-4.16808	1018.37	0	
124.075	-4.31071	1006.91	0	
123.313	-5.73457	1019.88	0	
-67.1755	-4.31081	968.935	0	
-67.9367	-5.73467	983.484	0	
29.0745	-4.31081	1022.39	0	
28.3133	-5.73467	1011.63	0	
-95.9255	-4.31071	975.065	0	
-98.5926	-4.6597	967.027	0	
-103.786	-7.04865	951.938	0	
-106.563	-5.39772	975.401	0	
0.324502	-4.31071	1060.44	0	
-2.3426	-4.6597	1070.1	0	
-7.5359	-7.04865	991.771	0	
-10.3129	-5.39772	1009.53	0	
96.5745	-4.31071	985.388	0	
93.9074	-4.6597	983.561	0	
88.7141	-7.04865	973.556	0	
103.633	-8.96714	1022.65	0	
-62.0477	-8.8546	983.843	0	
34.2023	-8.8546	1022.72	0	
-65.6604	-12.2385	948.467	0	
44.1701	-10.5411	1026.52	0	
-43.9291	-11.1429	1052.08	0	
106.762	-8.25621	1034.4	0	
40.691	-8.79126	1021.04	0	
126.259	-8.10539	1028.32	0	
30.5896	-12.2385	1051.34	0	
128.121	-8.37598	1036.82	0	
98.349	-8.47005	993.537	0	
102.415	-7.9218	1007.6	0	
-155.111	-10.7469	997.842	0	
-60.5733	-7.64358	971.127	0	
138.321	-5.52235	1025.97	0	
152.541	-4.03078	1006.38	0	
-138.552	-9.35636	1035.06	0	
-137.06	-5.53416	1014.55	0	
-129.996	-3.08143	1027.31	0	
-129.047	-6.04201	1024.68	0	
-33.7459	-3.08143	1011.79	0	
-32.7973	-6.04201	998.12	0	
62.5041	-3.08143	979.825	0	
63.4527	-6.04201	982.012	0	
131.229	-11.2697	1027.21	0	
151.99	-6.88415	977.827	0	
136.941	-5.40234	1021.75	0	
141.133	-5.9764	1026.83	0	
-74.6816	-4.325	985.82	0	
-75.4428	-5.74886	987.318	0	
21.5684	-4.325	1047.47	0	
20.8072	-5.74886	1055.97	0	
116.568	-4.325	1003.48	0	
115.814	-5.75765	1011.07	0	
-123.432	-4.325	1014.11	0	
-126.314	-4.14101	1006.59	0	
-115.576	-8.16642	1030.16	0	
-113.246	-5.34905	982.489	0	
-27.1816	-4.325	1043.87	0	
-30.0644	-4.14101	1028.27	0	
-19.3257	-8.16642	1045.42	0	
-16.996	-5.34905	1044.11	0	
-82.1816	-4.325	980.238	0	
-82.9362	-5.75765	978.601	0	
69.0684	-4.325	986.69	0	
66.1856	-4.14101	982.461	0	
76.9243	-8.16642	968.611	0	
79.254	-5.34905	992.245	0	
14.0684	-4.325	1065.07	0	
13.3138	-5.75765	1066.51	0	
105.405	-12.0508	1049.7	0	
116.536	-8.99008	1031.68	0	
-93.9774	-8.66503	983.898	0	
-91.6041	-8.13534	961.375	0	
2.27255	-8.66503	590.635	0	
4.64589	-8.13534	706.512	0	
129.195	-10.2093	1031.17	0	
146.046	-6.10183	1030.16	0	
134.488	-5.91521	1026.63	0	
135.867	-6.69788	1021.67	0	
121.43	-8.68418	1028.53	0	
123.385	-8.88682	1032.89	0	
-69.8214	-8.68669	931.726	0	
-67.8655	-8.89079	973.151	0	
26.4286	-8.68669	1051.68	0	
28.3845	-8.89079	1026.11	0	
-66.1145	-9.89368	991.412	0	
-95.0051	-12.6851	984.685	0	
-55.559	-8.79126	999.605	0	
1.24494	-12.6851	156.903	0	
85.9371	-5.39772	985.633	0	
70.504	-9.39498	971.028	0	
99.9643	-7.8529	1008.2	0	
101.084	-8.78437	1008.66	0	
-119.82	-9.08967	1010.89	0	
-122.652	-7.0343	1008.03	0	
-127.769	-5.79877	1014.15	0	
-125.499	-7.54635	1024.78	0	
-48.3872	-12.3828	1015.12	0	
-26.4019	-7.0343	1035.29	0	
-31.5194	-5.79877	1024.98	0	
-29.2492	-7.54635	1018.97	0	
47.8628	-12.3828	1040.32	0	
69.8481	-7.0343	987.06	0	
64.7306	-5.79877	981.024	0	
67.0008	-7.54635	993.706	0	
140.302	-7.00568	1017.22	0	
142.7	-6.86574	1018.62	0	
125.012	-9.68556	1040.52	0	
195.519	-2.32667	1276.26	0	
-98.6512	-8.33358	989.333	0	
35.6767	-7.64358	1012.62	0	
-2.40124	-8.33358	584.792	0	
103.223	-11.1651	1009.81	0	
72.6796	-9.08967	969.622	0	
95.07	-11.0041	972.16	0	
-136.973	-6.98397	1033.83	0	
-135.349	-7.69153	1003.92	0	
-32.1235	-10.677	1017.44	0	
-33.5046	-8.27657	1021.49	0	
64.1265	-10.677	986.719	0	
97.6545	-10.9522	1014.32	0	
80.0504	-6.99449	972.763	0	
151.079	-11.5903	930.424	0	
-78.2205	-8.73643	930.183	0	
30.1355	-9.89368	1018.66	0	
8.79112	-11.9339	433.46	0	
110.443	-9.50362	1037.95	0	
-126.434	-6.49884	1016.56	0	
-123.97	-6.77541	1025.47	0	
-30.1836	-6.49884	1023.97	0	
-27.72	-6.77541	1039.95	0	
66.0664	-6.49884	983.125	0	
68.53	-6.77541	983.638	0	
150.025	-6.43618	1035.93	0	
153.18	-5.49318	1011.19	0	
147.57	-7.50219	987.766	0	
142.406	-9.04296	1004.86	0	
-113.344	-8.75328	992.373	0	
-118.411	-11.2883	1051.67	0	
-114.541	-4.53464	987.869	0	
-111.901	-4.28441	991.554	0	
-17.0944	-8.75328	954.782	0	
-21.2298	-10.3281	957.098	0	
-18.2907	-4.53464	1071.75	0	
-15.6508	-4.28441	1077.2	0	
79.1556	-8.75328	996.808	0	
75.0202	-10.3281	1007.24	0	
77.9593	-4.53464	983.091	0	
80.5992	-4.28441	978.889	0	
-63.1585	-5.8593	977.636	0	
-63.2996	-7.91085	970.875	0	
33.0915	-5.8593	1011.45	0	
32.9504	-7.91085	1014.2	0	
-205.568	-32.9721	1290.69	0	
-158.17	-8.54355	959.239	0	
-42.0494	-4.51844	994.331	0	
-39.5061	-4.39269	991.114	0	
54.2006	-4.51844	972.27	0	
56.7439	-4.39269	976.912	0	
-138.25	-4.60927	1042.47	0	
-135.756	-4.39269	1041.37	0	
132.732	-9.94285	1029.86	0	
140.759	-8.90393	1016.45	0	
-131.823	-7.75398	1027.41	0	
-88.3496	-9.59591	956.246	0	
-29.7584	-9.79585	1047.78	0	
7.90043	-9.59591	597.813	0	
62.7454	-8.27657	965.614	0	
52.3209	-11.1429	972.414	0	
86.5779	-13.8833	1015.18	0	
208.99	-5.28426	1287.59	0	
-59.5306	-11.2795	982.785	0	
-57.3001	-7.89572	971.575	0	
36.7194	-11.2795	1026.63	0	
38.9499	-7.89572	1007.74	0	
138.907	-6.71973	1019.31	0	
136.37	-8.16582	1016.78	0	
138.03	-8.06765	1018.51	0	
139.214	-9.60327	1004.63	0	
134.987	-10.2845	1024.45	0	
161.413	-6.92918	943.742	0	
119.235	-10.2813	1049.7	0	
95.7393	-17.4777	972.132	0	
-50.1748	-10.5347	1016.94	0	
-46.4132	-10.8834	995.412	0	
46.0752	-10.5347	1006.92	0	
49.8368	-10.8834	996.572	0	
-176.012	-1.34606	1135.02	0	
-160.335	-6.5477	925.599	0	
-161.831	-10.7403	963.054	0	
-188.999	-19.3034	1260.01	0	
158.946	-6.83953	951.904	0	
170.01	-1.12398	1087.71	0	
-87.4589	-11.9339	991.645	0	
99.5587	-12.4369	1004.97	0	
18.0295	-8.73643	1029.43	0	
4.49832	-12.069	327.731	0	
-153.134	-12.2646	966.3	0	
-148.55	-12.2522	970.313	0	
-121.489	-14.4624	1045.89	0	
-126.008	-9.79585	1024.66	0	
104.932	-18.5916	1069.07	0	
112.453	-11.0673	1022.88	0	
-91.7517	-12.069	971.222	0	
-71.535	-10.5118	1007.52	0	
5.3409	-14.035	284.614	0	
24.715	-10.5118	991.136	0	
-112.45	-6.99449	1012.66	0	
-129.168	-15.7527	998.565	0	
-16.1996	-6.99449	1038.27	0	
-27.5734	-11.3856	999.904	0	
-144.852	-16.8136	905.089	0	
-124.741	-12.1163	1046.39	0	
-37.2846	-13.6039	1067.24	0	
-6.7017	-12.0229	659.146	0	
66.4916	-9.79585	956.928	0	
58.9654	-13.6039	958.179	0	
112.419	-14.9051	1039.27	0	
127.849	-11.938	1036.02	0	
147.347	-10.4774	1013.72	0	
153.266	-9.06305	1001.71	0	
-122.779	-11.9203	1011.34	0	
-102.474	-8.42323	1004.27	0	
-20.7162	-13.563	938.668	0	
-6.22447	-8.42323	621.824	0	
75.5338	-13.563	948.313	0	
90.0255	-8.42323	1013.72	0	
68.6766	-11.3856	1007.32	0	
136.037	-12.2238	992.149	0	
-61.6144	-11.5018	963.824	0	
-55.5379	-10.963	983.151	0	
34.6356	-11.5018	1051.27	0	
40.7121	-10.963	1034.71	0	
128.852	-14.5637	1023.4	0	
235.957	-15.9774	1270.36	0	
-178.777	-2.9619	1136.24	0	
-162.755	-6.23594	893.512	0	
-156.495	-11.7116	969.377	0	
-221.912	-14.5162	1292.63	0	
-169.141	-4.00209	987.458	0	
-167.19	-4.8303	946.133	0	
164.287	-4.15658	921.118	0	
166.707	-4.43785	1037.1	0	
155.354	-8.54876	967.737	0	
132.793	-16.0264	999.347	0	
-53.4549	-12.1835	1026.66	0	
-9.67296	-13.8421	266.334	0	
42.7951	-12.1835	1042.29	0	
33.1604	-13.2995	1025.28	0	
-53.1756	-15.7705	1026.43	0	
-138.938	-7.6289	1005.28	0	
-134.594	-10.3937	986.154	0	
-155.484	-17.2341	966.081	0	
-127.52	-14.6602	1026.58	0	
-47.7993	-19.2086	1048.7	0	
-31.0758	-17.4153	986.586	0	
48.4507	-19.2086	1118.03	0	
65.1742	-17.4153	1056.11	0	
131.221	-14.31	1032.9	0	
153.572	-16.0839	1025.65	0	
-157.266	-14.2011	993.374	0	
43.0744	-15.7705	1061.17	0	
11.0506	-11.9005	591.162	0	
89.5492	-12.064	954.232	0	
125.528	-11.6848	1029.72	0	
119.86	-13.8177	1030.37	0	
-167.135	-7.23969	996.082	0	
-192.539	-4.26558	1285	0	
-133.857	-13.0595	1044.54	0	
-129.198	-9.41262	1030.15	0	
-228.19	-24.6897	1292.4	0	
-128.413	-13.1119	1009.93	0	
-132.411	-9.49708	1029.64	0	
-132.552	-6.10622	1006.38	0	
-166.307	-13.5038	1020.61	0	
-108.605	-11.4398	963.872	0	
-130.943	-10.541	1018.06	0	
-129.662	-7.54154	1015.12	0	
-131.112	-14.0765	992.213	0	
-127.757	-10.8627	1035.47	0	
-135.282	-19.8734	1024.65	0	
-102.952	-12.0229	944.418	0	
-130.381	-12.4546	1027.25	0	
-128.544	-17.3008	1013.84	0	
-148.258	-15.1857	997.655	0	
-3.6662	-13.8175	96.538	0	
-125.443	-18.0933	982.92	0	
-125.597	-14.7313	1004.8	0	
-62.6835	-17.1843	981.101	0	
-85.1994	-11.9005	955.643	0	
-124.144	-16.6164	1035.03	0	
-121.999	-16.5434	1010.05	0	
-91.6409	-16.373	984.905	0	
-70.7541	-13.472	922.213	0	
4.6091	-16.373	112.52	0	
25.4959	-13.472	1024.2	0	
-110.152	-7.25958	974.627	0	
-116.205	-10.7321	1001.82	0	
-13.9017	-7.25958	989.666	0	
-12.3545	-11.4398	736.457	0	
82.3483	-7.25958	990.324	0	
83.8955	-11.4398	972.034	0	
-83.8414	-14.5362	998.493	0	
-76.2546	-10.6507	1017.93	0	
12.4086	-14.5362	429.09	0	
19.9954	-10.6507	916.744	0	
-97.6578	-11.3921	952.67	0	
-90.4292	-10.045	980.463	0	
-1.40778	-11.3921	542.196	0	
5.82085	-10.045	567.699	0	
-111.605	-11.7939	1014.9	0	
-108.046	-8.66433	1005.06	0	
-15.3552	-11.7939	804.072	0	
-11.7958	-8.66433	814.939	0	
80.8948	-11.7939	966.704	0	
84.4542	-8.66433	985.557	0	
-57.7296	-12.6391	1018.71	0	
-56.3189	-16.133	1009.75	0	
38.5204	-12.6391	1053.79	0	
39.9311	-16.133	1086.02	0	
-173.564	-2.47004	1093.44	0	
-165.151	-8.11045	942.435	0	
157.521	-9.12614	942.82	0	
160.271	-11.5138	1016.27	0	
-36.2393	-7.66183	1000.07	0	
-40.908	-14.645	1006.33	0	
60.0107	-7.66183	960.104	0	
55.342	-14.645	1051.15	0	
92.8124	-13.4707	1034.82	0	
138.603	-11.6407	996.37	0	
-114.482	-16.5569	983.242	0	
-119.297	-14.1357	1009.18	0	
-106.853	-18.8267	956.078	0	
-90.9091	-14.035	984.186	0	
-63.0896	-13.2995	1020.05	0	
-81.2221	-13.5164	944.04	0	
-119.75	-18.497	1010.7	0	
-105.923	-13.8421	1045.29	0	
-99.9162	-13.8175	1005.45	0	
-124.617	-21.7604	988.876	0	
15.0279	-13.5164	755.752	0	
33.5665	-17.1843	1074.91	0	
-177.258	-5.78191	1166.98	0	
-175.551	-13.7225	1161.49	0	
-170.014	-8.10752	1028.2	0	
-170.068	-11.6224	1105.65	0	
123.346	-14.3333	1045.22	0	
130.766	-41.4755	966.514	0	
-117.966	-16.82	1047.64	0	
-113.607	-13.3165	1038.52	0	
-93.8748	-11.0032	959.747	0	
-93.6138	-16.0889	982.201	0	
2.37524	-11.0032	524.257	0	
2.63623	-16.0889	298.516	0	
-136.481	-15.5337	909.757	0	
46.237	-15.9763	1032.44	0	
-50.013	-15.9763	1102.72	0	
-33.8137	-14.565	1062.63	0	
-118.828	-25.8063	1028.24	0	
62.4363	-14.565	959.959	0	
-89.2433	-18.71	1009.53	0	
-88.6959	-14.349	977.527	0	
7.00668	-18.71	232.125	0	
7.55411	-14.349	287.245	0	
-158.473	-25.925	1038.64	0	
-57.5305	-27.6829	1175.74	0	
-87.3706	-17.1144	988.917	0	
-82.1404	-18.8236	1016.06	0	
-17.0729	-14.4419	719.191	0	
125.77	-16.4577	1009.46	0	
8.87942	-17.1144	160.606	0	
14.1096	-18.8236	476.56	0	
218.789	-9.67962	1281.14	0	
183.637	-7.09149	1240.48	0	
135.243	-14.7675	1012.94	0	
140.335	-13.8884	994.632	0	
-181.714	-1.61583	1208.06	0	
-173.773	-5.29005	1087.72	0	
163.087	-10.0309	983.25	0	
180.465	-1.61583	1217.82	0	
-76.9341	-14.5113	923.885	0	
-67.81	-14.1067	1020.41	0	
19.3159	-14.5113	925.661	0	
28.44	-14.1067	990.286	0	
-162.174	-17.4716	1004.18	0	
-121.07	-22.2371	942.628	0	
-58.6684	-18.9989	1112.55	0	
0.81144	-18.779	36.3557	0	
37.5816	-18.9989	1061.75	0	
107.856	-15.3565	987.046	0	
138.207	-15.8819	941.55	0	
143.531	-14.1381	945.375	0	
99.901	-16.4959	998.895	0	
79.1771	-14.4419	1014.87	0	
-111.48	-20.2273	1078.29	0	
-99.0883	-17.8006	970.041	0	
-27.2006	-15.1171	1042.14	0	
-2.83826	-17.8006	367.303	0	
69.0494	-15.1171	947.234	0	
46.6928	-24.0743	1062.57	0	
-166.112	-27.3981	1152.03	0	
-68.8837	-22.4837	1026.06	0	
-81.3835	-22.9609	993.619	0	
-67.2534	-16.8341	972.978	0	
14.8665	-22.9609	284.5	0	
28.9966	-16.8341	1025.25	0	
125.531	-19.801	990.883	0	
145.65	-18.2045	1027.62	0	
136.74	-19.4185	1024.61	0	
140.986	-21.4915	822.157	0	
-74.1374	-16.0301	1030.66	0	
-64.6977	-18.8508	1053.04	0	
22.1126	-16.0301	841.647	0	
31.5523	-18.8508	1006.28	0	
-95.4386	-18.779	1008.28	0	
2.52004	-23.669	228.925	0	
27.3663	-22.4837	951.287	0	
30.7731	-22.4901	930.282	0	
-84.7755	-17.335	981.838	0	
-79.7054	-15.7809	1007.63	0	
11.4745	-17.335	417.917	0	
16.5446	-15.7809	595.883	0	
218.255	-34.6155	1271.27	0	
132.745	-19.8694	963.327	0	
-152.736	-16.2622	997.311	0	
-150.381	-17.763	956.074	0	
-144.708	-21.2594	1002.63	0	
-141.325	-14.5407	1031.57	0	
-62.9905	-26.6887	1072.5	0	
-11.2357	-19.2992	473.567	0	
33.2595	-26.6887	1027.03	0	
116.277	-16.8153	1041.68	0	
-128.495	-23.6616	971.638	0	
19.247	-23.4473	623.548	0	
-188.557	-1.93891	1249.54	0	
-196.769	-2.32667	1276.15	0	
172.064	-6.00496	1110.58	0	
174.369	-7.9727	1182.07	0	
197.421	-9.75588	1278.87	0	
191.289	-4.26558	1273.05	0	
80.6149	-19.5449	980.906	0	
38.7195	-27.6829	1025.94	0	
-73.6736	-19.0863	971.824	0	
-69.7337	-19.2556	1054.09	0	
22.5764	-19.0863	856.53	0	
26.5163	-19.2556	895.452	0	
122.174	-26.556	947.551	0	
124.937	-40.2492	867.025	0	
-148.731	-22.1193	924.629	0	
-130.945	-20.0681	928.869	0	
-89.5076	-23.3158	991.7	0	
-77.003	-23.4473	1049.72	0	
-71.1732	-25.5223	1090.1	0	
-65.4769	-22.4901	1083.9	0	
-169.77	-21.2264	1124.78	0	
-64.5794	-30.6463	1142.6	0	
-139.982	-23.3262	849.232	0	
-137.645	-30.9202	1010.59	0	
-75.3526	-26.6553	1056.84	0	
25.0768	-25.5223	752.15	0	
-31.4696	-23.2096	1087.16	0	
73.7048	-20.502	999.228	0	
-23.6801	-16.4504	890.181	0	
-15.6351	-19.5449	431.66	0	
72.5699	-16.4504	1032.22	0	
85.0151	-19.3404	985.503	0	
129.698	-22.0559	967.694	0	
117.076	-20.985	976.934	0	
-103.053	-20.9905	1050.72	0	
-93.73	-23.669	1012.31	0	
-49.5572	-24.0743	1171.23	0	
6.74241	-23.3158	62.2129	0	
-184.618	-8.98987	1222.35	0	
-185.032	-3.55475	1239.33	0	
-206.623	-2.79194	1289.9	0	
-179.781	-9.87097	1202.5	0	
180.177	-8.24429	1222.48	0	
187.785	-10.442	1257.61	0	
170.878	-14.4791	1151.94	0	
159.464	-15.8639	977.278	0	
-85.4635	-32.3384	1005.18	0	
20.8974	-26.6553	591.444	0	
-7.43655	-21.463	67.0866	0	
90.9132	-21.5281	1095.91	0	
-85.5482	-26.5803	1078.96	0	
-18.107	-29.5111	609.256	0	
10.7018	-26.5803	296.061	0	
111.968	-28.0025	975.124	0	
-18.1435	-22.7175	604.423	0	
-22.5452	-20.502	820.99	0	
78.1065	-22.7175	1072.53	0	
64.7804	-23.2096	1027.09	0	
34.1156	-37.3795	905.482	0	
121.506	-22.1434	981.509	0	
-24.1065	-30.9545	733.884	0	
-6.83217	-26.5477	293.1	0	
-130.495	-31.0609	837	0	
174.884	-12.8846	1171.86	0	
178.79	-12.8864	1233.67	0	
-76.4692	-32.4504	1049	0	
-69.3552	-29.4863	1073.81	0	
-145.697	-34.3804	878.457	0	
-152.057	-27.6463	1005.05	0	
19.7808	-32.4504	525.949	0	
26.8948	-29.4863	800.341	0	
1.24121	-36.2378	306.423	0	
13.9656	-32.8618	327.472	0	
184.118	-14.761	1243.48	0	
227.701	-6.85826	1277.91	0	
133.014	-34.6533	812.447	0	
-106.794	-33.2356	924.224	0	
31.6706	-30.6463	869.804	0	
-72.173	-34.0637	1103.47	0	
-67.7476	-39.8274	1094.52	0	
-22.5359	-47.4922	263.667	0	
127.182	-26.4913	942.33	0	
24.077	-34.0637	710.977	0	
28.5024	-39.8274	746.737	0	
-113.39	-24.9987	926.671	0	
-108.048	-28.3672	1044.46	0	
106.947	-24.7538	914.646	0	
92.4297	-27.5266	936.192	0	
-218.447	-3.35033	1292.8	0	
-175.995	-19.4449	1200.86	0	
191.912	-9.23189	1269.73	0	
201.219	-12.4705	1280.3	0	
54.1181	-18.9378	1029.75	0	
69.7905	-24.963	1066.24	0	
-42.1319	-18.9378	1143.77	0	
-26.4595	-24.963	819.267	0	
-192.319	-8.83173	1261.96	0	
-201.547	-5.11861	1292.69	0	
72.1435	-30.9545	1103.13	0	
128.068	-30.7205	928.151	0	
42.4557	-33.5404	1083.31	0	
78.143	-29.5111	996.447	0	
-62.1344	-37.3795	1070.71	0	
-0.525287	-27.7753	52.4561	0	
84.4836	-32.7829	1121.1	0	
208.989	-20.8084	1275.87	0	
-28.0097	-38.1045	863.332	0	
123.686	-35.5846	902.204	0	
-53.7943	-33.5404	1067.48	0	
-35.3322	-36.6738	970.33	0	
100.921	-29.485	1046.27	0	
161.838	-60.3262	1184.09	0	
118.807	-29.1208	943.112	0	
116.094	-38.0682	892.312	0	
115.315	-25.5586	953.527	0	
112.121	-35.7127	919.312	0	
60.9178	-36.6738	1100.04	0	
119.433	-33.9202	897.003	0	
120.859	-47.2293	899.127	0	
-183.583	-23.2797	1241.24	0	
-95.5796	-32.8724	964.388	0	
-114.065	-35.7792	971.462	0	
68.2403	-38.1045	1029.19	0	
32.7098	-63.156	558.687	0	
9.60751	-38.8404	156.381	0	
-225.327	-7.3709	1295.47	0	
-187.923	-11.9402	1263.76	0	
170.297	-36.5037	1221.11	0	
163.474	-19.8544	1108.21	0	
-196.34	-11.9773	1281.72	0	
-194.679	-18.9528	1281.44	0	
73.7994	-47.6214	1060.1	0	
207.712	-10.3255	1281.18	0	
204.86	-2.4629	1282.44	0	
-212.356	-6.14227	1295.51	0	
129.252	-50.7796	1006.99	0	
133.997	-47.3484	942.688	0	
213.211	-14.7209	1280.83	0	
215.594	-2.82136	1280.79	0	
-220.733	-37.1938	1278.62	0	
103.164	-47.8011	864.861	0	
189.04	-35.7251	1279.04	0	
199.849	-18.9164	1281.33	0	
169.619	-18.8059	1152.46	0	
139.422	-30.3106	1032.76	0	
-55.5317	-23.7287	1053.12	0	
-37.3685	-24.4061	1024.92	0	
-56.8093	-39.2794	1156.4	0	
-45.742	-28.3975	1065.31	0	
-52.3145	-47.6453	923.769	0	
-39.2206	-29.0001	1126.38	0	
-47.9803	-33.9094	1154.26	0	
-43.191	-47.72	1058.87	0	
40.7183	-23.7287	1125.35	0	
58.8815	-24.4061	1129.09	0	
39.4407	-39.2794	939.137	0	
50.508	-28.3975	1144.07	0	
43.9355	-47.6453	952.926	0	
57.0294	-29.0001	1086.21	0	
48.2697	-33.9094	1068.1	0	
53.059	-47.72	974.731	0	
146.739	-35.2634	890.141	0	
141.083	-48.4033	1077.19	0	
-171.12	-37.8728	1218.86	0	
-73.0349	-48.8114	1044.87	0	
-12.6794	-31.8279	227.192	0	
-7.11451	-38.7862	117.648	0	
-126.706	-35.6751	888.48	0	
-120.757	-31.7185	848.204	0	
-116.584	-45.0329	774.541	0	
-102.338	-25.7597	996.929	0	
-126.333	-45.697	1031.82	0	
-90.3084	-40.7522	959.542	0	
-232.636	-4.02057	1289.32	0	
-213.24	-13.2876	1292.77	0	
-83.0809	-48.9441	974.808	0	
112.882	-53.996	988.168	0	
-41.8717	-39.7232	968.38	0	
-36.3206	-55.0703	542.425	0	
-51.4248	-68.4389	672.148	0	
9.79367	-57.9625	387.081	0	
54.3783	-39.7232	1094.88	0	
92.7142	-53.006	971.485	0	
154.638	-31.4481	1091.31	0	
162.265	-25.6367	1119.42	0	
146.844	-43.5002	1085.63	0	
174.146	-25.0927	1205.07	0	
-10.5586	-47.7958	485.401	0	
26.2122	-47.5873	497.039	0	
-99.9985	-36.0407	1029.59	0	
-96.6648	-27.4598	1051.91	0	
-98.8599	-43.4908	882.669	0	
-80.4857	-35.5349	1084.91	0	
-163.404	-50.9608	1164.88	0	
-107.716	-63.4503	958.87	0	
-90.5028	-35.2672	1061.98	0	
-94.2465	-45.8076	992.987	0	
155.531	-25.6086	1046.75	0	
162.53	-38.6767	1135.61	0	
145.406	-55.4476	1081.23	0	
154.317	-46.2331	1108.26	0	
-213.385	-66.8866	1258.94	0	
-68.9458	-57.4799	969.075	0	
-90.1982	-53.4761	1018.61	0	
-83.9074	-41.2679	1024.2	0	
162.103	-45.2249	1196.41	0	
179.505	-41.8783	1225.97	0	
-26.1557	-55.5594	769.272	0	
139.16	-65.0425	1147.26	0	
197.836	-37.8736	1259.41	0	
182.569	-22.1973	1262.71	0	
84.0431	-43.7432	876.616	0	
105.034	-36.7207	875.097	0	
152.77	-54.4151	1164.36	0	
130.092	-61.4294	1035.96	0	
118.312	-65.1624	942.226	0	
75.0509	-68.8235	838.785	0	
146.414	-81.4576	1158.3	0	
-56.4852	-56.245	1009.04	0	
36.3201	-53.5053	802.668	0	
64.865	-77.0726	987.99	0	
112.416	-78.8413	1063.79	0	
59.9585	-55.1042	1024.42	0	
70.2087	-55.7224	937.146	0	
190.375	-24.8482	1261.64	0	
208.311	-28.8887	1278.01	0	
178.328	-52.8869	1255.03	0	
191.284	-60.8463	1228.24	0	
-88.1029	-75.4263	1051.14	0	
201.257	-51.9863	1266.33	0	
232.766	-30.613	1265.81	0	
-94.3526	-64.6703	841.282	0	
-21.2176	-68.4889	565.978	0	
-136.235	-54.5345	953.527	0	
-75.0762	-70.6121	774.452	0	
-135.57	-69.1305	1151.34	0	
17.1658	-67.2349	630.217	0	
-40.3839	-67.1895	803.481	0	
-31.1675	-76.4316	740.856	0	
-40.0545	-114.942	911.038	0	
12.3999	-80.9419	721.212	0	
-62.4004	-77.8089	994.9	0	
87.3127	-69.9851	935.461	0	
42.2377	-72.0126	870.305	0	
55.7444	-67.659	671.979	0	
40.1802	-103.505	1034.03	0	
95.4064	-81.6752	969.483	0	
28.0081	-85.7304	692.153	0	
122.096	-92.0535	1103.74	0	
161.728	-77.7738	1220.12	0	
-193.993	-43.518	1268.03	0	
15.2296	-47.9657	496.612	0	
-2.66107	-58.4408	346.048	0	
-9.7003	-71.0667	670.234	0	
-2.01149	-84.2955	663.962	0	
-119.078	-74.1502	992.591	0	
-32.1741	-91.5468	836.471	0	
-46.1975	-98.0428	1002.39	0	
174.139	-96.1654	1191.22	0	
-93.5477	-95.5998	941.955	0	
177.439	-132.495	1160.38	0	
-14.5355	-96.8328	892.457	0	
214.807	-50.7788	1267.11	0	
227.722	-62.6715	1241.87	0	
-226.174	-52.2763	1272.38	0	
140.1	-95.1239	1188.19	0	
65.7718	-108.2	1020.47	0	
71.1759	-93.9508	961.01	0	
-196.369	-62.35	1268.9	0	
-111.16	-95.5437	1127.31	0	
-0.0955761	-124.944	1059.41	0	
140.341	-120.541	1184.75	0	
149.26	-111.77	1173.19	0	
224.915	-82.6931	1226.65	0	
-149.645	-83.0905	1156.55	0	
-181.387	-78.8859	1231.84	0	
-223.27	-87.3322	1209.79	0	
206.301	-97.3985	1194.44	0	
-122.3	-109.469	1138.19	0	
89.4554	-97.3917	1035.32	0	
115.761	-106.486	1143.07	0	
94.5914	-125.39	1118.4	0	
100.129	-108.99	1121.14	0	
-212.53	-108.31	1209.22	0	
-187.663	-104.4	1204.79	0	
-61.1884	-90.7965	805.557	0	
-17.3938	-112.921	974.091	0	
118.793	-131.494	1157.83	0	
78.5133	-128.04	1113.96	0	
145.868	-135.276	1176.02	0	
29.3462	-123.276	1015.79	0	
-50.7969	-127.592	1139.92	0	
124.844	-118.328	1161.51	0	
104.171	-136.052	1164.08	0	
164.24	-142.504	1180.65	0	
167.986	-116.495	1200.38	0	
100.66	-156.977	1119.55	0	
131.518	-141.125	1178.32	0	
68.4008	-148.446	1112.74	0	
208.027	-119.4	1167.92	0	
190.911	-84.7228	1242.71	0	
-79.309	-103.773	1107.73	0	
-75.0605	-123.67	1057.05	0	
-150.767	-144.01	1201.07	0	
-166.751	-116.842	1197.61	0	
-117.627	-141.298	1121.57	0	
196.992	-135.207	1164.73	0	
-237.04	-135.177	1141.28	0	
210.321	-157.735	1130.11	0	
231.512	-122.086	1146.02	0	
233.724	-149.676	1138.86	0	
-94.1678	-149.074	1135.62	0	
44.8253	-148.377	1065.3	0	
