# ============================================================
# Calculated and Observed Apparent Resistivity Data
# Paper: A Comparative Study of Pseudo-dipole Arrays and Standard Arrays
# Based on High-density DC Resistivity Method
# ============================================================
# Column 1: X_Coord (m)       - Horizontal coordinate
# Column 2: Z_Coord (m)       - Depth coordinate (negative downward)
# Column 3: App_Resistivity   - Apparent resistivity (Ohm-m)
#            Computed from forward DC resistivity modeling

-156.25	0	-1.25	193.283
-153.75	0	-1.25	214.013
-151.25	0	-1.25	204.204
-148.75	0	-1.25	206.334
-146.25	0	-1.25	215.266
-143.75	0	-1.25	191.878
-141.25	0	-1.25	220.985
-138.75	0	-1.25	192.968
-136.25	0	-1.25	190.587
-133.75	0	-1.25	209.728
-131.25	0	-1.25	197.724
-128.75	0	-1.25	199.854
-126.25	0	-1.25	197.925
-123.75	0	-1.25	205.91
-121.25	0	-1.25	206.887
-118.75	0	-1.25	204.76
-116.25	0	-1.25	198.192
-113.75	0	-1.25	211.385
-111.25	0	-1.25	194.741
-108.75	0	-1.25	209.588
-106.25	0	-1.25	204.893
-103.75	0	-1.25	197.068
-101.25	0	-1.25	217.76
-98.75	0	-1.25	195.147
-96.25	0	-1.25	213.52
-93.75	0	-1.25	193.584
-91.25	0	-1.25	217.378
-88.75	0	-1.25	191.303
-86.25	0	-1.25	199.588
-83.75	0	-1.25	210.363
-81.25	0	-1.25	185.68
-78.75	0	-1.25	204.555
-76.25	0	-1.25	198.753
-73.75	0	-1.25	198.991
-71.25	0	-1.25	202.591
-68.75	0	-1.25	195.941
-66.25	0	-1.25	203.187
-63.75	0	-1.25	189.031
-61.25	0	-1.25	199.888
-58.75	0	-1.25	184.731
-56.25	0	-1.25	187.383
-53.75	0	-1.25	184.14
-51.25	0	-1.25	187.256
-48.75	0	-1.25	176.024
-46.25	0	-1.25	195.988
-43.75	0	-1.25	175.499
-41.25	0	-1.25	201.428
-38.75	0	-1.25	180.882
-36.25	0	-1.25	200.021
-33.75	0	-1.25	206.972
-31.25	0	-1.25	196.908
-28.75	0	-1.25	208.958
-26.25	0	-1.25	216.706
-23.75	0	-1.25	218.49
-21.25	0	-1.25	213.362
-18.75	0	-1.25	213.586
-16.25	0	-1.25	229.345
-13.75	0	-1.25	203.937
-11.25	0	-1.25	220.751
-8.75	0	-1.25	209.588
-6.25	0	-1.25	198.588
-3.75	0	-1.25	220.865
-1.25	0	-1.25	185.016
1.25	0	-1.25	205.886
3.75	0	-1.25	191.709
6.25	0	-1.25	197.458
8.75	0	-1.25	182.634
11.25	0	-1.25	193.787
13.75	0	-1.25	184.734
16.25	0	-1.25	201.234
18.75	0	-1.25	180.435
21.25	0	-1.25	201.593
23.75	0	-1.25	209.675
26.25	0	-1.25	195.417
28.75	0	-1.25	201.776
31.25	0	-1.25	221.284
33.75	0	-1.25	202.305
36.25	0	-1.25	206.691
38.75	0	-1.25	209.866
41.25	0	-1.25	192.666
43.75	0	-1.25	213.919
46.25	0	-1.25	185.768
48.75	0	-1.25	199.835
51.25	0	-1.25	191.978
53.75	0	-1.25	188.098
56.25	0	-1.25	207.87
58.75	0	-1.25	187.901
61.25	0	-1.25	192.542
63.75	0	-1.25	211.807
66.25	0	-1.25	193.307
68.75	0	-1.25	203.487
71.25	0	-1.25	218.041
73.75	0	-1.25	205.144
76.25	0	-1.25	224.125
78.75	0	-1.25	210.656
81.25	0	-1.25	216.434
83.75	0	-1.25	218.705
86.25	0	-1.25	203.72
88.75	0	-1.25	223.514
91.25	0	-1.25	192.735
93.75	0	-1.25	209.359
96.25	0	-1.25	206.917
98.75	0	-1.25	190.908
101.25	0	-1.25	199.839
103.75	0	-1.25	193.539
106.25	0	-1.25	186.925
108.75	0	-1.25	197.252
111.25	0	-1.25	181.015
113.75	0	-1.25	199.398
116.25	0	-1.25	186.307
118.75	0	-1.25	202.977
121.25	0	-1.25	180.92
123.75	0	-1.25	203.474
126.25	0	-1.25	202.33
128.75	0	-1.25	180.565
131.25	0	-1.25	206.567
133.75	0	-1.25	200.225
136.25	0	-1.25	198.124
138.75	0	-1.25	210.971
141.25	0	-1.25	198.514
143.75	0	-1.25	204.544
146.25	0	-1.25	208.43
148.75	0	-1.25	184.85
151.25	0	-1.25	212.138
153.75	0	-1.25	175.074
-152.5	0	-2.5	219.059
-150	0	-2.5	218.709
-147.5	0	-2.5	224.757
-145	0	-2.5	221.95
-142.5	0	-2.5	224.339
-140	0	-2.5	224.957
-137.5	0	-2.5	208.678
-135	0	-2.5	217.508
-132.5	0	-2.5	229.64
-130	0	-2.5	212.912
-127.5	0	-2.5	208.95
-125	0	-2.5	222.982
-122.5	0	-2.5	220.44
-120	0	-2.5	219.185
-117.5	0	-2.5	221.507
-115	0	-2.5	216.896
-112.5	0	-2.5	215.65
-110	0	-2.5	216.425
-107.5	0	-2.5	218.154
-105	0	-2.5	223.798
-102.5	0	-2.5	225.231
-100	0	-2.5	220.007
-97.5	0	-2.5	212.158
-95	0	-2.5	214.85
-92.5	0	-2.5	221.338
-90	0	-2.5	224.073
-87.5	0	-2.5	217.902
-85	0	-2.5	218.612
-82.5	0	-2.5	218.726
-80	0	-2.5	218.014
-77.5	0	-2.5	218.481
-75	0	-2.5	220.336
-72.5	0	-2.5	219.403
-70	0	-2.5	217.352
-67.5	0	-2.5	214.987
-65	0	-2.5	214.036
-62.5	0	-2.5	219.849
-60	0	-2.5	218.381
-57.5	0	-2.5	212.41
-55	0	-2.5	215.49
-52.5	0	-2.5	217.788
-50	0	-2.5	215.137
-47.5	0	-2.5	214.84
-45	0	-2.5	217.382
-42.5	0	-2.5	216.798
-40	0	-2.5	212.073
-37.5	0	-2.5	217.608
-35	0	-2.5	221.483
-32.5	0	-2.5	217.734
-30	0	-2.5	215.048
-27.5	0	-2.5	221.473
-25	0	-2.5	217.461
-22.5	0	-2.5	213.778
-20	0	-2.5	210.969
-17.5	0	-2.5	218.591
-15	0	-2.5	219.275
-12.5	0	-2.5	211.781
-10	0	-2.5	202.334
-7.5	0	-2.5	207.922
-5	0	-2.5	208.825
-2.5	0	-2.5	197.58
0	0	-2.5	196.887
2.5	0	-2.5	203.756
5	0	-2.5	203.875
7.5	0	-2.5	195.138
10	0	-2.5	190.805
12.5	0	-2.5	199.114
15	0	-2.5	203.21
17.5	0	-2.5	192.332
20	0	-2.5	193.682
22.5	0	-2.5	199.737
25	0	-2.5	200.069
27.5	0	-2.5	196.032
30	0	-2.5	200.001
32.5	0	-2.5	201.53
35	0	-2.5	200.421
37.5	0	-2.5	194.955
40	0	-2.5	199.546
42.5	0	-2.5	200.875
45	0	-2.5	204.488
47.5	0	-2.5	196.935
50	0	-2.5	191.469
52.5	0	-2.5	194.87
55	0	-2.5	203.09
57.5	0	-2.5	198.102
60	0	-2.5	196.861
62.5	0	-2.5	202.127
65	0	-2.5	199.708
67.5	0	-2.5	192.98
70	0	-2.5	201.32
72.5	0	-2.5	213.639
75	0	-2.5	201.299
77.5	0	-2.5	194.998
80	0	-2.5	203.675
82.5	0	-2.5	205.018
85	0	-2.5	201.164
87.5	0	-2.5	204.067
90	0	-2.5	204.131
92.5	0	-2.5	200.097
95	0	-2.5	196.066
97.5	0	-2.5	198.851
100	0	-2.5	198.77
102.5	0	-2.5	196.515
105	0	-2.5	196.344
107.5	0	-2.5	198.47
110	0	-2.5	193.213
112.5	0	-2.5	193.44
115	0	-2.5	196.61
117.5	0	-2.5	192.187
120	0	-2.5	191.582
122.5	0	-2.5	201.368
125	0	-2.5	203.863
127.5	0	-2.5	195.198
130	0	-2.5	195.227
132.5	0	-2.5	198.428
135	0	-2.5	201.838
137.5	0	-2.5	205.523
140	0	-2.5	199.501
142.5	0	-2.5	194.562
145	0	-2.5	200.944
147.5	0	-2.5	203.345
150	0	-2.5	194.187
-148.75	0	-3.75	252.47
-146.25	0	-3.75	258.749
-143.75	0	-3.75	256.19
-141.25	0	-3.75	249.896
-138.75	0	-3.75	249.378
-136.25	0	-3.75	252.376
-133.75	0	-3.75	253.199
-131.25	0	-3.75	248.901
-128.75	0	-3.75	248.269
-126.25	0	-3.75	248.832
-123.75	0	-3.75	252.005
-121.25	0	-3.75	255.234
-118.75	0	-3.75	249.394
-116.25	0	-3.75	249.365
-113.75	0	-3.75	244.584
-111.25	0	-3.75	247.441
-108.75	0	-3.75	244.668
-106.25	0	-3.75	255.012
-103.75	0	-3.75	253.316
-101.25	0	-3.75	255.916
-98.75	0	-3.75	248.082
-96.25	0	-3.75	245.643
-93.75	0	-3.75	245.85
-91.25	0	-3.75	249.349
-88.75	0	-3.75	250.149
-86.25	0	-3.75	250.88
-83.75	0	-3.75	245.34
-81.25	0	-3.75	247.56
-78.75	0	-3.75	247.25
-76.25	0	-3.75	251.411
-73.75	0	-3.75	248.183
-71.25	0	-3.75	247.656
-68.75	0	-3.75	244.896
-66.25	0	-3.75	245.821
-63.75	0	-3.75	250.102
-61.25	0	-3.75	244.871
-58.75	0	-3.75	247.154
-56.25	0	-3.75	242.676
-53.75	0	-3.75	245.993
-51.25	0	-3.75	242.57
-48.75	0	-3.75	245.388
-46.25	0	-3.75	241.876
-43.75	0	-3.75	244.242
-41.25	0	-3.75	244.346
-38.75	0	-3.75	241.79
-36.25	0	-3.75	240.505
-33.75	0	-3.75	239.768
-31.25	0	-3.75	241.103
-28.75	0	-3.75	235.144
-26.25	0	-3.75	234.995
-23.75	0	-3.75	228.629
-21.25	0	-3.75	228.977
-18.75	0	-3.75	228.701
-16.25	0	-3.75	228.919
-13.75	0	-3.75	223.764
-11.25	0	-3.75	221.377
-8.75	0	-3.75	213.362
-6.25	0	-3.75	209.798
-3.75	0	-3.75	203.691
-1.25	0	-3.75	205.9
1.25	0	-3.75	203.334
3.75	0	-3.75	209.213
6.25	0	-3.75	203.037
8.75	0	-3.75	201.857
11.25	0	-3.75	197.407
13.75	0	-3.75	200.444
16.25	0	-3.75	198.169
18.75	0	-3.75	196.522
21.25	0	-3.75	192.106
23.75	0	-3.75	196.295
26.25	0	-3.75	196.61
28.75	0	-3.75	197.754
31.25	0	-3.75	194.244
33.75	0	-3.75	193.597
36.25	0	-3.75	194.186
38.75	0	-3.75	194.413
41.25	0	-3.75	197.503
43.75	0	-3.75	194.016
46.25	0	-3.75	192.843
48.75	0	-3.75	187.546
51.25	0	-3.75	187.169
53.75	0	-3.75	186.117
56.25	0	-3.75	191.419
58.75	0	-3.75	190.814
61.25	0	-3.75	191.785
63.75	0	-3.75	189.458
66.25	0	-3.75	188.441
68.75	0	-3.75	192.501
71.25	0	-3.75	198.85
73.75	0	-3.75	198.728
76.25	0	-3.75	197.604
78.75	0	-3.75	193.374
81.25	0	-3.75	193.931
83.75	0	-3.75	193.561
86.25	0	-3.75	198.703
88.75	0	-3.75	197.284
91.25	0	-3.75	197.982
93.75	0	-3.75	192.619
96.25	0	-3.75	193.319
98.75	0	-3.75	194.868
101.25	0	-3.75	199.758
103.75	0	-3.75	200.284
106.25	0	-3.75	198.683
108.75	0	-3.75	196.537
111.25	0	-3.75	196.766
113.75	0	-3.75	194.512
116.25	0	-3.75	198.806
118.75	0	-3.75	201.797
121.25	0	-3.75	200.752
123.75	0	-3.75	201.551
126.25	0	-3.75	198.111
128.75	0	-3.75	200.467
131.25	0	-3.75	198.707
133.75	0	-3.75	202.021
136.25	0	-3.75	198.96
138.75	0	-3.75	201.961
141.25	0	-3.75	198.336
143.75	0	-3.75	205.053
146.25	0	-3.75	195.807
-145	0	-5	291.327
-142.5	0	-5	287.841
-140	0	-5	278.615
-137.5	0	-5	285.867
-135	0	-5	287.045
-132.5	0	-5	284.005
-130	0	-5	292.999
-127.5	0	-5	285.243
-125	0	-5	281.994
-122.5	0	-5	287.962
-120	0	-5	280.808
-117.5	0	-5	285.037
-115	0	-5	284.594
-112.5	0	-5	282.593
-110	0	-5	284.436
-107.5	0	-5	282.918
-105	0	-5	283.478
-102.5	0	-5	284.524
-100	0	-5	284.234
-97.5	0	-5	282.486
-95	0	-5	281.871
-92.5	0	-5	279.378
-90	0	-5	279.265
-87.5	0	-5	279.201
-85	0	-5	277.105
-82.5	0	-5	280.319
-80	0	-5	278.205
-77.5	0	-5	278.798
-75	0	-5	279.002
-72.5	0	-5	276.786
-70	0	-5	278.163
-67.5	0	-5	276.171
-65	0	-5	276.857
-62.5	0	-5	276.999
-60	0	-5	273.841
-57.5	0	-5	273.193
-55	0	-5	268.215
-52.5	0	-5	268.02
-50	0	-5	267.149
-47.5	0	-5	265.801
-45	0	-5	270.169
-42.5	0	-5	264.39
-40	0	-5	264.449
-37.5	0	-5	262.278
-35	0	-5	255.922
-32.5	0	-5	256.953
-30	0	-5	252.555
-27.5	0	-5	250.867
-25	0	-5	250.764
-22.5	0	-5	245.714
-20	0	-5	244.94
-17.5	0	-5	242.673
-15	0	-5	242.882
-12.5	0	-5	234.963
-10	0	-5	229.433
-7.5	0	-5	224.174
-5	0	-5	214.916
-2.5	0	-5	213.949
0	0	-5	210.822
2.5	0	-5	210.741
5	0	-5	210.577
7.5	0	-5	202.869
10	0	-5	203.004
12.5	0	-5	199.109
15	0	-5	195.749
17.5	0	-5	195.505
20	0	-5	191.34
22.5	0	-5	193.187
25	0	-5	189.244
27.5	0	-5	189.487
30	0	-5	190.094
32.5	0	-5	189.585
35	0	-5	189.352
37.5	0	-5	189.156
40	0	-5	188.342
42.5	0	-5	186.853
45	0	-5	184.368
47.5	0	-5	179.316
50	0	-5	175.363
52.5	0	-5	175.516
55	0	-5	173.436
57.5	0	-5	175.783
60	0	-5	177.047
62.5	0	-5	178.082
65	0	-5	179.235
67.5	0	-5	182.896
70	0	-5	185.539
72.5	0	-5	187.11
75	0	-5	191.333
77.5	0	-5	188.085
80	0	-5	185.12
82.5	0	-5	187.383
85	0	-5	186.831
87.5	0	-5	188.671
90	0	-5	189.987
92.5	0	-5	188.07
95	0	-5	189.827
97.5	0	-5	189.906
100	0	-5	193.421
102.5	0	-5	195.543
105	0	-5	197.007
107.5	0	-5	195.919
110	0	-5	193.529
112.5	0	-5	197.824
115	0	-5	200.242
117.5	0	-5	201.167
120	0	-5	201.507
122.5	0	-5	200.46
125	0	-5	198.292
127.5	0	-5	200.011
130	0	-5	200.792
132.5	0	-5	196.985
135	0	-5	203.211
137.5	0	-5	195.912
140	0	-5	197.807
142.5	0	-5	201.917
-141.25	0	-6.25	312.448
-138.75	0	-6.25	315.209
-136.25	0	-6.25	321.566
-133.75	0	-6.25	318.295
-131.25	0	-6.25	321.543
-128.75	0	-6.25	327.359
-126.25	0	-6.25	318.922
-123.75	0	-6.25	314.541
-121.25	0	-6.25	317.668
-118.75	0	-6.25	318.344
-116.25	0	-6.25	316.202
-113.75	0	-6.25	322.455
-111.25	0	-6.25	319.183
-108.75	0	-6.25	319.147
-106.25	0	-6.25	315.975
-103.75	0	-6.25	315.944
-101.25	0	-6.25	312.259
-98.75	0	-6.25	314.964
-96.25	0	-6.25	312.186
-93.75	0	-6.25	313.617
-91.25	0	-6.25	309.587
-88.75	0	-6.25	310.283
-86.25	0	-6.25	306.817
-83.75	0	-6.25	308.012
-81.25	0	-6.25	307.807
-78.75	0	-6.25	308.609
-76.25	0	-6.25	306.691
-73.75	0	-6.25	307.344
-71.25	0	-6.25	306.583
-68.75	0	-6.25	304.396
-66.25	0	-6.25	305.405
-63.75	0	-6.25	303.747
-61.25	0	-6.25	300.706
-58.75	0	-6.25	297.442
-56.25	0	-6.25	297.141
-53.75	0	-6.25	289.631
-51.25	0	-6.25	288.784
-48.75	0	-6.25	289.505
-46.25	0	-6.25	287.025
-43.75	0	-6.25	281.431
-41.25	0	-6.25	282.115
-38.75	0	-6.25	277.904
-36.25	0	-6.25	270.627
-33.75	0	-6.25	269.85
-31.25	0	-6.25	268.408
-28.75	0	-6.25	265.526
-26.25	0	-6.25	264.45
-23.75	0	-6.25	266.474
-21.25	0	-6.25	261.065
-18.75	0	-6.25	261.348
-16.25	0	-6.25	256.848
-13.75	0	-6.25	251.65
-11.25	0	-6.25	245.102
-8.75	0	-6.25	241.279
-6.25	0	-6.25	231.58
-3.75	0	-6.25	227.719
-1.25	0	-6.25	222.922
1.25	0	-6.25	219.477
3.75	0	-6.25	212.075
6.25	0	-6.25	210.776
8.75	0	-6.25	205.687
11.25	0	-6.25	202.178
13.75	0	-6.25	195.496
16.25	0	-6.25	193.756
18.75	0	-6.25	190.182
21.25	0	-6.25	187.559
23.75	0	-6.25	183.642
26.25	0	-6.25	183.998
28.75	0	-6.25	183.091
31.25	0	-6.25	183.329
33.75	0	-6.25	184.693
36.25	0	-6.25	184.386
38.75	0	-6.25	183.377
41.25	0	-6.25	180.958
43.75	0	-6.25	177.22
46.25	0	-6.25	171.429
48.75	0	-6.25	169.056
51.25	0	-6.25	165.206
53.75	0	-6.25	163.134
56.25	0	-6.25	162.013
58.75	0	-6.25	166.659
61.25	0	-6.25	166.635
63.75	0	-6.25	167.761
66.25	0	-6.25	173.539
68.75	0	-6.25	178.22
71.25	0	-6.25	176.228
73.75	0	-6.25	178.693
76.25	0	-6.25	180.266
78.75	0	-6.25	179.714
81.25	0	-6.25	176.629
83.75	0	-6.25	179.84
86.25	0	-6.25	179.63
88.75	0	-6.25	178.076
91.25	0	-6.25	179.97
93.75	0	-6.25	184.231
96.25	0	-6.25	184.414
98.75	0	-6.25	186.254
101.25	0	-6.25	188.14
103.75	0	-6.25	190.793
106.25	0	-6.25	189.908
108.75	0	-6.25	193.539
111.25	0	-6.25	197.863
113.75	0	-6.25	196.338
116.25	0	-6.25	197.44
118.75	0	-6.25	199.643
121.25	0	-6.25	199.554
123.75	0	-6.25	197.501
126.25	0	-6.25	200.486
128.75	0	-6.25	198.079
131.25	0	-6.25	197.232
133.75	0	-6.25	197.855
136.25	0	-6.25	200.706
138.75	0	-6.25	193.365
-137.5	0	-7.5	349.578
-135	0	-7.5	347.566
-132.5	0	-7.5	351.413
-130	0	-7.5	352.242
-127.5	0	-7.5	353.235
-125	0	-7.5	350.118
-122.5	0	-7.5	346.796
-120	0	-7.5	353.054
-117.5	0	-7.5	349.237
-115	0	-7.5	350.73
-112.5	0	-7.5	348.951
-110	0	-7.5	352.111
-107.5	0	-7.5	351.148
-105	0	-7.5	345.449
-102.5	0	-7.5	345.403
-100	0	-7.5	341.284
-97.5	0	-7.5	341.242
-95	0	-7.5	338.179
-92.5	0	-7.5	338.892
-90	0	-7.5	339.149
-87.5	0	-7.5	336.35
-85	0	-7.5	336.834
-82.5	0	-7.5	333.905
-80	0	-7.5	335.575
-77.5	0	-7.5	334.477
-75	0	-7.5	333.63
-72.5	0	-7.5	334.284
-70	0	-7.5	331.178
-67.5	0	-7.5	332.147
-65	0	-7.5	327.56
-62.5	0	-7.5	324.387
-60	0	-7.5	323.768
-57.5	0	-7.5	318.457
-55	0	-7.5	315.661
-52.5	0	-7.5	310.913
-50	0	-7.5	306.918
-47.5	0	-7.5	304.639
-45	0	-7.5	297.44
-42.5	0	-7.5	293.675
-40	0	-7.5	288.39
-37.5	0	-7.5	284.79
-35	0	-7.5	283.488
-32.5	0	-7.5	278.968
-30	0	-7.5	280.682
-27.5	0	-7.5	279.145
-25	0	-7.5	279.268
-22.5	0	-7.5	280.223
-20	0	-7.5	275.279
-17.5	0	-7.5	273.788
-15	0	-7.5	266.773
-12.5	0	-7.5	261.395
-10	0	-7.5	255.758
-7.5	0	-7.5	247.977
-5	0	-7.5	242.783
-2.5	0	-7.5	235.022
0	0	-7.5	231.066
2.5	0	-7.5	224.165
5	0	-7.5	214.788
7.5	0	-7.5	212.294
10	0	-7.5	206.348
12.5	0	-7.5	200.667
15	0	-7.5	192.476
17.5	0	-7.5	187.19
20	0	-7.5	186.813
22.5	0	-7.5	180.163
25	0	-7.5	178.654
27.5	0	-7.5	178.053
30	0	-7.5	181.089
32.5	0	-7.5	180.469
35	0	-7.5	177.921
37.5	0	-7.5	181.036
40	0	-7.5	178.681
42.5	0	-7.5	174.302
45	0	-7.5	168.102
47.5	0	-7.5	164.729
50	0	-7.5	161.971
52.5	0	-7.5	156.607
55	0	-7.5	157.031
57.5	0	-7.5	158.777
60	0	-7.5	160.81
62.5	0	-7.5	160.87
65	0	-7.5	165.552
67.5	0	-7.5	170.18
70	0	-7.5	170.265
72.5	0	-7.5	170.741
75	0	-7.5	172.825
77.5	0	-7.5	173.002
80	0	-7.5	170.287
82.5	0	-7.5	169.823
85	0	-7.5	171.426
87.5	0	-7.5	170.94
90	0	-7.5	170.663
92.5	0	-7.5	173.334
95	0	-7.5	176.026
97.5	0	-7.5	178.43
100	0	-7.5	179.024
102.5	0	-7.5	183.058
105	0	-7.5	186.503
107.5	0	-7.5	188.705
110	0	-7.5	191.079
112.5	0	-7.5	192.491
115	0	-7.5	195.257
117.5	0	-7.5	194.126
120	0	-7.5	196.692
122.5	0	-7.5	197.26
125	0	-7.5	196.948
127.5	0	-7.5	198.568
130	0	-7.5	194.762
132.5	0	-7.5	199.94
135	0	-7.5	194.429
-133.75	0	-8.75	375.787
-131.25	0	-8.75	377.272
-128.75	0	-8.75	376.278
-126.25	0	-8.75	381.741
-123.75	0	-8.75	375.703
-121.25	0	-8.75	377.98
-118.75	0	-8.75	382.087
-116.25	0	-8.75	378.157
-113.75	0	-8.75	375.637
-111.25	0	-8.75	378.231
-108.75	0	-8.75	374.608
-106.25	0	-8.75	377.88
-103.75	0	-8.75	372.762
-101.25	0	-8.75	369.015
-98.75	0	-8.75	365.736
-96.25	0	-8.75	365.493
-93.75	0	-8.75	362.229
-91.25	0	-8.75	363.183
-88.75	0	-8.75	360.383
-86.25	0	-8.75	362.103
-83.75	0	-8.75	361.356
-81.25	0	-8.75	361.971
-78.75	0	-8.75	359.297
-76.25	0	-8.75	357.766
-73.75	0	-8.75	357.404
-71.25	0	-8.75	357.259
-68.75	0	-8.75	355.679
-66.25	0	-8.75	350.829
-63.75	0	-8.75	347.12
-61.25	0	-8.75	344.312
-58.75	0	-8.75	341.463
-56.25	0	-8.75	336.607
-53.75	0	-8.75	329.832
-51.25	0	-8.75	323.581
-48.75	0	-8.75	319.91
-46.25	0	-8.75	311.893
-43.75	0	-8.75	305.034
-41.25	0	-8.75	299.285
-38.75	0	-8.75	295.466
-36.25	0	-8.75	295.1
-33.75	0	-8.75	293.26
-31.25	0	-8.75	291.123
-28.75	0	-8.75	292.989
-26.25	0	-8.75	294.389
-23.75	0	-8.75	292.121
-21.25	0	-8.75	292.07
-18.75	0	-8.75	285.914
-16.25	0	-8.75	282.143
-13.75	0	-8.75	277.104
-11.25	0	-8.75	270.207
-8.75	0	-8.75	260.239
-6.25	0	-8.75	255.143
-3.75	0	-8.75	246.815
-1.25	0	-8.75	242.006
1.25	0	-8.75	233.605
3.75	0	-8.75	225.529
6.25	0	-8.75	218.364
8.75	0	-8.75	213.356
11.25	0	-8.75	203.825
13.75	0	-8.75	196.722
16.25	0	-8.75	188.337
18.75	0	-8.75	184.599
21.25	0	-8.75	181.557
23.75	0	-8.75	178.672
26.25	0	-8.75	177.295
28.75	0	-8.75	177.334
31.25	0	-8.75	178.148
33.75	0	-8.75	180.061
36.25	0	-8.75	178.012
38.75	0	-8.75	176.096
41.25	0	-8.75	174.456
43.75	0	-8.75	170.067
46.25	0	-8.75	165.698
48.75	0	-8.75	160.235
51.25	0	-8.75	157.894
53.75	0	-8.75	156.28
56.25	0	-8.75	156.146
58.75	0	-8.75	156.714
61.25	0	-8.75	159.205
63.75	0	-8.75	161.749
66.25	0	-8.75	165.051
68.75	0	-8.75	165.641
71.25	0	-8.75	168.467
73.75	0	-8.75	167.865
76.25	0	-8.75	167.403
78.75	0	-8.75	167.047
81.25	0	-8.75	165.275
83.75	0	-8.75	163.442
86.25	0	-8.75	164.084
88.75	0	-8.75	162.738
91.25	0	-8.75	164.116
93.75	0	-8.75	165.883
96.25	0	-8.75	167.524
98.75	0	-8.75	170.244
101.25	0	-8.75	174.522
103.75	0	-8.75	177.912
106.25	0	-8.75	181.455
108.75	0	-8.75	184.134
111.25	0	-8.75	186.643
113.75	0	-8.75	188.495
116.25	0	-8.75	190.593
118.75	0	-8.75	192.688
121.25	0	-8.75	192.088
123.75	0	-8.75	196.345
126.25	0	-8.75	195.204
128.75	0	-8.75	196.192
131.25	0	-8.75	195.449
-130	0	-10	397.833
-127.5	0	-10	400.145
-125	0	-10	403.054
-122.5	0	-10	402.609
-120	0	-10	398.449
-117.5	0	-10	405.984
-115	0	-10	400.376
-112.5	0	-10	398.922
-110	0	-10	398.632
-107.5	0	-10	397.865
-105	0	-10	395.428
-102.5	0	-10	392.147
-100	0	-10	391.223
-97.5	0	-10	385.921
-95	0	-10	387.114
-92.5	0	-10	384.859
-90	0	-10	382.246
-87.5	0	-10	382.693
-85	0	-10	383.252
-82.5	0	-10	384.856
-80	0	-10	382.781
-77.5	0	-10	381.741
-75	0	-10	380.004
-72.5	0	-10	376.797
-70	0	-10	376.767
-67.5	0	-10	372.962
-65	0	-10	368.111
-62.5	0	-10	363.294
-60	0	-10	360.427
-57.5	0	-10	352.534
-55	0	-10	345.305
-52.5	0	-10	340.145
-50	0	-10	331.052
-47.5	0	-10	322.876
-45	0	-10	317.984
-42.5	0	-10	311.689
-40	0	-10	305.756
-37.5	0	-10	307.121
-35	0	-10	305.504
-32.5	0	-10	304.16
-30	0	-10	305.359
-27.5	0	-10	306.823
-25	0	-10	304.628
-22.5	0	-10	303.749
-20	0	-10	302.214
-17.5	0	-10	294.505
-15	0	-10	289.263
-12.5	0	-10	282.76
-10	0	-10	272.998
-7.5	0	-10	264.306
-5	0	-10	257.534
-2.5	0	-10	249.786
0	0	-10	240.911
2.5	0	-10	233.104
5	0	-10	225.528
7.5	0	-10	217.416
10	0	-10	210.548
12.5	0	-10	201.204
15	0	-10	193.101
17.5	0	-10	187.907
20	0	-10	183.797
22.5	0	-10	182.854
25	0	-10	180.147
27.5	0	-10	179.691
30	0	-10	179.951
32.5	0	-10	179.772
35	0	-10	180.275
37.5	0	-10	178.472
40	0	-10	176.639
42.5	0	-10	171.662
45	0	-10	168.799
47.5	0	-10	165.283
50	0	-10	161.254
52.5	0	-10	158.778
55	0	-10	157.511
57.5	0	-10	157.924
60	0	-10	157.166
62.5	0	-10	160.95
65	0	-10	163.603
67.5	0	-10	165.463
70	0	-10	166.972
72.5	0	-10	166.857
75	0	-10	165.343
77.5	0	-10	164.49
80	0	-10	164.548
82.5	0	-10	162.22
85	0	-10	158.695
87.5	0	-10	156.705
90	0	-10	156.503
92.5	0	-10	156.521
95	0	-10	159.115
97.5	0	-10	162.023
100	0	-10	164.092
102.5	0	-10	165.705
105	0	-10	170.206
107.5	0	-10	175.915
110	0	-10	178.492
112.5	0	-10	182.233
115	0	-10	183.824
117.5	0	-10	185.236
120	0	-10	188.155
122.5	0	-10	192.259
125	0	-10	195.093
127.5	0	-10	191.365
-126.25	0	-11.25	417.065
-123.75	0	-11.25	423.797
-121.25	0	-11.25	419.725
-118.75	0	-11.25	418.531
-116.25	0	-11.25	418.758
-113.75	0	-11.25	418.072
-111.25	0	-11.25	415.979
-108.75	0	-11.25	416.011
-106.25	0	-11.25	413.047
-103.75	0	-11.25	412.618
-101.25	0	-11.25	406.861
-98.75	0	-11.25	406.996
-96.25	0	-11.25	405.416
-93.75	0	-11.25	404.321
-91.25	0	-11.25	402.972
-88.75	0	-11.25	404.397
-86.25	0	-11.25	401.993
-83.75	0	-11.25	402.614
-81.25	0	-11.25	401.524
-78.75	0	-11.25	401.603
-76.25	0	-11.25	400.591
-73.75	0	-11.25	396.897
-71.25	0	-11.25	394.965
-68.75	0	-11.25	391.405
-66.25	0	-11.25	385.331
-63.75	0	-11.25	381.787
-61.25	0	-11.25	373.227
-58.75	0	-11.25	366.031
-56.25	0	-11.25	358.619
-53.75	0	-11.25	350.19
-51.25	0	-11.25	343.269
-48.75	0	-11.25	333.18
-46.25	0	-11.25	327.844
-43.75	0	-11.25	323.215
-41.25	0	-11.25	318.621
-38.75	0	-11.25	318.985
-36.25	0	-11.25	317.74
-33.75	0	-11.25	318.47
-31.25	0	-11.25	317.828
-28.75	0	-11.25	317.181
-26.25	0	-11.25	317.513
-23.75	0	-11.25	315.326
-21.25	0	-11.25	313.635
-18.75	0	-11.25	309.393
-16.25	0	-11.25	299.888
-13.75	0	-11.25	293.084
-11.25	0	-11.25	282.496
-8.75	0	-11.25	275.038
-6.25	0	-11.25	264.529
-3.75	0	-11.25	257.142
-1.25	0	-11.25	246.873
1.25	0	-11.25	236.25
3.75	0	-11.25	228.811
6.25	0	-11.25	221.778
8.75	0	-11.25	213.422
11.25	0	-11.25	207.592
13.75	0	-11.25	199.687
16.25	0	-11.25	195.42
18.75	0	-11.25	189.683
21.25	0	-11.25	187.613
23.75	0	-11.25	187.55
26.25	0	-11.25	186.497
28.75	0	-11.25	185.404
31.25	0	-11.25	184.379
33.75	0	-11.25	184.08
36.25	0	-11.25	183.608
38.75	0	-11.25	180.201
41.25	0	-11.25	177.471
43.75	0	-11.25	174.49
46.25	0	-11.25	170.087
48.75	0	-11.25	166.417
51.25	0	-11.25	163.943
53.75	0	-11.25	162.796
56.25	0	-11.25	159.968
58.75	0	-11.25	159.012
61.25	0	-11.25	161.324
63.75	0	-11.25	165.177
66.25	0	-11.25	165.362
68.75	0	-11.25	167.587
71.25	0	-11.25	168.294
73.75	0	-11.25	166.911
76.25	0	-11.25	164.868
78.75	0	-11.25	164.584
81.25	0	-11.25	163.758
83.75	0	-11.25	158.932
86.25	0	-11.25	154.055
88.75	0	-11.25	153.143
91.25	0	-11.25	151.276
93.75	0	-11.25	152.178
96.25	0	-11.25	153.857
98.75	0	-11.25	154.864
101.25	0	-11.25	155.454
103.75	0	-11.25	157.786
106.25	0	-11.25	163.378
108.75	0	-11.25	169.13
111.25	0	-11.25	172.487
113.75	0	-11.25	174.989
116.25	0	-11.25	178.864
118.75	0	-11.25	180.895
121.25	0	-11.25	187.464
123.75	0	-11.25	189.238
-122.5	0	-12.5	436.603
-120	0	-12.5	433.546
-117.5	0	-12.5	428.039
-115	0	-12.5	432.118
-112.5	0	-12.5	425.746
-110	0	-12.5	427.464
-107.5	0	-12.5	429.273
-105	0	-12.5	426.937
-102.5	0	-12.5	425.275
-100	0	-12.5	421.099
-97.5	0	-12.5	418.43
-95	0	-12.5	419.703
-92.5	0	-12.5	421.647
-90	0	-12.5	419.871
-87.5	0	-12.5	421.804
-85	0	-12.5	420.7
-82.5	0	-12.5	418.239
-80	0	-12.5	416.184
-77.5	0	-12.5	415.001
-75	0	-12.5	414.1
-72.5	0	-12.5	412.251
-70	0	-12.5	406.659
-67.5	0	-12.5	401.571
-65	0	-12.5	392.904
-62.5	0	-12.5	385.353
-60	0	-12.5	375.913
-57.5	0	-12.5	367.707
-55	0	-12.5	359.473
-52.5	0	-12.5	352.154
-50	0	-12.5	344.232
-47.5	0	-12.5	336.932
-45	0	-12.5	333.736
-42.5	0	-12.5	329.949
-40	0	-12.5	331.202
-37.5	0	-12.5	330.485
-35	0	-12.5	331.039
-32.5	0	-12.5	331.247
-30	0	-12.5	330.338
-27.5	0	-12.5	327.59
-25	0	-12.5	327.776
-22.5	0	-12.5	324.754
-20	0	-12.5	318.882
-17.5	0	-12.5	312.623
-15	0	-12.5	302.406
-12.5	0	-12.5	292.657
-10	0	-12.5	282.738
-7.5	0	-12.5	271.843
-5	0	-12.5	261.867
-2.5	0	-12.5	251.826
0	0	-12.5	239.267
2.5	0	-12.5	230.029
5	0	-12.5	223.283
7.5	0	-12.5	216.415
10	0	-12.5	210.876
12.5	0	-12.5	206.5
15	0	-12.5	203.072
17.5	0	-12.5	199.225
20	0	-12.5	195.791
22.5	0	-12.5	195.325
25	0	-12.5	196.074
27.5	0	-12.5	194.939
30	0	-12.5	192.757
32.5	0	-12.5	192.011
35	0	-12.5	190.124
37.5	0	-12.5	187.763
40	0	-12.5	183.657
42.5	0	-12.5	181.39
45	0	-12.5	177.765
47.5	0	-12.5	173.504
50	0	-12.5	169.67
52.5	0	-12.5	167.3
55	0	-12.5	165.489
57.5	0	-12.5	163.169
60	0	-12.5	164.509
62.5	0	-12.5	166.075
65	0	-12.5	167.82
67.5	0	-12.5	168.758
70	0	-12.5	169.866
72.5	0	-12.5	169.686
75	0	-12.5	168.793
77.5	0	-12.5	167.101
80	0	-12.5	164.87
82.5	0	-12.5	161.99
85	0	-12.5	156.878
87.5	0	-12.5	153.383
90	0	-12.5	151.684
92.5	0	-12.5	149.484
95	0	-12.5	147.061
97.5	0	-12.5	147.143
100	0	-12.5	147.938
102.5	0	-12.5	148.878
105	0	-12.5	152.453
107.5	0	-12.5	156.086
110	0	-12.5	160.872
112.5	0	-12.5	165.178
115	0	-12.5	168.73
117.5	0	-12.5	174.694
120	0	-12.5	179.032
-118.75	0	-13.75	438.733
-116.25	0	-13.75	435.375
-113.75	0	-13.75	436.141
-111.25	0	-13.75	434.827
-108.75	0	-13.75	433.904
-106.25	0	-13.75	437.75
-103.75	0	-13.75	438.122
-101.25	0	-13.75	435.737
-98.75	0	-13.75	432.282
-96.25	0	-13.75	432.634
-93.75	0	-13.75	429.445
-91.25	0	-13.75	434.763
-88.75	0	-13.75	435.952
-86.25	0	-13.75	436.02
-83.75	0	-13.75	434.083
-81.25	0	-13.75	430.8
-78.75	0	-13.75	428.701
-76.25	0	-13.75	425.147
-73.75	0	-13.75	423.537
-71.25	0	-13.75	419.673
-68.75	0	-13.75	410.836
-66.25	0	-13.75	404.845
-63.75	0	-13.75	394.222
-61.25	0	-13.75	383.993
-58.75	0	-13.75	373.055
-56.25	0	-13.75	367.171
-53.75	0	-13.75	360.918
-51.25	0	-13.75	351.943
-48.75	0	-13.75	348.23
-46.25	0	-13.75	342.502
-43.75	0	-13.75	340.3
-41.25	0	-13.75	343.487
-38.75	0	-13.75	341.322
-36.25	0	-13.75	342.301
-33.75	0	-13.75	343.332
-31.25	0	-13.75	343.946
-28.75	0	-13.75	341.199
-26.25	0	-13.75	337.61
-23.75	0	-13.75	335.38
-21.25	0	-13.75	328.124
-18.75	0	-13.75	321.952
-16.25	0	-13.75	314.538
-13.75	0	-13.75	300.199
-11.25	0	-13.75	291.299
-8.75	0	-13.75	278.995
-6.25	0	-13.75	267.245
-3.75	0	-13.75	253.677
-1.25	0	-13.75	242.454
1.25	0	-13.75	233.262
3.75	0	-13.75	224.568
6.25	0	-13.75	219.185
8.75	0	-13.75	214.191
11.25	0	-13.75	210.167
13.75	0	-13.75	210.314
16.25	0	-13.75	206.942
18.75	0	-13.75	206.696
21.25	0	-13.75	205.201
23.75	0	-13.75	205.55
26.25	0	-13.75	206.192
28.75	0	-13.75	204.636
31.25	0	-13.75	202.698
33.75	0	-13.75	199.467
36.25	0	-13.75	196.897
38.75	0	-13.75	193.563
41.25	0	-13.75	188.889
43.75	0	-13.75	185.625
46.25	0	-13.75	181.475
48.75	0	-13.75	177.859
51.25	0	-13.75	173.899
53.75	0	-13.75	170.233
56.25	0	-13.75	169.004
58.75	0	-13.75	168.667
61.25	0	-13.75	169.782
63.75	0	-13.75	169.517
66.25	0	-13.75	171.555
68.75	0	-13.75	172.301
71.25	0	-13.75	172.421
73.75	0	-13.75	172.238
76.25	0	-13.75	170.972
78.75	0	-13.75	168.807
81.25	0	-13.75	165.363
83.75	0	-13.75	161.944
86.25	0	-13.75	158.638
88.75	0	-13.75	154.151
91.25	0	-13.75	150.413
93.75	0	-13.75	146.244
96.25	0	-13.75	144.271
98.75	0	-13.75	142.421
101.25	0	-13.75	142.984
103.75	0	-13.75	144.736
106.25	0	-13.75	145.839
108.75	0	-13.75	150.378
111.25	0	-13.75	153.414
113.75	0	-13.75	159.381
116.25	0	-13.75	163.489
-115	0	-15	437.059
-112.5	0	-15	441.478
-110	0	-15	438.371
-107.5	0	-15	440.665
-105	0	-15	441.687
-102.5	0	-15	444.79
-100	0	-15	446.752
-97.5	0	-15	443.04
-95	0	-15	441.534
-92.5	0	-15	442.075
-90	0	-15	443.991
-87.5	0	-15	446.135
-85	0	-15	446.571
-82.5	0	-15	442.436
-80	0	-15	441.375
-77.5	0	-15	436.088
-75	0	-15	432.688
-72.5	0	-15	424.596
-70	0	-15	417.334
-67.5	0	-15	410.101
-65	0	-15	402.13
-62.5	0	-15	390.367
-60	0	-15	380.597
-57.5	0	-15	372.4
-55	0	-15	366.538
-52.5	0	-15	360.738
-50	0	-15	356.153
-47.5	0	-15	353.294
-45	0	-15	349.952
-42.5	0	-15	352.316
-40	0	-15	352.49
-37.5	0	-15	353.009
-35	0	-15	353.257
-32.5	0	-15	355.738
-30	0	-15	353.174
-27.5	0	-15	349.806
-25	0	-15	344.093
-22.5	0	-15	338.643
-20	0	-15	330.979
-17.5	0	-15	322.056
-15	0	-15	311.847
-12.5	0	-15	298.182
-10	0	-15	285.676
-7.5	0	-15	273.257
-5	0	-15	259.023
-2.5	0	-15	245.419
0	0	-15	236.504
2.5	0	-15	228.936
5	0	-15	222.74
7.5	0	-15	218.561
10	0	-15	215.098
12.5	0	-15	213.998
15	0	-15	214.773
17.5	0	-15	214.795
20	0	-15	215.582
22.5	0	-15	215.854
25	0	-15	217.231
27.5	0	-15	216.955
30	0	-15	214.779
32.5	0	-15	211.69
35	0	-15	208.141
37.5	0	-15	203.177
40	0	-15	199.929
42.5	0	-15	194.589
45	0	-15	190.039
47.5	0	-15	185.857
50	0	-15	181.994
52.5	0	-15	178.543
55	0	-15	174.528
57.5	0	-15	173.567
60	0	-15	173.527
62.5	0	-15	173.421
65	0	-15	174.376
67.5	0	-15	175.633
70	0	-15	175.222
72.5	0	-15	175.223
75	0	-15	174.738
77.5	0	-15	173.354
80	0	-15	170.379
82.5	0	-15	167.512
85	0	-15	164.993
87.5	0	-15	159.198
90	0	-15	153.911
92.5	0	-15	150.49
95	0	-15	145.647
97.5	0	-15	142.35
100	0	-15	140.736
102.5	0	-15	140.076
105	0	-15	140.708
107.5	0	-15	141.844
110	0	-15	145.931
112.5	0	-15	149.044
-111.25	0	-16.25	443.031
-108.75	0	-16.25	441.161
-106.25	0	-16.25	443.257
-103.75	0	-16.25	448.026
-101.25	0	-16.25	448.836
-98.75	0	-16.25	453.04
-96.25	0	-16.25	451.354
-93.75	0	-16.25	451.357
-91.25	0	-16.25	450.116
-88.75	0	-16.25	452.165
-86.25	0	-16.25	450.189
-83.75	0	-16.25	451.282
-81.25	0	-16.25	449.489
-78.75	0	-16.25	443.481
-76.25	0	-16.25	438.553
-73.75	0	-16.25	430.358
-71.25	0	-16.25	420.933
-68.75	0	-16.25	412.491
-66.25	0	-16.25	402.824
-63.75	0	-16.25	396.115
-61.25	0	-16.25	386.733
-58.75	0	-16.25	379.541
-56.25	0	-16.25	372.471
-53.75	0	-16.25	366.983
-51.25	0	-16.25	363.666
-48.75	0	-16.25	361.515
-46.25	0	-16.25	359.839
-43.75	0	-16.25	360.696
-41.25	0	-16.25	361.037
-38.75	0	-16.25	362.764
-36.25	0	-16.25	364.052
-33.75	0	-16.25	364.477
-31.25	0	-16.25	362.108
-28.75	0	-16.25	359.767
-26.25	0	-16.25	354.824
-23.75	0	-16.25	347.556
-21.25	0	-16.25	340.209
-18.75	0	-16.25	330.641
-16.25	0	-16.25	319.107
-13.75	0	-16.25	307.964
-11.25	0	-16.25	292.614
-8.75	0	-16.25	279.925
-6.25	0	-16.25	266.105
-3.75	0	-16.25	252.641
-1.25	0	-16.25	242.048
1.25	0	-16.25	234.829
3.75	0	-16.25	228.652
6.25	0	-16.25	223.666
8.75	0	-16.25	221.194
11.25	0	-16.25	220.613
13.75	0	-16.25	219.974
16.25	0	-16.25	222.179
18.75	0	-16.25	223.39
21.25	0	-16.25	226.51
23.75	0	-16.25	226.733
26.25	0	-16.25	227.09
28.75	0	-16.25	227.564
31.25	0	-16.25	224.385
33.75	0	-16.25	219.839
36.25	0	-16.25	214.92
38.75	0	-16.25	210.611
41.25	0	-16.25	205.522
43.75	0	-16.25	199.512
46.25	0	-16.25	195.455
48.75	0	-16.25	191.168
51.25	0	-16.25	186.606
53.75	0	-16.25	182.045
56.25	0	-16.25	179.885
58.75	0	-16.25	178.958
61.25	0	-16.25	177.067
63.75	0	-16.25	178.066
66.25	0	-16.25	178.629
68.75	0	-16.25	178.747
71.25	0	-16.25	178.144
73.75	0	-16.25	178.188
76.25	0	-16.25	178.101
78.75	0	-16.25	175.954
81.25	0	-16.25	172.797
83.75	0	-16.25	169.618
86.25	0	-16.25	166.033
88.75	0	-16.25	161.372
91.25	0	-16.25	155.339
93.75	0	-16.25	151.547
96.25	0	-16.25	146.412
98.75	0	-16.25	142.1
101.25	0	-16.25	141.161
103.75	0	-16.25	139.349
106.25	0	-16.25	139.986
108.75	0	-16.25	139.087
-107.5	0	-17.5	443.152
-105	0	-17.5	445.754
-102.5	0	-17.5	450.134
-100	0	-17.5	454.342
-97.5	0	-17.5	455.046
-95	0	-17.5	456.344
-92.5	0	-17.5	457.167
-90	0	-17.5	455.706
-87.5	0	-17.5	455.263
-85	0	-17.5	452.33
-82.5	0	-17.5	450.76
-80	0	-17.5	445.171
-77.5	0	-17.5	441.881
-75	0	-17.5	431.586
-72.5	0	-17.5	423.953
-70	0	-17.5	414.451
-67.5	0	-17.5	405.755
-65	0	-17.5	396.534
-62.5	0	-17.5	390.05
-60	0	-17.5	384.674
-57.5	0	-17.5	379.828
-55	0	-17.5	373.266
-52.5	0	-17.5	370.794
-50	0	-17.5	368.494
-47.5	0	-17.5	366.211
-45	0	-17.5	369.596
-42.5	0	-17.5	368.6
-40	0	-17.5	371.317
-37.5	0	-17.5	372.421
-35	0	-17.5	372.346
-32.5	0	-17.5	369.363
-30	0	-17.5	367.742
-27.5	0	-17.5	363.327
-25	0	-17.5	356.198
-22.5	0	-17.5	347.466
-20	0	-17.5	339.682
-17.5	0	-17.5	326.659
-15	0	-17.5	315.337
-12.5	0	-17.5	302.686
-10	0	-17.5	288.013
-7.5	0	-17.5	275.601
-5	0	-17.5	262.335
-2.5	0	-17.5	251.693
0	0	-17.5	243.275
2.5	0	-17.5	237.224
5	0	-17.5	231.694
7.5	0	-17.5	227.964
10	0	-17.5	227.817
12.5	0	-17.5	227.758
15	0	-17.5	228.332
17.5	0	-17.5	232.009
20	0	-17.5	233.529
22.5	0	-17.5	235.812
25	0	-17.5	236.245
27.5	0	-17.5	236.524
30	0	-17.5	235.447
32.5	0	-17.5	232.155
35	0	-17.5	226.735
37.5	0	-17.5	221.501
40	0	-17.5	216.01
42.5	0	-17.5	211.212
45	0	-17.5	205.423
47.5	0	-17.5	201.02
50	0	-17.5	196.039
52.5	0	-17.5	190.694
55	0	-17.5	187.337
57.5	0	-17.5	184.917
60	0	-17.5	183.318
62.5	0	-17.5	182.295
65	0	-17.5	181.606
67.5	0	-17.5	181.377
70	0	-17.5	181.978
72.5	0	-17.5	182.028
75	0	-17.5	182.225
77.5	0	-17.5	180.669
80	0	-17.5	177.636
82.5	0	-17.5	174.716
85	0	-17.5	172.029
87.5	0	-17.5	168.44
90	0	-17.5	163.793
92.5	0	-17.5	158.252
95	0	-17.5	152.877
97.5	0	-17.5	148.477
100	0	-17.5	145.147
102.5	0	-17.5	143.519
105	0	-17.5	140.805
-103.75	0	-18.75	446.765
-101.25	0	-18.75	452.286
-98.75	0	-18.75	453.996
-96.25	0	-18.75	457.66
-93.75	0	-18.75	456.052
-91.25	0	-18.75	458.161
-88.75	0	-18.75	455.892
-86.25	0	-18.75	453.673
-83.75	0	-18.75	448.137
-81.25	0	-18.75	443.517
-78.75	0	-18.75	436.871
-76.25	0	-18.75	430.837
-73.75	0	-18.75	423.064
-71.25	0	-18.75	414.716
-68.75	0	-18.75	408.399
-66.25	0	-18.75	399.802
-63.75	0	-18.75	392.125
-61.25	0	-18.75	388.142
-58.75	0	-18.75	383.208
-56.25	0	-18.75	379.835
-53.75	0	-18.75	376.262
-51.25	0	-18.75	375.119
-48.75	0	-18.75	373.038
-46.25	0	-18.75	375.411
-43.75	0	-18.75	376.759
-41.25	0	-18.75	377.124
-38.75	0	-18.75	378.584
-36.25	0	-18.75	379.065
-33.75	0	-18.75	376.177
-31.25	0	-18.75	373.553
-28.75	0	-18.75	369.587
-26.25	0	-18.75	363.424
-23.75	0	-18.75	354.515
-21.25	0	-18.75	345.1
-18.75	0	-18.75	334.667
-16.25	0	-18.75	323.521
-13.75	0	-18.75	311.803
-11.25	0	-18.75	300.723
-8.75	0	-18.75	286.427
-6.25	0	-18.75	274.362
-3.75	0	-18.75	264.929
-1.25	0	-18.75	255.401
1.25	0	-18.75	247.532
3.75	0	-18.75	242.966
6.25	0	-18.75	238.14
8.75	0	-18.75	236.056
11.25	0	-18.75	235.721
13.75	0	-18.75	237.083
16.25	0	-18.75	238.846
18.75	0	-18.75	241.782
21.25	0	-18.75	243.357
23.75	0	-18.75	244.157
26.25	0	-18.75	243.63
28.75	0	-18.75	243.4
31.25	0	-18.75	241.664
33.75	0	-18.75	237.219
36.25	0	-18.75	232.443
38.75	0	-18.75	226.856
41.25	0	-18.75	221.407
43.75	0	-18.75	216.711
46.25	0	-18.75	211.082
48.75	0	-18.75	205.899
51.25	0	-18.75	200.466
53.75	0	-18.75	196.462
56.25	0	-18.75	192.865
58.75	0	-18.75	189.378
61.25	0	-18.75	187.709
63.75	0	-18.75	186.281
66.25	0	-18.75	185.153
68.75	0	-18.75	184.806
71.25	0	-18.75	185.954
73.75	0	-18.75	185.868
76.25	0	-18.75	184.17
78.75	0	-18.75	182.069
81.25	0	-18.75	180.546
83.75	0	-18.75	177.509
86.25	0	-18.75	174.811
88.75	0	-18.75	171.573
91.25	0	-18.75	166.297
93.75	0	-18.75	161.264
96.25	0	-18.75	156.72
98.75	0	-18.75	153.517
101.25	0	-18.75	148.776
-100	0	-20	449.314
-97.5	0	-20	453.294
-95	0	-20	455.075
-92.5	0	-20	454.05
-90	0	-20	451.204
-87.5	0	-20	447.242
-85	0	-20	446.17
-82.5	0	-20	438.112
-80	0	-20	433.809
-77.5	0	-20	424.858
-75	0	-20	417.749
-72.5	0	-20	413.121
-70	0	-20	408.373
-67.5	0	-20	400.732
-65	0	-20	396.467
-62.5	0	-20	391.021
-60	0	-20	388.251
-57.5	0	-20	382.463
-55	0	-20	380.424
-52.5	0	-20	378.845
-50	0	-20	378.885
-47.5	0	-20	382.693
-45	0	-20	381.497
-42.5	0	-20	383.245
-40	0	-20	382.217
-37.5	0	-20	383.753
-35	0	-20	381.871
-32.5	0	-20	378.555
-30	0	-20	373.983
-27.5	0	-20	368.12
-25	0	-20	360.259
-22.5	0	-20	351.493
-20	0	-20	339.606
-17.5	0	-20	332.406
-15	0	-20	321.563
-12.5	0	-20	312.625
-10	0	-20	301.912
-7.5	0	-20	288.683
-5	0	-20	279.427
-2.5	0	-20	270.342
0	0	-20	262.857
2.5	0	-20	255.229
5	0	-20	250.53
7.5	0	-20	247.869
10	0	-20	245.835
12.5	0	-20	245.926
15	0	-20	247.178
17.5	0	-20	248.939
20	0	-20	251.741
22.5	0	-20	250.865
25	0	-20	251.381
27.5	0	-20	249.2
30	0	-20	247.568
32.5	0	-20	245.368
35	0	-20	241.441
37.5	0	-20	236.505
40	0	-20	231.337
42.5	0	-20	226.281
45	0	-20	221.611
47.5	0	-20	215.712
50	0	-20	210.714
52.5	0	-20	206.241
55	0	-20	202.24
57.5	0	-20	197.377
60	0	-20	194.026
62.5	0	-20	191.953
65	0	-20	189.855
67.5	0	-20	189.429
70	0	-20	189.051
72.5	0	-20	188.565
75	0	-20	187.193
77.5	0	-20	186.489
80	0	-20	185.265
82.5	0	-20	183.473
85	0	-20	180.85
87.5	0	-20	177.736
90	0	-20	174.97
92.5	0	-20	170.103
95	0	-20	166.186
97.5	0	-20	162.261
-96.25	0	-21.25	447.302
-93.75	0	-21.25	448.564
-91.25	0	-21.25	442.412
-88.75	0	-21.25	439.477
-86.25	0	-21.25	433.676
-83.75	0	-21.25	431.42
-81.25	0	-21.25	426.964
-78.75	0	-21.25	420.913
-76.25	0	-21.25	413.784
-73.75	0	-21.25	408.544
-71.25	0	-21.25	403.231
-68.75	0	-21.25	400.479
-66.25	0	-21.25	397.552
-63.75	0	-21.25	393.609
-61.25	0	-21.25	391.107
-58.75	0	-21.25	387.55
-56.25	0	-21.25	383.674
-53.75	0	-21.25	382.242
-51.25	0	-21.25	381.494
-48.75	0	-21.25	385.839
-46.25	0	-21.25	386.504
-43.75	0	-21.25	387.024
-41.25	0	-21.25	387.449
-38.75	0	-21.25	386.774
-36.25	0	-21.25	384.244
-33.75	0	-21.25	382.395
-31.25	0	-21.25	377.754
-28.75	0	-21.25	371.057
-26.25	0	-21.25	364.251
-23.75	0	-21.25	356.608
-21.25	0	-21.25	347.353
-18.75	0	-21.25	339.316
-16.25	0	-21.25	331.933
-13.75	0	-21.25	324.343
-11.25	0	-21.25	316.027
-8.75	0	-21.25	306.682
-6.25	0	-21.25	295.711
-3.75	0	-21.25	287.776
-1.25	0	-21.25	279.592
1.25	0	-21.25	271.516
3.75	0	-21.25	264.95
6.25	0	-21.25	261.731
8.75	0	-21.25	258.132
11.25	0	-21.25	256.575
13.75	0	-21.25	257.059
16.25	0	-21.25	257.674
18.75	0	-21.25	258.069
21.25	0	-21.25	258.957
23.75	0	-21.25	257.984
26.25	0	-21.25	255.985
28.75	0	-21.25	253.045
31.25	0	-21.25	250.138
33.75	0	-21.25	248.006
36.25	0	-21.25	244.145
38.75	0	-21.25	239.207
41.25	0	-21.25	234.651
43.75	0	-21.25	230.34
46.25	0	-21.25	225.882
48.75	0	-21.25	219.988
51.25	0	-21.25	216.206
53.75	0	-21.25	211.899
56.25	0	-21.25	206.64
58.75	0	-21.25	202.479
61.25	0	-21.25	198.906
63.75	0	-21.25	196.153
66.25	0	-21.25	193.991
68.75	0	-21.25	192.46
71.25	0	-21.25	191.718
73.75	0	-21.25	191.114
76.25	0	-21.25	189.358
78.75	0	-21.25	189.47
81.25	0	-21.25	188.591
83.75	0	-21.25	186.547
86.25	0	-21.25	184.516
88.75	0	-21.25	181.782
91.25	0	-21.25	179.797
93.75	0	-21.25	175.006
-92.5	0	-22.5	433.437
-90	0	-22.5	427.36
-87.5	0	-22.5	423.576
-85	0	-22.5	417.872
-82.5	0	-22.5	416.096
-80	0	-22.5	412.639
-77.5	0	-22.5	410.04
-75	0	-22.5	404.533
-72.5	0	-22.5	400.998
-70	0	-22.5	396.527
-67.5	0	-22.5	393.837
-65	0	-22.5	393.374
-62.5	0	-22.5	393.088
-60	0	-22.5	387.864
-57.5	0	-22.5	388.642
-55	0	-22.5	386.572
-52.5	0	-22.5	384.646
-50	0	-22.5	386.305
-47.5	0	-22.5	387.147
-45	0	-22.5	389.765
-42.5	0	-22.5	390.259
-40	0	-22.5	390.681
-37.5	0	-22.5	386.114
-35	0	-22.5	383.986
-32.5	0	-22.5	379.535
-30	0	-22.5	373.778
-27.5	0	-22.5	367.014
-25	0	-22.5	361.839
-22.5	0	-22.5	354.292
-20	0	-22.5	348.382
-17.5	0	-22.5	341.162
-15	0	-22.5	337.118
-12.5	0	-22.5	329.062
-10	0	-22.5	322.017
-7.5	0	-22.5	315.305
-5	0	-22.5	305.838
-2.5	0	-22.5	298.162
0	0	-22.5	290.096
2.5	0	-22.5	282.563
5	0	-22.5	276.45
7.5	0	-22.5	272.904
10	0	-22.5	269.613
12.5	0	-22.5	267.785
15	0	-22.5	267.551
17.5	0	-22.5	267.293
20	0	-22.5	265.523
22.5	0	-22.5	265.095
25	0	-22.5	262.107
27.5	0	-22.5	259.773
30	0	-22.5	255.213
32.5	0	-22.5	252.447
35	0	-22.5	249.212
37.5	0	-22.5	245.132
40	0	-22.5	241.34
42.5	0	-22.5	237.286
45	0	-22.5	233.253
47.5	0	-22.5	229.393
50	0	-22.5	224.8
52.5	0	-22.5	221.149
55	0	-22.5	216.296
57.5	0	-22.5	212.182
60	0	-22.5	207.585
62.5	0	-22.5	203.18
65	0	-22.5	199.741
67.5	0	-22.5	196.943
70	0	-22.5	195.907
72.5	0	-22.5	194.026
75	0	-22.5	193.662
77.5	0	-22.5	193.077
80	0	-22.5	192.165
82.5	0	-22.5	192.016
85	0	-22.5	190.656
87.5	0	-22.5	189.494
90	0	-22.5	186.538
-88.75	0	-23.75	409.919
-86.25	0	-23.75	406.361
-83.75	0	-23.75	403.415
-81.25	0	-23.75	402.235
-78.75	0	-23.75	398.582
-76.25	0	-23.75	399.627
-73.75	0	-23.75	397.519
-71.25	0	-23.75	394.19
-68.75	0	-23.75	391.168
-66.25	0	-23.75	390.099
-63.75	0	-23.75	388.561
-61.25	0	-23.75	388.599
-58.75	0	-23.75	389.463
-56.25	0	-23.75	388.131
-53.75	0	-23.75	387.558
-51.25	0	-23.75	389.019
-48.75	0	-23.75	387.777
-46.25	0	-23.75	389.628
-43.75	0	-23.75	390.256
-41.25	0	-23.75	390.91
-38.75	0	-23.75	388.835
-36.25	0	-23.75	384.89
-33.75	0	-23.75	380.662
-31.25	0	-23.75	375.822
-28.75	0	-23.75	370.471
-26.25	0	-23.75	366.002
-23.75	0	-23.75	361.22
-21.25	0	-23.75	357.368
-18.75	0	-23.75	352.401
-16.25	0	-23.75	347.473
-13.75	0	-23.75	343.246
-11.25	0	-23.75	337.045
-8.75	0	-23.75	331.213
-6.25	0	-23.75	325.712
-3.75	0	-23.75	316.901
-1.25	0	-23.75	309.93
1.25	0	-23.75	301.55
3.75	0	-23.75	294.681
6.25	0	-23.75	288.236
8.75	0	-23.75	284.248
11.25	0	-23.75	281.203
13.75	0	-23.75	278.592
16.25	0	-23.75	277.015
18.75	0	-23.75	274.638
21.25	0	-23.75	271.935
23.75	0	-23.75	269.426
26.25	0	-23.75	265.413
28.75	0	-23.75	261.433
31.25	0	-23.75	257.19
33.75	0	-23.75	253.061
36.25	0	-23.75	249.978
38.75	0	-23.75	246.097
41.25	0	-23.75	242.46
43.75	0	-23.75	239.183
46.25	0	-23.75	235.219
48.75	0	-23.75	232.754
51.25	0	-23.75	229.204
53.75	0	-23.75	225.456
56.25	0	-23.75	221.514
58.75	0	-23.75	216.91
61.25	0	-23.75	211.303
63.75	0	-23.75	206.443
66.25	0	-23.75	203.554
68.75	0	-23.75	200.576
71.25	0	-23.75	198.471
73.75	0	-23.75	197.024
76.25	0	-23.75	196.656
78.75	0	-23.75	196.605
81.25	0	-23.75	196.355
83.75	0	-23.75	196.59
86.25	0	-23.75	195.211
-85	0	-25	391.804
-82.5	0	-25	388.976
-80	0	-25	389.357
-77.5	0	-25	388.97
-75	0	-25	389.31
-72.5	0	-25	388.606
-70	0	-25	388.637
-67.5	0	-25	386.388
-65	0	-25	386.511
-62.5	0	-25	385.592
-60	0	-25	385.255
-57.5	0	-25	386.47
-55	0	-25	388.28
-52.5	0	-25	388.954
-50	0	-25	390.274
-47.5	0	-25	389.66
-45	0	-25	389.828
-42.5	0	-25	389.945
-40	0	-25	386.757
-37.5	0	-25	385.761
-35	0	-25	381.45
-32.5	0	-25	378.676
-30	0	-25	374.414
-27.5	0	-25	371.463
-25	0	-25	366.984
-22.5	0	-25	365.992
-20	0	-25	362.668
-17.5	0	-25	359.866
-15	0	-25	355.311
-12.5	0	-25	351.633
-10	0	-25	346.827
-7.5	0	-25	342.552
-5	0	-25	336.829
-2.5	0	-25	328.355
0	0	-25	320.966
2.5	0	-25	314.144
5	0	-25	306.433
7.5	0	-25	299.792
10	0	-25	295.978
12.5	0	-25	291.69
15	0	-25	288.342
17.5	0	-25	284.426
20	0	-25	280.942
22.5	0	-25	276.549
25	0	-25	272.878
27.5	0	-25	267.013
30	0	-25	262.72
32.5	0	-25	257.484
35	0	-25	253.777
37.5	0	-25	250.422
40	0	-25	247.066
42.5	0	-25	243.083
45	0	-25	239.704
47.5	0	-25	237.808
50	0	-25	236.127
52.5	0	-25	232.539
55	0	-25	229.87
57.5	0	-25	225.276
60	0	-25	219.892
62.5	0	-25	215.016
65	0	-25	210.338
67.5	0	-25	207.121
70	0	-25	203.669
72.5	0	-25	201.256
75	0	-25	200.688
77.5	0	-25	200.62
80	0	-25	201.124
82.5	0	-25	200.969
-81.25	0	-26.25	376.428
-78.75	0	-26.25	378.912
-76.25	0	-26.25	378.837
-73.75	0	-26.25	380.499
-71.25	0	-26.25	378.981
-68.75	0	-26.25	381.733
-66.25	0	-26.25	383.571
-63.75	0	-26.25	381.812
-61.25	0	-26.25	382.217
-58.75	0	-26.25	382.472
-56.25	0	-26.25	382.345
-53.75	0	-26.25	388.328
-51.25	0	-26.25	389.164
-48.75	0	-26.25	388.908
-46.25	0	-26.25	389.483
-43.75	0	-26.25	389.166
-41.25	0	-26.25	386.236
-38.75	0	-26.25	383.828
-36.25	0	-26.25	382.628
-33.75	0	-26.25	380.088
-31.25	0	-26.25	378.834
-28.75	0	-26.25	377.743
-26.25	0	-26.25	374.613
-23.75	0	-26.25	373.366
-21.25	0	-26.25	371.94
-18.75	0	-26.25	371.241
-16.25	0	-26.25	368.21
-13.75	0	-26.25	364.157
-11.25	0	-26.25	362.037
-8.75	0	-26.25	358.103
-6.25	0	-26.25	353.566
-3.75	0	-26.25	348.085
-1.25	0	-26.25	338.889
1.25	0	-26.25	332.835
3.75	0	-26.25	325.107
6.25	0	-26.25	318.103
8.75	0	-26.25	311.345
11.25	0	-26.25	306.524
13.75	0	-26.25	301.343
16.25	0	-26.25	295.552
18.75	0	-26.25	291.27
21.25	0	-26.25	285.525
23.75	0	-26.25	279.651
26.25	0	-26.25	274.502
28.75	0	-26.25	268.566
31.25	0	-26.25	263.123
33.75	0	-26.25	257.697
36.25	0	-26.25	253.982
38.75	0	-26.25	251.098
41.25	0	-26.25	247.164
43.75	0	-26.25	243.702
46.25	0	-26.25	241.532
48.75	0	-26.25	240.085
51.25	0	-26.25	238.513
53.75	0	-26.25	235.306
56.25	0	-26.25	232.328
58.75	0	-26.25	228.291
61.25	0	-26.25	223.279
63.75	0	-26.25	218.464
66.25	0	-26.25	214.039
68.75	0	-26.25	209.918
71.25	0	-26.25	206.85
73.75	0	-26.25	205.431
76.25	0	-26.25	205.333
78.75	0	-26.25	205.052
-77.5	0	-27.5	368.356
-75	0	-27.5	368.4
-72.5	0	-27.5	370.995
-70	0	-27.5	373.156
-67.5	0	-27.5	374.179
-65	0	-27.5	375.659
-62.5	0	-27.5	377.993
-60	0	-27.5	378.174
-57.5	0	-27.5	379.532
-55	0	-27.5	382.347
-52.5	0	-27.5	383.972
-50	0	-27.5	386.434
-47.5	0	-27.5	387.95
-45	0	-27.5	386.436
-42.5	0	-27.5	386.11
-40	0	-27.5	385.52
-37.5	0	-27.5	383.387
-35	0	-27.5	383.011
-32.5	0	-27.5	381.311
-30	0	-27.5	382.973
-27.5	0	-27.5	382.008
-25	0	-27.5	382.338
-22.5	0	-27.5	380.835
-20	0	-27.5	381.299
-17.5	0	-27.5	379.429
-15	0	-27.5	377.227
-12.5	0	-27.5	374.62
-10	0	-27.5	372.989
-7.5	0	-27.5	368.755
-5	0	-27.5	364.159
-2.5	0	-27.5	358.096
0	0	-27.5	350.278
2.5	0	-27.5	343.018
5	0	-27.5	335.968
7.5	0	-27.5	328.82
10	0	-27.5	321.814
12.5	0	-27.5	316.026
15	0	-27.5	308.881
17.5	0	-27.5	302.222
20	0	-27.5	295.332
22.5	0	-27.5	288.931
25	0	-27.5	281.393
27.5	0	-27.5	275.84
30	0	-27.5	269.071
32.5	0	-27.5	263.616
35	0	-27.5	257.848
37.5	0	-27.5	254.143
40	0	-27.5	251.133
42.5	0	-27.5	247.938
45	0	-27.5	245.269
47.5	0	-27.5	243.673
50	0	-27.5	241.184
52.5	0	-27.5	239.944
55	0	-27.5	237.637
57.5	0	-27.5	234.384
60	0	-27.5	230.721
62.5	0	-27.5	226.488
65	0	-27.5	221.523
67.5	0	-27.5	216.861
70	0	-27.5	213.279
72.5	0	-27.5	211.532
75	0	-27.5	209.777
-73.75	0	-28.75	359.495
-71.25	0	-28.75	362.763
-68.75	0	-28.75	364.567
-66.25	0	-28.75	366.233
-63.75	0	-28.75	367.735
-61.25	0	-28.75	371.983
-58.75	0	-28.75	374.594
-56.25	0	-28.75	377.865
-53.75	0	-28.75	379.075
-51.25	0	-28.75	381.49
-48.75	0	-28.75	381.816
-46.25	0	-28.75	384.581
-43.75	0	-28.75	385.262
-41.25	0	-28.75	385.289
-38.75	0	-28.75	387.199
-36.25	0	-28.75	386.571
-33.75	0	-28.75	386.971
-31.25	0	-28.75	386.753
-28.75	0	-28.75	387.372
-26.25	0	-28.75	389.88
-23.75	0	-28.75	390.057
-21.25	0	-28.75	390.702
-18.75	0	-28.75	389.998
-16.25	0	-28.75	388.762
-13.75	0	-28.75	386.835
-11.25	0	-28.75	384.8
-8.75	0	-28.75	383.048
-6.25	0	-28.75	378.742
-3.75	0	-28.75	373.544
-1.25	0	-28.75	368.525
1.25	0	-28.75	359.93
3.75	0	-28.75	353.378
6.25	0	-28.75	345.748
8.75	0	-28.75	338.584
11.25	0	-28.75	330.817
13.75	0	-28.75	323.361
16.25	0	-28.75	315.086
18.75	0	-28.75	306.404
21.25	0	-28.75	298.648
23.75	0	-28.75	290.337
26.25	0	-28.75	283.09
28.75	0	-28.75	276.431
31.25	0	-28.75	269.213
33.75	0	-28.75	263.772
36.25	0	-28.75	258.444
38.75	0	-28.75	254.509
41.25	0	-28.75	251.632
43.75	0	-28.75	249.232
46.25	0	-28.75	246.976
48.75	0	-28.75	244.329
51.25	0	-28.75	243.216
53.75	0	-28.75	241.564
56.25	0	-28.75	238.756
58.75	0	-28.75	236.504
61.25	0	-28.75	232.755
63.75	0	-28.75	229.047
66.25	0	-28.75	224.21
68.75	0	-28.75	220.403
71.25	0	-28.75	217.339
-70	0	-30	353.59
-67.5	0	-30	354.841
-65	0	-30	358.494
-62.5	0	-30	361.496
-60	0	-30	364.099
-57.5	0	-30	370.844
-55	0	-30	374.24
-52.5	0	-30	375.808
-50	0	-30	378.867
-47.5	0	-30	381.254
-45	0	-30	382.08
-42.5	0	-30	385.703
-40	0	-30	389.326
-37.5	0	-30	390.413
-35	0	-30	392.125
-32.5	0	-30	394.086
-30	0	-30	393.225
-27.5	0	-30	395.674
-25	0	-30	396.877
-22.5	0	-30	399.129
-20	0	-30	399.174
-17.5	0	-30	399.14
-15	0	-30	397.877
-12.5	0	-30	396.7
-10	0	-30	393.797
-7.5	0	-30	392.002
-5	0	-30	387.395
-2.5	0	-30	383.318
0	0	-30	377.493
2.5	0	-30	369.299
5	0	-30	362.705
7.5	0	-30	355.282
10	0	-30	346.6
12.5	0	-30	337.224
15	0	-30	328.866
17.5	0	-30	319.142
20	0	-30	309.442
22.5	0	-30	300.19
25	0	-30	291.941
27.5	0	-30	283.199
30	0	-30	276.809
32.5	0	-30	269.583
35	0	-30	264.318
37.5	0	-30	259.023
40	0	-30	255.265
42.5	0	-30	252.693
45	0	-30	250.455
47.5	0	-30	248.068
50	0	-30	246.454
52.5	0	-30	244.681
55	0	-30	243.104
57.5	0	-30	240.026
60	0	-30	238.035
62.5	0	-30	235.106
65	0	-30	231.388
67.5	0	-30	226.751
-66.25	0	-31.25	346.388
-63.75	0	-31.25	350.163
-61.25	0	-31.25	353.762
-58.75	0	-31.25	360.388
-56.25	0	-31.25	363.784
-53.75	0	-31.25	369.992
-51.25	0	-31.25	375.346
-48.75	0	-31.25	379.615
-46.25	0	-31.25	382.225
-43.75	0	-31.25	385.782
-41.25	0	-31.25	388.607
-38.75	0	-31.25	393.273
-36.25	0	-31.25	397.258
-33.75	0	-31.25	398.602
-31.25	0	-31.25	401.203
-28.75	0	-31.25	402.328
-26.25	0	-31.25	403.689
-23.75	0	-31.25	405.855
-21.25	0	-31.25	406.226
-18.75	0	-31.25	406.675
-16.25	0	-31.25	407.427
-13.75	0	-31.25	407.224
-11.25	0	-31.25	404.987
-8.75	0	-31.25	402.356
-6.25	0	-31.25	399.589
-3.75	0	-31.25	396.206
-1.25	0	-31.25	391.446
1.25	0	-31.25	386.286
3.75	0	-31.25	378.278
6.25	0	-31.25	371.174
8.75	0	-31.25	362.561
11.25	0	-31.25	352.613
13.75	0	-31.25	341.913
16.25	0	-31.25	332.156
18.75	0	-31.25	321.551
21.25	0	-31.25	310.887
23.75	0	-31.25	301.326
26.25	0	-31.25	292.082
28.75	0	-31.25	283.615
31.25	0	-31.25	276.945
33.75	0	-31.25	270.488
36.25	0	-31.25	264.901
38.75	0	-31.25	259.316
41.25	0	-31.25	256.345
43.75	0	-31.25	254.717
46.25	0	-31.25	251.789
48.75	0	-31.25	249.994
51.25	0	-31.25	248.22
53.75	0	-31.25	246.161
56.25	0	-31.25	244.593
58.75	0	-31.25	242.066
61.25	0	-31.25	240.276
63.75	0	-31.25	236.487
-62.5	0	-32.5	342.077
-60	0	-32.5	348.709
-57.5	0	-32.5	354.483
-55	0	-32.5	362.081
-52.5	0	-32.5	368.25
-50	0	-32.5	376.615
-47.5	0	-32.5	383.149
-45	0	-32.5	387.307
-42.5	0	-32.5	391.493
-40	0	-32.5	394.789
-37.5	0	-32.5	398.341
-35	0	-32.5	403.544
-32.5	0	-32.5	406.147
-30	0	-32.5	408.675
-27.5	0	-32.5	410.464
-25	0	-32.5	412.725
-22.5	0	-32.5	413.001
-20	0	-32.5	413.116
-17.5	0	-32.5	413.383
-15	0	-32.5	414.956
-12.5	0	-32.5	414.569
-10	0	-32.5	413.045
-7.5	0	-32.5	409.369
-5	0	-32.5	407.86
-2.5	0	-32.5	403.461
0	0	-32.5	399.594
2.5	0	-32.5	394.277
5	0	-32.5	385.948
7.5	0	-32.5	377.92
10	0	-32.5	367.666
12.5	0	-32.5	356.743
15	0	-32.5	344.891
17.5	0	-32.5	333.795
20	0	-32.5	322.098
22.5	0	-32.5	311.358
25	0	-32.5	301.441
27.5	0	-32.5	292.288
30	0	-32.5	283.886
32.5	0	-32.5	277.646
35	0	-32.5	270.441
37.5	0	-32.5	265.373
40	0	-32.5	260.954
42.5	0	-32.5	258.307
45	0	-32.5	256.287
47.5	0	-32.5	254.384
50	0	-32.5	251.834
52.5	0	-32.5	249.918
55	0	-32.5	248.065
57.5	0	-32.5	247.206
60	0	-32.5	244.062
-58.75	0	-33.75	344.884
-56.25	0	-33.75	353.546
-53.75	0	-33.75	362.844
-51.25	0	-33.75	372.461
-48.75	0	-33.75	379.04
-46.25	0	-33.75	388.159
-43.75	0	-33.75	394.503
-41.25	0	-33.75	398.294
-38.75	0	-33.75	401.739
-36.25	0	-33.75	405.905
-33.75	0	-33.75	408.419
-31.25	0	-33.75	412.924
-28.75	0	-33.75	416.454
-26.25	0	-33.75	417.055
-23.75	0	-33.75	419.425
-21.25	0	-33.75	419.697
-18.75	0	-33.75	419.687
-16.25	0	-33.75	420.233
-13.75	0	-33.75	420.795
-11.25	0	-33.75	420.942
-8.75	0	-33.75	419.06
-6.25	0	-33.75	417.338
-3.75	0	-33.75	414.795
-1.25	0	-33.75	411.027
1.25	0	-33.75	406.442
3.75	0	-33.75	401.081
6.25	0	-33.75	391.887
8.75	0	-33.75	382.403
11.25	0	-33.75	371.325
13.75	0	-33.75	358.879
16.25	0	-33.75	345.865
18.75	0	-33.75	333.968
21.25	0	-33.75	321.922
23.75	0	-33.75	310.852
26.25	0	-33.75	301.087
28.75	0	-33.75	292.31
31.25	0	-33.75	283.986
33.75	0	-33.75	277.549
36.25	0	-33.75	271.247
38.75	0	-33.75	266.727
41.25	0	-33.75	263.268
43.75	0	-33.75	260.352
46.25	0	-33.75	258.678
48.75	0	-33.75	256.796
51.25	0	-33.75	254.302
53.75	0	-33.75	252.526
56.25	0	-33.75	250.458
-55	0	-35	356.762
-52.5	0	-35	367.832
-50	0	-35	376.781
-47.5	0	-35	385.962
-45	0	-35	393.496
-42.5	0	-35	400.38
-40	0	-35	405.784
-37.5	0	-35	408.96
-35	0	-35	412.064
-32.5	0	-35	415.693
-30	0	-35	417.243
-27.5	0	-35	421.797
-25	0	-35	423.215
-22.5	0	-35	423.621
-20	0	-35	425.732
-17.5	0	-35	426.374
-15	0	-35	426.052
-12.5	0	-35	426.44
-10	0	-35	425.683
-7.5	0	-35	425.679
-5	0	-35	423.265
-2.5	0	-35	421.746
0	0	-35	417.387
2.5	0	-35	412.76
5	0	-35	406.001
7.5	0	-35	395.644
10	0	-35	385.3
12.5	0	-35	372.709
15	0	-35	359.357
17.5	0	-35	345.363
20	0	-35	333.364
22.5	0	-35	321.121
25	0	-35	309.698
27.5	0	-35	300.119
30	0	-35	291.724
32.5	0	-35	284.136
35	0	-35	278.074
37.5	0	-35	272.706
40	0	-35	269.238
42.5	0	-35	264.953
45	0	-35	263.426
47.5	0	-35	261.639
50	0	-35	259.675
52.5	0	-35	257.059
-51.25	0	-36.25	373.561
-48.75	0	-36.25	383.705
-46.25	0	-36.25	392.265
-43.75	0	-36.25	400.312
-41.25	0	-36.25	405.142
-38.75	0	-36.25	411.548
-36.25	0	-36.25	414.958
-33.75	0	-36.25	418.093
-31.25	0	-36.25	420.696
-28.75	0	-36.25	422.867
-26.25	0	-36.25	424.459
-23.75	0	-36.25	426.221
-21.25	0	-36.25	429.188
-18.75	0	-36.25	430.077
-16.25	0	-36.25	431.608
-13.75	0	-36.25	431.748
-11.25	0	-36.25	431.462
-8.75	0	-36.25	431.51
-6.25	0	-36.25	430.092
-3.75	0	-36.25	428.798
-1.25	0	-36.25	427.163
1.25	0	-36.25	423.242
3.75	0	-36.25	417.23
6.25	0	-36.25	409.272
8.75	0	-36.25	397.467
11.25	0	-36.25	385.935
13.75	0	-36.25	372.562
16.25	0	-36.25	358.37
18.75	0	-36.25	344.367
21.25	0	-36.25	331.708
23.75	0	-36.25	319.201
26.25	0	-36.25	308.327
28.75	0	-36.25	299.203
31.25	0	-36.25	291.206
33.75	0	-36.25	284.17
36.25	0	-36.25	279.64
38.75	0	-36.25	274.82
41.25	0	-36.25	271.332
43.75	0	-36.25	268.34
46.25	0	-36.25	266.597
48.75	0	-36.25	264.794
-47.5	0	-37.5	390.459
-45	0	-37.5	398.157
-42.5	0	-37.5	405.421
-40	0	-37.5	411.109
-37.5	0	-37.5	414.02
-35	0	-37.5	419.086
-32.5	0	-37.5	422.702
-30	0	-37.5	424.991
-27.5	0	-37.5	426.195
-25	0	-37.5	427.816
-22.5	0	-37.5	428.575
-20	0	-37.5	432.315
-17.5	0	-37.5	435.05
-15	0	-37.5	435.357
-12.5	0	-37.5	436.162
-10	0	-37.5	437.041
-7.5	0	-37.5	436.021
-5	0	-37.5	434.953
-2.5	0	-37.5	432.913
0	0	-37.5	431.628
2.5	0	-37.5	426.816
5	0	-37.5	419.897
7.5	0	-37.5	410.566
10	0	-37.5	397.78
12.5	0	-37.5	384.996
15	0	-37.5	370.93
17.5	0	-37.5	356.582
20	0	-37.5	341.922
22.5	0	-37.5	329.296
25	0	-37.5	317.435
27.5	0	-37.5	306.94
30	0	-37.5	298.423
32.5	0	-37.5	290.844
35	0	-37.5	284.986
37.5	0	-37.5	281.531
40	0	-37.5	277.135
42.5	0	-37.5	274.845
45	0	-37.5	271.563
-43.75	0	-38.75	403.02
-41.25	0	-38.75	409.553
-38.75	0	-38.75	413.434
-36.25	0	-38.75	418.125
-33.75	0	-38.75	420.219
-31.25	0	-38.75	425.147
-28.75	0	-38.75	428.026
-26.25	0	-38.75	428.449
-23.75	0	-38.75	430.74
-21.25	0	-38.75	432.287
-18.75	0	-38.75	434.502
-16.25	0	-38.75	437.558
-13.75	0	-38.75	439.266
-11.25	0	-38.75	439.714
-8.75	0	-38.75	441.035
-6.25	0	-38.75	440.764
-3.75	0	-38.75	439.158
-1.25	0	-38.75	436.764
1.25	0	-38.75	433.735
3.75	0	-38.75	428.119
6.25	0	-38.75	420.421
8.75	0	-38.75	410.486
11.25	0	-38.75	396.442
13.75	0	-38.75	382.869
16.25	0	-38.75	368.059
18.75	0	-38.75	353.423
21.25	0	-38.75	339.193
23.75	0	-38.75	327.004
26.25	0	-38.75	315.685
28.75	0	-38.75	305.709
31.25	0	-38.75	297.513
33.75	0	-38.75	291.659
36.25	0	-38.75	286.59
38.75	0	-38.75	283.597
41.25	0	-38.75	280.124
-40	0	-40	411.418
-37.5	0	-40	415.696
-35	0	-40	419.109
-32.5	0	-40	422.802
-30	0	-40	424.979
-27.5	0	-40	428.471
-25	0	-40	431.331
-22.5	0	-40	433.672
-20	0	-40	435.02
-17.5	0	-40	437.324
-15	0	-40	438.635
-12.5	0	-40	441.714
-10	0	-40	443.372
-7.5	0	-40	443.824
-5	0	-40	444.437
-2.5	0	-40	442.69
0	0	-40	438.929
2.5	0	-40	434.515
5	0	-40	427.479
7.5	0	-40	419.092
10	0	-40	408.19
12.5	0	-40	393.662
15	0	-40	379.522
17.5	0	-40	364.837
20	0	-40	349.904
22.5	0	-40	336.338
25	0	-40	324.847
27.5	0	-40	313.855
30	0	-40	304.714
32.5	0	-40	297.964
35	0	-40	293.162
37.5	0	-40	288.375
-36.25	0	-41.25	416.378
-33.75	0	-41.25	420.068
-31.25	0	-41.25	422.515
-28.75	0	-41.25	425.819
-26.25	0	-41.25	428.578
-23.75	0	-41.25	432.476
-21.25	0	-41.25	436.074
-18.75	0	-41.25	436.998
-16.25	0	-41.25	439.053
-13.75	0	-41.25	441.522
-11.25	0	-41.25	442.657
-8.75	0	-41.25	445.112
-6.25	0	-41.25	446.956
-3.75	0	-41.25	445.988
-1.25	0	-41.25	444.399
1.25	0	-41.25	439.662
3.75	0	-41.25	433.952
6.25	0	-41.25	425.475
8.75	0	-41.25	415.379
11.25	0	-41.25	404.119
13.75	0	-41.25	389.844
16.25	0	-41.25	375.897
18.75	0	-41.25	360.964
21.25	0	-41.25	346.89
23.75	0	-41.25	333.347
26.25	0	-41.25	322.706
28.75	0	-41.25	312.547
31.25	0	-41.25	305.002
33.75	0	-41.25	299.083
-32.5	0	-42.5	419.738
-30	0	-42.5	422.179
-27.5	0	-42.5	425.767
-25	0	-42.5	429.836
-22.5	0	-42.5	432.092
-20	0	-42.5	436.417
-17.5	0	-42.5	438.599
-15	0	-42.5	441.139
-12.5	0	-42.5	443.089
-10	0	-42.5	444.64
-7.5	0	-42.5	445.553
-5	0	-42.5	447.539
-2.5	0	-42.5	447.376
0	0	-42.5	443.261
2.5	0	-42.5	438.494
5	0	-42.5	431.568
7.5	0	-42.5	421.794
10	0	-42.5	411.096
12.5	0	-42.5	399.148
15	0	-42.5	385.113
17.5	0	-42.5	371.477
20	0	-42.5	357.459
22.5	0	-42.5	343.769
25	0	-42.5	331.133
27.5	0	-42.5	320.986
30	0	-42.5	312.248
-28.75	0	-43.75	421.864
-26.25	0	-43.75	425.751
-23.75	0	-43.75	429.417
-21.25	0	-43.75	432.737
-18.75	0	-43.75	435.336
-16.25	0	-43.75	439.139
-13.75	0	-43.75	442.383
-11.25	0	-43.75	444.22
-8.75	0	-43.75	445.743
-6.25	0	-43.75	446.594
-3.75	0	-43.75	446.336
-1.25	0	-43.75	445.096
1.25	0	-43.75	441.468
3.75	0	-43.75	434.277
6.25	0	-43.75	427.717
8.75	0	-43.75	417.404
11.25	0	-43.75	406.255
13.75	0	-43.75	394.092
16.25	0	-43.75	379.537
18.75	0	-43.75	367.117
21.25	0	-43.75	353.858
23.75	0	-43.75	341.442
26.25	0	-43.75	329.034
-25	0	-45	425.244
-22.5	0	-45	428.86
-20	0	-45	431.67
-17.5	0	-45	435.951
-15	0	-45	437.752
-12.5	0	-45	442.077
-10	0	-45	445.195
-7.5	0	-45	445.971
-5	0	-45	445.832
-2.5	0	-45	444.179
0	0	-45	440.739
2.5	0	-45	436.584
5	0	-45	430.106
7.5	0	-45	421.649
10	0	-45	412.316
12.5	0	-45	401.009
15	0	-45	388.822
17.5	0	-45	374.933
20	0	-45	362.744
22.5	0	-45	350.442
-21.25	0	-46.25	427.52
-18.75	0	-46.25	431.072
-16.25	0	-46.25	434.615
-13.75	0	-46.25	437.769
-11.25	0	-46.25	440.501
-8.75	0	-46.25	443.787
-6.25	0	-46.25	444.749
-3.75	0	-46.25	442.852
-1.25	0	-46.25	440.685
1.25	0	-46.25	436.224
3.75	0	-46.25	430.05
6.25	0	-46.25	423.343
8.75	0	-46.25	416.159
11.25	0	-46.25	405.675
13.75	0	-46.25	395.548
16.25	0	-46.25	384.331
18.75	0	-46.25	370.593
-17.5	0	-47.5	429.706
-15	0	-47.5	433.444
-12.5	0	-47.5	436.04
-10	0	-47.5	439.06
-7.5	0	-47.5	440.018
-5	0	-47.5	440.63
-2.5	0	-47.5	439.175
0	0	-47.5	435.473
2.5	0	-47.5	430.447
5	0	-47.5	423.581
7.5	0	-47.5	415.815
10	0	-47.5	408.872
12.5	0	-47.5	400.17
15	0	-47.5	389.44
-13.75	0	-48.75	431.307
-11.25	0	-48.75	433.407
-8.75	0	-48.75	435.578
-6.25	0	-48.75	436.117
-3.75	0	-48.75	434.592
-1.25	0	-48.75	432.79
1.25	0	-48.75	429.449
3.75	0	-48.75	423.53
6.25	0	-48.75	416.835
8.75	0	-48.75	409.17
11.25	0	-48.75	401.126
-10	0	-50	429.801
-7.5	0	-50	430.621
-5	0	-50	430.268
-2.5	0	-50	428.358
0	0	-50	424.726
2.5	0	-50	421.447
5	0	-50	416.875
7.5	0	-50	409.491
-6.25	0	-51.25	424.582
-3.75	0	-51.25	423.237
-1.25	0	-51.25	420.541
1.25	0	-51.25	417.234
3.75	0	-51.25	412.546
-2.5	0	-52.5	415.582
0	0	-52.5	412.02
