# ============================================================
# DC Primary-Propagated Resistivity Section
# Paper: A Comparative Study of Pseudo-dipole Arrays and Standard Arrays
# Based on High-density DC Resistivity Method
# ============================================================
# Column 1: X_Coord (m)       - Horizontal coordinate
# Column 2: Y_Coord           - Profile offset (Y = 0 for 2D)
# Column 3: Z_Coord (m)       - Depth (negative downward)
# Column 4: App_Resistivity   - Primary-propagated resistivity (Ohm-m)

-156.25	0	-1.25	193.45
-153.75	0	-1.25	218.114
-151.25	0	-1.25	206.837
-148.75	0	-1.25	204.708
-146.25	0	-1.25	230.774
-143.75	0	-1.25	178.951
-141.25	0	-1.25	238.362
-138.75	0	-1.25	191.315
-136.25	0	-1.25	206.14
-133.75	0	-1.25	226.361
-131.25	0	-1.25	197.778
-128.75	0	-1.25	220.757
-126.25	0	-1.25	206.517
-123.75	0	-1.25	218.507
-121.25	0	-1.25	213.5
-118.75	0	-1.25	214.446
-116.25	0	-1.25	199.634
-113.75	0	-1.25	231.759
-111.25	0	-1.25	195.593
-108.75	0	-1.25	218.2
-106.25	0	-1.25	214.838
-103.75	0	-1.25	199.433
-101.25	0	-1.25	228.634
-98.75	0	-1.25	197.332
-96.25	0	-1.25	220.679
-93.75	0	-1.25	192.018
-91.25	0	-1.25	235.968
-88.75	0	-1.25	194.952
-86.25	0	-1.25	217.877
-83.75	0	-1.25	214.67
-81.25	0	-1.25	199.403
-78.75	0	-1.25	228.682
-76.25	0	-1.25	199.772
-73.75	0	-1.25	214.438
-71.25	0	-1.25	211.646
-68.75	0	-1.25	219.951
-66.25	0	-1.25	206.422
-63.75	0	-1.25	218.183
-61.25	0	-1.25	214.538
-58.75	0	-1.25	199.168
-56.25	0	-1.25	228.324
-53.75	0	-1.25	196.974
-51.25	0	-1.25	220.35
-48.75	0	-1.25	191.691
-46.25	0	-1.25	235.651
-43.75	0	-1.25	194.644
-41.25	0	-1.25	217.561
-38.75	0	-1.25	214.332
-36.25	0	-1.25	199.028
-33.75	0	-1.25	228.25
-31.25	0	-1.25	199.26
-28.75	0	-1.25	213.825
-26.25	0	-1.25	210.906
-23.75	0	-1.25	218.965
-21.25	0	-1.25	206.267
-18.75	0	-1.25	202.631
-16.25	0	-1.25	226.662
-13.75	0	-1.25	197.516
-11.25	0	-1.25	211.948
-8.75	0	-1.25	209.415
-6.25	0	-1.25	198.774
-3.75	0	-1.25	226.477
-1.25	0	-1.25	176.086
1.25	0	-1.25	215.634
3.75	0	-1.25	196.585
6.25	0	-1.25	212.06
8.75	0	-1.25	189.025
11.25	0	-1.25	217.09
13.75	0	-1.25	192.317
16.25	0	-1.25	228.33
18.75	0	-1.25	188.239
21.25	0	-1.25	202.533
23.75	0	-1.25	224.948
26.25	0	-1.25	192.614
28.75	0	-1.25	199.856
31.25	0	-1.25	224.514
33.75	0	-1.25	193.753
36.25	0	-1.25	216.874
38.75	0	-1.25	203.54
41.25	0	-1.25	200.227
43.75	0	-1.25	224.421
46.25	0	-1.25	195.385
48.75	0	-1.25	214.347
51.25	0	-1.25	201.687
53.75	0	-1.25	201.615
56.25	0	-1.25	224.54
58.75	0	-1.25	192.015
61.25	0	-1.25	198.15
63.75	0	-1.25	227.275
66.25	0	-1.25	188.371
68.75	0	-1.25	200.448
71.25	0	-1.25	222.153
73.75	0	-1.25	193.799
76.25	0	-1.25	217.019
78.75	0	-1.25	202.785
81.25	0	-1.25	214.863
83.75	0	-1.25	211.549
86.25	0	-1.25	191.926
88.75	0	-1.25	233.091
91.25	0	-1.25	187.868
93.75	0	-1.25	214.998
96.25	0	-1.25	209.982
98.75	0	-1.25	198.516
101.25	0	-1.25	208.801
103.75	0	-1.25	212.158
106.25	0	-1.25	194.098
108.75	0	-1.25	217.208
111.25	0	-1.25	188.304
113.75	0	-1.25	227.569
116.25	0	-1.25	183.075
118.75	0	-1.25	227.022
121.25	0	-1.25	175.492
123.75	0	-1.25	214.242
126.25	0	-1.25	214.622
128.75	0	-1.25	173.178
131.25	0	-1.25	227.936
133.75	0	-1.25	181.853
136.25	0	-1.25	220.849
138.75	0	-1.25	200.218
141.25	0	-1.25	202.265
143.75	0	-1.25	200.981
146.25	0	-1.25	224.842
148.75	0	-1.25	176.266
151.25	0	-1.25	225.775
153.75	0	-1.25	180.071
-152.5	0	-2.5	213.774
-150	0	-2.5	217.984
-147.5	0	-2.5	223.634
-145	0	-2.5	221.879
-142.5	0	-2.5	223.106
-140	0	-2.5	220.608
-137.5	0	-2.5	215.381
-135	0	-2.5	222.416
-132.5	0	-2.5	229.345
-130	0	-2.5	220.231
-127.5	0	-2.5	217.111
-125	0	-2.5	219.868
-122.5	0	-2.5	224.726
-120	0	-2.5	221.996
-117.5	0	-2.5	220.08
-115	0	-2.5	223.328
-112.5	0	-2.5	222.007
-110	0	-2.5	219.055
-107.5	0	-2.5	218.786
-105	0	-2.5	220.839
-102.5	0	-2.5	223.183
-100	0	-2.5	225.368
-97.5	0	-2.5	218.143
-95	0	-2.5	215.577
-92.5	0	-2.5	222.211
-90	0	-2.5	224.146
-87.5	0	-2.5	219.494
-85	0	-2.5	217.897
-82.5	0	-2.5	220.078
-80	0	-2.5	222.637
-77.5	0	-2.5	221.485
-75	0	-2.5	217.53
-72.5	0	-2.5	221.989
-70	0	-2.5	222.175
-67.5	0	-2.5	216.598
-65	0	-2.5	218.255
-62.5	0	-2.5	220.202
-60	0	-2.5	218.978
-57.5	0	-2.5	221.083
-55	0	-2.5	223.288
-52.5	0	-2.5	215.916
-50	0	-2.5	213.299
-47.5	0	-2.5	219.905
-45	0	-2.5	221.836
-42.5	0	-2.5	217.152
-40	0	-2.5	215.428
-37.5	0	-2.5	217.358
-35	0	-2.5	219.536
-32.5	0	-2.5	217.865
-30	0	-2.5	213.288
-27.5	0	-2.5	217.078
-25	0	-2.5	217.215
-22.5	0	-2.5	208.429
-20	0	-2.5	208.972
-17.5	0	-2.5	216.476
-15	0	-2.5	212.703
-12.5	0	-2.5	205.49
-10	0	-2.5	205.094
-7.5	0	-2.5	205.78
-5	0	-2.5	203.553
-2.5	0	-2.5	197.805
0	0	-2.5	199.036
2.5	0	-2.5	207.421
5	0	-2.5	207.916
7.5	0	-2.5	196.585
10	0	-2.5	192.223
12.5	0	-2.5	200.471
15	0	-2.5	208.941
17.5	0	-2.5	198.483
20	0	-2.5	193.359
22.5	0	-2.5	202.97
25	0	-2.5	201.515
27.5	0	-2.5	194.489
30	0	-2.5	200.629
32.5	0	-2.5	204.431
35	0	-2.5	198.443
37.5	0	-2.5	192.58
40	0	-2.5	195.016
42.5	0	-2.5	202.673
45	0	-2.5	202.062
47.5	0	-2.5	197.493
50	0	-2.5	191.523
52.5	0	-2.5	191.19
55	0	-2.5	199.237
57.5	0	-2.5	197.504
60	0	-2.5	193.565
62.5	0	-2.5	201.409
65	0	-2.5	194.868
67.5	0	-2.5	189.716
70	0	-2.5	201.309
72.5	0	-2.5	206.541
75	0	-2.5	197.507
77.5	0	-2.5	194.682
80	0	-2.5	198.881
82.5	0	-2.5	199.645
85	0	-2.5	199.865
87.5	0	-2.5	203.654
90	0	-2.5	200.641
92.5	0	-2.5	196.034
95	0	-2.5	198.699
97.5	0	-2.5	200.147
100	0	-2.5	200.449
102.5	0	-2.5	202.436
105	0	-2.5	202.833
107.5	0	-2.5	198.388
110	0	-2.5	194.221
112.5	0	-2.5	200.666
115	0	-2.5	205.529
117.5	0	-2.5	200.169
120	0	-2.5	193.55
122.5	0	-2.5	200.185
125	0	-2.5	205.679
127.5	0	-2.5	198.335
130	0	-2.5	194.995
132.5	0	-2.5	199.57
135	0	-2.5	201.74
137.5	0	-2.5	202.492
140	0	-2.5	195.968
142.5	0	-2.5	193.85
145	0	-2.5	202.607
147.5	0	-2.5	200.362
150	0	-2.5	196.083
-148.75	0	-3.75	246.622
-146.25	0	-3.75	248.004
-143.75	0	-3.75	248.965
-141.25	0	-3.75	246.504
-138.75	0	-3.75	247.301
-136.25	0	-3.75	248.117
-133.75	0	-3.75	250.235
-131.25	0	-3.75	249.53
-128.75	0	-3.75	247.953
-126.25	0	-3.75	247.001
-123.75	0	-3.75	248
-121.25	0	-3.75	250.074
-118.75	0	-3.75	248.96
-116.25	0	-3.75	248.368
-113.75	0	-3.75	246.706
-111.25	0	-3.75	246.814
-108.75	0	-3.75	246.922
-106.25	0	-3.75	248.222
-103.75	0	-3.75	250.134
-101.25	0	-3.75	249.453
-98.75	0	-3.75	247.74
-96.25	0	-3.75	244.507
-93.75	0	-3.75	245.13
-91.25	0	-3.75	245.451
-88.75	0	-3.75	247.137
-86.25	0	-3.75	246.379
-83.75	0	-3.75	246.779
-81.25	0	-3.75	246.439
-78.75	0	-3.75	245.814
-76.25	0	-3.75	245.706
-73.75	0	-3.75	245.086
-71.25	0	-3.75	244.87
-68.75	0	-3.75	243.396
-66.25	0	-3.75	242.241
-63.75	0	-3.75	241.798
-61.25	0	-3.75	243.346
-58.75	0	-3.75	245.097
-56.25	0	-3.75	243.4
-53.75	0	-3.75	241.444
-51.25	0	-3.75	238.113
-48.75	0	-3.75	238.524
-46.25	0	-3.75	238.654
-43.75	0	-3.75	240.086
-41.25	0	-3.75	238.894
-38.75	0	-3.75	238.567
-36.25	0	-3.75	237.158
-33.75	0	-3.75	235.17
-31.25	0	-3.75	233.622
-28.75	0	-3.75	232.128
-26.25	0	-3.75	230.407
-23.75	0	-3.75	227.684
-21.25	0	-3.75	225.929
-18.75	0	-3.75	224.736
-16.25	0	-3.75	223.909
-13.75	0	-3.75	221.858
-11.25	0	-3.75	218.332
-8.75	0	-3.75	212.901
-6.25	0	-3.75	209.521
-3.75	0	-3.75	205.681
-1.25	0	-3.75	205.199
1.25	0	-3.75	205.978
3.75	0	-3.75	207.288
6.25	0	-3.75	203.169
8.75	0	-3.75	201.493
11.25	0	-3.75	200.514
13.75	0	-3.75	200.902
16.25	0	-3.75	199.269
18.75	0	-3.75	197.826
21.25	0	-3.75	195.495
23.75	0	-3.75	195.899
26.25	0	-3.75	196.502
28.75	0	-3.75	196.575
31.25	0	-3.75	195.887
33.75	0	-3.75	194.665
36.25	0	-3.75	192.251
38.75	0	-3.75	191.13
41.25	0	-3.75	192.674
43.75	0	-3.75	194.138
46.25	0	-3.75	191.777
48.75	0	-3.75	186.639
51.25	0	-3.75	182.888
53.75	0	-3.75	183.184
56.25	0	-3.75	187.035
58.75	0	-3.75	190.893
61.25	0	-3.75	190.045
63.75	0	-3.75	186.485
66.25	0	-3.75	186.297
68.75	0	-3.75	190.468
71.25	0	-3.75	195.292
73.75	0	-3.75	196.791
76.25	0	-3.75	194.52
78.75	0	-3.75	191.519
81.25	0	-3.75	193.449
83.75	0	-3.75	195.119
86.25	0	-3.75	196.219
88.75	0	-3.75	194.766
91.25	0	-3.75	195.063
93.75	0	-3.75	195.159
96.25	0	-3.75	197.235
98.75	0	-3.75	198.308
101.25	0	-3.75	200.17
103.75	0	-3.75	199.449
106.25	0	-3.75	198.614
108.75	0	-3.75	197.077
111.25	0	-3.75	198.715
113.75	0	-3.75	198.008
116.25	0	-3.75	200.422
118.75	0	-3.75	199.218
121.25	0	-3.75	200.577
123.75	0	-3.75	200.635
126.25	0	-3.75	200.883
128.75	0	-3.75	198.84
131.25	0	-3.75	198.151
133.75	0	-3.75	200.627
136.25	0	-3.75	199.624
138.75	0	-3.75	199.935
141.25	0	-3.75	197.803
143.75	0	-3.75	199.303
146.25	0	-3.75	199.076
-145	0	-5	279.683
-142.5	0	-5	279.479
-140	0	-5	279.411
-137.5	0	-5	280.844
-135	0	-5	280.116
-132.5	0	-5	281.29
-130	0	-5	281.376
-127.5	0	-5	281.148
-125	0	-5	281.822
-122.5	0	-5	280.726
-120	0	-5	281.22
-117.5	0	-5	280.937
-115	0	-5	279.771
-112.5	0	-5	279.581
-110	0	-5	279.566
-107.5	0	-5	280.648
-105	0	-5	281.248
-102.5	0	-5	280.532
-100	0	-5	279.633
-97.5	0	-5	278.018
-95	0	-5	276.983
-92.5	0	-5	275.943
-90	0	-5	276.022
-87.5	0	-5	277.161
-85	0	-5	277.063
-82.5	0	-5	277.185
-80	0	-5	276.697
-77.5	0	-5	276.093
-75	0	-5	275.637
-72.5	0	-5	274.436
-70	0	-5	272.958
-67.5	0	-5	272.058
-65	0	-5	271.489
-62.5	0	-5	271.504
-60	0	-5	270.852
-57.5	0	-5	269.459
-55	0	-5	267.788
-52.5	0	-5	265.332
-50	0	-5	263.85
-47.5	0	-5	262.343
-45	0	-5	261.643
-42.5	0	-5	261.654
-40	0	-5	259.953
-37.5	0	-5	258.002
-35	0	-5	255.206
-32.5	0	-5	252.715
-30	0	-5	250.47
-27.5	0	-5	247.834
-25	0	-5	245.768
-22.5	0	-5	244.462
-20	0	-5	243.02
-17.5	0	-5	240.6
-15	0	-5	237.917
-12.5	0	-5	233.18
-10	0	-5	227.813
-7.5	0	-5	223.343
-5	0	-5	217.099
-2.5	0	-5	213.801
0	0	-5	211.844
2.5	0	-5	208.727
5	0	-5	207.235
7.5	0	-5	205.292
10	0	-5	202.129
12.5	0	-5	200.616
15	0	-5	197.53
17.5	0	-5	194.83
20	0	-5	193.48
22.5	0	-5	191.453
25	0	-5	190.651
27.5	0	-5	190.299
30	0	-5	189.388
32.5	0	-5	189.289
35	0	-5	187.578
37.5	0	-5	187.829
40	0	-5	187.799
42.5	0	-5	185.201
45	0	-5	183.366
47.5	0	-5	178.721
50	0	-5	174.7
52.5	0	-5	173.953
55	0	-5	173.331
57.5	0	-5	175.757
60	0	-5	177.698
62.5	0	-5	176.916
65	0	-5	179.47
67.5	0	-5	181.148
70	0	-5	183.668
72.5	0	-5	187.946
75	0	-5	187.764
77.5	0	-5	188.04
80	0	-5	187.435
82.5	0	-5	185.993
85	0	-5	187.85
87.5	0	-5	187.94
90	0	-5	189.134
92.5	0	-5	190.064
95	0	-5	190.877
97.5	0	-5	193.849
100	0	-5	194.915
102.5	0	-5	196.258
105	0	-5	196.95
107.5	0	-5	195.856
110	0	-5	195.9
112.5	0	-5	195.883
115	0	-5	197.846
117.5	0	-5	198.815
120	0	-5	199.093
122.5	0	-5	199.753
125	0	-5	198.037
127.5	0	-5	198.597
130	0	-5	198.418
132.5	0	-5	197.408
135	0	-5	199.422
137.5	0	-5	198.497
140	0	-5	198.351
142.5	0	-5	199.897
-141.25	0	-6.25	312.71
-138.75	0	-6.25	313.358
-136.25	0	-6.25	313.866
-133.75	0	-6.25	314.058
-131.25	0	-6.25	314.559
-128.75	0	-6.25	314.999
-126.25	0	-6.25	314.808
-123.75	0	-6.25	314.592
-121.25	0	-6.25	314.943
-118.75	0	-6.25	314.324
-116.25	0	-6.25	313.571
-113.75	0	-6.25	313.51
-111.25	0	-6.25	313.692
-108.75	0	-6.25	313.574
-106.25	0	-6.25	313.04
-103.75	0	-6.25	312.62
-101.25	0	-6.25	311.747
-98.75	0	-6.25	310.504
-96.25	0	-6.25	309.698
-93.75	0	-6.25	308.568
-91.25	0	-6.25	307.697
-88.75	0	-6.25	307.3
-86.25	0	-6.25	307.602
-83.75	0	-6.25	307.737
-81.25	0	-6.25	307.479
-78.75	0	-6.25	306.886
-76.25	0	-6.25	306.529
-73.75	0	-6.25	305.543
-71.25	0	-6.25	303.999
-68.75	0	-6.25	302.711
-66.25	0	-6.25	301.606
-63.75	0	-6.25	299.941
-61.25	0	-6.25	298.201
-58.75	0	-6.25	296.225
-56.25	0	-6.25	293.635
-53.75	0	-6.25	291.133
-51.25	0	-6.25	288.887
-48.75	0	-6.25	286.252
-46.25	0	-6.25	283.785
-43.75	0	-6.25	281.282
-41.25	0	-6.25	278.832
-38.75	0	-6.25	275.866
-36.25	0	-6.25	272.748
-33.75	0	-6.25	269.576
-31.25	0	-6.25	267.219
-28.75	0	-6.25	265.458
-26.25	0	-6.25	264.009
-23.75	0	-6.25	262.858
-21.25	0	-6.25	261.287
-18.75	0	-6.25	258.619
-16.25	0	-6.25	254.82
-13.75	0	-6.25	250.325
-11.25	0	-6.25	244.61
-8.75	0	-6.25	238.711
-6.25	0	-6.25	232.576
-3.75	0	-6.25	227.049
-1.25	0	-6.25	221.859
1.25	0	-6.25	217.572
3.75	0	-6.25	213.064
6.25	0	-6.25	208.935
8.75	0	-6.25	204.976
11.25	0	-6.25	201.256
13.75	0	-6.25	197.071
16.25	0	-6.25	193.792
18.75	0	-6.25	190.406
21.25	0	-6.25	187.117
23.75	0	-6.25	185.059
26.25	0	-6.25	184.319
28.75	0	-6.25	183.197
31.25	0	-6.25	182.729
33.75	0	-6.25	183.267
36.25	0	-6.25	183.843
38.75	0	-6.25	182.34
41.25	0	-6.25	180.037
43.75	0	-6.25	176.947
46.25	0	-6.25	172.768
48.75	0	-6.25	168.761
51.25	0	-6.25	165.997
53.75	0	-6.25	163.871
56.25	0	-6.25	163.684
58.75	0	-6.25	165.077
61.25	0	-6.25	167.067
63.75	0	-6.25	169.803
66.25	0	-6.25	173.103
68.75	0	-6.25	176.12
71.25	0	-6.25	178.097
73.75	0	-6.25	180.144
76.25	0	-6.25	180.381
78.75	0	-6.25	179.773
81.25	0	-6.25	179.571
83.75	0	-6.25	179.416
86.25	0	-6.25	179.073
88.75	0	-6.25	180.008
91.25	0	-6.25	181.587
93.75	0	-6.25	184.152
96.25	0	-6.25	186.227
98.75	0	-6.25	188.157
101.25	0	-6.25	190.119
103.75	0	-6.25	191.777
106.25	0	-6.25	192.113
108.75	0	-6.25	193.221
111.25	0	-6.25	194.624
113.75	0	-6.25	195.538
116.25	0	-6.25	195.276
118.75	0	-6.25	196.878
121.25	0	-6.25	197.561
123.75	0	-6.25	197.374
126.25	0	-6.25	197.024
128.75	0	-6.25	197.147
131.25	0	-6.25	197.209
133.75	0	-6.25	197.118
136.25	0	-6.25	197.453
138.75	0	-6.25	198.669
-137.5	0	-7.5	345.448
-135	0	-7.5	346.337
-132.5	0	-7.5	345.991
-130	0	-7.5	346.472
-127.5	0	-7.5	346.587
-125	0	-7.5	346.754
-122.5	0	-7.5	346.686
-120	0	-7.5	346.238
-117.5	0	-7.5	346.31
-115	0	-7.5	345.895
-112.5	0	-7.5	345.447
-110	0	-7.5	344.757
-107.5	0	-7.5	343.859
-105	0	-7.5	343.238
-102.5	0	-7.5	342.429
-100	0	-7.5	341.029
-97.5	0	-7.5	339.759
-95	0	-7.5	338.541
-92.5	0	-7.5	337.96
-90	0	-7.5	337.358
-87.5	0	-7.5	336.672
-85	0	-7.5	336.393
-82.5	0	-7.5	336.135
-80	0	-7.5	336.233
-77.5	0	-7.5	335.663
-75	0	-7.5	334.632
-72.5	0	-7.5	333.442
-70	0	-7.5	332.324
-67.5	0	-7.5	330.401
-65	0	-7.5	327.614
-62.5	0	-7.5	324.589
-60	0	-7.5	321.631
-57.5	0	-7.5	318.846
-55	0	-7.5	315.1
-52.5	0	-7.5	311.167
-50	0	-7.5	307.249
-47.5	0	-7.5	303.389
-45	0	-7.5	299.115
-42.5	0	-7.5	294.604
-40	0	-7.5	290.685
-37.5	0	-7.5	287.061
-35	0	-7.5	284.409
-32.5	0	-7.5	282.436
-30	0	-7.5	281.338
-27.5	0	-7.5	280.716
-25	0	-7.5	280.262
-22.5	0	-7.5	278.85
-20	0	-7.5	275.675
-17.5	0	-7.5	271.768
-15	0	-7.5	267.097
-12.5	0	-7.5	261.279
-10	0	-7.5	254.701
-7.5	0	-7.5	247.617
-5	0	-7.5	241.301
-2.5	0	-7.5	235.287
0	0	-7.5	228.968
2.5	0	-7.5	222.251
5	0	-7.5	216.221
7.5	0	-7.5	210.772
10	0	-7.5	204.748
12.5	0	-7.5	198.416
15	0	-7.5	193.226
17.5	0	-7.5	189.05
20	0	-7.5	185.233
22.5	0	-7.5	181.713
25	0	-7.5	179.239
27.5	0	-7.5	179.013
30	0	-7.5	179.712
32.5	0	-7.5	179.519
35	0	-7.5	179.412
37.5	0	-7.5	178.739
40	0	-7.5	177.109
42.5	0	-7.5	174.305
45	0	-7.5	170.197
47.5	0	-7.5	165.873
50	0	-7.5	161.766
52.5	0	-7.5	158.897
55	0	-7.5	157.847
57.5	0	-7.5	157.772
60	0	-7.5	159.012
62.5	0	-7.5	162.253
65	0	-7.5	166.273
67.5	0	-7.5	169.491
70	0	-7.5	171.533
72.5	0	-7.5	173.07
75	0	-7.5	174.478
77.5	0	-7.5	174.123
80	0	-7.5	172.779
82.5	0	-7.5	171.781
85	0	-7.5	171.093
87.5	0	-7.5	171.775
90	0	-7.5	172.449
92.5	0	-7.5	174.298
95	0	-7.5	176.725
97.5	0	-7.5	179.377
100	0	-7.5	182.356
102.5	0	-7.5	184.173
105	0	-7.5	186.085
107.5	0	-7.5	188.844
110	0	-7.5	190.977
112.5	0	-7.5	192.056
115	0	-7.5	192.443
117.5	0	-7.5	193.689
120	0	-7.5	195.521
122.5	0	-7.5	195.794
125	0	-7.5	195.66
127.5	0	-7.5	196.083
130	0	-7.5	196.92
132.5	0	-7.5	196.922
135	0	-7.5	196.707
-133.75	0	-8.75	374.591
-131.25	0	-8.75	374.935
-128.75	0	-8.75	375.347
-126.25	0	-8.75	375.491
-123.75	0	-8.75	375.287
-121.25	0	-8.75	375.167
-118.75	0	-8.75	374.984
-116.25	0	-8.75	374.686
-113.75	0	-8.75	374.052
-111.25	0	-8.75	372.879
-108.75	0	-8.75	371.855
-106.25	0	-8.75	370.806
-103.75	0	-8.75	369.615
-101.25	0	-8.75	368.265
-98.75	0	-8.75	366.794
-96.25	0	-8.75	365.494
-93.75	0	-8.75	364.524
-91.25	0	-8.75	363.712
-88.75	0	-8.75	363.24
-86.25	0	-8.75	362.875
-83.75	0	-8.75	362.573
-81.25	0	-8.75	362.266
-78.75	0	-8.75	361.862
-76.25	0	-8.75	361.261
-73.75	0	-8.75	360.176
-71.25	0	-8.75	358.414
-68.75	0	-8.75	356.073
-66.25	0	-8.75	353.135
-63.75	0	-8.75	349.588
-61.25	0	-8.75	345.463
-58.75	0	-8.75	341.001
-56.25	0	-8.75	336.08
-53.75	0	-8.75	330.915
-51.25	0	-8.75	325.259
-48.75	0	-8.75	319.314
-46.25	0	-8.75	313.486
-43.75	0	-8.75	308.115
-41.25	0	-8.75	303.412
-38.75	0	-8.75	299.646
-36.25	0	-8.75	297.244
-33.75	0	-8.75	296.215
-31.25	0	-8.75	296.011
-28.75	0	-8.75	295.957
-26.25	0	-8.75	295.471
-23.75	0	-8.75	294.076
-21.25	0	-8.75	291.742
-18.75	0	-8.75	288.187
-16.25	0	-8.75	282.806
-13.75	0	-8.75	276.305
-11.25	0	-8.75	269.256
-8.75	0	-8.75	261.728
-6.25	0	-8.75	254.523
-3.75	0	-8.75	247.363
-1.25	0	-8.75	239.871
1.25	0	-8.75	232.456
3.75	0	-8.75	225.362
6.25	0	-8.75	218.031
8.75	0	-8.75	210.826
11.25	0	-8.75	203.017
13.75	0	-8.75	195.645
16.25	0	-8.75	189.817
18.75	0	-8.75	185.078
21.25	0	-8.75	181.234
23.75	0	-8.75	178.883
26.25	0	-8.75	177.846
28.75	0	-8.75	178.085
31.25	0	-8.75	178.19
33.75	0	-8.75	178.081
36.25	0	-8.75	177.329
38.75	0	-8.75	176.235
41.25	0	-8.75	174.249
43.75	0	-8.75	170.492
46.25	0	-8.75	165.689
48.75	0	-8.75	161.794
51.25	0	-8.75	158.535
53.75	0	-8.75	156.622
56.25	0	-8.75	155.609
58.75	0	-8.75	155.503
61.25	0	-8.75	158.237
63.75	0	-8.75	161.822
66.25	0	-8.75	164.846
68.75	0	-8.75	167.417
71.25	0	-8.75	168.71
73.75	0	-8.75	169.601
76.25	0	-8.75	170.311
78.75	0	-8.75	169.151
81.25	0	-8.75	167.074
83.75	0	-8.75	165.219
86.25	0	-8.75	164.404
88.75	0	-8.75	164.58
91.25	0	-8.75	165.264
93.75	0	-8.75	166.452
96.25	0	-8.75	168.857
98.75	0	-8.75	171.669
101.25	0	-8.75	175.133
103.75	0	-8.75	178.533
106.25	0	-8.75	181.686
108.75	0	-8.75	183.964
111.25	0	-8.75	186.24
113.75	0	-8.75	188.333
116.25	0	-8.75	190.534
118.75	0	-8.75	192.364
121.25	0	-8.75	193.331
123.75	0	-8.75	193.985
126.25	0	-8.75	194.863
128.75	0	-8.75	195.782
131.25	0	-8.75	196.798
-130	0	-10	399.611
-127.5	0	-10	399.994
-125	0	-10	400.001
-122.5	0	-10	399.87
-120	0	-10	399.375
-117.5	0	-10	398.774
-115	0	-10	398.043
-112.5	0	-10	397.06
-110	0	-10	396.028
-107.5	0	-10	394.476
-105	0	-10	392.861
-102.5	0	-10	391.325
-100	0	-10	389.918
-97.5	0	-10	388.643
-95	0	-10	387.516
-92.5	0	-10	386.589
-90	0	-10	386.05
-87.5	0	-10	385.736
-85	0	-10	385.649
-82.5	0	-10	385.504
-80	0	-10	385.073
-77.5	0	-10	384.48
-75	0	-10	383.129
-72.5	0	-10	381.261
-70	0	-10	378.554
-67.5	0	-10	375.176
-65	0	-10	371.189
-62.5	0	-10	366.345
-60	0	-10	360.578
-57.5	0	-10	353.992
-55	0	-10	347.071
-52.5	0	-10	339.692
-50	0	-10	332.454
-47.5	0	-10	325.563
-45	0	-10	319.459
-42.5	0	-10	314.539
-40	0	-10	311.186
-37.5	0	-10	309.495
-35	0	-10	308.923
-32.5	0	-10	309.277
-30	0	-10	309.514
-27.5	0	-10	309.265
-25	0	-10	308.119
-22.5	0	-10	305.922
-20	0	-10	302.287
-17.5	0	-10	297.161
-15	0	-10	290.393
-12.5	0	-10	282.412
-10	0	-10	273.98
-7.5	0	-10	265.647
-5	0	-10	257.346
-2.5	0	-10	248.987
0	0	-10	240.708
2.5	0	-10	232.745
5	0	-10	224.908
7.5	0	-10	217.027
10	0	-10	208.913
12.5	0	-10	201.135
15	0	-10	194.202
17.5	0	-10	188.306
20	0	-10	184.201
22.5	0	-10	181.793
25	0	-10	180.528
27.5	0	-10	179.859
30	0	-10	179.562
32.5	0	-10	179.424
35	0	-10	179.164
37.5	0	-10	178.288
40	0	-10	176.094
42.5	0	-10	172.564
45	0	-10	168.442
47.5	0	-10	164.657
50	0	-10	161.321
52.5	0	-10	158.849
55	0	-10	157.199
57.5	0	-10	156.462
60	0	-10	157.483
62.5	0	-10	160.094
65	0	-10	163.012
67.5	0	-10	165.453
70	0	-10	166.948
72.5	0	-10	167.615
75	0	-10	167.716
77.5	0	-10	167.089
80	0	-10	165.493
82.5	0	-10	163.114
85	0	-10	160.721
87.5	0	-10	158.666
90	0	-10	157.869
92.5	0	-10	158.109
95	0	-10	159.116
97.5	0	-10	161.126
100	0	-10	164.54
102.5	0	-10	168.13
105	0	-10	171.501
107.5	0	-10	175.064
110	0	-10	178.431
112.5	0	-10	181.677
115	0	-10	184.985
117.5	0	-10	187.703
120	0	-10	189.608
122.5	0	-10	191.198
125	0	-10	192.58
127.5	0	-10	194.153
-126.25	0	-11.25	419.854
-123.75	0	-11.25	419.742
-121.25	0	-11.25	419.052
-118.75	0	-11.25	418.326
-116.25	0	-11.25	417.438
-113.75	0	-11.25	416.531
-111.25	0	-11.25	415.256
-108.75	0	-11.25	413.68
-106.25	0	-11.25	412.171
-103.75	0	-11.25	410.389
-101.25	0	-11.25	408.94
-98.75	0	-11.25	407.678
-96.25	0	-11.25	406.616
-93.75	0	-11.25	405.958
-91.25	0	-11.25	405.506
-88.75	0	-11.25	405.244
-86.25	0	-11.25	405.061
-83.75	0	-11.25	404.994
-81.25	0	-11.25	404.987
-78.75	0	-11.25	404.296
-76.25	0	-11.25	402.686
-73.75	0	-11.25	400.451
-71.25	0	-11.25	397.547
-68.75	0	-11.25	393.864
-66.25	0	-11.25	389.075
-63.75	0	-11.25	383.13
-61.25	0	-11.25	376.341
-58.75	0	-11.25	368.567
-56.25	0	-11.25	360.104
-53.75	0	-11.25	351.337
-51.25	0	-11.25	343.096
-48.75	0	-11.25	335.779
-46.25	0	-11.25	329.693
-43.75	0	-11.25	325.149
-41.25	0	-11.25	322.204
-38.75	0	-11.25	320.899
-36.25	0	-11.25	320.951
-33.75	0	-11.25	321.563
-31.25	0	-11.25	321.958
-28.75	0	-11.25	321.904
-26.25	0	-11.25	320.985
-23.75	0	-11.25	318.714
-21.25	0	-11.25	314.948
-18.75	0	-11.25	309.525
-16.25	0	-11.25	302.641
-13.75	0	-11.25	294.455
-11.25	0	-11.25	285.118
-8.75	0	-11.25	275.235
-6.25	0	-11.25	265.451
-3.75	0	-11.25	255.912
-1.25	0	-11.25	246.66
1.25	0	-11.25	237.732
3.75	0	-11.25	229.307
6.25	0	-11.25	221.513
8.75	0	-11.25	214.019
11.25	0	-11.25	207.093
13.75	0	-11.25	200.636
16.25	0	-11.25	195.206
18.75	0	-11.25	191.166
21.25	0	-11.25	188.282
23.75	0	-11.25	186.302
26.25	0	-11.25	185.206
28.75	0	-11.25	184.494
31.25	0	-11.25	184.411
33.75	0	-11.25	183.792
36.25	0	-11.25	182.374
38.75	0	-11.25	180.309
41.25	0	-11.25	177.15
43.75	0	-11.25	173.234
46.25	0	-11.25	169.492
48.75	0	-11.25	165.988
51.25	0	-11.25	163.403
53.75	0	-11.25	161.332
56.25	0	-11.25	159.818
58.75	0	-11.25	159.904
61.25	0	-11.25	161.093
63.75	0	-11.25	163.285
66.25	0	-11.25	165.582
68.75	0	-11.25	167.07
71.25	0	-11.25	167.971
73.75	0	-11.25	167.66
76.25	0	-11.25	166.906
78.75	0	-11.25	165.781
81.25	0	-11.25	163.169
83.75	0	-11.25	160.144
86.25	0	-11.25	157.081
88.75	0	-11.25	154.365
91.25	0	-11.25	152.5
93.75	0	-11.25	151.985
96.25	0	-11.25	153.057
98.75	0	-11.25	154.903
101.25	0	-11.25	156.759
103.75	0	-11.25	160.112
106.25	0	-11.25	164.034
108.75	0	-11.25	168.478
111.25	0	-11.25	172.834
113.75	0	-11.25	176.905
116.25	0	-11.25	180.716
118.75	0	-11.25	183.643
121.25	0	-11.25	186.219
123.75	0	-11.25	188.811
-122.5	0	-12.5	433.777
-120	0	-12.5	433.202
-117.5	0	-12.5	432.262
-115	0	-12.5	431.153
-112.5	0	-12.5	429.782
-110	0	-12.5	428.37
-107.5	0	-12.5	426.91
-105	0	-12.5	425.423
-102.5	0	-12.5	424.146
-100	0	-12.5	422.941
-97.5	0	-12.5	422.195
-95	0	-12.5	421.726
-92.5	0	-12.5	421.469
-90	0	-12.5	421.382
-87.5	0	-12.5	421.408
-85	0	-12.5	421.433
-82.5	0	-12.5	421.094
-80	0	-12.5	420.213
-77.5	0	-12.5	418.734
-75	0	-12.5	416.486
-72.5	0	-12.5	413.09
-70	0	-12.5	408.648
-67.5	0	-12.5	402.975
-65	0	-12.5	396.24
-62.5	0	-12.5	388.273
-60	0	-12.5	379.247
-57.5	0	-12.5	369.875
-55	0	-12.5	360.76
-52.5	0	-12.5	352.407
-50	0	-12.5	344.971
-47.5	0	-12.5	339.22
-45	0	-12.5	335.22
-42.5	0	-12.5	332.932
-40	0	-12.5	332.05
-37.5	0	-12.5	332.11
-35	0	-12.5	332.871
-32.5	0	-12.5	333.704
-30	0	-12.5	333.938
-27.5	0	-12.5	332.744
-25	0	-12.5	330.291
-22.5	0	-12.5	326.303
-20	0	-12.5	320.779
-17.5	0	-12.5	313.584
-15	0	-12.5	304.855
-12.5	0	-12.5	294.837
-10	0	-12.5	284.087
-7.5	0	-12.5	272.9
-5	0	-12.5	261.614
-2.5	0	-12.5	250.827
0	0	-12.5	240.909
2.5	0	-12.5	232.084
5	0	-12.5	224.307
7.5	0	-12.5	217.422
10	0	-12.5	211.635
12.5	0	-12.5	207.059
15	0	-12.5	203.259
17.5	0	-12.5	200.065
20	0	-12.5	197.455
22.5	0	-12.5	195.557
25	0	-12.5	194.117
27.5	0	-12.5	193.107
30	0	-12.5	192.214
32.5	0	-12.5	191.109
35	0	-12.5	189.438
37.5	0	-12.5	186.859
40	0	-12.5	183.5
42.5	0	-12.5	179.846
45	0	-12.5	176.132
47.5	0	-12.5	172.35
50	0	-12.5	169.304
52.5	0	-12.5	166.776
55	0	-12.5	164.778
57.5	0	-12.5	164.04
60	0	-12.5	164.418
62.5	0	-12.5	165.48
65	0	-12.5	167.129
67.5	0	-12.5	168.691
70	0	-12.5	169.513
72.5	0	-12.5	169.705
75	0	-12.5	168.973
77.5	0	-12.5	167.342
80	0	-12.5	165.155
82.5	0	-12.5	162.014
85	0	-12.5	158.194
87.5	0	-12.5	154.538
90	0	-12.5	151.5
92.5	0	-12.5	149.415
95	0	-12.5	148.026
97.5	0	-12.5	147.431
100	0	-12.5	148.192
102.5	0	-12.5	150.246
105	0	-12.5	153.203
107.5	0	-12.5	157.271
110	0	-12.5	161.819
112.5	0	-12.5	166.756
115	0	-12.5	171.44
117.5	0	-12.5	175.349
120	0	-12.5	178.922
-118.75	0	-13.75	442.192
-116.25	0	-13.75	441.167
-113.75	0	-13.75	439.915
-111.25	0	-13.75	438.714
-108.75	0	-13.75	437.489
-106.25	0	-13.75	436.357
-103.75	0	-13.75	435.406
-101.25	0	-13.75	434.699
-98.75	0	-13.75	434.447
-96.25	0	-13.75	434.224
-93.75	0	-13.75	434.183
-91.25	0	-13.75	434.363
-88.75	0	-13.75	434.563
-86.25	0	-13.75	434.572
-83.75	0	-13.75	434.047
-81.25	0	-13.75	432.976
-78.75	0	-13.75	431.235
-76.25	0	-13.75	428.615
-73.75	0	-13.75	424.921
-71.25	0	-13.75	419.795
-68.75	0	-13.75	413.231
-66.25	0	-13.75	405.391
-63.75	0	-13.75	396.487
-61.25	0	-13.75	386.904
-58.75	0	-13.75	377.31
-56.25	0	-13.75	368.207
-53.75	0	-13.75	360.192
-51.25	0	-13.75	353.637
-48.75	0	-13.75	348.577
-46.25	0	-13.75	345.003
-43.75	0	-13.75	343.042
-41.25	0	-13.75	342.376
-38.75	0	-13.75	342.727
-36.25	0	-13.75	343.76
-33.75	0	-13.75	344.733
-31.25	0	-13.75	344.826
-28.75	0	-13.75	343.7
-26.25	0	-13.75	341.078
-23.75	0	-13.75	336.787
-21.25	0	-13.75	330.871
-18.75	0	-13.75	323.349
-16.25	0	-13.75	314.237
-13.75	0	-13.75	303.737
-11.25	0	-13.75	292.157
-8.75	0	-13.75	279.793
-6.25	0	-13.75	267.147
-3.75	0	-13.75	255.011
-1.25	0	-13.75	243.958
1.25	0	-13.75	234.402
3.75	0	-13.75	226.497
6.25	0	-13.75	220.144
8.75	0	-13.75	215.477
11.25	0	-13.75	212.332
13.75	0	-13.75	210.177
16.25	0	-13.75	208.406
18.75	0	-13.75	207.191
21.25	0	-13.75	206.326
23.75	0	-13.75	205.614
26.25	0	-13.75	204.526
28.75	0	-13.75	202.982
31.25	0	-13.75	201.033
33.75	0	-13.75	198.762
36.25	0	-13.75	195.854
38.75	0	-13.75	192.15
41.25	0	-13.75	187.97
43.75	0	-13.75	183.91
46.25	0	-13.75	180.124
48.75	0	-13.75	176.596
51.25	0	-13.75	173.325
53.75	0	-13.75	170.653
56.25	0	-13.75	169.288
58.75	0	-13.75	168.95
61.25	0	-13.75	169.197
63.75	0	-13.75	170.015
66.25	0	-13.75	171.079
68.75	0	-13.75	172.113
71.25	0	-13.75	172.548
73.75	0	-13.75	172.082
76.25	0	-13.75	170.556
78.75	0	-13.75	168.335
81.25	0	-13.75	165.535
83.75	0	-13.75	161.742
86.25	0	-13.75	157.746
88.75	0	-13.75	153.91
91.25	0	-13.75	150.334
93.75	0	-13.75	147.131
96.25	0	-13.75	144.787
98.75	0	-13.75	143.412
101.25	0	-13.75	143.523
103.75	0	-13.75	145.039
106.25	0	-13.75	147.726
108.75	0	-13.75	151.121
111.25	0	-13.75	155.576
113.75	0	-13.75	160.328
116.25	0	-13.75	164.971
-115	0	-15	445.717
-112.5	0	-15	444.965
-110	0	-15	444.169
-107.5	0	-15	443.525
-105	0	-15	443.124
-102.5	0	-15	443.045
-100	0	-15	443.185
-97.5	0	-15	443.451
-95	0	-15	443.984
-92.5	0	-15	444.373
-90	0	-15	444.595
-87.5	0	-15	444.45
-85	0	-15	443.831
-82.5	0	-15	442.644
-80	0	-15	440.506
-77.5	0	-15	437.316
-75	0	-15	432.795
-72.5	0	-15	426.929
-70	0	-15	419.712
-67.5	0	-15	411.215
-65	0	-15	401.745
-62.5	0	-15	392.124
-60	0	-15	382.898
-57.5	0	-15	374.462
-55	0	-15	367.25
-52.5	0	-15	361.416
-50	0	-15	357.133
-47.5	0	-15	354.27
-45	0	-15	352.622
-42.5	0	-15	352.034
-40	0	-15	352.623
-37.5	0	-15	353.871
-35	0	-15	354.866
-32.5	0	-15	354.973
-30	0	-15	353.652
-27.5	0	-15	350.888
-25	0	-15	346.404
-22.5	0	-15	340.198
-20	0	-15	332.197
-17.5	0	-15	322.713
-15	0	-15	311.887
-12.5	0	-15	299.913
-10	0	-15	286.81
-7.5	0	-15	273.169
-5	0	-15	260.059
-2.5	0	-15	248.252
0	0	-15	238.101
2.5	0	-15	229.766
5	0	-15	223.568
7.5	0	-15	219.511
10	0	-15	217.202
12.5	0	-15	215.914
15	0	-15	215.505
17.5	0	-15	215.726
20	0	-15	216.404
22.5	0	-15	216.923
25	0	-15	216.631
27.5	0	-15	215.431
30	0	-15	213.286
32.5	0	-15	210.324
35	0	-15	206.791
37.5	0	-15	202.5
40	0	-15	197.808
42.5	0	-15	193.333
45	0	-15	188.859
47.5	0	-15	184.762
50	0	-15	181.026
52.5	0	-15	177.693
55	0	-15	175.454
57.5	0	-15	174.233
60	0	-15	173.812
62.5	0	-15	173.913
65	0	-15	174.351
67.5	0	-15	175.152
70	0	-15	175.656
72.5	0	-15	175.417
75	0	-15	174.484
77.5	0	-15	172.51
80	0	-15	169.846
82.5	0	-15	166.907
85	0	-15	163.125
87.5	0	-15	158.747
90	0	-15	154.072
92.5	0	-15	149.75
95	0	-15	146.18
97.5	0	-15	143.356
100	0	-15	141.527
102.5	0	-15	140.741
105	0	-15	141.366
107.5	0	-15	143.271
110	0	-15	146.193
112.5	0	-15	149.733
-111.25	0	-16.25	447.041
-108.75	0	-16.25	447.226
-106.25	0	-16.25	447.523
-103.75	0	-16.25	448.047
-101.25	0	-16.25	448.703
-98.75	0	-16.25	449.569
-96.25	0	-16.25	450.52
-93.75	0	-16.25	451.203
-91.25	0	-16.25	451.57
-88.75	0	-16.25	451.358
-86.25	0	-16.25	450.594
-83.75	0	-16.25	449.036
-81.25	0	-16.25	446.351
-78.75	0	-16.25	442.481
-76.25	0	-16.25	437.224
-73.75	0	-16.25	430.553
-71.25	0	-16.25	422.62
-68.75	0	-16.25	413.772
-66.25	0	-16.25	404.74
-63.75	0	-16.25	395.78
-61.25	0	-16.25	387.262
-58.75	0	-16.25	379.774
-56.25	0	-16.25	373.556
-53.75	0	-16.25	368.602
-51.25	0	-16.25	364.92
-48.75	0	-16.25	362.387
-46.25	0	-16.25	361.076
-43.75	0	-16.25	361.029
-41.25	0	-16.25	361.887
-38.75	0	-16.25	363.017
-36.25	0	-16.25	363.941
-33.75	0	-16.25	363.94
-31.25	0	-16.25	362.652
-28.75	0	-16.25	359.738
-26.25	0	-16.25	354.984
-23.75	0	-16.25	348.437
-21.25	0	-16.25	340.29
-18.75	0	-16.25	330.625
-16.25	0	-16.25	319.544
-13.75	0	-16.25	307.308
-11.25	0	-16.25	294.162
-8.75	0	-16.25	280.533
-6.25	0	-16.25	267.068
-3.75	0	-16.25	254.578
-1.25	0	-16.25	243.913
1.25	0	-16.25	235.473
3.75	0	-16.25	229.143
6.25	0	-16.25	224.889
8.75	0	-16.25	222.457
11.25	0	-16.25	221.615
13.75	0	-16.25	222.043
16.25	0	-16.25	223.321
18.75	0	-16.25	224.874
21.25	0	-16.25	226.362
23.75	0	-16.25	227.254
26.25	0	-16.25	227.138
28.75	0	-16.25	225.724
31.25	0	-16.25	223.041
33.75	0	-16.25	219.157
36.25	0	-16.25	214.345
38.75	0	-16.25	209.148
41.25	0	-16.25	203.882
43.75	0	-16.25	198.789
46.25	0	-16.25	194.12
48.75	0	-16.25	189.716
51.25	0	-16.25	185.609
53.75	0	-16.25	182.603
56.25	0	-16.25	180.583
58.75	0	-16.25	179.186
61.25	0	-16.25	178.559
63.75	0	-16.25	178.4
66.25	0	-16.25	178.513
68.75	0	-16.25	178.755
71.25	0	-16.25	178.843
73.75	0	-16.25	178.232
76.25	0	-16.25	176.905
78.75	0	-16.25	174.97
81.25	0	-16.25	172.417
83.75	0	-16.25	169.238
86.25	0	-16.25	164.951
88.75	0	-16.25	160.174
91.25	0	-16.25	155.369
93.75	0	-16.25	150.831
96.25	0	-16.25	146.755
98.75	0	-16.25	143.475
101.25	0	-16.25	141.106
103.75	0	-16.25	139.699
106.25	0	-16.25	139.275
108.75	0	-16.25	140.154
-107.5	0	-17.5	448.509
-105	0	-17.5	449.806
-102.5	0	-17.5	451.167
-100	0	-17.5	452.598
-97.5	0	-17.5	453.801
-95	0	-17.5	454.732
-92.5	0	-17.5	455.245
-90	0	-17.5	455.117
-87.5	0	-17.5	454.231
-85	0	-17.5	452.131
-82.5	0	-17.5	448.79
-80	0	-17.5	444.173
-77.5	0	-17.5	438.151
-75	0	-17.5	430.955
-72.5	0	-17.5	422.786
-70	0	-17.5	414.303
-67.5	0	-17.5	405.889
-65	0	-17.5	397.841
-62.5	0	-17.5	390.692
-60	0	-17.5	384.466
-57.5	0	-17.5	379.127
-55	0	-17.5	374.879
-52.5	0	-17.5	371.658
-50	0	-17.5	369.545
-47.5	0	-17.5	368.671
-45	0	-17.5	368.832
-42.5	0	-17.5	369.774
-40	0	-17.5	371.098
-37.5	0	-17.5	372.021
-35	0	-17.5	371.841
-32.5	0	-17.5	370.301
-30	0	-17.5	367.239
-27.5	0	-17.5	362.377
-25	0	-17.5	355.757
-22.5	0	-17.5	347.468
-20	0	-17.5	337.744
-17.5	0	-17.5	326.78
-15	0	-17.5	314.909
-12.5	0	-17.5	302.214
-10	0	-17.5	289.122
-7.5	0	-17.5	276.145
-5	0	-17.5	263.815
-2.5	0	-17.5	252.902
0	0	-17.5	243.974
2.5	0	-17.5	237.178
5	0	-17.5	232.34
7.5	0	-17.5	229.542
10	0	-17.5	228.473
12.5	0	-17.5	228.923
15	0	-17.5	230.435
17.5	0	-17.5	232.463
20	0	-17.5	234.378
22.5	0	-17.5	235.851
25	0	-17.5	236.623
27.5	0	-17.5	236.24
30	0	-17.5	234.484
32.5	0	-17.5	231.238
35	0	-17.5	226.682
37.5	0	-17.5	221.27
40	0	-17.5	215.534
42.5	0	-17.5	209.766
45	0	-17.5	204.401
47.5	0	-17.5	199.39
50	0	-17.5	194.687
52.5	0	-17.5	190.815
55	0	-17.5	187.753
57.5	0	-17.5	185.594
60	0	-17.5	184.141
62.5	0	-17.5	183.058
65	0	-17.5	182.39
67.5	0	-17.5	182.116
70	0	-17.5	182.049
72.5	0	-17.5	181.768
75	0	-17.5	181.124
77.5	0	-17.5	179.981
80	0	-17.5	177.914
82.5	0	-17.5	175.016
85	0	-17.5	171.687
87.5	0	-17.5	167.481
90	0	-17.5	162.804
92.5	0	-17.5	157.883
95	0	-17.5	152.996
97.5	0	-17.5	148.65
100	0	-17.5	144.879
102.5	0	-17.5	141.925
105	0	-17.5	139.838
-103.75	0	-18.75	450.37
-101.25	0	-18.75	452.325
-98.75	0	-18.75	453.848
-96.25	0	-18.75	454.996
-93.75	0	-18.75	455.61
-91.25	0	-18.75	455.463
-88.75	0	-18.75	454.233
-86.25	0	-18.75	451.7
-83.75	0	-18.75	447.852
-81.25	0	-18.75	442.538
-78.75	0	-18.75	436.004
-76.25	0	-18.75	428.601
-73.75	0	-18.75	420.874
-71.25	0	-18.75	413.245
-68.75	0	-18.75	405.85
-66.25	0	-18.75	399.067
-63.75	0	-18.75	393.122
-61.25	0	-18.75	387.958
-58.75	0	-18.75	383.732
-56.25	0	-18.75	380.185
-53.75	0	-18.75	377.392
-51.25	0	-18.75	375.706
-48.75	0	-18.75	375.144
-46.25	0	-18.75	375.474
-43.75	0	-18.75	376.464
-41.25	0	-18.75	377.703
-38.75	0	-18.75	378.614
-36.25	0	-18.75	378.443
-33.75	0	-18.75	376.749
-31.25	0	-18.75	373.371
-28.75	0	-18.75	368.381
-26.25	0	-18.75	361.775
-23.75	0	-18.75	353.688
-21.25	0	-18.75	344.203
-18.75	0	-18.75	333.745
-16.25	0	-18.75	322.672
-13.75	0	-18.75	311.071
-11.25	0	-18.75	299.125
-8.75	0	-18.75	287.175
-6.25	0	-18.75	275.681
-3.75	0	-18.75	265.053
-1.25	0	-18.75	255.743
1.25	0	-18.75	248.047
3.75	0	-18.75	242.385
6.25	0	-18.75	238.833
8.75	0	-18.75	237.224
11.25	0	-18.75	237.104
13.75	0	-18.75	238.091
16.25	0	-18.75	239.842
18.75	0	-18.75	241.758
21.25	0	-18.75	243.341
23.75	0	-18.75	244.329
26.25	0	-18.75	244.421
28.75	0	-18.75	243.402
31.25	0	-18.75	241.122
33.75	0	-18.75	237.423
36.25	0	-18.75	232.618
38.75	0	-18.75	227.193
41.25	0	-18.75	221.359
43.75	0	-18.75	215.495
46.25	0	-18.75	209.895
48.75	0	-18.75	204.596
51.25	0	-18.75	200.046
53.75	0	-18.75	196.233
56.25	0	-18.75	193.052
58.75	0	-18.75	190.508
61.25	0	-18.75	188.537
63.75	0	-18.75	187.11
66.25	0	-18.75	186.035
68.75	0	-18.75	185.392
71.25	0	-18.75	185.198
73.75	0	-18.75	184.995
76.25	0	-18.75	184.244
78.75	0	-18.75	182.804
81.25	0	-18.75	180.715
83.75	0	-18.75	178.018
86.25	0	-18.75	174.879
88.75	0	-18.75	170.82
91.25	0	-18.75	166.11
93.75	0	-18.75	161.142
96.25	0	-18.75	156.129
98.75	0	-18.75	151.422
101.25	0	-18.75	147.304
-100	0	-20	450.439
-97.5	0	-20	451.893
-95	0	-20	452.502
-92.5	0	-20	452.145
-90	0	-20	450.533
-87.5	0	-20	447.609
-85	0	-20	443.281
-82.5	0	-20	437.694
-80	0	-20	431.243
-77.5	0	-20	424.325
-75	0	-20	417.457
-72.5	0	-20	410.876
-70	0	-20	404.822
-67.5	0	-20	399.433
-65	0	-20	394.623
-62.5	0	-20	390.491
-60	0	-20	386.955
-57.5	0	-20	384.044
-55	0	-20	382.043
-52.5	0	-20	380.89
-50	0	-20	380.429
-47.5	0	-20	380.806
-45	0	-20	381.824
-42.5	0	-20	383.055
-40	0	-20	383.804
-37.5	0	-20	383.386
-35	0	-20	381.531
-32.5	0	-20	378.159
-30	0	-20	373.153
-27.5	0	-20	366.599
-25	0	-20	358.769
-22.5	0	-20	349.986
-20	0	-20	340.596
-17.5	0	-20	330.804
-15	0	-20	320.598
-12.5	0	-20	310.192
-10	0	-20	299.866
-7.5	0	-20	289.696
-5	0	-20	279.743
-2.5	0	-20	270.26
0	0	-20	261.951
2.5	0	-20	255.423
5	0	-20	250.859
7.5	0	-20	248.015
10	0	-20	246.844
12.5	0	-20	247.009
15	0	-20	248.005
17.5	0	-20	249.345
20	0	-20	250.52
22.5	0	-20	251.171
25	0	-20	251.205
27.5	0	-20	250.424
30	0	-20	248.506
32.5	0	-20	245.511
35	0	-20	241.606
37.5	0	-20	237.061
40	0	-20	231.928
42.5	0	-20	226.473
45	0	-20	220.818
47.5	0	-20	215.126
50	0	-20	210.11
52.5	0	-20	205.657
55	0	-20	201.606
57.5	0	-20	198.069
60	0	-20	195.066
62.5	0	-20	192.601
65	0	-20	190.757
67.5	0	-20	189.568
70	0	-20	188.838
72.5	0	-20	188.394
75	0	-20	187.862
77.5	0	-20	187.06
80	0	-20	185.827
82.5	0	-20	184.001
85	0	-20	181.517
87.5	0	-20	178.469
90	0	-20	174.553
92.5	0	-20	169.901
95	0	-20	164.872
97.5	0	-20	159.811
-96.25	0	-21.25	445.562
-93.75	0	-21.25	445
-91.25	0	-21.25	443.086
-88.75	0	-21.25	439.851
-86.25	0	-21.25	435.34
-83.75	0	-21.25	429.99
-81.25	0	-21.25	424.241
-78.75	0	-21.25	418.418
-76.25	0	-21.25	412.803
-73.75	0	-21.25	407.564
-71.25	0	-21.25	402.89
-68.75	0	-21.25	398.672
-66.25	0	-21.25	394.972
-63.75	0	-21.25	391.72
-61.25	0	-21.25	388.917
-58.75	0	-21.25	386.768
-56.25	0	-21.25	385.326
-53.75	0	-21.25	384.467
-51.25	0	-21.25	384.413
-48.75	0	-21.25	384.965
-46.25	0	-21.25	385.912
-43.75	0	-21.25	386.983
-41.25	0	-21.25	387.516
-38.75	0	-21.25	386.9
-36.25	0	-21.25	384.875
-33.75	0	-21.25	381.392
-31.25	0	-21.25	376.472
-28.75	0	-21.25	370.288
-26.25	0	-21.25	363.187
-23.75	0	-21.25	355.376
-21.25	0	-21.25	347.304
-18.75	0	-21.25	339.092
-16.25	0	-21.25	330.701
-13.75	0	-21.25	322.188
-11.25	0	-21.25	313.615
-8.75	0	-21.25	304.885
-6.25	0	-21.25	295.937
-3.75	0	-21.25	287.068
-1.25	0	-21.25	278.595
1.25	0	-21.25	271.212
3.75	0	-21.25	265.419
6.25	0	-21.25	261.278
8.75	0	-21.25	258.642
11.25	0	-21.25	257.422
13.75	0	-21.25	257.325
16.25	0	-21.25	257.751
18.75	0	-21.25	258.16
21.25	0	-21.25	258.156
23.75	0	-21.25	257.578
26.25	0	-21.25	256.373
28.75	0	-21.25	254.451
31.25	0	-21.25	251.621
33.75	0	-21.25	248.151
36.25	0	-21.25	244.287
38.75	0	-21.25	240.041
41.25	0	-21.25	235.556
43.75	0	-21.25	230.688
46.25	0	-21.25	225.459
48.75	0	-21.25	220.466
51.25	0	-21.25	215.651
53.75	0	-21.25	211.037
56.25	0	-21.25	206.723
58.75	0	-21.25	202.745
61.25	0	-21.25	199.303
63.75	0	-21.25	196.561
66.25	0	-21.25	194.518
68.75	0	-21.25	192.999
71.25	0	-21.25	191.903
73.75	0	-21.25	191.29
76.25	0	-21.25	190.828
78.75	0	-21.25	190.2
81.25	0	-21.25	189.19
83.75	0	-21.25	187.509
86.25	0	-21.25	185.223
88.75	0	-21.25	182.335
91.25	0	-21.25	178.439
93.75	0	-21.25	173.913
-92.5	0	-22.5	431.762
-90	0	-22.5	428.594
-87.5	0	-22.5	424.46
-85	0	-22.5	419.993
-82.5	0	-22.5	415.424
-80	0	-22.5	410.973
-77.5	0	-22.5	406.879
-75	0	-22.5	403.163
-72.5	0	-22.5	399.816
-70	0	-22.5	396.727
-67.5	0	-22.5	393.942
-65	0	-22.5	391.486
-62.5	0	-22.5	389.521
-60	0	-22.5	388.124
-57.5	0	-22.5	387.131
-55	0	-22.5	386.711
-52.5	0	-22.5	386.866
-50	0	-22.5	387.545
-47.5	0	-22.5	388.609
-45	0	-22.5	389.595
-42.5	0	-22.5	389.873
-40	0	-22.5	389.008
-37.5	0	-22.5	386.849
-35	0	-22.5	383.405
-32.5	0	-22.5	378.69
-30	0	-22.5	373.045
-27.5	0	-22.5	366.93
-25	0	-22.5	360.568
-22.5	0	-22.5	354.108
-20	0	-22.5	347.614
-17.5	0	-22.5	341.114
-15	0	-22.5	334.538
-12.5	0	-22.5	327.78
-10	0	-22.5	320.541
-7.5	0	-22.5	312.907
-5	0	-22.5	305.009
-2.5	0	-22.5	297.029
0	0	-22.5	289.297
2.5	0	-22.5	282.362
5	0	-22.5	276.732
7.5	0	-22.5	272.581
10	0	-22.5	269.828
12.5	0	-22.5	268.229
15	0	-22.5	267.294
17.5	0	-22.5	266.596
20	0	-22.5	265.777
22.5	0	-22.5	264.397
25	0	-22.5	262.38
27.5	0	-22.5	259.823
30	0	-22.5	256.742
32.5	0	-22.5	253.254
35	0	-22.5	249.597
37.5	0	-22.5	245.792
40	0	-22.5	241.99
42.5	0	-22.5	238.127
45	0	-22.5	233.969
47.5	0	-22.5	229.716
50	0	-22.5	225.33
52.5	0	-22.5	220.794
55	0	-22.5	216.123
57.5	0	-22.5	211.485
60	0	-22.5	207.234
62.5	0	-22.5	203.544
65	0	-22.5	200.445
67.5	0	-22.5	197.893
70	0	-22.5	196.072
72.5	0	-22.5	194.977
75	0	-22.5	194.448
77.5	0	-22.5	194.067
80	0	-22.5	193.513
82.5	0	-22.5	192.659
85	0	-22.5	191.172
87.5	0	-22.5	188.983
90	0	-22.5	186.216
-88.75	0	-23.75	411.069
-86.25	0	-23.75	408.029
-83.75	0	-23.75	404.943
-81.25	0	-23.75	402.146
-78.75	0	-23.75	399.616
-76.25	0	-23.75	397.326
-73.75	0	-23.75	395.223
-71.25	0	-23.75	393.184
-68.75	0	-23.75	391.38
-66.25	0	-23.75	389.823
-63.75	0	-23.75	388.662
-61.25	0	-23.75	387.784
-58.75	0	-23.75	387.341
-56.25	0	-23.75	387.392
-53.75	0	-23.75	387.872
-51.25	0	-23.75	388.704
-48.75	0	-23.75	389.743
-46.25	0	-23.75	390.6
-43.75	0	-23.75	390.872
-41.25	0	-23.75	389.984
-38.75	0	-23.75	387.728
-36.25	0	-23.75	384.373
-33.75	0	-23.75	380.169
-31.25	0	-23.75	375.442
-28.75	0	-23.75	370.505
-26.25	0	-23.75	365.544
-23.75	0	-23.75	360.823
-21.25	0	-23.75	356.311
-18.75	0	-23.75	351.738
-16.25	0	-23.75	346.87
-13.75	0	-23.75	341.666
-11.25	0	-23.75	336.051
-8.75	0	-23.75	329.949
-6.25	0	-23.75	323.277
-3.75	0	-23.75	316.045
-1.25	0	-23.75	308.519
1.25	0	-23.75	301.084
3.75	0	-23.75	294.254
6.25	0	-23.75	288.549
8.75	0	-23.75	284.148
11.25	0	-23.75	280.868
13.75	0	-23.75	278.431
16.25	0	-23.75	276.364
18.75	0	-23.75	274.229
21.25	0	-23.75	271.876
23.75	0	-23.75	269.045
26.25	0	-23.75	265.622
28.75	0	-23.75	261.796
31.25	0	-23.75	257.855
33.75	0	-23.75	253.945
36.25	0	-23.75	250.163
38.75	0	-23.75	246.62
41.25	0	-23.75	243.245
43.75	0	-23.75	239.855
46.25	0	-23.75	236.626
48.75	0	-23.75	233.26
51.25	0	-23.75	229.513
53.75	0	-23.75	225.333
56.25	0	-23.75	220.807
58.75	0	-23.75	216.099
61.25	0	-23.75	211.519
63.75	0	-23.75	207.353
66.25	0	-23.75	203.889
68.75	0	-23.75	201.222
71.25	0	-23.75	199.361
73.75	0	-23.75	198.227
76.25	0	-23.75	197.692
78.75	0	-23.75	197.418
81.25	0	-23.75	196.955
83.75	0	-23.75	196.151
86.25	0	-23.75	194.81
-85	0	-25	392.82
-82.5	0	-25	391.781
-80	0	-25	390.751
-77.5	0	-25	389.822
-75	0	-25	388.823
-72.5	0	-25	387.826
-70	0	-25	387.032
-67.5	0	-25	386.439
-65	0	-25	386.015
-62.5	0	-25	385.778
-60	0	-25	385.878
-57.5	0	-25	386.355
-55	0	-25	387.181
-52.5	0	-25	388.293
-50	0	-25	389.391
-47.5	0	-25	390.293
-45	0	-25	390.535
-42.5	0	-25	389.655
-40	0	-25	387.707
-37.5	0	-25	384.878
-35	0	-25	381.41
-32.5	0	-25	377.73
-30	0	-25	374.123
-27.5	0	-25	370.704
-25	0	-25	367.662
-22.5	0	-25	364.873
-20	0	-25	361.993
-17.5	0	-25	358.755
-15	0	-25	355.173
-12.5	0	-25	351.052
-10	0	-25	346.361
-7.5	0	-25	340.951
-5	0	-25	334.761
-2.5	0	-25	327.867
0	0	-25	320.533
2.5	0	-25	313.136
5	0	-25	306.214
7.5	0	-25	300.27
10	0	-25	295.348
12.5	0	-25	291.197
15	0	-25	287.534
17.5	0	-25	284.046
20	0	-25	280.399
22.5	0	-25	276.476
25	0	-25	272.148
27.5	0	-25	267.466
30	0	-25	262.759
32.5	0	-25	258.278
35	0	-25	254.075
37.5	0	-25	250.355
40	0	-25	247.035
42.5	0	-25	243.935
45	0	-25	241.291
47.5	0	-25	238.784
50	0	-25	236.056
52.5	0	-25	232.983
55	0	-25	229.29
57.5	0	-25	224.899
60	0	-25	220.042
62.5	0	-25	215.273
65	0	-25	210.955
67.5	0	-25	207.375
70	0	-25	204.622
72.5	0	-25	202.686
75	0	-25	201.555
77.5	0	-25	201.025
80	0	-25	200.744
82.5	0	-25	200.385
-81.25	0	-26.25	379.952
-78.75	0	-26.25	380.31
-76.25	0	-26.25	380.432
-73.75	0	-26.25	380.566
-71.25	0	-26.25	380.75
-68.75	0	-26.25	380.963
-66.25	0	-26.25	381.332
-63.75	0	-26.25	381.836
-61.25	0	-26.25	382.598
-58.75	0	-26.25	383.532
-56.25	0	-26.25	384.751
-53.75	0	-26.25	386.117
-51.25	0	-26.25	387.499
-48.75	0	-26.25	388.641
-46.25	0	-26.25	389.077
-43.75	0	-26.25	388.499
-41.25	0	-26.25	387.059
-38.75	0	-26.25	385.043
-36.25	0	-26.25	382.712
-33.75	0	-26.25	380.302
-31.25	0	-26.25	378.034
-28.75	0	-26.25	376.109
-26.25	0	-26.25	374.581
-23.75	0	-26.25	373.252
-21.25	0	-26.25	371.73
-18.75	0	-26.25	369.915
-16.25	0	-26.25	367.806
-13.75	0	-26.25	365.165
-11.25	0	-26.25	361.801
-8.75	0	-26.25	357.549
-6.25	0	-26.25	352.41
-3.75	0	-26.25	346.416
-1.25	0	-26.25	339.72
1.25	0	-26.25	332.443
3.75	0	-26.25	324.942
6.25	0	-26.25	317.794
8.75	0	-26.25	311.39
11.25	0	-26.25	305.637
13.75	0	-26.25	300.28
16.25	0	-26.25	295.195
18.75	0	-26.25	290.167
21.25	0	-26.25	285.013
23.75	0	-26.25	279.63
26.25	0	-26.25	273.968
28.75	0	-26.25	268.34
31.25	0	-26.25	263.119
33.75	0	-26.25	258.334
36.25	0	-26.25	254.053
38.75	0	-26.25	250.375
41.25	0	-26.25	247.182
43.75	0	-26.25	244.684
46.25	0	-26.25	242.588
48.75	0	-26.25	240.615
51.25	0	-26.25	238.423
53.75	0	-26.25	235.687
56.25	0	-26.25	232.202
58.75	0	-26.25	228.048
61.25	0	-26.25	223.43
63.75	0	-26.25	218.751
66.25	0	-26.25	214.416
68.75	0	-26.25	210.761
71.25	0	-26.25	207.967
73.75	0	-26.25	206.008
76.25	0	-26.25	204.844
78.75	0	-26.25	204.336
-77.5	0	-27.5	369.868
-75	0	-27.5	371.158
-72.5	0	-27.5	372.241
-70	0	-27.5	373.335
-67.5	0	-27.5	374.476
-65	0	-27.5	375.754
-62.5	0	-27.5	377.165
-60	0	-27.5	378.72
-57.5	0	-27.5	380.442
-55	0	-27.5	382.24
-52.5	0	-27.5	384.067
-50	0	-27.5	385.635
-47.5	0	-27.5	386.579
-45	0	-27.5	386.773
-42.5	0	-27.5	386.258
-40	0	-27.5	385.347
-37.5	0	-27.5	384.228
-35	0	-27.5	383.1
-32.5	0	-27.5	382.32
-30	0	-27.5	381.81
-27.5	0	-27.5	381.495
-25	0	-27.5	381.229
-22.5	0	-27.5	380.894
-20	0	-27.5	380.347
-17.5	0	-27.5	379.454
-15	0	-27.5	377.962
-12.5	0	-27.5	375.757
-10	0	-27.5	372.694
-7.5	0	-27.5	368.672
-5	0	-27.5	363.676
-2.5	0	-27.5	357.814
0	0	-27.5	351.131
2.5	0	-27.5	343.832
5	0	-27.5	336.198
7.5	0	-27.5	328.606
10	0	-27.5	321.39
12.5	0	-27.5	314.505
15	0	-27.5	307.805
17.5	0	-27.5	301.238
20	0	-27.5	294.72
22.5	0	-27.5	288.112
25	0	-27.5	281.476
27.5	0	-27.5	274.931
30	0	-27.5	268.734
32.5	0	-27.5	263.129
35	0	-27.5	258.266
37.5	0	-27.5	254.044
40	0	-27.5	250.426
42.5	0	-27.5	247.683
45	0	-27.5	245.639
47.5	0	-27.5	243.961
50	0	-27.5	242.243
52.5	0	-27.5	240.114
55	0	-27.5	237.523
57.5	0	-27.5	234.336
60	0	-27.5	230.544
62.5	0	-27.5	226.217
65	0	-27.5	221.741
67.5	0	-27.5	217.563
70	0	-27.5	213.962
72.5	0	-27.5	211.148
75	0	-27.5	209.215
-73.75	0	-28.75	361.316
-71.25	0	-28.75	363.37
-68.75	0	-28.75	365.339
-66.25	0	-28.75	367.367
-63.75	0	-28.75	369.487
-61.25	0	-28.75	371.706
-58.75	0	-28.75	374.084
-56.25	0	-28.75	376.564
-53.75	0	-28.75	379.089
-51.25	0	-28.75	381.4
-48.75	0	-28.75	383.351
-46.25	0	-28.75	384.663
-43.75	0	-28.75	385.449
-41.25	0	-28.75	385.923
-38.75	0	-28.75	386.145
-36.25	0	-28.75	386.416
-33.75	0	-28.75	386.862
-31.25	0	-28.75	387.429
-28.75	0	-28.75	388.147
-26.25	0	-28.75	388.919
-23.75	0	-28.75	389.497
-21.25	0	-28.75	389.855
-18.75	0	-28.75	389.918
-16.25	0	-28.75	389.394
-13.75	0	-28.75	388.148
-11.25	0	-28.75	386.064
-8.75	0	-28.75	383.128
-6.25	0	-28.75	379.26
-3.75	0	-28.75	374.445
-1.25	0	-28.75	368.628
1.25	0	-28.75	361.933
3.75	0	-28.75	354.483
6.25	0	-28.75	346.484
8.75	0	-28.75	338.178
11.25	0	-28.75	329.878
13.75	0	-28.75	321.692
16.25	0	-28.75	313.585
18.75	0	-28.75	305.624
21.25	0	-28.75	297.726
23.75	0	-28.75	289.919
26.25	0	-28.75	282.427
28.75	0	-28.75	275.363
31.25	0	-28.75	268.828
33.75	0	-28.75	263.122
36.25	0	-28.75	258.294
38.75	0	-28.75	254.167
41.25	0	-28.75	251.051
43.75	0	-28.75	248.707
46.25	0	-28.75	246.856
48.75	0	-28.75	245.197
51.25	0	-28.75	243.498
53.75	0	-28.75	241.436
56.25	0	-28.75	238.937
58.75	0	-28.75	235.912
61.25	0	-28.75	232.308
63.75	0	-28.75	228.303
66.25	0	-28.75	224.158
68.75	0	-28.75	220.21
71.25	0	-28.75	216.815
-70	0	-30	353.687
-67.5	0	-30	356.575
-65	0	-30	359.434
-62.5	0	-30	362.465
-60	0	-30	365.657
-57.5	0	-30	369.029
-55	0	-30	372.529
-52.5	0	-30	376.097
-50	0	-30	379.509
-47.5	0	-30	382.381
-45	0	-30	384.743
-42.5	0	-30	386.729
-40	0	-30	388.445
-37.5	0	-30	390.044
-35	0	-30	391.563
-32.5	0	-30	392.961
-30	0	-30	394.472
-27.5	0	-30	396
-25	0	-30	397.39
-22.5	0	-30	398.459
-20	0	-30	399.144
-17.5	0	-30	399.322
-15	0	-30	398.874
-12.5	0	-30	397.714
-10	0	-30	395.736
-7.5	0	-30	392.888
-5	0	-30	389.187
-2.5	0	-30	384.495
0	0	-30	378.731
2.5	0	-30	371.91
5	0	-30	364.111
7.5	0	-30	355.411
10	0	-30	346.115
12.5	0	-30	336.602
15	0	-30	327.062
17.5	0	-30	317.612
20	0	-30	308.369
22.5	0	-30	299.387
25	0	-30	290.786
27.5	0	-30	282.808
30	0	-30	275.453
32.5	0	-30	268.91
35	0	-30	263.312
37.5	0	-30	258.608
40	0	-30	254.968
42.5	0	-30	252.199
45	0	-30	249.986
47.5	0	-30	248.172
50	0	-30	246.484
52.5	0	-30	244.681
55	0	-30	242.546
57.5	0	-30	239.997
60	0	-30	236.973
62.5	0	-30	233.497
65	0	-30	229.702
67.5	0	-30	225.899
-66.25	0	-31.25	346.947
-63.75	0	-31.25	350.957
-61.25	0	-31.25	355.172
-58.75	0	-31.25	359.712
-56.25	0	-31.25	364.629
-53.75	0	-31.25	369.845
-51.25	0	-31.25	375.052
-48.75	0	-31.25	379.828
-46.25	0	-31.25	384.061
-43.75	0	-31.25	387.74
-41.25	0	-31.25	390.94
-38.75	0	-31.25	393.685
-36.25	0	-31.25	396.075
-33.75	0	-31.25	398.308
-31.25	0	-31.25	400.45
-28.75	0	-31.25	402.526
-26.25	0	-31.25	404.377
-23.75	0	-31.25	405.881
-21.25	0	-31.25	407.084
-18.75	0	-31.25	407.817
-16.25	0	-31.25	408.007
-13.75	0	-31.25	407.572
-11.25	0	-31.25	406.473
-8.75	0	-31.25	404.638
-6.25	0	-31.25	402
-3.75	0	-31.25	398.381
-1.25	0	-31.25	393.724
1.25	0	-31.25	387.906
3.75	0	-31.25	380.808
6.25	0	-31.25	372.349
8.75	0	-31.25	362.682
11.25	0	-31.25	352.198
13.75	0	-31.25	341.417
16.25	0	-31.25	330.628
18.75	0	-31.25	319.96
21.25	0	-31.25	309.679
23.75	0	-31.25	299.986
26.25	0	-31.25	291.022
28.75	0	-31.25	282.844
31.25	0	-31.25	275.534
33.75	0	-31.25	269.19
36.25	0	-31.25	263.829
38.75	0	-31.25	259.606
41.25	0	-31.25	256.239
43.75	0	-31.25	253.657
46.25	0	-31.25	251.584
48.75	0	-31.25	249.732
51.25	0	-31.25	247.852
53.75	0	-31.25	245.81
56.25	0	-31.25	243.472
58.75	0	-31.25	240.761
61.25	0	-31.25	237.646
63.75	0	-31.25	234.21
-62.5	0	-32.5	342.657
-60	0	-32.5	348.821
-57.5	0	-32.5	355.541
-55	0	-32.5	362.754
-52.5	0	-32.5	370.018
-50	0	-32.5	376.865
-47.5	0	-32.5	383.108
-45	0	-32.5	388.608
-42.5	0	-32.5	393.239
-40	0	-32.5	397.026
-37.5	0	-32.5	400.317
-35	0	-32.5	403.199
-32.5	0	-32.5	405.871
-30	0	-32.5	408.329
-27.5	0	-32.5	410.432
-25	0	-32.5	412.202
-22.5	0	-32.5	413.692
-20	0	-32.5	414.795
-17.5	0	-32.5	415.532
-15	0	-32.5	415.788
-12.5	0	-32.5	415.448
-10	0	-32.5	414.488
-7.5	0	-32.5	412.836
-5	0	-32.5	410.323
-2.5	0	-32.5	406.779
0	0	-32.5	402.039
2.5	0	-32.5	395.936
5	0	-32.5	388.245
7.5	0	-32.5	378.898
10	0	-32.5	368.091
12.5	0	-32.5	356.376
15	0	-32.5	344.376
17.5	0	-32.5	332.432
20	0	-32.5	320.805
22.5	0	-32.5	309.892
25	0	-32.5	299.904
27.5	0	-32.5	290.832
30	0	-32.5	282.844
32.5	0	-32.5	275.834
35	0	-32.5	269.737
37.5	0	-32.5	264.857
40	0	-32.5	261.062
42.5	0	-32.5	258.019
45	0	-32.5	255.559
47.5	0	-32.5	253.423
50	0	-32.5	251.376
52.5	0	-32.5	249.25
55	0	-32.5	246.912
57.5	0	-32.5	244.239
60	0	-32.5	241.3
-58.75	0	-33.75	345.322
-56.25	0	-33.75	354.811
-53.75	0	-33.75	364.316
-51.25	0	-33.75	373.372
-48.75	0	-33.75	381.608
-46.25	0	-33.75	388.824
-43.75	0	-33.75	394.823
-41.25	0	-33.75	399.775
-38.75	0	-33.75	403.96
-36.25	0	-33.75	407.453
-33.75	0	-33.75	410.525
-31.25	0	-33.75	413.202
-28.75	0	-33.75	415.442
-26.25	0	-33.75	417.37
-23.75	0	-33.75	419.058
-21.25	0	-33.75	420.442
-18.75	0	-33.75	421.536
-16.25	0	-33.75	422.3
-13.75	0	-33.75	422.706
-11.25	0	-33.75	422.567
-8.75	0	-33.75	421.808
-6.25	0	-33.75	420.276
-3.75	0	-33.75	417.821
-1.25	0	-33.75	414.236
1.25	0	-33.75	409.241
3.75	0	-33.75	402.527
6.25	0	-33.75	393.952
8.75	0	-33.75	383.545
11.25	0	-33.75	371.593
13.75	0	-33.75	358.694
16.25	0	-33.75	345.561
18.75	0	-33.75	332.697
21.25	0	-33.75	320.517
23.75	0	-33.75	309.385
26.25	0	-33.75	299.385
28.75	0	-33.75	290.574
31.25	0	-33.75	282.929
33.75	0	-33.75	276.24
36.25	0	-33.75	270.771
38.75	0	-33.75	266.444
41.25	0	-33.75	263.024
43.75	0	-33.75	260.186
46.25	0	-33.75	257.712
48.75	0	-33.75	255.377
51.25	0	-33.75	253.054
53.75	0	-33.75	250.611
56.25	0	-33.75	247.935
-55	0	-35	357.752
-52.5	0	-35	369.041
-50	0	-35	379.17
-47.5	0	-35	387.97
-45	0	-35	395.391
-42.5	0	-35	401.528
-40	0	-35	406.574
-37.5	0	-35	410.699
-35	0	-35	414.149
-32.5	0	-35	416.993
-30	0	-35	419.363
-27.5	0	-35	421.359
-25	0	-35	423.161
-22.5	0	-35	424.785
-20	0	-35	426.196
-17.5	0	-35	427.375
-15	0	-35	428.291
-12.5	0	-35	428.849
-10	0	-35	428.955
-7.5	0	-35	428.376
-5	0	-35	426.919
-2.5	0	-35	424.408
0	0	-35	420.552
2.5	0	-35	414.991
5	0	-35	407.441
7.5	0	-35	397.805
10	0	-35	386.256
12.5	0	-35	373.19
15	0	-35	359.248
17.5	0	-35	345.243
20	0	-35	331.847
22.5	0	-35	319.497
25	0	-35	308.424
27.5	0	-35	298.711
30	0	-35	290.275
32.5	0	-35	283.069
35	0	-35	277.145
37.5	0	-35	272.338
40	0	-35	268.479
42.5	0	-35	265.318
45	0	-35	262.532
47.5	0	-35	259.937
50	0	-35	257.358
52.5	0	-35	254.72
-51.25	0	-36.25	375.33
-48.75	0	-36.25	385.79
-46.25	0	-36.25	394.582
-43.75	0	-36.25	401.874
-41.25	0	-36.25	407.819
-38.75	0	-36.25	412.549
-36.25	0	-36.25	416.391
-33.75	0	-36.25	419.512
-31.25	0	-36.25	422.055
-28.75	0	-36.25	424.161
-26.25	0	-36.25	426.082
-23.75	0	-36.25	427.857
-21.25	0	-36.25	429.531
-18.75	0	-36.25	431.079
-16.25	0	-36.25	432.434
-13.75	0	-36.25	433.548
-11.25	0	-36.25	434.347
-8.75	0	-36.25	434.583
-6.25	0	-36.25	434.11
-3.75	0	-36.25	432.648
-1.25	0	-36.25	429.881
1.25	0	-36.25	425.459
3.75	0	-36.25	419.063
6.25	0	-36.25	410.495
8.75	0	-36.25	399.763
11.25	0	-36.25	387.116
13.75	0	-36.25	373.034
16.25	0	-36.25	358.29
18.75	0	-36.25	343.841
21.25	0	-36.25	330.308
23.75	0	-36.25	317.992
26.25	0	-36.25	307.196
28.75	0	-36.25	297.961
31.25	0	-36.25	290.08
33.75	0	-36.25	283.695
36.25	0	-36.25	278.496
38.75	0	-36.25	274.242
41.25	0	-36.25	270.765
43.75	0	-36.25	267.747
46.25	0	-36.25	264.884
48.75	0	-36.25	262.117
-47.5	0	-37.5	392.016
-45	0	-37.5	400.455
-42.5	0	-37.5	407.276
-40	0	-37.5	412.703
-37.5	0	-37.5	417.029
-35	0	-37.5	420.526
-32.5	0	-37.5	423.327
-30	0	-37.5	425.658
-27.5	0	-37.5	427.798
-25	0	-37.5	429.736
-22.5	0	-37.5	431.623
-20	0	-37.5	433.455
-17.5	0	-37.5	435.192
-15	0	-37.5	436.787
-12.5	0	-37.5	438.157
-10	0	-37.5	439.116
-7.5	0	-37.5	439.451
-5	0	-37.5	438.92
-2.5	0	-37.5	437.236
0	0	-37.5	433.961
2.5	0	-37.5	428.721
5	0	-37.5	421.311
7.5	0	-37.5	411.669
10	0	-37.5	399.902
12.5	0	-37.5	386.29
15	0	-37.5	371.437
17.5	0	-37.5	356.266
20	0	-37.5	341.694
22.5	0	-37.5	328.22
25	0	-37.5	316.241
27.5	0	-37.5	305.974
30	0	-37.5	297.315
32.5	0	-37.5	290.307
35	0	-37.5	284.704
37.5	0	-37.5	280.133
40	0	-37.5	276.332
42.5	0	-37.5	273.075
45	0	-37.5	270.104
-43.75	0	-38.75	404.607
-41.25	0	-38.75	410.85
-38.75	0	-38.75	415.839
-36.25	0	-38.75	419.84
-33.75	0	-38.75	423.055
-31.25	0	-38.75	425.741
-28.75	0	-38.75	428.149
-26.25	0	-38.75	430.364
-23.75	0	-38.75	432.503
-21.25	0	-38.75	434.581
-18.75	0	-38.75	436.654
-16.25	0	-38.75	438.644
-13.75	0	-38.75	440.492
-11.25	0	-38.75	442.054
-8.75	0	-38.75	443.117
-6.25	0	-38.75	443.423
-3.75	0	-38.75	442.664
-1.25	0	-38.75	440.423
1.25	0	-38.75	436.364
3.75	0	-38.75	430.187
6.25	0	-38.75	421.744
8.75	0	-38.75	411.086
11.25	0	-38.75	398.39
13.75	0	-38.75	384.065
16.25	0	-38.75	368.793
18.75	0	-38.75	353.476
21.25	0	-38.75	339.001
23.75	0	-38.75	325.934
26.25	0	-38.75	314.527
28.75	0	-38.75	304.858
31.25	0	-38.75	297.075
33.75	0	-38.75	290.878
36.25	0	-38.75	285.959
38.75	0	-38.75	281.892
41.25	0	-38.75	278.397
-40	0	-40	412.519
-37.5	0	-40	417.278
-35	0	-40	421.078
-32.5	0	-40	424.261
-30	0	-40	427.069
-27.5	0	-40	429.629
-25	0	-40	432.077
-22.5	0	-40	434.455
-20	0	-40	436.85
-17.5	0	-40	439.192
-15	0	-40	441.474
-12.5	0	-40	443.518
-10	0	-40	445.181
-7.5	0	-40	446.242
-5	0	-40	446.317
-2.5	0	-40	445.025
0	0	-40	442.017
2.5	0	-40	437.002
5	0	-40	429.84
7.5	0	-40	420.47
10	0	-40	408.925
12.5	0	-40	395.504
15	0	-40	380.749
17.5	0	-40	365.401
20	0	-40	350.239
22.5	0	-40	336.161
25	0	-40	323.664
27.5	0	-40	312.888
30	0	-40	304.142
32.5	0	-40	297.191
35	0	-40	291.684
37.5	0	-40	287.309
-36.25	0	-41.25	417.183
-33.75	0	-41.25	421.054
-31.25	0	-41.25	424.419
-28.75	0	-41.25	427.445
-26.25	0	-41.25	430.272
-23.75	0	-41.25	433.022
-21.25	0	-41.25	435.736
-18.75	0	-41.25	438.436
-16.25	0	-41.25	441.131
-13.75	0	-41.25	443.622
-11.25	0	-41.25	445.802
-8.75	0	-41.25	447.455
-6.25	0	-41.25	448.274
-3.75	0	-41.25	447.855
-1.25	0	-41.25	445.816
1.25	0	-41.25	441.891
3.75	0	-41.25	435.927
6.25	0	-41.25	427.826
8.75	0	-41.25	417.592
11.25	0	-41.25	405.369
13.75	0	-41.25	391.577
16.25	0	-41.25	376.777
18.75	0	-41.25	361.582
21.25	0	-41.25	346.847
23.75	0	-41.25	333.356
26.25	0	-41.25	321.494
28.75	0	-41.25	311.641
31.25	0	-41.25	303.752
33.75	0	-41.25	297.549
-32.5	0	-42.5	419.996
-30	0	-42.5	423.664
-27.5	0	-42.5	427.007
-25	0	-42.5	430.187
-22.5	0	-42.5	433.297
-20	0	-42.5	436.367
-17.5	0	-42.5	439.433
-15	0	-42.5	442.367
-12.5	0	-42.5	445.04
-10	0	-42.5	447.212
-7.5	0	-42.5	448.662
-5	0	-42.5	448.997
-2.5	0	-42.5	447.833
0	0	-42.5	444.933
2.5	0	-42.5	440.086
5	0	-42.5	433.201
7.5	0	-42.5	424.242
10	0	-42.5	413.347
12.5	0	-42.5	400.818
15	0	-42.5	387.026
17.5	0	-42.5	372.396
20	0	-42.5	357.622
22.5	0	-42.5	343.481
25	0	-42.5	330.657
27.5	0	-42.5	319.728
30	0	-42.5	310.746
-28.75	0	-43.75	422.093
-26.25	0	-43.75	425.861
-23.75	0	-43.75	429.44
-21.25	0	-43.75	432.95
-18.75	0	-43.75	436.405
-16.25	0	-43.75	439.747
-13.75	0	-43.75	442.866
-11.25	0	-43.75	445.563
-8.75	0	-43.75	447.587
-6.25	0	-43.75	448.563
-3.75	0	-43.75	448.206
-1.25	0	-43.75	446.197
1.25	0	-43.75	442.361
3.75	0	-43.75	436.622
6.25	0	-43.75	428.935
8.75	0	-43.75	419.38
11.25	0	-43.75	408.19
13.75	0	-43.75	395.639
16.25	0	-43.75	382.041
18.75	0	-43.75	367.876
21.25	0	-43.75	353.712
23.75	0	-43.75	340.232
26.25	0	-43.75	328.355
-25	0	-45	424.043
-22.5	0	-45	428.087
-20	0	-45	432.007
-17.5	0	-45	435.771
-15	0	-45	439.319
-12.5	0	-45	442.506
-10	0	-45	445.061
-7.5	0	-45	446.652
-5	0	-45	446.993
-2.5	0	-45	445.781
0	0	-45	442.864
2.5	0	-45	438.183
5	0	-45	431.679
7.5	0	-45	423.436
10	0	-45	413.606
12.5	0	-45	402.418
15	0	-45	390.072
17.5	0	-45	376.915
20	0	-45	363.375
22.5	0	-45	349.924
-21.25	0	-46.25	426.111
-18.75	0	-46.25	430.405
-16.25	0	-46.25	434.408
-13.75	0	-46.25	438.056
-11.25	0	-46.25	441.127
-8.75	0	-46.25	443.29
-6.25	0	-46.25	444.233
-3.75	0	-46.25	443.737
-1.25	0	-46.25	441.701
1.25	0	-46.25	437.979
3.75	0	-46.25	432.574
6.25	0	-46.25	425.534
8.75	0	-46.25	417.022
11.25	0	-46.25	407.231
13.75	0	-46.25	396.262
16.25	0	-46.25	384.371
18.75	0	-46.25	371.851
-17.5	0	-47.5	428.059
-15	0	-47.5	432.229
-12.5	0	-47.5	435.789
-10	0	-47.5	438.476
-7.5	0	-47.5	439.994
-5	0	-47.5	440.17
-2.5	0	-47.5	438.885
0	0	-47.5	436.074
2.5	0	-47.5	431.685
5	0	-47.5	425.762
7.5	0	-47.5	418.497
10	0	-47.5	410.036
12.5	0	-47.5	400.461
15	0	-47.5	389.98
-13.75	0	-48.75	429.004
-11.25	0	-48.75	432.22
-8.75	0	-48.75	434.317
-6.25	0	-48.75	435.122
-3.75	0	-48.75	434.525
-1.25	0	-48.75	432.511
1.25	0	-48.75	429.047
3.75	0	-48.75	424.178
6.25	0	-48.75	418.081
8.75	0	-48.75	410.876
11.25	0	-48.75	402.672
-10	0	-50	427.174
-7.5	0	-50	428.607
-5	0	-50	428.671
-2.5	0	-50	427.378
0	0	-50	424.738
2.5	0	-50	420.838
5	0	-50	415.805
7.5	0	-50	409.803
-6.25	0	-51.25	421.304
-3.75	0	-51.25	420.729
-1.25	0	-51.25	418.845
1.25	0	-51.25	415.8
3.75	0	-51.25	411.763
-2.5	0	-52.5	411.39
0	0	-52.5	409.163
