# ============================================================
# DC Resistivity Pseudosection Data
# Paper: A Comparative Study of Pseudo-dipole Arrays and Standard Arrays
# Based on High-density DC Resistivity Method
# ============================================================
# First row: NX  NY  NPoints  (grid dimensions and total points)
# Subsequent rows: X  Y  Z  ApparentResistivity
#   X/Z: Spatial coordinates (m); Y=0 (2D profile)
#   ApparentResistivity: DC apparent resistivity in Ohm-m

312	128	2667
0	0	0	-2208.06	0	0
1	0	0	-1864.63	0	0
2	0	0	-1578.44	0	0
3	0	0	-1339.95	0	0
4	0	0	-1141.21	0	0
5	0	0	-975.592	0	0
6	0	0	-837.577	0	0
7	0	0	-722.564	0	0
8	0	0	-626.72	0	0
9	0	0	-546.85	0	0
10	0	0	-480.292	0	0
11	0	0	-424.826	0	0
12	0	0	-378.605	0	0
13	0	0	-340.088	0	0
14	0	0	-307.99	0	0
15	0	0	-281.242	0	0
16	0	0	-258.951	0	0
17	0	0	-240.376	0	0
18	0	0	-224.897	0	0
19	0	0	-211.997	0	0
20	0	0	-201.248	0	0
21	0	0	-192.29	0	0
22	0	0	-184.825	0	0
23	0	0	-178.604	0	0
24	0	0	-173.42	0	0
25	0	0	-169.1	0	0
26	0	0	-165.5	0	0
27	0	0	-162.5	0	0
28	0	1	-160	0	0
29	0	0	-158.75	0	0
30	0	1	-157.5	0	0
31	0	0	-156.25	0	0
32	0	1	-155	0	0
33	0	0	-153.75	0	0
34	0	1	-152.5	0	0
35	0	0	-151.25	0	0
36	0	1	-150	0	0
37	0	0	-148.75	0	0
38	0	1	-147.5	0	0
39	0	0	-146.25	0	0
40	0	1	-145	0	0
41	0	0	-143.75	0	0
42	0	1	-142.5	0	0
43	0	0	-141.25	0	0
44	0	1	-140	0	0
45	0	0	-138.75	0	0
46	0	1	-137.5	0	0
47	0	0	-136.25	0	0
48	0	1	-135	0	0
49	0	0	-133.75	0	0
50	0	1	-132.5	0	0
51	0	0	-131.25	0	0
52	0	1	-130	0	0
53	0	0	-128.75	0	0
54	0	1	-127.5	0	0
55	0	0	-126.25	0	0
56	0	1	-125	0	0
57	0	0	-123.75	0	0
58	0	1	-122.5	0	0
59	0	0	-121.25	0	0
60	0	1	-120	0	0
61	0	0	-118.75	0	0
62	0	1	-117.5	0	0
63	0	0	-116.25	0	0
64	0	1	-115	0	0
65	0	0	-113.75	0	0
66	0	1	-112.5	0	0
67	0	0	-111.25	0	0
68	0	1	-110	0	0
69	0	0	-108.75	0	0
70	0	1	-107.5	0	0
71	0	0	-106.25	0	0
72	0	1	-105	0	0
73	0	0	-103.75	0	0
74	0	1	-102.5	0	0
75	0	0	-101.25	0	0
76	0	1	-100	0	0
77	0	0	-98.75	0	0
78	0	1	-97.5	0	0
79	0	0	-96.25	0	0
80	0	1	-95	0	0
81	0	0	-93.75	0	0
82	0	1	-92.5	0	0
83	0	0	-91.25	0	0
84	0	1	-90	0	0
85	0	0	-88.75	0	0
86	0	1	-87.5	0	0
87	0	0	-86.25	0	0
88	0	1	-85	0	0
89	0	0	-83.75	0	0
90	0	1	-82.5	0	0
91	0	0	-81.25	0	0
92	0	1	-80	0	0
93	0	0	-78.75	0	0
94	0	1	-77.5	0	0
95	0	0	-76.25	0	0
96	0	1	-75	0	0
97	0	0	-73.75	0	0
98	0	1	-72.5	0	0
99	0	0	-71.25	0	0
100	0	1	-70	0	0
101	0	0	-68.75	0	0
102	0	1	-67.5	0	0
103	0	0	-66.25	0	0
104	0	1	-65	0	0
105	0	0	-63.75	0	0
106	0	1	-62.5	0	0
107	0	0	-61.25	0	0
108	0	1	-60	0	0
109	0	0	-58.75	0	0
110	0	1	-57.5	0	0
111	0	0	-56.25	0	0
112	0	1	-55	0	0
113	0	0	-53.75	0	0
114	0	1	-52.5	0	0
115	0	0	-51.25	0	0
116	0	1	-50	0	0
117	0	0	-48.75	0	0
118	0	1	-47.5	0	0
119	0	0	-46.25	0	0
120	0	1	-45	0	0
121	0	0	-43.75	0	0
122	0	1	-42.5	0	0
123	0	0	-41.25	0	0
124	0	1	-40	0	0
125	0	0	-38.75	0	0
126	0	1	-37.5	0	0
127	0	0	-36.25	0	0
128	0	1	-35	0	0
129	0	0	-33.75	0	0
130	0	1	-32.5	0	0
131	0	0	-31.25	0	0
132	0	1	-30	0	0
133	0	0	-28.75	0	0
134	0	1	-27.5	0	0
135	0	0	-26.25	0	0
136	0	1	-25	0	0
137	0	0	-23.75	0	0
138	0	1	-22.5	0	0
139	0	0	-21.25	0	0
140	0	1	-20	0	0
141	0	0	-18.75	0	0
142	0	1	-17.5	0	0
143	0	0	-16.25	0	0
144	0	1	-15	0	0
145	0	0	-13.75	0	0
146	0	1	-12.5	0	0
147	0	0	-11.25	0	0
148	0	1	-10	0	0
149	0	0	-8.75	0	0
150	0	1	-7.5	0	0
151	0	0	-6.25	0	0
152	0	1	-5	0	0
153	0	0	-3.75	0	0
154	0	1	-2.5	0	0
155	0	0	-1.25	0	0
156	0	1	0	0	0
157	0	0	1.25	0	0
158	0	1	2.5	0	0
159	0	0	3.75	0	0
160	0	1	5	0	0
161	0	0	6.25	0	0
162	0	1	7.5	0	0
163	0	0	8.75	0	0
164	0	1	10	0	0
165	0	0	11.25	0	0
166	0	1	12.5	0	0
167	0	0	13.75	0	0
168	0	1	15	0	0
169	0	0	16.25	0	0
170	0	1	17.5	0	0
171	0	0	18.75	0	0
172	0	1	20	0	0
173	0	0	21.25	0	0
174	0	1	22.5	0	0
175	0	0	23.75	0	0
176	0	1	25	0	0
177	0	0	26.25	0	0
178	0	1	27.5	0	0
179	0	0	28.75	0	0
180	0	1	30	0	0
181	0	0	31.25	0	0
182	0	1	32.5	0	0
183	0	0	33.75	0	0
184	0	1	35	0	0
185	0	0	36.25	0	0
186	0	1	37.5	0	0
187	0	0	38.75	0	0
188	0	1	40	0	0
189	0	0	41.25	0	0
190	0	1	42.5	0	0
191	0	0	43.75	0	0
192	0	1	45	0	0
193	0	0	46.25	0	0
194	0	1	47.5	0	0
195	0	0	48.75	0	0
196	0	1	50	0	0
197	0	0	51.25	0	0
198	0	1	52.5	0	0
199	0	0	53.75	0	0
200	0	1	55	0	0
201	0	0	56.25	0	0
202	0	1	57.5	0	0
203	0	0	58.75	0	0
204	0	1	60	0	0
205	0	0	61.25	0	0
206	0	1	62.5	0	0
207	0	0	63.75	0	0
208	0	1	65	0	0
209	0	0	66.25	0	0
210	0	1	67.5	0	0
211	0	0	68.75	0	0
212	0	1	70	0	0
213	0	0	71.25	0	0
214	0	1	72.5	0	0
215	0	0	73.75	0	0
216	0	1	75	0	0
217	0	0	76.25	0	0
218	0	1	77.5	0	0
219	0	0	78.75	0	0
220	0	1	80	0	0
221	0	0	81.25	0	0
222	0	1	82.5	0	0
223	0	0	83.75	0	0
224	0	1	85	0	0
225	0	0	86.25	0	0
226	0	1	87.5	0	0
227	0	0	88.75	0	0
228	0	1	90	0	0
229	0	0	91.25	0	0
230	0	1	92.5	0	0
231	0	0	93.75	0	0
232	0	1	95	0	0
233	0	0	96.25	0	0
234	0	1	97.5	0	0
235	0	0	98.75	0	0
236	0	1	100	0	0
237	0	0	101.25	0	0
238	0	1	102.5	0	0
239	0	0	103.75	0	0
240	0	1	105	0	0
241	0	0	106.25	0	0
242	0	1	107.5	0	0
243	0	0	108.75	0	0
244	0	1	110	0	0
245	0	0	111.25	0	0
246	0	1	112.5	0	0
247	0	0	113.75	0	0
248	0	1	115	0	0
249	0	0	116.25	0	0
250	0	1	117.5	0	0
251	0	0	118.75	0	0
252	0	1	120	0	0
253	0	0	121.25	0	0
254	0	1	122.5	0	0
255	0	0	123.75	0	0
256	0	1	125	0	0
257	0	0	126.25	0	0
258	0	1	127.5	0	0
259	0	0	128.75	0	0
260	0	1	130	0	0
261	0	0	131.25	0	0
262	0	1	132.5	0	0
263	0	0	133.75	0	0
264	0	1	135	0	0
265	0	0	136.25	0	0
266	0	1	137.5	0	0
267	0	0	138.75	0	0
268	0	1	140	0	0
269	0	0	141.25	0	0
270	0	1	142.5	0	0
271	0	0	143.75	0	0
272	0	1	145	0	0
273	0	0	146.25	0	0
274	0	1	147.5	0	0
275	0	0	148.75	0	0
276	0	1	150	0	0
277	0	0	151.25	0	0
278	0	1	152.5	0	0
279	0	0	153.75	0	0
280	0	1	155	0	0
281	0	0	156.25	0	0
282	0	1	157.5	0	0
283	0	0	158.75	0	0
284	0	0	161.25	0	0
285	0	0	164.25	0	0
286	0	0	167.85	0	0
287	0	0	172.17	0	0
288	0	0	177.354	0	0
289	0	0	183.575	0	0
290	0	0	191.04	0	0
291	0	0	199.998	0	0
292	0	0	210.747	0	0
293	0	0	223.647	0	0
294	0	0	239.126	0	0
295	0	0	257.701	0	0
296	0	0	279.992	0	0
297	0	0	306.74	0	0
298	0	0	338.838	0	0
299	0	0	377.355	0	0
300	0	0	423.576	0	0
301	0	0	479.042	0	0
302	0	0	545.6	0	0
303	0	0	625.47	0	0
304	0	0	721.314	0	0
305	0	0	836.327	0	0
306	0	0	974.342	0	0
307	0	0	1139.96	0	0
308	0	0	1338.7	0	0
309	0	0	1577.19	0	0
310	0	0	1863.38	0	0
311	0	0	2206.81	0	0
28	32	30	34	0	195.191	100
30	34	32	36	0	223.199	100
32	36	34	38	0	211.14	100
34	38	36	40	0	203.099	100
36	40	38	42	0	230.54	100
38	42	40	44	0	182.846	100
40	44	42	46	0	239.33	100
42	46	44	48	0	191.083	100
44	48	46	50	0	208.323	100
46	50	48	52	0	229.288	100
48	52	50	54	0	196.523	100
50	54	52	56	0	225.238	100
52	56	54	58	0	208.045	100
54	58	56	60	0	220.184	100
56	60	58	62	0	211.007	100
58	62	60	64	0	215.973	100
60	64	62	66	0	200.449	100
62	66	64	68	0	233.997	100
64	68	66	70	0	194.867	100
66	70	68	72	0	221.153	100
68	72	70	74	0	216.797	100
70	74	72	76	0	196.284	100
72	76	74	78	0	227.223	100
74	78	76	80	0	195.766	100
76	80	78	82	0	219.986	100
78	82	80	84	0	196.092	100
80	84	82	86	0	239.536	100
82	86	84	88	0	192.887	100
84	88	86	90	0	219.341	100
86	90	88	92	0	218.971	100
88	92	90	94	0	194.939	100
90	94	92	96	0	226.559	100
92	96	94	98	0	203.438	100
94	98	96	100	0	219.459	100
96	100	98	102	0	213.309	100
98	102	100	104	0	218.265	100
100	104	102	106	0	210.588	100
102	106	104	108	0	215.329	100
104	108	106	110	0	217.997	100
106	110	108	112	0	200.318	100
108	112	110	114	0	233.998	100
110	114	112	116	0	193.975	100
112	116	114	118	0	220.586	100
114	118	116	120	0	193.081	100
116	120	118	122	0	239.763	100
118	122	120	124	0	197.446	100
120	124	122	126	0	215.249	100
122	126	124	128	0	213.59	100
124	128	126	130	0	198.839	100
126	130	128	132	0	230.684	100
128	132	130	134	0	196.286	100
130	134	132	136	0	210.226	100
132	136	134	138	0	215.096	100
134	138	136	140	0	219.818	100
136	140	138	142	0	206.314	100
138	142	140	144	0	200.955	100
140	144	142	146	0	226.687	100
142	146	144	148	0	195.609	100
144	148	146	150	0	213.249	100
146	150	148	152	0	205.61	100
148	152	150	154	0	195.869	100
150	154	152	156	0	228.458	100
152	156	154	158	0	175.653	100
154	158	156	160	0	211.05	100
156	160	158	162	0	197.994	100
158	162	160	164	0	207.904	100
160	164	162	166	0	188.283	100
162	166	164	168	0	217.6	100
164	168	166	170	0	190.84	100
166	170	168	172	0	225.407	100
168	172	170	174	0	185.061	100
170	174	172	176	0	200.947	100
172	176	174	178	0	224.266	100
174	178	176	180	0	194.384	100
176	180	178	182	0	204.736	100
178	182	180	184	0	222.14	100
180	184	182	186	0	193.478	100
182	186	184	188	0	214.444	100
184	188	186	190	0	205.771	100
186	190	188	192	0	204.758	100
188	192	190	194	0	229.91	100
190	194	192	196	0	199.495	100
192	196	194	198	0	210.232	100
194	198	196	200	0	205.585	100
196	200	198	202	0	201.601	100
198	202	200	204	0	225.894	100
200	204	202	206	0	189.338	100
202	206	204	208	0	193.204	100
204	208	206	210	0	232.133	100
206	210	208	212	0	191.611	100
208	212	210	214	0	196.813	100
210	214	212	216	0	218.101	100
212	216	214	218	0	193.982	100
214	218	216	220	0	217.976	100
216	220	218	222	0	199.845	100
218	222	220	224	0	211.235	100
220	224	222	226	0	213.624	100
222	226	224	228	0	193.188	100
224	228	226	230	0	235.529	100
226	230	228	232	0	183.572	100
228	232	230	234	0	219.034	100
230	234	232	236	0	213.883	100
232	236	234	238	0	197.386	100
234	238	236	240	0	206.869	100
236	240	238	242	0	212.746	100
238	242	240	244	0	192.88	100
240	244	242	246	0	218.331	100
242	246	244	248	0	183.851	100
244	248	246	250	0	229.281	100
246	250	248	252	0	181.451	100
248	252	250	254	0	232.468	100
250	254	252	256	0	176.717	100
252	256	254	258	0	211.492	100
254	258	256	260	0	210.284	100
256	260	258	262	0	173.404	100
258	262	260	264	0	230.692	100
260	264	262	266	0	183.82	100
262	266	264	268	0	223.579	100
264	268	266	270	0	202.647	100
266	270	268	272	0	203.719	100
268	272	270	274	0	201.898	100
270	274	272	276	0	229.114	100
272	276	274	278	0	178.725	100
274	278	276	280	0	221.374	100
276	280	278	282	0	179.785	100
28	36	32	40	0	219.001	100
30	38	34	42	0	215.503	100
32	40	36	44	0	219.882	100
34	42	38	46	0	223.216	100
36	44	40	48	0	228.477	100
38	46	42	50	0	217.378	100
40	48	44	52	0	215.338	100
42	50	46	54	0	226.343	100
44	52	48	56	0	230.414	100
46	54	50	58	0	223.654	100
48	56	52	60	0	216.118	100
50	58	54	62	0	225.01	100
52	60	56	64	0	223.763	100
54	62	58	66	0	221.281	100
56	64	60	68	0	221.38	100
58	66	62	70	0	225.973	100
60	68	64	72	0	221.067	100
62	70	66	74	0	216.401	100
64	72	68	76	0	224.038	100
66	74	70	78	0	220.961	100
68	76	72	80	0	226.35	100
70	78	74	82	0	227.87	100
72	80	76	84	0	215.169	100
74	82	78	86	0	215.911	100
76	84	80	88	0	221.819	100
78	86	82	90	0	228.305	100
80	88	84	92	0	215.348	100
82	90	86	94	0	216.206	100
84	92	88	96	0	221.729	100
86	94	90	98	0	219.657	100
88	96	92	100	0	224.95	100
90	98	94	102	0	219.042	100
92	100	96	104	0	222.041	100
94	102	98	106	0	227.479	100
96	104	100	108	0	213.995	100
98	106	102	110	0	218.104	100
100	108	104	112	0	216.729	100
102	110	106	114	0	221.776	100
104	112	108	116	0	219.307	100
106	114	110	118	0	226.389	100
108	116	112	120	0	216.634	100
110	118	114	122	0	215.942	100
112	120	116	124	0	222.604	100
114	122	118	126	0	227.168	100
116	124	120	128	0	213.715	100
118	126	122	130	0	213.959	100
120	128	124	132	0	219.722	100
122	130	126	134	0	220.619	100
124	132	128	136	0	219.186	100
126	134	130	138	0	215.396	100
128	136	132	140	0	212.842	100
130	138	134	142	0	216.184	100
132	140	136	144	0	207.593	100
134	142	138	146	0	207.27	100
136	144	140	148	0	221.196	100
138	146	142	150	0	216.791	100
140	148	144	152	0	202.491	100
142	150	146	154	0	200.565	100
144	152	148	156	0	202.993	100
146	154	150	158	0	207.199	100
148	156	152	160	0	195.735	100
150	158	154	162	0	194.479	100
152	160	156	164	0	207.392	100
154	162	158	166	0	210.987	100
156	164	160	168	0	191.863	100
158	166	162	170	0	194.691	100
160	168	164	172	0	198.282	100
162	170	166	174	0	205.849	100
164	172	168	176	0	198.605	100
166	174	170	178	0	194.528	100
168	176	172	180	0	207.86	100
170	178	174	182	0	197.271	100
172	180	176	184	0	193.212	100
174	182	178	186	0	202.909	100
176	184	180	188	0	199.928	100
178	186	182	190	0	198.96	100
180	188	184	192	0	188.641	100
182	190	186	194	0	197.717	100
184	192	188	196	0	199.135	100
186	194	190	198	0	204.206	100
188	196	192	200	0	197.243	100
190	198	194	202	0	189.231	100
192	200	196	204	0	187.531	100
194	202	198	206	0	203.167	100
196	204	200	208	0	198.468	100
198	206	202	210	0	189.243	100
200	208	204	212	0	204.217	100
202	210	206	214	0	197.848	100
204	212	208	216	0	186.033	100
206	214	210	218	0	196.356	100
208	216	212	220	0	208.233	100
210	218	214	222	0	196.544	100
212	220	216	224	0	190.302	100
214	222	218	226	0	195.512	100
216	224	220	228	0	196.629	100
218	226	222	230	0	195.564	100
220	228	224	232	0	207.91	100
222	230	226	234	0	200.435	100
224	232	228	236	0	193.815	100
226	234	230	238	0	198.006	100
228	236	232	240	0	196.148	100
230	238	234	242	0	197.998	100
232	240	236	244	0	202.528	100
234	242	238	246	0	202.52	100
236	244	240	248	0	203.176	100
238	246	242	250	0	194.886	100
240	248	244	252	0	195.862	100
242	250	246	254	0	201.147	100
244	252	248	256	0	198.623	100
246	254	250	258	0	190.376	100
248	256	252	260	0	203.045	100
250	258	254	262	0	208.972	100
252	260	256	264	0	197.668	100
254	262	258	266	0	198.924	100
256	264	260	268	0	201.711	100
258	266	262	270	0	197.003	100
260	268	264	272	0	207.113	100
262	270	266	274	0	195.904	100
264	272	268	276	0	197.108	100
266	274	270	278	0	198.232	100
268	276	272	280	0	200.376	100
270	278	274	282	0	196.084	100
28	40	34	46	0	246.26	100
30	42	36	48	0	248.643	100
32	44	38	50	0	250.971	100
34	46	40	52	0	248.58	100
36	48	42	54	0	248.798	100
38	50	44	56	0	249.099	100
40	52	46	58	0	245.83	100
42	54	48	60	0	254.454	100
44	56	50	62	0	241.871	100
46	58	52	64	0	243.893	100
48	60	54	66	0	243.663	100
50	62	56	68	0	250.305	100
52	64	58	70	0	251.667	100
54	66	60	72	0	243.809	100
56	68	62	74	0	241.611	100
58	70	64	76	0	249.761	100
60	72	66	78	0	243.3	100
62	74	68	80	0	247.384	100
64	76	70	82	0	255.273	100
66	78	72	84	0	255.594	100
68	80	74	86	0	244.676	100
70	82	76	88	0	242.595	100
72	84	78	90	0	249.976	100
74	86	80	92	0	251.185	100
76	88	82	94	0	245.58	100
78	90	84	96	0	250.713	100
80	92	86	98	0	246.293	100
82	94	88	100	0	242.867	100
84	96	90	102	0	250.976	100
86	98	92	104	0	251.383	100
88	100	94	106	0	247.662	100
90	102	96	108	0	243.53	100
92	104	98	110	0	243.56	100
94	106	100	112	0	240.684	100
96	108	102	114	0	236.467	100
98	110	104	116	0	238.9	100
100	112	106	118	0	250.618	100
102	114	108	120	0	239.834	100
104	116	110	122	0	235.762	100
106	118	112	124	0	243.59	100
108	120	114	126	0	237.991	100
110	122	116	128	0	234.829	100
112	124	118	130	0	239.827	100
114	126	120	132	0	234.985	100
116	128	122	134	0	236.33	100
118	130	124	136	0	237.933	100
120	132	126	138	0	240.009	100
122	134	128	140	0	233.844	100
124	136	130	142	0	237.906	100
126	138	132	144	0	234.121	100
128	140	134	146	0	227.813	100
130	142	136	148	0	223.111	100
132	144	138	150	0	220.982	100
134	146	140	152	0	222.865	100
136	148	142	154	0	218.727	100
138	150	144	156	0	218.768	100
140	152	146	158	0	210.332	100
142	154	148	160	0	211.389	100
144	156	150	162	0	208.253	100
146	158	152	164	0	201.901	100
148	160	154	166	0	207.424	100
150	162	156	168	0	206.877	100
152	164	158	170	0	203.872	100
154	166	160	172	0	198.007	100
156	168	162	174	0	203.84	100
158	170	164	176	0	202.19	100
160	172	166	178	0	197.162	100
162	174	168	180	0	200.619	100
164	176	170	182	0	198.771	100
166	178	172	184	0	194.114	100
168	180	174	186	0	198.883	100
170	182	176	188	0	194.516	100
172	184	178	190	0	195.86	100
174	186	180	192	0	191.948	100
176	188	182	194	0	191.897	100
178	190	184	196	0	194.09	100
180	192	186	198	0	195.431	100
182	194	188	200	0	192.922	100
184	196	190	202	0	190.134	100
186	198	192	204	0	189.29	100
188	200	194	206	0	180.118	100
190	202	196	208	0	186.298	100
192	204	198	210	0	182.683	100
194	206	200	212	0	189.587	100
196	208	202	214	0	187.639	100
198	210	204	216	0	184.177	100
200	212	206	218	0	190.052	100
202	214	208	220	0	190.52	100
204	216	210	222	0	199.498	100
206	218	212	224	0	198.298	100
208	220	214	226	0	196.311	100
210	222	216	228	0	192.201	100
212	224	218	230	0	189.71	100
214	226	220	232	0	192.712	100
216	228	222	234	0	198.428	100
218	230	224	236	0	199.101	100
220	232	226	238	0	198.784	100
222	234	228	240	0	190.413	100
224	236	230	242	0	199.479	100
226	238	232	244	0	200.456	100
228	240	234	246	0	198.483	100
230	242	236	248	0	199.148	100
232	244	238	250	0	193.72	100
234	246	240	252	0	200.317	100
236	248	242	254	0	200.61	100
238	250	244	256	0	197.715	100
240	252	246	258	0	201.809	100
242	254	248	260	0	198.987	100
244	256	250	262	0	204.039	100
246	258	252	264	0	205.321	100
248	260	254	266	0	198.482	100
250	262	256	268	0	194.29	100
252	264	258	270	0	201.194	100
254	266	260	272	0	198.577	100
256	268	262	274	0	198.68	100
258	270	264	276	0	195.477	100
260	272	266	278	0	198.278	100
262	274	268	280	0	197.394	100
264	276	270	282	0	199.668	100
28	44	36	52	0	279.387	100
30	46	38	54	0	285.929	100
32	48	40	56	0	275.829	100
34	50	42	58	0	274.526	100
36	52	44	60	0	274.165	100
38	54	46	62	0	281.246	100
40	56	48	64	0	285.247	100
42	58	50	66	0	274.404	100
44	60	52	68	0	280.109	100
46	62	54	70	0	284.78	100
48	64	56	72	0	284.704	100
50	66	58	74	0	275.25	100
52	68	60	76	0	274.46	100
54	70	62	78	0	275.633	100
56	72	64	80	0	274.007	100
58	74	66	82	0	286.95	100
60	76	68	84	0	286.989	100
62	78	70	86	0	281.552	100
64	80	72	88	0	280.856	100
66	82	74	90	0	276.421	100
68	84	76	92	0	275.846	100
70	86	78	94	0	276.697	100
72	88	80	96	0	278.038	100
74	90	82	98	0	276.61	100
76	92	84	100	0	275.148	100
78	94	86	102	0	283.308	100
80	96	88	104	0	281.756	100
82	98	90	106	0	274.93	100
84	100	92	108	0	275.497	100
86	102	94	110	0	269.965	100
88	104	96	112	0	279.444	100
90	106	98	114	0	278.434	100
92	108	100	116	0	266.545	100
94	110	102	118	0	267.686	100
96	112	104	120	0	264.334	100
98	114	106	122	0	265.563	100
100	116	108	124	0	270.675	100
102	118	110	126	0	269.232	100
104	120	112	128	0	260.302	100
106	122	114	130	0	257.017	100
108	124	116	132	0	262.726	100
110	126	118	134	0	267.918	100
112	128	120	136	0	255.912	100
114	130	122	138	0	260.622	100
116	132	124	140	0	251.333	100
118	134	126	142	0	250.079	100
120	136	128	144	0	252.377	100
122	138	130	146	0	242.936	100
124	140	132	148	0	250.242	100
126	142	134	150	0	241.281	100
128	144	136	152	0	242.896	100
130	146	138	154	0	237.978	100
132	148	140	156	0	241.419	100
134	150	142	158	0	228.936	100
136	152	144	160	0	230.572	100
138	154	146	162	0	219.504	100
140	156	148	164	0	212.516	100
142	158	150	166	0	214.954	100
144	160	152	168	0	212.606	100
146	162	154	170	0	209.432	100
148	164	156	172	0	210.158	100
150	166	158	174	0	205.776	100
152	168	160	176	0	202.496	100
154	170	162	178	0	204.806	100
156	172	164	180	0	200.157	100
158	174	166	182	0	195.366	100
160	176	168	184	0	189.888	100
162	178	170	186	0	191.276	100
164	180	172	188	0	189.212	100
166	182	174	190	0	188.964	100
168	184	176	192	0	190.104	100
170	186	178	194	0	193.376	100
172	188	180	196	0	186.064	100
174	190	182	198	0	190.314	100
176	192	184	200	0	189.067	100
178	194	186	202	0	185.525	100
180	196	188	204	0	179.295	100
182	198	190	206	0	176.82	100
184	200	192	208	0	175.921	100
186	202	194	210	0	177.607	100
188	204	196	212	0	173.565	100
190	206	198	214	0	172.501	100
192	208	200	216	0	175.051	100
194	210	202	218	0	175.335	100
196	212	204	220	0	177.366	100
198	214	206	222	0	185.173	100
200	216	208	224	0	183.461	100
202	218	210	226	0	186.474	100
204	220	212	228	0	188.255	100
206	222	214	230	0	183.804	100
208	224	216	232	0	191.286	100
210	226	218	234	0	184.453	100
212	228	220	236	0	188.757	100
214	230	222	238	0	187.444	100
216	232	224	240	0	186.791	100
218	234	226	242	0	188.757	100
220	236	228	244	0	186.127	100
222	238	230	246	0	192.693	100
224	240	232	248	0	198.268	100
226	242	234	250	0	194.799	100
228	244	236	252	0	199.318	100
230	246	238	254	0	195.068	100
232	248	240	256	0	193.775	100
234	250	242	258	0	191.76	100
236	252	244	260	0	194.721	100
238	254	246	262	0	202.971	100
240	256	248	264	0	200.228	100
242	258	250	266	0	197.158	100
244	260	252	268	0	195.119	100
246	262	254	270	0	196.151	100
248	264	256	272	0	195.048	100
250	266	258	274	0	199.7	100
252	268	260	276	0	198.258	100
254	270	262	278	0	197.132	100
256	272	264	280	0	193.923	100
258	274	266	282	0	201.385	100
28	48	38	58	0	309.69	100
30	50	40	60	0	313.844	100
32	52	42	62	0	321.59	100
34	54	44	64	0	319.697	100
36	56	46	66	0	315.825	100
38	58	48	68	0	321.347	100
40	60	50	70	0	309.984	100
42	62	52	72	0	309.512	100
44	64	54	74	0	312.586	100
46	66	56	76	0	313.47	100
48	68	58	78	0	314.192	100
50	70	60	80	0	311.198	100
52	72	62	82	0	318.812	100
54	74	64	84	0	311.749	100
56	76	66	86	0	316.229	100
58	78	68	88	0	313.665	100
60	80	70	90	0	316.472	100
62	82	72	92	0	318.063	100
64	84	74	94	0	311.958	100
66	86	76	96	0	316.087	100
68	88	78	98	0	313.928	100
70	90	80	100	0	303.611	100
72	92	82	102	0	303.411	100
74	94	84	104	0	301.74	100
76	96	86	106	0	307.688	100
78	98	88	108	0	305.164	100
80	100	90	110	0	311.778	100
82	102	92	112	0	311.607	100
84	104	94	114	0	307.803	100
86	106	96	116	0	308.705	100
88	108	98	118	0	302.298	100
90	110	100	120	0	293.299	100
92	112	102	122	0	297.114	100
94	114	104	124	0	296.788	100
96	116	106	126	0	299.746	100
98	118	108	128	0	283.965	100
100	120	110	130	0	288.036	100
102	122	112	132	0	280.666	100
104	124	114	134	0	279.311	100
106	126	116	136	0	285.38	100
108	128	118	138	0	279.604	100
110	130	120	140	0	278.959	100
112	132	122	142	0	267.892	100
114	134	124	144	0	267.984	100
116	136	126	146	0	261.979	100
118	138	128	148	0	270.074	100
120	140	130	150	0	269.933	100
122	142	132	152	0	268.259	100
124	144	134	154	0	265.658	100
126	146	136	156	0	259.842	100
128	148	138	158	0	259.895	100
130	150	140	160	0	253.323	100
132	152	142	162	0	248.946	100
134	154	144	164	0	234.245	100
136	156	146	166	0	236.644	100
138	158	148	168	0	225.553	100
140	160	150	170	0	222.011	100
142	162	152	172	0	219.664	100
144	164	154	174	0	210.562	100
146	166	156	176	0	206.469	100
148	168	158	178	0	205.881	100
150	170	160	180	0	204.385	100
152	172	162	182	0	195.308	100
154	174	164	184	0	189.096	100
156	176	166	186	0	188.968	100
158	178	168	188	0	184.659	100
160	180	170	190	0	180.645	100
162	182	172	192	0	186.993	100
164	184	174	194	0	181.796	100
166	186	176	196	0	180.059	100
168	188	178	198	0	184.014	100
170	190	180	200	0	187.542	100
172	192	182	202	0	186.279	100
174	194	184	204	0	182.066	100
176	196	186	206	0	175.038	100
178	198	188	208	0	168.792	100
180	200	190	210	0	169.378	100
182	202	192	212	0	163.781	100
184	204	194	214	0	167.565	100
186	206	196	216	0	162.929	100
188	208	198	218	0	167.782	100
190	210	200	220	0	169.984	100
192	212	202	222	0	166.809	100
194	214	204	224	0	174.68	100
196	216	206	226	0	180.303	100
198	218	208	228	0	182.524	100
200	220	210	230	0	176.094	100
202	222	212	232	0	180.279	100
204	224	214	234	0	181.475	100
206	226	216	236	0	177.915	100
208	228	218	238	0	181.683	100
210	230	220	240	0	177.083	100
212	232	222	242	0	176.648	100
214	234	224	244	0	177.717	100
216	236	226	246	0	182.247	100
218	238	228	248	0	186.001	100
220	240	230	250	0	186.38	100
222	242	232	252	0	188.371	100
224	244	234	254	0	189.531	100
226	246	236	256	0	193.631	100
228	248	238	258	0	193.451	100
230	250	240	260	0	198.003	100
232	252	242	262	0	196.129	100
234	254	244	264	0	194.844	100
236	256	246	266	0	197.594	100
238	258	248	268	0	200.967	100
240	260	250	270	0	197.33	100
242	262	252	272	0	193.536	100
244	264	254	274	0	192.985	100
246	266	256	276	0	196.68	100
248	268	258	278	0	197.647	100
250	270	260	280	0	201.456	100
252	272	262	282	0	196.638	100
28	52	40	64	0	348.919	100
30	54	42	66	0	347.855	100
32	56	44	68	0	342.022	100
34	58	46	70	0	349.903	100
36	60	48	72	0	348.981	100
38	62	50	74	0	351.251	100
40	64	52	76	0	344.735	100
42	66	54	78	0	354.093	100
44	68	56	80	0	346.519	100
46	70	58	82	0	348.751	100
48	72	60	84	0	338.198	100
50	74	62	86	0	346.236	100
52	76	64	88	0	351.737	100
54	78	66	90	0	344.199	100
56	80	68	92	0	349.224	100
58	82	70	94	0	337.18	100
60	84	72	96	0	345.225	100
62	86	74	98	0	339.471	100
64	88	76	100	0	342.997	100
66	90	78	102	0	340.209	100
68	92	80	104	0	330.199	100
70	94	82	106	0	332.252	100
72	96	84	108	0	331.794	100
74	98	86	110	0	343.971	100
76	100	88	112	0	339.847	100
78	102	90	114	0	332.751	100
80	104	92	116	0	325.74	100
82	106	94	118	0	327.268	100
84	108	96	120	0	337.689	100
86	110	98	122	0	334.879	100
88	112	100	124	0	324.447	100
90	114	102	126	0	323.917	100
92	116	104	128	0	319.343	100
94	118	106	130	0	319.225	100
96	120	108	132	0	308.682	100
98	122	110	134	0	302.169	100
100	124	112	136	0	303.711	100
102	126	114	138	0	302.52	100
104	128	116	140	0	289.052	100
106	130	118	142	0	283.901	100
108	132	120	144	0	285.523	100
110	134	122	146	0	280.191	100
112	136	124	148	0	284.118	100
114	138	126	150	0	279.242	100
116	140	128	152	0	284.357	100
118	142	130	154	0	280.485	100
120	144	132	156	0	280.597	100
122	146	134	158	0	276.792	100
124	148	136	160	0	265.937	100
126	150	138	162	0	266.073	100
128	152	140	164	0	258.015	100
130	154	142	166	0	250.707	100
132	156	144	168	0	249.81	100
134	158	146	170	0	241.202	100
136	160	148	172	0	231.13	100
138	162	150	174	0	228.126	100
140	164	152	176	0	226.468	100
142	166	154	178	0	212.812	100
144	168	156	180	0	212.059	100
146	170	158	182	0	208.03	100
148	172	160	184	0	194.728	100
150	174	162	186	0	189.492	100
152	176	164	188	0	188.698	100
154	178	166	190	0	186.711	100
156	180	168	192	0	185.123	100
158	182	170	194	0	181.954	100
160	184	172	196	0	181.956	100
162	186	174	198	0	178.781	100
164	188	176	200	0	179.795	100
166	190	178	202	0	183.466	100
168	192	180	204	0	178.111	100
170	194	182	206	0	180.86	100
172	196	184	208	0	171.301	100
174	198	186	210	0	166.357	100
176	200	188	212	0	164.003	100
178	202	190	214	0	165.119	100
180	204	192	216	0	159.411	100
182	206	194	218	0	161.003	100
184	208	196	220	0	157.738	100
186	210	198	222	0	160.091	100
188	212	200	224	0	160.819	100
190	214	202	226	0	168.317	100
192	216	204	228	0	172.219	100
194	218	206	230	0	167.247	100
196	220	208	232	0	170.799	100
198	222	210	234	0	178.566	100
200	224	212	236	0	173.486	100
202	226	214	238	0	169.47	100
204	228	216	240	0	168.803	100
206	230	218	242	0	167.234	100
208	232	220	244	0	175.533	100
210	234	222	246	0	170.566	100
212	236	224	248	0	171.356	100
214	238	226	250	0	175.844	100
216	240	228	252	0	183.334	100
218	242	230	254	0	178.14	100
220	244	232	256	0	181.441	100
222	246	234	258	0	188.596	100
224	248	236	260	0	188.222	100
226	250	238	262	0	193.211	100
228	252	240	264	0	194.186	100
230	254	242	266	0	195.944	100
232	256	244	268	0	195.214	100
234	258	246	270	0	199.206	100
236	260	248	272	0	199.833	100
238	262	250	274	0	199.886	100
240	264	252	276	0	198.942	100
242	266	254	278	0	196.697	100
244	268	256	280	0	200.189	100
246	270	258	282	0	194.615	100
28	56	42	70	0	367.34	100
30	58	44	72	0	368.467	100
32	60	46	74	0	366.584	100
34	62	48	76	0	383.655	100
36	64	50	78	0	368.819	100
38	66	52	80	0	370.865	100
40	68	54	82	0	382.55	100
42	70	56	84	0	376.224	100
44	72	58	86	0	371.951	100
46	74	60	88	0	364.618	100
48	76	62	90	0	374.292	100
50	78	64	92	0	367.566	100
52	80	66	94	0	366.631	100
54	82	68	96	0	373.668	100
56	84	70	98	0	370.932	100
58	86	72	100	0	361.466	100
60	88	74	102	0	370.558	100
62	90	76	104	0	371.513	100
64	92	78	106	0	355.059	100
66	94	80	108	0	358.615	100
68	96	82	110	0	365.527	100
70	98	84	112	0	367.181	100
72	100	86	114	0	355.149	100
74	102	88	116	0	358.018	100
76	104	90	118	0	362.848	100
78	106	92	120	0	350.198	100
80	108	94	122	0	351.666	100
82	110	96	124	0	352.076	100
84	112	98	126	0	349.917	100
86	114	100	128	0	338.282	100
88	116	102	130	0	344.876	100
90	118	104	132	0	338.293	100
92	120	106	134	0	326.601	100
94	122	108	136	0	329.493	100
96	124	110	138	0	320.375	100
98	126	112	140	0	311.833	100
100	128	114	142	0	300.89	100
102	130	116	144	0	302.957	100
104	132	118	146	0	306.787	100
106	134	120	148	0	296.036	100
108	136	122	150	0	296.612	100
110	138	124	152	0	297.605	100
112	140	126	154	0	299.567	100
114	142	128	156	0	300.868	100
116	144	130	158	0	292.622	100
118	146	132	160	0	291.298	100
120	148	134	162	0	283.072	100
122	150	136	164	0	279.02	100
124	152	138	166	0	274.903	100
126	154	140	168	0	265.143	100
128	156	142	170	0	261.694	100
130	158	144	172	0	248.942	100
132	160	146	174	0	253.125	100
134	162	148	176	0	241.387	100
136	164	150	178	0	231.084	100
138	166	152	180	0	226.649	100
140	168	154	182	0	219.862	100
142	170	156	184	0	212.243	100
144	172	158	186	0	198.492	100
146	174	160	188	0	192.58	100
148	176	162	190	0	191.892	100
150	178	164	192	0	187.683	100
152	180	166	194	0	184.119	100
154	182	168	196	0	182.978	100
156	184	170	198	0	178.219	100
158	186	172	200	0	177.06	100
160	188	174	202	0	176.875	100
162	190	176	204	0	178.73	100
164	192	178	206	0	180.476	100
166	194	180	208	0	174.729	100
168	196	182	210	0	178.532	100
170	198	184	212	0	169.484	100
172	200	186	214	0	169.308	100
174	202	188	216	0	163.699	100
176	204	190	218	0	156.53	100
178	206	192	220	0	155.353	100
180	208	194	222	0	153.314	100
182	210	196	224	0	154.664	100
184	212	198	226	0	158.792	100
186	214	200	228	0	162.661	100
188	216	202	230	0	165.56	100
190	218	204	232	0	163.797	100
192	220	206	234	0	170.103	100
194	222	208	236	0	170.046	100
196	224	210	238	0	171.963	100
198	226	212	240	0	165.32	100
200	228	214	242	0	164.29	100
202	230	216	244	0	164.078	100
204	232	218	246	0	165.896	100
206	234	220	248	0	162.284	100
208	236	222	250	0	165.665	100
210	238	224	252	0	165.62	100
212	240	226	254	0	164.658	100
214	242	228	256	0	170.527	100
216	244	230	258	0	173.889	100
218	246	232	260	0	178.93	100
220	248	234	262	0	183.973	100
222	250	236	264	0	185.899	100
224	252	238	266	0	182.677	100
226	254	240	268	0	189.337	100
228	256	242	270	0	186.147	100
230	258	244	272	0	188.603	100
232	260	246	274	0	198.052	100
234	262	248	276	0	198.604	100
236	264	250	278	0	198.22	100
238	266	252	280	0	193.193	100
240	268	254	282	0	194.97	100
28	60	44	76	0	390.613	100
30	62	46	78	0	402.545	100
32	64	48	80	0	407.689	100
34	66	50	82	0	402.935	100
36	68	52	84	0	393.668	100
38	70	54	86	0	407.786	100
40	72	56	88	0	394.43	100
42	74	58	90	0	402.356	100
44	76	60	92	0	398.918	100
46	78	62	94	0	391.823	100
48	80	64	96	0	401.376	100
50	82	66	98	0	381.694	100
52	84	68	100	0	381.085	100
54	86	70	102	0	381.929	100
56	88	72	104	0	388.607	100
58	90	74	106	0	385.564	100
60	92	76	108	0	379.431	100
62	94	78	110	0	393.898	100
64	96	80	112	0	391.529	100
66	98	82	114	0	389.389	100
68	100	84	116	0	388.442	100
70	102	86	118	0	384.775	100
72	104	88	120	0	389.239	100
74	106	90	122	0	377.098	100
76	108	92	124	0	379.592	100
78	110	94	126	0	383.203	100
80	112	96	128	0	366.92	100
82	114	98	130	0	366.914	100
84	116	100	132	0	365.49	100
86	118	102	134	0	354.089	100
88	120	104	136	0	353.063	100
90	122	106	138	0	345.162	100
92	124	108	140	0	326.354	100
94	126	110	142	0	329.303	100
96	128	112	144	0	319.066	100
98	130	114	146	0	312.136	100
100	132	116	148	0	314.014	100
102	134	118	150	0	314.042	100
104	136	120	152	0	302.96	100
106	138	122	154	0	306.612	100
108	140	124	156	0	304.241	100
110	142	126	158	0	302.267	100
112	144	128	160	0	305.583	100
114	146	130	162	0	301.428	100
116	148	132	164	0	297.783	100
118	150	134	166	0	302.982	100
120	152	136	168	0	292.618	100
122	154	138	170	0	280.422	100
124	156	140	172	0	278.295	100
126	158	142	174	0	265.091	100
128	160	144	176	0	251.692	100
130	162	146	178	0	248.862	100
132	164	148	180	0	246.407	100
134	166	150	182	0	237.163	100
136	168	152	184	0	227.962	100
138	170	154	186	0	217.334	100
140	172	156	188	0	212.124	100
142	174	158	190	0	196.525	100
144	176	160	192	0	189.923	100
146	178	162	194	0	189.058	100
148	180	164	196	0	184.635	100
150	182	166	198	0	185.471	100
152	184	168	200	0	179.644	100
154	186	170	202	0	181.479	100
156	188	172	204	0	180.769	100
158	190	174	206	0	182.81	100
160	192	176	208	0	174.93	100
162	194	178	210	0	176.65	100
164	196	180	212	0	177.601	100
166	198	182	214	0	169.469	100
168	200	184	216	0	169.653	100
170	202	186	218	0	167.378	100
172	204	188	220	0	158.811	100
174	206	190	222	0	162.655	100
176	208	192	224	0	153.558	100
178	210	194	226	0	155.607	100
180	212	196	228	0	160.405	100
182	214	198	230	0	161.615	100
184	216	200	232	0	165.048	100
186	218	202	234	0	166.992	100
188	220	204	236	0	164.011	100
190	222	206	238	0	170.216	100
192	224	208	240	0	164.998	100
194	226	210	242	0	163.928	100
196	228	212	244	0	167.065	100
198	230	214	246	0	166.764	100
200	232	216	248	0	161.926	100
202	234	218	250	0	158.646	100
204	236	220	252	0	161.729	100
206	238	222	254	0	159.764	100
208	240	224	256	0	155.753	100
210	242	226	258	0	161.417	100
212	244	228	260	0	165.479	100
214	246	230	262	0	167.956	100
216	248	232	264	0	169.067	100
218	250	234	266	0	172.862	100
220	252	236	268	0	177.153	100
222	254	238	270	0	179.347	100
224	256	240	272	0	185.583	100
226	258	242	274	0	183.273	100
228	260	244	276	0	188.516	100
230	262	246	278	0	188.412	100
232	264	248	280	0	196.032	100
234	266	250	282	0	194.866	100
28	64	46	82	0	413.301	100
30	66	48	84	0	428.036	100
32	68	50	86	0	428.779	100
34	70	52	88	0	409.1	100
36	72	54	90	0	419.216	100
38	74	56	92	0	420.989	100
40	76	58	94	0	420.34	100
42	78	60	96	0	418.507	100
44	80	62	98	0	412.676	100
46	82	64	100	0	419.023	100
48	84	66	102	0	416.199	100
50	86	68	104	0	401.858	100
52	88	70	106	0	414.104	100
54	90	72	108	0	406.059	100
56	92	74	110	0	409.803	100
58	94	76	112	0	412.485	100
60	96	78	114	0	399.274	100
62	98	80	116	0	410.853	100
64	100	82	118	0	402.829	100
66	102	84	120	0	410.934	100
68	104	86	122	0	398.028	100
70	106	88	124	0	402.646	100
72	108	90	126	0	389.136	100
74	110	92	128	0	396.334	100
76	112	94	130	0	395.944	100
78	114	96	132	0	385.841	100
80	116	98	134	0	379.227	100
82	118	100	136	0	363.737	100
84	120	102	138	0	366.407	100
86	122	104	140	0	351.544	100
88	124	106	142	0	348.438	100
90	126	108	144	0	328.022	100
92	128	110	146	0	328.16	100
94	130	112	148	0	329.63	100
96	132	114	150	0	315.708	100
98	134	116	152	0	328.796	100
100	136	118	154	0	320.786	100
102	138	120	156	0	327.057	100
104	140	122	158	0	325.59	100
106	142	124	160	0	314.085	100
108	144	126	162	0	325.197	100
110	146	128	164	0	319.999	100
112	148	130	166	0	310.676	100
114	150	132	168	0	311.548	100
116	152	134	170	0	296.37	100
118	154	136	172	0	300.942	100
120	156	138	174	0	284.949	100
122	158	140	176	0	272.481	100
124	160	142	178	0	268.503	100
126	162	144	180	0	260.794	100
128	164	146	182	0	242.075	100
130	166	148	184	0	243.658	100
132	168	150	186	0	229.206	100
134	170	152	188	0	218.247	100
136	172	154	190	0	215.346	100
138	174	156	192	0	205.481	100
140	176	158	194	0	204.114	100
142	178	160	196	0	193.033	100
144	180	162	198	0	191.952	100
146	182	164	200	0	190.134	100
148	184	166	202	0	188.995	100
150	186	168	204	0	184.221	100
152	188	170	206	0	186.659	100
154	190	172	208	0	181.61	100
156	192	174	210	0	180.753	100
158	194	176	212	0	185.397	100
160	196	178	214	0	177.5	100
162	198	180	216	0	178.559	100
164	200	182	218	0	174.734	100
166	202	184	220	0	173.001	100
168	204	186	222	0	167.426	100
170	206	188	224	0	162.877	100
172	208	190	226	0	161.289	100
174	210	192	228	0	163.03	100
176	212	194	230	0	156.437	100
178	214	196	232	0	161.739	100
180	216	198	234	0	166.081	100
182	218	200	236	0	166.033	100
184	220	202	238	0	170.245	100
186	222	204	240	0	168.579	100
188	224	206	242	0	167.123	100
190	226	208	244	0	162.804	100
192	228	210	246	0	166.369	100
194	230	212	248	0	166.654	100
196	232	214	250	0	157.85	100
198	234	216	252	0	154.686	100
200	236	218	254	0	152.601	100
202	238	220	256	0	149.146	100
204	240	222	258	0	151.775	100
206	242	224	260	0	155.765	100
208	244	226	262	0	156.893	100
210	246	228	264	0	154.89	100
212	248	230	266	0	158.09	100
214	250	232	268	0	163.965	100
216	252	234	270	0	168.122	100
218	254	236	272	0	172.115	100
220	256	238	274	0	175.34	100
222	258	240	276	0	182.037	100
224	260	242	278	0	179.748	100
226	262	244	280	0	190.839	100
228	264	246	282	0	189.38	100
28	68	48	88	0	439.18	100
30	70	50	90	0	431.724	100
32	72	52	92	0	422.642	100
34	74	54	94	0	434.41	100
36	76	56	96	0	429.742	100
38	78	58	98	0	431.264	100
40	80	60	100	0	426.773	100
42	82	62	102	0	415.905	100
44	84	64	104	0	424.469	100
46	86	66	106	0	413.764	100
48	88	68	108	0	421.954	100
50	90	70	110	0	422.223	100
52	92	72	112	0	424.358	100
54	94	74	114	0	419.607	100
56	96	76	116	0	426.403	100
58	98	78	118	0	428.431	100
60	100	80	120	0	425.037	100
62	102	82	122	0	426.457	100
64	104	84	124	0	414.641	100
66	106	86	126	0	417.34	100
68	108	88	128	0	414.207	100
70	110	90	130	0	409.997	100
72	112	92	132	0	408.786	100
74	114	94	134	0	387.239	100
76	116	96	136	0	379.028	100
78	118	98	138	0	373.656	100
80	120	100	140	0	367.447	100
82	122	102	142	0	363.826	100
84	124	104	144	0	348.548	100
86	126	106	146	0	342.641	100
88	128	108	148	0	334.645	100
90	130	110	150	0	327.344	100
92	132	112	152	0	337.871	100
94	134	114	154	0	328.483	100
96	136	116	156	0	335.118	100
98	138	118	158	0	329.456	100
100	140	120	160	0	340.716	100
102	142	122	162	0	328.507	100
104	144	124	164	0	330.205	100
106	146	126	166	0	329.226	100
108	148	128	168	0	322.075	100
110	150	130	170	0	326.167	100
112	152	132	172	0	320.783	100
114	154	134	174	0	310.615	100
116	156	136	176	0	291.176	100
118	158	138	178	0	286.873	100
120	160	140	180	0	275.766	100
122	162	142	182	0	267.355	100
124	164	144	184	0	250.744	100
126	166	146	186	0	235.061	100
128	168	148	188	0	231.851	100
130	170	150	190	0	219.232	100
132	172	152	192	0	218.298	100
134	174	154	194	0	209.184	100
136	176	156	196	0	202.847	100
138	178	158	198	0	204.32	100
140	180	160	200	0	199.8	100
142	182	162	202	0	197.078	100
144	184	164	204	0	193.35	100
146	186	166	206	0	196.587	100
148	188	168	208	0	196.262	100
150	190	170	210	0	192.258	100
152	192	172	212	0	193.828	100
154	194	174	214	0	190.607	100
156	196	176	216	0	189.566	100
158	198	178	218	0	183.186	100
160	200	180	220	0	183.607	100
162	202	182	222	0	177.982	100
164	204	184	224	0	173.561	100
166	206	186	226	0	167.32	100
168	208	188	228	0	163.821	100
170	210	190	230	0	167.92	100
172	212	192	232	0	160.772	100
174	214	194	234	0	161.168	100
176	216	196	236	0	167.625	100
178	218	198	238	0	165.903	100
180	220	200	240	0	171.229	100
182	222	202	242	0	169.253	100
184	224	204	244	0	167.941	100
186	226	206	246	0	167.235	100
188	228	208	248	0	167.207	100
190	230	210	250	0	167.401	100
192	232	212	252	0	160.732	100
194	234	214	254	0	154.749	100
196	236	216	256	0	150.986	100
198	238	218	258	0	151.007	100
200	240	220	260	0	150.676	100
202	242	222	262	0	148.128	100
204	244	224	264	0	150.355	100
206	246	226	266	0	151.476	100
208	248	228	268	0	148.505	100
210	250	230	270	0	154.915	100
212	252	232	272	0	156.86	100
214	254	234	274	0	158.201	100
216	256	236	276	0	165.479	100
218	258	238	278	0	169.19	100
220	260	240	280	0	175.512	100
222	262	242	282	0	176.821	100
28	72	50	94	0	452.088	100
30	74	52	96	0	433.647	100
32	76	54	98	0	440.591	100
34	78	56	100	0	429.791	100
36	80	58	102	0	427.436	100
38	82	60	104	0	439.243	100
40	84	62	106	0	428.829	100
42	86	64	108	0	441.214	100
44	88	66	110	0	444.993	100
46	90	68	112	0	445.053	100
48	92	70	114	0	429.169	100
50	94	72	116	0	429.533	100
52	96	74	118	0	430.066	100
54	98	76	120	0	440.067	100
56	100	78	122	0	424.272	100
58	102	80	124	0	435.893	100
60	104	82	126	0	438.077	100
62	106	84	128	0	419.825	100
64	108	86	130	0	415.776	100
66	110	88	132	0	419.502	100
68	112	90	134	0	415.371	100
70	114	92	136	0	414.841	100
72	116	94	138	0	395.083	100
74	118	96	140	0	394.096	100
76	120	98	142	0	380.888	100
78	122	100	144	0	375.146	100
80	124	102	146	0	367.838	100
82	126	104	148	0	345.442	100
84	128	106	150	0	341.856	100
86	130	108	152	0	344.022	100
88	132	110	154	0	339.641	100
90	134	112	156	0	334.878	100
92	136	114	158	0	344.477	100
94	138	116	160	0	349.474	100
96	140	118	162	0	338.79	100
98	142	120	164	0	347.285	100
100	144	122	166	0	343.094	100
102	146	124	168	0	338.572	100
104	148	126	170	0	335.816	100
106	150	128	172	0	330.048	100
108	152	130	174	0	320.954	100
110	154	132	176	0	317.558	100
112	156	134	178	0	307.197	100
114	158	136	180	0	294.274	100
116	160	138	182	0	279.294	100
118	162	140	184	0	270.851	100
120	164	142	186	0	252.201	100
122	166	144	188	0	241.294	100
124	168	146	190	0	238.706	100
126	170	148	192	0	224.789	100
128	172	150	194	0	223.09	100
130	174	152	196	0	215.161	100
132	176	154	198	0	210.372	100
134	178	156	200	0	206.991	100
136	180	158	202	0	206.765	100
138	182	160	204	0	202.065	100
140	184	162	206	0	201.929	100
142	186	164	208	0	203.22	100
144	188	166	210	0	199.839	100
146	190	168	212	0	199.817	100
148	192	170	214	0	203.145	100
150	194	172	216	0	197.205	100
152	196	174	218	0	193.407	100
154	198	176	220	0	190.347	100
156	200	178	222	0	184.923	100
158	202	180	224	0	183.039	100
160	204	182	226	0	184.222	100
162	206	184	228	0	177.837	100
164	208	186	230	0	175.564	100
166	210	188	232	0	169.776	100
168	212	190	234	0	165.824	100
170	214	192	236	0	165.657	100
172	216	194	238	0	165.886	100
174	218	196	240	0	172.723	100
176	220	198	242	0	173.261	100
178	222	200	244	0	172.741	100
180	224	202	246	0	173.375	100
182	226	204	248	0	168.079	100
184	228	206	250	0	173.58	100
186	230	208	252	0	168.024	100
188	232	210	254	0	164.575	100
190	234	212	256	0	162.73	100
192	236	214	258	0	161.167	100
194	238	216	260	0	155.444	100
196	240	218	262	0	152.732	100
198	242	220	264	0	145.485	100
200	244	222	266	0	146.267	100
202	246	224	268	0	146.229	100
204	248	226	270	0	143.835	100
206	250	228	272	0	146.824	100
208	252	230	274	0	144.631	100
210	254	232	276	0	149.259	100
212	256	234	278	0	152.382	100
214	258	236	280	0	158.974	100
216	260	238	282	0	165.514	100
28	76	52	100	0	440.486	100
30	78	54	102	0	450.226	100
32	80	56	104	0	444.631	100
34	82	58	106	0	452.525	100
36	84	60	108	0	443.011	100
38	86	62	110	0	452.306	100
40	88	64	112	0	454.19	100
42	90	66	114	0	445.783	100
44	92	68	116	0	433.476	100
46	94	70	118	0	451.377	100
48	96	72	120	0	441.489	100
50	98	74	122	0	446.663	100
52	100	76	124	0	441.858	100
54	102	78	126	0	440.321	100
56	104	80	128	0	439.496	100
58	106	82	130	0	445.498	100
60	108	84	132	0	438.832	100
62	110	86	134	0	417.885	100
64	112	88	136	0	426.175	100
66	114	90	138	0	410.769	100
68	116	92	140	0	409.687	100
70	118	94	142	0	383.974	100
72	120	96	144	0	376.825	100
74	122	98	146	0	379.859	100
76	124	100	148	0	369.595	100
78	126	102	150	0	369.167	100
80	128	104	152	0	363.726	100
82	130	106	154	0	361.023	100
84	132	108	156	0	344.131	100
86	134	110	158	0	346.76	100
88	136	112	160	0	351.691	100
90	138	114	162	0	350.045	100
92	140	116	164	0	362.617	100
94	142	118	166	0	363.278	100
96	144	120	168	0	348.163	100
98	146	122	170	0	349.69	100
100	148	124	172	0	353.089	100
102	150	126	174	0	334.86	100
104	152	128	176	0	324.504	100
106	154	130	178	0	329.371	100
108	156	132	180	0	304.112	100
110	158	134	182	0	298.37	100
112	160	136	184	0	286.985	100
114	162	138	186	0	271.974	100
116	164	140	188	0	263.858	100
118	166	142	190	0	254.04	100
120	168	144	192	0	235.562	100
122	170	146	194	0	230.582	100
124	172	148	196	0	218.456	100
126	174	150	198	0	215.063	100
128	176	152	200	0	212.308	100
130	178	154	202	0	220.642	100
132	180	156	204	0	212.047	100
134	182	158	206	0	212.838	100
136	184	160	208	0	218.852	100
138	186	162	210	0	220.249	100
140	188	164	212	0	212.96	100
142	190	166	214	0	216.459	100
144	192	168	216	0	215.291	100
146	194	170	218	0	206.954	100
148	196	172	220	0	209.85	100
150	198	174	222	0	198.805	100
152	200	176	224	0	197.445	100
154	202	178	226	0	195.582	100
156	204	180	228	0	185.11	100
158	206	182	230	0	186.174	100
160	208	184	232	0	177.988	100
162	210	186	234	0	182.037	100
164	212	188	236	0	178.428	100
166	214	190	238	0	171.63	100
168	216	192	240	0	177.301	100
170	218	194	242	0	176.873	100
172	220	196	244	0	175.209	100
174	222	198	246	0	174.397	100
176	224	200	248	0	173.487	100
178	226	202	250	0	174.456	100
180	228	204	252	0	173.437	100
182	230	206	254	0	172.852	100
184	232	208	256	0	173.766	100
186	234	210	258	0	166.262	100
188	236	212	260	0	164.221	100
190	238	214	262	0	154.865	100
192	240	216	264	0	152.999	100
194	242	218	266	0	152.096	100
196	244	220	268	0	144.303	100
198	246	222	270	0	140.395	100
200	248	224	272	0	142.377	100
202	250	226	274	0	140.068	100
204	252	228	276	0	142.655	100
206	254	230	278	0	141.896	100
208	256	232	280	0	146.806	100
210	258	234	282	0	149.57	100
28	80	54	106	0	445.77	100
30	82	56	108	0	437.1	100
32	84	58	110	0	441.053	100
34	86	60	112	0	449.08	100
36	88	62	114	0	453.191	100
38	90	64	116	0	446.763	100
40	92	66	118	0	451.31	100
42	94	68	120	0	452.085	100
44	96	70	122	0	453.295	100
46	98	72	124	0	449.927	100
48	100	74	126	0	447.881	100
50	102	76	128	0	441.733	100
52	104	78	130	0	454.171	100
54	106	80	132	0	445.413	100
56	108	82	134	0	438.649	100
58	110	84	136	0	424.75	100
60	112	86	138	0	415.694	100
62	114	88	140	0	414.326	100
64	116	90	142	0	407.839	100
66	118	92	144	0	401.848	100
68	120	94	146	0	387.993	100
70	122	96	148	0	370.542	100
72	124	98	150	0	375.797	100
74	126	100	152	0	373.78	100
76	128	102	154	0	357.635	100
78	130	104	156	0	357.678	100
80	132	106	158	0	355.394	100
82	134	108	160	0	366.14	100
84	136	110	162	0	362.759	100
86	138	112	164	0	367.903	100
88	140	114	166	0	359.597	100
90	142	116	168	0	372.879	100
92	144	118	170	0	368.388	100
94	146	120	172	0	359.237	100
96	148	122	174	0	355.647	100
98	150	124	176	0	348.723	100
100	152	126	178	0	346.199	100
102	154	128	180	0	323.556	100
104	156	130	182	0	312.441	100
106	158	132	184	0	306.135	100
108	160	134	186	0	294.295	100
110	162	136	188	0	279.621	100
112	164	138	190	0	268.383	100
114	166	140	192	0	252.788	100
116	168	142	194	0	238.639	100
118	170	144	196	0	231.513	100
120	172	146	198	0	230.172	100
122	174	148	200	0	221.964	100
124	176	150	202	0	224.576	100
126	178	152	204	0	218.767	100
128	180	154	206	0	217.007	100
130	182	156	208	0	220.286	100
132	184	158	210	0	222.139	100
134	186	160	212	0	228.246	100
136	188	162	214	0	221.677	100
138	190	164	216	0	225.519	100
140	192	166	218	0	230.313	100
142	194	168	220	0	219.633	100
144	196	170	222	0	215.218	100
146	198	172	224	0	213.861	100
148	200	174	226	0	213.996	100
150	202	176	228	0	202.881	100
152	204	178	230	0	198.253	100
154	206	180	232	0	196.837	100
156	208	182	234	0	193.263	100
158	210	184	236	0	190.095	100
160	212	186	238	0	180.743	100
162	214	188	240	0	182.58	100
164	216	190	242	0	175.206	100
166	218	192	244	0	177.236	100
168	220	194	246	0	175.233	100
170	222	196	248	0	179.091	100
172	224	198	250	0	181.318	100
174	226	200	252	0	181.019	100
176	228	202	254	0	182.012	100
178	230	204	256	0	180.04	100
180	232	206	258	0	178.531	100
182	234	208	260	0	172.537	100
184	236	210	262	0	165.804	100
186	238	212	264	0	165.755	100
188	240	214	266	0	162.231	100
190	242	216	268	0	152.578	100
192	244	218	270	0	153.287	100
194	246	220	272	0	143.185	100
196	248	222	274	0	145.678	100
198	250	224	276	0	143.468	100
200	252	226	278	0	138.798	100
202	254	228	280	0	140.763	100
204	256	230	282	0	136.855	100
28	84	56	112	0	448.767	100
30	86	58	114	0	442.349	100
32	88	60	116	0	462.287	100
34	90	62	118	0	461.951	100
36	92	64	120	0	456.398	100
38	94	66	122	0	460.937	100
40	96	68	124	0	461.784	100
42	98	70	126	0	457.343	100
44	100	72	128	0	444.447	100
46	102	74	130	0	452.323	100
48	104	76	132	0	452.236	100
50	106	78	134	0	442.418	100
52	108	80	136	0	441.513	100
54	110	82	138	0	424.886	100
56	112	84	140	0	416.608	100
58	114	86	142	0	412.165	100
60	116	88	144	0	398.634	100
62	118	90	146	0	389.13	100
64	120	92	148	0	386.861	100
66	122	94	150	0	387.473	100
68	124	96	152	0	372.612	100
70	126	98	154	0	382.401	100
72	128	100	156	0	370.046	100
74	130	102	158	0	365.792	100
76	132	104	160	0	372.856	100
78	134	106	162	0	367.482	100
80	136	108	164	0	362.452	100
82	138	110	166	0	372.247	100
84	140	112	168	0	377.56	100
86	142	114	170	0	377.746	100
88	144	116	172	0	371.99	100
90	146	118	174	0	363.737	100
92	148	120	176	0	371.184	100
94	150	122	178	0	357.253	100
96	152	124	180	0	342.648	100
98	154	126	182	0	339.441	100
100	156	128	184	0	324.444	100
102	158	130	186	0	307.191	100
104	160	132	188	0	297.655	100
106	162	134	190	0	288.055	100
108	164	136	192	0	276.398	100
110	166	138	194	0	268.457	100
112	168	140	196	0	257.291	100
114	170	142	198	0	239.97	100
116	172	144	200	0	232.082	100
118	174	146	202	0	227.17	100
120	176	148	204	0	230.329	100
122	178	150	206	0	225.191	100
124	180	152	208	0	224.54	100
126	182	154	210	0	234.726	100
128	184	156	212	0	236.754	100
130	186	158	214	0	231.722	100
132	188	160	216	0	239.08	100
134	190	162	218	0	234.049	100
136	192	164	220	0	237.07	100
138	194	166	222	0	234.494	100
140	196	168	224	0	233.657	100
142	198	170	226	0	228.656	100
144	200	172	228	0	216.432	100
146	202	174	230	0	215.609	100
148	204	176	232	0	209.68	100
150	206	178	234	0	205.974	100
152	208	180	236	0	202.543	100
154	210	182	238	0	194.472	100
156	212	184	240	0	188.315	100
158	214	186	242	0	183.424	100
160	216	188	244	0	181.682	100
162	218	190	246	0	185.016	100
164	220	192	248	0	178.927	100
166	222	194	250	0	180.353	100
168	224	196	252	0	177.757	100
170	226	198	254	0	182.659	100
172	228	200	256	0	178.393	100
174	230	202	258	0	184.46	100
176	232	204	260	0	182.13	100
178	234	206	262	0	175.235	100
180	236	208	264	0	178.72	100
182	238	210	266	0	170.033	100
184	240	212	268	0	166.741	100
186	242	214	270	0	159.063	100
188	244	216	272	0	155.355	100
190	246	218	274	0	151.319	100
192	248	220	276	0	147.265	100
194	250	222	278	0	148.164	100
196	252	224	280	0	142.374	100
198	254	226	282	0	142.523	100
28	88	58	118	0	449.342	100
30	90	60	120	0	447.178	100
32	92	62	122	0	455.168	100
34	94	64	124	0	455.384	100
36	96	66	126	0	461.976	100
38	98	68	128	0	445.215	100
40	100	70	130	0	446.76	100
42	102	72	132	0	453.862	100
44	104	74	134	0	448.477	100
46	106	76	136	0	440.524	100
48	108	78	138	0	438.938	100
50	110	80	140	0	430.878	100
52	112	82	142	0	410.438	100
54	114	84	144	0	417.031	100
56	116	86	146	0	413.621	100
58	118	88	148	0	389.595	100
60	120	90	150	0	388.213	100
62	122	92	152	0	378.483	100
64	124	94	154	0	391.286	100
66	126	96	156	0	389.48	100
68	128	98	158	0	371.928	100
70	130	100	160	0	381.661	100
72	132	102	162	0	371.323	100
74	134	104	164	0	377.765	100
76	136	106	166	0	383.19	100
78	138	108	168	0	377.251	100
80	140	110	170	0	386.238	100
82	142	112	172	0	372.219	100
84	144	114	174	0	375.423	100
86	146	116	176	0	372.736	100
88	148	118	178	0	360.184	100
90	150	120	180	0	368.721	100
92	152	122	182	0	357.904	100
94	154	124	184	0	346.151	100
96	156	126	186	0	332.093	100
98	158	128	188	0	322.96	100
100	160	130	190	0	313.609	100
102	162	132	192	0	300.201	100
104	164	134	194	0	281.626	100
106	166	136	196	0	271.423	100
108	168	138	198	0	271.427	100
110	170	140	200	0	258.916	100
112	172	142	202	0	251.735	100
114	174	144	204	0	248.264	100
116	176	146	206	0	238.014	100
118	178	148	208	0	239.363	100
120	180	150	210	0	231.299	100
122	182	152	212	0	240.254	100
124	184	154	214	0	242.143	100
126	186	156	216	0	246.642	100
128	188	158	218	0	245.418	100
130	190	160	220	0	249.243	100
132	192	162	222	0	247.122	100
134	194	164	224	0	249.085	100
136	196	166	226	0	241.414	100
138	198	168	228	0	238.354	100
140	200	170	230	0	231.956	100
142	202	172	232	0	226.364	100
144	204	174	234	0	224.12	100
146	206	176	236	0	219.511	100
148	208	178	238	0	214.02	100
150	210	180	240	0	207.711	100
152	212	182	242	0	202.613	100
154	214	184	244	0	197.523	100
156	216	186	246	0	192.256	100
158	218	188	248	0	187.247	100
160	220	190	250	0	185.231	100
162	222	192	252	0	183.188	100
164	224	194	254	0	188.171	100
166	226	196	256	0	183.194	100
168	228	198	258	0	183.085	100
170	230	200	260	0	186.943	100
172	232	202	262	0	179.74	100
174	234	204	264	0	178.866	100
176	236	206	266	0	182.482	100
178	238	208	268	0	177.506	100
180	240	210	270	0	177.06	100
182	242	212	272	0	172.579	100
184	244	214	274	0	162.988	100
186	246	216	276	0	160.669	100
188	248	218	278	0	156.988	100
190	250	220	280	0	153.654	100
192	252	222	282	0	146.152	100
28	92	60	124	0	446.634	100
30	94	62	126	0	457.809	100
32	96	64	128	0	460.824	100
34	98	66	130	0	461.402	100
36	100	68	132	0	443.886	100
38	102	70	134	0	443.017	100
40	104	72	136	0	446.804	100
42	106	74	138	0	428.449	100
44	108	76	140	0	424.512	100
46	110	78	142	0	423.548	100
48	112	80	144	0	424.431	100
50	114	82	146	0	417.435	100
52	116	84	148	0	412.533	100
54	118	86	150	0	409.254	100
56	120	88	152	0	403.868	100
58	122	90	154	0	399.506	100
60	124	92	156	0	391.237	100
62	126	94	158	0	378.887	100
64	128	96	160	0	376.954	100
66	130	98	162	0	379.594	100
68	132	100	164	0	375.53	100
70	134	102	166	0	377.05	100
72	136	104	168	0	374.713	100
74	138	106	170	0	386.597	100
76	140	108	172	0	375.211	100
78	142	110	174	0	389.779	100
80	144	112	176	0	387.428	100
82	146	114	178	0	378.037	100
84	148	116	180	0	372.099	100
86	150	118	182	0	368.505	100
88	152	120	184	0	364.816	100
90	154	122	186	0	354.791	100
92	156	124	188	0	338.311	100
94	158	126	190	0	334.193	100
96	160	128	192	0	323.548	100
98	162	130	194	0	311.289	100
100	164	132	196	0	307.359	100
102	166	134	198	0	287.422	100
104	168	136	200	0	281.817	100
106	170	138	202	0	266.039	100
108	172	140	204	0	265.963	100
110	174	142	206	0	255.199	100
112	176	144	208	0	244.674	100
114	178	146	210	0	250.337	100
116	180	148	212	0	246.525	100
118	182	150	214	0	252.88	100
120	184	152	216	0	249.853	100
122	186	154	218	0	245.549	100
124	188	156	220	0	246.847	100
126	190	158	222	0	255.976	100
128	192	160	224	0	252.806	100
130	194	162	226	0	249.789	100
132	196	164	228	0	244.596	100
134	198	166	230	0	248.642	100
136	200	168	232	0	237.188	100
138	202	170	234	0	233.95	100
140	204	172	236	0	232.955	100
142	206	174	238	0	231.494	100
144	208	176	240	0	223.37	100
146	210	178	242	0	210.093	100
148	212	180	244	0	210.608	100
150	214	182	246	0	206.359	100
152	216	184	248	0	204.697	100
154	218	186	250	0	202.161	100
156	220	188	252	0	192.853	100
158	222	190	254	0	192.512	100
160	224	192	256	0	190.604	100
162	226	194	258	0	187.415	100
164	228	196	260	0	191.989	100
166	230	198	262	0	184.93	100
168	232	200	264	0	187.491	100
170	234	202	266	0	188.37	100
172	236	204	268	0	186.893	100
174	238	206	270	0	183.701	100
176	240	208	272	0	179.95	100
178	242	210	274	0	174.801	100
180	244	212	276	0	174.053	100
182	246	214	278	0	173.948	100
184	248	216	280	0	163.095	100
186	250	218	282	0	161.007	100
28	96	62	130	0	453.559	100
30	98	64	132	0	454.165	100
32	100	66	134	0	434.201	100
34	102	68	136	0	429.829	100
36	104	70	138	0	438.974	100
38	106	72	140	0	424.254	100
40	108	74	142	0	419.614	100
42	110	76	144	0	413.302	100
44	112	78	146	0	406.129	100
46	114	80	148	0	397.64	100
48	116	82	150	0	398.61	100
50	118	84	152	0	403.138	100
52	120	86	154	0	396.576	100
54	122	88	156	0	383.772	100
56	124	90	158	0	391.587	100
58	126	92	160	0	393.621	100
60	128	94	162	0	386.962	100
62	130	96	164	0	377.187	100
64	132	98	166	0	377.249	100
66	134	100	168	0	383.398	100
68	136	102	170	0	381.157	100
70	138	104	172	0	388.682	100
72	140	106	174	0	378.963	100
74	142	108	176	0	394.024	100
76	144	110	178	0	376.314	100
78	146	112	180	0	379.217	100
80	148	114	182	0	385.078	100
82	150	116	184	0	370.25	100
84	152	118	186	0	360.687	100
86	154	120	188	0	350.785	100
88	156	122	190	0	341.184	100
90	158	124	192	0	334.366	100
92	160	126	194	0	324.973	100
94	162	128	196	0	318.104	100
96	164	130	198	0	309.939	100
98	166	132	200	0	309.77	100
100	168	134	202	0	295.637	100
102	170	136	204	0	287.749	100
104	172	138	206	0	272.688	100
106	174	140	208	0	273.332	100
108	176	142	210	0	266.221	100
110	178	144	212	0	259.495	100
112	180	146	214	0	257.096	100
114	182	148	216	0	252.81	100
116	184	150	218	0	256.781	100
118	186	152	220	0	251.535	100
120	188	154	222	0	264.563	100
122	190	156	224	0	252.252	100
124	192	158	226	0	252.929	100
126	194	160	228	0	251.545	100
128	196	162	230	0	253.957	100
130	198	164	232	0	250.269	100
132	200	166	234	0	250.77	100
134	202	168	236	0	244.529	100
136	204	170	238	0	237.17	100
138	206	172	240	0	238.692	100
140	208	174	242	0	235.368	100
142	210	176	244	0	222.281	100
144	212	178	246	0	217.866	100
146	214	180	248	0	213.15	100
148	216	182	250	0	210.611	100
150	218	184	252	0	205.811	100
152	220	186	254	0	202.637	100
154	222	188	256	0	200.431	100
156	224	190	258	0	198.116	100
158	226	192	260	0	196.997	100
160	228	194	262	0	192.359	100
162	230	196	264	0	188.429	100
164	232	198	266	0	189.399	100
166	234	200	268	0	190.92	100
168	236	202	270	0	192.999	100
170	238	204	272	0	192.622	100
172	240	206	274	0	191.007	100
174	242	208	276	0	182.21	100
176	244	210	278	0	177.817	100
178	246	212	280	0	176.93	100
180	248	214	282	0	171.239	100
28	100	64	136	0	420.98	100
30	102	66	138	0	425.882	100
32	104	68	140	0	420.882	100
34	106	70	142	0	412.094	100
36	108	72	144	0	422.374	100
38	110	74	146	0	415.575	100
40	112	76	148	0	413.694	100
42	114	78	150	0	400.23	100
44	116	80	152	0	409.508	100
46	118	82	154	0	398.735	100
48	120	84	156	0	389.219	100
50	122	86	158	0	385.668	100
52	124	88	160	0	396.639	100
54	126	90	162	0	388.673	100
56	128	92	164	0	390.276	100
58	130	94	166	0	382.403	100
60	132	96	168	0	377.535	100
62	134	98	170	0	383.198	100
64	136	100	172	0	397.07	100
66	138	102	174	0	394.904	100
68	140	104	176	0	393.954	100
70	142	106	178	0	380.71	100
72	144	108	180	0	378.626	100
74	146	110	182	0	378.017	100
76	148	112	184	0	385.652	100
78	150	114	186	0	381.21	100
80	152	116	188	0	359.446	100
82	154	118	190	0	352.318	100
84	156	120	192	0	361.937	100
86	158	122	194	0	346.273	100
88	160	124	196	0	336.591	100
90	162	126	198	0	341.944	100
92	164	128	200	0	332.635	100
94	166	130	202	0	321.602	100
96	168	132	204	0	306.127	100
98	170	134	206	0	307.005	100
100	172	136	208	0	293.913	100
102	174	138	210	0	295.106	100
104	176	140	212	0	289.215	100
106	178	142	214	0	273.619	100
108	180	144	216	0	272.62	100
110	182	146	218	0	266.395	100
112	184	148	220	0	267.931	100
114	186	150	222	0	265.535	100
116	188	152	224	0	270.247	100
118	190	154	226	0	260.997	100
120	192	156	228	0	266.32	100
122	194	158	230	0	266.204	100
124	196	160	232	0	258.731	100
126	198	162	234	0	257.781	100
128	200	164	236	0	254.065	100
130	202	166	238	0	244.92	100
132	204	168	240	0	247.689	100
134	206	170	242	0	243.67	100
136	208	172	244	0	236.271	100
138	210	174	246	0	234.227	100
140	212	176	248	0	230.596	100
142	214	178	250	0	224.611	100
144	216	180	252	0	221.506	100
146	218	182	254	0	216.327	100
148	220	184	256	0	215.282	100
150	222	186	258	0	210.335	100
152	224	188	260	0	203.153	100
154	226	190	262	0	202.001	100
156	228	192	264	0	196.562	100
158	230	194	266	0	196.349	100
160	232	196	268	0	192.893	100
162	234	198	270	0	195.962	100
164	236	200	272	0	193.386	100
166	238	202	274	0	191.303	100
168	240	204	276	0	196.808	100
170	242	206	278	0	195.307	100
172	244	208	280	0	189.145	100
174	246	210	282	0	185.365	100
28	104	66	142	0	406.978	100
30	106	68	144	0	403.766	100
32	108	70	146	0	405.931	100
34	110	72	148	0	411.124	100
36	112	74	150	0	391.275	100
38	114	76	152	0	406.558	100
40	116	78	154	0	395.766	100
42	118	80	156	0	396.066	100
44	120	82	158	0	383.356	100
46	122	84	160	0	383.622	100
48	124	86	162	0	384.493	100
50	126	88	164	0	386.506	100
52	128	90	166	0	391.29	100
54	130	92	168	0	394.406	100
56	132	94	170	0	395.052	100
58	134	96	172	0	384.203	100
60	136	98	174	0	387.422	100
62	138	100	176	0	395.077	100
64	140	102	178	0	382.423	100
66	142	104	180	0	396.663	100
68	144	106	182	0	385.49	100
70	146	108	184	0	383.09	100
72	148	110	186	0	377.712	100
74	150	112	188	0	378.648	100
76	152	114	190	0	362.89	100
78	154	116	192	0	371.037	100
80	156	118	194	0	368.804	100
82	158	120	196	0	347.753	100
84	160	122	198	0	355.84	100
86	162	124	200	0	346.168	100
88	164	126	202	0	340.438	100
90	166	128	204	0	328.225	100
92	168	130	206	0	334.084	100
94	170	132	208	0	330.987	100
96	172	134	210	0	323.643	100
98	174	136	212	0	313.658	100
100	176	138	214	0	307.733	100
102	178	140	216	0	294.376	100
104	180	142	218	0	288.257	100
106	182	144	220	0	277.493	100
108	184	146	222	0	283.538	100
110	186	148	224	0	282.124	100
112	188	150	226	0	275.889	100
114	190	152	228	0	272.776	100
116	192	154	230	0	273.607	100
118	194	156	232	0	266.837	100
120	196	158	234	0	267.779	100
122	198	160	236	0	255.359	100
124	200	162	238	0	252.248	100
126	202	164	240	0	256.867	100
128	204	166	242	0	254.551	100
130	206	168	244	0	245.999	100
132	208	170	246	0	239.151	100
134	210	172	248	0	236.516	100
136	212	174	250	0	232.135	100
138	214	176	252	0	230.371	100
140	216	178	254	0	224.028	100
142	218	180	256	0	220.407	100
144	220	182	258	0	218.289	100
146	222	184	260	0	218.858	100
148	224	186	262	0	211.755	100
150	226	188	264	0	209.428	100
152	228	190	266	0	206.841	100
154	230	192	268	0	198.938	100
156	232	194	270	0	201.126	100
158	234	196	272	0	200.907	100
160	236	198	274	0	193.799	100
162	238	200	276	0	198.59	100
164	240	202	278	0	194.776	100
166	242	204	280	0	196.994	100
168	244	206	282	0	196.274	100
28	108	68	148	0	402.027	100
30	110	70	150	0	388.864	100
32	112	72	152	0	383.247	100
34	114	74	154	0	387.148	100
36	116	76	156	0	398.125	100
38	118	78	158	0	386.892	100
40	120	80	160	0	377.845	100
42	122	82	162	0	395.843	100
44	124	84	164	0	386.342	100
46	126	86	166	0	390.704	100
48	128	88	168	0	392.389	100
50	130	90	170	0	395.368	100
52	132	92	172	0	395.288	100
54	134	94	174	0	379.731	100
56	136	96	176	0	381.35	100
58	138	98	178	0	383.874	100
60	140	100	180	0	382.355	100
62	142	102	182	0	382.832	100
64	144	104	184	0	386.601	100
66	146	106	186	0	391.353	100
68	148	108	188	0	384.691	100
70	150	110	190	0	370.989	100
72	152	112	192	0	376.481	100
74	154	114	194	0	378.953	100
76	156	116	196	0	373.547	100
78	158	118	198	0	362.984	100
80	160	120	200	0	353.869	100
82	162	122	202	0	357.658	100
84	164	124	204	0	358.282	100
86	166	126	206	0	353.457	100
88	168	128	208	0	339.245	100
90	170	130	210	0	343.404	100
92	172	132	212	0	342.932	100
94	174	134	214	0	323.032	100
96	176	136	216	0	312.627	100
98	178	138	218	0	320.442	100
100	180	140	220	0	308.615	100
102	182	142	222	0	293.242	100
104	184	144	224	0	302.042	100
106	186	146	226	0	286.447	100
108	188	148	228	0	291.664	100
110	190	150	230	0	288.175	100
112	192	152	232	0	275.356	100
114	194	154	234	0	279.324	100
116	196	156	236	0	276.907	100
118	198	158	238	0	263.819	100
120	200	160	240	0	267.713	100
122	202	162	242	0	263.841	100
124	204	164	244	0	252.513	100
126	206	166	246	0	248.103	100
128	208	168	248	0	250.336	100
130	210	170	250	0	238.436	100
132	212	172	252	0	240.847	100
134	214	174	254	0	237.51	100
136	216	176	256	0	241.889	100
138	218	178	258	0	230.459	100
140	220	180	260	0	232.612	100
142	222	182	262	0	219.787	100
144	224	184	264	0	222.486	100
146	226	186	266	0	214.895	100
148	228	188	268	0	212.879	100
150	230	190	270	0	210.603	100
152	232	192	272	0	200.62	100
154	234	194	274	0	204.415	100
156	236	196	276	0	196.68	100
158	238	198	278	0	197.16	100
160	240	200	280	0	202.121	100
162	242	202	282	0	202.119	100
28	112	70	154	0	373.252	100
30	114	72	156	0	382.031	100
32	116	74	158	0	387.029	100
34	118	76	160	0	388.838	100
36	120	78	162	0	378.489	100
38	122	80	164	0	390.242	100
40	124	82	166	0	384.016	100
42	126	84	168	0	376.7	100
44	128	86	170	0	377.135	100
46	130	88	172	0	383.874	100
48	132	90	174	0	378.245	100
50	134	92	176	0	387.883	100
52	136	94	178	0	394.046	100
54	138	96	180	0	396.979	100
56	140	98	182	0	391.813	100
58	142	100	184	0	384.635	100
60	144	102	186	0	383.622	100
62	146	104	188	0	387.638	100
64	148	106	190	0	384.326	100
66	150	108	192	0	372.927	100
68	152	110	194	0	381.439	100
70	154	112	196	0	372.47	100
72	156	114	198	0	376.024	100
74	158	116	200	0	370.687	100
76	160	118	202	0	364.625	100
78	162	120	204	0	373.351	100
80	164	122	206	0	359.221	100
82	166	124	208	0	358.482	100
84	168	126	210	0	367.251	100
86	170	128	212	0	360.595	100
88	172	130	214	0	357.822	100
90	174	132	216	0	354.186	100
92	176	134	218	0	335.659	100
94	178	136	220	0	335.002	100
96	180	138	222	0	331.169	100
98	182	140	224	0	320.052	100
100	184	142	226	0	313.587	100
102	186	144	228	0	306.004	100
104	188	146	230	0	305.882	100
106	190	148	232	0	300.442	100
108	192	150	234	0	283.52	100
110	194	152	236	0	278.386	100
112	196	154	238	0	278.889	100
114	198	156	240	0	279.171	100
116	200	158	242	0	274.565	100
118	202	160	244	0	257.693	100
120	204	162	246	0	254.212	100
122	206	164	248	0	251.34	100
124	208	166	250	0	253.159	100
126	210	168	252	0	250.46	100
128	212	170	254	0	243.443	100
130	214	172	256	0	241.406	100
132	216	174	258	0	235.462	100
134	218	176	260	0	244.092	100
136	220	178	262	0	238.811	100
138	222	180	264	0	228.596	100
140	224	182	266	0	229.888	100
142	226	184	268	0	226.763	100
144	228	186	270	0	216.82	100
146	230	188	272	0	214.015	100
148	232	190	274	0	210.431	100
150	234	192	276	0	204.125	100
152	236	194	278	0	205.093	100
154	238	196	280	0	207.195	100
156	240	198	282	0	207.242	100
28	116	72	160	0	366.067	100
30	118	74	162	0	368.777	100
32	120	76	164	0	370.855	100
34	122	78	166	0	379.281	100
36	124	80	168	0	369.698	100
38	126	82	170	0	371.641	100
40	128	84	172	0	383.961	100
42	130	86	174	0	374.55	100
44	132	88	176	0	384.779	100
46	134	90	178	0	386.83	100
48	136	92	180	0	379.146	100
50	138	94	182	0	391.72	100
52	140	96	184	0	394.716	100
54	142	98	186	0	387.356	100
56	144	100	188	0	386.991	100
58	146	102	190	0	388.935	100
60	148	104	192	0	392.465	100
62	150	106	194	0	391.538	100
64	152	108	196	0	387.25	100
66	154	110	198	0	389.529	100
68	156	112	200	0	385.416	100
70	158	114	202	0	389.756	100
72	160	116	204	0	382.146	100
74	162	118	206	0	380.42	100
76	164	120	208	0	375.105	100
78	166	122	210	0	369.048	100
80	168	124	212	0	384.634	100
82	170	126	214	0	370.854	100
84	172	128	216	0	367.557	100
86	174	130	218	0	367.351	100
88	176	132	220	0	352.191	100
90	178	134	222	0	355.239	100
92	180	136	224	0	336.504	100
94	182	138	226	0	338.068	100
96	184	140	228	0	329.469	100
98	186	142	230	0	318.475	100
100	188	144	232	0	320.674	100
102	190	146	234	0	306.464	100
104	192	148	236	0	302.719	100
106	194	150	238	0	296.493	100
108	196	152	240	0	283.114	100
110	198	154	242	0	286.291	100
112	200	156	244	0	274.05	100
114	202	158	246	0	263.01	100
116	204	160	248	0	261.448	100
118	206	162	250	0	264.385	100
120	208	164	252	0	257.35	100
122	210	166	254	0	247.935	100
124	212	168	256	0	252.814	100
126	214	170	258	0	245.863	100
128	216	172	260	0	240.367	100
130	218	174	262	0	243.696	100
132	220	176	264	0	239.7	100
134	222	178	266	0	240.743	100
136	224	180	268	0	229.928	100
138	226	182	270	0	233.268	100
140	228	184	272	0	229.604	100
142	230	186	274	0	217.264	100
144	232	188	276	0	213.62	100
146	234	190	278	0	211.169	100
148	236	192	280	0	214.298	100
150	238	194	282	0	207.366	100
28	120	74	166	0	369.86	100
30	122	76	168	0	370.13	100
32	124	78	170	0	373.277	100
34	126	80	172	0	367.835	100
36	128	82	174	0	363.772	100
38	130	84	176	0	377.781	100
40	132	86	178	0	382.283	100
42	134	88	180	0	382.004	100
44	136	90	182	0	378.088	100
46	138	92	184	0	373.608	100
48	140	94	186	0	385.863	100
50	142	96	188	0	392.031	100
52	144	98	190	0	379.001	100
54	146	100	192	0	376.34	100
56	148	102	194	0	393.038	100
58	150	104	196	0	394.642	100
60	152	106	198	0	383.078	100
62	154	108	200	0	392.685	100
64	156	110	202	0	387.06	100
66	158	112	204	0	389.11	100
68	160	114	206	0	387.379	100
70	162	116	208	0	397.838	100
72	164	118	210	0	385.647	100
74	166	120	212	0	389.686	100
76	168	122	214	0	390.979	100
78	170	124	216	0	377.963	100
80	172	126	218	0	385.26	100
82	174	128	220	0	384.634	100
84	176	130	222	0	371.063	100
86	178	132	224	0	366.963	100
88	180	134	226	0	354.816	100
90	182	136	228	0	350.802	100
92	184	138	230	0	342.702	100
94	186	140	232	0	330.422	100
96	188	142	234	0	335.119	100
98	190	144	236	0	321.247	100
100	192	146	238	0	319.357	100
102	194	148	240	0	309.539	100
104	196	150	242	0	294.173	100
106	198	152	244	0	287.242	100
108	200	154	246	0	287.335	100
110	202	156	248	0	280.766	100
112	204	158	250	0	264.774	100
114	206	160	252	0	256.715	100
116	208	162	254	0	263.405	100
118	210	164	256	0	248.518	100
120	212	166	258	0	256.558	100
122	214	168	260	0	244.979	100
124	216	170	262	0	250.889	100
126	218	172	264	0	243.759	100
128	220	174	266	0	246.054	100
130	222	176	268	0	238.033	100
132	224	178	270	0	236.455	100
134	226	180	272	0	241.702	100
136	228	182	274	0	235.015	100
138	230	184	276	0	233.304	100
140	232	186	278	0	219.352	100
142	234	188	280	0	218.496	100
144	236	190	282	0	219.216	100
28	124	76	172	0	351.751	100
30	126	78	174	0	361.103	100
32	128	80	176	0	365.333	100
34	130	82	178	0	365.779	100
36	132	84	180	0	357.169	100
38	134	86	182	0	375.846	100
40	136	88	184	0	372.541	100
42	138	90	186	0	376.249	100
44	140	92	188	0	384.019	100
46	142	94	190	0	377.731	100
48	144	96	192	0	389.926	100
50	146	98	194	0	378.086	100
52	148	100	196	0	380.76	100
54	150	102	198	0	393.199	100
56	152	104	200	0	386.697	100
58	154	106	202	0	385.442	100
60	156	108	204	0	395.607	100
62	158	110	206	0	392.177	100
64	160	112	208	0	388.57	100
66	162	114	210	0	403.593	100
68	164	116	212	0	391.834	100
70	166	118	214	0	398.101	100
72	168	120	216	0	398.229	100
74	170	122	218	0	394.767	100
76	172	124	220	0	400.308	100
78	174	126	222	0	392.074	100
80	176	128	224	0	381.108	100
82	178	130	226	0	387.747	100
84	180	132	228	0	379.294	100
86	182	134	230	0	370.594	100
88	184	136	232	0	362.12	100
90	186	138	234	0	362.881	100
92	188	140	236	0	340.633	100
94	190	142	238	0	331.87	100
96	192	144	240	0	328.749	100
98	194	146	242	0	313.149	100
100	196	148	244	0	302.022	100
102	198	150	246	0	293.456	100
104	200	152	248	0	294.086	100
106	202	154	250	0	287.419	100
108	204	156	252	0	273.533	100
110	206	158	254	0	268.862	100
112	208	160	256	0	268.302	100
114	210	162	258	0	258.155	100
116	212	164	260	0	250.61	100
118	214	166	262	0	247.54	100
120	216	168	264	0	251.014	100
122	218	170	266	0	250.849	100
124	220	172	268	0	245.713	100
126	222	174	270	0	246.374	100
128	224	176	272	0	242.224	100
130	226	178	274	0	240.851	100
132	228	180	276	0	231.964	100
134	230	182	278	0	238.647	100
136	232	184	280	0	234.559	100
138	234	186	282	0	229.381	100
28	128	78	178	0	345.205	100
30	130	80	180	0	342.318	100
32	132	82	182	0	354.772	100
34	134	84	184	0	367.435	100
36	136	86	186	0	363.479	100
38	138	88	188	0	376.652	100
40	140	90	190	0	381.61	100
42	142	92	192	0	382.11	100
44	144	94	194	0	376.13	100
46	146	96	196	0	386.826	100
48	148	98	198	0	397.568	100
50	150	100	200	0	387.295	100
52	152	102	202	0	397.198	100
54	154	104	204	0	399.624	100
56	156	106	206	0	390.467	100
58	158	108	208	0	410.925	100
60	160	110	210	0	395.531	100
62	162	112	212	0	413.601	100
64	164	114	214	0	404.687	100
66	166	116	216	0	402.122	100
68	168	118	218	0	398.029	100
70	170	120	220	0	417.038	100
72	172	122	222	0	415.343	100
74	174	124	224	0	403.593	100
76	176	126	226	0	404.069	100
78	178	128	228	0	396.586	100
80	180	130	230	0	384.264	100
82	182	132	232	0	391.4	100
84	184	134	234	0	377.971	100
86	186	136	236	0	380.583	100
88	188	138	238	0	362.472	100
90	190	140	240	0	356.611	100
92	192	142	242	0	349.099	100
94	194	144	244	0	338.33	100
96	196	146	246	0	322.839	100
98	198	148	248	0	307.928	100
100	200	150	250	0	304.996	100
102	202	152	252	0	291.455	100
104	204	154	254	0	275.873	100
106	206	156	256	0	281.334	100
108	208	158	258	0	275.686	100
110	210	160	260	0	268.395	100
112	212	162	262	0	254.367	100
114	214	164	264	0	256.742	100
116	216	166	266	0	252.544	100
118	218	168	268	0	246.525	100
120	220	170	270	0	249.19	100
122	222	172	272	0	247.539	100
124	224	174	274	0	251.687	100
126	226	176	276	0	247.597	100
128	228	178	278	0	243.113	100
130	230	180	280	0	243.458	100
132	232	182	282	0	237.763	100
28	132	80	184	0	344.916	100
30	134	82	186	0	347.73	100
32	136	84	188	0	353.875	100
34	138	86	190	0	354.442	100
36	140	88	192	0	369.22	100
38	142	90	194	0	369.072	100
40	144	92	196	0	381.054	100
42	146	94	198	0	386.648	100
44	148	96	200	0	394.711	100
46	150	98	202	0	389.946	100
48	152	100	204	0	397.298	100
50	154	102	206	0	404.021	100
52	156	104	208	0	412.433	100
54	158	106	210	0	413.15	100
56	160	108	212	0	407.863	100
58	162	110	214	0	409.174	100
60	164	112	216	0	418.722	100
62	166	114	218	0	410.56	100
64	168	116	220	0	412.117	100
66	170	118	222	0	417.645	100
68	172	120	224	0	413.209	100
70	174	122	226	0	422.258	100
72	176	124	228	0	402.547	100
74	178	126	230	0	410.118	100
76	180	128	232	0	403.353	100
78	182	130	234	0	401.562	100
80	184	132	236	0	395.306	100
82	186	134	238	0	381.846	100
84	188	136	240	0	372.679	100
86	190	138	242	0	367.305	100
88	192	140	244	0	364.817	100
90	194	142	246	0	349.603	100
92	196	144	248	0	338.994	100
94	198	146	250	0	318.881	100
96	200	148	252	0	315.242	100
98	202	150	254	0	297.679	100
100	204	152	256	0	290.344	100
102	206	154	258	0	279.14	100
104	208	156	260	0	279.293	100
106	210	158	262	0	263.55	100
108	212	160	264	0	263.287	100
110	214	162	266	0	255.841	100
112	216	164	268	0	259.077	100
114	218	166	270	0	251.787	100
116	220	168	272	0	257.681	100
118	222	170	274	0	257.118	100
120	224	172	276	0	249.971	100
122	226	174	278	0	247.891	100
124	228	176	280	0	241.219	100
126	230	178	282	0	246.048	100
28	136	82	190	0	339.6	100
30	138	84	192	0	357.381	100
32	140	86	194	0	369.206	100
34	142	88	196	0	367.214	100
36	144	90	198	0	374.641	100
38	146	92	200	0	381.048	100
40	148	94	202	0	397.713	100
42	150	96	204	0	401.835	100
44	152	98	206	0	399.323	100
46	154	100	208	0	413.934	100
48	156	102	210	0	401.501	100
50	158	104	212	0	407.915	100
52	160	106	214	0	417.97	100
54	162	108	216	0	426.869	100
56	164	110	218	0	421.659	100
58	166	112	220	0	419.75	100
60	168	114	222	0	417.463	100
62	170	116	224	0	413.654	100
64	172	118	226	0	427.041	100
66	174	120	228	0	413.219	100
68	176	122	230	0	414.044	100
70	178	124	232	0	411.588	100
72	180	126	234	0	410.666	100
74	182	128	236	0	418.666	100
76	184	130	238	0	404.971	100
78	186	132	240	0	412.462	100
80	188	134	242	0	397.316	100
82	190	136	244	0	390.241	100
84	192	138	246	0	372.947	100
86	194	140	248	0	366.288	100
88	196	142	250	0	349.754	100
90	198	144	252	0	336.714	100
92	200	146	254	0	321.612	100
94	202	148	256	0	309.558	100
96	204	150	258	0	305.546	100
98	206	152	260	0	293.527	100
100	208	154	262	0	284.502	100
102	210	156	264	0	277.041	100
104	212	158	266	0	268.149	100
106	214	160	268	0	271.527	100
108	216	162	270	0	261.395	100
110	218	164	272	0	258.451	100
112	220	166	274	0	252.889	100
114	222	168	276	0	261.734	100
116	224	170	278	0	250.8	100
118	226	172	280	0	253.741	100
120	228	174	282	0	247.5	100
28	140	84	196	0	360.052	100
30	142	86	198	0	375.322	100
32	144	88	200	0	372.914	100
34	146	90	202	0	391.581	100
36	148	92	204	0	404.726	100
38	150	94	206	0	396.641	100
40	152	96	208	0	413.56	100
42	154	98	210	0	414.521	100
44	156	100	212	0	415.141	100
46	158	102	214	0	424.025	100
48	160	104	216	0	416.362	100
50	162	106	218	0	419.19	100
52	164	108	220	0	421.259	100
54	166	110	222	0	420.119	100
56	168	112	224	0	418.52	100
58	170	114	226	0	419.93	100
60	172	116	228	0	435.757	100
62	174	118	230	0	432.086	100
64	176	120	232	0	419.586	100
66	178	122	234	0	429.486	100
68	180	124	236	0	421.841	100
70	182	126	238	0	426.979	100
72	184	128	240	0	428.082	100
74	186	130	242	0	407.597	100
76	188	132	244	0	417.572	100
78	190	134	246	0	392.33	100
80	192	136	248	0	381.801	100
82	194	138	250	0	382.43	100
84	196	140	252	0	360.084	100
86	198	142	254	0	336.943	100
88	200	144	256	0	331.186	100
90	202	146	258	0	314.307	100
92	204	148	260	0	313.969	100
94	206	150	262	0	300.655	100
96	208	152	264	0	295.518	100
98	210	154	266	0	287.765	100
100	212	156	268	0	282.505	100
102	214	158	270	0	275.128	100
104	216	160	272	0	268.719	100
106	218	162	274	0	264.451	100
108	220	164	276	0	263.086	100
110	222	166	278	0	264.807	100
112	224	168	280	0	261.628	100
114	226	170	282	0	260.481	100
28	144	86	202	0	368.857	100
30	146	88	204	0	394.885	100
32	148	90	206	0	386.767	100
34	150	92	208	0	391.902	100
36	152	94	210	0	410.317	100
38	154	96	212	0	405.681	100
40	156	98	214	0	417.547	100
42	158	100	216	0	427.579	100
44	160	102	218	0	428.137	100
46	162	104	220	0	422.329	100
48	164	106	222	0	416.032	100
50	166	108	224	0	433.965	100
52	168	110	226	0	432.502	100
54	170	112	228	0	426.716	100
56	172	114	230	0	438.504	100
58	174	116	232	0	426.717	100
60	176	118	234	0	430.367	100
62	178	120	236	0	428.953	100
64	180	122	238	0	431.071	100
66	182	124	240	0	425.645	100
68	184	126	242	0	437.856	100
70	186	128	244	0	419.529	100
72	188	130	246	0	408.753	100
74	190	132	248	0	415.787	100
76	192	134	250	0	408.28	100
78	194	136	252	0	387.617	100
80	196	138	254	0	367.298	100
82	198	140	256	0	357.721	100
84	200	142	258	0	342.132	100
86	202	144	260	0	322.451	100
88	204	146	262	0	316.728	100
90	206	148	264	0	308.051	100
92	208	150	266	0	305.348	100
94	210	152	268	0	290.434	100
96	212	154	270	0	284.538	100
98	214	156	272	0	280.143	100
100	216	158	274	0	276.868	100
102	218	160	276	0	265.552	100
104	220	162	278	0	267.786	100
106	222	164	280	0	264.615	100
108	224	166	282	0	262.491	100
28	148	88	208	0	392.626	100
30	150	90	210	0	395.754	100
32	152	92	212	0	400.493	100
34	154	94	214	0	419.486	100
36	156	96	216	0	407.562	100
38	158	98	218	0	417.41	100
40	160	100	220	0	415.823	100
42	162	102	222	0	421.121	100
44	164	104	224	0	432.329	100
46	166	106	226	0	425.905	100
48	168	108	228	0	424.239	100
50	170	110	230	0	442.841	100
52	172	112	232	0	431.486	100
54	174	114	234	0	445.865	100
56	176	116	236	0	446.025	100
58	178	118	238	0	446.922	100
60	180	120	240	0	430.841	100
62	182	122	242	0	435.132	100
64	184	124	244	0	431.905	100
66	186	126	246	0	425.985	100
68	188	128	248	0	434.036	100
70	190	130	250	0	427.88	100
72	192	132	252	0	404.016	100
74	194	134	254	0	395.351	100
76	196	136	256	0	383.802	100
78	198	138	258	0	376.015	100
80	200	140	260	0	364.528	100
82	202	142	262	0	341.457	100
84	204	144	264	0	324.108	100
86	206	146	266	0	315.348	100
88	208	148	268	0	298.549	100
90	210	150	270	0	301.486	100
92	212	152	272	0	293.337	100
94	214	154	274	0	280.17	100
96	216	156	276	0	281.664	100
98	218	158	278	0	279.851	100
100	220	160	280	0	273.53	100
102	222	162	282	0	273.545	100
28	152	90	214	0	395.331	100
30	154	92	216	0	405.615	100
32	156	94	218	0	407.033	100
34	158	96	220	0	413.529	100
36	160	98	222	0	416.248	100
38	162	100	224	0	423.743	100
40	164	102	226	0	419.908	100
42	166	104	228	0	420.409	100
44	168	106	230	0	427.35	100
46	170	108	232	0	428.566	100
48	172	110	234	0	433.703	100
50	174	112	236	0	439.035	100
52	176	114	238	0	437.312	100
54	178	116	240	0	433.495	100
56	180	118	242	0	439.342	100
58	182	120	244	0	443.064	100
60	184	122	246	0	440.122	100
62	186	124	248	0	444.845	100
64	188	126	250	0	430.482	100
66	190	128	252	0	426.938	100
68	192	130	254	0	415.142	100
70	194	132	256	0	410.672	100
72	196	134	258	0	404.217	100
74	198	136	260	0	378.334	100
76	200	138	262	0	364.375	100
78	202	140	264	0	353.497	100
80	204	142	266	0	337.019	100
82	206	144	268	0	331.959	100
84	208	146	270	0	310.688	100
86	210	148	272	0	311.206	100
88	212	150	274	0	298.924	100
90	214	152	276	0	287.932	100
92	216	154	278	0	281.12	100
94	218	156	280	0	284.725	100
96	220	158	282	0	278.353	100
28	156	92	220	0	409.215	100
30	158	94	222	0	409.081	100
32	160	96	224	0	423.432	100
34	162	98	226	0	421.656	100
36	164	100	228	0	424.268	100
38	166	102	230	0	436.825	100
40	168	104	232	0	437.306	100
42	170	106	234	0	442.853	100
44	172	108	236	0	430.092	100
46	174	110	238	0	446.983	100
48	176	112	240	0	435.21	100
50	178	114	242	0	447.387	100
52	180	116	244	0	439.393	100
54	182	118	246	0	455.547	100
56	184	120	248	0	455.351	100
58	186	122	250	0	447.004	100
60	188	124	252	0	433.263	100
62	190	126	254	0	434.482	100
64	192	128	256	0	427.291	100
66	194	130	258	0	416.38	100
68	196	132	260	0	411.892	100
70	198	134	262	0	403.07	100
72	200	136	264	0	384.337	100
74	202	138	266	0	365.672	100
76	204	140	268	0	343.909	100
78	206	142	270	0	337.924	100
80	208	144	272	0	317.827	100
82	210	146	274	0	311.885	100
84	212	148	276	0	308.195	100
86	214	150	278	0	302.248	100
88	216	152	280	0	297.994	100
90	218	154	282	0	281.653	100
28	160	94	226	0	426.516	100
30	162	96	228	0	421.991	100
32	164	98	230	0	424.068	100
34	166	100	232	0	423.518	100
36	168	102	234	0	427.68	100
38	170	104	236	0	427.079	100
40	172	106	238	0	429.262	100
42	174	108	240	0	439.972	100
44	176	110	242	0	431.873	100
46	178	112	244	0	441.827	100
48	180	114	246	0	440.108	100
50	182	116	248	0	443.433	100
52	184	118	250	0	444.6	100
54	186	120	252	0	440.004	100
56	188	122	254	0	454.936	100
58	190	124	256	0	440.565	100
60	192	126	258	0	436.67	100
62	194	128	260	0	423.345	100
64	196	130	262	0	422.716	100
66	198	132	264	0	398.866	100
68	200	134	266	0	385.177	100
70	202	136	268	0	375.532	100
72	204	138	270	0	365.089	100
74	206	140	272	0	343.58	100
76	208	142	274	0	325.669	100
78	210	144	276	0	326.852	100
80	212	146	278	0	315.498	100
82	214	148	280	0	308.389	100
84	216	150	282	0	300.132	100
28	164	96	232	0	423.781	100
30	166	98	234	0	432.382	100
32	168	100	236	0	429.592	100
34	170	102	238	0	424.267	100
36	172	104	240	0	431.022	100
38	174	106	242	0	445.908	100
40	176	108	244	0	441.724	100
42	178	110	246	0	445.032	100
44	180	112	248	0	437.032	100
46	182	114	250	0	439.93	100
48	184	116	252	0	453.166	100
50	186	118	254	0	450.326	100
52	188	120	256	0	446.018	100
54	190	122	258	0	434.277	100
56	192	124	260	0	448.784	100
58	194	126	262	0	434.681	100
60	196	128	264	0	433.365	100
62	198	130	266	0	409.943	100
64	200	132	268	0	392.85	100
66	202	134	270	0	381.619	100
68	204	136	272	0	364.589	100
70	206	138	274	0	353.717	100
72	208	140	276	0	341.656	100
74	210	142	278	0	330.898	100
76	212	144	280	0	327.331	100
78	214	146	282	0	313.937	100
28	168	98	238	0	423.22	100
30	170	100	240	0	432.439	100
32	172	102	242	0	428.429	100
34	174	104	244	0	429.892	100
36	176	106	246	0	436.025	100
38	178	108	248	0	431.682	100
40	180	110	250	0	437.778	100
42	182	112	252	0	436.734	100
44	184	114	254	0	444.408	100
46	186	116	256	0	452.269	100
48	188	118	258	0	437.92	100
50	190	120	260	0	456.51	100
52	192	122	262	0	437.622	100
54	194	124	264	0	429.661	100
56	196	126	266	0	421.142	100
58	198	128	268	0	429.582	100
60	200	130	270	0	413.095	100
62	202	132	272	0	396.738	100
64	204	134	274	0	372.632	100
66	206	136	276	0	370.37	100
68	208	138	278	0	347.06	100
70	210	140	280	0	347.676	100
72	212	142	282	0	336.086	100
28	172	100	244	0	418.24	100
30	174	102	246	0	420.771	100
32	176	104	248	0	422.321	100
34	178	106	250	0	435.944	100
36	180	108	252	0	440.46	100
38	182	110	254	0	443.971	100
40	184	112	256	0	444.695	100
42	186	114	258	0	441.232	100
44	188	116	260	0	438.491	100
46	190	118	262	0	441.157	100
48	192	120	264	0	447.519	100
50	194	122	266	0	437.708	100
52	196	124	268	0	437.617	100
54	198	126	270	0	430.707	100
56	200	128	272	0	418.747	100
58	202	130	274	0	410.04	100
60	204	132	276	0	384.248	100
62	206	134	278	0	375.291	100
64	208	136	280	0	371.002	100
66	210	138	282	0	344.039	100
28	176	102	250	0	430.363	100
30	178	104	252	0	421.817	100
32	180	106	254	0	430.069	100
34	182	108	256	0	442.131	100
36	184	110	258	0	448.654	100
38	186	112	260	0	451.177	100
40	188	114	262	0	448.531	100
42	190	116	264	0	443.225	100
44	192	118	266	0	452.295	100
46	194	120	268	0	440.85	100
48	196	122	270	0	431.445	100
50	198	124	272	0	419.279	100
52	200	126	274	0	423.054	100
54	202	128	276	0	407.219	100
56	204	130	278	0	400.501	100
58	206	132	280	0	381.319	100
60	208	134	282	0	363.774	100
28	180	104	256	0	421.584	100
30	182	106	258	0	434.357	100
32	184	108	260	0	428.93	100
34	186	110	262	0	438.257	100
36	188	112	264	0	435.786	100
38	190	114	266	0	443.769	100
40	192	116	268	0	433.731	100
42	194	118	270	0	428.49	100
44	196	120	272	0	429.788	100
46	198	122	274	0	418.181	100
48	200	124	276	0	415.432	100
50	202	126	278	0	416.718	100
52	204	128	280	0	391.725	100
54	206	130	282	0	390.315	100
28	184	106	262	0	429.551	100
30	186	108	264	0	424.972	100
32	188	110	266	0	441.21	100
34	190	112	268	0	428.847	100
36	192	114	270	0	423.79	100
38	194	116	272	0	436.257	100
40	196	118	274	0	437.738	100
42	198	120	276	0	423.814	100
44	200	122	278	0	421.278	100
46	202	124	280	0	411.619	100
48	204	126	282	0	411.342	100
28	188	108	268	0	434.84	100
30	190	110	270	0	424.867	100
32	192	112	272	0	427.17	100
34	194	114	274	0	428.935	100
36	196	116	276	0	428.277	100
38	198	118	278	0	420.746	100
40	200	120	280	0	421.426	100
42	202	122	282	0	404.991	100
28	192	110	274	0	425.113	100
30	194	112	276	0	415.688	100
32	196	114	278	0	420.392	100
34	198	116	280	0	412.564	100
36	200	118	282	0	412.288	100
28	196	112	280	0	416.039	100
30	198	114	282	0	414.409	100
0	0
