# File: UnstructuredGrid_Inversion_L0_Coarse_Iter00.dat
# (No specific header documentation)

-161.25	-0.496475	291.129	0	
-159.375	-0.668155	291.129	0	
-65.625	-0.431516	291.129	0	
30.625	-0.431516	291.129	0	
-144.294	-102.036	291.129	0	
126.875	-0.668155	291.129	0	
31.875	-0.668155	291.129	0	
-165.826	-72.3824	291.129	0	
-64.375	-0.668155	291.129	0	
-120.32	-2.91409	291.129	0	
-147.888	-47.073	291.129	0	
-143.958	-2.01633	291.129	0	
-158.741	-19.8395	291.129	0	
-159.808	-14.2913	291.129	0	
-115.104	-1.86538	291.129	0	
-108.175	-49.9394	291.129	0	
-66.354	-1.86538	291.129	0	
-138.854	-1.86538	291.129	0	
-156.794	-6.05848	291.129	0	
-148.75	-1.09967	291.129	0	
-145.208	-2.72654	291.129	0	
-146.458	-2.01633	291.129	0	
-125.881	-3.06027	291.129	0	
-154.094	-4.85908	291.129	0	
-157.708	-2.01633	291.129	0	
-151.071	-10.8319	291.129	0	
-154.792	-2.72654	291.129	0	
-158.77	-3.86216	291.129	0	
125.625	-0.431516	291.129	0	
-24.0702	-2.91409	291.129	0	
-157.76	-5.35468	291.129	0	
-46.4583	-2.01633	291.129	0	
-157.292	-2.72654	291.129	0	
-160.13	-11.9534	291.129	0	
-18.854	-1.86538	291.129	0	
-151.295	-2.8545	291.129	0	
29.896	-1.86538	291.129	0	
-42.604	-1.86538	291.129	0	
-169.22	-2.04966	291.129	0	
-53.75	-1.09967	291.129	0	
-165.6	-1.76839	291.129	0	
-167.3	-0.925681	291.129	0	
-62.2917	-2.72654	291.129	0	
-171.389	-5.89642	291.129	0	
-61.0417	-3.47328	291.129	0	
-164.269	-10.8597	291.129	0	
-59.7917	-2.72654	291.129	0	
-68.125	-0.36089	291.129	0	
-65.5207	-2.1669	291.129	0	
-87.5	-1.09967	291.129	0	
-158.125	-0.431516	291.129	0	
-156.875	-0.668155	291.129	0	
-80.5207	-2.1669	291.129	0	
-157.5	-1.09967	291.129	0	
-70.625	-0.431516	291.129	0	
79.375	-0.668155	291.129	0	
-154.375	-0.668155	291.129	0	
55.625	-0.668155	291.129	0	
-153.125	-0.431516	291.129	0	
-150.625	-0.366631	291.129	0	
38.5417	-2.01633	291.129	0	
-153.75	-1.09967	291.129	0	
49.7917	-2.01633	291.129	0	
-155.625	-0.431516	291.129	0	
72.1798	-2.91409	291.129	0	
-162.583	-1.33918	291.129	0	
-60	-1.09967	291.129	0	
-149.375	-0.431516	291.129	0	
-155	-1.09967	291.129	0	
31.0415	-5.36053	291.129	0	
-148.125	-0.668155	291.129	0	
31.0341	-3.06466	291.129	0	
-146.875	-0.431516	291.129	0	
-147.5	-1.09967	291.129	0	
36.875	-0.668155	291.129	0	
32.7083	-2.01633	291.129	0	
-144.375	-0.431516	291.129	0	
28.125	-0.36089	291.129	0	
-137.5	-1.09967	291.129	0	
-139.375	-0.366631	291.129	0	
25.625	-0.431516	291.129	0	
-143.125	-0.668155	291.129	0	
33.75	-1.09967	291.129	0	
-143.75	-1.09967	291.129	0	
34.375	-0.668155	291.129	0	
8.75	-1.09967	291.129	0	
-136.875	-0.668155	291.129	0	
183.782	-3.55475	291.129	0	
-135.625	-0.431516	291.129	0	
-135	-0.798148	291.129	0	
135.922	-2.00504	291.129	0	
-136.25	-1.09967	291.129	0	
149.65	-2.73747	291.129	0	
131.936	-4.3008	291.129	0	
-131.25	-0.798148	291.129	0	
129.003	-2.80091	291.129	0	
-122.604	-1.86538	291.129	0	
-128.75	-1.09967	291.129	0	
129.375	-0.668155	291.129	0	
-130.625	-0.431516	291.129	0	
133.125	-0.668155	291.129	0	
-130	-1.09967	291.129	0	
141.875	-0.668155	291.129	0	
-138.125	-0.431516	291.129	0	
15.7293	-2.1669	291.129	0	
128.75	-1.09967	291.129	0	
-121.25	-1.09967	291.129	0	
120.625	-0.431516	291.129	0	
-121.875	-0.431516	291.129	0	
-120.625	-0.668155	291.129	0	
110.744	-2.06993	291.129	0	
-123.125	-0.366631	291.129	0	
123.125	-0.36089	291.129	0	
-116.875	-0.36089	291.129	0	
-120	-1.09967	291.129	0	
-133.661	-2.93321	291.129	0	
-115.625	-0.366631	291.129	0	
-114.375	-0.431516	291.129	0	
-127.5	-0.798148	291.129	0	
-113.75	-1.09967	291.129	0	
-119.375	-0.431516	291.129	0	
-115	-0.798148	291.129	0	
100.625	-0.431516	291.129	0	
-93.125	-0.668155	291.129	0	
-112.5	-1.09967	291.129	0	
-103.125	-0.668155	291.129	0	
-111.25	-0.798148	291.129	0	
-103.75	-1.09967	291.129	0	
-114.271	-2.1669	291.129	0	
-111.875	-0.431516	291.129	0	
-110.328	-2.00504	291.129	0	
-111.994	-2.06993	291.129	0	
-108.125	-0.431516	291.129	0	
-141.875	-0.431516	291.129	0	
-104.375	-0.431516	291.129	0	
-95.104	-1.86538	291.129	0	
-142.5	-1.09967	291.129	0	
-105.625	-0.366631	291.129	0	
-110.625	-0.366631	291.129	0	
-108.75	-1.09967	291.129	0	
-109.375	-0.668155	291.129	0	
-113.125	-0.668155	291.129	0	
-104.405	-3.52006	291.129	0	
-128.125	-0.431516	291.129	0	
127.708	-2.01633	291.129	0	
-102.5	-1.09967	291.129	0	
43.125	-0.668155	291.129	0	
-129.375	-0.668155	291.129	0	
-101.875	-0.431516	291.129	0	
-133.125	-0.668155	291.129	0	
-99.375	-0.668155	291.129	0	
-101.25	-0.798148	291.129	0	
-90.9973	-2.80091	291.129	0	
-134.375	-0.366631	291.129	0	
-95.625	-0.366631	291.129	0	
-150.089	-1.76841	291.129	0	
-73.854	-1.86538	291.129	0	
-92.5	-1.09967	291.129	0	
-148.968	-2.99641	291.129	0	
-94.375	-0.431516	291.129	0	
-151.875	-0.668155	291.129	0	
-93.75	-1.09967	291.129	0	
-135.744	-2.06993	291.129	0	
-149.256	-2.06993	291.129	0	
-88.75	-0.798148	291.129	0	
-147.292	-2.01633	291.129	0	
-81.354	-1.86538	291.129	0	
-86.25	-1.09967	291.129	0	
-146.25	-1.09967	291.129	0	
-88.125	-0.431516	291.129	0	
-145.625	-0.668155	291.129	0	
-156.042	-2.01633	291.129	0	
-81.875	-0.366631	291.129	0	
-150	-0.798148	291.129	0	
-79.375	-0.668155	291.129	0	
-73.75	-0.798148	291.129	0	
-153.542	-2.01633	291.129	0	
-80.625	-0.431516	291.129	0	
-155.208	-2.01633	291.129	0	
-85.625	-0.431516	291.129	0	
-156.25	-1.09967	291.129	0	
-91.875	-0.431516	291.129	0	
-138.75	-0.798148	291.129	0	
-158.75	-1.09967	291.129	0	
-72.5	-1.09967	291.129	0	
-20.625	-0.36089	291.129	0	
-73.125	-0.431516	291.129	0	
-71.875	-0.668155	291.129	0	
-23.125	-0.431516	291.129	0	
-74.375	-0.366631	291.129	0	
-158.542	-2.01633	291.129	0	
-31.25	-0.798148	291.129	0	
-71.25	-1.09967	291.129	0	
3.125	-0.668155	291.129	0	
-66.875	-0.366631	291.129	0	
30.7293	-2.1669	291.129	0	
-14.0777	-2.00504	291.129	0	
-65	-1.09967	291.129	0	
-8.15454	-3.52006	291.129	0	
-66.25	-0.798148	291.129	0	
-37.4111	-2.93321	291.129	0	
-18.0207	-2.1669	291.129	0	
-63.125	-0.431516	291.129	0	
-15.7444	-2.06993	291.129	0	
-60.625	-0.431516	291.129	0	
-59.375	-0.668155	291.129	0	
-14.375	-0.366631	291.129	0	
-61.875	-0.668155	291.129	0	
-13.125	-0.668155	291.129	0	
-46.875	-0.431516	291.129	0	
-58.125	-0.431516	291.129	0	
-33.125	-0.668155	291.129	0	
-54.375	-0.431516	291.129	0	
-53.125	-0.668155	291.129	0	
-41.7707	-2.1669	291.129	0	
-55.625	-0.366631	291.129	0	
-41.4106	-3.16569	291.129	0	
-58.75	-1.09967	291.129	0	
-44.375	-0.36089	291.129	0	
-62.5	-1.09967	291.129	0	
-6.875	-0.668155	291.129	0	
-78.75	-1.09967	291.129	0	
-152.5	-1.09967	291.129	0	
-39.4944	-2.06993	291.129	0	
-51.875	-0.431516	291.129	0	
-56.875	-0.668155	291.129	0	
-49.375	-0.431516	291.129	0	
-48.125	-0.668155	291.129	0	
-55.0889	-1.76841	291.129	0	
-48.75	-1.09967	291.129	0	
-38.125	-0.366631	291.129	0	
-42.5	-0.798148	291.129	0	
-41.25	-1.09967	291.129	0	
-50.625	-0.668155	291.129	0	
-41.875	-0.431516	291.129	0	
-40.625	-0.668155	291.129	0	
-52.2917	-2.01633	291.129	0	
-43.125	-0.366631	291.129	0	
-54.2556	-2.06993	291.129	0	
-47.5	-1.09967	291.129	0	
-53.9679	-2.99641	291.129	0	
-61.25	-1.09967	291.129	0	
-39.375	-0.431516	291.129	0	
-62.7083	-2.01633	291.129	0	
-33.75	-1.09967	291.129	0	
-35	-0.798148	291.129	0	
-55	-0.798148	291.129	0	
-38.75	-0.798148	291.129	0	
-61.0417	-2.01633	291.129	0	
-57.5	-1.09967	291.129	0	
-26.354	-1.86538	291.129	0	
-63.5417	-2.01633	291.129	0	
-31.875	-0.431516	291.129	0	
-25	-1.09967	291.129	0	
-69.375	-0.668155	291.129	0	
-32.5	-1.09967	291.129	0	
-63.75	-1.09967	291.129	0	
-34.375	-0.431516	291.129	0	
-58.5417	-2.01633	291.129	0	
-40	-1.09967	291.129	0	
-51.25	-1.09967	291.129	0	
-73.0207	-2.1669	291.129	0	
-25.625	-0.431516	291.129	0	
-71.0417	-2.01633	291.129	0	
-18.75	-0.798148	291.129	0	
-23.75	-1.09967	291.129	0	
-70	-1.09967	291.129	0	
-24.375	-0.668155	291.129	0	
-67.5054	-1.48403	291.129	0	
-78.125	-0.431516	291.129	0	
-19.375	-0.366631	291.129	0	
-80	-1.09967	291.129	0	
-16.875	-0.668155	291.129	0	
-16.25	-1.09967	291.129	0	
93.5212	-2.84299	291.129	0	
-18.125	-0.431516	291.129	0	
-91.4583	-2.01633	291.129	0	
-17.5	-1.09967	291.129	0	
-75.625	-0.36089	291.129	0	
82.5446	-2.8545	291.129	0	
-15	-0.798148	291.129	0	
101.503	-2.80091	291.129	0	
-12.5	-1.09967	291.129	0	
-11.875	-0.431516	291.129	0	
83.125	-0.668155	291.129	0	
-7.5	-1.09967	291.129	0	
89.375	-0.668155	291.129	0	
81.875	-0.366631	291.129	0	
-8.125	-0.431516	291.129	0	
73.125	-0.431516	291.129	0	
-6.25	-1.09967	291.129	0	
-5.625	-0.431516	291.129	0	
66.6193	-3.06027	291.129	0	
1.14595	-1.86538	291.129	0	
75.625	-0.36089	291.129	0	
-9.375	-0.366631	291.129	0	
80.5056	-2.06993	291.129	0	
-15.625	-0.431516	291.129	0	
99.375	-0.668155	291.129	0	
-26.875	-0.366631	291.129	0	
-67.5	-0.727521	291.129	0	
-52.5	-1.09967	291.129	0	
-36.875	-0.668155	291.129	0	
-137.661	-3.16569	291.129	0	
-5	-0.798148	291.129	0	
-3.125	-0.668155	291.129	0	
63.125	-0.668155	291.129	0	
2.5	-1.09967	291.129	0	
0.625	-0.366631	291.129	0	
58.4223	-2.00504	291.129	0	
59.375	-0.668155	291.129	0	
1.875	-0.431516	291.129	0	
58.125	-0.366631	291.129	0	
3.75	-1.09967	291.129	0	
4.375	-0.431516	291.129	0	
51.875	-0.36089	291.129	0	
22.396	-1.86538	291.129	0	
56.7556	-2.06993	291.129	0	
7.5	-0.798148	291.129	0	
65.9223	-2.00504	291.129	0	
42.2821	-2.99641	291.129	0	
8.125	-0.431516	291.129	0	
41.9944	-2.06993	291.129	0	
10	-1.09967	291.129	0	
10.625	-0.431516	291.129	0	
45.625	-0.668155	291.129	0	
14.896	-1.86538	291.129	0	
53.75	-0.798148	291.129	0	
45	-1.09967	291.129	0	
15.625	-0.431516	291.129	0	
41.1611	-1.76841	291.129	0	
22.5	-0.798148	291.129	0	
17.5	-1.09967	291.129	0	
33.5417	-2.01633	291.129	0	
16.875	-0.668155	291.129	0	
39.375	-0.668155	291.129	0	
14.375	-0.366631	291.129	0	
43.9583	-2.01633	291.129	0	
23.75	-1.09967	291.129	0	
49.375	-0.431516	291.129	0	
37.7083	-2.01633	291.129	0	
21.875	-0.366631	291.129	0	
35	-1.09967	291.129	0	
24.375	-0.668155	291.129	0	
30	-0.798148	291.129	0	
35.2083	-2.01633	291.129	0	
23.125	-0.431516	291.129	0	
38.75	-1.09967	291.129	0	
28.7446	-1.48403	291.129	0	
31.25	-1.09967	291.129	0	
28.75	-0.727521	291.129	0	
125.729	-2.1669	291.129	0	
32.5	-1.09967	291.129	0	
25.2083	-2.01633	291.129	0	
29.375	-0.366631	291.129	0	
23.2293	-2.1669	291.129	0	
25	-1.09967	291.129	0	
26.875	-0.668155	291.129	0	
20.625	-0.36089	291.129	0	
36.25	-1.09967	291.129	0	
4.79167	-2.01633	291.129	0	
42.5	-1.09967	291.129	0	
37.5	-1.09967	291.129	0	
16.25	-1.09967	291.129	0	
35.625	-0.431516	291.129	0	
18.125	-0.431516	291.129	0	
151.875	-0.431516	291.129	0	
40.625	-0.366631	291.129	0	
149.375	-0.431516	291.129	0	
53.646	-1.86538	291.129	0	
43.75	-1.09967	291.129	0	
149.529	-1.8473	291.129	0	
41.875	-0.431516	291.129	0	
144.672	-2.00504	291.129	0	
38.125	-0.431516	291.129	0	
154.375	-0.36089	291.129	0	
33.125	-0.431516	291.129	0	
26.25	-1.09967	291.129	0	
44.375	-0.431516	291.129	0	
41.25	-0.798148	291.129	0	
143.006	-2.06993	291.129	0	
47.5	-1.09967	291.129	0	
138.75	-0.727521	291.129	0	
48.125	-0.668155	291.129	0	
48.75	-1.09967	291.129	0	
136.875	-0.668155	291.129	0	
46.875	-0.431516	291.129	0	
144.375	-0.366631	291.129	0	
140	-0.798148	291.129	0	
53.125	-0.366631	291.129	0	
135.625	-0.366631	291.129	0	
77.396	-1.86538	291.129	0	
56.25	-1.09967	291.129	0	
130.625	-0.366631	291.129	0	
54.375	-0.431516	291.129	0	
134.256	-2.06993	291.129	0	
55	-1.09967	291.129	0	
136.619	-3.06027	291.129	0	
121.875	-0.668155	291.129	0	
57.5	-0.798148	291.129	0	
61.25	-0.798148	291.129	0	
62.5	-1.09967	291.129	0	
61.875	-0.431516	291.129	0	
118.229	-2.1669	291.129	0	
56.875	-0.431516	291.129	0	
123.745	-1.48403	291.129	0	
120.208	-2.01633	291.129	0	
69.896	-1.86538	291.129	0	
115.625	-0.36089	291.129	0	
64.375	-0.431516	291.129	0	
71.25	-1.09967	291.129	0	
113.125	-0.431516	291.129	0	
63.75	-1.09967	291.129	0	
121.25	-1.09967	291.129	0	
69.375	-0.366631	291.129	0	
123.75	-0.727521	291.129	0	
91.25	-0.798148	291.129	0	
131.161	-1.76841	291.129	0	
106.875	-0.431516	291.129	0	
70.625	-0.431516	291.129	0	
-116.255	-1.48403	291.129	0	
77.5	-0.798148	291.129	0	
72.5	-1.09967	291.129	0	
-121.771	-2.1669	291.129	0	
71.875	-0.668155	291.129	0	
-118.125	-0.668155	291.129	0	
-119.792	-2.01633	291.129	0	
76.875	-0.366631	291.129	0	
-123.75	-0.727521	291.129	0	
124.896	-1.86538	291.129	0	
80	-1.09967	291.129	0	
-125.625	-0.668155	291.129	0	
78.125	-0.431516	291.129	0	
-118.75	-1.09967	291.129	0	
78.75	-1.09967	291.129	0	
-116.25	-0.727521	291.129	0	
-86.875	-0.668155	291.129	0	
81.25	-0.798148	291.129	0	
-90.625	-0.668155	291.129	0	
83.75	-1.09967	291.129	0	
84.375	-0.431516	291.129	0	
-92.2917	-2.01633	291.129	0	
88.75	-1.09967	291.129	0	
-98.9788	-2.84299	291.129	0	
-98.125	-0.431516	291.129	0	
88.125	-0.431516	291.129	0	
-109.955	-2.8545	291.129	0	
90	-1.09967	291.129	0	
90.625	-0.431516	291.129	0	
-95	-0.798148	291.129	0	
97.396	-1.86538	291.129	0	
-98.75	-1.09967	291.129	0	
86.875	-0.366631	291.129	0	
-91.25	-1.09967	291.129	0	
80.625	-0.431516	291.129	0	
-94.2707	-2.1669	291.129	0	
101.042	-2.01633	291.129	0	
145.625	-0.668155	291.129	0	
-100.625	-0.366631	291.129	0	
93.125	-0.668155	291.129	0	
-105.089	-1.76841	291.129	0	
96.875	-0.366631	291.129	0	
98.75	-1.09967	291.129	0	
-106.875	-0.668155	291.129	0	
-105	-0.798148	291.129	0	
117.396	-1.86538	291.129	0	
-107.5	-1.09967	291.129	0	
105	-1.09967	291.129	0	
103.75	-0.798148	291.129	0	
-111.161	-1.76841	291.129	0	
100	-1.09967	291.129	0	
-108.542	-2.01633	291.129	0	
98.125	-0.431516	291.129	0	
-113.909	-3.16789	291.129	0	
-140.625	-0.36089	291.129	0	
111.25	-1.09967	291.129	0	
-134.078	-2.00504	291.129	0	
109.375	-0.366631	291.129	0	
110.625	-0.431516	291.129	0	
-122.5	-0.798148	291.129	0	
106.25	-1.09967	291.129	0	
-140.005	-1.48403	291.129	0	
-126.875	-0.366631	291.129	0	
117.5	-0.798148	291.129	0	
-131.339	-1.76841	291.129	0	
118.75	-1.09967	291.129	0	
116.875	-0.366631	291.129	0	
-134.911	-1.76841	291.129	0	
112.5	-1.09967	291.129	0	
-131.875	-0.366631	291.129	0	
111.875	-0.668155	291.129	0	
-128.244	-2.06993	291.129	0	
104.375	-0.431516	291.129	0	
-110	-1.03479	291.129	0	
-151.25	-1.03479	291.129	0	
119.375	-0.668155	291.129	0	
-139.484	-2.19037	291.129	0	
120	-1.09967	291.129	0	
126.25	-1.09967	291.129	0	
-140	-0.727521	291.129	0	
125	-0.798148	291.129	0	
-150.922	-2.00504	291.129	0	
-144.792	-2.01633	291.129	0	
172.314	-2.47004	291.129	0	
-20.0054	-1.48403	291.129	0	
128.125	-0.431516	291.129	0	
132.5	-1.09967	291.129	0	
-25.5207	-2.1669	291.129	0	
127.5	-1.09967	291.129	0	
-21.875	-0.668155	291.129	0	
124.375	-0.366631	291.129	0	
-145	-1.09967	291.129	0	
-23.5417	-2.01633	291.129	0	
131.875	-0.431516	291.129	0	
-27.5	-0.727521	291.129	0	
133.75	-1.09967	291.129	0	
134.375	-0.431516	291.129	0	
-29.375	-0.668155	291.129	0	
139.896	-1.86538	291.129	0	
-22.5	-1.09967	291.129	0	
9.375	-0.668155	291.129	0	
141.25	-1.09967	291.129	0	
5.625	-0.668155	291.129	0	
140.625	-0.431516	291.129	0	
156.146	-1.86538	291.129	0	
3.95833	-2.01633	291.129	0	
139.375	-0.366631	291.129	0	
-2.72879	-2.84299	291.129	0	
135	-0.798148	291.129	0	
1.97929	-2.1669	291.129	0	
131.25	-0.798148	291.129	0	
-20	-0.727521	291.129	0	
118.125	-0.431516	291.129	0	
-133.75	-1.03479	291.129	0	
-1.875	-0.431516	291.129	0	
143.125	-0.431516	291.129	0	
-13.7054	-2.8545	291.129	0	
150	-1.09967	291.129	0	
146.25	-1.09967	291.129	0	
1.25	-0.798148	291.129	0	
143.75	-0.798148	291.129	0	
-2.5	-1.09967	291.129	0	
-4.375	-0.366631	291.129	0	
150.625	-0.668155	291.129	0	
-8.83895	-1.76841	291.129	0	
151.25	-1.09967	291.129	0	
157.5	-1.09967	291.129	0	
-17.6594	-3.16789	291.129	0	
156.25	-0.798148	291.129	0	
-10.625	-0.668155	291.129	0	
148.125	-0.366631	291.129	0	
-5.74439	-2.06993	291.129	0	
-12.2917	-2.01633	291.129	0	
156.875	-0.431516	291.129	0	
-14.9111	-1.76841	291.129	0	
158.958	-1.16463	291.129	0	
160	-0.496475	291.129	0	
-13.75	-1.03479	291.129	0	
158.125	-0.668155	291.129	0	
-11.25	-1.09967	291.129	0	
-43.7554	-1.48403	291.129	0	
159.338	-2.74918	291.129	0	
-26.25	-0.798148	291.129	0	
164.35	-1.76839	291.129	0	
166.05	-0.925681	291.129	0	
-31.9944	-2.06993	291.129	0	
155.521	-4.78762	291.129	0	
-37.8277	-2.00504	291.129	0	
161.333	-1.33918	291.129	0	
-45.625	-0.668155	291.129	0	
155.625	-0.366631	291.129	0	
-8.75	-0.798148	291.129	0	
-35.625	-0.366631	291.129	0	
174.762	-1.34606	291.129	0	
-38.6611	-1.76841	291.129	0	
177.527	-2.9619	291.129	0	
168.496	-7.04709	291.129	0	
-37.5	-1.03479	291.129	0	
166.796	-10.6094	291.129	0	
-35.0889	-1.76841	291.129	0	
-55.9223	-2.00504	291.129	0	
154.805	-6.09945	291.129	0	
-43.75	-0.727521	291.129	0	
119.775	-42.5718	291.129	0	
169.138	-29.3032	291.129	0	
-47.2917	-2.01633	291.129	0	
199.784	-4.78957	291.129	0	
-51.0417	-2.72654	291.129	0	
177.385	-6.05361	291.129	0	
-56.25	-1.03479	291.129	0	
-50	-1.09967	291.129	0	
-68.75	-1.02905	291.129	0	
-66.9845	-2.19037	291.129	0	
-49.7917	-2.01633	291.129	0	
28.7125	-3.24559	291.129	0	
-75.0054	-1.48403	291.129	0	
-79.0702	-2.91409	291.129	0	
-76.875	-0.668155	291.129	0	
-71.5702	-2.91409	291.129	0	
168.693	-54.0604	291.129	0	
-46.25	-1.09967	291.129	0	
167.97	-2.04966	291.129	0	
-30.625	-0.366631	291.129	0	
142.5	-1.09967	291.129	0	
5	-1.09967	291.129	0	
-75	-0.727521	291.129	0	
-101.994	-2.06993	291.129	0	
-78.5417	-2.01633	291.129	0	
65	-0.798148	291.129	0	
-77.5	-1.09967	291.129	0	
-82.5	-0.727521	291.129	0	
-84.375	-0.668155	291.129	0	
98.2293	-2.1669	291.129	0	
105.625	-0.668155	291.129	0	
92.1723	-2.00504	291.129	0	
101.875	-0.668155	291.129	0	
100.208	-2.01633	291.129	0	
101.25	-1.09967	291.129	0	
94.375	-0.431516	291.129	0	
93.75	-1.09967	291.129	0	
88.0955	-3.52006	291.129	0	
97.5	-0.798148	291.129	0	
90.5056	-2.06993	291.129	0	
91.875	-0.366631	291.129	0	
85.625	-0.668155	291.129	0	
87.4111	-1.76841	291.129	0	
82.1723	-2.00504	291.129	0	
87.5	-0.798148	291.129	0	
83.9583	-2.01633	291.129	0	
85	-1.09967	291.129	0	
81.3389	-1.76841	291.129	0	
82.5	-1.03479	291.129	0	
74.375	-0.668155	291.129	0	
76.2446	-1.48403	291.129	0	
70.7293	-2.1669	291.129	0	
76.25	-0.727521	291.129	0	
72.7083	-2.01633	291.129	0	
73.75	-1.09967	291.129	0	
68.75	-0.727521	291.129	0	
66.875	-0.668155	291.129	0	
58.8389	-2.93321	291.129	0	
70	-0.798148	291.129	0	
64.2556	-2.06993	291.129	0	
65.625	-0.366631	291.129	0	
60.625	-0.366631	291.129	0	
61.1611	-1.76841	291.129	0	
57.5889	-1.76841	291.129	0	
58.75	-1.03479	291.129	0	
50.625	-0.668155	291.129	0	
52.4946	-1.48403	291.129	0	
45.2083	-2.72654	291.129	0	
52.5	-0.727521	291.129	0	
48.9583	-2.01633	291.129	0	
50	-1.09967	291.129	0	
46.25	-1.09967	291.129	0	
46.4583	-2.01633	291.129	0	
40	-1.03479	291.129	0	
40.3277	-2.00504	291.129	0	
27.5	-1.02905	291.129	0	
29.2655	-2.19037	291.129	0	
24.6798	-2.91409	291.129	0	
121.042	-2.01633	291.129	0	
19.375	-0.668155	291.129	0	
21.2446	-1.48403	291.129	0	
17.1798	-2.91409	291.129	0	
21.25	-0.727521	291.129	0	
17.7083	-2.01633	291.129	0	
18.75	-1.09967	291.129	0	
13.75	-0.727521	291.129	0	
11.875	-0.668155	291.129	0	
153.125	-0.668155	291.129	0	
154.995	-1.48403	291.129	0	
145.155	-3.05088	291.129	0	
155	-0.727521	291.129	0	
151.458	-2.01633	291.129	0	
152.5	-1.09967	291.129	0	
146.875	-0.431516	291.129	0	
148.696	-1.54577	291.129	0	
147.758	-2.24637	291.129	0	
148.75	-0.798148	291.129	0	
143.839	-1.76841	291.129	0	
145	-1.03479	291.129	0	
138.125	-0.36089	291.129	0	
138.745	-1.48403	291.129	0	
135.089	-1.76841	291.129	0	
136.25	-1.03479	291.129	0	
130	-1.03479	291.129	0	
130.328	-2.00504	291.129	0	
122.5	-1.02905	291.129	0	
124.266	-2.19037	291.129	0	
119.68	-2.91409	291.129	0	
156.979	-2.1669	291.129	0	
114.375	-0.668155	291.129	0	
116.245	-1.48403	291.129	0	
112.163	-2.94281	291.129	0	
116.25	-0.727521	291.129	0	
112.708	-2.01633	291.129	0	
113.75	-1.09967	291.129	0	
108.125	-0.668155	291.129	0	
109.911	-1.76841	291.129	0	
-117.5	-1.02905	291.129	0	
-115.734	-2.19037	291.129	0	
-138.021	-2.1669	291.129	0	
-67.5375	-3.24559	291.129	0	
-124.375	-0.36089	291.129	0	
-123.755	-1.48403	291.129	0	
-88.0056	-2.06993	291.129	0	
-81.25	-0.798148	291.129	0	
-86.0417	-2.01633	291.129	0	
-85	-1.09967	291.129	0	
-89.375	-0.366631	291.129	0	
-88.8389	-1.76841	291.129	0	
-96.875	-0.36089	291.129	0	
-96.2554	-1.48403	291.129	0	
-95.7345	-2.19037	291.129	0	
-96.25	-0.727521	291.129	0	
-101.161	-1.76841	291.129	0	
-100	-1.03479	291.129	0	
-106.25	-1.03479	291.129	0	
-105.922	-2.00504	291.129	0	
-70.2083	-2.01633	291.129	0	
-100.328	-2.00504	291.129	0	
-141.25	-0.792406	291.129	0	
-140.814	-2.07688	291.129	0	
-153.54	-3.47677	291.129	0	
-123.787	-3.24559	291.129	0	
-127.411	-1.76841	291.129	0	
-126.25	-1.03479	291.129	0	
-132.5	-1.03479	291.129	0	
-132.172	-2.00504	291.129	0	
-118.958	-2.01633	291.129	0	
-126.578	-2.00504	291.129	0	
-202.353	-21.532	291.129	0	
-119.833	-3.79821	291.129	0	
-21.25	-1.02905	291.129	0	
-19.4845	-2.19037	291.129	0	
-27.5375	-3.24559	291.129	0	
5.25269	-2.80091	291.129	0	
-28.125	-0.36089	291.129	0	
-27.5054	-1.48403	291.129	0	
8.24439	-2.06993	291.129	0	
15	-0.798148	291.129	0	
10.2083	-2.01633	291.129	0	
11.25	-1.09967	291.129	0	
6.875	-0.366631	291.129	0	
7.41105	-1.76841	291.129	0	
-0.625	-0.36089	291.129	0	
-0.00541199	-1.48403	291.129	0	
0.51554	-2.19037	291.129	0	
0	-0.727521	291.129	0	
-4.91105	-1.76841	291.129	0	
-3.75	-1.03479	291.129	0	
-10	-1.03479	291.129	0	
-9.67228	-2.00504	291.129	0	
26.0417	-2.01633	291.129	0	
-4.07772	-2.00504	291.129	0	
-45	-1.02905	291.129	0	
-43.2345	-2.19037	291.129	0	
-50.2083	-2.72654	291.129	0	
-29.6307	-3.06027	291.129	0	
-31.1611	-1.76841	291.129	0	
-30	-1.03479	291.129	0	
-36.25	-1.03479	291.129	0	
-35.9223	-2.00504	291.129	0	
-22.7083	-2.01633	291.129	0	
-30.3277	-2.00504	291.129	0	
-60.2083	-2.01633	291.129	0	
-51.4583	-2.01633	291.129	0	
-68.3387	-1.78555	291.129	0	
-68.4751	-2.84652	291.129	0	
-76.25	-1.02905	291.129	0	
-74.4845	-2.19037	291.129	0	
-77.7083	-2.01633	291.129	0	
-105.61	-4.06799	291.129	0	
-83.125	-0.36089	291.129	0	
-82.5054	-1.48403	291.129	0	
104.494	-2.06993	291.129	0	
110	-0.798148	291.129	0	
106.458	-2.01633	291.129	0	
107.5	-1.09967	291.129	0	
103.125	-0.366631	291.129	0	
103.661	-1.76841	291.129	0	
95.625	-0.36089	291.129	0	
96.2446	-1.48403	291.129	0	
96.7655	-2.19037	291.129	0	
96.25	-0.727521	291.129	0	
91.3389	-1.76841	291.129	0	
92.5	-1.03479	291.129	0	
86.25	-1.03479	291.129	0	
86.5777	-2.00504	291.129	0	
78.2293	-2.1669	291.129	0	
78.5906	-3.16789	291.129	0	
75	-1.02905	291.129	0	
76.7655	-2.19037	291.129	0	
68.7125	-3.24559	291.129	0	
123.713	-3.24559	291.129	0	
68.125	-0.36089	291.129	0	
68.7446	-1.48403	291.129	0	
65.0889	-1.76841	291.129	0	
66.25	-1.03479	291.129	0	
60	-1.03479	291.129	0	
60.3277	-2.00504	291.129	0	
54.4793	-2.1669	291.129	0	
73.5417	-2.01633	291.129	0	
51.25	-1.02905	291.129	0	
53.0155	-2.19037	291.129	0	
40.4973	-3.78292	291.129	0	
54.8394	-3.16569	291.129	0	
39.0027	-2.80091	291.129	0	
44.7917	-2.01633	291.129	0	
27.9113	-1.78555	291.129	0	
27.7749	-2.84652	291.129	0	
20	-1.02905	291.129	0	
21.7655	-2.19037	291.129	0	
-9.36018	-4.06799	291.129	0	
18.5417	-2.01633	291.129	0	
13.125	-0.36089	291.129	0	
13.7446	-1.48403	291.129	0	
153.75	-1.02905	291.129	0	
155.516	-2.19037	291.129	0	
142.62	-3.22837	291.129	0	
144.069	-5.7607	291.129	0	
147.5	-0.798148	291.129	0	
146.771	-2.1669	291.129	0	
140.729	-2.1669	291.129	0	
150.746	-2.90651	291.129	0	
137.5	-1.02905	291.129	0	
139.266	-2.19037	291.129	0	
130.64	-4.06799	291.129	0	
141.177	-3.32534	291.129	0	
131.994	-2.06993	291.129	0	
129.955	-2.8545	291.129	0	
128.542	-2.01633	291.129	0	
127.18	-2.91409	291.129	0	
122.911	-1.78555	291.129	0	
122.775	-2.84652	291.129	0	
115	-1.02905	291.129	0	
116.766	-2.19037	291.129	0	
86.8898	-4.06799	291.129	0	
113.542	-2.01633	291.129	0	
108.75	-1.03479	291.129	0	
109.078	-2.00504	291.129	0	
-117.089	-1.78555	291.129	0	
-117.225	-2.84652	291.129	0	
-125	-1.02905	291.129	0	
-123.234	-2.19037	291.129	0	
-78.5826	-3.79821	291.129	0	
-143.899	-7.68728	291.129	0	
-90	-1.03479	291.129	0	
-89.6723	-2.00504	291.129	0	
-97.5	-0.792406	291.129	0	
-97.0644	-2.07688	291.129	0	
-116.287	-3.24559	291.129	0	
-108.125	-3.34884	291.129	0	
-104.256	-2.06993	291.129	0	
-112.466	-3.07092	291.129	0	
-107.708	-2.01633	291.129	0	
-116.633	-5.94785	291.129	0	
-141.434	-1.75189	291.129	0	
-142.267	-2.05915	291.129	0	
-130.506	-2.06993	291.129	0	
-141.756	-5.80291	291.129	0	
-140.354	-6.17065	291.129	0	
-130.457	-4.4054	291.129	0	
-20.8387	-1.78555	291.129	0	
-20.9751	-2.84652	291.129	0	
-28.75	-1.02905	291.129	0	
-26.9845	-2.19037	291.129	0	
-43.7875	-3.24559	291.129	0	
-46.3858	-5.74538	291.129	0	
6.25	-1.03479	291.129	0	
6.57772	-2.00504	291.129	0	
-1.25	-0.792406	291.129	0	
-0.814428	-2.07688	291.129	0	
-20.0375	-3.24559	291.129	0	
-11.875	-3.34884	291.129	0	
-8.00561	-2.06993	291.129	0	
-16.2164	-3.07092	291.129	0	
-11.4583	-2.01633	291.129	0	
-20.3828	-5.94785	291.129	0	
-44.5887	-1.78555	291.129	0	
-44.7251	-2.84652	291.129	0	
-34.2556	-2.06993	291.129	0	
-49.5151	-8.22246	291.129	0	
-44.2462	-5.42835	291.129	0	
-34.2075	-4.4054	291.129	0	
-75.0375	-3.24559	291.129	0	
25.1674	-3.79821	291.129	0	
-75.8387	-1.78555	291.129	0	
-75.9751	-2.84652	291.129	0	
-83.75	-1.02905	291.129	0	
-81.9845	-2.19037	291.129	0	
-90.0446	-2.8545	291.129	0	
-86.5873	-2.94281	291.129	0	
102.5	-1.03479	291.129	0	
102.828	-2.00504	291.129	0	
95	-0.792406	291.129	0	
95.4356	-2.07688	291.129	0	
76.2125	-3.24559	291.129	0	
84.375	-3.34884	291.129	0	
88.2444	-2.06993	291.129	0	
80.0336	-3.07092	291.129	0	
84.7917	-2.01633	291.129	0	
75.8672	-5.94785	291.129	0	
75.4113	-1.78555	291.129	0	
75.2749	-2.84652	291.129	0	
67.5	-1.02905	291.129	0	
69.2655	-2.19037	291.129	0	
52.4625	-3.24559	291.129	0	
49.8642	-5.74538	291.129	0	
61.9944	-2.06993	291.129	0	
46.7349	-8.22246	291.129	0	
52.0038	-5.42835	291.129	0	
62.0425	-4.4054	291.129	0	
51.6613	-1.78555	291.129	0	
51.5249	-2.84652	291.129	0	
21.2125	-3.24559	291.129	0	
107.75	-4.43486	291.129	0	
20.4113	-1.78555	291.129	0	
20.2749	-2.84652	291.129	0	
12.5	-1.02905	291.129	0	
14.2655	-2.19037	291.129	0	
6.20541	-2.8545	291.129	0	
9.66268	-2.94281	291.129	0	
154.161	-1.78555	291.129	0	
154.025	-2.84652	291.129	0	
152.292	-2.01633	291.129	0	
139.039	-4.35802	291.129	0	
137.911	-1.78555	291.129	0	
137.775	-2.84652	291.129	0	
116.213	-3.24559	291.129	0	
154.963	-3.24559	291.129	0	
115.411	-1.78555	291.129	0	
115.275	-2.84652	291.129	0	
107.292	-2.01633	291.129	0	
109.247	-3.78292	291.129	0	
-140.037	-3.24559	291.129	0	
-71.0826	-3.79821	291.129	0	
-124.589	-1.78555	291.129	0	
-124.725	-2.84652	291.129	0	
-92.8202	-2.91409	291.129	0	
-85.2083	-2.01633	291.129	0	
-97.684	-1.75189	291.129	0	
-98.5173	-2.05915	291.129	0	
-152.708	-2.01633	291.129	0	
-145.211	-4.15655	291.129	0	
-23.5826	-3.79821	291.129	0	
3.37811	-4.98343	291.129	0	
-28.3387	-1.78555	291.129	0	
-28.4751	-2.84652	291.129	0	
3.42981	-2.91409	291.129	0	
11.0417	-2.01633	291.129	0	
-1.43402	-1.75189	291.129	0	
-2.26735	-2.05915	291.129	0	
-48.9583	-3.47328	291.129	0	
-47.6197	-4.31165	291.129	0	
-88.4261	-3.92482	291.129	0	
-92.8719	-4.98343	291.129	0	
-83.3387	-1.78555	291.129	0	
-83.4751	-2.84652	291.129	0	
99.6798	-2.91409	291.129	0	
107.753	-2.80091	291.129	0	
94.816	-1.75189	291.129	0	
93.9827	-2.05915	291.129	0	
72.6674	-3.79821	291.129	0	
120.167	-3.79821	291.129	0	
67.9113	-1.78555	291.129	0	
67.7749	-2.84652	291.129	0	
47.2917	-3.47328	291.129	0	
50.1448	-3.88818	291.129	0	
17.6674	-3.79821	291.129	0	
-0.0374544	-3.24559	291.129	0	
12.9113	-1.78555	291.129	0	
12.7749	-2.84652	291.129	0	
148.483	-4.32001	291.129	0	
187.308	-1.93891	291.129	0	
147.862	-1.54577	291.129	0	
148.712	-3.13655	291.129	0	
133.929	-3.08731	291.129	0	
138.713	-3.24559	291.129	0	
90.6555	-3.51902	291.129	0	
102.455	-2.8545	291.129	0	
-152.829	-5.21478	291.129	0	
-131.801	-4.25718	291.129	0	
-122.157	-4.23242	291.129	0	
-96.2875	-3.24559	291.129	0	
-46.1052	-3.88818	291.129	0	
-35.5505	-4.25718	291.129	0	
-25.9071	-4.23242	291.129	0	
13.7125	-3.24559	291.129	0	
-100.639	-4.06622	291.129	0	
-82.5375	-3.24559	291.129	0	
48.6303	-4.31165	291.129	0	
96.2125	-3.24559	291.129	0	
60.6995	-4.25718	291.129	0	
70.3429	-4.23242	291.129	0	
-4.38926	-4.06622	291.129	0	
7.82395	-3.92482	291.129	0	
146.42	-3.14785	291.129	0	
147.178	-4.41078	291.129	0	
34.7917	-2.72654	291.129	0	
33.9583	-2.72654	291.129	0	
126.034	-3.06466	291.129	0	
126.041	-5.36183	291.129	0	
-147.837	-2.94281	291.129	0	
-142.682	-2.77243	291.129	0	
-160.208	-1.16463	291.129	0	
-201.338	-10.2031	291.129	0	
-153.958	-2.72654	291.129	0	
-152.247	-2.80091	291.129	0	
-156.042	-3.47328	291.129	0	
-156.458	-2.72654	291.129	0	
-52.8373	-2.94281	291.129	0	
-49.7917	-3.47328	291.129	0	
-58.9583	-2.72654	291.129	0	
-57.7083	-2.01633	291.129	0	
-56.2946	-2.8545	291.129	0	
-57.2473	-2.80091	291.129	0	
-65.2159	-3.06466	291.129	0	
-65.2085	-5.36053	291.129	0	
-72.7159	-3.06466	291.129	0	
-69.5113	-3.00667	291.129	0	
43.4127	-2.94281	291.129	0	
46.4583	-3.47328	291.129	0	
36.0417	-2.01633	291.129	0	
32.5816	-3.68836	291.129	0	
32.1798	-2.91409	291.129	0	
36.4583	-2.72654	291.129	0	
23.5341	-3.06466	291.129	0	
26.7387	-3.00667	291.129	0	
118.534	-3.06466	291.129	0	
121.739	-3.00667	291.129	0	
-121.466	-3.06466	291.129	0	
-118.261	-3.00667	291.129	0	
-93.9659	-3.06466	291.129	0	
-93.9594	-5.36183	291.129	0	
-109.003	-2.80091	291.129	0	
-107.247	-2.80091	291.129	0	
-146.042	-2.72654	291.129	0	
-147.44	-3.72538	291.129	0	
-25.2159	-3.06466	291.129	0	
-22.0113	-3.00667	291.129	0	
2.28409	-3.06466	291.129	0	
2.29056	-5.36183	291.129	0	
-12.7527	-2.80091	291.129	0	
-10.9973	-2.80091	291.129	0	
-48.9583	-2.01633	291.129	0	
-45.7613	-3.00667	291.129	0	
-52.44	-3.72538	291.129	0	
-48.5417	-2.72654	291.129	0	
-80.2159	-3.06466	291.129	0	
-77.0113	-3.00667	291.129	0	
98.5341	-3.06466	291.129	0	
98.5406	-5.36183	291.129	0	
83.4973	-2.80091	291.129	0	
85.2527	-2.80091	291.129	0	
71.0341	-3.06466	291.129	0	
74.2387	-3.00667	291.129	0	
47.2917	-2.01633	291.129	0	
50.4887	-3.00667	291.129	0	
43.81	-3.72538	291.129	0	
47.7083	-2.72654	291.129	0	
16.0341	-3.06466	291.129	0	
19.2387	-3.00667	291.129	0	
151.132	-3.93062	291.129	0	
152.989	-3.00667	291.129	0	
111.032	-2.99641	291.129	0	
114.239	-3.00667	291.129	0	
-87.7179	-2.99641	291.129	0	
-84.5113	-3.00667	291.129	0	
8.53206	-2.99641	291.129	0	
11.7387	-3.00667	291.129	0	
104.782	-2.99641	291.129	0	
102.997	-3.78292	291.129	0	
-143.54	-2.72962	291.129	0	
-140.951	-3.13784	291.129	0	
-99.9558	-2.85377	291.129	0	
-97.2008	-3.13784	291.129	0	
-3.70582	-2.85377	291.129	0	
-0.950756	-3.13784	291.129	0	
92.5442	-2.85377	291.129	0	
95.2992	-3.13784	291.129	0	
41.5739	-3.92482	291.129	0	
46.0417	-2.72654	291.129	0	
127.582	-3.68916	291.129	0	
132.502	-3.08731	291.129	0	
127.128	-4.98343	291.129	0	
128.572	-3.57598	291.129	0	
-152.662	-3.55114	291.129	0	
-152.231	-4.40508	291.129	0	
-159.148	-3.04538	291.129	0	
-165.564	-17.3854	291.129	0	
-154.373	-3.97501	291.129	0	
-150.753	-3.78292	291.129	0	
-160.293	-8.30276	291.129	0	
-155.208	-3.47328	291.129	0	
-158.057	-10.316	291.129	0	
-143.957	-3.47621	291.129	0	
-58.5398	-3.47677	291.129	0	
-57.2309	-4.40508	291.129	0	
-61.4583	-2.72654	291.129	0	
-57.6621	-3.55114	291.129	0	
-62.7232	-3.50081	291.129	0	
-55.7527	-3.78292	291.129	0	
-64.0702	-2.91409	291.129	0	
-63.6684	-3.68836	291.129	0	
-61.8899	-3.99904	291.129	0	
-60.2083	-3.47328	291.129	0	
-72.8478	-5.56717	291.129	0	
-69.264	-5.46522	291.129	0	
39.9554	-2.8545	291.129	0	
39.0191	-4.40508	291.129	0	
37.2917	-2.72654	291.129	0	
38.5879	-3.55114	291.129	0	
34.3601	-3.99904	291.129	0	
37.7102	-3.47677	291.129	0	
35.2083	-3.47328	291.129	0	
33.5268	-3.50081	291.129	0	
23.4022	-5.56717	291.129	0	
26.986	-5.46522	291.129	0	
118.402	-5.56717	291.129	0	
114.489	-5.47929	291.129	0	
-121.598	-5.56717	291.129	0	
-125.6	-5.31383	291.129	0	
-92.4178	-3.68916	291.129	0	
-89.5027	-3.78292	291.129	0	
-90.9952	-4.42757	291.129	0	
-86.1036	-3.83222	291.129	0	
-109.687	-5.39772	291.129	0	
-106.295	-2.8545	291.129	0	
-110.64	-4.06799	291.129	0	
-98.2818	-3.59669	291.129	0	
-146.478	-3.50911	291.129	0	
-141.985	-3.52613	291.129	0	
-25.3478	-5.56717	291.129	0	
-29.3495	-5.31383	291.129	0	
3.83223	-3.68916	291.129	0	
6.7473	-3.78292	291.129	0	
5.25478	-4.42757	291.129	0	
10.1464	-3.83222	291.129	0	
-13.4371	-5.39772	291.129	0	
-10.0446	-2.8545	291.129	0	
-14.3898	-4.06799	291.129	0	
-2.03178	-3.59669	291.129	0	
-51.4777	-3.50911	291.129	0	
-47.7083	-2.72654	291.129	0	
-51.0637	-4.19254	291.129	0	
-47.2189	-3.60804	291.129	0	
-80.3478	-5.56717	291.129	0	
-84.2613	-5.47929	291.129	0	
100.082	-3.68916	291.129	0	
112.646	-3.83222	291.129	0	
110.324	-3.92482	291.129	0	
107.317	-3.58364	291.129	0	
82.8129	-5.39772	291.129	0	
86.2054	-2.8545	291.129	0	
81.8602	-4.06799	291.129	0	
94.2182	-3.59669	291.129	0	
70.9022	-5.56717	291.129	0	
66.9005	-5.31383	291.129	0	
44.7723	-3.50911	291.129	0	
48.5417	-2.72654	291.129	0	
45.1863	-4.19254	291.129	0	
49.0311	-3.60804	291.129	0	
15.9022	-5.56717	291.129	0	
11.9887	-5.47929	291.129	0	
108.705	-2.8545	291.129	0	
101.072	-3.57598	291.129	0	
-91.4282	-3.57598	291.129	0	
-94.651	-4.21812	291.129	0	
4.82178	-3.57598	291.129	0	
1.59897	-4.21812	291.129	0	
105.913	-2.94281	291.129	0	
106.31	-3.72554	291.129	0	
97.849	-4.21812	291.129	0	
101.505	-4.42757	291.129	0	
-144.792	-3.47313	291.129	0	
-146.064	-4.19253	291.129	0	
-103.124	-4.43041	291.129	0	
-108.125	-4.73217	291.129	0	
-6.87403	-4.43041	291.129	0	
-11.875	-4.73217	291.129	0	
89.376	-4.43041	291.129	0	
84.375	-4.73217	291.129	0	
121.393	-3.89079	291.129	0	
143.936	-3.97268	291.129	0	
125.349	-4.21812	291.129	0	
129.043	-4.50658	291.129	0	
-154.834	-5.62943	291.129	0	
-149.676	-3.92482	291.129	0	
-156.465	-4.16242	291.129	0	
-88.4597	-6.17559	291.129	0	
-157.746	-3.54331	291.129	0	
-157.336	-4.23245	291.129	0	
-155.953	-5.20944	291.129	0	
-151.274	-4.58327	291.129	0	
-87.8931	-5.00841	291.129	0	
-54.6761	-3.92482	291.129	0	
-59.3731	-3.97501	291.129	0	
7.79028	-6.17559	291.129	0	
-65.9011	-4.21822	291.129	0	
-59.3047	-5.11624	291.129	0	
-64.1215	-4.98124	291.129	0	
-60.5387	-5.90518	291.129	0	
8.35687	-5.00841	291.129	0	
92.527	-5.11846	291.129	0	
30.3489	-4.21822	291.129	0	
32.1285	-4.98124	291.129	0	
36.0417	-3.47328	291.129	0	
34.378	-5.06466	291.129	0	
35.7113	-5.90518	291.129	0	
36.8769	-3.97501	291.129	0	
-101.844	-3.51902	291.129	0	
-99.973	-5.11846	291.129	0	
-145.501	-5.7656	291.129	0	
-69.8571	-3.89079	291.129	0	
-156.677	-7.51666	291.129	0	
-49.707	-5.1949	291.129	0	
-148.977	-5.20289	291.129	0	
-147.813	-5.59213	291.129	0	
-5.59449	-3.51902	291.129	0	
-3.72305	-5.11846	291.129	0	
-56.2742	-4.58327	291.129	0	
26.3929	-3.89079	291.129	0	
-39.9676	-3.06872	291.129	0	
46.543	-5.1949	291.129	0	
-53.9766	-5.20289	291.129	0	
-50.211	-4.15672	291.129	0	
-55.8234	-5.70833	291.129	0	
-48.5258	-4.17689	291.129	0	
-52.8132	-5.59213	291.129	0	
-47.2738	-5.38006	291.129	0	
91.8607	-4.06622	291.129	0	
105.879	-5.0575	291.129	0	
36.9453	-5.11624	291.129	0	
130.158	-4.945	291.129	0	
56.2824	-3.06872	291.129	0	
110.29	-6.17488	291.129	0	
42.2734	-5.20289	291.129	0	
46.039	-4.15672	291.129	0	
40.4266	-5.70833	291.129	0	
47.7242	-4.17689	291.129	0	
39.9758	-4.58327	291.129	0	
48.9762	-5.38006	291.129	0	
-90.0224	-4.58092	291.129	0	
-89.5124	-5.89001	291.129	0	
6.22758	-4.58092	291.129	0	
6.73765	-5.89001	291.129	0	
102.928	-5.70651	291.129	0	
107.848	-6.54104	291.129	0	
104.074	-3.92482	291.129	0	
104.773	-5.20318	291.129	0	
99.6281	-4.98343	291.129	0	
102.478	-4.58092	291.129	0	
-150.823	-5.70833	291.129	0	
-143.779	-5.33843	291.129	0	
76.6284	-4.52398	291.129	0	
144.244	-11.4317	291.129	0	
128.127	-5.50143	291.129	0	
128.872	-6.93342	291.129	0	
-158.777	-5.20944	291.129	0	
-143.448	-4.30353	291.129	0	
-161.732	-2.79975	291.129	0	
-207.299	-15.0218	291.129	0	
-182.365	-35.5359	291.129	0	
-79.1691	-5.28353	291.129	0	
-150.997	-8.59138	291.129	0	
-57.1302	-6.3947	291.129	0	
-61.872	-5.06466	291.129	0	
-58.0402	-5.47194	291.129	0	
-115.872	-4.52398	291.129	0	
17.0809	-5.28353	291.129	0	
-19.6216	-4.52398	291.129	0	
108.728	-4.58055	291.129	0	
38.2098	-5.47194	291.129	0	
43.4368	-5.59213	291.129	0	
-139.58	-4.60081	291.129	0	
-145.691	-7.03602	291.129	0	
-96.7489	-6.89898	291.129	0	
-97.1496	-5.26597	291.129	0	
-149.602	-6.18605	291.129	0	
-134.449	-4.25718	291.129	0	
-31.5017	-4.16217	291.129	0	
39.1198	-6.3947	291.129	0	
-0.498874	-6.89898	291.129	0	
-0.89962	-5.26597	291.129	0	
-70.5474	-6.44535	291.129	0	
-54.6024	-6.18605	291.129	0	
-52.4014	-4.79453	291.129	0	
-51.4417	-5.03664	291.129	0	
-52.0429	-7.10465	291.129	0	
-50.5017	-5.76581	291.129	0	
-54.1682	-7.76797	291.129	0	
-36.3389	-2.93321	291.129	0	
-48.8551	-5.21507	291.129	0	
-48.0926	-6.0103	291.129	0	
64.7483	-4.16217	291.129	0	
110.857	-5.00834	291.129	0	
95.7511	-6.89898	291.129	0	
95.3504	-5.26597	291.129	0	
25.7026	-6.44535	291.129	0	
41.6476	-6.18605	291.129	0	
43.8486	-4.79453	291.129	0	
44.8083	-5.03664	291.129	0	
44.2071	-7.10465	291.129	0	
45.7483	-5.76581	291.129	0	
42.0818	-7.76797	291.129	0	
59.9111	-2.93321	291.129	0	
47.3949	-5.21507	291.129	0	
48.1574	-6.0103	291.129	0	
-91.9104	-5.42242	291.129	0	
-90.925	-6.50437	291.129	0	
4.33964	-5.42242	291.129	0	
5.32497	-6.50437	291.129	0	
106.858	-5.46739	291.129	0	
109.237	-5.889	291.129	0	
45.559	-7.03622	291.129	0	
104.147	-6.18687	291.129	0	
100.59	-5.42242	291.129	0	
100.817	-6.41692	291.129	0	
-147.401	-4.79453	291.129	0	
-146.442	-5.03663	291.129	0	
-147.043	-7.10465	291.129	0	
-144.707	-5.19453	291.129	0	
-149.168	-7.76797	291.129	0	
-132.589	-2.93321	291.129	0	
-154.178	-7.28627	291.129	0	
-151.919	-6.13754	291.129	0	
-67.2642	-6.91889	291.129	0	
-50.691	-7.03622	291.129	0	
28.9858	-6.91889	291.129	0	
57.9209	-9.10125	291.129	0	
-165.569	-3.72058	291.129	0	
-124.19	-5.40086	291.129	0	
-65.8105	-6.63734	291.129	0	
-38.3291	-9.10125	291.129	0	
-59.0799	-8.70786	291.129	0	
-25.746	-9.39498	291.129	0	
-36.875	-5.27905	291.129	0	
-45.618	-4.95711	291.129	0	
30.4395	-6.63734	291.129	0	
104.619	-8.07335	291.129	0	
37.1701	-8.70786	291.129	0	
121.986	-5.46522	291.129	0	
59.375	-5.27905	291.129	0	
50.632	-4.95711	291.129	0	
-100.432	-7.15932	291.129	0	
-118.014	-5.46522	291.129	0	
-4.18243	-7.15932	291.129	0	
-21.764	-5.46522	291.129	0	
101.373	-10.8863	291.129	0	
97.6668	-7.08742	291.129	0	
74.486	-5.46522	291.129	0	
92.0676	-7.15932	291.129	0	
-142.782	-6.56075	291.129	0	
-142.334	-4.31064	291.129	0	
-152.527	-7.43868	291.129	0	
-121.996	-9.39498	291.129	0	
-136.218	-3.06872	291.129	0	
-128.568	-3.08143	291.129	0	
-38.1995	-4.25718	291.129	0	
-32.318	-3.08143	291.129	0	
58.0505	-4.25718	291.129	0	
63.932	-3.08143	291.129	0	
133.106	-6.04794	291.129	0	
130.428	-6.60412	291.129	0	
123.985	-6.91734	291.129	0	
150.848	-20.0464	291.129	0	
-155.18	-8.32445	291.129	0	
-52.0799	-10.5411	291.129	0	
-40.8588	-5.44334	291.129	0	
-43.3792	-4.50999	291.129	0	
55.3912	-5.44334	291.129	0	
52.8708	-4.50999	291.129	0	
-87.5848	-7.52916	291.129	0	
-84.8609	-3.89608	291.129	0	
8.66524	-7.52916	291.129	0	
11.3891	-3.89608	291.129	0	
120.703	-6.44535	291.129	0	
113.889	-3.89608	291.129	0	
-94.8332	-7.08742	291.129	0	
-127.752	-4.16217	291.129	0	
-136.015	-9.53859	291.129	0	
-118.607	-3.89079	291.129	0	
-44.375	-6.99919	291.129	0	
-22.3571	-3.89079	291.129	0	
-42.8302	-8.44515	291.129	0	
-40.8536	-7.44458	291.129	0	
51.875	-6.99919	291.129	0	
73.8929	-3.89079	291.129	0	
53.4198	-8.44515	291.129	0	
55.3964	-7.44458	291.129	0	
-45.8903	-7.18841	291.129	0	
-48.1439	-7.56208	291.129	0	
50.3597	-7.18841	291.129	0	
48.1061	-7.56208	291.129	0	
-141.655	-10.9683	291.129	0	
-134.129	-6.10622	291.129	0	
-52.772	-8.29733	291.129	0	
-46.8296	-8.37487	291.129	0	
43.478	-8.29733	291.129	0	
49.4204	-8.37487	291.129	0	
-164	-0.842706	291.129	0	
-160.19	-2.6252	291.129	0	
-171.26	-1.12398	291.129	0	
-163.118	-4.25546	291.129	0	
157.984	-3.31993	291.129	0	
162.75	-0.842706	291.129	0	
160.879	-2.92373	291.129	0	
162.233	-4.81544	291.129	0	
149.806	-4.94504	291.129	0	
157.495	-4.95032	291.129	0	
136.186	-4.14103	291.129	0	
140.456	-4.52612	291.129	0	
-73.4071	-4.23242	291.129	0	
-71.6691	-5.28353	291.129	0	
-80.4167	-10.3326	291.129	0	
-64.8646	-8.3096	291.129	0	
-77.3571	-3.89079	291.129	0	
-74.2262	-6.72899	291.129	0	
22.8429	-4.23242	291.129	0	
24.5809	-5.28353	291.129	0	
15.8333	-10.3326	291.129	0	
31.3854	-8.3096	291.129	0	
18.8929	-3.89079	291.129	0	
22.0238	-6.72899	291.129	0	
117.843	-4.23242	291.129	0	
119.581	-5.28353	291.129	0	
112.877	-7.50462	291.129	0	
125.437	-6.63718	291.129	0	
111.164	-7.52928	291.129	0	
117.03	-6.73778	291.129	0	
-120.419	-5.28353	291.129	0	
-119.297	-6.44535	291.129	0	
-147.08	-10.5411	291.129	0	
-106.019	-7.46803	291.129	0	
-144.559	-9.99967	291.129	0	
-147.772	-8.29733	291.129	0	
-24.1691	-5.28353	291.129	0	
-23.0474	-6.44535	291.129	0	
1.41684	-7.08742	291.129	0	
-9.76913	-7.46803	291.129	0	
-27.9404	-5.40086	291.129	0	
-23.5704	-9.08967	291.129	0	
-80.9071	-4.23242	291.129	0	
-78.0474	-6.44535	291.129	0	
-74.2388	-9.20929	291.129	0	
-76.764	-5.46522	291.129	0	
-81.7196	-6.73778	291.129	0	
-82.2148	-8.98906	291.129	0	
72.0809	-5.28353	291.129	0	
73.2026	-6.44535	291.129	0	
102.182	-6.54766	291.129	0	
86.4809	-7.46803	291.129	0	
68.3096	-5.40086	291.129	0	
93.8488	-8.33358	291.129	0	
15.3429	-4.23242	291.129	0	
18.2026	-6.44535	291.129	0	
22.0112	-9.20929	291.129	0	
19.486	-5.46522	291.129	0	
14.5304	-6.73778	291.129	0	
14.0352	-8.98906	291.129	0	
112.049	-4.96932	291.129	0	
113.194	-6.11121	291.129	0	
107.957	-10.0357	291.129	0	
114.373	-9.53907	291.129	0	
-86.7013	-4.9694	291.129	0	
-85.556	-6.11128	291.129	0	
-85.8729	-7.50385	291.129	0	
-84.3782	-9.53722	291.129	0	
9.54871	-4.9694	291.129	0	
10.694	-6.11128	291.129	0	
10.3771	-7.50385	291.129	0	
11.8718	-9.53722	291.129	0	
132.08	-7.47425	291.129	0	
134.746	-4.16808	291.129	0	
124.075	-4.31071	291.129	0	
123.313	-5.73457	291.129	0	
-67.1755	-4.31081	291.129	0	
-67.9367	-5.73467	291.129	0	
29.0745	-4.31081	291.129	0	
28.3133	-5.73467	291.129	0	
-95.9255	-4.31071	291.129	0	
-98.5926	-4.6597	291.129	0	
-103.786	-7.04865	291.129	0	
-106.563	-5.39772	291.129	0	
0.324502	-4.31071	291.129	0	
-2.3426	-4.6597	291.129	0	
-7.5359	-7.04865	291.129	0	
-10.3129	-5.39772	291.129	0	
96.5745	-4.31071	291.129	0	
93.9074	-4.6597	291.129	0	
88.7141	-7.04865	291.129	0	
103.633	-8.96714	291.129	0	
-62.0477	-8.8546	291.129	0	
34.2023	-8.8546	291.129	0	
-65.6604	-12.2385	291.129	0	
44.1701	-10.5411	291.129	0	
-43.9291	-11.1429	291.129	0	
106.762	-8.25621	291.129	0	
40.691	-8.79126	291.129	0	
126.259	-8.10539	291.129	0	
30.5896	-12.2385	291.129	0	
128.121	-8.37598	291.129	0	
98.349	-8.47005	291.129	0	
102.415	-7.9218	291.129	0	
-155.111	-10.7469	291.129	0	
-60.5733	-7.64358	291.129	0	
138.321	-5.52235	291.129	0	
152.541	-4.03078	291.129	0	
-138.552	-9.35636	291.129	0	
-137.06	-5.53416	291.129	0	
-129.996	-3.08143	291.129	0	
-129.047	-6.04201	291.129	0	
-33.7459	-3.08143	291.129	0	
-32.7973	-6.04201	291.129	0	
62.5041	-3.08143	291.129	0	
63.4527	-6.04201	291.129	0	
131.229	-11.2697	291.129	0	
151.99	-6.88415	291.129	0	
136.941	-5.40234	291.129	0	
141.133	-5.9764	291.129	0	
-74.6816	-4.325	291.129	0	
-75.4428	-5.74886	291.129	0	
21.5684	-4.325	291.129	0	
20.8072	-5.74886	291.129	0	
116.568	-4.325	291.129	0	
115.814	-5.75765	291.129	0	
-123.432	-4.325	291.129	0	
-126.314	-4.14101	291.129	0	
-115.576	-8.16642	291.129	0	
-113.246	-5.34905	291.129	0	
-27.1816	-4.325	291.129	0	
-30.0644	-4.14101	291.129	0	
-19.3257	-8.16642	291.129	0	
-16.996	-5.34905	291.129	0	
-82.1816	-4.325	291.129	0	
-82.9362	-5.75765	291.129	0	
69.0684	-4.325	291.129	0	
66.1856	-4.14101	291.129	0	
76.9243	-8.16642	291.129	0	
79.254	-5.34905	291.129	0	
14.0684	-4.325	291.129	0	
13.3138	-5.75765	291.129	0	
105.405	-12.0508	291.129	0	
116.536	-8.99008	291.129	0	
-93.9774	-8.66503	291.129	0	
-91.6041	-8.13534	291.129	0	
2.27255	-8.66503	291.129	0	
4.64589	-8.13534	291.129	0	
129.195	-10.2093	291.129	0	
146.046	-6.10183	291.129	0	
134.488	-5.91521	291.129	0	
135.867	-6.69788	291.129	0	
121.43	-8.68418	291.129	0	
123.385	-8.88682	291.129	0	
-69.8214	-8.68669	291.129	0	
-67.8655	-8.89079	291.129	0	
26.4286	-8.68669	291.129	0	
28.3845	-8.89079	291.129	0	
-66.1145	-9.89368	291.129	0	
-95.0051	-12.6851	291.129	0	
-55.559	-8.79126	291.129	0	
1.24494	-12.6851	291.129	0	
85.9371	-5.39772	291.129	0	
70.504	-9.39498	291.129	0	
99.9643	-7.8529	291.129	0	
101.084	-8.78437	291.129	0	
-119.82	-9.08967	291.129	0	
-122.652	-7.0343	291.129	0	
-127.769	-5.79877	291.129	0	
-125.499	-7.54635	291.129	0	
-48.3872	-12.3828	291.129	0	
-26.4019	-7.0343	291.129	0	
-31.5194	-5.79877	291.129	0	
-29.2492	-7.54635	291.129	0	
47.8628	-12.3828	291.129	0	
69.8481	-7.0343	291.129	0	
64.7306	-5.79877	291.129	0	
67.0008	-7.54635	291.129	0	
140.302	-7.00568	291.129	0	
142.7	-6.86574	291.129	0	
125.012	-9.68556	291.129	0	
195.519	-2.32667	291.129	0	
-98.6512	-8.33358	291.129	0	
35.6767	-7.64358	291.129	0	
-2.40124	-8.33358	291.129	0	
103.223	-11.1651	291.129	0	
72.6796	-9.08967	291.129	0	
95.07	-11.0041	291.129	0	
-136.973	-6.98397	291.129	0	
-135.349	-7.69153	291.129	0	
-32.1235	-10.677	291.129	0	
-33.5046	-8.27657	291.129	0	
64.1265	-10.677	291.129	0	
97.6545	-10.9522	291.129	0	
80.0504	-6.99449	291.129	0	
151.079	-11.5903	291.129	0	
-78.2205	-8.73643	291.129	0	
30.1355	-9.89368	291.129	0	
8.79112	-11.9339	291.129	0	
110.443	-9.50362	291.129	0	
-126.434	-6.49884	291.129	0	
-123.97	-6.77541	291.129	0	
-30.1836	-6.49884	291.129	0	
-27.72	-6.77541	291.129	0	
66.0664	-6.49884	291.129	0	
68.53	-6.77541	291.129	0	
150.025	-6.43618	291.129	0	
153.18	-5.49318	291.129	0	
147.57	-7.50219	291.129	0	
142.406	-9.04296	291.129	0	
-113.344	-8.75328	291.129	0	
-118.411	-11.2883	291.129	0	
-114.541	-4.53464	291.129	0	
-111.901	-4.28441	291.129	0	
-17.0944	-8.75328	291.129	0	
-21.2298	-10.3281	291.129	0	
-18.2907	-4.53464	291.129	0	
-15.6508	-4.28441	291.129	0	
79.1556	-8.75328	291.129	0	
75.0202	-10.3281	291.129	0	
77.9593	-4.53464	291.129	0	
80.5992	-4.28441	291.129	0	
-63.1585	-5.8593	291.129	0	
-63.2996	-7.91085	291.129	0	
33.0915	-5.8593	291.129	0	
32.9504	-7.91085	291.129	0	
-205.568	-32.9721	291.129	0	
-158.17	-8.54355	291.129	0	
-42.0494	-4.51844	291.129	0	
-39.5061	-4.39269	291.129	0	
54.2006	-4.51844	291.129	0	
56.7439	-4.39269	291.129	0	
-138.25	-4.60927	291.129	0	
-135.756	-4.39269	291.129	0	
132.732	-9.94285	291.129	0	
140.759	-8.90393	291.129	0	
-131.823	-7.75398	291.129	0	
-88.3496	-9.59591	291.129	0	
-29.7584	-9.79585	291.129	0	
7.90043	-9.59591	291.129	0	
62.7454	-8.27657	291.129	0	
52.3209	-11.1429	291.129	0	
86.5779	-13.8833	291.129	0	
208.99	-5.28426	291.129	0	
-59.5306	-11.2795	291.129	0	
-57.3001	-7.89572	291.129	0	
36.7194	-11.2795	291.129	0	
38.9499	-7.89572	291.129	0	
138.907	-6.71973	291.129	0	
136.37	-8.16582	291.129	0	
138.03	-8.06765	291.129	0	
139.214	-9.60327	291.129	0	
134.987	-10.2845	291.129	0	
161.413	-6.92918	291.129	0	
119.235	-10.2813	291.129	0	
95.7393	-17.4777	291.129	0	
-50.1748	-10.5347	291.129	0	
-46.4132	-10.8834	291.129	0	
46.0752	-10.5347	291.129	0	
49.8368	-10.8834	291.129	0	
-176.012	-1.34606	291.129	0	
-160.335	-6.5477	291.129	0	
-161.831	-10.7403	291.129	0	
-188.999	-19.3034	291.129	0	
158.946	-6.83953	291.129	0	
170.01	-1.12398	291.129	0	
-87.4589	-11.9339	291.129	0	
99.5587	-12.4369	291.129	0	
18.0295	-8.73643	291.129	0	
4.49832	-12.069	291.129	0	
-153.134	-12.2646	291.129	0	
-148.55	-12.2522	291.129	0	
-121.489	-14.4624	291.129	0	
-126.008	-9.79585	291.129	0	
104.932	-18.5916	291.129	0	
112.453	-11.0673	291.129	0	
-91.7517	-12.069	291.129	0	
-71.535	-10.5118	291.129	0	
5.3409	-14.035	291.129	0	
24.715	-10.5118	291.129	0	
-112.45	-6.99449	291.129	0	
-129.168	-15.7527	291.129	0	
-16.1996	-6.99449	291.129	0	
-27.5734	-11.3856	291.129	0	
-144.852	-16.8136	291.129	0	
-124.741	-12.1163	291.129	0	
-37.2846	-13.6039	291.129	0	
-6.7017	-12.0229	291.129	0	
66.4916	-9.79585	291.129	0	
58.9654	-13.6039	291.129	0	
112.419	-14.9051	291.129	0	
127.849	-11.938	291.129	0	
147.347	-10.4774	291.129	0	
153.266	-9.06305	291.129	0	
-122.779	-11.9203	291.129	0	
-102.474	-8.42323	291.129	0	
-20.7162	-13.563	291.129	0	
-6.22447	-8.42323	291.129	0	
75.5338	-13.563	291.129	0	
90.0255	-8.42323	291.129	0	
68.6766	-11.3856	291.129	0	
136.037	-12.2238	291.129	0	
-61.6144	-11.5018	291.129	0	
-55.5379	-10.963	291.129	0	
34.6356	-11.5018	291.129	0	
40.7121	-10.963	291.129	0	
128.852	-14.5637	291.129	0	
235.957	-15.9774	291.129	0	
-178.777	-2.9619	291.129	0	
-162.755	-6.23594	291.129	0	
-156.495	-11.7116	291.129	0	
-221.912	-14.5162	291.129	0	
-169.141	-4.00209	291.129	0	
-167.19	-4.8303	291.129	0	
164.287	-4.15658	291.129	0	
166.707	-4.43785	291.129	0	
155.354	-8.54876	291.129	0	
132.793	-16.0264	291.129	0	
-53.4549	-12.1835	291.129	0	
-9.67296	-13.8421	291.129	0	
42.7951	-12.1835	291.129	0	
33.1604	-13.2995	291.129	0	
-53.1756	-15.7705	291.129	0	
-138.938	-7.6289	291.129	0	
-134.594	-10.3937	291.129	0	
-155.484	-17.2341	291.129	0	
-127.52	-14.6602	291.129	0	
-47.7993	-19.2086	291.129	0	
-31.0758	-17.4153	291.129	0	
48.4507	-19.2086	291.129	0	
65.1742	-17.4153	291.129	0	
131.221	-14.31	291.129	0	
153.572	-16.0839	291.129	0	
-157.266	-14.2011	291.129	0	
43.0744	-15.7705	291.129	0	
11.0506	-11.9005	291.129	0	
89.5492	-12.064	291.129	0	
125.528	-11.6848	291.129	0	
119.86	-13.8177	291.129	0	
-167.135	-7.23969	291.129	0	
-192.539	-4.26558	291.129	0	
-133.857	-13.0595	291.129	0	
-129.198	-9.41262	291.129	0	
-228.19	-24.6897	291.129	0	
-128.413	-13.1119	291.129	0	
-132.411	-9.49708	291.129	0	
-132.552	-6.10622	291.129	0	
-166.307	-13.5038	291.129	0	
-108.605	-11.4398	291.129	0	
-130.943	-10.541	291.129	0	
-129.662	-7.54154	291.129	0	
-131.112	-14.0765	291.129	0	
-127.757	-10.8627	291.129	0	
-135.282	-19.8734	291.129	0	
-102.952	-12.0229	291.129	0	
-130.381	-12.4546	291.129	0	
-128.544	-17.3008	291.129	0	
-148.258	-15.1857	291.129	0	
-3.6662	-13.8175	291.129	0	
-125.443	-18.0933	291.129	0	
-125.597	-14.7313	291.129	0	
-62.6835	-17.1843	291.129	0	
-85.1994	-11.9005	291.129	0	
-124.144	-16.6164	291.129	0	
-121.999	-16.5434	291.129	0	
-91.6409	-16.373	291.129	0	
-70.7541	-13.472	291.129	0	
4.6091	-16.373	291.129	0	
25.4959	-13.472	291.129	0	
-110.152	-7.25958	291.129	0	
-116.205	-10.7321	291.129	0	
-13.9017	-7.25958	291.129	0	
-12.3545	-11.4398	291.129	0	
82.3483	-7.25958	291.129	0	
83.8955	-11.4398	291.129	0	
-83.8414	-14.5362	291.129	0	
-76.2546	-10.6507	291.129	0	
12.4086	-14.5362	291.129	0	
19.9954	-10.6507	291.129	0	
-97.6578	-11.3921	291.129	0	
-90.4292	-10.045	291.129	0	
-1.40778	-11.3921	291.129	0	
5.82085	-10.045	291.129	0	
-111.605	-11.7939	291.129	0	
-108.046	-8.66433	291.129	0	
-15.3552	-11.7939	291.129	0	
-11.7958	-8.66433	291.129	0	
80.8948	-11.7939	291.129	0	
84.4542	-8.66433	291.129	0	
-57.7296	-12.6391	291.129	0	
-56.3189	-16.133	291.129	0	
38.5204	-12.6391	291.129	0	
39.9311	-16.133	291.129	0	
-173.564	-2.47004	291.129	0	
-165.151	-8.11045	291.129	0	
157.521	-9.12614	291.129	0	
160.271	-11.5138	291.129	0	
-36.2393	-7.66183	291.129	0	
-40.908	-14.645	291.129	0	
60.0107	-7.66183	291.129	0	
55.342	-14.645	291.129	0	
92.8124	-13.4707	291.129	0	
138.603	-11.6407	291.129	0	
-114.482	-16.5569	291.129	0	
-119.297	-14.1357	291.129	0	
-106.853	-18.8267	291.129	0	
-90.9091	-14.035	291.129	0	
-63.0896	-13.2995	291.129	0	
-81.2221	-13.5164	291.129	0	
-119.75	-18.497	291.129	0	
-105.923	-13.8421	291.129	0	
-99.9162	-13.8175	291.129	0	
-124.617	-21.7604	291.129	0	
15.0279	-13.5164	291.129	0	
33.5665	-17.1843	291.129	0	
-177.258	-5.78191	291.129	0	
-175.551	-13.7225	291.129	0	
-170.014	-8.10752	291.129	0	
-170.068	-11.6224	291.129	0	
123.346	-14.3333	291.129	0	
130.766	-41.4755	291.129	0	
-117.966	-16.82	291.129	0	
-113.607	-13.3165	291.129	0	
-93.8748	-11.0032	291.129	0	
-93.6138	-16.0889	291.129	0	
2.37524	-11.0032	291.129	0	
2.63623	-16.0889	291.129	0	
-136.481	-15.5337	291.129	0	
46.237	-15.9763	291.129	0	
-50.013	-15.9763	291.129	0	
-33.8137	-14.565	291.129	0	
-118.828	-25.8063	291.129	0	
62.4363	-14.565	291.129	0	
-89.2433	-18.71	291.129	0	
-88.6959	-14.349	291.129	0	
7.00668	-18.71	291.129	0	
7.55411	-14.349	291.129	0	
-158.473	-25.925	291.129	0	
-57.5305	-27.6829	291.129	0	
-87.3706	-17.1144	291.129	0	
-82.1404	-18.8236	291.129	0	
-17.0729	-14.4419	291.129	0	
125.77	-16.4577	291.129	0	
8.87942	-17.1144	291.129	0	
14.1096	-18.8236	291.129	0	
218.789	-9.67962	291.129	0	
183.637	-7.09149	291.129	0	
135.243	-14.7675	291.129	0	
140.335	-13.8884	291.129	0	
-181.714	-1.61583	291.129	0	
-173.773	-5.29005	291.129	0	
163.087	-10.0309	291.129	0	
180.465	-1.61583	291.129	0	
-76.9341	-14.5113	291.129	0	
-67.81	-14.1067	291.129	0	
19.3159	-14.5113	291.129	0	
28.44	-14.1067	291.129	0	
-162.174	-17.4716	291.129	0	
-121.07	-22.2371	291.129	0	
-58.6684	-18.9989	291.129	0	
0.81144	-18.779	291.129	0	
37.5816	-18.9989	291.129	0	
107.856	-15.3565	291.129	0	
138.207	-15.8819	291.129	0	
143.531	-14.1381	291.129	0	
99.901	-16.4959	291.129	0	
79.1771	-14.4419	291.129	0	
-111.48	-20.2273	291.129	0	
-99.0883	-17.8006	291.129	0	
-27.2006	-15.1171	291.129	0	
-2.83826	-17.8006	291.129	0	
69.0494	-15.1171	291.129	0	
46.6928	-24.0743	291.129	0	
-166.112	-27.3981	291.129	0	
-68.8837	-22.4837	291.129	0	
-81.3835	-22.9609	291.129	0	
-67.2534	-16.8341	291.129	0	
14.8665	-22.9609	291.129	0	
28.9966	-16.8341	291.129	0	
125.531	-19.801	291.129	0	
145.65	-18.2045	291.129	0	
136.74	-19.4185	291.129	0	
140.986	-21.4915	291.129	0	
-74.1374	-16.0301	291.129	0	
-64.6977	-18.8508	291.129	0	
22.1126	-16.0301	291.129	0	
31.5523	-18.8508	291.129	0	
-95.4386	-18.779	291.129	0	
2.52004	-23.669	291.129	0	
27.3663	-22.4837	291.129	0	
30.7731	-22.4901	291.129	0	
-84.7755	-17.335	291.129	0	
-79.7054	-15.7809	291.129	0	
11.4745	-17.335	291.129	0	
16.5446	-15.7809	291.129	0	
218.255	-34.6155	291.129	0	
132.745	-19.8694	291.129	0	
-152.736	-16.2622	291.129	0	
-150.381	-17.763	291.129	0	
-144.708	-21.2594	291.129	0	
-141.325	-14.5407	291.129	0	
-62.9905	-26.6887	291.129	0	
-11.2357	-19.2992	291.129	0	
33.2595	-26.6887	291.129	0	
116.277	-16.8153	291.129	0	
-128.495	-23.6616	291.129	0	
19.247	-23.4473	291.129	0	
-188.557	-1.93891	291.129	0	
-196.769	-2.32667	291.129	0	
172.064	-6.00496	291.129	0	
174.369	-7.9727	291.129	0	
197.421	-9.75588	291.129	0	
191.289	-4.26558	291.129	0	
80.6149	-19.5449	291.129	0	
38.7195	-27.6829	291.129	0	
-73.6736	-19.0863	291.129	0	
-69.7337	-19.2556	291.129	0	
22.5764	-19.0863	291.129	0	
26.5163	-19.2556	291.129	0	
122.174	-26.556	291.129	0	
124.937	-40.2492	291.129	0	
-148.731	-22.1193	291.129	0	
-130.945	-20.0681	291.129	0	
-89.5076	-23.3158	291.129	0	
-77.003	-23.4473	291.129	0	
-71.1732	-25.5223	291.129	0	
-65.4769	-22.4901	291.129	0	
-169.77	-21.2264	291.129	0	
-64.5794	-30.6463	291.129	0	
-139.982	-23.3262	291.129	0	
-137.645	-30.9202	291.129	0	
-75.3526	-26.6553	291.129	0	
25.0768	-25.5223	291.129	0	
-31.4696	-23.2096	291.129	0	
73.7048	-20.502	291.129	0	
-23.6801	-16.4504	291.129	0	
-15.6351	-19.5449	291.129	0	
72.5699	-16.4504	291.129	0	
85.0151	-19.3404	291.129	0	
129.698	-22.0559	291.129	0	
117.076	-20.985	291.129	0	
-103.053	-20.9905	291.129	0	
-93.73	-23.669	291.129	0	
-49.5572	-24.0743	291.129	0	
6.74241	-23.3158	291.129	0	
-184.618	-8.98987	291.129	0	
-185.032	-3.55475	291.129	0	
-206.623	-2.79194	291.129	0	
-179.781	-9.87097	291.129	0	
180.177	-8.24429	291.129	0	
187.785	-10.442	291.129	0	
170.878	-14.4791	291.129	0	
159.464	-15.8639	291.129	0	
-85.4635	-32.3384	291.129	0	
20.8974	-26.6553	291.129	0	
-7.43655	-21.463	291.129	0	
90.9132	-21.5281	291.129	0	
-85.5482	-26.5803	291.129	0	
-18.107	-29.5111	291.129	0	
10.7018	-26.5803	291.129	0	
111.968	-28.0025	291.129	0	
-18.1435	-22.7175	291.129	0	
-22.5452	-20.502	291.129	0	
78.1065	-22.7175	291.129	0	
64.7804	-23.2096	291.129	0	
34.1156	-37.3795	291.129	0	
121.506	-22.1434	291.129	0	
-24.1065	-30.9545	291.129	0	
-6.83217	-26.5477	291.129	0	
-130.495	-31.0609	291.129	0	
174.884	-12.8846	291.129	0	
178.79	-12.8864	291.129	0	
-76.4692	-32.4504	291.129	0	
-69.3552	-29.4863	291.129	0	
-145.697	-34.3804	291.129	0	
-152.057	-27.6463	291.129	0	
19.7808	-32.4504	291.129	0	
26.8948	-29.4863	291.129	0	
1.24121	-36.2378	291.129	0	
13.9656	-32.8618	291.129	0	
184.118	-14.761	291.129	0	
227.701	-6.85826	291.129	0	
133.014	-34.6533	291.129	0	
-106.794	-33.2356	291.129	0	
31.6706	-30.6463	291.129	0	
-72.173	-34.0637	291.129	0	
-67.7476	-39.8274	291.129	0	
-22.5359	-47.4922	291.129	0	
127.182	-26.4913	291.129	0	
24.077	-34.0637	291.129	0	
28.5024	-39.8274	291.129	0	
-113.39	-24.9987	291.129	0	
-108.048	-28.3672	291.129	0	
106.947	-24.7538	291.129	0	
92.4297	-27.5266	291.129	0	
-218.447	-3.35033	291.129	0	
-175.995	-19.4449	291.129	0	
191.912	-9.23189	291.129	0	
201.219	-12.4705	291.129	0	
54.1181	-18.9378	291.129	0	
69.7905	-24.963	291.129	0	
-42.1319	-18.9378	291.129	0	
-26.4595	-24.963	291.129	0	
-192.319	-8.83173	291.129	0	
-201.547	-5.11861	291.129	0	
72.1435	-30.9545	291.129	0	
128.068	-30.7205	291.129	0	
42.4557	-33.5404	291.129	0	
78.143	-29.5111	291.129	0	
-62.1344	-37.3795	291.129	0	
-0.525287	-27.7753	291.129	0	
84.4836	-32.7829	291.129	0	
208.989	-20.8084	291.129	0	
-28.0097	-38.1045	291.129	0	
123.686	-35.5846	291.129	0	
-53.7943	-33.5404	291.129	0	
-35.3322	-36.6738	291.129	0	
100.921	-29.485	291.129	0	
161.838	-60.3262	291.129	0	
118.807	-29.1208	291.129	0	
116.094	-38.0682	291.129	0	
115.315	-25.5586	291.129	0	
112.121	-35.7127	291.129	0	
60.9178	-36.6738	291.129	0	
119.433	-33.9202	291.129	0	
120.859	-47.2293	291.129	0	
-183.583	-23.2797	291.129	0	
-95.5796	-32.8724	291.129	0	
-114.065	-35.7792	291.129	0	
68.2403	-38.1045	291.129	0	
32.7098	-63.156	291.129	0	
9.60751	-38.8404	291.129	0	
-225.327	-7.3709	291.129	0	
-187.923	-11.9402	291.129	0	
170.297	-36.5037	291.129	0	
163.474	-19.8544	291.129	0	
-196.34	-11.9773	291.129	0	
-194.679	-18.9528	291.129	0	
73.7994	-47.6214	291.129	0	
207.712	-10.3255	291.129	0	
204.86	-2.4629	291.129	0	
-212.356	-6.14227	291.129	0	
129.252	-50.7796	291.129	0	
133.997	-47.3484	291.129	0	
213.211	-14.7209	291.129	0	
215.594	-2.82136	291.129	0	
-220.733	-37.1938	291.129	0	
103.164	-47.8011	291.129	0	
189.04	-35.7251	291.129	0	
199.849	-18.9164	291.129	0	
169.619	-18.8059	291.129	0	
139.422	-30.3106	291.129	0	
-55.5317	-23.7287	291.129	0	
-37.3685	-24.4061	291.129	0	
-56.8093	-39.2794	291.129	0	
-45.742	-28.3975	291.129	0	
-52.3145	-47.6453	291.129	0	
-39.2206	-29.0001	291.129	0	
-47.9803	-33.9094	291.129	0	
-43.191	-47.72	291.129	0	
40.7183	-23.7287	291.129	0	
58.8815	-24.4061	291.129	0	
39.4407	-39.2794	291.129	0	
50.508	-28.3975	291.129	0	
43.9355	-47.6453	291.129	0	
57.0294	-29.0001	291.129	0	
48.2697	-33.9094	291.129	0	
53.059	-47.72	291.129	0	
146.739	-35.2634	291.129	0	
141.083	-48.4033	291.129	0	
-171.12	-37.8728	291.129	0	
-73.0349	-48.8114	291.129	0	
-12.6794	-31.8279	291.129	0	
-7.11451	-38.7862	291.129	0	
-126.706	-35.6751	291.129	0	
-120.757	-31.7185	291.129	0	
-116.584	-45.0329	291.129	0	
-102.338	-25.7597	291.129	0	
-126.333	-45.697	291.129	0	
-90.3084	-40.7522	291.129	0	
-232.636	-4.02057	291.129	0	
-213.24	-13.2876	291.129	0	
-83.0809	-48.9441	291.129	0	
112.882	-53.996	291.129	0	
-41.8717	-39.7232	291.129	0	
-36.3206	-55.0703	291.129	0	
-51.4248	-68.4389	291.129	0	
9.79367	-57.9625	291.129	0	
54.3783	-39.7232	291.129	0	
92.7142	-53.006	291.129	0	
154.638	-31.4481	291.129	0	
162.265	-25.6367	291.129	0	
146.844	-43.5002	291.129	0	
174.146	-25.0927	291.129	0	
-10.5586	-47.7958	291.129	0	
26.2122	-47.5873	291.129	0	
-99.9985	-36.0407	291.129	0	
-96.6648	-27.4598	291.129	0	
-98.8599	-43.4908	291.129	0	
-80.4857	-35.5349	291.129	0	
-163.404	-50.9608	291.129	0	
-107.716	-63.4503	291.129	0	
-90.5028	-35.2672	291.129	0	
-94.2465	-45.8076	291.129	0	
155.531	-25.6086	291.129	0	
162.53	-38.6767	291.129	0	
145.406	-55.4476	291.129	0	
154.317	-46.2331	291.129	0	
-213.385	-66.8866	291.129	0	
-68.9458	-57.4799	291.129	0	
-90.1982	-53.4761	291.129	0	
-83.9074	-41.2679	291.129	0	
162.103	-45.2249	291.129	0	
179.505	-41.8783	291.129	0	
-26.1557	-55.5594	291.129	0	
139.16	-65.0425	291.129	0	
197.836	-37.8736	291.129	0	
182.569	-22.1973	291.129	0	
84.0431	-43.7432	291.129	0	
105.034	-36.7207	291.129	0	
152.77	-54.4151	291.129	0	
130.092	-61.4294	291.129	0	
118.312	-65.1624	291.129	0	
75.0509	-68.8235	291.129	0	
146.414	-81.4576	291.129	0	
-56.4852	-56.245	291.129	0	
36.3201	-53.5053	291.129	0	
64.865	-77.0726	291.129	0	
112.416	-78.8413	291.129	0	
59.9585	-55.1042	291.129	0	
70.2087	-55.7224	291.129	0	
190.375	-24.8482	291.129	0	
208.311	-28.8887	291.129	0	
178.328	-52.8869	291.129	0	
191.284	-60.8463	291.129	0	
-88.1029	-75.4263	291.129	0	
201.257	-51.9863	291.129	0	
232.766	-30.613	291.129	0	
-94.3526	-64.6703	291.129	0	
-21.2176	-68.4889	291.129	0	
-136.235	-54.5345	291.129	0	
-75.0762	-70.6121	291.129	0	
-135.57	-69.1305	291.129	0	
17.1658	-67.2349	291.129	0	
-40.3839	-67.1895	291.129	0	
-31.1675	-76.4316	291.129	0	
-40.0545	-114.942	291.129	0	
12.3999	-80.9419	291.129	0	
-62.4004	-77.8089	291.129	0	
87.3127	-69.9851	291.129	0	
42.2377	-72.0126	291.129	0	
55.7444	-67.659	291.129	0	
40.1802	-103.505	291.129	0	
95.4064	-81.6752	291.129	0	
28.0081	-85.7304	291.129	0	
122.096	-92.0535	291.129	0	
161.728	-77.7738	291.129	0	
-193.993	-43.518	291.129	0	
15.2296	-47.9657	291.129	0	
-2.66107	-58.4408	291.129	0	
-9.7003	-71.0667	291.129	0	
-2.01149	-84.2955	291.129	0	
-119.078	-74.1502	291.129	0	
-32.1741	-91.5468	291.129	0	
-46.1975	-98.0428	291.129	0	
174.139	-96.1654	291.129	0	
-93.5477	-95.5998	291.129	0	
177.439	-132.495	291.129	0	
-14.5355	-96.8328	291.129	0	
214.807	-50.7788	291.129	0	
227.722	-62.6715	291.129	0	
-226.174	-52.2763	291.129	0	
140.1	-95.1239	291.129	0	
65.7718	-108.2	291.129	0	
71.1759	-93.9508	291.129	0	
-196.369	-62.35	291.129	0	
-111.16	-95.5437	291.129	0	
-0.0955761	-124.944	291.129	0	
140.341	-120.541	291.129	0	
149.26	-111.77	291.129	0	
224.915	-82.6931	291.129	0	
-149.645	-83.0905	291.129	0	
-181.387	-78.8859	291.129	0	
-223.27	-87.3322	291.129	0	
206.301	-97.3985	291.129	0	
-122.3	-109.469	291.129	0	
89.4554	-97.3917	291.129	0	
115.761	-106.486	291.129	0	
94.5914	-125.39	291.129	0	
100.129	-108.99	291.129	0	
-212.53	-108.31	291.129	0	
-187.663	-104.4	291.129	0	
-61.1884	-90.7965	291.129	0	
-17.3938	-112.921	291.129	0	
118.793	-131.494	291.129	0	
78.5133	-128.04	291.129	0	
145.868	-135.276	291.129	0	
29.3462	-123.276	291.129	0	
-50.7969	-127.592	291.129	0	
124.844	-118.328	291.129	0	
104.171	-136.052	291.129	0	
164.24	-142.504	291.129	0	
167.986	-116.495	291.129	0	
100.66	-156.977	291.129	0	
131.518	-141.125	291.129	0	
68.4008	-148.446	291.129	0	
208.027	-119.4	291.129	0	
190.911	-84.7228	291.129	0	
-79.309	-103.773	291.129	0	
-75.0605	-123.67	291.129	0	
-150.767	-144.01	291.129	0	
-166.751	-116.842	291.129	0	
-117.627	-141.298	291.129	0	
196.992	-135.207	291.129	0	
-237.04	-135.177	291.129	0	
210.321	-157.735	291.129	0	
231.512	-122.086	291.129	0	
233.724	-149.676	291.129	0	
-94.1678	-149.074	291.129	0	
44.8253	-148.377	291.129	0	
