# File: UnstructuredGrid_Inversion_L0_Coarse_Iter03.dat
# (No specific header documentation)

-161.25	-0.496475	215.897	0	
-159.375	-0.668155	283.509	0	
-65.625	-0.431516	207.695	0	
30.625	-0.431516	208.953	0	
-144.294	-102.036	430.809	0	
126.875	-0.668155	194.6	0	
31.875	-0.668155	208.495	0	
-165.826	-72.3824	516.148	0	
-64.375	-0.668155	211.128	0	
-120.32	-2.91409	184.077	0	
-147.888	-47.073	797.206	0	
-143.958	-2.01633	212.299	0	
-158.741	-19.8395	632.116	0	
-159.808	-14.2913	509.004	0	
-115.104	-1.86538	172.581	0	
-108.175	-49.9394	922.83	0	
-66.354	-1.86538	209.471	0	
-138.854	-1.86538	199.614	0	
-156.794	-6.05848	310.238	0	
-148.75	-1.09967	245.129	0	
-145.208	-2.72654	226.398	0	
-146.458	-2.01633	228.525	0	
-125.881	-3.06027	197.302	0	
-154.094	-4.85908	279.891	0	
-157.708	-2.01633	272.027	0	
-151.071	-10.8319	441.747	0	
-154.792	-2.72654	261.735	0	
-158.77	-3.86216	275.331	0	
125.625	-0.431516	193.515	0	
-24.0702	-2.91409	223.844	0	
-157.76	-5.35468	291.619	0	
-46.4583	-2.01633	208.315	0	
-157.292	-2.72654	265.336	0	
-160.13	-11.9534	447.257	0	
-18.854	-1.86538	218.124	0	
-151.295	-2.8545	254.086	0	
29.896	-1.86538	196.327	0	
-42.604	-1.86538	205.825	0	
-169.22	-2.04966	375.609	0	
-53.75	-1.09967	207.865	0	
-165.6	-1.76839	329.731	0	
-167.3	-0.925681	319.32	0	
-62.2917	-2.72654	216.645	0	
-171.389	-5.89642	398.2	0	
-61.0417	-3.47328	218.729	0	
-164.269	-10.8597	425.791	0	
-59.7917	-2.72654	215.713	0	
-68.125	-0.36089	204.374	0	
-65.5207	-2.1669	210.975	0	
-87.5	-1.09967	174.648	0	
-158.125	-0.431516	277.515	0	
-156.875	-0.668155	291.353	0	
-80.5207	-2.1669	198.153	0	
-157.5	-1.09967	242.93	0	
-70.625	-0.431516	203.047	0	
79.375	-0.668155	240.485	0	
-154.375	-0.668155	294.074	0	
55.625	-0.668155	245.115	0	
-153.125	-0.431516	278.932	0	
-150.625	-0.366631	256.709	0	
38.5417	-2.01633	221.292	0	
-153.75	-1.09967	256.2	0	
49.7917	-2.01633	226.651	0	
-155.625	-0.431516	283.437	0	
72.1798	-2.91409	228.865	0	
-162.583	-1.33918	252.663	0	
-60	-1.09967	209.951	0	
-149.375	-0.431516	252.358	0	
-155	-1.09967	244.404	0	
31.0415	-5.36053	200.162	0	
-148.125	-0.668155	257.929	0	
31.0341	-3.06466	198.315	0	
-146.875	-0.431516	242.386	0	
-147.5	-1.09967	208.311	0	
36.875	-0.668155	217.595	0	
32.7083	-2.01633	208.93	0	
-144.375	-0.431516	219.448	0	
28.125	-0.36089	194.132	0	
-137.5	-1.09967	199.446	0	
-139.375	-0.366631	190.901	0	
25.625	-0.431516	190.906	0	
-143.125	-0.668155	217.808	0	
33.75	-1.09967	215.234	0	
-143.75	-1.09967	215.308	0	
34.375	-0.668155	212.36	0	
8.75	-1.09967	181.874	0	
-136.875	-0.668155	180.355	0	
183.782	-3.55475	297.235	0	
-135.625	-0.431516	190.879	0	
-135	-0.798148	178.15	0	
135.922	-2.00504	211.913	0	
-136.25	-1.09967	182.754	0	
149.65	-2.73747	226.66	0	
131.936	-4.3008	224.524	0	
-131.25	-0.798148	184.801	0	
129.003	-2.80091	208.619	0	
-122.604	-1.86538	166.261	0	
-128.75	-1.09967	162.591	0	
129.375	-0.668155	190.476	0	
-130.625	-0.431516	181.447	0	
133.125	-0.668155	211.585	0	
-130	-1.09967	183.42	0	
141.875	-0.668155	224.589	0	
-138.125	-0.431516	196.083	0	
15.7293	-2.1669	180.374	0	
128.75	-1.09967	203.415	0	
-121.25	-1.09967	158.85	0	
120.625	-0.431516	183.49	0	
-121.875	-0.431516	168.116	0	
-120.625	-0.668155	173.346	0	
110.744	-2.06993	175.615	0	
-123.125	-0.366631	172.812	0	
123.125	-0.36089	187.826	0	
-116.875	-0.36089	167.59	0	
-120	-1.09967	159.981	0	
-133.661	-2.93321	200.496	0	
-115.625	-0.366631	169.644	0	
-114.375	-0.431516	173.56	0	
-127.5	-0.798148	173.488	0	
-113.75	-1.09967	167.791	0	
-119.375	-0.431516	170.615	0	
-115	-0.798148	171.199	0	
100.625	-0.431516	165.566	0	
-93.125	-0.668155	173.906	0	
-112.5	-1.09967	167.423	0	
-103.125	-0.668155	183.228	0	
-111.25	-0.798148	176.694	0	
-103.75	-1.09967	169.376	0	
-114.271	-2.1669	178.071	0	
-111.875	-0.431516	169.166	0	
-110.328	-2.00504	176.574	0	
-111.994	-2.06993	184.088	0	
-108.125	-0.431516	177.172	0	
-141.875	-0.431516	208.906	0	
-104.375	-0.431516	179.949	0	
-95.104	-1.86538	177.943	0	
-142.5	-1.09967	192.757	0	
-105.625	-0.366631	173.311	0	
-110.625	-0.366631	170.145	0	
-108.75	-1.09967	172.781	0	
-109.375	-0.668155	176.865	0	
-113.125	-0.668155	178.44	0	
-104.405	-3.52006	196.24	0	
-128.125	-0.431516	174.692	0	
127.708	-2.01633	201.314	0	
-102.5	-1.09967	167.252	0	
43.125	-0.668155	238.05	0	
-129.375	-0.668155	167.597	0	
-101.875	-0.431516	176.383	0	
-133.125	-0.668155	199.658	0	
-99.375	-0.668155	176.762	0	
-101.25	-0.798148	174.063	0	
-90.9973	-2.80091	193.102	0	
-134.375	-0.366631	187.66	0	
-95.625	-0.366631	169.992	0	
-150.089	-1.76841	246.873	0	
-73.854	-1.86538	199.344	0	
-92.5	-1.09967	171.365	0	
-148.968	-2.99641	246.911	0	
-94.375	-0.431516	175.195	0	
-151.875	-0.668155	255.637	0	
-93.75	-1.09967	176.587	0	
-135.744	-2.06993	190.892	0	
-149.256	-2.06993	247.569	0	
-88.75	-0.798148	185.116	0	
-147.292	-2.01633	242.959	0	
-81.354	-1.86538	184.03	0	
-86.25	-1.09967	179.8	0	
-146.25	-1.09967	227.809	0	
-88.125	-0.431516	177.331	0	
-145.625	-0.668155	241.458	0	
-156.042	-2.01633	266.26	0	
-81.875	-0.366631	186.169	0	
-150	-0.798148	238.78	0	
-79.375	-0.668155	197.908	0	
-73.75	-0.798148	203.987	0	
-153.542	-2.01633	262.848	0	
-80.625	-0.431516	184.742	0	
-155.208	-2.01633	276.554	0	
-85.625	-0.431516	181.347	0	
-156.25	-1.09967	275.424	0	
-91.875	-0.431516	178.666	0	
-138.75	-0.798148	195.145	0	
-158.75	-1.09967	260.788	0	
-72.5	-1.09967	193.766	0	
-20.625	-0.36089	215.541	0	
-73.125	-0.431516	200.492	0	
-71.875	-0.668155	206.774	0	
-23.125	-0.431516	215.679	0	
-74.375	-0.366631	205.105	0	
-158.542	-2.01633	260.894	0	
-31.25	-0.798148	216.728	0	
-71.25	-1.09967	195.221	0	
3.125	-0.668155	182.9	0	
-66.875	-0.366631	210.538	0	
30.7293	-2.1669	201.186	0	
-14.0777	-2.00504	217.755	0	
-65	-1.09967	205.124	0	
-8.15454	-3.52006	202.809	0	
-66.25	-0.798148	212.399	0	
-37.4111	-2.93321	215.059	0	
-18.0207	-2.1669	218.439	0	
-63.125	-0.431516	209.929	0	
-15.7444	-2.06993	212.404	0	
-60.625	-0.431516	213.791	0	
-59.375	-0.668155	208.89	0	
-14.375	-0.366631	226.118	0	
-61.875	-0.668155	216.299	0	
-13.125	-0.668155	232.531	0	
-46.875	-0.431516	206.273	0	
-58.125	-0.431516	207.148	0	
-33.125	-0.668155	210.59	0	
-54.375	-0.431516	208.734	0	
-53.125	-0.668155	206.65	0	
-41.7707	-2.1669	209.309	0	
-55.625	-0.366631	208.365	0	
-41.4106	-3.16569	217.741	0	
-58.75	-1.09967	206.581	0	
-44.375	-0.36089	204.042	0	
-62.5	-1.09967	201.526	0	
-6.875	-0.668155	211.973	0	
-78.75	-1.09967	187.459	0	
-152.5	-1.09967	245.715	0	
-39.4944	-2.06993	207.851	0	
-51.875	-0.431516	207.771	0	
-56.875	-0.668155	209.551	0	
-49.375	-0.431516	201.704	0	
-48.125	-0.668155	197.436	0	
-55.0889	-1.76841	207.112	0	
-48.75	-1.09967	206.847	0	
-38.125	-0.366631	202.52	0	
-42.5	-0.798148	203.611	0	
-41.25	-1.09967	201.402	0	
-50.625	-0.668155	204.037	0	
-41.875	-0.431516	211.474	0	
-40.625	-0.668155	206.708	0	
-52.2917	-2.01633	211.404	0	
-43.125	-0.366631	199.446	0	
-54.2556	-2.06993	210.616	0	
-47.5	-1.09967	201.72	0	
-53.9679	-2.99641	215.978	0	
-61.25	-1.09967	211.237	0	
-39.375	-0.431516	202.775	0	
-62.7083	-2.01633	210.213	0	
-33.75	-1.09967	193.796	0	
-35	-0.798148	192.263	0	
-55	-0.798148	204.212	0	
-38.75	-0.798148	204.584	0	
-61.0417	-2.01633	213.735	0	
-57.5	-1.09967	197.864	0	
-26.354	-1.86538	207.92	0	
-63.5417	-2.01633	211.251	0	
-31.875	-0.431516	206.967	0	
-25	-1.09967	200.28	0	
-69.375	-0.668155	207.147	0	
-32.5	-1.09967	193.516	0	
-63.75	-1.09967	200.329	0	
-34.375	-0.431516	209.348	0	
-58.5417	-2.01633	207.668	0	
-40	-1.09967	194.722	0	
-51.25	-1.09967	206.054	0	
-73.0207	-2.1669	205.696	0	
-25.625	-0.431516	210.987	0	
-71.0417	-2.01633	201.246	0	
-18.75	-0.798148	226.502	0	
-23.75	-1.09967	211.784	0	
-70	-1.09967	191.393	0	
-24.375	-0.668155	220.062	0	
-67.5054	-1.48403	205.898	0	
-78.125	-0.431516	194.517	0	
-19.375	-0.366631	230.979	0	
-80	-1.09967	177.704	0	
-16.875	-0.668155	233.497	0	
-16.25	-1.09967	199.584	0	
93.5212	-2.84299	187.713	0	
-18.125	-0.431516	221.93	0	
-91.4583	-2.01633	179.539	0	
-17.5	-1.09967	202.857	0	
-75.625	-0.36089	194.245	0	
82.5446	-2.8545	217.989	0	
-15	-0.798148	211.219	0	
101.503	-2.80091	181.629	0	
-12.5	-1.09967	209.833	0	
-11.875	-0.431516	226.292	0	
83.125	-0.668155	208.59	0	
-7.5	-1.09967	219.79	0	
89.375	-0.668155	213.404	0	
81.875	-0.366631	220.293	0	
-8.125	-0.431516	216.852	0	
73.125	-0.431516	249.404	0	
-6.25	-1.09967	211.497	0	
-5.625	-0.431516	215.809	0	
66.6193	-3.06027	234.008	0	
1.14595	-1.86538	192.665	0	
75.625	-0.36089	234.118	0	
-9.375	-0.366631	216.545	0	
80.5056	-2.06993	226.712	0	
-15.625	-0.431516	226.431	0	
99.375	-0.668155	171.606	0	
-26.875	-0.366631	212.88	0	
-67.5	-0.727521	206.115	0	
-52.5	-1.09967	199.892	0	
-36.875	-0.668155	213.273	0	
-137.661	-3.16569	216.78	0	
-5	-0.798148	196.851	0	
-3.125	-0.668155	210.061	0	
63.125	-0.668155	260.429	0	
2.5	-1.09967	194.518	0	
0.625	-0.366631	189.841	0	
58.4223	-2.00504	239.349	0	
59.375	-0.668155	242.163	0	
1.875	-0.431516	190.336	0	
58.125	-0.366631	238.194	0	
3.75	-1.09967	182.513	0	
4.375	-0.431516	185.246	0	
51.875	-0.36089	227.202	0	
22.396	-1.86538	178.049	0	
56.7556	-2.06993	234.714	0	
7.5	-0.798148	187.025	0	
65.9223	-2.00504	236.957	0	
42.2821	-2.99641	222.002	0	
8.125	-0.431516	172.909	0	
41.9944	-2.06993	224.861	0	
10	-1.09967	170.171	0	
10.625	-0.431516	169.376	0	
45.625	-0.668155	225.346	0	
14.896	-1.86538	176.416	0	
53.75	-0.798148	244.717	0	
45	-1.09967	223.322	0	
15.625	-0.431516	174.654	0	
41.1611	-1.76841	223.296	0	
22.5	-0.798148	179.688	0	
17.5	-1.09967	179.699	0	
33.5417	-2.01633	211.332	0	
16.875	-0.668155	173.04	0	
39.375	-0.668155	225.162	0	
14.375	-0.366631	170.674	0	
43.9583	-2.01633	227.135	0	
23.75	-1.09967	175.792	0	
49.375	-0.431516	227.727	0	
37.7083	-2.01633	221.323	0	
21.875	-0.366631	170.431	0	
35	-1.09967	219.51	0	
24.375	-0.668155	180.819	0	
30	-0.798148	193.588	0	
35.2083	-2.01633	216.033	0	
23.125	-0.431516	184.268	0	
38.75	-1.09967	224.622	0	
28.7446	-1.48403	194.853	0	
31.25	-1.09967	193.167	0	
28.75	-0.727521	194.273	0	
125.729	-2.1669	189.87	0	
32.5	-1.09967	208.415	0	
25.2083	-2.01633	187.946	0	
29.375	-0.366631	189.174	0	
23.2293	-2.1669	183.5	0	
25	-1.09967	195.759	0	
26.875	-0.668155	191.16	0	
20.625	-0.36089	175.729	0	
36.25	-1.09967	218.729	0	
4.79167	-2.01633	183.489	0	
42.5	-1.09967	217.943	0	
37.5	-1.09967	219.819	0	
16.25	-1.09967	175.059	0	
35.625	-0.431516	219.667	0	
18.125	-0.431516	172.08	0	
151.875	-0.431516	237.784	0	
40.625	-0.366631	226.862	0	
149.375	-0.431516	225.207	0	
53.646	-1.86538	234.274	0	
43.75	-1.09967	221.531	0	
149.529	-1.8473	229.57	0	
41.875	-0.431516	226.639	0	
144.672	-2.00504	234.082	0	
38.125	-0.431516	225.404	0	
154.375	-0.36089	222.469	0	
33.125	-0.431516	212.293	0	
26.25	-1.09967	195.212	0	
44.375	-0.431516	234.971	0	
41.25	-0.798148	228.134	0	
143.006	-2.06993	228.189	0	
47.5	-1.09967	233.128	0	
138.75	-0.727521	223.403	0	
48.125	-0.668155	228.789	0	
48.75	-1.09967	227.384	0	
136.875	-0.668155	209.76	0	
46.875	-0.431516	230.085	0	
144.375	-0.366631	228.51	0	
140	-0.798148	213.978	0	
53.125	-0.366631	234.11	0	
135.625	-0.366631	214.175	0	
77.396	-1.86538	224.903	0	
56.25	-1.09967	223.354	0	
130.625	-0.366631	202.742	0	
54.375	-0.431516	233.179	0	
134.256	-2.06993	210.198	0	
55	-1.09967	224.952	0	
136.619	-3.06027	215.599	0	
121.875	-0.668155	181.698	0	
57.5	-0.798148	226.131	0	
61.25	-0.798148	256.586	0	
62.5	-1.09967	231.249	0	
61.875	-0.431516	244.322	0	
118.229	-2.1669	185.825	0	
56.875	-0.431516	240.64	0	
123.745	-1.48403	187.418	0	
120.208	-2.01633	185.681	0	
69.896	-1.86538	235.972	0	
115.625	-0.36089	174.696	0	
64.375	-0.431516	251.613	0	
71.25	-1.09967	227.54	0	
113.125	-0.431516	170.606	0	
63.75	-1.09967	231.598	0	
121.25	-1.09967	189.371	0	
69.375	-0.366631	237.499	0	
123.75	-0.727521	182.734	0	
91.25	-0.798148	200.68	0	
131.161	-1.76841	205.155	0	
106.875	-0.431516	164.23	0	
70.625	-0.431516	253.589	0	
-116.255	-1.48403	168.783	0	
77.5	-0.798148	222.575	0	
72.5	-1.09967	217.235	0	
-121.771	-2.1669	177.483	0	
71.875	-0.668155	260.613	0	
-118.125	-0.668155	176.803	0	
-119.792	-2.01633	171.949	0	
76.875	-0.366631	235.882	0	
-123.75	-0.727521	179.6	0	
124.896	-1.86538	188.088	0	
80	-1.09967	212.82	0	
-125.625	-0.668155	182.966	0	
78.125	-0.431516	229.327	0	
-118.75	-1.09967	161.334	0	
78.75	-1.09967	218.001	0	
-116.25	-0.727521	173.441	0	
-86.875	-0.668155	184.158	0	
81.25	-0.798148	225.522	0	
-90.625	-0.668155	177.155	0	
83.75	-1.09967	204.315	0	
84.375	-0.431516	214.466	0	
-92.2917	-2.01633	184.221	0	
88.75	-1.09967	179.614	0	
-98.9788	-2.84299	177.93	0	
-98.125	-0.431516	178.952	0	
88.125	-0.431516	198.665	0	
-109.955	-2.8545	194.168	0	
90	-1.09967	178.755	0	
90.625	-0.431516	186.774	0	
-95	-0.798148	178.738	0	
97.396	-1.86538	174.557	0	
-98.75	-1.09967	170.65	0	
86.875	-0.366631	207.919	0	
-91.25	-1.09967	174.656	0	
80.625	-0.431516	220.744	0	
-94.2707	-2.1669	181.835	0	
101.042	-2.01633	173.299	0	
145.625	-0.668155	253.584	0	
-100.625	-0.366631	176.713	0	
93.125	-0.668155	175.243	0	
-105.089	-1.76841	177.24	0	
96.875	-0.366631	168.588	0	
98.75	-1.09967	173.41	0	
-106.875	-0.668155	173.513	0	
-105	-0.798148	170.913	0	
117.396	-1.86538	180.183	0	
-107.5	-1.09967	169.733	0	
105	-1.09967	169.408	0	
103.75	-0.798148	169.298	0	
-111.161	-1.76841	173.072	0	
100	-1.09967	170.978	0	
-108.542	-2.01633	183.016	0	
98.125	-0.431516	167.99	0	
-113.909	-3.16789	199.682	0	
-140.625	-0.36089	216.01	0	
111.25	-1.09967	172.559	0	
-134.078	-2.00504	190.347	0	
109.375	-0.366631	166.292	0	
110.625	-0.431516	167.665	0	
-122.5	-0.798148	171.983	0	
106.25	-1.09967	167.101	0	
-140.005	-1.48403	200.852	0	
-126.875	-0.366631	173.284	0	
117.5	-0.798148	183.16	0	
-131.339	-1.76841	182.836	0	
118.75	-1.09967	176.839	0	
116.875	-0.366631	171.388	0	
-134.911	-1.76841	185.225	0	
112.5	-1.09967	176.158	0	
-131.875	-0.366631	181.539	0	
111.875	-0.668155	163.639	0	
-128.244	-2.06993	186.703	0	
104.375	-0.431516	163.546	0	
-110	-1.03479	170.212	0	
-151.25	-1.03479	244.334	0	
119.375	-0.668155	177.972	0	
-139.484	-2.19037	197.489	0	
120	-1.09967	188.453	0	
126.25	-1.09967	185.326	0	
-140	-0.727521	188.707	0	
125	-0.798148	181.965	0	
-150.922	-2.00504	246.769	0	
-144.792	-2.01633	225.258	0	
172.314	-2.47004	242.339	0	
-20.0054	-1.48403	220.146	0	
128.125	-0.431516	192.08	0	
132.5	-1.09967	199.135	0	
-25.5207	-2.1669	218.802	0	
127.5	-1.09967	188.47	0	
-21.875	-0.668155	220.385	0	
124.375	-0.366631	183.93	0	
-145	-1.09967	190.464	0	
-23.5417	-2.01633	211.163	0	
131.875	-0.431516	201.349	0	
-27.5	-0.727521	206.298	0	
133.75	-1.09967	203.581	0	
134.375	-0.431516	204.234	0	
-29.375	-0.668155	221.431	0	
139.896	-1.86538	217.441	0	
-22.5	-1.09967	196.298	0	
9.375	-0.668155	171.064	0	
141.25	-1.09967	212.566	0	
5.625	-0.668155	180.91	0	
140.625	-0.431516	226.343	0	
156.146	-1.86538	227.001	0	
3.95833	-2.01633	186.684	0	
139.375	-0.366631	213.724	0	
-2.72879	-2.84299	192.3	0	
135	-0.798148	206.723	0	
1.97929	-2.1669	190.287	0	
131.25	-0.798148	205.329	0	
-20	-0.727521	221.951	0	
118.125	-0.431516	182.576	0	
-133.75	-1.03479	179.612	0	
-1.875	-0.431516	189.074	0	
143.125	-0.431516	227.348	0	
-13.7054	-2.8545	213.823	0	
150	-1.09967	216.03	0	
146.25	-1.09967	213.996	0	
1.25	-0.798148	193.87	0	
143.75	-0.798148	232.375	0	
-2.5	-1.09967	186.385	0	
-4.375	-0.366631	203.821	0	
150.625	-0.668155	245.889	0	
-8.83895	-1.76841	213.396	0	
151.25	-1.09967	220.005	0	
157.5	-1.09967	232.478	0	
-17.6594	-3.16789	208.198	0	
156.25	-0.798148	206.041	0	
-10.625	-0.668155	230.154	0	
148.125	-0.366631	226.534	0	
-5.74439	-2.06993	198.092	0	
-12.2917	-2.01633	219.631	0	
156.875	-0.431516	208.778	0	
-14.9111	-1.76841	215.658	0	
158.958	-1.16463	180.267	0	
160	-0.496475	163.488	0	
-13.75	-1.03479	224.286	0	
158.125	-0.668155	160.734	0	
-11.25	-1.09967	218.208	0	
-43.7554	-1.48403	204.634	0	
159.338	-2.74918	170.3	0	
-26.25	-0.798148	214.051	0	
164.35	-1.76839	192.642	0	
166.05	-0.925681	199.427	0	
-31.9944	-2.06993	218.217	0	
155.521	-4.78762	207.05	0	
-37.8277	-2.00504	209.345	0	
161.333	-1.33918	165.438	0	
-45.625	-0.668155	205.494	0	
155.625	-0.366631	222.192	0	
-8.75	-0.798148	216.711	0	
-35.625	-0.366631	204.828	0	
174.762	-1.34606	254.465	0	
-38.6611	-1.76841	200.455	0	
177.527	-2.9619	278.976	0	
168.496	-7.04709	219.218	0	
-37.5	-1.03479	197.083	0	
166.796	-10.6094	223.705	0	
-35.0889	-1.76841	202.449	0	
-55.9223	-2.00504	207.143	0	
154.805	-6.09945	198.601	0	
-43.75	-0.727521	214.477	0	
119.775	-42.5718	171.526	0	
169.138	-29.3032	256.198	0	
-47.2917	-2.01633	201.144	0	
199.784	-4.78957	334.735	0	
-51.0417	-2.72654	215.63	0	
177.385	-6.05361	267.045	0	
-56.25	-1.03479	201.981	0	
-50	-1.09967	198.618	0	
-68.75	-1.02905	198.221	0	
-66.9845	-2.19037	210.287	0	
-49.7917	-2.01633	207.966	0	
28.7125	-3.24559	197.297	0	
-75.0054	-1.48403	198.383	0	
-79.0702	-2.91409	204.046	0	
-76.875	-0.668155	198.927	0	
-71.5702	-2.91409	208.074	0	
168.693	-54.0604	283.587	0	
-46.25	-1.09967	189.702	0	
167.97	-2.04966	192.152	0	
-30.625	-0.366631	209.023	0	
142.5	-1.09967	221.342	0	
5	-1.09967	188.237	0	
-75	-0.727521	200.371	0	
-101.994	-2.06993	181.082	0	
-78.5417	-2.01633	193.776	0	
65	-0.798148	225.959	0	
-77.5	-1.09967	184.266	0	
-82.5	-0.727521	189.812	0	
-84.375	-0.668155	186.768	0	
98.2293	-2.1669	179.965	0	
105.625	-0.668155	165.833	0	
92.1723	-2.00504	190.935	0	
101.875	-0.668155	166.59	0	
100.208	-2.01633	176.892	0	
101.25	-1.09967	170.495	0	
94.375	-0.431516	179.565	0	
93.75	-1.09967	172.525	0	
88.0955	-3.52006	200.598	0	
97.5	-0.798148	182.543	0	
90.5056	-2.06993	203.232	0	
91.875	-0.366631	187.767	0	
85.625	-0.668155	200.263	0	
87.4111	-1.76841	198.299	0	
82.1723	-2.00504	215.298	0	
87.5	-0.798148	206.793	0	
83.9583	-2.01633	211.574	0	
85	-1.09967	214.305	0	
81.3389	-1.76841	219.804	0	
82.5	-1.03479	221.281	0	
74.375	-0.668155	254.434	0	
76.2446	-1.48403	229.065	0	
70.7293	-2.1669	234.59	0	
76.25	-0.727521	238.995	0	
72.7083	-2.01633	245.665	0	
73.75	-1.09967	246.423	0	
68.75	-0.727521	243.309	0	
66.875	-0.668155	242.257	0	
58.8389	-2.93321	238.825	0	
70	-0.798148	227.081	0	
64.2556	-2.06993	237.24	0	
65.625	-0.366631	242.725	0	
60.625	-0.366631	246.242	0	
61.1611	-1.76841	244.05	0	
57.5889	-1.76841	234.011	0	
58.75	-1.03479	236.208	0	
50.625	-0.668155	220.987	0	
52.4946	-1.48403	231.905	0	
45.2083	-2.72654	225.352	0	
52.5	-0.727521	233.202	0	
48.9583	-2.01633	229.133	0	
50	-1.09967	223.88	0	
46.25	-1.09967	227.321	0	
46.4583	-2.01633	229.361	0	
40	-1.03479	222.318	0	
40.3277	-2.00504	224.819	0	
27.5	-1.02905	198.786	0	
29.2655	-2.19037	195.57	0	
24.6798	-2.91409	188.367	0	
121.042	-2.01633	188.428	0	
19.375	-0.668155	169.83	0	
21.2446	-1.48403	177.633	0	
17.1798	-2.91409	184.164	0	
21.25	-0.727521	178.29	0	
17.7083	-2.01633	179.577	0	
18.75	-1.09967	180.336	0	
13.75	-0.727521	178.782	0	
11.875	-0.668155	171.279	0	
153.125	-0.668155	220.792	0	
154.995	-1.48403	223.201	0	
145.155	-3.05088	226.819	0	
155	-0.727521	216.794	0	
151.458	-2.01633	231.887	0	
152.5	-1.09967	231.356	0	
146.875	-0.431516	247.085	0	
148.696	-1.54577	223.917	0	
147.758	-2.24637	222.184	0	
148.75	-0.798148	233.776	0	
143.839	-1.76841	222.518	0	
145	-1.03479	211.861	0	
138.125	-0.36089	216.955	0	
138.745	-1.48403	217.697	0	
135.089	-1.76841	205.775	0	
136.25	-1.03479	204.019	0	
130	-1.03479	209.984	0	
130.328	-2.00504	203.804	0	
122.5	-1.02905	190.96	0	
124.266	-2.19037	186.901	0	
119.68	-2.91409	190.446	0	
156.979	-2.1669	187.318	0	
114.375	-0.668155	170.77	0	
116.245	-1.48403	178.891	0	
112.163	-2.94281	181.939	0	
116.25	-0.727521	184.403	0	
112.708	-2.01633	170.13	0	
113.75	-1.09967	164.396	0	
108.125	-0.668155	166.23	0	
109.911	-1.76841	170.744	0	
-117.5	-1.02905	159.815	0	
-115.734	-2.19037	176.951	0	
-138.021	-2.1669	194.26	0	
-67.5375	-3.24559	212.61	0	
-124.375	-0.36089	174.398	0	
-123.755	-1.48403	171.277	0	
-88.0056	-2.06993	191.573	0	
-81.25	-0.798148	193.577	0	
-86.0417	-2.01633	181.903	0	
-85	-1.09967	169.398	0	
-89.375	-0.366631	177.311	0	
-88.8389	-1.76841	178.765	0	
-96.875	-0.36089	168.595	0	
-96.2554	-1.48403	174.73	0	
-95.7345	-2.19037	183.331	0	
-96.25	-0.727521	181.96	0	
-101.161	-1.76841	178.004	0	
-100	-1.03479	178.158	0	
-106.25	-1.03479	174.864	0	
-105.922	-2.00504	170.152	0	
-70.2083	-2.01633	204.497	0	
-100.328	-2.00504	173.437	0	
-141.25	-0.792406	196.084	0	
-140.814	-2.07688	199.025	0	
-153.54	-3.47677	262.917	0	
-123.787	-3.24559	201.354	0	
-127.411	-1.76841	169.221	0	
-126.25	-1.03479	169.422	0	
-132.5	-1.03479	173.895	0	
-132.172	-2.00504	192.72	0	
-118.958	-2.01633	174.489	0	
-126.578	-2.00504	181	0	
-202.353	-21.532	420.785	0	
-119.833	-3.79821	199.77	0	
-21.25	-1.02905	214.088	0	
-19.4845	-2.19037	221.75	0	
-27.5375	-3.24559	231.128	0	
5.25269	-2.80091	187.173	0	
-28.125	-0.36089	214.457	0	
-27.5054	-1.48403	210.607	0	
8.24439	-2.06993	179.311	0	
15	-0.798148	180.163	0	
10.2083	-2.01633	173.211	0	
11.25	-1.09967	166.622	0	
6.875	-0.366631	184.269	0	
7.41105	-1.76841	182.711	0	
-0.625	-0.36089	190.387	0	
-0.00541199	-1.48403	191.82	0	
0.51554	-2.19037	195.578	0	
0	-0.727521	201.806	0	
-4.91105	-1.76841	206.855	0	
-3.75	-1.03479	203.328	0	
-10	-1.03479	208.35	0	
-9.67228	-2.00504	218.026	0	
26.0417	-2.01633	193.501	0	
-4.07772	-2.00504	197.296	0	
-45	-1.02905	198.708	0	
-43.2345	-2.19037	211.02	0	
-50.2083	-2.72654	213.088	0	
-29.6307	-3.06027	227.302	0	
-31.1611	-1.76841	203.211	0	
-30	-1.03479	201.688	0	
-36.25	-1.03479	202.089	0	
-35.9223	-2.00504	203.883	0	
-22.7083	-2.01633	219.791	0	
-30.3277	-2.00504	219.573	0	
-60.2083	-2.01633	212.077	0	
-51.4583	-2.01633	206.475	0	
-68.3387	-1.78555	206.978	0	
-68.4751	-2.84652	208.932	0	
-76.25	-1.02905	192.533	0	
-74.4845	-2.19037	204.363	0	
-77.7083	-2.01633	198.878	0	
-105.61	-4.06799	193.294	0	
-83.125	-0.36089	183.819	0	
-82.5054	-1.48403	184.575	0	
104.494	-2.06993	174.124	0	
110	-0.798148	174.614	0	
106.458	-2.01633	172.306	0	
107.5	-1.09967	168.502	0	
103.125	-0.366631	163.233	0	
103.661	-1.76841	169.18	0	
95.625	-0.36089	160.143	0	
96.2446	-1.48403	171.852	0	
96.7655	-2.19037	183.212	0	
96.25	-0.727521	177.861	0	
91.3389	-1.76841	192.306	0	
92.5	-1.03479	197.599	0	
86.25	-1.03479	207.237	0	
86.5777	-2.00504	209.417	0	
78.2293	-2.1669	225.29	0	
78.5906	-3.16789	223.71	0	
75	-1.02905	220.008	0	
76.7655	-2.19037	230.039	0	
68.7125	-3.24559	230.021	0	
123.713	-3.24559	192.836	0	
68.125	-0.36089	237.974	0	
68.7446	-1.48403	236.93	0	
65.0889	-1.76841	240.092	0	
66.25	-1.03479	239.127	0	
60	-1.03479	246.598	0	
60.3277	-2.00504	249.3	0	
54.4793	-2.1669	241.932	0	
73.5417	-2.01633	232.741	0	
51.25	-1.02905	226.918	0	
53.0155	-2.19037	239.794	0	
40.4973	-3.78292	219.783	0	
54.8394	-3.16569	234.629	0	
39.0027	-2.80091	221.562	0	
44.7917	-2.01633	224.166	0	
27.9113	-1.78555	194.179	0	
27.7749	-2.84652	194.857	0	
20	-1.02905	182.273	0	
21.7655	-2.19037	181.448	0	
-9.36018	-4.06799	198.885	0	
18.5417	-2.01633	179.46	0	
13.125	-0.36089	170.695	0	
13.7446	-1.48403	174.319	0	
153.75	-1.02905	225.743	0	
155.516	-2.19037	206.389	0	
142.62	-3.22837	225.073	0	
144.069	-5.7607	229.053	0	
147.5	-0.798148	211.664	0	
146.771	-2.1669	232.393	0	
140.729	-2.1669	221.182	0	
150.746	-2.90651	220.223	0	
137.5	-1.02905	217.856	0	
139.266	-2.19037	219.446	0	
130.64	-4.06799	217.839	0	
141.177	-3.32534	223.665	0	
131.994	-2.06993	210.227	0	
129.955	-2.8545	211.909	0	
128.542	-2.01633	196.413	0	
127.18	-2.91409	196.968	0	
122.911	-1.78555	186.547	0	
122.775	-2.84652	190.277	0	
115	-1.02905	180.197	0	
116.766	-2.19037	185.694	0	
86.8898	-4.06799	210.803	0	
113.542	-2.01633	177.892	0	
108.75	-1.03479	168.363	0	
109.078	-2.00504	172.006	0	
-117.089	-1.78555	177.274	0	
-117.225	-2.84652	178.945	0	
-125	-1.02905	164.974	0	
-123.234	-2.19037	178.916	0	
-78.5826	-3.79821	213.16	0	
-143.899	-7.68728	402.152	0	
-90	-1.03479	176.91	0	
-89.6723	-2.00504	184.695	0	
-97.5	-0.792406	187.215	0	
-97.0644	-2.07688	193.639	0	
-116.287	-3.24559	189.571	0	
-108.125	-3.34884	217.872	0	
-104.256	-2.06993	179.572	0	
-112.466	-3.07092	194.3	0	
-107.708	-2.01633	183.705	0	
-116.633	-5.94785	266.047	0	
-141.434	-1.75189	202.824	0	
-142.267	-2.05915	207.389	0	
-130.506	-2.06993	183.343	0	
-141.756	-5.80291	278.55	0	
-140.354	-6.17065	256.387	0	
-130.457	-4.4054	225.01	0	
-20.8387	-1.78555	219.117	0	
-20.9751	-2.84652	222.363	0	
-28.75	-1.02905	204.56	0	
-26.9845	-2.19037	216.26	0	
-43.7875	-3.24559	222.352	0	
-46.3858	-5.74538	257.412	0	
6.25	-1.03479	186.185	0	
6.57772	-2.00504	185.579	0	
-1.25	-0.792406	199.067	0	
-0.814428	-2.07688	197.708	0	
-20.0375	-3.24559	221.295	0	
-11.875	-3.34884	209.108	0	
-8.00561	-2.06993	207.255	0	
-16.2164	-3.07092	204.803	0	
-11.4583	-2.01633	215.259	0	
-20.3828	-5.94785	246.389	0	
-44.5887	-1.78555	212.154	0	
-44.7251	-2.84652	211.971	0	
-34.2556	-2.06993	201.872	0	
-49.5151	-8.22246	282.695	0	
-44.2462	-5.42835	248.852	0	
-34.2075	-4.4054	225.857	0	
-75.0375	-3.24559	208.424	0	
25.1674	-3.79821	189.404	0	
-75.8387	-1.78555	200.932	0	
-75.9751	-2.84652	204.546	0	
-83.75	-1.02905	178.436	0	
-81.9845	-2.19037	195.843	0	
-90.0446	-2.8545	192.478	0	
-86.5873	-2.94281	200.669	0	
102.5	-1.03479	169.107	0	
102.828	-2.00504	173.357	0	
95	-0.792406	179.603	0	
95.4356	-2.07688	185.108	0	
76.2125	-3.24559	227.745	0	
84.375	-3.34884	210.221	0	
88.2444	-2.06993	207.093	0	
80.0336	-3.07092	218.271	0	
84.7917	-2.01633	205.718	0	
75.8672	-5.94785	211.372	0	
75.4113	-1.78555	237.188	0	
75.2749	-2.84652	229.692	0	
67.5	-1.02905	234.066	0	
69.2655	-2.19037	235.542	0	
52.4625	-3.24559	234.588	0	
49.8642	-5.74538	200.812	0	
61.9944	-2.06993	254.627	0	
46.7349	-8.22246	168.198	0	
52.0038	-5.42835	214.966	0	
62.0425	-4.4054	247.767	0	
51.6613	-1.78555	231.691	0	
51.5249	-2.84652	234.676	0	
21.2125	-3.24559	184.061	0	
107.75	-4.43486	189.847	0	
20.4113	-1.78555	179.035	0	
20.2749	-2.84652	182.638	0	
12.5	-1.02905	173.437	0	
14.2655	-2.19037	180.221	0	
6.20541	-2.8545	184.465	0	
9.66268	-2.94281	178.602	0	
154.161	-1.78555	217.243	0	
154.025	-2.84652	217.054	0	
152.292	-2.01633	220.689	0	
139.039	-4.35802	225.009	0	
137.911	-1.78555	217.259	0	
137.775	-2.84652	218.457	0	
116.213	-3.24559	188.414	0	
154.963	-3.24559	209.772	0	
115.411	-1.78555	180.905	0	
115.275	-2.84652	184.856	0	
107.292	-2.01633	170.943	0	
109.247	-3.78292	183.013	0	
-140.037	-3.24559	207.91	0	
-71.0826	-3.79821	215.224	0	
-124.589	-1.78555	185.42	0	
-124.725	-2.84652	180.259	0	
-92.8202	-2.91409	186.724	0	
-85.2083	-2.01633	190.33	0	
-97.684	-1.75189	173.079	0	
-98.5173	-2.05915	191.536	0	
-152.708	-2.01633	258.159	0	
-145.211	-4.15655	257.053	0	
-23.5826	-3.79821	229.111	0	
3.37811	-4.98343	187.002	0	
-28.3387	-1.78555	218.966	0	
-28.4751	-2.84652	218.347	0	
3.42981	-2.91409	187.261	0	
11.0417	-2.01633	173.566	0	
-1.43402	-1.75189	190.218	0	
-2.26735	-2.05915	200.606	0	
-48.9583	-3.47328	220.422	0	
-47.6197	-4.31165	233.566	0	
-88.4261	-3.92482	213.914	0	
-92.8719	-4.98343	219.365	0	
-83.3387	-1.78555	190.525	0	
-83.4751	-2.84652	195.744	0	
99.6798	-2.91409	182.166	0	
107.753	-2.80091	177.373	0	
94.816	-1.75189	174.473	0	
93.9827	-2.05915	184.937	0	
72.6674	-3.79821	230.425	0	
120.167	-3.79821	195.019	0	
67.9113	-1.78555	236.936	0	
67.7749	-2.84652	238.472	0	
47.2917	-3.47328	224.045	0	
50.1448	-3.88818	225.727	0	
17.6674	-3.79821	188.777	0	
-0.0374544	-3.24559	192.728	0	
12.9113	-1.78555	177.201	0	
12.7749	-2.84652	178.123	0	
148.483	-4.32001	226.637	0	
187.308	-1.93891	310.858	0	
147.862	-1.54577	233.519	0	
148.712	-3.13655	224.473	0	
133.929	-3.08731	214.153	0	
138.713	-3.24559	221.102	0	
90.6555	-3.51902	198.698	0	
102.455	-2.8545	180.07	0	
-152.829	-5.21478	278.038	0	
-131.801	-4.25718	244.822	0	
-122.157	-4.23242	219.864	0	
-96.2875	-3.24559	209.92	0	
-46.1052	-3.88818	226.745	0	
-35.5505	-4.25718	227.92	0	
-25.9071	-4.23242	242.515	0	
13.7125	-3.24559	182.216	0	
-100.639	-4.06622	191.455	0	
-82.5375	-3.24559	201.209	0	
48.6303	-4.31165	218.864	0	
96.2125	-3.24559	190.714	0	
60.6995	-4.25718	238.181	0	
70.3429	-4.23242	225.179	0	
-4.38926	-4.06622	189.157	0	
7.82395	-3.92482	182.235	0	
146.42	-3.14785	226.116	0	
147.178	-4.41078	223.019	0	
34.7917	-2.72654	214.84	0	
33.9583	-2.72654	212.035	0	
126.034	-3.06466	199.221	0	
126.041	-5.36183	213.274	0	
-147.837	-2.94281	243.096	0	
-142.682	-2.77243	213.228	0	
-160.208	-1.16463	207.9	0	
-201.338	-10.2031	429.112	0	
-153.958	-2.72654	263.642	0	
-152.247	-2.80091	253.267	0	
-156.042	-3.47328	267.877	0	
-156.458	-2.72654	273.426	0	
-52.8373	-2.94281	214.122	0	
-49.7917	-3.47328	220.699	0	
-58.9583	-2.72654	215.877	0	
-57.7083	-2.01633	210.492	0	
-56.2946	-2.8545	215.169	0	
-57.2473	-2.80091	212.184	0	
-65.2159	-3.06466	217.067	0	
-65.2085	-5.36053	238.517	0	
-72.7159	-3.06466	205.393	0	
-69.5113	-3.00667	207.585	0	
43.4127	-2.94281	221.86	0	
46.4583	-3.47328	225.52	0	
36.0417	-2.01633	218.384	0	
32.5816	-3.68836	205.11	0	
32.1798	-2.91409	205.85	0	
36.4583	-2.72654	218.111	0	
23.5341	-3.06466	182.733	0	
26.7387	-3.00667	192.682	0	
118.534	-3.06466	188.4	0	
121.739	-3.00667	190.058	0	
-121.466	-3.06466	176.193	0	
-118.261	-3.00667	181.64	0	
-93.9659	-3.06466	195.519	0	
-93.9594	-5.36183	247.764	0	
-109.003	-2.80091	178.306	0	
-107.247	-2.80091	174.562	0	
-146.042	-2.72654	236.97	0	
-147.44	-3.72538	250.487	0	
-25.2159	-3.06466	215.495	0	
-22.0113	-3.00667	217.844	0	
2.28409	-3.06466	191.473	0	
2.29056	-5.36183	188.899	0	
-12.7527	-2.80091	212.394	0	
-10.9973	-2.80091	213.89	0	
-48.9583	-2.01633	205.208	0	
-45.7613	-3.00667	215.41	0	
-52.44	-3.72538	225.16	0	
-48.5417	-2.72654	212.612	0	
-80.2159	-3.06466	197.529	0	
-77.0113	-3.00667	203.064	0	
98.5341	-3.06466	187.316	0	
98.5406	-5.36183	202.72	0	
83.4973	-2.80091	209.275	0	
85.2527	-2.80091	210.48	0	
71.0341	-3.06466	233.077	0	
74.2387	-3.00667	236.33	0	
47.2917	-2.01633	227.158	0	
50.4887	-3.00667	231.993	0	
43.81	-3.72538	219.553	0	
47.7083	-2.72654	229.591	0	
16.0341	-3.06466	183.881	0	
19.2387	-3.00667	184.156	0	
151.132	-3.93062	223.234	0	
152.989	-3.00667	220.443	0	
111.032	-2.99641	177.506	0	
114.239	-3.00667	180.909	0	
-87.7179	-2.99641	190.157	0	
-84.5113	-3.00667	193.065	0	
8.53206	-2.99641	181.969	0	
11.7387	-3.00667	178.013	0	
104.782	-2.99641	180.517	0	
102.997	-3.78292	188.02	0	
-143.54	-2.72962	219.327	0	
-140.951	-3.13784	209.653	0	
-99.9558	-2.85377	196.601	0	
-97.2008	-3.13784	182.984	0	
-3.70582	-2.85377	199.786	0	
-0.950756	-3.13784	193.48	0	
92.5442	-2.85377	196.176	0	
95.2992	-3.13784	185.105	0	
41.5739	-3.92482	212.767	0	
46.0417	-2.72654	224.083	0	
127.582	-3.68916	211.438	0	
132.502	-3.08731	213.592	0	
127.128	-4.98343	212.873	0	
128.572	-3.57598	209.122	0	
-152.662	-3.55114	260.516	0	
-152.231	-4.40508	272.124	0	
-159.148	-3.04538	249.578	0	
-165.564	-17.3854	519.788	0	
-154.373	-3.97501	270.153	0	
-150.753	-3.78292	255.751	0	
-160.293	-8.30276	368.983	0	
-155.208	-3.47328	269.528	0	
-158.057	-10.316	420.975	0	
-143.957	-3.47621	232.767	0	
-58.5398	-3.47677	217.857	0	
-57.2309	-4.40508	232.874	0	
-61.4583	-2.72654	215.992	0	
-57.6621	-3.55114	220.103	0	
-62.7232	-3.50081	217.832	0	
-55.7527	-3.78292	222.268	0	
-64.0702	-2.91409	212.686	0	
-63.6684	-3.68836	223.133	0	
-61.8899	-3.99904	227.576	0	
-60.2083	-3.47328	217.656	0	
-72.8478	-5.56717	229.922	0	
-69.264	-5.46522	245.177	0	
39.9554	-2.8545	218.424	0	
39.0191	-4.40508	214.384	0	
37.2917	-2.72654	218.971	0	
38.5879	-3.55114	217.828	0	
34.3601	-3.99904	211.299	0	
37.7102	-3.47677	219.239	0	
35.2083	-3.47328	214.814	0	
33.5268	-3.50081	211.289	0	
23.4022	-5.56717	188.665	0	
26.986	-5.46522	193.611	0	
118.402	-5.56717	200.927	0	
114.489	-5.47929	197.126	0	
-121.598	-5.56717	232.322	0	
-125.6	-5.31383	250.901	0	
-92.4178	-3.68916	212.048	0	
-89.5027	-3.78292	205.345	0	
-90.9952	-4.42757	223.285	0	
-86.1036	-3.83222	206.312	0	
-109.687	-5.39772	267.288	0	
-106.295	-2.8545	192.315	0	
-110.64	-4.06799	207.172	0	
-98.2818	-3.59669	225.059	0	
-146.478	-3.50911	246.212	0	
-141.985	-3.52613	218.969	0	
-25.3478	-5.56717	251.002	0	
-29.3495	-5.31383	259.957	0	
3.83223	-3.68916	188.218	0	
6.7473	-3.78292	186.456	0	
5.25478	-4.42757	187.356	0	
10.1464	-3.83222	181.752	0	
-13.4371	-5.39772	209.611	0	
-10.0446	-2.8545	207.09	0	
-14.3898	-4.06799	202.164	0	
-2.03178	-3.59669	192.951	0	
-51.4777	-3.50911	222.282	0	
-47.7083	-2.72654	215.121	0	
-51.0637	-4.19254	230.02	0	
-47.2189	-3.60804	220.721	0	
-80.3478	-5.56717	229.997	0	
-84.2613	-5.47929	245.186	0	
100.082	-3.68916	191.681	0	
112.646	-3.83222	184.804	0	
110.324	-3.92482	186.69	0	
107.317	-3.58364	183.137	0	
82.8129	-5.39772	218.041	0	
86.2054	-2.8545	203.406	0	
81.8602	-4.06799	211.406	0	
94.2182	-3.59669	196.399	0	
70.9022	-5.56717	225.912	0	
66.9005	-5.31383	222.122	0	
44.7723	-3.50911	220.171	0	
48.5417	-2.72654	225.738	0	
45.1863	-4.19254	219.009	0	
49.0311	-3.60804	229.687	0	
15.9022	-5.56717	191.168	0	
11.9887	-5.47929	185.479	0	
108.705	-2.8545	178.059	0	
101.072	-3.57598	186.654	0	
-91.4282	-3.57598	201.193	0	
-94.651	-4.21812	211.996	0	
4.82178	-3.57598	185.734	0	
1.59897	-4.21812	189.03	0	
105.913	-2.94281	178.174	0	
106.31	-3.72554	186.501	0	
97.849	-4.21812	192.702	0	
101.505	-4.42757	194.41	0	
-144.792	-3.47313	233.143	0	
-146.064	-4.19253	255.165	0	
-103.124	-4.43041	207.464	0	
-108.125	-4.73217	206.005	0	
-6.87403	-4.43041	182.533	0	
-11.875	-4.73217	198.906	0	
89.376	-4.43041	208.367	0	
84.375	-4.73217	210.337	0	
121.393	-3.89079	197.912	0	
143.936	-3.97268	229.21	0	
125.349	-4.21812	202.516	0	
129.043	-4.50658	218.461	0	
-154.834	-5.62943	292.551	0	
-149.676	-3.92482	263.974	0	
-156.465	-4.16242	281.612	0	
-88.4597	-6.17559	262.673	0	
-157.746	-3.54331	272.345	0	
-157.336	-4.23245	282.551	0	
-155.953	-5.20944	291.527	0	
-151.274	-4.58327	276.291	0	
-87.8931	-5.00841	226.856	0	
-54.6761	-3.92482	228.457	0	
-59.3731	-3.97501	227.343	0	
7.79028	-6.17559	184.205	0	
-65.9011	-4.21822	223.284	0	
-59.3047	-5.11624	237.671	0	
-64.1215	-4.98124	232.976	0	
-60.5387	-5.90518	243.178	0	
8.35687	-5.00841	185.755	0	
92.527	-5.11846	204.048	0	
30.3489	-4.21822	202.722	0	
32.1285	-4.98124	209.475	0	
36.0417	-3.47328	218.024	0	
34.378	-5.06466	214.2	0	
35.7113	-5.90518	210.77	0	
36.8769	-3.97501	216.413	0	
-101.844	-3.51902	193.507	0	
-99.973	-5.11846	254.864	0	
-145.501	-5.7656	305.042	0	
-69.8571	-3.89079	218.425	0	
-156.677	-7.51666	344.602	0	
-49.707	-5.1949	240.97	0	
-148.977	-5.20289	271.855	0	
-147.813	-5.59213	289.482	0	
-5.59449	-3.51902	202.083	0	
-3.72305	-5.11846	187.584	0	
-56.2742	-4.58327	234.143	0	
26.3929	-3.89079	193.733	0	
-39.9676	-3.06872	215.071	0	
46.543	-5.1949	212.932	0	
-53.9766	-5.20289	237.54	0	
-50.211	-4.15672	231.476	0	
-55.8234	-5.70833	241.971	0	
-48.5258	-4.17689	230.827	0	
-52.8132	-5.59213	251.636	0	
-47.2738	-5.38006	241.772	0	
91.8607	-4.06622	200.032	0	
105.879	-5.0575	192.445	0	
36.9453	-5.11624	216.402	0	
130.158	-4.945	224.144	0	
56.2824	-3.06872	237.381	0	
110.29	-6.17488	198.788	0	
42.2734	-5.20289	216.22	0	
46.039	-4.15672	217.773	0	
40.4266	-5.70833	214.188	0	
47.7242	-4.17689	221.812	0	
39.9758	-4.58327	210.177	0	
48.9762	-5.38006	218.947	0	
-90.0224	-4.58092	228.414	0	
-89.5124	-5.89001	247.645	0	
6.22758	-4.58092	185.052	0	
6.73765	-5.89001	186.711	0	
102.928	-5.70651	199.588	0	
107.848	-6.54104	202.029	0	
104.074	-3.92482	188.444	0	
104.773	-5.20318	195.581	0	
99.6281	-4.98343	196.189	0	
102.478	-4.58092	193.176	0	
-150.823	-5.70833	278.665	0	
-143.779	-5.33843	279.247	0	
76.6284	-4.52398	227.842	0	
144.244	-11.4317	204.706	0	
128.127	-5.50143	223.551	0	
128.872	-6.93342	226.655	0	
-158.777	-5.20944	306.516	0	
-143.448	-4.30353	237.834	0	
-161.732	-2.79975	239.478	0	
-207.299	-15.0218	435.27	0	
-182.365	-35.5359	518.959	0	
-79.1691	-5.28353	244.368	0	
-150.997	-8.59138	374.813	0	
-57.1302	-6.3947	259.297	0	
-61.872	-5.06466	236.512	0	
-58.0402	-5.47194	237.039	0	
-115.872	-4.52398	225.722	0	
17.0809	-5.28353	192.748	0	
-19.6216	-4.52398	226.113	0	
108.728	-4.58055	191.065	0	
38.2098	-5.47194	215.887	0	
43.4368	-5.59213	200.471	0	
-139.58	-4.60081	255.671	0	
-145.691	-7.03602	309.184	0	
-96.7489	-6.89898	289.462	0	
-97.1496	-5.26597	266.29	0	
-149.602	-6.18605	306.12	0	
-134.449	-4.25718	244.176	0	
-31.5017	-4.16217	242.416	0	
39.1198	-6.3947	196.82	0	
-0.498874	-6.89898	187.248	0	
-0.89962	-5.26597	185.686	0	
-70.5474	-6.44535	247.359	0	
-54.6024	-6.18605	255.973	0	
-52.4014	-4.79453	234.259	0	
-51.4417	-5.03664	239.272	0	
-52.0429	-7.10465	258.866	0	
-50.5017	-5.76581	249.772	0	
-54.1682	-7.76797	265.122	0	
-36.3389	-2.93321	217.718	0	
-48.8551	-5.21507	239.975	0	
-48.0926	-6.0103	257.88	0	
64.7483	-4.16217	231.17	0	
110.857	-5.00834	189.953	0	
95.7511	-6.89898	206.28	0	
95.3504	-5.26597	201.258	0	
25.7026	-6.44535	196.264	0	
41.6476	-6.18605	195.382	0	
43.8486	-4.79453	217.004	0	
44.8083	-5.03664	211.819	0	
44.2071	-7.10465	199.241	0	
45.7483	-5.76581	205.817	0	
42.0818	-7.76797	198.805	0	
59.9111	-2.93321	241.364	0	
47.3949	-5.21507	217.877	0	
48.1574	-6.0103	197.03	0	
-91.9104	-5.42242	248.122	0	
-90.925	-6.50437	277.831	0	
4.33964	-5.42242	186.503	0	
5.32497	-6.50437	187.184	0	
106.858	-5.46739	195.243	0	
109.237	-5.889	193.682	0	
45.559	-7.03622	190.359	0	
104.147	-6.18687	201.338	0	
100.59	-5.42242	199.76	0	
100.817	-6.41692	203.969	0	
-147.401	-4.79453	267.059	0	
-146.442	-5.03663	264.232	0	
-147.043	-7.10465	318.61	0	
-144.707	-5.19453	252.558	0	
-149.168	-7.76797	333.401	0	
-132.589	-2.93321	200.093	0	
-154.178	-7.28627	324.858	0	
-151.919	-6.13754	312.252	0	
-67.2642	-6.91889	268.044	0	
-50.691	-7.03622	267.103	0	
28.9858	-6.91889	199.215	0	
57.9209	-9.10125	129.148	0	
-165.569	-3.72058	294.361	0	
-124.19	-5.40086	269.061	0	
-65.8105	-6.63734	254.179	0	
-38.3291	-9.10125	332.351	0	
-59.0799	-8.70786	284.335	0	
-25.746	-9.39498	334.741	0	
-36.875	-5.27905	259.285	0	
-45.618	-4.95711	240.976	0	
30.4395	-6.63734	206.971	0	
104.619	-8.07335	204.785	0	
37.1701	-8.70786	187.815	0	
121.986	-5.46522	204.086	0	
59.375	-5.27905	209.406	0	
50.632	-4.95711	220.148	0	
-100.432	-7.15932	282.661	0	
-118.014	-5.46522	242.703	0	
-4.18243	-7.15932	187.787	0	
-21.764	-5.46522	242.005	0	
101.373	-10.8863	197.672	0	
97.6668	-7.08742	202.954	0	
74.486	-5.46522	228.788	0	
92.0676	-7.15932	202.467	0	
-142.782	-6.56075	260.147	0	
-142.334	-4.31064	240.28	0	
-152.527	-7.43868	323.594	0	
-121.996	-9.39498	432.6	0	
-136.218	-3.06872	211.364	0	
-128.568	-3.08143	185.986	0	
-38.1995	-4.25718	222.464	0	
-32.318	-3.08143	208.753	0	
58.0505	-4.25718	242.043	0	
63.932	-3.08143	248.996	0	
133.106	-6.04794	228.636	0	
130.428	-6.60412	229.319	0	
123.985	-6.91734	213.935	0	
150.848	-20.0464	185.015	0	
-155.18	-8.32445	358.684	0	
-52.0799	-10.5411	295.695	0	
-40.8588	-5.44334	248.814	0	
-43.3792	-4.50999	232.291	0	
55.3912	-5.44334	207.053	0	
52.8708	-4.50999	232.481	0	
-87.5848	-7.52916	300.188	0	
-84.8609	-3.89608	216.788	0	
8.66524	-7.52916	190.372	0	
11.3891	-3.89608	182.16	0	
120.703	-6.44535	210.85	0	
113.889	-3.89608	191.02	0	
-94.8332	-7.08742	299.456	0	
-127.752	-4.16217	226.43	0	
-136.015	-9.53859	377.525	0	
-118.607	-3.89079	207.529	0	
-44.375	-6.99919	279.404	0	
-22.3571	-3.89079	235.476	0	
-42.8302	-8.44515	291.15	0	
-40.8536	-7.44458	281.67	0	
51.875	-6.99919	183.934	0	
73.8929	-3.89079	222.906	0	
53.4198	-8.44515	159.341	0	
55.3964	-7.44458	196.42	0	
-45.8903	-7.18841	262.807	0	
-48.1439	-7.56208	268.144	0	
50.3597	-7.18841	199.244	0	
48.1061	-7.56208	192.281	0	
-141.655	-10.9683	555.049	0	
-134.129	-6.10622	282.142	0	
-52.772	-8.29733	289.257	0	
-46.8296	-8.37487	297.509	0	
43.478	-8.29733	163.168	0	
49.4204	-8.37487	151.198	0	
-164	-0.842706	260.951	0	
-160.19	-2.6252	254.445	0	
-171.26	-1.12398	377.258	0	
-163.118	-4.25546	309.766	0	
157.984	-3.31993	200.578	0	
162.75	-0.842706	177.154	0	
160.879	-2.92373	175.258	0	
162.233	-4.81544	184.851	0	
149.806	-4.94504	212.52	0	
157.495	-4.95032	184.503	0	
136.186	-4.14103	222.578	0	
140.456	-4.52612	226.279	0	
-73.4071	-4.23242	223.884	0	
-71.6691	-5.28353	236.23	0	
-80.4167	-10.3326	370.987	0	
-64.8646	-8.3096	275.516	0	
-77.3571	-3.89079	218.437	0	
-74.2262	-6.72899	280.127	0	
22.8429	-4.23242	188.189	0	
24.5809	-5.28353	191.457	0	
15.8333	-10.3326	205.244	0	
31.3854	-8.3096	203.298	0	
18.8929	-3.89079	189.202	0	
22.0238	-6.72899	198.4	0	
117.843	-4.23242	196.591	0	
119.581	-5.28353	201.612	0	
112.877	-7.50462	203.304	0	
125.437	-6.63718	217.821	0	
111.164	-7.52928	201.546	0	
117.03	-6.73778	207.27	0	
-120.419	-5.28353	247.099	0	
-119.297	-6.44535	288.936	0	
-147.08	-10.5411	442.959	0	
-106.019	-7.46803	279.58	0	
-144.559	-9.99967	429.482	0	
-147.772	-8.29733	375.331	0	
-24.1691	-5.28353	251.326	0	
-23.0474	-6.44535	274.981	0	
1.41684	-7.08742	183.682	0	
-9.76913	-7.46803	185.303	0	
-27.9404	-5.40086	270.756	0	
-23.5704	-9.08967	310.423	0	
-80.9071	-4.23242	223.888	0	
-78.0474	-6.44535	257.277	0	
-74.2388	-9.20929	332.992	0	
-76.764	-5.46522	245.994	0	
-81.7196	-6.73778	291.376	0	
-82.2148	-8.98906	361.073	0	
72.0809	-5.28353	222.624	0	
73.2026	-6.44535	209.081	0	
102.182	-6.54766	203.588	0	
86.4809	-7.46803	211.021	0	
68.3096	-5.40086	213.404	0	
93.8488	-8.33358	203.608	0	
15.3429	-4.23242	188.266	0	
18.2026	-6.44535	198.219	0	
22.0112	-9.20929	195.1	0	
19.486	-5.46522	192.403	0	
14.5304	-6.73778	196.108	0	
14.0352	-8.98906	193.126	0	
112.049	-4.96932	194.679	0	
113.194	-6.11121	199.209	0	
107.957	-10.0357	205.555	0	
114.373	-9.53907	205.921	0	
-86.7013	-4.9694	239.213	0	
-85.556	-6.11128	253.475	0	
-85.8729	-7.50385	308.303	0	
-84.3782	-9.53722	366.724	0	
9.54871	-4.9694	183.338	0	
10.694	-6.11128	188.677	0	
10.3771	-7.50385	186.62	0	
11.8718	-9.53722	197.832	0	
132.08	-7.47425	233.494	0	
134.746	-4.16808	221.012	0	
124.075	-4.31071	202.986	0	
123.313	-5.73457	209.134	0	
-67.1755	-4.31081	232.505	0	
-67.9367	-5.73467	234.03	0	
29.0745	-4.31081	195.515	0	
28.3133	-5.73467	200.215	0	
-95.9255	-4.31071	211.024	0	
-98.5926	-4.6597	205.26	0	
-103.786	-7.04865	270.827	0	
-106.563	-5.39772	259.088	0	
0.324502	-4.31071	192.405	0	
-2.3426	-4.6597	188.794	0	
-7.5359	-7.04865	192.858	0	
-10.3129	-5.39772	198.544	0	
96.5745	-4.31071	197.202	0	
93.9074	-4.6597	198.285	0	
88.7141	-7.04865	202.07	0	
103.633	-8.96714	204.11	0	
-62.0477	-8.8546	283.101	0	
34.2023	-8.8546	201.637	0	
-65.6604	-12.2385	337.941	0	
44.1701	-10.5411	158.414	0	
-43.9291	-11.1429	346.535	0	
106.762	-8.25621	204.024	0	
40.691	-8.79126	170.797	0	
126.259	-8.10539	221.251	0	
30.5896	-12.2385	193.443	0	
128.121	-8.37598	230.45	0	
98.349	-8.47005	208.4	0	
102.415	-7.9218	204.625	0	
-155.111	-10.7469	433.263	0	
-60.5733	-7.64358	265.277	0	
138.321	-5.52235	228.292	0	
152.541	-4.03078	213.209	0	
-138.552	-9.35636	418.43	0	
-137.06	-5.53416	275.561	0	
-129.996	-3.08143	207.389	0	
-129.047	-6.04201	291.095	0	
-33.7459	-3.08143	216.986	0	
-32.7973	-6.04201	274.662	0	
62.5041	-3.08143	240.048	0	
63.4527	-6.04201	208.112	0	
131.229	-11.2697	221.183	0	
151.99	-6.88415	202.545	0	
136.941	-5.40234	225.735	0	
141.133	-5.9764	227.882	0	
-74.6816	-4.325	231.314	0	
-75.4428	-5.74886	233.583	0	
21.5684	-4.325	188.869	0	
20.8072	-5.74886	190.647	0	
116.568	-4.325	197.579	0	
115.814	-5.75765	201.287	0	
-123.432	-4.325	205.17	0	
-126.314	-4.14101	213.982	0	
-115.576	-8.16642	385.824	0	
-113.246	-5.34905	251.733	0	
-27.1816	-4.325	236.161	0	
-30.0644	-4.14101	237.207	0	
-19.3257	-8.16642	275.522	0	
-16.996	-5.34905	207.898	0	
-82.1816	-4.325	230.338	0	
-82.9362	-5.75765	240.398	0	
69.0684	-4.325	232.3	0	
66.1856	-4.14101	237.695	0	
76.9243	-8.16642	223.233	0	
79.254	-5.34905	214.513	0	
14.0684	-4.325	188.155	0	
13.3138	-5.75765	189.243	0	
105.405	-12.0508	193.364	0	
116.536	-8.99008	205.503	0	
-93.9774	-8.66503	357.266	0	
-91.6041	-8.13534	360.074	0	
2.27255	-8.66503	184.084	0	
4.64589	-8.13534	183.468	0	
129.195	-10.2093	221.592	0	
146.046	-6.10183	228.471	0	
134.488	-5.91521	228.794	0	
135.867	-6.69788	230.245	0	
121.43	-8.68418	206.24	0	
123.385	-8.88682	217.987	0	
-69.8214	-8.68669	312.847	0	
-67.8655	-8.89079	278.692	0	
26.4286	-8.68669	196.772	0	
28.3845	-8.89079	203.004	0	
-66.1145	-9.89368	308.042	0	
-95.0051	-12.6851	529.623	0	
-55.559	-8.79126	285.469	0	
1.24494	-12.6851	182.735	0	
85.9371	-5.39772	207.657	0	
70.504	-9.39498	195.852	0	
99.9643	-7.8529	203.733	0	
101.084	-8.78437	207.388	0	
-119.82	-9.08967	448.8	0	
-122.652	-7.0343	347.576	0	
-127.769	-5.79877	258.256	0	
-125.499	-7.54635	352.328	0	
-48.3872	-12.3828	324.272	0	
-26.4019	-7.0343	302.644	0	
-31.5194	-5.79877	254.336	0	
-29.2492	-7.54635	319.228	0	
47.8628	-12.3828	106.736	0	
69.8481	-7.0343	195.222	0	
64.7306	-5.79877	231.209	0	
67.0008	-7.54635	172.401	0	
140.302	-7.00568	227.686	0	
142.7	-6.86574	228.693	0	
125.012	-9.68556	223.263	0	
195.519	-2.32667	328.996	0	
-98.6512	-8.33358	370.398	0	
35.6767	-7.64358	211.252	0	
-2.40124	-8.33358	175.581	0	
103.223	-11.1651	205.474	0	
72.6796	-9.08967	205.054	0	
95.07	-11.0041	201.139	0	
-136.973	-6.98397	315.464	0	
-135.349	-7.69153	359.01	0	
-32.1235	-10.677	381.127	0	
-33.5046	-8.27657	314.327	0	
64.1265	-10.677	117.286	0	
97.6545	-10.9522	195.923	0	
80.0504	-6.99449	229.193	0	
151.079	-11.5903	189.211	0	
-78.2205	-8.73643	342.309	0	
30.1355	-9.89368	208.746	0	
8.79112	-11.9339	198.005	0	
110.443	-9.50362	205.178	0	
-126.434	-6.49884	272.645	0	
-123.97	-6.77541	270.29	0	
-30.1836	-6.49884	268.154	0	
-27.72	-6.77541	270.115	0	
66.0664	-6.49884	226.108	0	
68.53	-6.77541	224.456	0	
150.025	-6.43618	222.849	0	
153.18	-5.49318	212.871	0	
147.57	-7.50219	207.851	0	
142.406	-9.04296	222.072	0	
-113.344	-8.75328	410.027	0	
-118.411	-11.2883	504.911	0	
-114.541	-4.53464	206.656	0	
-111.901	-4.28441	215.333	0	
-17.0944	-8.75328	238.813	0	
-21.2298	-10.3281	321.983	0	
-18.2907	-4.53464	218.609	0	
-15.6508	-4.28441	208.911	0	
79.1556	-8.75328	200.87	0	
75.0202	-10.3281	174.511	0	
77.9593	-4.53464	223.982	0	
80.5992	-4.28441	225.425	0	
-63.1585	-5.8593	246.74	0	
-63.2996	-7.91085	262.857	0	
33.0915	-5.8593	207.107	0	
32.9504	-7.91085	212.408	0	
-205.568	-32.9721	431.158	0	
-158.17	-8.54355	364.253	0	
-42.0494	-4.51844	227.601	0	
-39.5061	-4.39269	222.521	0	
54.2006	-4.51844	238.343	0	
56.7439	-4.39269	238.62	0	
-138.25	-4.60927	223.144	0	
-135.756	-4.39269	225.717	0	
132.732	-9.94285	230.196	0	
140.759	-8.90393	226.419	0	
-131.823	-7.75398	362.319	0	
-88.3496	-9.59591	419.51	0	
-29.7584	-9.79585	350.226	0	
7.90043	-9.59591	186.11	0	
62.7454	-8.27657	193.273	0	
52.3209	-11.1429	103.924	0	
86.5779	-13.8833	195.847	0	
208.99	-5.28426	344.829	0	
-59.5306	-11.2795	302.011	0	
-57.3001	-7.89572	266.038	0	
36.7194	-11.2795	194.427	0	
38.9499	-7.89572	207.223	0	
138.907	-6.71973	227.541	0	
136.37	-8.16582	227.741	0	
138.03	-8.06765	229.167	0	
139.214	-9.60327	222.084	0	
134.987	-10.2845	227.33	0	
161.413	-6.92918	187.109	0	
119.235	-10.2813	218.68	0	
95.7393	-17.4777	188.112	0	
-50.1748	-10.5347	310.665	0	
-46.4132	-10.8834	304.251	0	
46.0752	-10.5347	135.784	0	
49.8368	-10.8834	143.388	0	
-176.012	-1.34606	422.895	0	
-160.335	-6.5477	330.467	0	
-161.831	-10.7403	419.446	0	
-188.999	-19.3034	463.016	0	
158.946	-6.83953	195.245	0	
170.01	-1.12398	227.64	0	
-87.4589	-11.9339	450.951	0	
99.5587	-12.4369	200.838	0	
18.0295	-8.73643	195.492	0	
4.49832	-12.069	184.511	0	
-153.134	-12.2646	479.196	0	
-148.55	-12.2522	480.352	0	
-121.489	-14.4624	671.844	0	
-126.008	-9.79585	531.09	0	
104.932	-18.5916	179.904	0	
112.453	-11.0673	199.264	0	
-91.7517	-12.069	471.623	0	
-71.535	-10.5118	339.343	0	
5.3409	-14.035	209.561	0	
24.715	-10.5118	210.814	0	
-112.45	-6.99449	326.338	0	
-129.168	-15.7527	700.781	0	
-16.1996	-6.99449	235.991	0	
-27.5734	-11.3856	399.301	0	
-144.852	-16.8136	699.583	0	
-124.741	-12.1163	571.497	0	
-37.2846	-13.6039	394.575	0	
-6.7017	-12.0229	211.218	0	
66.4916	-9.79585	187.47	0	
58.9654	-13.6039	86.0022	0	
112.419	-14.9051	176.676	0	
127.849	-11.938	217.266	0	
147.347	-10.4774	217.267	0	
153.266	-9.06305	203.516	0	
-122.779	-11.9203	599.887	0	
-102.474	-8.42323	378.304	0	
-20.7162	-13.563	376.02	0	
-6.22447	-8.42323	179.344	0	
75.5338	-13.563	188.583	0	
90.0255	-8.42323	206.706	0	
68.6766	-11.3856	121.057	0	
136.037	-12.2238	212.294	0	
-61.6144	-11.5018	308.217	0	
-55.5379	-10.963	304.194	0	
34.6356	-11.5018	183.039	0	
40.7121	-10.963	165.544	0	
128.852	-14.5637	201.733	0	
235.957	-15.9774	335.036	0	
-178.777	-2.9619	422.282	0	
-162.755	-6.23594	315.56	0	
-156.495	-11.7116	438.739	0	
-221.912	-14.5162	413.965	0	
-169.141	-4.00209	360.296	0	
-167.19	-4.8303	369.419	0	
164.287	-4.15658	183.728	0	
166.707	-4.43785	212.287	0	
155.354	-8.54876	200.139	0	
132.793	-16.0264	192.162	0	
-53.4549	-12.1835	329.928	0	
-9.67296	-13.8421	262.179	0	
42.7951	-12.1835	122.484	0	
33.1604	-13.2995	188.226	0	
-53.1756	-15.7705	334.252	0	
-138.938	-7.6289	350.154	0	
-134.594	-10.3937	543.971	0	
-155.484	-17.2341	563.909	0	
-127.52	-14.6602	704.509	0	
-47.7993	-19.2086	407.983	0	
-31.0758	-17.4153	503.092	0	
48.4507	-19.2086	50.8948	0	
65.1742	-17.4153	51.5397	0	
131.221	-14.31	213.851	0	
153.572	-16.0839	192.745	0	
-157.266	-14.2011	520.66	0	
43.0744	-15.7705	111.867	0	
11.0506	-11.9005	193.956	0	
89.5492	-12.064	195.091	0	
125.528	-11.6848	206.921	0	
119.86	-13.8177	184.206	0	
-167.135	-7.23969	378.658	0	
-192.539	-4.26558	459.211	0	
-133.857	-13.0595	641.61	0	
-129.198	-9.41262	485.509	0	
-228.19	-24.6897	401.302	0	
-128.413	-13.1119	616.118	0	
-132.411	-9.49708	458.939	0	
-132.552	-6.10622	289.541	0	
-166.307	-13.5038	474.615	0	
-108.605	-11.4398	514.686	0	
-130.943	-10.541	480.768	0	
-129.662	-7.54154	350.975	0	
-131.112	-14.0765	640.132	0	
-127.757	-10.8627	514.488	0	
-135.282	-19.8734	839.585	0	
-102.952	-12.0229	514.998	0	
-130.381	-12.4546	622.718	0	
-128.544	-17.3008	840.711	0	
-148.258	-15.1857	613.814	0	
-3.6662	-13.8175	194.174	0	
-125.443	-18.0933	831.301	0	
-125.597	-14.7313	703.722	0	
-62.6835	-17.1843	384.804	0	
-85.1994	-11.9005	464.86	0	
-124.144	-16.6164	775.15	0	
-121.999	-16.5434	775.053	0	
-91.6409	-16.373	622.114	0	
-70.7541	-13.472	400.492	0	
4.6091	-16.373	202.737	0	
25.4959	-13.472	197.407	0	
-110.152	-7.25958	296.258	0	
-116.205	-10.7321	515.827	0	
-13.9017	-7.25958	202.312	0	
-12.3545	-11.4398	229.374	0	
82.3483	-7.25958	207.812	0	
83.8955	-11.4398	192.278	0	
-83.8414	-14.5362	519.076	0	
-76.2546	-10.6507	370.203	0	
12.4086	-14.5362	206.522	0	
19.9954	-10.6507	208.538	0	
-97.6578	-11.3921	495.773	0	
-90.4292	-10.045	389.857	0	
-1.40778	-11.3921	201.318	0	
5.82085	-10.045	190.65	0	
-111.605	-11.7939	507.549	0	
-108.046	-8.66433	417.164	0	
-15.3552	-11.7939	279.021	0	
-11.7958	-8.66433	228.514	0	
80.8948	-11.7939	220.559	0	
84.4542	-8.66433	214.904	0	
-57.7296	-12.6391	323.075	0	
-56.3189	-16.133	368.166	0	
38.5204	-12.6391	138.595	0	
39.9311	-16.133	119.957	0	
-173.564	-2.47004	415.268	0	
-165.151	-8.11045	383.555	0	
157.521	-9.12614	189.511	0	
160.271	-11.5138	198.986	0	
-36.2393	-7.66183	289.956	0	
-40.908	-14.645	398.473	0	
60.0107	-7.66183	195.624	0	
55.342	-14.645	59.4494	0	
92.8124	-13.4707	185.121	0	
138.603	-11.6407	215.036	0	
-114.482	-16.5569	775.739	0	
-119.297	-14.1357	691.177	0	
-106.853	-18.8267	769.69	0	
-90.9091	-14.035	560.3	0	
-63.0896	-13.2995	355.663	0	
-81.2221	-13.5164	489.48	0	
-119.75	-18.497	841.276	0	
-105.923	-13.8421	683.749	0	
-99.9162	-13.8175	623.135	0	
-124.617	-21.7604	904.545	0	
15.0279	-13.5164	201.657	0	
33.5665	-17.1843	153.405	0	
-177.258	-5.78191	446.245	0	
-175.551	-13.7225	494.485	0	
-170.014	-8.10752	417.522	0	
-170.068	-11.6224	446.962	0	
123.346	-14.3333	206.183	0	
130.766	-41.4755	189.334	0	
-117.966	-16.82	748.942	0	
-113.607	-13.3165	638.019	0	
-93.8748	-11.0032	467.224	0	
-93.6138	-16.0889	632.804	0	
2.37524	-11.0032	197.368	0	
2.63623	-16.0889	230.193	0	
-136.481	-15.5337	752.381	0	
46.237	-15.9763	69.663	0	
-50.013	-15.9763	386.767	0	
-33.8137	-14.565	440.96	0	
-118.828	-25.8063	1007.57	0	
62.4363	-14.565	101.649	0	
-89.2433	-18.71	687.417	0	
-88.6959	-14.349	564.199	0	
7.00668	-18.71	235.058	0	
7.55411	-14.349	202.62	0	
-158.473	-25.925	675.924	0	
-57.5305	-27.6829	536.328	0	
-87.3706	-17.1144	607.576	0	
-82.1404	-18.8236	608.173	0	
-17.0729	-14.4419	344.657	0	
125.77	-16.4577	187.134	0	
8.87942	-17.1144	207.061	0	
14.1096	-18.8236	213.363	0	
218.789	-9.67962	341.128	0	
183.637	-7.09149	298.569	0	
135.243	-14.7675	205.924	0	
140.335	-13.8884	204.448	0	
-181.714	-1.61583	443.689	0	
-173.773	-5.29005	404.422	0	
163.087	-10.0309	199.439	0	
180.465	-1.61583	284.078	0	
-76.9341	-14.5113	471.761	0	
-67.81	-14.1067	380.149	0	
19.3159	-14.5113	202.082	0	
28.44	-14.1067	205.395	0	
-162.174	-17.4716	541.288	0	
-121.07	-22.2371	899.969	0	
-58.6684	-18.9989	405.992	0	
0.81144	-18.779	234.68	0	
37.5816	-18.9989	101.305	0	
107.856	-15.3565	177.849	0	
138.207	-15.8819	189.955	0	
143.531	-14.1381	199.279	0	
99.901	-16.4959	171.807	0	
79.1771	-14.4419	151.105	0	
-111.48	-20.2273	923.382	0	
-99.0883	-17.8006	701.197	0	
-27.2006	-15.1171	459.803	0	
-2.83826	-17.8006	263.948	0	
69.0494	-15.1171	127.155	0	
46.6928	-24.0743	44.4682	0	
-166.112	-27.3981	598.489	0	
-68.8837	-22.4837	513.762	0	
-81.3835	-22.9609	714.858	0	
-67.2534	-16.8341	431.371	0	
14.8665	-22.9609	232.298	0	
28.9966	-16.8341	177.357	0	
125.531	-19.801	163.77	0	
145.65	-18.2045	188.147	0	
136.74	-19.4185	189.526	0	
140.986	-21.4915	165.063	0	
-74.1374	-16.0301	468.799	0	
-64.6977	-18.8508	435.178	0	
22.1126	-16.0301	210.632	0	
31.5523	-18.8508	162.231	0	
-95.4386	-18.779	770.066	0	
2.52004	-23.669	285.394	0	
27.3663	-22.4837	168.842	0	
30.7731	-22.4901	155.342	0	
-84.7755	-17.335	588.478	0	
-79.7054	-15.7809	503.856	0	
11.4745	-17.335	213.859	0	
16.5446	-15.7809	211.681	0	
218.255	-34.6155	332.713	0	
132.745	-19.8694	177.643	0	
-152.736	-16.2622	575.439	0	
-150.381	-17.763	645.065	0	
-144.708	-21.2594	773.481	0	
-141.325	-14.5407	636.111	0	
-62.9905	-26.6887	529.898	0	
-11.2357	-19.2992	337.133	0	
33.2595	-26.6887	113.858	0	
116.277	-16.8153	192.96	0	
-128.495	-23.6616	950.185	0	
19.247	-23.4473	211.072	0	
-188.557	-1.93891	445.266	0	
-196.769	-2.32667	437.009	0	
172.064	-6.00496	234.403	0	
174.369	-7.9727	262.765	0	
197.421	-9.75588	331.893	0	
191.289	-4.26558	323.702	0	
80.6149	-19.5449	181.921	0	
38.7195	-27.6829	72.7023	0	
-73.6736	-19.0863	540.349	0	
-69.7337	-19.2556	497.562	0	
22.5764	-19.0863	197.2	0	
26.5163	-19.2556	188.265	0	
122.174	-26.556	146.753	0	
124.937	-40.2492	163.34	0	
-148.731	-22.1193	741.01	0	
-130.945	-20.0681	866.35	0	
-89.5076	-23.3158	793.349	0	
-77.003	-23.4473	631.634	0	
-71.1732	-25.5223	617.519	0	
-65.4769	-22.4901	523.191	0	
-169.77	-21.2264	566.287	0	
-64.5794	-30.6463	622.386	0	
-139.982	-23.3262	875.644	0	
-137.645	-30.9202	955.434	0	
-75.3526	-26.6553	656.474	0	
25.0768	-25.5223	178.751	0	
-31.4696	-23.2096	571.709	0	
73.7048	-20.502	105.481	0	
-23.6801	-16.4504	443.64	0	
-15.6351	-19.5449	395.722	0	
72.5699	-16.4504	99.8036	0	
85.0151	-19.3404	149.227	0	
129.698	-22.0559	164.257	0	
117.076	-20.985	152.31	0	
-103.053	-20.9905	898.888	0	
-93.73	-23.669	791.491	0	
-49.5572	-24.0743	482.732	0	
6.74241	-23.3158	250.04	0	
-184.618	-8.98987	451.733	0	
-185.032	-3.55475	461.428	0	
-206.623	-2.79194	422.85	0	
-179.781	-9.87097	456.981	0	
180.177	-8.24429	284.465	0	
187.785	-10.442	309.394	0	
170.878	-14.4791	246.366	0	
159.464	-15.8639	197.419	0	
-85.4635	-32.3384	806.713	0	
20.8974	-26.6553	198.177	0	
-7.43655	-21.463	320.133	0	
90.9132	-21.5281	147.941	0	
-85.5482	-26.5803	784.575	0	
-18.107	-29.5111	536.088	0	
10.7018	-26.5803	241.549	0	
111.968	-28.0025	160.067	0	
-18.1435	-22.7175	467.385	0	
-22.5452	-20.502	502.444	0	
78.1065	-22.7175	88.3995	0	
64.7804	-23.2096	47.6614	0	
34.1156	-37.3795	118.565	0	
121.506	-22.1434	161.308	0	
-24.1065	-30.9545	571.955	0	
-6.83217	-26.5477	393.219	0	
-130.495	-31.0609	953.978	0	
174.884	-12.8846	257.222	0	
178.79	-12.8864	292.305	0	
-76.4692	-32.4504	702.453	0	
-69.3552	-29.4863	623.71	0	
-145.697	-34.3804	840.33	0	
-152.057	-27.6463	797.955	0	
19.7808	-32.4504	205.922	0	
26.8948	-29.4863	157.252	0	
1.24121	-36.2378	382.791	0	
13.9656	-32.8618	280.267	0	
184.118	-14.761	299.179	0	
227.701	-6.85826	339.682	0	
133.014	-34.6533	161.665	0	
-106.794	-33.2356	934.127	0	
31.6706	-30.6463	124.967	0	
-72.173	-34.0637	689.041	0	
-67.7476	-39.8274	696.868	0	
-22.5359	-47.4922	520.844	0	
127.182	-26.4913	157.187	0	
24.077	-34.0637	159.923	0	
28.5024	-39.8274	156.413	0	
-113.39	-24.9987	898.914	0	
-108.048	-28.3672	1001.55	0	
106.947	-24.7538	137.064	0	
92.4297	-27.5266	148.971	0	
-218.447	-3.35033	411.263	0	
-175.995	-19.4449	487.851	0	
191.912	-9.23189	322.48	0	
201.219	-12.4705	335.239	0	
54.1181	-18.9378	37.7918	0	
69.7905	-24.963	59.582	0	
-42.1319	-18.9378	459.034	0	
-26.4595	-24.963	551.795	0	
-192.319	-8.83173	445.726	0	
-201.547	-5.11861	445.921	0	
72.1435	-30.9545	53.5929	0	
128.068	-30.7205	156.886	0	
42.4557	-33.5404	74.9748	0	
78.143	-29.5111	89.9303	0	
-62.1344	-37.3795	620.141	0	
-0.525287	-27.7753	338.993	0	
84.4836	-32.7829	96.3785	0	
208.989	-20.8084	334.769	0	
-28.0097	-38.1045	614.878	0	
123.686	-35.5846	164.177	0	
-53.7943	-33.5404	559.521	0	
-35.3322	-36.6738	604.762	0	
100.921	-29.485	152.007	0	
161.838	-60.3262	290.49	0	
118.807	-29.1208	156.917	0	
116.094	-38.0682	163.169	0	
115.315	-25.5586	142.122	0	
112.121	-35.7127	140.181	0	
60.9178	-36.6738	35.984	0	
119.433	-33.9202	149.866	0	
120.859	-47.2293	174.725	0	
-183.583	-23.2797	518.026	0	
-95.5796	-32.8724	868.777	0	
-114.065	-35.7792	1016.07	0	
68.2403	-38.1045	64.2856	0	
32.7098	-63.156	195.032	0	
9.60751	-38.8404	287.204	0	
-225.327	-7.3709	402.224	0	
-187.923	-11.9402	461.929	0	
170.297	-36.5037	288.623	0	
163.474	-19.8544	225.177	0	
-196.34	-11.9773	448.859	0	
-194.679	-18.9528	453.212	0	
73.7994	-47.6214	88.387	0	
207.712	-10.3255	337.997	0	
204.86	-2.4629	337.871	0	
-212.356	-6.14227	422.789	0	
129.252	-50.7796	219.871	0	
133.997	-47.3484	189.393	0	
213.211	-14.7209	340.397	0	
215.594	-2.82136	340.365	0	
-220.733	-37.1938	391.315	0	
103.164	-47.8011	125.205	0	
189.04	-35.7251	330.655	0	
199.849	-18.9164	335.753	0	
169.619	-18.8059	249.366	0	
139.422	-30.3106	178.33	0	
-55.5317	-23.7287	453.329	0	
-37.3685	-24.4061	525	0	
-56.8093	-39.2794	657.008	0	
-45.742	-28.3975	535.312	0	
-52.3145	-47.6453	603.626	0	
-39.2206	-29.0001	585.071	0	
-47.9803	-33.9094	603.685	0	
-43.191	-47.72	665.882	0	
40.7183	-23.7287	82.4886	0	
58.8815	-24.4061	31.4035	0	
39.4407	-39.2794	81.4431	0	
50.508	-28.3975	40.062	0	
43.9355	-47.6453	91.8602	0	
57.0294	-29.0001	33.2143	0	
48.2697	-33.9094	38.1262	0	
53.059	-47.72	56.1143	0	
146.739	-35.2634	188.441	0	
141.083	-48.4033	238.204	0	
-171.12	-37.8728	624.751	0	
-73.0349	-48.8114	772.015	0	
-12.6794	-31.8279	447.523	0	
-7.11451	-38.7862	448.175	0	
-126.706	-35.6751	992.782	0	
-120.757	-31.7185	959.84	0	
-116.584	-45.0329	934.306	0	
-102.338	-25.7597	866.804	0	
-126.333	-45.697	943.588	0	
-90.3084	-40.7522	846.054	0	
-232.636	-4.02057	409.595	0	
-213.24	-13.2876	410.502	0	
-83.0809	-48.9441	787.031	0	
112.882	-53.996	189.218	0	
-41.8717	-39.7232	593.381	0	
-36.3206	-55.0703	550.487	0	
-51.4248	-68.4389	568.806	0	
9.79367	-57.9625	314.119	0	
54.3783	-39.7232	54.9373	0	
92.7142	-53.006	157.134	0	
154.638	-31.4481	222.231	0	
162.265	-25.6367	236.824	0	
146.844	-43.5002	221.108	0	
174.146	-25.0927	273.507	0	
-10.5586	-47.7958	501.172	0	
26.2122	-47.5873	177.231	0	
-99.9985	-36.0407	962.107	0	
-96.6648	-27.4598	927.603	0	
-98.8599	-43.4908	890.146	0	
-80.4857	-35.5349	811.608	0	
-163.404	-50.9608	635.303	0	
-107.716	-63.4503	770.467	0	
-90.5028	-35.2672	884.104	0	
-94.2465	-45.8076	879.333	0	
155.531	-25.6086	204.431	0	
162.53	-38.6767	247.193	0	
145.406	-55.4476	236.207	0	
154.317	-46.2331	247.05	0	
-213.385	-66.8866	383.859	0	
-68.9458	-57.4799	674.831	0	
-90.1982	-53.4761	805.667	0	
-83.9074	-41.2679	820.042	0	
162.103	-45.2249	281.749	0	
179.505	-41.8783	296.848	0	
-26.1557	-55.5594	561.947	0	
139.16	-65.0425	277.481	0	
197.836	-37.8736	322.091	0	
182.569	-22.1973	314.536	0	
84.0431	-43.7432	97.6609	0	
105.034	-36.7207	164.821	0	
152.77	-54.4151	268.543	0	
130.092	-61.4294	216.46	0	
118.312	-65.1624	237.011	0	
75.0509	-68.8235	169.697	0	
146.414	-81.4576	291.92	0	
-56.4852	-56.245	684.337	0	
36.3201	-53.5053	147.599	0	
64.865	-77.0726	162.193	0	
112.416	-78.8413	224.132	0	
59.9585	-55.1042	102.484	0	
70.2087	-55.7224	100.651	0	
190.375	-24.8482	316.234	0	
208.311	-28.8887	338.851	0	
178.328	-52.8869	320.322	0	
191.284	-60.8463	316.289	0	
-88.1029	-75.4263	628.884	0	
201.257	-51.9863	329.24	0	
232.766	-30.613	337.194	0	
-94.3526	-64.6703	768.526	0	
-21.2176	-68.4889	487.935	0	
-136.235	-54.5345	780.462	0	
-75.0762	-70.6121	646.756	0	
-135.57	-69.1305	667.751	0	
17.1658	-67.2349	264.546	0	
-40.3839	-67.1895	571.495	0	
-31.1675	-76.4316	481.773	0	
-40.0545	-114.942	388.899	0	
12.3999	-80.9419	313.7	0	
-62.4004	-77.8089	595.393	0	
87.3127	-69.9851	154.196	0	
42.2377	-72.0126	193.964	0	
55.7444	-67.659	150.61	0	
40.1802	-103.505	282.502	0	
95.4064	-81.6752	246.489	0	
28.0081	-85.7304	250.406	0	
122.096	-92.0535	284.832	0	
161.728	-77.7738	305.58	0	
-193.993	-43.518	430.966	0	
15.2296	-47.9657	268.212	0	
-2.66107	-58.4408	404.271	0	
-9.7003	-71.0667	414.622	0	
-2.01149	-84.2955	372.79	0	
-119.078	-74.1502	653.021	0	
-32.1741	-91.5468	433.561	0	
-46.1975	-98.0428	454.581	0	
174.139	-96.1654	310.179	0	
-93.5477	-95.5998	496.106	0	
177.439	-132.495	303.387	0	
-14.5355	-96.8328	386.408	0	
214.807	-50.7788	332.393	0	
227.722	-62.6715	323.308	0	
-226.174	-52.2763	392.002	0	
140.1	-95.1239	293.533	0	
65.7718	-108.2	256.265	0	
71.1759	-93.9508	252.045	0	
-196.369	-62.35	423.578	0	
-111.16	-95.5437	512.127	0	
-0.0955761	-124.944	319.72	0	
140.341	-120.541	296.981	0	
149.26	-111.77	300.769	0	
224.915	-82.6931	317.76	0	
-149.645	-83.0905	499.653	0	
-181.387	-78.8859	415.172	0	
-223.27	-87.3322	349.7	0	
206.301	-97.3985	311.734	0	
-122.3	-109.469	416.653	0	
89.4554	-97.3917	227.167	0	
115.761	-106.486	269.574	0	
94.5914	-125.39	273.253	0	
100.129	-108.99	285.852	0	
-212.53	-108.31	336.92	0	
-187.663	-104.4	370.187	0	
-61.1884	-90.7965	472.648	0	
-17.3938	-112.921	395.689	0	
118.793	-131.494	284.899	0	
78.5133	-128.04	286.055	0	
145.868	-135.276	300.211	0	
29.3462	-123.276	280.045	0	
-50.7969	-127.592	407.452	0	
124.844	-118.328	297.448	0	
104.171	-136.052	295.715	0	
164.24	-142.504	305.22	0	
167.986	-116.495	307.972	0	
100.66	-156.977	285.855	0	
131.518	-141.125	299.038	0	
68.4008	-148.446	280.096	0	
208.027	-119.4	306.584	0	
190.911	-84.7228	321.54	0	
-79.309	-103.773	473.071	0	
-75.0605	-123.67	399.95	0	
-150.767	-144.01	357.95	0	
-166.751	-116.842	375.548	0	
-117.627	-141.298	372.175	0	
196.992	-135.207	304.553	0	
-237.04	-135.177	333.852	0	
210.321	-157.735	302.617	0	
231.512	-122.086	304.609	0	
233.724	-149.676	301.057	0	
-94.1678	-149.074	382.258	0	
44.8253	-148.377	297.173	0	
