# File: UnstructuredGrid_Inversion_L0_Coarse_Iter04.dat
# (No specific header documentation)

-161.25	-0.496475	134.422	0	
-159.375	-0.668155	317.333	0	
-65.625	-0.431516	199.584	0	
30.625	-0.431516	245.494	0	
-144.294	-102.036	321.6	0	
126.875	-0.668155	215.254	0	
31.875	-0.668155	195.883	0	
-165.826	-72.3824	663.392	0	
-64.375	-0.668155	182.909	0	
-120.32	-2.91409	178.59	0	
-147.888	-47.073	1231.29	0	
-143.958	-2.01633	198.914	0	
-158.741	-19.8395	1011.39	0	
-159.808	-14.2913	777.974	0	
-115.104	-1.86538	215.688	0	
-108.175	-49.9394	1313.7	0	
-66.354	-1.86538	236.769	0	
-138.854	-1.86538	212.696	0	
-156.794	-6.05848	206.306	0	
-148.75	-1.09967	205.346	0	
-145.208	-2.72654	188.567	0	
-146.458	-2.01633	205.921	0	
-125.881	-3.06027	183.815	0	
-154.094	-4.85908	153.271	0	
-157.708	-2.01633	260.421	0	
-151.071	-10.8319	413.376	0	
-154.792	-2.72654	181.936	0	
-158.77	-3.86216	181.467	0	
125.625	-0.431516	239.633	0	
-24.0702	-2.91409	281.698	0	
-157.76	-5.35468	191.648	0	
-46.4583	-2.01633	212.719	0	
-157.292	-2.72654	189.248	0	
-160.13	-11.9534	625.826	0	
-18.854	-1.86538	254.655	0	
-151.295	-2.8545	189.876	0	
29.896	-1.86538	201.184	0	
-42.604	-1.86538	190.352	0	
-169.22	-2.04966	434.219	0	
-53.75	-1.09967	193.128	0	
-165.6	-1.76839	425.547	0	
-167.3	-0.925681	371.817	0	
-62.2917	-2.72654	223.223	0	
-171.389	-5.89642	426.087	0	
-61.0417	-3.47328	242.625	0	
-164.269	-10.8597	596.232	0	
-59.7917	-2.72654	246.078	0	
-68.125	-0.36089	175.318	0	
-65.5207	-2.1669	225.018	0	
-87.5	-1.09967	195.874	0	
-158.125	-0.431516	288.711	0	
-156.875	-0.668155	397.44	0	
-80.5207	-2.1669	185.125	0	
-157.5	-1.09967	204.52	0	
-70.625	-0.431516	176.243	0	
79.375	-0.668155	215.105	0	
-154.375	-0.668155	363.36	0	
55.625	-0.668155	217.951	0	
-153.125	-0.431516	305.729	0	
-150.625	-0.366631	282.352	0	
38.5417	-2.01633	195.858	0	
-153.75	-1.09967	270.571	0	
49.7917	-2.01633	227.868	0	
-155.625	-0.431516	313.386	0	
72.1798	-2.91409	268.34	0	
-162.583	-1.33918	245.391	0	
-60	-1.09967	191.837	0	
-149.375	-0.431516	238.883	0	
-155	-1.09967	145.583	0	
31.0415	-5.36053	224.256	0	
-148.125	-0.668155	301.819	0	
31.0341	-3.06466	198.678	0	
-146.875	-0.431516	242.663	0	
-147.5	-1.09967	149.173	0	
36.875	-0.668155	239.455	0	
32.7083	-2.01633	189.257	0	
-144.375	-0.431516	227.501	0	
28.125	-0.36089	216.25	0	
-137.5	-1.09967	208.434	0	
-139.375	-0.366631	206.792	0	
25.625	-0.431516	210.815	0	
-143.125	-0.668155	262.327	0	
33.75	-1.09967	192.509	0	
-143.75	-1.09967	216.587	0	
34.375	-0.668155	202.522	0	
8.75	-1.09967	126.461	0	
-136.875	-0.668155	207.154	0	
183.782	-3.55475	255.594	0	
-135.625	-0.431516	230.688	0	
-135	-0.798148	179.067	0	
135.922	-2.00504	191.116	0	
-136.25	-1.09967	208.189	0	
149.65	-2.73747	212.392	0	
131.936	-4.3008	155.291	0	
-131.25	-0.798148	224.321	0	
129.003	-2.80091	185.291	0	
-122.604	-1.86538	194.918	0	
-128.75	-1.09967	202.208	0	
129.375	-0.668155	211.459	0	
-130.625	-0.431516	216.792	0	
133.125	-0.668155	247.578	0	
-130	-1.09967	202.941	0	
141.875	-0.668155	236.137	0	
-138.125	-0.431516	227.14	0	
15.7293	-2.1669	180.337	0	
128.75	-1.09967	230.492	0	
-121.25	-1.09967	182.586	0	
120.625	-0.431516	251.698	0	
-121.875	-0.431516	224.37	0	
-120.625	-0.668155	215.619	0	
110.744	-2.06993	248.314	0	
-123.125	-0.366631	210.21	0	
123.125	-0.36089	233.871	0	
-116.875	-0.36089	230.51	0	
-120	-1.09967	167.232	0	
-133.661	-2.93321	191.306	0	
-115.625	-0.366631	232.426	0	
-114.375	-0.431516	257.047	0	
-127.5	-0.798148	183.918	0	
-113.75	-1.09967	207.803	0	
-119.375	-0.431516	227.083	0	
-115	-0.798148	204.759	0	
100.625	-0.431516	135.317	0	
-93.125	-0.668155	218.358	0	
-112.5	-1.09967	162.685	0	
-103.125	-0.668155	251.145	0	
-111.25	-0.798148	209.067	0	
-103.75	-1.09967	203.39	0	
-114.271	-2.1669	207.287	0	
-111.875	-0.431516	227.684	0	
-110.328	-2.00504	201.07	0	
-111.994	-2.06993	195.167	0	
-108.125	-0.431516	236.504	0	
-141.875	-0.431516	221.808	0	
-104.375	-0.431516	226.893	0	
-95.104	-1.86538	200.399	0	
-142.5	-1.09967	169.698	0	
-105.625	-0.366631	233.259	0	
-110.625	-0.366631	222.412	0	
-108.75	-1.09967	231.794	0	
-109.375	-0.668155	242.068	0	
-113.125	-0.668155	264.846	0	
-104.405	-3.52006	201.316	0	
-128.125	-0.431516	214.89	0	
127.708	-2.01633	194.85	0	
-102.5	-1.09967	229.841	0	
43.125	-0.668155	260.048	0	
-129.375	-0.668155	208.106	0	
-101.875	-0.431516	246.499	0	
-133.125	-0.668155	232.519	0	
-99.375	-0.668155	159.399	0	
-101.25	-0.798148	245.596	0	
-90.9973	-2.80091	180.198	0	
-134.375	-0.366631	209.117	0	
-95.625	-0.366631	267.64	0	
-150.089	-1.76841	223.073	0	
-73.854	-1.86538	258.811	0	
-92.5	-1.09967	144.064	0	
-148.968	-2.99641	185.413	0	
-94.375	-0.431516	196.779	0	
-151.875	-0.668155	296.537	0	
-93.75	-1.09967	166.88	0	
-135.744	-2.06993	197.06	0	
-149.256	-2.06993	207.961	0	
-88.75	-0.798148	212.98	0	
-147.292	-2.01633	225.751	0	
-81.354	-1.86538	178.737	0	
-86.25	-1.09967	216.59	0	
-146.25	-1.09967	216.102	0	
-88.125	-0.431516	232.838	0	
-145.625	-0.668155	289.103	0	
-156.042	-2.01633	222.992	0	
-81.875	-0.366631	180.678	0	
-150	-0.798148	204.545	0	
-79.375	-0.668155	207.88	0	
-73.75	-0.798148	262.915	0	
-153.542	-2.01633	233.197	0	
-80.625	-0.431516	209.896	0	
-155.208	-2.01633	249.279	0	
-85.625	-0.431516	232.317	0	
-156.25	-1.09967	235.365	0	
-91.875	-0.431516	220.522	0	
-138.75	-0.798148	217.874	0	
-158.75	-1.09967	221.394	0	
-72.5	-1.09967	281.828	0	
-20.625	-0.36089	196.226	0	
-73.125	-0.431516	235.714	0	
-71.875	-0.668155	161.195	0	
-23.125	-0.431516	246.893	0	
-74.375	-0.366631	231.474	0	
-158.542	-2.01633	211.642	0	
-31.25	-0.798148	198.171	0	
-71.25	-1.09967	157.413	0	
3.125	-0.668155	228.552	0	
-66.875	-0.366631	206.103	0	
30.7293	-2.1669	202.35	0	
-14.0777	-2.00504	225.619	0	
-65	-1.09967	243.349	0	
-8.15454	-3.52006	235.229	0	
-66.25	-0.798148	247.052	0	
-37.4111	-2.93321	200.309	0	
-18.0207	-2.1669	184.786	0	
-63.125	-0.431516	172.287	0	
-15.7444	-2.06993	236.45	0	
-60.625	-0.431516	173.564	0	
-59.375	-0.668155	216.757	0	
-14.375	-0.366631	241.065	0	
-61.875	-0.668155	168.092	0	
-13.125	-0.668155	312.383	0	
-46.875	-0.431516	182.507	0	
-58.125	-0.431516	190.818	0	
-33.125	-0.668155	135.618	0	
-54.375	-0.431516	196.769	0	
-53.125	-0.668155	171.299	0	
-41.7707	-2.1669	203.453	0	
-55.625	-0.366631	167.339	0	
-41.4106	-3.16569	233.048	0	
-58.75	-1.09967	222.654	0	
-44.375	-0.36089	202.562	0	
-62.5	-1.09967	178.702	0	
-6.875	-0.668155	195.035	0	
-78.75	-1.09967	214.573	0	
-152.5	-1.09967	168.076	0	
-39.4944	-2.06993	187.632	0	
-51.875	-0.431516	178.951	0	
-56.875	-0.668155	181.753	0	
-49.375	-0.431516	172.016	0	
-48.125	-0.668155	158.185	0	
-55.0889	-1.76841	189.244	0	
-48.75	-1.09967	175.959	0	
-38.125	-0.366631	179.531	0	
-42.5	-0.798148	185.399	0	
-41.25	-1.09967	181.489	0	
-50.625	-0.668155	163.746	0	
-41.875	-0.431516	215.426	0	
-40.625	-0.668155	151.753	0	
-52.2917	-2.01633	193.695	0	
-43.125	-0.366631	154.317	0	
-54.2556	-2.06993	200.391	0	
-47.5	-1.09967	184.493	0	
-53.9679	-2.99641	228.335	0	
-61.25	-1.09967	170.021	0	
-39.375	-0.431516	200.919	0	
-62.7083	-2.01633	188.976	0	
-33.75	-1.09967	185.547	0	
-35	-0.798148	155.76	0	
-55	-0.798148	176.312	0	
-38.75	-0.798148	178.55	0	
-61.0417	-2.01633	202.807	0	
-57.5	-1.09967	190.597	0	
-26.354	-1.86538	170.657	0	
-63.5417	-2.01633	201.453	0	
-31.875	-0.431516	234.662	0	
-25	-1.09967	61.1569	0	
-69.375	-0.668155	149.235	0	
-32.5	-1.09967	226.485	0	
-63.75	-1.09967	171.49	0	
-34.375	-0.431516	275.541	0	
-58.5417	-2.01633	221.217	0	
-40	-1.09967	196.815	0	
-51.25	-1.09967	175.194	0	
-73.0207	-2.1669	213.049	0	
-25.625	-0.431516	230.724	0	
-71.0417	-2.01633	178.425	0	
-18.75	-0.798148	266.778	0	
-23.75	-1.09967	320.079	0	
-70	-1.09967	181.45	0	
-24.375	-0.668155	369.621	0	
-67.5054	-1.48403	204.198	0	
-78.125	-0.431516	223.279	0	
-19.375	-0.366631	286.669	0	
-80	-1.09967	174.293	0	
-16.875	-0.668155	349.737	0	
-16.25	-1.09967	173.104	0	
93.5212	-2.84299	236.217	0	
-18.125	-0.431516	266.824	0	
-91.4583	-2.01633	182.471	0	
-17.5	-1.09967	53.6622	0	
-75.625	-0.36089	207.928	0	
82.5446	-2.8545	252.586	0	
-15	-0.798148	144.831	0	
101.503	-2.80091	223.747	0	
-12.5	-1.09967	60.9781	0	
-11.875	-0.431516	238.735	0	
83.125	-0.668155	180.221	0	
-7.5	-1.09967	212.475	0	
89.375	-0.668155	293.002	0	
81.875	-0.366631	250.751	0	
-8.125	-0.431516	236.179	0	
73.125	-0.431516	253.879	0	
-6.25	-1.09967	218.936	0	
-5.625	-0.431516	209.663	0	
66.6193	-3.06027	289.262	0	
1.14595	-1.86538	215.873	0	
75.625	-0.36089	243.95	0	
-9.375	-0.366631	212.786	0	
80.5056	-2.06993	208.877	0	
-15.625	-0.431516	270.869	0	
99.375	-0.668155	170.023	0	
-26.875	-0.366631	278.022	0	
-67.5	-0.727521	227.614	0	
-52.5	-1.09967	165.172	0	
-36.875	-0.668155	299.034	0	
-137.661	-3.16569	183.937	0	
-5	-0.798148	174.817	0	
-3.125	-0.668155	199.179	0	
63.125	-0.668155	198.078	0	
2.5	-1.09967	128.946	0	
0.625	-0.366631	254.488	0	
58.4223	-2.00504	183.537	0	
59.375	-0.668155	203.258	0	
1.875	-0.431516	241.676	0	
58.125	-0.366631	209.465	0	
3.75	-1.09967	226.894	0	
4.375	-0.431516	240.695	0	
51.875	-0.36089	236.075	0	
22.396	-1.86538	172.681	0	
56.7556	-2.06993	213.523	0	
7.5	-0.798148	168.889	0	
65.9223	-2.00504	230.698	0	
42.2821	-2.99641	238.709	0	
8.125	-0.431516	163.464	0	
41.9944	-2.06993	230.066	0	
10	-1.09967	135.29	0	
10.625	-0.431516	203.696	0	
45.625	-0.668155	214.564	0	
14.896	-1.86538	177.589	0	
53.75	-0.798148	187.269	0	
45	-1.09967	150.124	0	
15.625	-0.431516	174.79	0	
41.1611	-1.76841	237.446	0	
22.5	-0.798148	155.294	0	
17.5	-1.09967	129.428	0	
33.5417	-2.01633	184.761	0	
16.875	-0.668155	202.645	0	
39.375	-0.668155	223.483	0	
14.375	-0.366631	214.447	0	
43.9583	-2.01633	226.424	0	
23.75	-1.09967	149.273	0	
49.375	-0.431516	235.385	0	
37.7083	-2.01633	211.769	0	
21.875	-0.366631	159.858	0	
35	-1.09967	189.883	0	
24.375	-0.668155	163.153	0	
30	-0.798148	176.741	0	
35.2083	-2.01633	213.761	0	
23.125	-0.431516	195.374	0	
38.75	-1.09967	212.388	0	
28.7446	-1.48403	210.056	0	
31.25	-1.09967	180.588	0	
28.75	-0.727521	247.739	0	
125.729	-2.1669	174.695	0	
32.5	-1.09967	156.615	0	
25.2083	-2.01633	204.224	0	
29.375	-0.366631	193.669	0	
23.2293	-2.1669	186.419	0	
25	-1.09967	156.89	0	
26.875	-0.668155	174.155	0	
20.625	-0.36089	172.429	0	
36.25	-1.09967	263.619	0	
4.79167	-2.01633	205.575	0	
42.5	-1.09967	151.131	0	
37.5	-1.09967	138.01	0	
16.25	-1.09967	150.59	0	
35.625	-0.431516	256.822	0	
18.125	-0.431516	164.459	0	
151.875	-0.431516	266.619	0	
40.625	-0.366631	275.171	0	
149.375	-0.431516	259.56	0	
53.646	-1.86538	189.484	0	
43.75	-1.09967	258.67	0	
149.529	-1.8473	222.187	0	
41.875	-0.431516	294.86	0	
144.672	-2.00504	218.301	0	
38.125	-0.431516	270.5	0	
154.375	-0.36089	264.774	0	
33.125	-0.431516	234.151	0	
26.25	-1.09967	202.13	0	
44.375	-0.431516	285.143	0	
41.25	-0.798148	283.707	0	
143.006	-2.06993	205.534	0	
47.5	-1.09967	167.459	0	
138.75	-0.727521	254.289	0	
48.125	-0.668155	210.903	0	
48.75	-1.09967	238.05	0	
136.875	-0.668155	224.897	0	
46.875	-0.431516	245.088	0	
144.375	-0.366631	263.518	0	
140	-0.798148	194.871	0	
53.125	-0.366631	212.538	0	
135.625	-0.366631	238.055	0	
77.396	-1.86538	209.972	0	
56.25	-1.09967	234.141	0	
130.625	-0.366631	232.636	0	
54.375	-0.431516	208.093	0	
134.256	-2.06993	186.622	0	
55	-1.09967	145.789	0	
136.619	-3.06027	175.95	0	
121.875	-0.668155	200.396	0	
57.5	-0.798148	151.415	0	
61.25	-0.798148	243.704	0	
62.5	-1.09967	217.246	0	
61.875	-0.431516	233.873	0	
118.229	-2.1669	217.327	0	
56.875	-0.431516	245.452	0	
123.745	-1.48403	204.565	0	
120.208	-2.01633	211.563	0	
69.896	-1.86538	211.015	0	
115.625	-0.36089	210.668	0	
64.375	-0.431516	242.343	0	
71.25	-1.09967	166.306	0	
113.125	-0.431516	202.038	0	
63.75	-1.09967	158.793	0	
121.25	-1.09967	254.092	0	
69.375	-0.366631	233.103	0	
123.75	-0.727521	218.467	0	
91.25	-0.798148	218.185	0	
131.161	-1.76841	209.609	0	
106.875	-0.431516	143.483	0	
70.625	-0.431516	242.253	0	
-116.255	-1.48403	216.693	0	
77.5	-0.798148	200.152	0	
72.5	-1.09967	134.972	0	
-121.771	-2.1669	196.805	0	
71.875	-0.668155	260.995	0	
-118.125	-0.668155	223.75	0	
-119.792	-2.01633	197.683	0	
76.875	-0.366631	261.218	0	
-123.75	-0.727521	238.858	0	
124.896	-1.86538	184.081	0	
80	-1.09967	141.234	0	
-125.625	-0.668155	214.374	0	
78.125	-0.431516	211.039	0	
-118.75	-1.09967	202.555	0	
78.75	-1.09967	143.329	0	
-116.25	-0.727521	251.637	0	
-86.875	-0.668155	210.046	0	
81.25	-0.798148	233.958	0	
-90.625	-0.668155	252.701	0	
83.75	-1.09967	209.969	0	
84.375	-0.431516	257.331	0	
-92.2917	-2.01633	188.635	0	
88.75	-1.09967	121.576	0	
-98.9788	-2.84299	149	0	
-98.125	-0.431516	197.228	0	
88.125	-0.431516	157.925	0	
-109.955	-2.8545	167.601	0	
90	-1.09967	149.433	0	
90.625	-0.431516	158.184	0	
-95	-0.798148	216.035	0	
97.396	-1.86538	199.595	0	
-98.75	-1.09967	142.453	0	
86.875	-0.366631	272.517	0	
-91.25	-1.09967	185.282	0	
80.625	-0.431516	224.59	0	
-94.2707	-2.1669	183.363	0	
101.042	-2.01633	218.074	0	
145.625	-0.668155	289.863	0	
-100.625	-0.366631	225.476	0	
93.125	-0.668155	130.171	0	
-105.089	-1.76841	209.848	0	
96.875	-0.366631	159.975	0	
98.75	-1.09967	200.483	0	
-106.875	-0.668155	221.125	0	
-105	-0.798148	185.027	0	
117.396	-1.86538	211.629	0	
-107.5	-1.09967	193.816	0	
105	-1.09967	193.973	0	
103.75	-0.798148	174.474	0	
-111.161	-1.76841	188.531	0	
100	-1.09967	252.19	0	
-108.542	-2.01633	199.301	0	
98.125	-0.431516	126.459	0	
-113.909	-3.16789	165.539	0	
-140.625	-0.36089	269.715	0	
111.25	-1.09967	279.03	0	
-134.078	-2.00504	192.543	0	
109.375	-0.366631	139.977	0	
110.625	-0.431516	248.066	0	
-122.5	-0.798148	197.784	0	
106.25	-1.09967	200.546	0	
-140.005	-1.48403	221.109	0	
-126.875	-0.366631	210.364	0	
117.5	-0.798148	202.649	0	
-131.339	-1.76841	199.324	0	
118.75	-1.09967	224.704	0	
116.875	-0.366631	162.033	0	
-134.911	-1.76841	203.346	0	
112.5	-1.09967	219.252	0	
-131.875	-0.366631	214.017	0	
111.875	-0.668155	196.416	0	
-128.244	-2.06993	189.432	0	
104.375	-0.431516	126.747	0	
-110	-1.03479	185.352	0	
-151.25	-1.03479	246.76	0	
119.375	-0.668155	200.611	0	
-139.484	-2.19037	203.556	0	
120	-1.09967	241.667	0	
126.25	-1.09967	174.407	0	
-140	-0.727521	212.312	0	
125	-0.798148	173.525	0	
-150.922	-2.00504	231.071	0	
-144.792	-2.01633	229.745	0	
172.314	-2.47004	219.978	0	
-20.0054	-1.48403	209.176	0	
128.125	-0.431516	227.846	0	
132.5	-1.09967	184.662	0	
-25.5207	-2.1669	204.246	0	
127.5	-1.09967	192.117	0	
-21.875	-0.668155	363.423	0	
124.375	-0.366631	197.483	0	
-145	-1.09967	145.882	0	
-23.5417	-2.01633	229.523	0	
131.875	-0.431516	227.334	0	
-27.5	-0.727521	186.577	0	
133.75	-1.09967	191.853	0	
134.375	-0.431516	215.169	0	
-29.375	-0.668155	383.633	0	
139.896	-1.86538	217.725	0	
-22.5	-1.09967	36.6463	0	
9.375	-0.668155	241.085	0	
141.25	-1.09967	210.242	0	
5.625	-0.668155	228.779	0	
140.625	-0.431516	255.514	0	
156.146	-1.86538	215.103	0	
3.95833	-2.01633	196.134	0	
139.375	-0.366631	234.443	0	
-2.72879	-2.84299	155.372	0	
135	-0.798148	188.848	0	
1.97929	-2.1669	173.458	0	
131.25	-0.798148	222.643	0	
-20	-0.727521	172.501	0	
118.125	-0.431516	275.638	0	
-133.75	-1.03479	189.268	0	
-1.875	-0.431516	189.177	0	
143.125	-0.431516	262.964	0	
-13.7054	-2.8545	256.837	0	
150	-1.09967	214.708	0	
146.25	-1.09967	180.962	0	
1.25	-0.798148	217.594	0	
143.75	-0.798148	249.571	0	
-2.5	-1.09967	131.488	0	
-4.375	-0.366631	202.264	0	
150.625	-0.668155	239.248	0	
-8.83895	-1.76841	193.4	0	
151.25	-1.09967	214.372	0	
157.5	-1.09967	247.995	0	
-17.6594	-3.16789	242.552	0	
156.25	-0.798148	213.738	0	
-10.625	-0.668155	289.323	0	
148.125	-0.366631	263.374	0	
-5.74439	-2.06993	177.5	0	
-12.2917	-2.01633	224.59	0	
156.875	-0.431516	176.341	0	
-14.9111	-1.76841	208.734	0	
158.958	-1.16463	175.224	0	
160	-0.496475	129.804	0	
-13.75	-1.03479	254.239	0	
158.125	-0.668155	126.41	0	
-11.25	-1.09967	238.362	0	
-43.7554	-1.48403	200.444	0	
159.338	-2.74918	145.167	0	
-26.25	-0.798148	194.134	0	
164.35	-1.76839	182.45	0	
166.05	-0.925681	178.781	0	
-31.9944	-2.06993	195.972	0	
155.521	-4.78762	221.633	0	
-37.8277	-2.00504	226.84	0	
161.333	-1.33918	144.308	0	
-45.625	-0.668155	169.239	0	
155.625	-0.366631	167.778	0	
-8.75	-0.798148	212.511	0	
-35.625	-0.366631	157.463	0	
174.762	-1.34606	220.472	0	
-38.6611	-1.76841	175.735	0	
177.527	-2.9619	243.626	0	
168.496	-7.04709	218.428	0	
-37.5	-1.03479	158.538	0	
166.796	-10.6094	236.642	0	
-35.0889	-1.76841	182.522	0	
-55.9223	-2.00504	194.846	0	
154.805	-6.09945	205.825	0	
-43.75	-0.727521	215.863	0	
119.775	-42.5718	44.2242	0	
169.138	-29.3032	377.408	0	
-47.2917	-2.01633	196.399	0	
199.784	-4.78957	287.996	0	
-51.0417	-2.72654	212.25	0	
177.385	-6.05361	227.78	0	
-56.25	-1.03479	163.942	0	
-50	-1.09967	165.987	0	
-68.75	-1.02905	175.087	0	
-66.9845	-2.19037	222.248	0	
-49.7917	-2.01633	187.231	0	
28.7125	-3.24559	259.652	0	
-75.0054	-1.48403	223.301	0	
-79.0702	-2.91409	181.641	0	
-76.875	-0.668155	164.674	0	
-71.5702	-2.91409	184.588	0	
168.693	-54.0604	399.846	0	
-46.25	-1.09967	189.997	0	
167.97	-2.04966	181.315	0	
-30.625	-0.366631	208.036	0	
142.5	-1.09967	221.716	0	
5	-1.09967	121.581	0	
-75	-0.727521	212.841	0	
-101.994	-2.06993	197.691	0	
-78.5417	-2.01633	204.068	0	
65	-0.798148	143.417	0	
-77.5	-1.09967	212.01	0	
-82.5	-0.727521	205.004	0	
-84.375	-0.668155	204.67	0	
98.2293	-2.1669	231.275	0	
105.625	-0.668155	164.711	0	
92.1723	-2.00504	216.285	0	
101.875	-0.668155	167.929	0	
100.208	-2.01633	212.88	0	
101.25	-1.09967	220.763	0	
94.375	-0.431516	171.98	0	
93.75	-1.09967	166.71	0	
88.0955	-3.52006	250.526	0	
97.5	-0.798148	242.983	0	
90.5056	-2.06993	246.75	0	
91.875	-0.366631	207.807	0	
85.625	-0.668155	168.902	0	
87.4111	-1.76841	201.009	0	
82.1723	-2.00504	204.209	0	
87.5	-0.798148	210.748	0	
83.9583	-2.01633	212.721	0	
85	-1.09967	177.316	0	
81.3389	-1.76841	223.343	0	
82.5	-1.03479	222.171	0	
74.375	-0.668155	223.651	0	
76.2446	-1.48403	229.997	0	
70.7293	-2.1669	242.714	0	
76.25	-0.727521	282.193	0	
72.7083	-2.01633	240.071	0	
73.75	-1.09967	169.042	0	
68.75	-0.727521	243.425	0	
66.875	-0.668155	253.485	0	
58.8389	-2.93321	227.285	0	
70	-0.798148	163.223	0	
64.2556	-2.06993	204.797	0	
65.625	-0.366631	220.025	0	
60.625	-0.366631	227.454	0	
61.1611	-1.76841	220.448	0	
57.5889	-1.76841	201.253	0	
58.75	-1.03479	154.307	0	
50.625	-0.668155	201.143	0	
52.4946	-1.48403	226.939	0	
45.2083	-2.72654	205.342	0	
52.5	-0.727521	177.221	0	
48.9583	-2.01633	216.129	0	
50	-1.09967	203.048	0	
46.25	-1.09967	209.028	0	
46.4583	-2.01633	199.492	0	
40	-1.03479	171.54	0	
40.3277	-2.00504	208.936	0	
27.5	-1.02905	186.488	0	
29.2655	-2.19037	224.235	0	
24.6798	-2.91409	221.561	0	
121.042	-2.01633	217.607	0	
19.375	-0.668155	164.148	0	
21.2446	-1.48403	172.833	0	
17.1798	-2.91409	178.946	0	
21.25	-0.727521	195.486	0	
17.7083	-2.01633	186.555	0	
18.75	-1.09967	151.029	0	
13.75	-0.727521	234.292	0	
11.875	-0.668155	250.019	0	
153.125	-0.668155	183.947	0	
154.995	-1.48403	224.031	0	
145.155	-3.05088	203.467	0	
155	-0.727521	257.282	0	
151.458	-2.01633	224.99	0	
152.5	-1.09967	233.41	0	
146.875	-0.431516	277.341	0	
148.696	-1.54577	239.929	0	
147.758	-2.24637	198.532	0	
148.75	-0.798148	270.462	0	
143.839	-1.76841	240.586	0	
145	-1.03479	206.398	0	
138.125	-0.36089	225.986	0	
138.745	-1.48403	220.636	0	
135.089	-1.76841	206.248	0	
136.25	-1.03479	213.71	0	
130	-1.03479	220.995	0	
130.328	-2.00504	204.941	0	
122.5	-1.02905	233.122	0	
124.266	-2.19037	170.742	0	
119.68	-2.91409	218.53	0	
156.979	-2.1669	172.033	0	
114.375	-0.668155	147.288	0	
116.245	-1.48403	200.938	0	
112.163	-2.94281	225.643	0	
116.25	-0.727521	202.394	0	
112.708	-2.01633	179.489	0	
113.75	-1.09967	157.264	0	
108.125	-0.668155	175.483	0	
109.911	-1.76841	213.878	0	
-117.5	-1.02905	194.057	0	
-115.734	-2.19037	205.223	0	
-138.021	-2.1669	201.795	0	
-67.5375	-3.24559	213.405	0	
-124.375	-0.36089	214.258	0	
-123.755	-1.48403	201.739	0	
-88.0056	-2.06993	193.416	0	
-81.25	-0.798148	186.216	0	
-86.0417	-2.01633	194.321	0	
-85	-1.09967	190.619	0	
-89.375	-0.366631	218.485	0	
-88.8389	-1.76841	193.897	0	
-96.875	-0.36089	237.086	0	
-96.2554	-1.48403	229.985	0	
-95.7345	-2.19037	206.927	0	
-96.25	-0.727521	297.903	0	
-101.161	-1.76841	237.736	0	
-100	-1.03479	239.854	0	
-106.25	-1.03479	217.192	0	
-105.922	-2.00504	192.957	0	
-70.2083	-2.01633	162.701	0	
-100.328	-2.00504	180.107	0	
-141.25	-0.792406	204.148	0	
-140.814	-2.07688	192.844	0	
-153.54	-3.47677	174.237	0	
-123.787	-3.24559	189.153	0	
-127.411	-1.76841	202.395	0	
-126.25	-1.03479	199.572	0	
-132.5	-1.03479	184.381	0	
-132.172	-2.00504	215.745	0	
-118.958	-2.01633	192.485	0	
-126.578	-2.00504	191.937	0	
-202.353	-21.532	180.617	0	
-119.833	-3.79821	164.363	0	
-21.25	-1.02905	128.535	0	
-19.4845	-2.19037	196.567	0	
-27.5375	-3.24559	243.222	0	
5.25269	-2.80091	199.607	0	
-28.125	-0.36089	167.077	0	
-27.5054	-1.48403	189.006	0	
8.24439	-2.06993	156.573	0	
15	-0.798148	181.335	0	
10.2083	-2.01633	195.769	0	
11.25	-1.09967	192.512	0	
6.875	-0.366631	241.555	0	
7.41105	-1.76841	171.318	0	
-0.625	-0.36089	196.754	0	
-0.00541199	-1.48403	198.097	0	
0.51554	-2.19037	166.403	0	
0	-0.727521	188.512	0	
-4.91105	-1.76841	210.208	0	
-3.75	-1.03479	201.033	0	
-10	-1.03479	119.588	0	
-9.67228	-2.00504	200.259	0	
26.0417	-2.01633	204.26	0	
-4.07772	-2.00504	184.26	0	
-45	-1.02905	219.7	0	
-43.2345	-2.19037	220.412	0	
-50.2083	-2.72654	207.288	0	
-29.6307	-3.06027	244.098	0	
-31.1611	-1.76841	186.931	0	
-30	-1.03479	130.3	0	
-36.25	-1.03479	149.608	0	
-35.9223	-2.00504	178.055	0	
-22.7083	-2.01633	242.039	0	
-30.3277	-2.00504	244.222	0	
-60.2083	-2.01633	216.469	0	
-51.4583	-2.01633	177.548	0	
-68.3387	-1.78555	196.223	0	
-68.4751	-2.84652	188.097	0	
-76.25	-1.02905	194.591	0	
-74.4845	-2.19037	222.991	0	
-77.7083	-2.01633	190.968	0	
-105.61	-4.06799	153.212	0	
-83.125	-0.36089	238.009	0	
-82.5054	-1.48403	201.212	0	
104.494	-2.06993	196.99	0	
110	-0.798148	247.686	0	
106.458	-2.01633	179.702	0	
107.5	-1.09967	213.006	0	
103.125	-0.366631	118.026	0	
103.661	-1.76841	171.81	0	
95.625	-0.36089	110.231	0	
96.2446	-1.48403	176.296	0	
96.7655	-2.19037	233.061	0	
96.25	-0.727521	179.08	0	
91.3389	-1.76841	213.164	0	
92.5	-1.03479	274.107	0	
86.25	-1.03479	238.156	0	
86.5777	-2.00504	217.02	0	
78.2293	-2.1669	215.647	0	
78.5906	-3.16789	252.137	0	
75	-1.02905	134.85	0	
76.7655	-2.19037	248.508	0	
68.7125	-3.24559	306.833	0	
123.713	-3.24559	160.35	0	
68.125	-0.36089	234.08	0	
68.7446	-1.48403	217.115	0	
65.0889	-1.76841	195.983	0	
66.25	-1.03479	190.748	0	
60	-1.03479	163.131	0	
60.3277	-2.00504	212.553	0	
54.4793	-2.1669	210.496	0	
73.5417	-2.01633	219.844	0	
51.25	-1.02905	270.484	0	
53.0155	-2.19037	215.659	0	
40.4973	-3.78292	240.78	0	
54.8394	-3.16569	249.1	0	
39.0027	-2.80091	202.535	0	
44.7917	-2.01633	225.951	0	
27.9113	-1.78555	225.138	0	
27.7749	-2.84652	244.111	0	
20	-1.02905	168.176	0	
21.7655	-2.19037	188.893	0	
-9.36018	-4.06799	200.483	0	
18.5417	-2.01633	164.704	0	
13.125	-0.36089	196.194	0	
13.7446	-1.48403	189.881	0	
153.75	-1.02905	249.245	0	
155.516	-2.19037	211.028	0	
142.62	-3.22837	198.152	0	
144.069	-5.7607	156.19	0	
147.5	-0.798148	176.585	0	
146.771	-2.1669	224.8	0	
140.729	-2.1669	204.859	0	
150.746	-2.90651	186.455	0	
137.5	-1.02905	201.313	0	
139.266	-2.19037	205.023	0	
130.64	-4.06799	157.003	0	
141.177	-3.32534	177.482	0	
131.994	-2.06993	198.926	0	
129.955	-2.8545	183.604	0	
128.542	-2.01633	198.069	0	
127.18	-2.91409	169.525	0	
122.911	-1.78555	184.4	0	
122.775	-2.84652	178.741	0	
115	-1.02905	251.174	0	
116.766	-2.19037	181.516	0	
86.8898	-4.06799	307.774	0	
113.542	-2.01633	187.115	0	
108.75	-1.03479	183.609	0	
109.078	-2.00504	196.68	0	
-117.089	-1.78555	212.998	0	
-117.225	-2.84652	185.14	0	
-125	-1.02905	192.09	0	
-123.234	-2.19037	196.973	0	
-78.5826	-3.79821	188.25	0	
-143.899	-7.68728	346.149	0	
-90	-1.03479	168.635	0	
-89.6723	-2.00504	202.627	0	
-97.5	-0.792406	163.066	0	
-97.0644	-2.07688	178.037	0	
-116.287	-3.24559	188.663	0	
-108.125	-3.34884	176.444	0	
-104.256	-2.06993	180.427	0	
-112.466	-3.07092	161.49	0	
-107.708	-2.01633	204.291	0	
-116.633	-5.94785	189.737	0	
-141.434	-1.75189	203.834	0	
-142.267	-2.05915	214.833	0	
-130.506	-2.06993	207.882	0	
-141.756	-5.80291	195.133	0	
-140.354	-6.17065	155.983	0	
-130.457	-4.4054	173.309	0	
-20.8387	-1.78555	214.746	0	
-20.9751	-2.84652	217.813	0	
-28.75	-1.02905	125.875	0	
-26.9845	-2.19037	185.751	0	
-43.7875	-3.24559	276.483	0	
-46.3858	-5.74538	381.305	0	
6.25	-1.03479	221.692	0	
6.57772	-2.00504	207.507	0	
-1.25	-0.792406	155.409	0	
-0.814428	-2.07688	151.087	0	
-20.0375	-3.24559	248.435	0	
-11.875	-3.34884	253.237	0	
-8.00561	-2.06993	179.055	0	
-16.2164	-3.07092	228.073	0	
-11.4583	-2.01633	189.208	0	
-20.3828	-5.94785	530.84	0	
-44.5887	-1.78555	224.704	0	
-44.7251	-2.84652	253.222	0	
-34.2556	-2.06993	191.297	0	
-49.5151	-8.22246	312.447	0	
-44.2462	-5.42835	370.292	0	
-34.2075	-4.4054	289.005	0	
-75.0375	-3.24559	211.687	0	
25.1674	-3.79821	288.076	0	
-75.8387	-1.78555	203.471	0	
-75.9751	-2.84652	202.932	0	
-83.75	-1.02905	230.976	0	
-81.9845	-2.19037	187.858	0	
-90.0446	-2.8545	168.438	0	
-86.5873	-2.94281	176.83	0	
102.5	-1.03479	190.894	0	
102.828	-2.00504	202.895	0	
95	-0.792406	224.971	0	
95.4356	-2.07688	237.877	0	
76.2125	-3.24559	286.899	0	
84.375	-3.34884	262.953	0	
88.2444	-2.06993	241.601	0	
80.0336	-3.07092	236.29	0	
84.7917	-2.01633	214.731	0	
75.8672	-5.94785	328.881	0	
75.4113	-1.78555	247.354	0	
75.2749	-2.84652	258.182	0	
67.5	-1.02905	159.683	0	
69.2655	-2.19037	247.873	0	
52.4625	-3.24559	253.103	0	
49.8642	-5.74538	216.237	0	
61.9944	-2.06993	224.55	0	
46.7349	-8.22246	161	0	
52.0038	-5.42835	251.838	0	
62.0425	-4.4054	249.26	0	
51.6613	-1.78555	222.262	0	
51.5249	-2.84652	247.044	0	
21.2125	-3.24559	230.683	0	
107.75	-4.43486	147.787	0	
20.4113	-1.78555	192.498	0	
20.2749	-2.84652	194.421	0	
12.5	-1.02905	159.719	0	
14.2655	-2.19037	200.95	0	
6.20541	-2.8545	193.037	0	
9.66268	-2.94281	154.06	0	
154.161	-1.78555	213.732	0	
154.025	-2.84652	202.517	0	
152.292	-2.01633	199.882	0	
139.039	-4.35802	169.259	0	
137.911	-1.78555	210.299	0	
137.775	-2.84652	188.566	0	
116.213	-3.24559	188.223	0	
154.963	-3.24559	197.152	0	
115.411	-1.78555	174.137	0	
115.275	-2.84652	170.509	0	
107.292	-2.01633	192.222	0	
109.247	-3.78292	166.278	0	
-140.037	-3.24559	174.829	0	
-71.0826	-3.79821	180.303	0	
-124.589	-1.78555	208.154	0	
-124.725	-2.84652	179.904	0	
-92.8202	-2.91409	159.808	0	
-85.2083	-2.01633	194.168	0	
-97.684	-1.75189	183.389	0	
-98.5173	-2.05915	158.243	0	
-152.708	-2.01633	236.848	0	
-145.211	-4.15655	189.555	0	
-23.5826	-3.79821	281.755	0	
3.37811	-4.98343	228.779	0	
-28.3387	-1.78555	219.891	0	
-28.4751	-2.84652	217.297	0	
3.42981	-2.91409	182.438	0	
11.0417	-2.01633	181.41	0	
-1.43402	-1.75189	162.574	0	
-2.26735	-2.05915	166.269	0	
-48.9583	-3.47328	245.299	0	
-47.6197	-4.31165	305.638	0	
-88.4261	-3.92482	168.393	0	
-92.8719	-4.98343	160.656	0	
-83.3387	-1.78555	192.946	0	
-83.4751	-2.84652	180.492	0	
99.6798	-2.91409	249.715	0	
107.753	-2.80091	175.904	0	
94.816	-1.75189	180.354	0	
93.9827	-2.05915	209.365	0	
72.6674	-3.79821	322.138	0	
120.167	-3.79821	171.059	0	
67.9113	-1.78555	261.944	0	
67.7749	-2.84652	283.08	0	
47.2917	-3.47328	205.564	0	
50.1448	-3.88818	240.667	0	
17.6674	-3.79821	229.891	0	
-0.0374544	-3.24559	173.804	0	
12.9113	-1.78555	212.572	0	
12.7749	-2.84652	193.96	0	
148.483	-4.32001	181.259	0	
187.308	-1.93891	261.201	0	
147.862	-1.54577	245.84	0	
148.712	-3.13655	195.887	0	
133.929	-3.08731	169.539	0	
138.713	-3.24559	191.321	0	
90.6555	-3.51902	283.374	0	
102.455	-2.8545	218.24	0	
-152.829	-5.21478	162.776	0	
-131.801	-4.25718	181.164	0	
-122.157	-4.23242	177.833	0	
-96.2875	-3.24559	165.833	0	
-46.1052	-3.88818	309.871	0	
-35.5505	-4.25718	222.956	0	
-25.9071	-4.23242	305.506	0	
13.7125	-3.24559	204.855	0	
-100.639	-4.06622	141.427	0	
-82.5375	-3.24559	168.376	0	
48.6303	-4.31165	220.278	0	
96.2125	-3.24559	249.154	0	
60.6995	-4.25718	282.767	0	
70.3429	-4.23242	351.156	0	
-4.38926	-4.06622	184.098	0	
7.82395	-3.92482	171.659	0	
146.42	-3.14785	181.483	0	
147.178	-4.41078	179.927	0	
34.7917	-2.72654	193.048	0	
33.9583	-2.72654	185.351	0	
126.034	-3.06466	133.099	0	
126.041	-5.36183	139.618	0	
-147.837	-2.94281	186.299	0	
-142.682	-2.77243	182.079	0	
-160.208	-1.16463	101.249	0	
-201.338	-10.2031	205.461	0	
-153.958	-2.72654	202.304	0	
-152.247	-2.80091	189.149	0	
-156.042	-3.47328	176.528	0	
-156.458	-2.72654	211.496	0	
-52.8373	-2.94281	210.59	0	
-49.7917	-3.47328	240.191	0	
-58.9583	-2.72654	254.262	0	
-57.7083	-2.01633	220.705	0	
-56.2946	-2.8545	238.804	0	
-57.2473	-2.80091	233.178	0	
-65.2159	-3.06466	237.654	0	
-65.2085	-5.36053	221.514	0	
-72.7159	-3.06466	213.193	0	
-69.5113	-3.00667	183.897	0	
43.4127	-2.94281	229.66	0	
46.4583	-3.47328	208.872	0	
36.0417	-2.01633	218.552	0	
32.5816	-3.68836	184.945	0	
32.1798	-2.91409	189.116	0	
36.4583	-2.72654	208.481	0	
23.5341	-3.06466	225.036	0	
26.7387	-3.00667	251.236	0	
118.534	-3.06466	178.759	0	
121.739	-3.00667	174.148	0	
-121.466	-3.06466	160.682	0	
-118.261	-3.00667	180.895	0	
-93.9659	-3.06466	159.075	0	
-93.9594	-5.36183	183.18	0	
-109.003	-2.80091	184.266	0	
-107.247	-2.80091	181.018	0	
-146.042	-2.72654	211.511	0	
-147.44	-3.72538	182.894	0	
-25.2159	-3.06466	153.124	0	
-22.0113	-3.00667	193.633	0	
2.28409	-3.06466	175.688	0	
2.29056	-5.36183	265.253	0	
-12.7527	-2.80091	171.973	0	
-10.9973	-2.80091	195.581	0	
-48.9583	-2.01633	183.675	0	
-45.7613	-3.00667	264.492	0	
-52.44	-3.72538	246.777	0	
-48.5417	-2.72654	222.432	0	
-80.2159	-3.06466	170.859	0	
-77.0113	-3.00667	200.33	0	
98.5341	-3.06466	266.344	0	
98.5406	-5.36183	211.678	0	
83.4973	-2.80091	224.941	0	
85.2527	-2.80091	228.579	0	
71.0341	-3.06466	299.536	0	
74.2387	-3.00667	268.556	0	
47.2917	-2.01633	206.848	0	
50.4887	-3.00667	243.594	0	
43.81	-3.72538	239.086	0	
47.7083	-2.72654	205.003	0	
16.0341	-3.06466	194.113	0	
19.2387	-3.00667	206.99	0	
151.132	-3.93062	195.947	0	
152.989	-3.00667	210.227	0	
111.032	-2.99641	198.85	0	
114.239	-3.00667	162.209	0	
-87.7179	-2.99641	170.101	0	
-84.5113	-3.00667	179.831	0	
8.53206	-2.99641	152.261	0	
11.7387	-3.00667	203.054	0	
104.782	-2.99641	183.335	0	
102.997	-3.78292	185.804	0	
-143.54	-2.72962	208.248	0	
-140.951	-3.13784	188.435	0	
-99.9558	-2.85377	185.913	0	
-97.2008	-3.13784	167.269	0	
-3.70582	-2.85377	202.14	0	
-0.950756	-3.13784	145.564	0	
92.5442	-2.85377	271.553	0	
95.2992	-3.13784	239.181	0	
41.5739	-3.92482	256.833	0	
46.0417	-2.72654	203.324	0	
127.582	-3.68916	153.866	0	
132.502	-3.08731	159.534	0	
127.128	-4.98343	161.492	0	
128.572	-3.57598	171.292	0	
-152.662	-3.55114	178.209	0	
-152.231	-4.40508	168.383	0	
-159.148	-3.04538	172.474	0	
-165.564	-17.3854	775.842	0	
-154.373	-3.97501	169.938	0	
-150.753	-3.78292	173.892	0	
-160.293	-8.30276	432.065	0	
-155.208	-3.47328	184.442	0	
-158.057	-10.316	508.907	0	
-143.957	-3.47621	185.447	0	
-58.5398	-3.47677	262.266	0	
-57.2309	-4.40508	282.151	0	
-61.4583	-2.72654	227.33	0	
-57.6621	-3.55114	269.152	0	
-62.7232	-3.50081	229.807	0	
-55.7527	-3.78292	256.275	0	
-64.0702	-2.91409	221.264	0	
-63.6684	-3.68836	235.523	0	
-61.8899	-3.99904	254.01	0	
-60.2083	-3.47328	260.068	0	
-72.8478	-5.56717	185.93	0	
-69.264	-5.46522	180.802	0	
39.9554	-2.8545	216.892	0	
39.0191	-4.40508	241.364	0	
37.2917	-2.72654	197.504	0	
38.5879	-3.55114	214.713	0	
34.3601	-3.99904	184.766	0	
37.7102	-3.47677	205.46	0	
35.2083	-3.47328	191.95	0	
33.5268	-3.50081	187.156	0	
23.4022	-5.56717	338.792	0	
26.986	-5.46522	329.354	0	
118.402	-5.56717	164.501	0	
114.489	-5.47929	168.209	0	
-121.598	-5.56717	161.612	0	
-125.6	-5.31383	182.372	0	
-92.4178	-3.68916	167.609	0	
-89.5027	-3.78292	174.845	0	
-90.9952	-4.42757	177.315	0	
-86.1036	-3.83222	171.849	0	
-109.687	-5.39772	169.525	0	
-106.295	-2.8545	187.746	0	
-110.64	-4.06799	155.815	0	
-98.2818	-3.59669	161.733	0	
-146.478	-3.50911	186.287	0	
-141.985	-3.52613	190.22	0	
-25.3478	-5.56717	375.415	0	
-29.3495	-5.31383	391.402	0	
3.83223	-3.68916	216.614	0	
6.7473	-3.78292	210.656	0	
5.25478	-4.42757	249.357	0	
10.1464	-3.83222	192.932	0	
-13.4371	-5.39772	385.866	0	
-10.0446	-2.8545	184.564	0	
-14.3898	-4.06799	279.306	0	
-2.03178	-3.59669	194.498	0	
-51.4777	-3.50911	232.983	0	
-47.7083	-2.72654	234.682	0	
-51.0637	-4.19254	259.138	0	
-47.2189	-3.60804	275.978	0	
-80.3478	-5.56717	178.539	0	
-84.2613	-5.47929	195.776	0	
100.082	-3.68916	234.764	0	
112.646	-3.83222	163.817	0	
110.324	-3.92482	213.77	0	
107.317	-3.58364	183.317	0	
82.8129	-5.39772	321.705	0	
86.2054	-2.8545	241.399	0	
81.8602	-4.06799	278.827	0	
94.2182	-3.59669	266.538	0	
70.9022	-5.56717	368.967	0	
66.9005	-5.31383	292.898	0	
44.7723	-3.50911	225.372	0	
48.5417	-2.72654	215.357	0	
45.1863	-4.19254	230.458	0	
49.0311	-3.60804	234.266	0	
15.9022	-5.56717	259.646	0	
11.9887	-5.47929	248.704	0	
108.705	-2.8545	201.676	0	
101.072	-3.57598	231.601	0	
-91.4282	-3.57598	163.713	0	
-94.651	-4.21812	157.301	0	
4.82178	-3.57598	208.343	0	
1.59897	-4.21812	189.238	0	
105.913	-2.94281	196.501	0	
106.31	-3.72554	160.198	0	
97.849	-4.21812	232.756	0	
101.505	-4.42757	187.2	0	
-144.792	-3.47313	201.27	0	
-146.064	-4.19253	191.408	0	
-103.124	-4.43041	120.322	0	
-108.125	-4.73217	144.932	0	
-6.87403	-4.43041	81.0305	0	
-11.875	-4.73217	276.558	0	
89.376	-4.43041	312.492	0	
84.375	-4.73217	324.625	0	
121.393	-3.89079	181.077	0	
143.936	-3.97268	173.964	0	
125.349	-4.21812	151.497	0	
129.043	-4.50658	161.349	0	
-154.834	-5.62943	172.626	0	
-149.676	-3.92482	163.991	0	
-156.465	-4.16242	186.024	0	
-88.4597	-6.17559	204.171	0	
-157.746	-3.54331	193.274	0	
-157.336	-4.23245	184.899	0	
-155.953	-5.20944	176.644	0	
-151.274	-4.58327	167.861	0	
-87.8931	-5.00841	184.536	0	
-54.6761	-3.92482	266.473	0	
-59.3731	-3.97501	281.259	0	
7.79028	-6.17559	266.229	0	
-65.9011	-4.21822	216.974	0	
-59.3047	-5.11624	287.551	0	
-64.1215	-4.98124	221.372	0	
-60.5387	-5.90518	285.95	0	
8.35687	-5.00841	227.995	0	
92.527	-5.11846	302.665	0	
30.3489	-4.21822	248.112	0	
32.1285	-4.98124	211.389	0	
36.0417	-3.47328	204.596	0	
34.378	-5.06466	191.984	0	
35.7113	-5.90518	198.183	0	
36.8769	-3.97501	211.268	0	
-101.844	-3.51902	215.996	0	
-99.973	-5.11846	189.36	0	
-145.501	-5.7656	213.714	0	
-69.8571	-3.89079	171.414	0	
-156.677	-7.51666	265.159	0	
-49.707	-5.1949	300.055	0	
-148.977	-5.20289	165.998	0	
-147.813	-5.59213	167.161	0	
-5.59449	-3.51902	271.21	0	
-3.72305	-5.11846	288.896	0	
-56.2742	-4.58327	290.095	0	
26.3929	-3.89079	302.402	0	
-39.9676	-3.06872	231.415	0	
46.543	-5.1949	223.116	0	
-53.9766	-5.20289	277.01	0	
-50.211	-4.15672	267.171	0	
-55.8234	-5.70833	284.221	0	
-48.5258	-4.17689	286.283	0	
-52.8132	-5.59213	310.59	0	
-47.2738	-5.38006	331.343	0	
91.8607	-4.06622	275.011	0	
105.879	-5.0575	143.137	0	
36.9453	-5.11624	218.771	0	
130.158	-4.945	163.932	0	
56.2824	-3.06872	260.092	0	
110.29	-6.17488	177.991	0	
42.2734	-5.20289	311.837	0	
46.039	-4.15672	219.317	0	
40.4266	-5.70833	307.954	0	
47.7242	-4.17689	220.36	0	
39.9758	-4.58327	257.398	0	
48.9762	-5.38006	238.941	0	
-90.0224	-4.58092	177.245	0	
-89.5124	-5.89001	197.579	0	
6.22758	-4.58092	236.283	0	
6.73765	-5.89001	297.763	0	
102.928	-5.70651	121.877	0	
107.848	-6.54104	131.8	0	
104.074	-3.92482	187.769	0	
104.773	-5.20318	127.992	0	
99.6281	-4.98343	188.083	0	
102.478	-4.58092	192.729	0	
-150.823	-5.70833	165.587	0	
-143.779	-5.33843	197.451	0	
76.6284	-4.52398	370.506	0	
144.244	-11.4317	201.27	0	
128.127	-5.50143	161.45	0	
128.872	-6.93342	192.702	0	
-158.777	-5.20944	245.525	0	
-143.448	-4.30353	187.566	0	
-161.732	-2.79975	183.948	0	
-207.299	-15.0218	212.346	0	
-182.365	-35.5359	394.509	0	
-79.1691	-5.28353	193.241	0	
-150.997	-8.59138	286.943	0	
-57.1302	-6.3947	302.373	0	
-61.872	-5.06466	248.523	0	
-58.0402	-5.47194	293.647	0	
-115.872	-4.52398	157.913	0	
17.0809	-5.28353	265.002	0	
-19.6216	-4.52398	383.359	0	
108.728	-4.58055	175.942	0	
38.2098	-5.47194	263.43	0	
43.4368	-5.59213	283.114	0	
-139.58	-4.60081	181.149	0	
-145.691	-7.03602	201.494	0	
-96.7489	-6.89898	230.43	0	
-97.1496	-5.26597	188.666	0	
-149.602	-6.18605	174.846	0	
-134.449	-4.25718	168.17	0	
-31.5017	-4.16217	300.036	0	
39.1198	-6.3947	287.542	0	
-0.498874	-6.89898	382.782	0	
-0.89962	-5.26597	247.6	0	
-70.5474	-6.44535	177.224	0	
-54.6024	-6.18605	314.407	0	
-52.4014	-4.79453	264.072	0	
-51.4417	-5.03664	284.536	0	
-52.0429	-7.10465	284.181	0	
-50.5017	-5.76581	298.624	0	
-54.1682	-7.76797	261.235	0	
-36.3389	-2.93321	228.857	0	
-48.8551	-5.21507	312.481	0	
-48.0926	-6.0103	349.925	0	
64.7483	-4.16217	278.741	0	
110.857	-5.00834	152.014	0	
95.7511	-6.89898	129.642	0	
95.3504	-5.26597	213.469	0	
25.7026	-6.44535	351.495	0	
41.6476	-6.18605	306.921	0	
43.8486	-4.79453	268.428	0	
44.8083	-5.03664	241.404	0	
44.2071	-7.10465	279.305	0	
45.7483	-5.76581	236.851	0	
42.0818	-7.76797	347.93	0	
59.9111	-2.93321	219.611	0	
47.3949	-5.21507	227.056	0	
48.1574	-6.0103	196.52	0	
-91.9104	-5.42242	186.884	0	
-90.925	-6.50437	231.289	0	
4.33964	-5.42242	292.974	0	
5.32497	-6.50437	373.591	0	
106.858	-5.46739	141.351	0	
109.237	-5.889	137.945	0	
45.559	-7.03622	231.17	0	
104.147	-6.18687	140.68	0	
100.59	-5.42242	186.119	0	
100.817	-6.41692	132.258	0	
-147.401	-4.79453	181.251	0	
-146.442	-5.03663	180.63	0	
-147.043	-7.10465	208.319	0	
-144.707	-5.19453	185.371	0	
-149.168	-7.76797	213.999	0	
-132.589	-2.93321	179.994	0	
-154.178	-7.28627	209.125	0	
-151.919	-6.13754	193.196	0	
-67.2642	-6.91889	194.462	0	
-50.691	-7.03622	339.25	0	
28.9858	-6.91889	263.843	0	
57.9209	-9.10125	173.597	0	
-165.569	-3.72058	334.136	0	
-124.19	-5.40086	192.357	0	
-65.8105	-6.63734	191.857	0	
-38.3291	-9.10125	303.541	0	
-59.0799	-8.70786	247.375	0	
-25.746	-9.39498	743.866	0	
-36.875	-5.27905	305.483	0	
-45.618	-4.95711	344.595	0	
30.4395	-6.63734	244.794	0	
104.619	-8.07335	91.0983	0	
37.1701	-8.70786	252.678	0	
121.986	-5.46522	181.203	0	
59.375	-5.27905	267.263	0	
50.632	-4.95711	257.95	0	
-100.432	-7.15932	236.316	0	
-118.014	-5.46522	171.354	0	
-4.18243	-7.15932	418.605	0	
-21.764	-5.46522	442.675	0	
101.373	-10.8863	74.1029	0	
97.6668	-7.08742	118.106	0	
74.486	-5.46522	393.818	0	
92.0676	-7.15932	178.047	0	
-142.782	-6.56075	170.95	0	
-142.334	-4.31064	168.809	0	
-152.527	-7.43868	188.093	0	
-121.996	-9.39498	339.955	0	
-136.218	-3.06872	176.797	0	
-128.568	-3.08143	178.908	0	
-38.1995	-4.25718	253.183	0	
-32.318	-3.08143	235.596	0	
58.0505	-4.25718	290.585	0	
63.932	-3.08143	231.511	0	
133.106	-6.04794	159.866	0	
130.428	-6.60412	176.09	0	
123.985	-6.91734	207.006	0	
150.848	-20.0464	298.259	0	
-155.18	-8.32445	299.4	0	
-52.0799	-10.5411	222.289	0	
-40.8588	-5.44334	312.133	0	
-43.3792	-4.50999	325.315	0	
55.3912	-5.44334	275.931	0	
52.8708	-4.50999	290.439	0	
-87.5848	-7.52916	290.923	0	
-84.8609	-3.89608	166.01	0	
8.66524	-7.52916	352.374	0	
11.3891	-3.89608	197.607	0	
120.703	-6.44535	190.449	0	
113.889	-3.89608	177.191	0	
-94.8332	-7.08742	230.303	0	
-127.752	-4.16217	173.959	0	
-136.015	-9.53859	265.601	0	
-118.607	-3.89079	168.821	0	
-44.375	-6.99919	448.608	0	
-22.3571	-3.89079	314.645	0	
-42.8302	-8.44515	381.626	0	
-40.8536	-7.44458	448.606	0	
51.875	-6.99919	216.751	0	
73.8929	-3.89079	316.775	0	
53.4198	-8.44515	154.226	0	
55.3964	-7.44458	341.874	0	
-45.8903	-7.18841	381.57	0	
-48.1439	-7.56208	366.664	0	
50.3597	-7.18841	230.315	0	
48.1061	-7.56208	214.614	0	
-141.655	-10.9683	648.538	0	
-134.129	-6.10622	179.331	0	
-52.772	-8.29733	322.491	0	
-46.8296	-8.37487	402.92	0	
43.478	-8.29733	244.397	0	
49.4204	-8.37487	115.937	0	
-164	-0.842706	286.039	0	
-160.19	-2.6252	199.606	0	
-171.26	-1.12398	370.556	0	
-163.118	-4.25546	363.057	0	
157.984	-3.31993	214.577	0	
162.75	-0.842706	153.08	0	
160.879	-2.92373	163.517	0	
162.233	-4.81544	189.571	0	
149.806	-4.94504	177.056	0	
157.495	-4.95032	176.379	0	
136.186	-4.14103	161.125	0	
140.456	-4.52612	181.249	0	
-73.4071	-4.23242	199.673	0	
-71.6691	-5.28353	178.979	0	
-80.4167	-10.3326	491.626	0	
-64.8646	-8.3096	188.548	0	
-77.3571	-3.89079	187.123	0	
-74.2262	-6.72899	261.065	0	
22.8429	-4.23242	287.411	0	
24.5809	-5.28353	342.536	0	
15.8333	-10.3326	195.889	0	
31.3854	-8.3096	210.135	0	
18.8929	-3.89079	231.252	0	
22.0238	-6.72899	274.372	0	
117.843	-4.23242	198.938	0	
119.581	-5.28353	199.955	0	
112.877	-7.50462	228.996	0	
125.437	-6.63718	192.578	0	
111.164	-7.52928	178.914	0	
117.03	-6.73778	219.003	0	
-120.419	-5.28353	179.308	0	
-119.297	-6.44535	189.835	0	
-147.08	-10.5411	397.53	0	
-106.019	-7.46803	216.739	0	
-144.559	-9.99967	330.993	0	
-147.772	-8.29733	267.191	0	
-24.1691	-5.28353	448.902	0	
-23.0474	-6.44535	587.906	0	
1.41684	-7.08742	334.125	0	
-9.76913	-7.46803	383.796	0	
-27.9404	-5.40086	428.967	0	
-23.5704	-9.08967	774.858	0	
-80.9071	-4.23242	176.943	0	
-78.0474	-6.44535	225.97	0	
-74.2388	-9.20929	249.771	0	
-76.764	-5.46522	208.032	0	
-81.7196	-6.73778	278.262	0	
-82.2148	-8.98906	371.235	0	
72.0809	-5.28353	377.347	0	
73.2026	-6.44535	297.186	0	
102.182	-6.54766	143.627	0	
86.4809	-7.46803	324.694	0	
68.3096	-5.40086	314.826	0	
93.8488	-8.33358	155.2	0	
15.3429	-4.23242	223.191	0	
18.2026	-6.44535	299.514	0	
22.0112	-9.20929	260.004	0	
19.486	-5.46522	290.392	0	
14.5304	-6.73778	272.561	0	
14.0352	-8.98906	283.72	0	
112.049	-4.96932	192.978	0	
113.194	-6.11121	161.484	0	
107.957	-10.0357	170.677	0	
114.373	-9.53907	232.916	0	
-86.7013	-4.9694	181.967	0	
-85.556	-6.11128	202.863	0	
-85.8729	-7.50385	273.983	0	
-84.3782	-9.53722	463.911	0	
9.54871	-4.9694	212.798	0	
10.694	-6.11128	270.906	0	
10.3771	-7.50385	305.862	0	
11.8718	-9.53722	317.926	0	
132.08	-7.47425	204.417	0	
134.746	-4.16808	155.775	0	
124.075	-4.31071	137.828	0	
123.313	-5.73457	155.441	0	
-67.1755	-4.31081	205.94	0	
-67.9367	-5.73467	181.142	0	
29.0745	-4.31081	290.777	0	
28.3133	-5.73467	354.457	0	
-95.9255	-4.31071	154.141	0	
-98.5926	-4.6597	138.471	0	
-103.786	-7.04865	240.685	0	
-106.563	-5.39772	187.267	0	
0.324502	-4.31071	187.171	0	
-2.3426	-4.6597	198.577	0	
-7.5359	-7.04865	328.417	0	
-10.3129	-5.39772	337.62	0	
96.5745	-4.31071	256.961	0	
93.9074	-4.6597	254.009	0	
88.7141	-7.04865	186.533	0	
103.633	-8.96714	118.894	0	
-62.0477	-8.8546	224.718	0	
34.2023	-8.8546	214.689	0	
-65.6604	-12.2385	217.078	0	
44.1701	-10.5411	226.094	0	
-43.9291	-11.1429	445.94	0	
106.762	-8.25621	149.844	0	
40.691	-8.79126	285.549	0	
126.259	-8.10539	241.325	0	
30.5896	-12.2385	140.403	0	
128.121	-8.37598	241.862	0	
98.349	-8.47005	124.203	0	
102.415	-7.9218	85.747	0	
-155.111	-10.7469	447.916	0	
-60.5733	-7.64358	212.76	0	
138.321	-5.52235	173.183	0	
152.541	-4.03078	171.454	0	
-138.552	-9.35636	315.935	0	
-137.06	-5.53416	185.765	0	
-129.996	-3.08143	180.337	0	
-129.047	-6.04201	189.622	0	
-33.7459	-3.08143	183.371	0	
-32.7973	-6.04201	386.795	0	
62.5041	-3.08143	247.689	0	
63.4527	-6.04201	260.917	0	
131.229	-11.2697	329.718	0	
151.99	-6.88415	197.102	0	
136.941	-5.40234	167.178	0	
141.133	-5.9764	172.917	0	
-74.6816	-4.325	214.484	0	
-75.4428	-5.74886	194.976	0	
21.5684	-4.325	294.742	0	
20.8072	-5.74886	336.426	0	
116.568	-4.325	162.282	0	
115.814	-5.75765	178.366	0	
-123.432	-4.325	158.379	0	
-126.314	-4.14101	170.026	0	
-115.576	-8.16642	286.363	0	
-113.246	-5.34905	179.492	0	
-27.1816	-4.325	268.659	0	
-30.0644	-4.14101	338.93	0	
-19.3257	-8.16642	752.731	0	
-16.996	-5.34905	387.052	0	
-82.1816	-4.325	184.114	0	
-82.9362	-5.75765	173.812	0	
69.0684	-4.325	379.288	0	
66.1856	-4.14101	306.721	0	
76.9243	-8.16642	367.554	0	
79.254	-5.34905	287.716	0	
14.0684	-4.325	240.431	0	
13.3138	-5.75765	253.871	0	
105.405	-12.0508	293.153	0	
116.536	-8.99008	282.42	0	
-93.9774	-8.66503	370.435	0	
-91.6041	-8.13534	346.77	0	
2.27255	-8.66503	484.407	0	
4.64589	-8.13534	497.185	0	
129.195	-10.2093	318.717	0	
146.046	-6.10183	170.502	0	
134.488	-5.91521	163.797	0	
135.867	-6.69788	172.969	0	
121.43	-8.68418	287.477	0	
123.385	-8.88682	260.032	0	
-69.8214	-8.68669	229.135	0	
-67.8655	-8.89079	180.31	0	
26.4286	-8.68669	241.377	0	
28.3845	-8.89079	251.361	0	
-66.1145	-9.89368	207.679	0	
-95.0051	-12.6851	814.598	0	
-55.559	-8.79126	293.057	0	
1.24494	-12.6851	373	0	
85.9371	-5.39772	282.518	0	
70.504	-9.39498	168.706	0	
99.9643	-7.8529	90.4054	0	
101.084	-8.78437	120.493	0	
-119.82	-9.08967	390.157	0	
-122.652	-7.0343	249.752	0	
-127.769	-5.79877	183.356	0	
-125.499	-7.54635	248.319	0	
-48.3872	-12.3828	247.793	0	
-26.4019	-7.0343	602.564	0	
-31.5194	-5.79877	413.059	0	
-29.2492	-7.54635	524.984	0	
47.8628	-12.3828	44.9702	0	
69.8481	-7.0343	242.425	0	
64.7306	-5.79877	240.818	0	
67.0008	-7.54635	147.567	0	
140.302	-7.00568	186.478	0	
142.7	-6.86574	170.972	0	
125.012	-9.68556	317.048	0	
195.519	-2.32667	276.546	0	
-98.6512	-8.33358	364.02	0	
35.6767	-7.64358	242.205	0	
-2.40124	-8.33358	338.022	0	
103.223	-11.1651	120.506	0	
72.6796	-9.08967	269.5	0	
95.07	-11.0041	75.2219	0	
-136.973	-6.98397	199.551	0	
-135.349	-7.69153	252.675	0	
-32.1235	-10.677	451.557	0	
-33.5046	-8.27657	541.485	0	
64.1265	-10.677	77.7286	0	
97.6545	-10.9522	64.813	0	
80.0504	-6.99449	415.625	0	
151.079	-11.5903	256.508	0	
-78.2205	-8.73643	309.25	0	
30.1355	-9.89368	143.988	0	
8.79112	-11.9339	380.097	0	
110.443	-9.50362	207.266	0	
-126.434	-6.49884	190.778	0	
-123.97	-6.77541	189.237	0	
-30.1836	-6.49884	446.264	0	
-27.72	-6.77541	473.047	0	
66.0664	-6.49884	292.736	0	
68.53	-6.77541	314.799	0	
150.025	-6.43618	194.283	0	
153.18	-5.49318	219.619	0	
147.57	-7.50219	179.628	0	
142.406	-9.04296	200.405	0	
-113.344	-8.75328	378.304	0	
-118.411	-11.2883	481.263	0	
-114.541	-4.53464	165.754	0	
-111.901	-4.28441	148.609	0	
-17.0944	-8.75328	646.091	0	
-21.2298	-10.3281	778.872	0	
-18.2907	-4.53464	285.302	0	
-15.6508	-4.28441	318.8	0	
79.1556	-8.75328	229.766	0	
75.0202	-10.3281	72.38	0	
77.9593	-4.53464	325.466	0	
80.5992	-4.28441	301.804	0	
-63.1585	-5.8593	243.395	0	
-63.2996	-7.91085	185.43	0	
33.0915	-5.8593	185.256	0	
32.9504	-7.91085	201.333	0	
-205.568	-32.9721	188.565	0	
-158.17	-8.54355	363.458	0	
-42.0494	-4.51844	296.386	0	
-39.5061	-4.39269	252.294	0	
54.2006	-4.51844	291.113	0	
56.7439	-4.39269	300.713	0	
-138.25	-4.60927	165.717	0	
-135.756	-4.39269	170.279	0	
132.732	-9.94285	282.749	0	
140.759	-8.90393	196.476	0	
-131.823	-7.75398	233.944	0	
-88.3496	-9.59591	497.334	0	
-29.7584	-9.79585	687.218	0	
7.90043	-9.59591	442.732	0	
62.7454	-8.27657	139.386	0	
52.3209	-11.1429	70.0352	0	
86.5779	-13.8833	212.134	0	
208.99	-5.28426	297.072	0	
-59.5306	-11.2795	191.336	0	
-57.3001	-7.89572	242.068	0	
36.7194	-11.2795	296.46	0	
38.9499	-7.89572	366.599	0	
138.907	-6.71973	185.591	0	
136.37	-8.16582	219.37	0	
138.03	-8.06765	201.015	0	
139.214	-9.60327	227.021	0	
134.987	-10.2845	285.382	0	
161.413	-6.92918	225.13	0	
119.235	-10.2813	399.471	0	
95.7393	-17.4777	218.234	0	
-50.1748	-10.5347	325.408	0	
-46.4132	-10.8834	342.322	0	
46.0752	-10.5347	105.477	0	
49.8368	-10.8834	143.501	0	
-176.012	-1.34606	328.029	0	
-160.335	-6.5477	327.232	0	
-161.831	-10.7403	588.89	0	
-188.999	-19.3034	229.075	0	
158.946	-6.83953	242.94	0	
170.01	-1.12398	201.39	0	
-87.4589	-11.9339	708.434	0	
99.5587	-12.4369	164.818	0	
18.0295	-8.73643	271.24	0	
4.49832	-12.069	460.479	0	
-153.134	-12.2646	609.05	0	
-148.55	-12.2522	545.763	0	
-121.489	-14.4624	757.9	0	
-126.008	-9.79585	430.25	0	
104.932	-18.5916	521.917	0	
112.453	-11.0673	376.761	0	
-91.7517	-12.069	657.387	0	
-71.535	-10.5118	300.822	0	
5.3409	-14.035	356.961	0	
24.715	-10.5118	138.775	0	
-112.45	-6.99449	212.916	0	
-129.168	-15.7527	747.638	0	
-16.1996	-6.99449	605.719	0	
-27.5734	-11.3856	585.579	0	
-144.852	-16.8136	1048.07	0	
-124.741	-12.1163	537.482	0	
-37.2846	-13.6039	341.662	0	
-6.7017	-12.0229	449.966	0	
66.4916	-9.79585	127.07	0	
58.9654	-13.6039	169.54	0	
112.419	-14.9051	490.806	0	
127.849	-11.938	384.887	0	
147.347	-10.4774	239.121	0	
153.266	-9.06305	269.256	0	
-122.779	-11.9203	595.354	0	
-102.474	-8.42323	389.484	0	
-20.7162	-13.563	575.339	0	
-6.22447	-8.42323	291.752	0	
75.5338	-13.563	142.875	0	
90.0255	-8.42323	271.256	0	
68.6766	-11.3856	23.0793	0	
136.037	-12.2238	282.535	0	
-61.6144	-11.5018	184.807	0	
-55.5379	-10.963	190.713	0	
34.6356	-11.5018	193.931	0	
40.7121	-10.963	287.736	0	
128.852	-14.5637	408.328	0	
235.957	-15.9774	278.377	0	
-178.777	-2.9619	308.312	0	
-162.755	-6.23594	366.452	0	
-156.495	-11.7116	544.641	0	
-221.912	-14.5162	222.234	0	
-169.141	-4.00209	399.826	0	
-167.19	-4.8303	466.599	0	
164.287	-4.15658	171.027	0	
166.707	-4.43785	195.691	0	
155.354	-8.54876	237.764	0	
132.793	-16.0264	339.734	0	
-53.4549	-12.1835	258.369	0	
-9.67296	-13.8421	66.6671	0	
42.7951	-12.1835	119.164	0	
33.1604	-13.2995	151.25	0	
-53.1756	-15.7705	187.711	0	
-138.938	-7.6289	244.903	0	
-134.594	-10.3937	499.137	0	
-155.484	-17.2341	909.483	0	
-127.52	-14.6602	746.462	0	
-47.7993	-19.2086	181.669	0	
-31.0758	-17.4153	111.265	0	
48.4507	-19.2086	38.7847	0	
65.1742	-17.4153	43.6934	0	
131.221	-14.31	398.091	0	
153.572	-16.0839	399.837	0	
-157.266	-14.2011	773.075	0	
43.0744	-15.7705	111.203	0	
11.0506	-11.9005	274.444	0	
89.5492	-12.064	54.6644	0	
125.528	-11.6848	411.302	0	
119.86	-13.8177	515.488	0	
-167.135	-7.23969	456.364	0	
-192.539	-4.26558	226.69	0	
-133.857	-13.0595	728.321	0	
-129.198	-9.41262	354.796	0	
-228.19	-24.6897	175.43	0	
-128.413	-13.1119	570.671	0	
-132.411	-9.49708	346.196	0	
-132.552	-6.10622	178.567	0	
-166.307	-13.5038	738.967	0	
-108.605	-11.4398	738.133	0	
-130.943	-10.541	369.156	0	
-129.662	-7.54154	234.048	0	
-131.112	-14.0765	666.089	0	
-127.757	-10.8627	426.135	0	
-135.282	-19.8734	1190.12	0	
-102.952	-12.0229	830.566	0	
-130.381	-12.4546	601.402	0	
-128.544	-17.3008	1085.45	0	
-148.258	-15.1857	865.529	0	
-3.6662	-13.8175	141.63	0	
-125.443	-18.0933	1089.47	0	
-125.597	-14.7313	767.876	0	
-62.6835	-17.1843	306.14	0	
-85.1994	-11.9005	681.504	0	
-124.144	-16.6164	928.262	0	
-121.999	-16.5434	984.836	0	
-91.6409	-16.373	1071.94	0	
-70.7541	-13.472	470.483	0	
4.6091	-16.373	249.065	0	
25.4959	-13.472	81.5551	0	
-110.152	-7.25958	224.785	0	
-116.205	-10.7321	560.646	0	
-13.9017	-7.25958	494.658	0	
-12.3545	-11.4398	497.837	0	
82.3483	-7.25958	268.028	0	
83.8955	-11.4398	97.7489	0	
-83.8414	-14.5362	941.999	0	
-76.2546	-10.6507	476.247	0	
12.4086	-14.5362	131.915	0	
19.9954	-10.6507	112.203	0	
-97.6578	-11.3921	769.143	0	
-90.4292	-10.045	486.865	0	
-1.40778	-11.3921	483.697	0	
5.82085	-10.045	517.711	0	
-111.605	-11.7939	601.94	0	
-108.046	-8.66433	405.833	0	
-15.3552	-11.7939	427.688	0	
-11.7958	-8.66433	375.661	0	
80.8948	-11.7939	302.473	0	
84.4542	-8.66433	252.808	0	
-57.7296	-12.6391	226.87	0	
-56.3189	-16.133	248.829	0	
38.5204	-12.6391	154.749	0	
39.9311	-16.133	134.176	0	
-173.564	-2.47004	373.709	0	
-165.151	-8.11045	534.272	0	
157.521	-9.12614	249.571	0	
160.271	-11.5138	334.991	0	
-36.2393	-7.66183	427.948	0	
-40.908	-14.645	123.563	0	
60.0107	-7.66183	350.085	0	
55.342	-14.645	25.3189	0	
92.8124	-13.4707	98.5496	0	
138.603	-11.6407	269.956	0	
-114.482	-16.5569	1188.76	0	
-119.297	-14.1357	862.039	0	
-106.853	-18.8267	1278.91	0	
-90.9091	-14.035	957.473	0	
-63.0896	-13.2995	311.38	0	
-81.2221	-13.5164	813.198	0	
-119.75	-18.497	1134.65	0	
-105.923	-13.8421	1036.81	0	
-99.9162	-13.8175	1007.35	0	
-124.617	-21.7604	1238.66	0	
15.0279	-13.5164	114.983	0	
33.5665	-17.1843	184.234	0	
-177.258	-5.78191	348.359	0	
-175.551	-13.7225	560.555	0	
-170.014	-8.10752	524.299	0	
-170.068	-11.6224	505.487	0	
123.346	-14.3333	483.541	0	
130.766	-41.4755	77.9457	0	
-117.966	-16.82	1008.7	0	
-113.607	-13.3165	828.811	0	
-93.8748	-11.0032	664.17	0	
-93.6138	-16.0889	1112.56	0	
2.37524	-11.0032	510.2	0	
2.63623	-16.0889	307.565	0	
-136.481	-15.5337	1044.17	0	
46.237	-15.9763	18.0867	0	
-50.013	-15.9763	341.939	0	
-33.8137	-14.565	438.835	0	
-118.828	-25.8063	1356.07	0	
62.4363	-14.565	40.646	0	
-89.2433	-18.71	1225.99	0	
-88.6959	-14.349	955.598	0	
7.00668	-18.71	147.231	0	
7.55411	-14.349	256.102	0	
-158.473	-25.925	1157.12	0	
-57.5305	-27.6829	1032.51	0	
-87.3706	-17.1144	1104.76	0	
-82.1404	-18.8236	1152.49	0	
-17.0729	-14.4419	341.185	0	
125.77	-16.4577	439.444	0	
8.87942	-17.1144	196.298	0	
14.1096	-18.8236	64.1186	0	
218.789	-9.67962	288.894	0	
183.637	-7.09149	257.858	0	
135.243	-14.7675	339.722	0	
140.335	-13.8884	267.109	0	
-181.714	-1.61583	269.243	0	
-173.773	-5.29005	351.374	0	
163.087	-10.0309	247.472	0	
180.465	-1.61583	241.454	0	
-76.9341	-14.5113	744.675	0	
-67.81	-14.1067	372.402	0	
19.3159	-14.5113	84.2509	0	
28.44	-14.1067	83.0021	0	
-162.174	-17.4716	899.133	0	
-121.07	-22.2371	1293.87	0	
-58.6684	-18.9989	488.888	0	
0.81144	-18.779	124.97	0	
37.5816	-18.9989	47.8176	0	
107.856	-15.3565	451.328	0	
138.207	-15.8819	230.3	0	
143.531	-14.1381	200.624	0	
99.901	-16.4959	279.37	0	
79.1771	-14.4419	32.5748	0	
-111.48	-20.2273	1304.81	0	
-99.0883	-17.8006	1225.38	0	
-27.2006	-15.1171	492.772	0	
-2.83826	-17.8006	194.399	0	
69.0494	-15.1171	47.9378	0	
46.6928	-24.0743	24.8118	0	
-166.112	-27.3981	847.966	0	
-68.8837	-22.4837	988.235	0	
-81.3835	-22.9609	1317.59	0	
-67.2534	-16.8341	558.769	0	
14.8665	-22.9609	91.8434	0	
28.9966	-16.8341	114.687	0	
125.531	-19.801	291.162	0	
145.65	-18.2045	344.353	0	
136.74	-19.4185	345.373	0	
140.986	-21.4915	86.8855	0	
-74.1374	-16.0301	792.763	0	
-64.6977	-18.8508	649.626	0	
22.1126	-16.0301	33.6554	0	
31.5523	-18.8508	102.05	0	
-95.4386	-18.779	1275.32	0	
2.52004	-23.669	148.957	0	
27.3663	-22.4837	151.112	0	
30.7731	-22.4901	157.37	0	
-84.7755	-17.335	1097.8	0	
-79.7054	-15.7809	946.938	0	
11.4745	-17.335	88.1681	0	
16.5446	-15.7809	47.9106	0	
218.255	-34.6155	335.406	0	
132.745	-19.8694	256.231	0	
-152.736	-16.2622	855.308	0	
-150.381	-17.763	997.537	0	
-144.708	-21.2594	1176.28	0	
-141.325	-14.5407	815.377	0	
-62.9905	-26.6887	1043.85	0	
-11.2357	-19.2992	210.29	0	
33.2595	-26.6887	239.109	0	
116.277	-16.8153	567.159	0	
-128.495	-23.6616	1308.33	0	
19.247	-23.4473	45.445	0	
-188.557	-1.93891	230.406	0	
-196.769	-2.32667	213.319	0	
172.064	-6.00496	202.519	0	
174.369	-7.9727	243.207	0	
197.421	-9.75588	281.301	0	
191.289	-4.26558	271.807	0	
80.6149	-19.5449	78.6558	0	
38.7195	-27.6829	62.0959	0	
-73.6736	-19.0863	1039.41	0	
-69.7337	-19.2556	890.326	0	
22.5764	-19.0863	61.714	0	
26.5163	-19.2556	72.478	0	
122.174	-26.556	123.308	0	
124.937	-40.2492	21.3009	0	
-148.731	-22.1193	1179.5	0	
-130.945	-20.0681	1203.34	0	
-89.5076	-23.3158	1343.13	0	
-77.003	-23.4473	1229.76	0	
-71.1732	-25.5223	1220.21	0	
-65.4769	-22.4901	969.315	0	
-169.77	-21.2264	862.173	0	
-64.5794	-30.6463	1227.82	0	
-139.982	-23.3262	1297.01	0	
-137.645	-30.9202	1347.18	0	
-75.3526	-26.6553	1273.57	0	
25.0768	-25.5223	173.055	0	
-31.4696	-23.2096	314.241	0	
73.7048	-20.502	69.1429	0	
-23.6801	-16.4504	397.909	0	
-15.6351	-19.5449	25.016	0	
72.5699	-16.4504	9.62818	0	
85.0151	-19.3404	86.1859	0	
129.698	-22.0559	250.783	0	
117.076	-20.985	288.264	0	
-103.053	-20.9905	1328.78	0	
-93.73	-23.669	1346.03	0	
-49.5572	-24.0743	723.579	0	
6.74241	-23.3158	103.654	0	
-184.618	-8.98987	252.542	0	
-185.032	-3.55475	268.443	0	
-206.623	-2.79194	211.312	0	
-179.781	-9.87097	312.518	0	
180.177	-8.24429	252.408	0	
187.785	-10.442	261.26	0	
170.878	-14.4791	292.226	0	
159.464	-15.8639	349.967	0	
-85.4635	-32.3384	1371.09	0	
20.8974	-26.6553	246.338	0	
-7.43655	-21.463	30.7462	0	
90.9132	-21.5281	182.4	0	
-85.5482	-26.5803	1351.46	0	
-18.107	-29.5111	165.918	0	
10.7018	-26.5803	107.852	0	
111.968	-28.0025	180.888	0	
-18.1435	-22.7175	131.827	0	
-22.5452	-20.502	183.086	0	
78.1065	-22.7175	60.3438	0	
64.7804	-23.2096	136.514	0	
34.1156	-37.3795	378.324	0	
121.506	-22.1434	272.597	0	
-24.1065	-30.9545	463.229	0	
-6.83217	-26.5477	323.194	0	
-130.495	-31.0609	1368.44	0	
174.884	-12.8846	236.576	0	
178.79	-12.8864	256	0	
-76.4692	-32.4504	1323.05	0	
-69.3552	-29.4863	1243.17	0	
-145.697	-34.3804	1293.14	0	
-152.057	-27.6463	1237.07	0	
19.7808	-32.4504	362.378	0	
26.8948	-29.4863	354.134	0	
1.24121	-36.2378	617.852	0	
13.9656	-32.8618	463.028	0	
184.118	-14.761	288.188	0	
227.701	-6.85826	295.819	0	
133.014	-34.6533	25.5612	0	
-106.794	-33.2356	1404.82	0	
31.6706	-30.6463	238.436	0	
-72.173	-34.0637	1301.95	0	
-67.7476	-39.8274	1290.15	0	
-22.5359	-47.4922	1080.63	0	
127.182	-26.4913	151.496	0	
24.077	-34.0637	454.995	0	
28.5024	-39.8274	377.087	0	
-113.39	-24.9987	1356.69	0	
-108.048	-28.3672	1383.89	0	
106.947	-24.7538	206.536	0	
92.4297	-27.5266	114.492	0	
-218.447	-3.35033	214.485	0	
-175.995	-19.4449	436.618	0	
191.912	-9.23189	271.979	0	
201.219	-12.4705	295.562	0	
54.1181	-18.9378	20.2644	0	
69.7905	-24.963	156.754	0	
-42.1319	-18.9378	421.817	0	
-26.4595	-24.963	85.301	0	
-192.319	-8.83173	217.66	0	
-201.547	-5.11861	218.845	0	
72.1435	-30.9545	431.674	0	
128.068	-30.7205	53.8585	0	
42.4557	-33.5404	161.265	0	
78.143	-29.5111	211.802	0	
-62.1344	-37.3795	1235.43	0	
-0.525287	-27.7753	197.922	0	
84.4836	-32.7829	361.287	0	
208.989	-20.8084	305.531	0	
-28.0097	-38.1045	950.981	0	
123.686	-35.5846	48.0044	0	
-53.7943	-33.5404	1064.63	0	
-35.3322	-36.6738	931.917	0	
100.921	-29.485	225.284	0	
161.838	-60.3262	391.654	0	
118.807	-29.1208	133.221	0	
116.094	-38.0682	29.0952	0	
115.315	-25.5586	164.454	0	
112.121	-35.7127	65.1568	0	
60.9178	-36.6738	225.593	0	
119.433	-33.9202	36.549	0	
120.859	-47.2293	34.611	0	
-183.583	-23.2797	504.536	0	
-95.5796	-32.8724	1392.01	0	
-114.065	-35.7792	1386.52	0	
68.2403	-38.1045	574.383	0	
32.7098	-63.156	142.146	0	
9.60751	-38.8404	761.369	0	
-225.327	-7.3709	213.989	0	
-187.923	-11.9402	257.274	0	
170.297	-36.5037	436.942	0	
163.474	-19.8544	381.573	0	
-196.34	-11.9773	218.678	0	
-194.679	-18.9528	221.285	0	
73.7994	-47.6214	729.419	0	
207.712	-10.3255	295.93	0	
204.86	-2.4629	290.633	0	
-212.356	-6.14227	218.384	0	
129.252	-50.7796	129.12	0	
133.997	-47.3484	54.5225	0	
213.211	-14.7209	298.628	0	
215.594	-2.82136	299.808	0	
-220.733	-37.1938	144.722	0	
103.164	-47.8011	59.5114	0	
189.04	-35.7251	337.899	0	
199.849	-18.9164	281.381	0	
169.619	-18.8059	311.762	0	
139.422	-30.3106	148.359	0	
-55.5317	-23.7287	622.336	0	
-37.3685	-24.4061	173.435	0	
-56.8093	-39.2794	1229.76	0	
-45.742	-28.3975	679.562	0	
-52.3145	-47.6453	1187.69	0	
-39.2206	-29.0001	881.366	0	
-47.9803	-33.9094	1071.76	0	
-43.191	-47.72	1173.49	0	
40.7183	-23.7287	127.026	0	
58.8815	-24.4061	44.315	0	
39.4407	-39.2794	70.6219	0	
50.508	-28.3975	71.7507	0	
43.9355	-47.6453	100.021	0	
57.0294	-29.0001	138.773	0	
48.2697	-33.9094	28.7779	0	
53.059	-47.72	86.8337	0	
146.739	-35.2634	76.2543	0	
141.083	-48.4033	195.299	0	
-171.12	-37.8728	957.07	0	
-73.0349	-48.8114	1265.5	0	
-12.6794	-31.8279	364.089	0	
-7.11451	-38.7862	847.972	0	
-126.706	-35.6751	1378.97	0	
-120.757	-31.7185	1386.9	0	
-116.584	-45.0329	1382.1	0	
-102.338	-25.7597	1377.63	0	
-126.333	-45.697	1342.59	0	
-90.3084	-40.7522	1373.38	0	
-232.636	-4.02057	219.99	0	
-213.24	-13.2876	204.239	0	
-83.0809	-48.9441	1324.14	0	
112.882	-53.996	140.409	0	
-41.8717	-39.7232	1121.31	0	
-36.3206	-55.0703	1103.31	0	
-51.4248	-68.4389	858.566	0	
9.79367	-57.9625	865.497	0	
54.3783	-39.7232	147.925	0	
92.7142	-53.006	439.128	0	
154.638	-31.4481	322.79	0	
162.265	-25.6367	378.632	0	
146.844	-43.5002	220.252	0	
174.146	-25.0927	365.441	0	
-10.5586	-47.7958	1031.67	0	
26.2122	-47.5873	564.729	0	
-99.9985	-36.0407	1388.45	0	
-96.6648	-27.4598	1382.88	0	
-98.8599	-43.4908	1377.46	0	
-80.4857	-35.5349	1369.38	0	
-163.404	-50.9608	856.128	0	
-107.716	-63.4503	1192.49	0	
-90.5028	-35.2672	1381.64	0	
-94.2465	-45.8076	1355.27	0	
155.531	-25.6086	331.922	0	
162.53	-38.6767	354.145	0	
145.406	-55.4476	213.32	0	
154.317	-46.2331	269.748	0	
-213.385	-66.8866	133.834	0	
-68.9458	-57.4799	1155.19	0	
-90.1982	-53.4761	1276.41	0	
-83.9074	-41.2679	1343.16	0	
162.103	-45.2249	417.639	0	
179.505	-41.8783	389.668	0	
-26.1557	-55.5594	1065.53	0	
139.16	-65.0425	315.299	0	
197.836	-37.8736	344.168	0	
182.569	-22.1973	272.499	0	
84.0431	-43.7432	448.465	0	
105.034	-36.7207	131.238	0	
152.77	-54.4151	337.209	0	
130.092	-61.4294	159.529	0	
118.312	-65.1624	175.241	0	
75.0509	-68.8235	466.824	0	
146.414	-81.4576	374.417	0	
-56.4852	-56.245	1106.53	0	
36.3201	-53.5053	70.6632	0	
64.865	-77.0726	166.147	0	
112.416	-78.8413	286.92	0	
59.9585	-55.1042	307.533	0	
70.2087	-55.7224	441.25	0	
190.375	-24.8482	324.105	0	
208.311	-28.8887	292.298	0	
178.328	-52.8869	435.783	0	
191.284	-60.8463	368.412	0	
-88.1029	-75.4263	677.062	0	
201.257	-51.9863	390.314	0	
232.766	-30.613	280.976	0	
-94.3526	-64.6703	1092.84	0	
-21.2176	-68.4889	720.109	0	
-136.235	-54.5345	1193.45	0	
-75.0762	-70.6121	833.797	0	
-135.57	-69.1305	958.546	0	
17.1658	-67.2349	133.113	0	
-40.3839	-67.1895	857.821	0	
-31.1675	-76.4316	624.43	0	
-40.0545	-114.942	32.592	0	
12.3999	-80.9419	247.465	0	
-62.4004	-77.8089	664.847	0	
87.3127	-69.9851	320.775	0	
42.2377	-72.0126	27.3649	0	
55.7444	-67.659	342.949	0	
40.1802	-103.505	50.3113	0	
95.4064	-81.6752	359.443	0	
28.0081	-85.7304	30.0131	0	
122.096	-92.0535	341.03	0	
161.728	-77.7738	441.191	0	
-193.993	-43.518	206.82	0	
15.2296	-47.9657	666.884	0	
-2.66107	-58.4408	819.369	0	
-9.7003	-71.0667	650.915	0	
-2.01149	-84.2955	129.477	0	
-119.078	-74.1502	723.942	0	
-32.1741	-91.5468	92.0233	0	
-46.1975	-98.0428	145.364	0	
174.139	-96.1654	375.862	0	
-93.5477	-95.5998	135.336	0	
177.439	-132.495	352.615	0	
-14.5355	-96.8328	103.873	0	
214.807	-50.7788	307.7	0	
227.722	-62.6715	359.476	0	
-226.174	-52.2763	209.719	0	
140.1	-95.1239	385.482	0	
65.7718	-108.2	78.4121	0	
71.1759	-93.9508	209.824	0	
-196.369	-62.35	298.031	0	
-111.16	-95.5437	436.133	0	
-0.0955761	-124.944	23.8524	0	
140.341	-120.541	342.231	0	
149.26	-111.77	361.862	0	
224.915	-82.6931	368.778	0	
-149.645	-83.0905	305.067	0	
-181.387	-78.8859	159.586	0	
-223.27	-87.3322	223.39	0	
206.301	-97.3985	344.314	0	
-122.3	-109.469	102.727	0	
89.4554	-97.3917	190.752	0	
115.761	-106.486	281.361	0	
94.5914	-125.39	175.6	0	
100.129	-108.99	289.267	0	
-212.53	-108.31	143.376	0	
-187.663	-104.4	283.415	0	
-61.1884	-90.7965	112.597	0	
-17.3938	-112.921	28.4059	0	
118.793	-131.494	258.018	0	
78.5133	-128.04	202.953	0	
145.868	-135.276	343.013	0	
29.3462	-123.276	44.481	0	
-50.7969	-127.592	24.1151	0	
124.844	-118.328	324.112	0	
104.171	-136.052	265.502	0	
164.24	-142.504	359.597	0	
167.986	-116.495	380.59	0	
100.66	-156.977	226.079	0	
131.518	-141.125	321.981	0	
68.4008	-148.446	135.85	0	
208.027	-119.4	356.531	0	
190.911	-84.7228	417.413	0	
-79.309	-103.773	119.874	0	
-75.0605	-123.67	26.4615	0	
-150.767	-144.01	225.815	0	
-166.751	-116.842	136.597	0	
-117.627	-141.298	89.6143	0	
196.992	-135.207	341.713	0	
-237.04	-135.177	237.653	0	
210.321	-157.735	339.291	0	
231.512	-122.086	330.753	0	
233.724	-149.676	326.951	0	
-94.1678	-149.074	151.416	0	
44.8253	-148.377	78.9137	0	
