# File: UnstructuredGrid_Inversion_L0_Coarse_Iter01.dat
# (No specific header documentation)

-161.25	-0.496475	138.913	0	
-159.375	-0.668155	319.059	0	
-65.625	-0.431516	261.071	0	
30.625	-0.431516	300.785	0	
-144.294	-102.036	177.781	0	
126.875	-0.668155	205.217	0	
31.875	-0.668155	259.509	0	
-165.826	-72.3824	601.846	0	
-64.375	-0.668155	235.332	0	
-120.32	-2.91409	224.547	0	
-147.888	-47.073	1423.2	0	
-143.958	-2.01633	238.01	0	
-158.741	-19.8395	687.994	0	
-159.808	-14.2913	419.052	0	
-115.104	-1.86538	236.315	0	
-108.175	-49.9394	1308.85	0	
-66.354	-1.86538	276.731	0	
-138.854	-1.86538	255.516	0	
-156.794	-6.05848	244.213	0	
-148.75	-1.09967	226.785	0	
-145.208	-2.72654	235.543	0	
-146.458	-2.01633	232.482	0	
-125.881	-3.06027	231.577	0	
-154.094	-4.85908	216.511	0	
-157.708	-2.01633	255.953	0	
-151.071	-10.8319	301.154	0	
-154.792	-2.72654	232.065	0	
-158.77	-3.86216	236.315	0	
125.625	-0.431516	279.247	0	
-24.0702	-2.91409	199.053	0	
-157.76	-5.35468	253.73	0	
-46.4583	-2.01633	240.183	0	
-157.292	-2.72654	236.888	0	
-160.13	-11.9534	360.814	0	
-18.854	-1.86538	211.274	0	
-151.295	-2.8545	219.712	0	
29.896	-1.86538	208.578	0	
-42.604	-1.86538	205.263	0	
-169.22	-2.04966	297.5	0	
-53.75	-1.09967	225.987	0	
-165.6	-1.76839	281.617	0	
-167.3	-0.925681	281.111	0	
-62.2917	-2.72654	250.263	0	
-171.389	-5.89642	310.953	0	
-61.0417	-3.47328	260.781	0	
-164.269	-10.8597	358.474	0	
-59.7917	-2.72654	267.387	0	
-68.125	-0.36089	232.423	0	
-65.5207	-2.1669	257.653	0	
-87.5	-1.09967	212.096	0	
-158.125	-0.431516	256.366	0	
-156.875	-0.668155	349.48	0	
-80.5207	-2.1669	219.607	0	
-157.5	-1.09967	192.113	0	
-70.625	-0.431516	219.505	0	
79.375	-0.668155	196.066	0	
-154.375	-0.668155	328.242	0	
55.625	-0.668155	175.208	0	
-153.125	-0.431516	277.569	0	
-150.625	-0.366631	290.243	0	
38.5417	-2.01633	221.294	0	
-153.75	-1.09967	231.887	0	
49.7917	-2.01633	208.046	0	
-155.625	-0.431516	258.629	0	
72.1798	-2.91409	204.999	0	
-162.583	-1.33918	223.822	0	
-60	-1.09967	212.986	0	
-149.375	-0.431516	316.203	0	
-155	-1.09967	181.753	0	
31.0415	-5.36053	206.401	0	
-148.125	-0.668155	285.592	0	
31.0341	-3.06466	165.57	0	
-146.875	-0.431516	300.344	0	
-147.5	-1.09967	184.873	0	
36.875	-0.668155	294.957	0	
32.7083	-2.01633	206.984	0	
-144.375	-0.431516	274.083	0	
28.125	-0.36089	285.508	0	
-137.5	-1.09967	243.409	0	
-139.375	-0.366631	247.369	0	
25.625	-0.431516	275.702	0	
-143.125	-0.668155	305.7	0	
33.75	-1.09967	203.836	0	
-143.75	-1.09967	238.29	0	
34.375	-0.668155	281.75	0	
8.75	-1.09967	190.659	0	
-136.875	-0.668155	238.174	0	
183.782	-3.55475	317.104	0	
-135.625	-0.431516	326.995	0	
-135	-0.798148	220.065	0	
135.922	-2.00504	205.229	0	
-136.25	-1.09967	253.5	0	
149.65	-2.73747	211.9	0	
131.936	-4.3008	165.799	0	
-131.25	-0.798148	261.094	0	
129.003	-2.80091	205.046	0	
-122.604	-1.86538	224.445	0	
-128.75	-1.09967	248.384	0	
129.375	-0.668155	207.776	0	
-130.625	-0.431516	297.058	0	
133.125	-0.668155	302.691	0	
-130	-1.09967	248.01	0	
141.875	-0.668155	268.339	0	
-138.125	-0.431516	306.806	0	
15.7293	-2.1669	193.571	0	
128.75	-1.09967	231.566	0	
-121.25	-1.09967	216.229	0	
120.625	-0.431516	286.002	0	
-121.875	-0.431516	219.821	0	
-120.625	-0.668155	261.338	0	
110.744	-2.06993	229.001	0	
-123.125	-0.366631	272.222	0	
123.125	-0.36089	271.3	0	
-116.875	-0.36089	215.539	0	
-120	-1.09967	203.477	0	
-133.661	-2.93321	241.49	0	
-115.625	-0.366631	249.346	0	
-114.375	-0.431516	244.329	0	
-127.5	-0.798148	223.362	0	
-113.75	-1.09967	232.024	0	
-119.375	-0.431516	214.718	0	
-115	-0.798148	237.144	0	
100.625	-0.431516	247.464	0	
-93.125	-0.668155	205.423	0	
-112.5	-1.09967	207.703	0	
-103.125	-0.668155	244.788	0	
-111.25	-0.798148	228.546	0	
-103.75	-1.09967	253.233	0	
-114.271	-2.1669	233.618	0	
-111.875	-0.431516	206.549	0	
-110.328	-2.00504	229.399	0	
-111.994	-2.06993	226.313	0	
-108.125	-0.431516	235.564	0	
-141.875	-0.431516	260.208	0	
-104.375	-0.431516	266.806	0	
-95.104	-1.86538	231.598	0	
-142.5	-1.09967	208.333	0	
-105.625	-0.366631	239.934	0	
-110.625	-0.366631	219.715	0	
-108.75	-1.09967	233.153	0	
-109.375	-0.668155	234.395	0	
-113.125	-0.668155	261.573	0	
-104.405	-3.52006	223.722	0	
-128.125	-0.431516	311.851	0	
127.708	-2.01633	210.711	0	
-102.5	-1.09967	270.329	0	
43.125	-0.668155	237.832	0	
-129.375	-0.668155	215.798	0	
-101.875	-0.431516	284.472	0	
-133.125	-0.668155	314.581	0	
-99.375	-0.668155	189.413	0	
-101.25	-0.798148	275.128	0	
-90.9973	-2.80091	229.109	0	
-134.375	-0.366631	242.508	0	
-95.625	-0.366631	257.647	0	
-150.089	-1.76841	234.581	0	
-73.854	-1.86538	307.615	0	
-92.5	-1.09967	212.369	0	
-148.968	-2.99641	193.044	0	
-94.375	-0.431516	250.788	0	
-151.875	-0.668155	306.207	0	
-93.75	-1.09967	217.431	0	
-135.744	-2.06993	242.593	0	
-149.256	-2.06993	216.96	0	
-88.75	-0.798148	243.253	0	
-147.292	-2.01633	236.543	0	
-81.354	-1.86538	211.612	0	
-86.25	-1.09967	234.003	0	
-146.25	-1.09967	231.004	0	
-88.125	-0.431516	230.298	0	
-145.625	-0.668155	305.107	0	
-156.042	-2.01633	237.19	0	
-81.875	-0.366631	247.921	0	
-150	-0.798148	206.953	0	
-79.375	-0.668155	272.494	0	
-73.75	-0.798148	302.331	0	
-153.542	-2.01633	231.756	0	
-80.625	-0.431516	227.057	0	
-155.208	-2.01633	246.277	0	
-85.625	-0.431516	250.266	0	
-156.25	-1.09967	231.133	0	
-91.875	-0.431516	259.456	0	
-138.75	-0.798148	268.308	0	
-158.75	-1.09967	220.504	0	
-72.5	-1.09967	272.648	0	
-20.625	-0.36089	238.809	0	
-73.125	-0.431516	293.254	0	
-71.875	-0.668155	210.945	0	
-23.125	-0.431516	248.716	0	
-74.375	-0.366631	318.81	0	
-158.542	-2.01633	236.731	0	
-31.25	-0.798148	228.195	0	
-71.25	-1.09967	208.067	0	
3.125	-0.668155	243.627	0	
-66.875	-0.366631	284.368	0	
30.7293	-2.1669	184.673	0	
-14.0777	-2.00504	202.327	0	
-65	-1.09967	255.227	0	
-8.15454	-3.52006	170.058	0	
-66.25	-0.798148	280.664	0	
-37.4111	-2.93321	192.734	0	
-18.0207	-2.1669	185.965	0	
-63.125	-0.431516	222.817	0	
-15.7444	-2.06993	198.94	0	
-60.625	-0.431516	228.209	0	
-59.375	-0.668155	280.835	0	
-14.375	-0.366631	360.143	0	
-61.875	-0.668155	223.01	0	
-13.125	-0.668155	290.842	0	
-46.875	-0.431516	258.338	0	
-58.125	-0.431516	248.769	0	
-33.125	-0.668155	174.974	0	
-54.375	-0.431516	264.374	0	
-53.125	-0.668155	205.494	0	
-41.7707	-2.1669	198.875	0	
-55.625	-0.366631	227.459	0	
-41.4106	-3.16569	198.553	0	
-58.75	-1.09967	258.806	0	
-44.375	-0.36089	255.188	0	
-62.5	-1.09967	204.502	0	
-6.875	-0.668155	247.065	0	
-78.75	-1.09967	239.257	0	
-152.5	-1.09967	187.051	0	
-39.4944	-2.06993	188.303	0	
-51.875	-0.431516	242.225	0	
-56.875	-0.668155	236.849	0	
-49.375	-0.431516	233.798	0	
-48.125	-0.668155	182.308	0	
-55.0889	-1.76841	227.753	0	
-48.75	-1.09967	211.551	0	
-38.125	-0.366631	199.746	0	
-42.5	-0.798148	198.272	0	
-41.25	-1.09967	207.417	0	
-50.625	-0.668155	190.375	0	
-41.875	-0.431516	281.309	0	
-40.625	-0.668155	178.817	0	
-52.2917	-2.01633	225.971	0	
-43.125	-0.366631	200.482	0	
-54.2556	-2.06993	224.608	0	
-47.5	-1.09967	200.636	0	
-53.9679	-2.99641	229.879	0	
-61.25	-1.09967	216.751	0	
-39.375	-0.431516	248.629	0	
-62.7083	-2.01633	236.638	0	
-33.75	-1.09967	194.578	0	
-35	-0.798148	168.875	0	
-55	-0.798148	207.385	0	
-38.75	-0.798148	220.732	0	
-61.0417	-2.01633	239.221	0	
-57.5	-1.09967	222.114	0	
-26.354	-1.86538	174.084	0	
-63.5417	-2.01633	239.595	0	
-31.875	-0.431516	267.967	0	
-25	-1.09967	136.249	0	
-69.375	-0.668155	199.174	0	
-32.5	-1.09967	186.812	0	
-63.75	-1.09967	222.225	0	
-34.375	-0.431516	296.815	0	
-58.5417	-2.01633	267.339	0	
-40	-1.09967	190.115	0	
-51.25	-1.09967	211.935	0	
-73.0207	-2.1669	259.251	0	
-25.625	-0.431516	197.841	0	
-71.0417	-2.01633	221.7	0	
-18.75	-0.798148	250.611	0	
-23.75	-1.09967	196.638	0	
-70	-1.09967	194.178	0	
-24.375	-0.668155	335.239	0	
-67.5054	-1.48403	251.002	0	
-78.125	-0.431516	264.461	0	
-19.375	-0.366631	375.845	0	
-80	-1.09967	200.526	0	
-16.875	-0.668155	347.723	0	
-16.25	-1.09967	203.516	0	
93.5212	-2.84299	249.623	0	
-18.125	-0.431516	257.937	0	
-91.4583	-2.01633	233.002	0	
-17.5	-1.09967	150.614	0	
-75.625	-0.36089	250.422	0	
82.5446	-2.8545	241.335	0	
-15	-0.798148	182.504	0	
101.503	-2.80091	223.885	0	
-12.5	-1.09967	155.608	0	
-11.875	-0.431516	305.68	0	
83.125	-0.668155	179.146	0	
-7.5	-1.09967	204.983	0	
89.375	-0.668155	228.283	0	
81.875	-0.366631	227.148	0	
-8.125	-0.431516	309.105	0	
73.125	-0.431516	208.282	0	
-6.25	-1.09967	220.218	0	
-5.625	-0.431516	304.986	0	
66.6193	-3.06027	208.426	0	
1.14595	-1.86538	189.603	0	
75.625	-0.36089	192.886	0	
-9.375	-0.366631	276.543	0	
80.5056	-2.06993	194.3	0	
-15.625	-0.431516	309.838	0	
99.375	-0.668155	175.742	0	
-26.875	-0.366631	314.173	0	
-67.5	-0.727521	246.723	0	
-52.5	-1.09967	193.6	0	
-36.875	-0.668155	262.362	0	
-137.661	-3.16569	226.495	0	
-5	-0.798148	182.455	0	
-3.125	-0.668155	246.672	0	
63.125	-0.668155	175.611	0	
2.5	-1.09967	154.526	0	
0.625	-0.366631	284.245	0	
58.4223	-2.00504	178.877	0	
59.375	-0.668155	238.832	0	
1.875	-0.431516	250.751	0	
58.125	-0.366631	191.381	0	
3.75	-1.09967	199.426	0	
4.375	-0.431516	282.38	0	
51.875	-0.36089	332.179	0	
22.396	-1.86538	198.165	0	
56.7556	-2.06993	202.147	0	
7.5	-0.798148	173.37	0	
65.9223	-2.00504	192.531	0	
42.2821	-2.99641	206.874	0	
8.125	-0.431516	248.106	0	
41.9944	-2.06993	212.172	0	
10	-1.09967	163.7	0	
10.625	-0.431516	261.818	0	
45.625	-0.668155	187.422	0	
14.896	-1.86538	209.996	0	
53.75	-0.798148	213.693	0	
45	-1.09967	179.634	0	
15.625	-0.431516	255.577	0	
41.1611	-1.76841	246.607	0	
22.5	-0.798148	188.642	0	
17.5	-1.09967	160.867	0	
33.5417	-2.01633	208.19	0	
16.875	-0.668155	260.135	0	
39.375	-0.668155	271.56	0	
14.375	-0.366631	296.297	0	
43.9583	-2.01633	227.461	0	
23.75	-1.09967	187.956	0	
49.375	-0.431516	323.633	0	
37.7083	-2.01633	230.768	0	
21.875	-0.366631	248.361	0	
35	-1.09967	169.935	0	
24.375	-0.668155	221.228	0	
30	-0.798148	192.864	0	
35.2083	-2.01633	229.661	0	
23.125	-0.431516	271.908	0	
38.75	-1.09967	206.885	0	
28.7446	-1.48403	254.057	0	
31.25	-1.09967	189.511	0	
28.75	-0.727521	289.604	0	
125.729	-2.1669	175.347	0	
32.5	-1.09967	149.879	0	
25.2083	-2.01633	215.607	0	
29.375	-0.366631	285.116	0	
23.2293	-2.1669	188.11	0	
25	-1.09967	172.442	0	
26.875	-0.668155	237.971	0	
20.625	-0.36089	246.557	0	
36.25	-1.09967	223.866	0	
4.79167	-2.01633	208.492	0	
42.5	-1.09967	202.531	0	
37.5	-1.09967	162.735	0	
16.25	-1.09967	196.627	0	
35.625	-0.431516	292.758	0	
18.125	-0.431516	236.015	0	
151.875	-0.431516	362.182	0	
40.625	-0.366631	277.732	0	
149.375	-0.431516	340.351	0	
53.646	-1.86538	189.557	0	
43.75	-1.09967	243.481	0	
149.529	-1.8473	239.884	0	
41.875	-0.431516	325.774	0	
144.672	-2.00504	220.475	0	
38.125	-0.431516	280.044	0	
154.375	-0.36089	362.377	0	
33.125	-0.431516	276.365	0	
26.25	-1.09967	221.132	0	
44.375	-0.431516	340.375	0	
41.25	-0.798148	273.065	0	
143.006	-2.06993	210.806	0	
47.5	-1.09967	178.88	0	
138.75	-0.727521	284.308	0	
48.125	-0.668155	171.945	0	
48.75	-1.09967	228.238	0	
136.875	-0.668155	223.202	0	
46.875	-0.431516	321.016	0	
144.375	-0.366631	311.399	0	
140	-0.798148	218.891	0	
53.125	-0.366631	175.513	0	
135.625	-0.366631	332.665	0	
77.396	-1.86538	195.306	0	
56.25	-1.09967	220.394	0	
130.625	-0.366631	284.074	0	
54.375	-0.431516	256.448	0	
134.256	-2.06993	197.758	0	
55	-1.09967	187.596	0	
136.619	-3.06027	165.41	0	
121.875	-0.668155	220.868	0	
57.5	-0.798148	177.803	0	
61.25	-0.798148	233.862	0	
62.5	-1.09967	207.595	0	
61.875	-0.431516	259.237	0	
118.229	-2.1669	199.66	0	
56.875	-0.431516	313.114	0	
123.745	-1.48403	216.234	0	
120.208	-2.01633	224.232	0	
69.896	-1.86538	186.236	0	
115.625	-0.36089	264.116	0	
64.375	-0.431516	266.503	0	
71.25	-1.09967	174.741	0	
113.125	-0.431516	273.069	0	
63.75	-1.09967	187.432	0	
121.25	-1.09967	243.168	0	
69.375	-0.366631	242.961	0	
123.75	-0.727521	246.677	0	
91.25	-0.798148	239.68	0	
131.161	-1.76841	223.778	0	
106.875	-0.431516	192.433	0	
70.625	-0.431516	214.153	0	
-116.255	-1.48403	237.582	0	
77.5	-0.798148	205.842	0	
72.5	-1.09967	157.845	0	
-121.771	-2.1669	223.293	0	
71.875	-0.668155	238.759	0	
-118.125	-0.668155	259.208	0	
-119.792	-2.01633	239.064	0	
76.875	-0.366631	255.484	0	
-123.75	-0.727521	250.69	0	
124.896	-1.86538	185.447	0	
80	-1.09967	169.369	0	
-125.625	-0.668155	286.829	0	
78.125	-0.431516	198.299	0	
-118.75	-1.09967	220.51	0	
78.75	-1.09967	177.122	0	
-116.25	-0.727521	248.303	0	
-86.875	-0.668155	261.581	0	
81.25	-0.798148	223.267	0	
-90.625	-0.668155	235.093	0	
83.75	-1.09967	201.474	0	
84.375	-0.431516	225.562	0	
-92.2917	-2.01633	228.906	0	
88.75	-1.09967	192.659	0	
-98.9788	-2.84299	214.535	0	
-98.125	-0.431516	195.445	0	
88.125	-0.431516	203.746	0	
-109.955	-2.8545	225.829	0	
90	-1.09967	192.638	0	
90.625	-0.431516	185.988	0	
-95	-0.798148	233.359	0	
97.396	-1.86538	225.737	0	
-98.75	-1.09967	185.462	0	
86.875	-0.366631	248.986	0	
-91.25	-1.09967	232.52	0	
80.625	-0.431516	189.192	0	
-94.2707	-2.1669	217.514	0	
101.042	-2.01633	238.712	0	
145.625	-0.668155	295.501	0	
-100.625	-0.366631	250.186	0	
93.125	-0.668155	184.017	0	
-105.089	-1.76841	245.766	0	
96.875	-0.366631	186.198	0	
98.75	-1.09967	228.321	0	
-106.875	-0.668155	231.761	0	
-105	-0.798148	234.171	0	
117.396	-1.86538	198.636	0	
-107.5	-1.09967	220.807	0	
105	-1.09967	188.489	0	
103.75	-0.798148	216.604	0	
-111.161	-1.76841	211.345	0	
100	-1.09967	249.733	0	
-108.542	-2.01633	237.382	0	
98.125	-0.431516	243.563	0	
-113.909	-3.16789	225.598	0	
-140.625	-0.36089	341.023	0	
111.25	-1.09967	263.502	0	
-134.078	-2.00504	232.549	0	
109.375	-0.366631	192.283	0	
110.625	-0.431516	335.791	0	
-122.5	-0.798148	231.081	0	
106.25	-1.09967	206.944	0	
-140.005	-1.48403	259.365	0	
-126.875	-0.366631	218.932	0	
117.5	-0.798148	193.507	0	
-131.339	-1.76841	249.094	0	
118.75	-1.09967	221.007	0	
116.875	-0.366631	207.589	0	
-134.911	-1.76841	248.527	0	
112.5	-1.09967	194.214	0	
-131.875	-0.366631	232.309	0	
111.875	-0.668155	224.333	0	
-128.244	-2.06993	238.274	0	
104.375	-0.431516	181.5	0	
-110	-1.03479	211.833	0	
-151.25	-1.03479	243.841	0	
119.375	-0.668155	222.636	0	
-139.484	-2.19037	247.808	0	
120	-1.09967	204.115	0	
126.25	-1.09967	193.346	0	
-140	-0.727521	251.825	0	
125	-0.798148	186.824	0	
-150.922	-2.00504	213.465	0	
-144.792	-2.01633	245.467	0	
172.314	-2.47004	275.915	0	
-20.0054	-1.48403	220.301	0	
128.125	-0.431516	266.217	0	
132.5	-1.09967	193.663	0	
-25.5207	-2.1669	175.573	0	
127.5	-1.09967	191.092	0	
-21.875	-0.668155	297.264	0	
124.375	-0.366631	216.28	0	
-145	-1.09967	187.388	0	
-23.5417	-2.01633	204.371	0	
131.875	-0.431516	226.41	0	
-27.5	-0.727521	188.309	0	
133.75	-1.09967	215.231	0	
134.375	-0.431516	224.109	0	
-29.375	-0.668155	304.052	0	
139.896	-1.86538	227.524	0	
-22.5	-1.09967	136.264	0	
9.375	-0.668155	267.547	0	
141.25	-1.09967	241.481	0	
5.625	-0.668155	248.089	0	
140.625	-0.431516	341.388	0	
156.146	-1.86538	241.496	0	
3.95833	-2.01633	199.587	0	
139.375	-0.366631	260.101	0	
-2.72879	-2.84299	177.759	0	
135	-0.798148	212.628	0	
1.97929	-2.1669	168.361	0	
131.25	-0.798148	251.489	0	
-20	-0.727521	194.253	0	
118.125	-0.431516	309.667	0	
-133.75	-1.03479	235.672	0	
-1.875	-0.431516	213.385	0	
143.125	-0.431516	331.799	0	
-13.7054	-2.8545	215.428	0	
150	-1.09967	223.001	0	
146.25	-1.09967	226.024	0	
1.25	-0.798148	229.956	0	
143.75	-0.798148	288.039	0	
-2.5	-1.09967	150.719	0	
-4.375	-0.366631	264.951	0	
150.625	-0.668155	231.239	0	
-8.83895	-1.76841	227.256	0	
151.25	-1.09967	249.114	0	
157.5	-1.09967	264.997	0	
-17.6594	-3.16789	170.131	0	
156.25	-0.798148	245.521	0	
-10.625	-0.668155	275.688	0	
148.125	-0.366631	275.927	0	
-5.74439	-2.06993	189.051	0	
-12.2917	-2.01633	223.244	0	
156.875	-0.431516	280.965	0	
-14.9111	-1.76841	224.644	0	
158.958	-1.16463	197.099	0	
160	-0.496475	159.389	0	
-13.75	-1.03479	255.792	0	
158.125	-0.668155	122.107	0	
-11.25	-1.09967	215.58	0	
-43.7554	-1.48403	234.121	0	
159.338	-2.74918	165.658	0	
-26.25	-0.798148	217.002	0	
164.35	-1.76839	227.725	0	
166.05	-0.925681	235.86	0	
-31.9944	-2.06993	183.167	0	
155.521	-4.78762	232.643	0	
-37.8277	-2.00504	195.957	0	
161.333	-1.33918	188.065	0	
-45.625	-0.668155	210.617	0	
155.625	-0.366631	204.185	0	
-8.75	-0.798148	262.959	0	
-35.625	-0.366631	198.211	0	
174.762	-1.34606	286.244	0	
-38.6611	-1.76841	196.842	0	
177.527	-2.9619	299.703	0	
168.496	-7.04709	224.973	0	
-37.5	-1.03479	169.319	0	
166.796	-10.6094	226.195	0	
-35.0889	-1.76841	186.575	0	
-55.9223	-2.00504	226.205	0	
154.805	-6.09945	211.224	0	
-43.75	-0.727521	248.626	0	
119.775	-42.5718	116.643	0	
169.138	-29.3032	296.745	0	
-47.2917	-2.01633	230.895	0	
199.784	-4.78957	335.781	0	
-51.0417	-2.72654	239.548	0	
177.385	-6.05361	296.168	0	
-56.25	-1.03479	215.714	0	
-50	-1.09967	187.858	0	
-68.75	-1.02905	211.599	0	
-66.9845	-2.19037	251.539	0	
-49.7917	-2.01633	220.787	0	
28.7125	-3.24559	212.117	0	
-75.0054	-1.48403	272.547	0	
-79.0702	-2.91409	226.643	0	
-76.875	-0.668155	223.664	0	
-71.5702	-2.91409	227.235	0	
168.693	-54.0604	369.553	0	
-46.25	-1.09967	231.527	0	
167.97	-2.04966	249.191	0	
-30.625	-0.366631	209.118	0	
142.5	-1.09967	231.622	0	
5	-1.09967	149.092	0	
-75	-0.727521	253.96	0	
-101.994	-2.06993	249.045	0	
-78.5417	-2.01633	242.232	0	
65	-0.798148	171.351	0	
-77.5	-1.09967	215.525	0	
-82.5	-0.727521	234.258	0	
-84.375	-0.668155	263.565	0	
98.2293	-2.1669	239.675	0	
105.625	-0.668155	269.356	0	
92.1723	-2.00504	234.73	0	
101.875	-0.668155	180.42	0	
100.208	-2.01633	234.313	0	
101.25	-1.09967	238.327	0	
94.375	-0.431516	207.447	0	
93.75	-1.09967	198.274	0	
88.0955	-3.52006	226.098	0	
97.5	-0.798148	226.627	0	
90.5056	-2.06993	241.143	0	
91.875	-0.366631	220.324	0	
85.625	-0.668155	181.156	0	
87.4111	-1.76841	209.704	0	
82.1723	-2.00504	199.449	0	
87.5	-0.798148	194.505	0	
83.9583	-2.01633	216.347	0	
85	-1.09967	180.808	0	
81.3389	-1.76841	202.198	0	
82.5	-1.03479	195.102	0	
74.375	-0.668155	221.232	0	
76.2446	-1.48403	213.754	0	
70.7293	-2.1669	186.411	0	
76.25	-0.727521	232.935	0	
72.7083	-2.01633	213.858	0	
73.75	-1.09967	176.862	0	
68.75	-0.727521	230.427	0	
66.875	-0.668155	259.899	0	
58.8389	-2.93321	210.362	0	
70	-0.798148	187.024	0	
64.2556	-2.06993	184.326	0	
65.625	-0.366631	196.92	0	
60.625	-0.366631	198.971	0	
61.1611	-1.76841	212.268	0	
57.5889	-1.76841	201.123	0	
58.75	-1.03479	178.185	0	
50.625	-0.668155	160.375	0	
52.4946	-1.48403	221.411	0	
45.2083	-2.72654	222.74	0	
52.5	-0.727521	208.676	0	
48.9583	-2.01633	215.734	0	
50	-1.09967	203.556	0	
46.25	-1.09967	217.161	0	
46.4583	-2.01633	208.49	0	
40	-1.03479	190.601	0	
40.3277	-2.00504	209.924	0	
27.5	-1.02905	209.364	0	
29.2655	-2.19037	222.665	0	
24.6798	-2.91409	205.842	0	
121.042	-2.01633	220.955	0	
19.375	-0.668155	248.803	0	
21.2446	-1.48403	228.48	0	
17.1798	-2.91409	195.318	0	
21.25	-0.727521	258.959	0	
17.7083	-2.01633	216.461	0	
18.75	-1.09967	207.004	0	
13.75	-0.727521	279.296	0	
11.875	-0.668155	283.557	0	
153.125	-0.668155	195.432	0	
154.995	-1.48403	259.576	0	
145.155	-3.05088	198.242	0	
155	-0.727521	249.447	0	
151.458	-2.01633	244.513	0	
152.5	-1.09967	227.1	0	
146.875	-0.431516	344.341	0	
148.696	-1.54577	263.214	0	
147.758	-2.24637	216.893	0	
148.75	-0.798148	283.9	0	
143.839	-1.76841	264.699	0	
145	-1.03479	226.226	0	
138.125	-0.36089	306.341	0	
138.745	-1.48403	249.911	0	
135.089	-1.76841	219.843	0	
136.25	-1.03479	243.755	0	
130	-1.03479	225.601	0	
130.328	-2.00504	205.18	0	
122.5	-1.02905	209.458	0	
124.266	-2.19037	194.85	0	
119.68	-2.91409	206.873	0	
156.979	-2.1669	198.709	0	
114.375	-0.668155	174.58	0	
116.245	-1.48403	217.018	0	
112.163	-2.94281	206.849	0	
116.25	-0.727521	246.595	0	
112.708	-2.01633	211.197	0	
113.75	-1.09967	195.313	0	
108.125	-0.668155	262.213	0	
109.911	-1.76841	217.823	0	
-117.5	-1.02905	215.022	0	
-115.734	-2.19037	245.167	0	
-138.021	-2.1669	234.255	0	
-67.5375	-3.24559	241.271	0	
-124.375	-0.36089	215.299	0	
-123.755	-1.48403	235.564	0	
-88.0056	-2.06993	226.522	0	
-81.25	-0.798148	235.59	0	
-86.0417	-2.01633	233.218	0	
-85	-1.09967	214.898	0	
-89.375	-0.366631	246.434	0	
-88.8389	-1.76841	223.932	0	
-96.875	-0.36089	278.702	0	
-96.2554	-1.48403	254.853	0	
-95.7345	-2.19037	239.839	0	
-96.25	-0.727521	274.009	0	
-101.161	-1.76841	265.168	0	
-100	-1.03479	235.126	0	
-106.25	-1.03479	234.719	0	
-105.922	-2.00504	234.832	0	
-70.2083	-2.01633	213.52	0	
-100.328	-2.00504	227.092	0	
-141.25	-0.792406	262.929	0	
-140.814	-2.07688	230.305	0	
-153.54	-3.47677	230.507	0	
-123.787	-3.24559	230.104	0	
-127.411	-1.76841	242.821	0	
-126.25	-1.03479	227.744	0	
-132.5	-1.03479	213.852	0	
-132.172	-2.00504	250.542	0	
-118.958	-2.01633	231.463	0	
-126.578	-2.00504	225.838	0	
-202.353	-21.532	339.399	0	
-119.833	-3.79821	233.587	0	
-21.25	-1.02905	189.283	0	
-19.4845	-2.19037	196.352	0	
-27.5375	-3.24559	208.045	0	
5.25269	-2.80091	200.142	0	
-28.125	-0.36089	218.021	0	
-27.5054	-1.48403	205.643	0	
8.24439	-2.06993	176.782	0	
15	-0.798148	202.839	0	
10.2083	-2.01633	216.133	0	
11.25	-1.09967	220.587	0	
6.875	-0.366631	312.223	0	
7.41105	-1.76841	192.635	0	
-0.625	-0.36089	236.657	0	
-0.00541199	-1.48403	205.695	0	
0.51554	-2.19037	187.806	0	
0	-0.727521	203.038	0	
-4.91105	-1.76841	206.143	0	
-3.75	-1.03479	209.036	0	
-10	-1.03479	179.748	0	
-9.67228	-2.00504	195.666	0	
26.0417	-2.01633	222.518	0	
-4.07772	-2.00504	177.323	0	
-45	-1.02905	218.401	0	
-43.2345	-2.19037	235.505	0	
-50.2083	-2.72654	238.645	0	
-29.6307	-3.06027	181.972	0	
-31.1611	-1.76841	201.802	0	
-30	-1.03479	163.133	0	
-36.25	-1.03479	186.783	0	
-35.9223	-2.00504	174.056	0	
-22.7083	-2.01633	212.045	0	
-30.3277	-2.00504	202.703	0	
-60.2083	-2.01633	258.209	0	
-51.4583	-2.01633	217.728	0	
-68.3387	-1.78555	224.273	0	
-68.4751	-2.84652	211.361	0	
-76.25	-1.02905	230.631	0	
-74.4845	-2.19037	268.048	0	
-77.7083	-2.01633	240.057	0	
-105.61	-4.06799	213.208	0	
-83.125	-0.36089	263.873	0	
-82.5054	-1.48403	237.48	0	
104.494	-2.06993	205.601	0	
110	-0.798148	204.027	0	
106.458	-2.01633	208.363	0	
107.5	-1.09967	183.737	0	
103.125	-0.366631	232.374	0	
103.661	-1.76841	195.403	0	
95.625	-0.36089	208.556	0	
96.2446	-1.48403	223.146	0	
96.7655	-2.19037	243.267	0	
96.25	-0.727521	225.157	0	
91.3389	-1.76841	228.477	0	
92.5	-1.03479	223.406	0	
86.25	-1.03479	215.376	0	
86.5777	-2.00504	208.711	0	
78.2293	-2.1669	182.567	0	
78.5906	-3.16789	216.428	0	
75	-1.02905	158.563	0	
76.7655	-2.19037	223.282	0	
68.7125	-3.24559	227.107	0	
123.713	-3.24559	177.514	0	
68.125	-0.36089	201.527	0	
68.7446	-1.48403	213.055	0	
65.0889	-1.76841	191.508	0	
66.25	-1.03479	192.813	0	
60	-1.03479	169.471	0	
60.3277	-2.00504	198.542	0	
54.4793	-2.1669	180.652	0	
73.5417	-2.01633	201.244	0	
51.25	-1.02905	253.681	0	
53.0155	-2.19037	217.842	0	
40.4973	-3.78292	230.264	0	
54.8394	-3.16569	204.681	0	
39.0027	-2.80091	222.716	0	
44.7917	-2.01633	214.449	0	
27.9113	-1.78555	221.321	0	
27.7749	-2.84652	205.691	0	
20	-1.02905	195.936	0	
21.7655	-2.19037	215.209	0	
-9.36018	-4.06799	190.931	0	
18.5417	-2.01633	208.264	0	
13.125	-0.36089	255.587	0	
13.7446	-1.48403	246.795	0	
153.75	-1.02905	274.435	0	
155.516	-2.19037	247.528	0	
142.62	-3.22837	176.134	0	
144.069	-5.7607	156.174	0	
147.5	-0.798148	207.973	0	
146.771	-2.1669	217.919	0	
140.729	-2.1669	212.277	0	
150.746	-2.90651	207.624	0	
137.5	-1.02905	225.427	0	
139.266	-2.19037	220.134	0	
130.64	-4.06799	169.489	0	
141.177	-3.32534	152.362	0	
131.994	-2.06993	208.913	0	
129.955	-2.8545	204.234	0	
128.542	-2.01633	215.874	0	
127.18	-2.91409	182.312	0	
122.911	-1.78555	201.458	0	
122.775	-2.84652	172.671	0	
115	-1.02905	202.62	0	
116.766	-2.19037	199.78	0	
86.8898	-4.06799	268.272	0	
113.542	-2.01633	193.722	0	
108.75	-1.03479	193.462	0	
109.078	-2.00504	190.515	0	
-117.089	-1.78555	243.099	0	
-117.225	-2.84652	226.158	0	
-125	-1.02905	209.005	0	
-123.234	-2.19037	239.471	0	
-78.5826	-3.79821	226.721	0	
-143.899	-7.68728	210.326	0	
-90	-1.03479	217.708	0	
-89.6723	-2.00504	224.779	0	
-97.5	-0.792406	218.054	0	
-97.0644	-2.07688	226.47	0	
-116.287	-3.24559	239.559	0	
-108.125	-3.34884	226.527	0	
-104.256	-2.06993	242.701	0	
-112.466	-3.07092	211.996	0	
-107.708	-2.01633	242.965	0	
-116.633	-5.94785	216.921	0	
-141.434	-1.75189	252.61	0	
-142.267	-2.05915	244.024	0	
-130.506	-2.06993	236.757	0	
-141.756	-5.80291	216.652	0	
-140.354	-6.17065	184.014	0	
-130.457	-4.4054	206.322	0	
-20.8387	-1.78555	187.459	0	
-20.9751	-2.84652	168.462	0	
-28.75	-1.02905	197.466	0	
-26.9845	-2.19037	192.261	0	
-43.7875	-3.24559	256.064	0	
-46.3858	-5.74538	312.825	0	
6.25	-1.03479	219.101	0	
6.57772	-2.00504	182.158	0	
-1.25	-0.792406	209.343	0	
-0.814428	-2.07688	160.816	0	
-20.0375	-3.24559	204.509	0	
-11.875	-3.34884	206.753	0	
-8.00561	-2.06993	194.268	0	
-16.2164	-3.07092	179.142	0	
-11.4583	-2.01633	211.09	0	
-20.3828	-5.94785	365.515	0	
-44.5887	-1.78555	235.03	0	
-44.7251	-2.84652	241.573	0	
-34.2556	-2.06993	179.931	0	
-49.5151	-8.22246	293.354	0	
-44.2462	-5.42835	322.289	0	
-34.2075	-4.4054	224.238	0	
-75.0375	-3.24559	264.278	0	
25.1674	-3.79821	214.493	0	
-75.8387	-1.78555	244.921	0	
-75.9751	-2.84652	244.401	0	
-83.75	-1.02905	242.556	0	
-81.9845	-2.19037	228.457	0	
-90.0446	-2.8545	226.106	0	
-86.5873	-2.94281	221.78	0	
102.5	-1.03479	219.466	0	
102.828	-2.00504	201.848	0	
95	-0.792406	220.016	0	
95.4356	-2.07688	241.994	0	
76.2125	-3.24559	230.693	0	
84.375	-3.34884	261.893	0	
88.2444	-2.06993	212.568	0	
80.0336	-3.07092	196.222	0	
84.7917	-2.01633	218.179	0	
75.8672	-5.94785	315.792	0	
75.4113	-1.78555	205.848	0	
75.2749	-2.84652	192.305	0	
67.5	-1.02905	177.934	0	
69.2655	-2.19037	219.159	0	
52.4625	-3.24559	212.165	0	
49.8642	-5.74538	238.845	0	
61.9944	-2.06993	199.647	0	
46.7349	-8.22246	219.976	0	
52.0038	-5.42835	250.99	0	
62.0425	-4.4054	220.496	0	
51.6613	-1.78555	212.001	0	
51.5249	-2.84652	200.213	0	
21.2125	-3.24559	207.46	0	
107.75	-4.43486	194.277	0	
20.4113	-1.78555	214.339	0	
20.2749	-2.84652	189.684	0	
12.5	-1.02905	195.708	0	
14.2655	-2.19037	228.635	0	
6.20541	-2.8545	192.938	0	
9.66268	-2.94281	188.381	0	
154.161	-1.78555	247.312	0	
154.025	-2.84652	225.502	0	
152.292	-2.01633	233.882	0	
139.039	-4.35802	170.923	0	
137.911	-1.78555	217.649	0	
137.775	-2.84652	187.104	0	
116.213	-3.24559	186.46	0	
154.963	-3.24559	219.716	0	
115.411	-1.78555	192.813	0	
115.275	-2.84652	159.959	0	
107.292	-2.01633	218.401	0	
109.247	-3.78292	193.319	0	
-140.037	-3.24559	222.194	0	
-71.0826	-3.79821	223.532	0	
-124.589	-1.78555	240.312	0	
-124.725	-2.84652	219.432	0	
-92.8202	-2.91409	216.049	0	
-85.2083	-2.01633	238.518	0	
-97.684	-1.75189	216.723	0	
-98.5173	-2.05915	203.11	0	
-152.708	-2.01633	239.434	0	
-145.211	-4.15655	242.019	0	
-23.5826	-3.79821	209.26	0	
3.37811	-4.98343	233.659	0	
-28.3387	-1.78555	196.877	0	
-28.4751	-2.84652	182.4	0	
3.42981	-2.91409	184.729	0	
11.0417	-2.01633	215.92	0	
-1.43402	-1.75189	183.519	0	
-2.26735	-2.05915	183.424	0	
-48.9583	-3.47328	258.088	0	
-47.6197	-4.31165	283.775	0	
-88.4261	-3.92482	219.693	0	
-92.8719	-4.98343	210.888	0	
-83.3387	-1.78555	232.77	0	
-83.4751	-2.84652	212.498	0	
99.6798	-2.91409	242.111	0	
107.753	-2.80091	198.414	0	
94.816	-1.75189	218.09	0	
93.9827	-2.05915	227.694	0	
72.6674	-3.79821	246.2	0	
120.167	-3.79821	192.564	0	
67.9113	-1.78555	218.181	0	
67.7749	-2.84652	205.993	0	
47.2917	-3.47328	217.828	0	
50.1448	-3.88818	205.407	0	
17.6674	-3.79821	202.464	0	
-0.0374544	-3.24559	174.932	0	
12.9113	-1.78555	226.178	0	
12.7749	-2.84652	202.809	0	
148.483	-4.32001	191.802	0	
187.308	-1.93891	323.556	0	
147.862	-1.54577	252.511	0	
148.712	-3.13655	215.462	0	
133.929	-3.08731	166.163	0	
138.713	-3.24559	196.266	0	
90.6555	-3.51902	240.247	0	
102.455	-2.8545	213.64	0	
-152.829	-5.21478	233.626	0	
-131.801	-4.25718	230.563	0	
-122.157	-4.23242	218.809	0	
-96.2875	-3.24559	218.094	0	
-46.1052	-3.88818	281.673	0	
-35.5505	-4.25718	188.414	0	
-25.9071	-4.23242	241.234	0	
13.7125	-3.24559	209.273	0	
-100.639	-4.06622	211.548	0	
-82.5375	-3.24559	216.106	0	
48.6303	-4.31165	228.821	0	
96.2125	-3.24559	250.827	0	
60.6995	-4.25718	226.738	0	
70.3429	-4.23242	240.894	0	
-4.38926	-4.06622	168.775	0	
7.82395	-3.92482	194.096	0	
146.42	-3.14785	178.049	0	
147.178	-4.41078	192.188	0	
34.7917	-2.72654	219.647	0	
33.9583	-2.72654	214.552	0	
126.034	-3.06466	148.506	0	
126.041	-5.36183	170.515	0	
-147.837	-2.94281	212.413	0	
-142.682	-2.77243	234.571	0	
-160.208	-1.16463	144.963	0	
-201.338	-10.2031	314.167	0	
-153.958	-2.72654	236.946	0	
-152.247	-2.80091	221.035	0	
-156.042	-3.47328	238.405	0	
-156.458	-2.72654	244.729	0	
-52.8373	-2.94281	229.387	0	
-49.7917	-3.47328	253.949	0	
-58.9583	-2.72654	273.536	0	
-57.7083	-2.01633	258.884	0	
-56.2946	-2.8545	256.707	0	
-57.2473	-2.80091	261.294	0	
-65.2159	-3.06466	253.897	0	
-65.2085	-5.36053	231.996	0	
-72.7159	-3.06466	256.714	0	
-69.5113	-3.00667	210.217	0	
43.4127	-2.94281	210.827	0	
46.4583	-3.47328	226.028	0	
36.0417	-2.01633	229.513	0	
32.5816	-3.68836	197.585	0	
32.1798	-2.91409	183.936	0	
36.4583	-2.72654	230.856	0	
23.5341	-3.06466	180.799	0	
26.7387	-3.00667	203.171	0	
118.534	-3.06466	174.872	0	
121.739	-3.00667	184.701	0	
-121.466	-3.06466	223.717	0	
-118.261	-3.00667	235.135	0	
-93.9659	-3.06466	202.371	0	
-93.9594	-5.36183	195.388	0	
-109.003	-2.80091	237.615	0	
-107.247	-2.80091	238.802	0	
-146.042	-2.72654	238.864	0	
-147.44	-3.72538	220.509	0	
-25.2159	-3.06466	158.139	0	
-22.0113	-3.00667	172.178	0	
2.28409	-3.06466	155.041	0	
2.29056	-5.36183	234.593	0	
-12.7527	-2.80091	213.698	0	
-10.9973	-2.80091	209.194	0	
-48.9583	-2.01633	219.595	0	
-45.7613	-3.00667	250.892	0	
-52.44	-3.72538	251.186	0	
-48.5417	-2.72654	245.183	0	
-80.2159	-3.06466	205.467	0	
-77.0113	-3.00667	236.872	0	
98.5341	-3.06466	231.247	0	
98.5406	-5.36183	196.485	0	
83.4973	-2.80091	237.619	0	
85.2527	-2.80091	243.059	0	
71.0341	-3.06466	207.626	0	
74.2387	-3.00667	207.469	0	
47.2917	-2.01633	201.16	0	
50.4887	-3.00667	209.653	0	
43.81	-3.72538	224.669	0	
47.7083	-2.72654	217.121	0	
16.0341	-3.06466	185.871	0	
19.2387	-3.00667	194.113	0	
151.132	-3.93062	212.468	0	
152.989	-3.00667	233.119	0	
111.032	-2.99641	185.089	0	
114.239	-3.00667	166.172	0	
-87.7179	-2.99641	204.315	0	
-84.5113	-3.00667	216.4	0	
8.53206	-2.99641	160.82	0	
11.7387	-3.00667	201.621	0	
104.782	-2.99641	160.76	0	
102.997	-3.78292	189.136	0	
-143.54	-2.72962	242.331	0	
-140.951	-3.13784	235.862	0	
-99.9558	-2.85377	227.086	0	
-97.2008	-3.13784	211.888	0	
-3.70582	-2.85377	185.411	0	
-0.950756	-3.13784	167.248	0	
92.5442	-2.85377	255.054	0	
95.2992	-3.13784	236.313	0	
41.5739	-3.92482	219.753	0	
46.0417	-2.72654	212.852	0	
127.582	-3.68916	188.651	0	
132.502	-3.08731	153.193	0	
127.128	-4.98343	188.899	0	
128.572	-3.57598	203.069	0	
-152.662	-3.55114	230.515	0	
-152.231	-4.40508	230.56	0	
-159.148	-3.04538	218.786	0	
-165.564	-17.3854	470.912	0	
-154.373	-3.97501	234.38	0	
-150.753	-3.78292	214.887	0	
-160.293	-8.30276	297.394	0	
-155.208	-3.47328	240.644	0	
-158.057	-10.316	327.546	0	
-143.957	-3.47621	239.255	0	
-58.5398	-3.47677	274.436	0	
-57.2309	-4.40508	267.064	0	
-61.4583	-2.72654	255.632	0	
-57.6621	-3.55114	274.183	0	
-62.7232	-3.50081	252.364	0	
-55.7527	-3.78292	257.685	0	
-64.0702	-2.91409	246.156	0	
-63.6684	-3.68836	251.438	0	
-61.8899	-3.99904	255.764	0	
-60.2083	-3.47328	272.165	0	
-72.8478	-5.56717	234.391	0	
-69.264	-5.46522	199.425	0	
39.9554	-2.8545	220.834	0	
39.0191	-4.40508	241.149	0	
37.2917	-2.72654	228.763	0	
38.5879	-3.55114	232.813	0	
34.3601	-3.99904	214.249	0	
37.7102	-3.47677	236.263	0	
35.2083	-3.47328	227.606	0	
33.5268	-3.50081	212.915	0	
23.4022	-5.56717	234.872	0	
26.986	-5.46522	255.31	0	
118.402	-5.56717	198.77	0	
114.489	-5.47929	183.804	0	
-121.598	-5.56717	229.472	0	
-125.6	-5.31383	234.945	0	
-92.4178	-3.68916	221.491	0	
-89.5027	-3.78292	221.137	0	
-90.9952	-4.42757	224.393	0	
-86.1036	-3.83222	210.919	0	
-109.687	-5.39772	207.932	0	
-106.295	-2.8545	239.298	0	
-110.64	-4.06799	203.805	0	
-98.2818	-3.59669	211.094	0	
-146.478	-3.50911	233.317	0	
-141.985	-3.52613	237.921	0	
-25.3478	-5.56717	287.251	0	
-29.3495	-5.31383	296.942	0	
3.83223	-3.68916	207.496	0	
6.7473	-3.78292	204.749	0	
5.25478	-4.42757	233.656	0	
10.1464	-3.83222	197.243	0	
-13.4371	-5.39772	235.01	0	
-10.0446	-2.8545	194.885	0	
-14.3898	-4.06799	229.067	0	
-2.03178	-3.59669	188.157	0	
-51.4777	-3.50911	247.412	0	
-47.7083	-2.72654	252.103	0	
-51.0637	-4.19254	262.406	0	
-47.2189	-3.60804	264.044	0	
-80.3478	-5.56717	207.403	0	
-84.2613	-5.47929	202.116	0	
100.082	-3.68916	228.304	0	
112.646	-3.83222	182.333	0	
110.324	-3.92482	206.248	0	
107.317	-3.58364	203.726	0	
82.8129	-5.39772	356.355	0	
86.2054	-2.8545	240.05	0	
81.8602	-4.06799	248.52	0	
94.2182	-3.59669	253.038	0	
70.9022	-5.56717	298.659	0	
66.9005	-5.31383	275.114	0	
44.7723	-3.50911	222.87	0	
48.5417	-2.72654	214.647	0	
45.1863	-4.19254	237.751	0	
49.0311	-3.60804	222.773	0	
15.9022	-5.56717	216.374	0	
11.9887	-5.47929	230.297	0	
108.705	-2.8545	204.476	0	
101.072	-3.57598	230.708	0	
-91.4282	-3.57598	228.506	0	
-94.651	-4.21812	207.396	0	
4.82178	-3.57598	213.177	0	
1.59897	-4.21812	196.883	0	
105.913	-2.94281	193.065	0	
106.31	-3.72554	185.414	0	
97.849	-4.21812	233.75	0	
101.505	-4.42757	213.369	0	
-144.792	-3.47313	242.519	0	
-146.064	-4.19253	240.814	0	
-103.124	-4.43041	221.951	0	
-108.125	-4.73217	191.575	0	
-6.87403	-4.43041	109.487	0	
-11.875	-4.73217	211.555	0	
89.376	-4.43041	358.22	0	
84.375	-4.73217	292.796	0	
121.393	-3.89079	187.664	0	
143.936	-3.97268	159.61	0	
125.349	-4.21812	170.202	0	
129.043	-4.50658	194.211	0	
-154.834	-5.62943	234.114	0	
-149.676	-3.92482	208.648	0	
-156.465	-4.16242	250.906	0	
-88.4597	-6.17559	220.968	0	
-157.746	-3.54331	244.638	0	
-157.336	-4.23245	247.099	0	
-155.953	-5.20944	239.751	0	
-151.274	-4.58327	226	0	
-87.8931	-5.00841	216.43	0	
-54.6761	-3.92482	255.559	0	
-59.3731	-3.97501	268.605	0	
7.79028	-6.17559	252.782	0	
-65.9011	-4.21822	241.573	0	
-59.3047	-5.11624	262.193	0	
-64.1215	-4.98124	234.413	0	
-60.5387	-5.90518	257.894	0	
8.35687	-5.00841	225.793	0	
92.527	-5.11846	276.086	0	
30.3489	-4.21822	205.335	0	
32.1285	-4.98124	209.405	0	
36.0417	-3.47328	232.521	0	
34.378	-5.06466	201.534	0	
35.7113	-5.90518	207.467	0	
36.8769	-3.97501	227.998	0	
-101.844	-3.51902	233.249	0	
-99.973	-5.11846	209.08	0	
-145.501	-5.7656	227.996	0	
-69.8571	-3.89079	209.978	0	
-156.677	-7.51666	267.472	0	
-49.707	-5.1949	275.283	0	
-148.977	-5.20289	214.062	0	
-147.813	-5.59213	220.081	0	
-5.59449	-3.51902	161.93	0	
-3.72305	-5.11846	202.744	0	
-56.2742	-4.58327	269.423	0	
26.3929	-3.89079	224.169	0	
-39.9676	-3.06872	188.025	0	
46.543	-5.1949	235.865	0	
-53.9766	-5.20289	262.742	0	
-50.211	-4.15672	266.618	0	
-55.8234	-5.70833	262.985	0	
-48.5258	-4.17689	272.656	0	
-52.8132	-5.59213	268.183	0	
-47.2738	-5.38006	293.748	0	
91.8607	-4.06622	265	0	
105.879	-5.0575	170.559	0	
36.9453	-5.11624	218.485	0	
130.158	-4.945	189.722	0	
56.2824	-3.06872	185.575	0	
110.29	-6.17488	218.145	0	
42.2734	-5.20289	250.017	0	
46.039	-4.15672	231.875	0	
40.4266	-5.70833	257.252	0	
47.7242	-4.17689	236.326	0	
39.9758	-4.58327	239.065	0	
48.9762	-5.38006	246.734	0	
-90.0224	-4.58092	225.366	0	
-89.5124	-5.89001	214.227	0	
6.22758	-4.58092	228.488	0	
6.73765	-5.89001	255.604	0	
102.928	-5.70651	177.881	0	
107.848	-6.54104	158.949	0	
104.074	-3.92482	185.041	0	
104.773	-5.20318	152.271	0	
99.6281	-4.98343	210.832	0	
102.478	-4.58092	207.139	0	
-150.823	-5.70833	228.24	0	
-143.779	-5.33843	228.101	0	
76.6284	-4.52398	273.112	0	
144.244	-11.4317	294.286	0	
128.127	-5.50143	188.992	0	
128.872	-6.93342	182.133	0	
-158.777	-5.20944	253.861	0	
-143.448	-4.30353	237.103	0	
-161.732	-2.79975	186.355	0	
-207.299	-15.0218	323.741	0	
-182.365	-35.5359	549.481	0	
-79.1691	-5.28353	218.447	0	
-150.997	-8.59138	230.695	0	
-57.1302	-6.3947	269.064	0	
-61.872	-5.06466	238.171	0	
-58.0402	-5.47194	273.701	0	
-115.872	-4.52398	223.867	0	
17.0809	-5.28353	210.978	0	
-19.6216	-4.52398	213.5	0	
108.728	-4.58055	206.035	0	
38.2098	-5.47194	237.204	0	
43.4368	-5.59213	230.666	0	
-139.58	-4.60081	212.379	0	
-145.691	-7.03602	222.872	0	
-96.7489	-6.89898	156.01	0	
-97.1496	-5.26597	195.233	0	
-149.602	-6.18605	216.407	0	
-134.449	-4.25718	199.893	0	
-31.5017	-4.16217	226.271	0	
39.1198	-6.3947	240.166	0	
-0.498874	-6.89898	330.338	0	
-0.89962	-5.26597	212.027	0	
-70.5474	-6.44535	192.323	0	
-54.6024	-6.18605	270.09	0	
-52.4014	-4.79453	259.236	0	
-51.4417	-5.03664	267.558	0	
-52.0429	-7.10465	270.394	0	
-50.5017	-5.76581	280.489	0	
-54.1682	-7.76797	254.159	0	
-36.3389	-2.93321	197.017	0	
-48.8551	-5.21507	285.15	0	
-48.0926	-6.0103	302.389	0	
64.7483	-4.16217	236.176	0	
110.857	-5.00834	197.902	0	
95.7511	-6.89898	146.264	0	
95.3504	-5.26597	229.34	0	
25.7026	-6.44535	258.976	0	
41.6476	-6.18605	235.658	0	
43.8486	-4.79453	245.988	0	
44.8083	-5.03664	239.729	0	
44.2071	-7.10465	255.242	0	
45.7483	-5.76581	236.474	0	
42.0818	-7.76797	269.596	0	
59.9111	-2.93321	201.894	0	
47.3949	-5.21507	234.345	0	
48.1574	-6.0103	233.546	0	
-91.9104	-5.42242	211.79	0	
-90.925	-6.50437	194.308	0	
4.33964	-5.42242	243.759	0	
5.32497	-6.50437	274.909	0	
106.858	-5.46739	176.611	0	
109.237	-5.889	189.125	0	
45.559	-7.03622	222.724	0	
104.147	-6.18687	172.301	0	
100.59	-5.42242	201.851	0	
100.817	-6.41692	186.087	0	
-147.401	-4.79453	236.329	0	
-146.442	-5.03663	240.682	0	
-147.043	-7.10465	241.166	0	
-144.707	-5.19453	238.119	0	
-149.168	-7.76797	245.368	0	
-132.589	-2.93321	228.8	0	
-154.178	-7.28627	244.105	0	
-151.919	-6.13754	228.058	0	
-67.2642	-6.91889	205.57	0	
-50.691	-7.03622	285.149	0	
28.9858	-6.91889	261.06	0	
57.9209	-9.10125	259.044	0	
-165.569	-3.72058	259.933	0	
-124.19	-5.40086	225.572	0	
-65.8105	-6.63734	214.604	0	
-38.3291	-9.10125	519.544	0	
-59.0799	-8.70786	224.787	0	
-25.746	-9.39498	642.994	0	
-36.875	-5.27905	259.092	0	
-45.618	-4.95711	297.694	0	
30.4395	-6.63734	247.336	0	
104.619	-8.07335	144.358	0	
37.1701	-8.70786	223.352	0	
121.986	-5.46522	190.15	0	
59.375	-5.27905	243.759	0	
50.632	-4.95711	251.178	0	
-100.432	-7.15932	182.586	0	
-118.014	-5.46522	215.84	0	
-4.18243	-7.15932	319.274	0	
-21.764	-5.46522	286.319	0	
101.373	-10.8863	131.632	0	
97.6668	-7.08742	176.211	0	
74.486	-5.46522	276.202	0	
92.0676	-7.15932	187.153	0	
-142.782	-6.56075	213.491	0	
-142.334	-4.31064	219.981	0	
-152.527	-7.43868	228.156	0	
-121.996	-9.39498	219.126	0	
-136.218	-3.06872	212.045	0	
-128.568	-3.08143	216.222	0	
-38.1995	-4.25718	212.496	0	
-32.318	-3.08143	178.558	0	
58.0505	-4.25718	214.701	0	
63.932	-3.08143	173.893	0	
133.106	-6.04794	158.623	0	
130.428	-6.60412	200.004	0	
123.985	-6.91734	217.49	0	
150.848	-20.0464	201.52	0	
-155.18	-8.32445	263.037	0	
-52.0799	-10.5411	235.919	0	
-40.8588	-5.44334	287.838	0	
-43.3792	-4.50999	277.557	0	
55.3912	-5.44334	259.481	0	
52.8708	-4.50999	241.629	0	
-87.5848	-7.52916	219.58	0	
-84.8609	-3.89608	209.032	0	
8.66524	-7.52916	274.008	0	
11.3891	-3.89608	199.63	0	
120.703	-6.44535	198.299	0	
113.889	-3.89608	179.078	0	
-94.8332	-7.08742	188.178	0	
-127.752	-4.16217	231.792	0	
-136.015	-9.53859	230.328	0	
-118.607	-3.89079	228.281	0	
-44.375	-6.99919	370.459	0	
-22.3571	-3.89079	225.082	0	
-42.8302	-8.44515	443.983	0	
-40.8536	-7.44458	377.581	0	
51.875	-6.99919	251.25	0	
73.8929	-3.89079	243.517	0	
53.4198	-8.44515	309.023	0	
55.3964	-7.44458	321.096	0	
-45.8903	-7.18841	327.693	0	
-48.1439	-7.56208	306.137	0	
50.3597	-7.18841	261.632	0	
48.1061	-7.56208	234.651	0	
-141.655	-10.9683	180.348	0	
-134.129	-6.10622	225.962	0	
-52.772	-8.29733	268.243	0	
-46.8296	-8.37487	352.131	0	
43.478	-8.29733	213.485	0	
49.4204	-8.37487	205.785	0	
-164	-0.842706	233.887	0	
-160.19	-2.6252	208.491	0	
-171.26	-1.12398	295.733	0	
-163.118	-4.25546	258.559	0	
157.984	-3.31993	211.494	0	
162.75	-0.842706	197.271	0	
160.879	-2.92373	178.314	0	
162.233	-4.81544	194.346	0	
149.806	-4.94504	188.619	0	
157.495	-4.95032	155.733	0	
136.186	-4.14103	167.391	0	
140.456	-4.52612	179.564	0	
-73.4071	-4.23242	246.638	0	
-71.6691	-5.28353	211.823	0	
-80.4167	-10.3326	248.215	0	
-64.8646	-8.3096	195.331	0	
-77.3571	-3.89079	234.813	0	
-74.2262	-6.72899	235.389	0	
22.8429	-4.23242	217.747	0	
24.5809	-5.28353	247.344	0	
15.8333	-10.3326	197.042	0	
31.3854	-8.3096	257.251	0	
18.8929	-3.89079	199.426	0	
22.0238	-6.72899	233.171	0	
117.843	-4.23242	196.82	0	
119.581	-5.28353	204.083	0	
112.877	-7.50462	245.015	0	
125.437	-6.63718	214.267	0	
111.164	-7.52928	218.184	0	
117.03	-6.73778	231.749	0	
-120.419	-5.28353	212.48	0	
-119.297	-6.44535	225.183	0	
-147.08	-10.5411	265.084	0	
-106.019	-7.46803	188.857	0	
-144.559	-9.99967	246.265	0	
-147.772	-8.29733	234.696	0	
-24.1691	-5.28353	301.412	0	
-23.0474	-6.44535	394.036	0	
1.41684	-7.08742	310.749	0	
-9.76913	-7.46803	332.946	0	
-27.9404	-5.40086	323.085	0	
-23.5704	-9.08967	739.997	0	
-80.9071	-4.23242	211.202	0	
-78.0474	-6.44535	217.875	0	
-74.2388	-9.20929	182.806	0	
-76.764	-5.46522	231.084	0	
-81.7196	-6.73778	215.589	0	
-82.2148	-8.98906	202.341	0	
72.0809	-5.28353	266.787	0	
73.2026	-6.44535	332.559	0	
102.182	-6.54766	190.858	0	
86.4809	-7.46803	303.322	0	
68.3096	-5.40086	280.967	0	
93.8488	-8.33358	161.043	0	
15.3429	-4.23242	204.196	0	
18.2026	-6.44535	209.468	0	
22.0112	-9.20929	321.171	0	
19.486	-5.46522	221.334	0	
14.5304	-6.73778	222.656	0	
14.0352	-8.98906	265.676	0	
112.049	-4.96932	205.772	0	
113.194	-6.11121	182.439	0	
107.957	-10.0357	184.363	0	
114.373	-9.53907	254.698	0	
-86.7013	-4.9694	214.697	0	
-85.556	-6.11128	192.708	0	
-85.8729	-7.50385	213.334	0	
-84.3782	-9.53722	226.097	0	
9.54871	-4.9694	221.098	0	
10.694	-6.11128	225.65	0	
10.3771	-7.50385	263.804	0	
11.8718	-9.53722	271.857	0	
132.08	-7.47425	198.696	0	
134.746	-4.16808	159.429	0	
124.075	-4.31071	159.746	0	
123.313	-5.73457	174.884	0	
-67.1755	-4.31081	222.677	0	
-67.9367	-5.73467	203.855	0	
29.0745	-4.31081	212.346	0	
28.3133	-5.73467	250.167	0	
-95.9255	-4.31071	191.624	0	
-98.5926	-4.6597	192.185	0	
-103.786	-7.04865	195.634	0	
-106.563	-5.39772	219.837	0	
0.324502	-4.31071	181.334	0	
-2.3426	-4.6597	185.006	0	
-7.5359	-7.04865	298.938	0	
-10.3129	-5.39772	203.256	0	
96.5745	-4.31071	224.484	0	
93.9074	-4.6597	240.898	0	
88.7141	-7.04865	239.074	0	
103.633	-8.96714	183.028	0	
-62.0477	-8.8546	207.003	0	
34.2023	-8.8546	220.308	0	
-65.6604	-12.2385	163.162	0	
44.1701	-10.5411	225.216	0	
-43.9291	-11.1429	451.432	0	
106.762	-8.25621	154.941	0	
40.691	-8.79126	226.292	0	
126.259	-8.10539	225.999	0	
30.5896	-12.2385	268.929	0	
128.121	-8.37598	244.616	0	
98.349	-8.47005	149.766	0	
102.415	-7.9218	171.234	0	
-155.111	-10.7469	321.279	0	
-60.5733	-7.64358	216.888	0	
138.321	-5.52235	195.063	0	
152.541	-4.03078	194.269	0	
-138.552	-9.35636	246.67	0	
-137.06	-5.53416	211.537	0	
-129.996	-3.08143	232.195	0	
-129.047	-6.04201	221.684	0	
-33.7459	-3.08143	149.059	0	
-32.7973	-6.04201	304.491	0	
62.5041	-3.08143	189.602	0	
63.4527	-6.04201	289.465	0	
131.229	-11.2697	292.477	0	
151.99	-6.88415	206.492	0	
136.941	-5.40234	183.22	0	
141.133	-5.9764	198.976	0	
-74.6816	-4.325	250.541	0	
-75.4428	-5.74886	237.009	0	
21.5684	-4.325	210.343	0	
20.8072	-5.74886	228.163	0	
116.568	-4.325	173.024	0	
115.814	-5.75765	201.161	0	
-123.432	-4.325	227.871	0	
-126.314	-4.14101	213.132	0	
-115.576	-8.16642	210.648	0	
-113.246	-5.34905	221.883	0	
-27.1816	-4.325	224.614	0	
-30.0644	-4.14101	245.758	0	
-19.3257	-8.16642	530.129	0	
-16.996	-5.34905	273.786	0	
-82.1816	-4.325	201.305	0	
-82.9362	-5.75765	193.792	0	
69.0684	-4.325	264.164	0	
66.1856	-4.14101	228.46	0	
76.9243	-8.16642	329.743	0	
79.254	-5.34905	298.961	0	
14.0684	-4.325	208.963	0	
13.3138	-5.75765	218.847	0	
105.405	-12.0508	251.021	0	
116.536	-8.99008	294.308	0	
-93.9774	-8.66503	198.211	0	
-91.6041	-8.13534	190.137	0	
2.27255	-8.66503	401.971	0	
4.64589	-8.13534	406.467	0	
129.195	-10.2093	262.67	0	
146.046	-6.10183	168.139	0	
134.488	-5.91521	182.555	0	
135.867	-6.69788	195.733	0	
121.43	-8.68418	256.27	0	
123.385	-8.88682	260.925	0	
-69.8214	-8.68669	174.173	0	
-67.8655	-8.89079	183.544	0	
26.4286	-8.68669	328.34	0	
28.3845	-8.89079	286.109	0	
-66.1145	-9.89368	171.03	0	
-95.0051	-12.6851	324.048	0	
-55.559	-8.79126	249.034	0	
1.24494	-12.6851	372.083	0	
85.9371	-5.39772	345.193	0	
70.504	-9.39498	273.211	0	
99.9643	-7.8529	168.206	0	
101.084	-8.78437	176.857	0	
-119.82	-9.08967	184.005	0	
-122.652	-7.0343	215.451	0	
-127.769	-5.79877	217.222	0	
-125.499	-7.54635	246.221	0	
-48.3872	-12.3828	255.432	0	
-26.4019	-7.0343	457.741	0	
-31.5194	-5.79877	325.721	0	
-29.2492	-7.54635	410.336	0	
47.8628	-12.3828	128.116	0	
69.8481	-7.0343	288.091	0	
64.7306	-5.79877	254.777	0	
67.0008	-7.54635	281.473	0	
140.302	-7.00568	225.078	0	
142.7	-6.86574	195.138	0	
125.012	-9.68556	292.913	0	
195.519	-2.32667	335.463	0	
-98.6512	-8.33358	202.142	0	
35.6767	-7.64358	245.296	0	
-2.40124	-8.33358	368.959	0	
103.223	-11.1651	186.044	0	
72.6796	-9.08967	271.666	0	
95.07	-11.0041	86.984	0	
-136.973	-6.98397	225.072	0	
-135.349	-7.69153	212.367	0	
-32.1235	-10.677	529.434	0	
-33.5046	-8.27657	609.144	0	
64.1265	-10.677	218.62	0	
97.6545	-10.9522	116.006	0	
80.0504	-6.99449	382.458	0	
151.079	-11.5903	215.477	0	
-78.2205	-8.73643	210.321	0	
30.1355	-9.89368	244.087	0	
8.79112	-11.9339	315.622	0	
110.443	-9.50362	242.958	0	
-126.434	-6.49884	221.794	0	
-123.97	-6.77541	228.848	0	
-30.1836	-6.49884	362.636	0	
-27.72	-6.77541	373.154	0	
66.0664	-6.49884	281.321	0	
68.53	-6.77541	298.859	0	
150.025	-6.43618	223.859	0	
153.18	-5.49318	242.752	0	
147.57	-7.50219	181.658	0	
142.406	-9.04296	277.398	0	
-113.344	-8.75328	207.252	0	
-118.411	-11.2883	234.176	0	
-114.541	-4.53464	220.824	0	
-111.901	-4.28441	211.755	0	
-17.0944	-8.75328	580.765	0	
-21.2298	-10.3281	779.022	0	
-18.2907	-4.53464	245.984	0	
-15.6508	-4.28441	223.031	0	
79.1556	-8.75328	290.565	0	
75.0202	-10.3281	241.635	0	
77.9593	-4.53464	264.392	0	
80.5992	-4.28441	280.21	0	
-63.1585	-5.8593	235.499	0	
-63.2996	-7.91085	193.065	0	
33.0915	-5.8593	200.3	0	
32.9504	-7.91085	243.729	0	
-205.568	-32.9721	388.902	0	
-158.17	-8.54355	287.476	0	
-42.0494	-4.51844	257.965	0	
-39.5061	-4.39269	215.377	0	
54.2006	-4.51844	225.173	0	
56.7439	-4.39269	247.636	0	
-138.25	-4.60927	211.575	0	
-135.756	-4.39269	226.82	0	
132.732	-9.94285	268.932	0	
140.759	-8.90393	262.381	0	
-131.823	-7.75398	229.917	0	
-88.3496	-9.59591	230.557	0	
-29.7584	-9.79585	682.269	0	
7.90043	-9.59591	340.884	0	
62.7454	-8.27657	257.724	0	
52.3209	-11.1429	138.378	0	
86.5779	-13.8833	93.7475	0	
208.99	-5.28426	335.492	0	
-59.5306	-11.2795	179.506	0	
-57.3001	-7.89572	236.849	0	
36.7194	-11.2795	235.897	0	
38.9499	-7.89572	274.82	0	
138.907	-6.71973	220.296	0	
136.37	-8.16582	231.922	0	
138.03	-8.06765	248.031	0	
139.214	-9.60327	257.961	0	
134.987	-10.2845	296.45	0	
161.413	-6.92918	202.455	0	
119.235	-10.2813	426.155	0	
95.7393	-17.4777	156.337	0	
-50.1748	-10.5347	280.458	0	
-46.4132	-10.8834	307.305	0	
46.0752	-10.5347	174.292	0	
49.8368	-10.8834	193.978	0	
-176.012	-1.34606	301.815	0	
-160.335	-6.5477	271.533	0	
-161.831	-10.7403	356.924	0	
-188.999	-19.3034	343.897	0	
158.946	-6.83953	234.972	0	
170.01	-1.12398	263.714	0	
-87.4589	-11.9339	277.877	0	
99.5587	-12.4369	168.492	0	
18.0295	-8.73643	252.839	0	
4.49832	-12.069	354.708	0	
-153.134	-12.2646	334.73	0	
-148.55	-12.2522	285.899	0	
-121.489	-14.4624	311.223	0	
-126.008	-9.79585	201.289	0	
104.932	-18.5916	603.324	0	
112.453	-11.0673	320.636	0	
-91.7517	-12.069	283.32	0	
-71.535	-10.5118	158.834	0	
5.3409	-14.035	299.11	0	
24.715	-10.5118	278.299	0	
-112.45	-6.99449	191.958	0	
-129.168	-15.7527	315.369	0	
-16.1996	-6.99449	425.477	0	
-27.5734	-11.3856	698.635	0	
-144.852	-16.8136	464.644	0	
-124.741	-12.1163	255.138	0	
-37.2846	-13.6039	446.909	0	
-6.7017	-12.0229	576.9	0	
66.4916	-9.79585	216.09	0	
58.9654	-13.6039	106.362	0	
112.419	-14.9051	372.692	0	
127.849	-11.938	319.906	0	
147.347	-10.4774	377.819	0	
153.266	-9.06305	292.103	0	
-122.779	-11.9203	210.193	0	
-102.474	-8.42323	221.688	0	
-20.7162	-13.563	482.22	0	
-6.22447	-8.42323	328.734	0	
75.5338	-13.563	91.2671	0	
90.0255	-8.42323	205.84	0	
68.6766	-11.3856	160.45	0	
136.037	-12.2238	297.464	0	
-61.6144	-11.5018	171.799	0	
-55.5379	-10.963	204.494	0	
34.6356	-11.5018	240.828	0	
40.7121	-10.963	239.86	0	
128.852	-14.5637	317.428	0	
235.957	-15.9774	452.898	0	
-178.777	-2.9619	305.44	0	
-162.755	-6.23594	255.962	0	
-156.495	-11.7116	328.838	0	
-221.912	-14.5162	319.482	0	
-169.141	-4.00209	300.167	0	
-167.19	-4.8303	309.638	0	
164.287	-4.15658	200.309	0	
166.707	-4.43785	239.187	0	
155.354	-8.54876	249.228	0	
132.793	-16.0264	310.4	0	
-53.4549	-12.1835	217.62	0	
-9.67296	-13.8421	156.227	0	
42.7951	-12.1835	149.974	0	
33.1604	-13.2995	176.038	0	
-53.1756	-15.7705	185.315	0	
-138.938	-7.6289	212.621	0	
-134.594	-10.3937	245.581	0	
-155.484	-17.2341	490.988	0	
-127.52	-14.6602	316.887	0	
-47.7993	-19.2086	166.598	0	
-31.0758	-17.4153	130.082	0	
48.4507	-19.2086	55.6692	0	
65.1742	-17.4153	40.3309	0	
131.221	-14.31	363.205	0	
153.572	-16.0839	465.775	0	
-157.266	-14.2011	421.217	0	
43.0744	-15.7705	119.516	0	
11.0506	-11.9005	258.942	0	
89.5492	-12.064	66.5865	0	
125.528	-11.6848	311.227	0	
119.86	-13.8177	395.875	0	
-167.135	-7.23969	314.732	0	
-192.539	-4.26558	304.516	0	
-133.857	-13.0595	336.214	0	
-129.198	-9.41262	230.339	0	
-228.19	-24.6897	365.452	0	
-128.413	-13.1119	270.393	0	
-132.411	-9.49708	246.745	0	
-132.552	-6.10622	181.413	0	
-166.307	-13.5038	419.83	0	
-108.605	-11.4398	202.921	0	
-130.943	-10.541	248.154	0	
-129.662	-7.54154	202.67	0	
-131.112	-14.0765	275.18	0	
-127.757	-10.8627	252.968	0	
-135.282	-19.8734	780.663	0	
-102.952	-12.0229	228.359	0	
-130.381	-12.4546	287.879	0	
-128.544	-17.3008	453.793	0	
-148.258	-15.1857	464.196	0	
-3.6662	-13.8175	318.453	0	
-125.443	-18.0933	432.017	0	
-125.597	-14.7313	290.564	0	
-62.6835	-17.1843	180.424	0	
-85.1994	-11.9005	292.23	0	
-124.144	-16.6164	349.321	0	
-121.999	-16.5434	342.022	0	
-91.6409	-16.373	454.601	0	
-70.7541	-13.472	225.02	0	
4.6091	-16.373	243.315	0	
25.4959	-13.472	243.796	0	
-110.152	-7.25958	196.639	0	
-116.205	-10.7321	206.489	0	
-13.9017	-7.25958	401.614	0	
-12.3545	-11.4398	590.84	0	
82.3483	-7.25958	320.957	0	
83.8955	-11.4398	91.6158	0	
-83.8414	-14.5362	412.108	0	
-76.2546	-10.6507	254.283	0	
12.4086	-14.5362	192.857	0	
19.9954	-10.6507	187.602	0	
-97.6578	-11.3921	214.266	0	
-90.4292	-10.045	214.351	0	
-1.40778	-11.3921	666.016	0	
5.82085	-10.045	416.636	0	
-111.605	-11.7939	235.862	0	
-108.046	-8.66433	233.892	0	
-15.3552	-11.7939	427.131	0	
-11.7958	-8.66433	359.801	0	
80.8948	-11.7939	183.604	0	
84.4542	-8.66433	295.929	0	
-57.7296	-12.6391	198.77	0	
-56.3189	-16.133	166.479	0	
38.5204	-12.6391	159.109	0	
39.9311	-16.133	170.211	0	
-173.564	-2.47004	302.982	0	
-165.151	-8.11045	334.134	0	
157.521	-9.12614	207.345	0	
160.271	-11.5138	280.15	0	
-36.2393	-7.66183	402.329	0	
-40.908	-14.645	228.278	0	
60.0107	-7.66183	340.913	0	
55.342	-14.645	88.9324	0	
92.8124	-13.4707	88.4558	0	
138.603	-11.6407	330.228	0	
-114.482	-16.5569	400.227	0	
-119.297	-14.1357	286.003	0	
-106.853	-18.8267	545.578	0	
-90.9091	-14.035	361.579	0	
-63.0896	-13.2995	195.805	0	
-81.2221	-13.5164	357.559	0	
-119.75	-18.497	455.48	0	
-105.923	-13.8421	443.47	0	
-99.9162	-13.8175	407.878	0	
-124.617	-21.7604	567.774	0	
15.0279	-13.5164	199.957	0	
33.5665	-17.1843	196.032	0	
-177.258	-5.78191	321.225	0	
-175.551	-13.7225	389.569	0	
-170.014	-8.10752	334.318	0	
-170.068	-11.6224	359.981	0	
123.346	-14.3333	411.176	0	
130.766	-41.4755	122.373	0	
-117.966	-16.82	376.734	0	
-113.607	-13.3165	314.781	0	
-93.8748	-11.0032	241.071	0	
-93.6138	-16.0889	453.592	0	
2.37524	-11.0032	463.941	0	
2.63623	-16.0889	281.984	0	
-136.481	-15.5337	295.274	0	
46.237	-15.9763	64.1927	0	
-50.013	-15.9763	253.473	0	
-33.8137	-14.565	547.073	0	
-118.828	-25.8063	1096.95	0	
62.4363	-14.565	62.6815	0	
-89.2433	-18.71	711.022	0	
-88.6959	-14.349	397.583	0	
7.00668	-18.71	150.735	0	
7.55411	-14.349	248.056	0	
-158.473	-25.925	1097.47	0	
-57.5305	-27.6829	1001.95	0	
-87.3706	-17.1144	508.115	0	
-82.1404	-18.8236	700.677	0	
-17.0729	-14.4419	239.332	0	
125.77	-16.4577	310.087	0	
8.87942	-17.1144	200.924	0	
14.1096	-18.8236	126.141	0	
218.789	-9.67962	377.481	0	
183.637	-7.09149	320.422	0	
135.243	-14.7675	347.779	0	
140.335	-13.8884	313.959	0	
-181.714	-1.61583	302.4	0	
-173.773	-5.29005	300.04	0	
163.087	-10.0309	222.791	0	
180.465	-1.61583	306.731	0	
-76.9341	-14.5113	351.462	0	
-67.81	-14.1067	207.32	0	
19.3159	-14.5113	176.57	0	
28.44	-14.1067	205.157	0	
-162.174	-17.4716	511.8	0	
-121.07	-22.2371	614.61	0	
-58.6684	-18.9989	346.048	0	
0.81144	-18.779	127.878	0	
37.5816	-18.9989	54.9709	0	
107.856	-15.3565	221.205	0	
138.207	-15.8819	272.609	0	
143.531	-14.1381	347.874	0	
99.901	-16.4959	134.535	0	
79.1771	-14.4419	82.8547	0	
-111.48	-20.2273	863.76	0	
-99.0883	-17.8006	557.106	0	
-27.2006	-15.1171	439.925	0	
-2.83826	-17.8006	189.916	0	
69.0494	-15.1171	56.0335	0	
46.6928	-24.0743	39.7569	0	
-166.112	-27.3981	715.904	0	
-68.8837	-22.4837	580.96	0	
-81.3835	-22.9609	1109.97	0	
-67.2534	-16.8341	284.388	0	
14.8665	-22.9609	88.9798	0	
28.9966	-16.8341	210.627	0	
125.531	-19.801	220.025	0	
145.65	-18.2045	426.573	0	
136.74	-19.4185	351.842	0	
140.986	-21.4915	115.64	0	
-74.1374	-16.0301	394.486	0	
-64.6977	-18.8508	366.01	0	
22.1126	-16.0301	123.838	0	
31.5523	-18.8508	139.495	0	
-95.4386	-18.779	792.621	0	
2.52004	-23.669	89.5409	0	
27.3663	-22.4837	157.383	0	
30.7731	-22.4901	149.327	0	
-84.7755	-17.335	550.926	0	
-79.7054	-15.7809	469.234	0	
11.4745	-17.335	157.346	0	
16.5446	-15.7809	127.64	0	
218.255	-34.6155	444.26	0	
132.745	-19.8694	278.277	0	
-152.736	-16.2622	499.307	0	
-150.381	-17.763	504.369	0	
-144.708	-21.2594	824.353	0	
-141.325	-14.5407	418.752	0	
-62.9905	-26.6887	786.167	0	
-11.2357	-19.2992	75.465	0	
33.2595	-26.6887	158.674	0	
116.277	-16.8153	487.058	0	
-128.495	-23.6616	999.196	0	
19.247	-23.4473	80.6387	0	
-188.557	-1.93891	303.139	0	
-196.769	-2.32667	305.599	0	
172.064	-6.00496	258.942	0	
174.369	-7.9727	293.559	0	
197.421	-9.75588	339.866	0	
191.289	-4.26558	332.317	0	
80.6149	-19.5449	71.1217	0	
38.7195	-27.6829	67.4148	0	
-73.6736	-19.0863	615.536	0	
-69.7337	-19.2556	472.587	0	
22.5764	-19.0863	123.077	0	
26.5163	-19.2556	131.566	0	
122.174	-26.556	100.486	0	
124.937	-40.2492	94.3998	0	
-148.731	-22.1193	832.718	0	
-130.945	-20.0681	487.322	0	
-89.5076	-23.3158	1088.56	0	
-77.003	-23.4473	1006.71	0	
-71.1732	-25.5223	861.109	0	
-65.4769	-22.4901	553.418	0	
-169.77	-21.2264	580.236	0	
-64.5794	-30.6463	1082.58	0	
-139.982	-23.3262	1023.4	0	
-137.645	-30.9202	1415.62	0	
-75.3526	-26.6553	989.306	0	
25.0768	-25.5223	137.458	0	
-31.4696	-23.2096	105.123	0	
73.7048	-20.502	65.9146	0	
-23.6801	-16.4504	265.87	0	
-15.6351	-19.5449	44.1271	0	
72.5699	-16.4504	53.7194	0	
85.0151	-19.3404	52.6064	0	
129.698	-22.0559	151.771	0	
117.076	-20.985	154.419	0	
-103.053	-20.9905	996.082	0	
-93.73	-23.669	1058.4	0	
-49.5572	-24.0743	506.298	0	
6.74241	-23.3158	98.001	0	
-184.618	-8.98987	301.088	0	
-185.032	-3.55475	310.82	0	
-206.623	-2.79194	310.825	0	
-179.781	-9.87097	312.975	0	
180.177	-8.24429	313.615	0	
187.785	-10.442	333.999	0	
170.878	-14.4791	287.09	0	
159.464	-15.8639	192.588	0	
-85.4635	-32.3384	1170.15	0	
20.8974	-26.6553	140.338	0	
-7.43655	-21.463	21.7336	0	
90.9132	-21.5281	328.287	0	
-85.5482	-26.5803	1343.98	0	
-18.107	-29.5111	115.935	0	
10.7018	-26.5803	43.3996	0	
111.968	-28.0025	155.701	0	
-18.1435	-22.7175	36.4089	0	
-22.5452	-20.502	72.0036	0	
78.1065	-22.7175	142.278	0	
64.7804	-23.2096	23.5982	0	
34.1156	-37.3795	317.161	0	
121.506	-22.1434	189.896	0	
-24.1065	-30.9545	75.1926	0	
-6.83217	-26.5477	38.1748	0	
-130.495	-31.0609	1262.86	0	
174.884	-12.8846	282.452	0	
178.79	-12.8864	322.209	0	
-76.4692	-32.4504	1074.25	0	
-69.3552	-29.4863	951.59	0	
-145.697	-34.3804	1401.34	0	
-152.057	-27.6463	1108.3	0	
19.7808	-32.4504	231.875	0	
26.8948	-29.4863	200.297	0	
1.24121	-36.2378	508.282	0	
13.9656	-32.8618	293.708	0	
184.118	-14.761	356.453	0	
227.701	-6.85826	376.669	0	
133.014	-34.6533	34.857	0	
-106.794	-33.2356	1286.61	0	
31.6706	-30.6463	131.057	0	
-72.173	-34.0637	1176.48	0	
-67.7476	-39.8274	1197.57	0	
-22.5359	-47.4922	868.753	0	
127.182	-26.4913	134.27	0	
24.077	-34.0637	176.163	0	
28.5024	-39.8274	282.746	0	
-113.39	-24.9987	897.255	0	
-108.048	-28.3672	1210.72	0	
106.947	-24.7538	112.209	0	
92.4297	-27.5266	250.107	0	
-218.447	-3.35033	319.65	0	
-175.995	-19.4449	414.599	0	
191.912	-9.23189	335.865	0	
201.219	-12.4705	359.131	0	
54.1181	-18.9378	17.7797	0	
69.7905	-24.963	59.7738	0	
-42.1319	-18.9378	270.66	0	
-26.4595	-24.963	70.0081	0	
-192.319	-8.83173	308.62	0	
-201.547	-5.11861	309.061	0	
72.1435	-30.9545	363.474	0	
128.068	-30.7205	50.1462	0	
42.4557	-33.5404	224.085	0	
78.143	-29.5111	97.9066	0	
-62.1344	-37.3795	1050.41	0	
-0.525287	-27.7753	43.5367	0	
84.4836	-32.7829	771.201	0	
208.989	-20.8084	383.154	0	
-28.0097	-38.1045	1074.5	0	
123.686	-35.5846	99.6271	0	
-53.7943	-33.5404	838.843	0	
-35.3322	-36.6738	650.345	0	
100.921	-29.485	599.426	0	
161.838	-60.3262	343.42	0	
118.807	-29.1208	121.743	0	
116.094	-38.0682	106.517	0	
115.315	-25.5586	139.928	0	
112.121	-35.7127	82.3522	0	
60.9178	-36.6738	236.327	0	
119.433	-33.9202	83.7499	0	
120.859	-47.2293	83.6179	0	
-183.583	-23.2797	480.135	0	
-95.5796	-32.8724	1089.35	0	
-114.065	-35.7792	1382.11	0	
68.2403	-38.1045	158.88	0	
32.7098	-63.156	80.7961	0	
9.60751	-38.8404	409.961	0	
-225.327	-7.3709	325.934	0	
-187.923	-11.9402	324.442	0	
170.297	-36.5037	407.942	0	
163.474	-19.8544	294.33	0	
-196.34	-11.9773	320.287	0	
-194.679	-18.9528	326.821	0	
73.7994	-47.6214	807.749	0	
207.712	-10.3255	344.465	0	
204.86	-2.4629	339.297	0	
-212.356	-6.14227	316.012	0	
129.252	-50.7796	171.231	0	
133.997	-47.3484	124.155	0	
213.211	-14.7209	360.382	0	
215.594	-2.82136	350.957	0	
-220.733	-37.1938	362.269	0	
103.164	-47.8011	18.0764	0	
189.04	-35.7251	513.639	0	
199.849	-18.9164	384.678	0	
169.619	-18.8059	259.773	0	
139.422	-30.3106	92.2244	0	
-55.5317	-23.7287	369.405	0	
-37.3685	-24.4061	71.3749	0	
-56.8093	-39.2794	1228.93	0	
-45.742	-28.3975	434.35	0	
-52.3145	-47.6453	995.82	0	
-39.2206	-29.0001	649.113	0	
-47.9803	-33.9094	1053.27	0	
-43.191	-47.72	1368.29	0	
40.7183	-23.7287	111.837	0	
58.8815	-24.4061	67.973	0	
39.4407	-39.2794	138.328	0	
50.508	-28.3975	137.569	0	
43.9355	-47.6453	340.37	0	
57.0294	-29.0001	44.2177	0	
48.2697	-33.9094	72.944	0	
53.059	-47.72	86.524	0	
146.739	-35.2634	52.6982	0	
141.083	-48.4033	217.282	0	
-171.12	-37.8728	1099.64	0	
-73.0349	-48.8114	1325.04	0	
-12.6794	-31.8279	98.3282	0	
-7.11451	-38.7862	284.427	0	
-126.706	-35.6751	1332.13	0	
-120.757	-31.7185	1138.79	0	
-116.584	-45.0329	1333.17	0	
-102.338	-25.7597	1118.79	0	
-126.333	-45.697	1340.35	0	
-90.3084	-40.7522	917.421	0	
-232.636	-4.02057	323.282	0	
-213.24	-13.2876	317.98	0	
-83.0809	-48.9441	909.697	0	
112.882	-53.996	148.73	0	
-41.8717	-39.7232	1053.76	0	
-36.3206	-55.0703	628.404	0	
-51.4248	-68.4389	97.5829	0	
9.79367	-57.9625	733.594	0	
54.3783	-39.7232	208.862	0	
92.7142	-53.006	632.433	0	
154.638	-31.4481	226.042	0	
162.265	-25.6367	264.263	0	
146.844	-43.5002	192.786	0	
174.146	-25.0927	360.329	0	
-10.5586	-47.7958	1425.39	0	
26.2122	-47.5873	297.697	0	
-99.9985	-36.0407	1119.7	0	
-96.6648	-27.4598	1266.99	0	
-98.8599	-43.4908	1052.09	0	
-80.4857	-35.5349	1234.93	0	
-163.404	-50.9608	1055.07	0	
-107.716	-63.4503	485.612	0	
-90.5028	-35.2672	1173.06	0	
-94.2465	-45.8076	910.979	0	
155.531	-25.6086	279.603	0	
162.53	-38.6767	256.483	0	
145.406	-55.4476	210.926	0	
154.317	-46.2331	224.331	0	
-213.385	-66.8866	364.053	0	
-68.9458	-57.4799	456.945	0	
-90.1982	-53.4761	705.525	0	
-83.9074	-41.2679	1065.93	0	
162.103	-45.2249	348.74	0	
179.505	-41.8783	375.677	0	
-26.1557	-55.5594	1046.14	0	
139.16	-65.0425	384.507	0	
197.836	-37.8736	413.36	0	
182.569	-22.1973	398.043	0	
84.0431	-43.7432	142.478	0	
105.034	-36.7207	97.8801	0	
152.77	-54.4151	328.353	0	
130.092	-61.4294	162.166	0	
118.312	-65.1624	141.863	0	
75.0509	-68.8235	227.245	0	
146.414	-81.4576	358.956	0	
-56.4852	-56.245	1062.75	0	
36.3201	-53.5053	174.228	0	
64.865	-77.0726	143.984	0	
112.416	-78.8413	199.178	0	
59.9585	-55.1042	391.826	0	
70.2087	-55.7224	141.757	0	
190.375	-24.8482	419.808	0	
208.311	-28.8887	434.278	0	
178.328	-52.8869	508.753	0	
191.284	-60.8463	463.514	0	
-88.1029	-75.4263	94.173	0	
201.257	-51.9863	504.315	0	
232.766	-30.613	419.524	0	
-94.3526	-64.6703	479.017	0	
-21.2176	-68.4889	502.369	0	
-136.235	-54.5345	1296.61	0	
-75.0762	-70.6121	173.395	0	
-135.57	-69.1305	736.731	0	
17.1658	-67.2349	133.873	0	
-40.3839	-67.1895	635.889	0	
-31.1675	-76.4316	67.0592	0	
-40.0545	-114.942	23.1969	0	
12.3999	-80.9419	94.1866	0	
-62.4004	-77.8089	90.9256	0	
87.3127	-69.9851	89.7031	0	
42.2377	-72.0126	119.373	0	
55.7444	-67.659	93.7448	0	
40.1802	-103.505	41.6436	0	
95.4064	-81.6752	272.605	0	
28.0081	-85.7304	12.7789	0	
122.096	-92.0535	314.109	0	
161.728	-77.7738	636.137	0	
-193.993	-43.518	415.705	0	
15.2296	-47.9657	788.048	0	
-2.66107	-58.4408	716.837	0	
-9.7003	-71.0667	310.601	0	
-2.01149	-84.2955	39.157	0	
-119.078	-74.1502	397.717	0	
-32.1741	-91.5468	49.1884	0	
-46.1975	-98.0428	25.0505	0	
174.139	-96.1654	473.093	0	
-93.5477	-95.5998	30.1142	0	
177.439	-132.495	359.091	0	
-14.5355	-96.8328	17.5015	0	
214.807	-50.7788	487.428	0	
227.722	-62.6715	458.367	0	
-226.174	-52.2763	378.935	0	
140.1	-95.1239	486.511	0	
65.7718	-108.2	29.212	0	
71.1759	-93.9508	146.418	0	
-196.369	-62.35	433.674	0	
-111.16	-95.5437	56.1216	0	
-0.0955761	-124.944	6.02542	0	
140.341	-120.541	367.935	0	
149.26	-111.77	341.593	0	
224.915	-82.6931	517.01	0	
-149.645	-83.0905	344.832	0	
-181.387	-78.8859	360.853	0	
-223.27	-87.3322	330.752	0	
206.301	-97.3985	446.843	0	
-122.3	-109.469	106.685	0	
89.4554	-97.3917	99.472	0	
115.761	-106.486	263.781	0	
94.5914	-125.39	162.485	0	
100.129	-108.99	289.143	0	
-212.53	-108.31	333.048	0	
-187.663	-104.4	279.122	0	
-61.1884	-90.7965	19.3758	0	
-17.3938	-112.921	25.0005	0	
118.793	-131.494	266.39	0	
78.5133	-128.04	206.94	0	
145.868	-135.276	311.384	0	
29.3462	-123.276	6.93337	0	
-50.7969	-127.592	24.3247	0	
124.844	-118.328	318.994	0	
104.171	-136.052	280.902	0	
164.24	-142.504	382.265	0	
167.986	-116.495	438.793	0	
100.66	-156.977	224.649	0	
131.518	-141.125	327.312	0	
68.4008	-148.446	103.753	0	
208.027	-119.4	393.397	0	
190.911	-84.7228	729.042	0	
-79.309	-103.773	30.8894	0	
-75.0605	-123.67	11.6694	0	
-150.767	-144.01	162.069	0	
-166.751	-116.842	237.506	0	
-117.627	-141.298	58.9223	0	
196.992	-135.207	387.161	0	
-237.04	-135.177	317.419	0	
210.321	-157.735	353.981	0	
231.512	-122.086	381.186	0	
233.724	-149.676	379.539	0	
-94.1678	-149.074	77.4736	0	
44.8253	-148.377	83.8601	0	
