# File: UnstructuredGrid_Inversion_L0_Coarse_Iter03.dat
# (No specific header documentation)

-161.25	-0.496475	134.556	0	
-159.375	-0.668155	317.857	0	
-65.625	-0.431516	204.517	0	
30.625	-0.431516	268.793	0	
-144.294	-102.036	303.652	0	
126.875	-0.668155	212.479	0	
31.875	-0.668155	181.625	0	
-165.826	-72.3824	674.295	0	
-64.375	-0.668155	182.923	0	
-120.32	-2.91409	177.272	0	
-147.888	-47.073	1235.93	0	
-143.958	-2.01633	200.698	0	
-158.741	-19.8395	996.171	0	
-159.808	-14.2913	747.997	0	
-115.104	-1.86538	219.991	0	
-108.175	-49.9394	1327.89	0	
-66.354	-1.86538	232.898	0	
-138.854	-1.86538	216.328	0	
-156.794	-6.05848	207.396	0	
-148.75	-1.09967	204.464	0	
-145.208	-2.72654	190.424	0	
-146.458	-2.01633	205.343	0	
-125.881	-3.06027	179.922	0	
-154.094	-4.85908	155.633	0	
-157.708	-2.01633	255.368	0	
-151.071	-10.8319	420.563	0	
-154.792	-2.72654	184.173	0	
-158.77	-3.86216	187.02	0	
125.625	-0.431516	252.459	0	
-24.0702	-2.91409	232.175	0	
-157.76	-5.35468	201.721	0	
-46.4583	-2.01633	208.7	0	
-157.292	-2.72654	189.783	0	
-160.13	-11.9534	595.645	0	
-18.854	-1.86538	228.006	0	
-151.295	-2.8545	187.028	0	
29.896	-1.86538	208.544	0	
-42.604	-1.86538	185.88	0	
-169.22	-2.04966	400.487	0	
-53.75	-1.09967	188.856	0	
-165.6	-1.76839	401.245	0	
-167.3	-0.925681	361.004	0	
-62.2917	-2.72654	225.178	0	
-171.389	-5.89642	403.235	0	
-61.0417	-3.47328	245.562	0	
-164.269	-10.8597	579.244	0	
-59.7917	-2.72654	247.281	0	
-68.125	-0.36089	179.34	0	
-65.5207	-2.1669	224.651	0	
-87.5	-1.09967	191.986	0	
-158.125	-0.431516	285.079	0	
-156.875	-0.668155	401.291	0	
-80.5207	-2.1669	185.489	0	
-157.5	-1.09967	192.384	0	
-70.625	-0.431516	181.153	0	
79.375	-0.668155	208.073	0	
-154.375	-0.668155	369.185	0	
55.625	-0.668155	201.163	0	
-153.125	-0.431516	298.951	0	
-150.625	-0.366631	282.847	0	
38.5417	-2.01633	210.082	0	
-153.75	-1.09967	249.982	0	
49.7917	-2.01633	227.419	0	
-155.625	-0.431516	300.198	0	
72.1798	-2.91409	245.626	0	
-162.583	-1.33918	249.6	0	
-60	-1.09967	186.315	0	
-149.375	-0.431516	251.055	0	
-155	-1.09967	140.055	0	
31.0415	-5.36053	224.422	0	
-148.125	-0.668155	298.746	0	
31.0341	-3.06466	197.451	0	
-146.875	-0.431516	250.437	0	
-147.5	-1.09967	141.957	0	
36.875	-0.668155	230.704	0	
32.7083	-2.01633	195.131	0	
-144.375	-0.431516	238.016	0	
28.125	-0.36089	223.882	0	
-137.5	-1.09967	199.34	0	
-139.375	-0.366631	228.079	0	
25.625	-0.431516	218.936	0	
-143.125	-0.668155	266.619	0	
33.75	-1.09967	203.286	0	
-143.75	-1.09967	214.217	0	
34.375	-0.668155	192.547	0	
8.75	-1.09967	133.195	0	
-136.875	-0.668155	224.377	0	
183.782	-3.55475	269.529	0	
-135.625	-0.431516	245.214	0	
-135	-0.798148	174.2	0	
135.922	-2.00504	196.539	0	
-136.25	-1.09967	211.805	0	
149.65	-2.73747	213.829	0	
131.936	-4.3008	155.43	0	
-131.25	-0.798148	238.989	0	
129.003	-2.80091	190.186	0	
-122.604	-1.86538	199.079	0	
-128.75	-1.09967	211.727	0	
129.375	-0.668155	212.286	0	
-130.625	-0.431516	235.228	0	
133.125	-0.668155	266.281	0	
-130	-1.09967	204.241	0	
141.875	-0.668155	248.845	0	
-138.125	-0.431516	240.783	0	
15.7293	-2.1669	172.2	0	
128.75	-1.09967	235.043	0	
-121.25	-1.09967	181.561	0	
120.625	-0.431516	263.161	0	
-121.875	-0.431516	242.782	0	
-120.625	-0.668155	235.221	0	
110.744	-2.06993	246.841	0	
-123.125	-0.366631	234.663	0	
123.125	-0.36089	245.219	0	
-116.875	-0.36089	245.576	0	
-120	-1.09967	154.658	0	
-133.661	-2.93321	189.886	0	
-115.625	-0.366631	257.697	0	
-114.375	-0.431516	268.25	0	
-127.5	-0.798148	178.932	0	
-113.75	-1.09967	209.207	0	
-119.375	-0.431516	245.358	0	
-115	-0.798148	205.846	0	
100.625	-0.431516	136.377	0	
-93.125	-0.668155	234.947	0	
-112.5	-1.09967	156.997	0	
-103.125	-0.668155	280.373	0	
-111.25	-0.798148	220.853	0	
-103.75	-1.09967	205.349	0	
-114.271	-2.1669	208.911	0	
-111.875	-0.431516	234.409	0	
-110.328	-2.00504	196.89	0	
-111.994	-2.06993	193.527	0	
-108.125	-0.431516	260.339	0	
-141.875	-0.431516	235.427	0	
-104.375	-0.431516	233.33	0	
-95.104	-1.86538	201.656	0	
-142.5	-1.09967	161.684	0	
-105.625	-0.366631	262.699	0	
-110.625	-0.366631	242.257	0	
-108.75	-1.09967	241.102	0	
-109.375	-0.668155	243.249	0	
-113.125	-0.668155	291.551	0	
-104.405	-3.52006	196.779	0	
-128.125	-0.431516	237.039	0	
127.708	-2.01633	198.001	0	
-102.5	-1.09967	221.658	0	
43.125	-0.668155	292.368	0	
-129.375	-0.668155	224.141	0	
-101.875	-0.431516	253.307	0	
-133.125	-0.668155	247.013	0	
-99.375	-0.668155	153.011	0	
-101.25	-0.798148	263.074	0	
-90.9973	-2.80091	183.039	0	
-134.375	-0.366631	234.264	0	
-95.625	-0.366631	295.21	0	
-150.089	-1.76841	218.277	0	
-73.854	-1.86538	254.891	0	
-92.5	-1.09967	140.424	0	
-148.968	-2.99641	169.896	0	
-94.375	-0.431516	198.28	0	
-151.875	-0.668155	303.533	0	
-93.75	-1.09967	169.625	0	
-135.744	-2.06993	196.916	0	
-149.256	-2.06993	200.581	0	
-88.75	-0.798148	217.754	0	
-147.292	-2.01633	220.055	0	
-81.354	-1.86538	177.38	0	
-86.25	-1.09967	220.076	0	
-146.25	-1.09967	212.701	0	
-88.125	-0.431516	250.001	0	
-145.625	-0.668155	290.174	0	
-156.042	-2.01633	220.022	0	
-81.875	-0.366631	181.16	0	
-150	-0.798148	189.629	0	
-79.375	-0.668155	206.29	0	
-73.75	-0.798148	263.294	0	
-153.542	-2.01633	225.274	0	
-80.625	-0.431516	223.421	0	
-155.208	-2.01633	244.324	0	
-85.625	-0.431516	250.013	0	
-156.25	-1.09967	222.173	0	
-91.875	-0.431516	220.558	0	
-138.75	-0.798148	227.616	0	
-158.75	-1.09967	211.424	0	
-72.5	-1.09967	276.784	0	
-20.625	-0.36089	198.771	0	
-73.125	-0.431516	247.304	0	
-71.875	-0.668155	162.032	0	
-23.125	-0.431516	245.688	0	
-74.375	-0.366631	236.391	0	
-158.542	-2.01633	208.59	0	
-31.25	-0.798148	197.693	0	
-71.25	-1.09967	162.089	0	
3.125	-0.668155	226.25	0	
-66.875	-0.366631	210.038	0	
30.7293	-2.1669	206.545	0	
-14.0777	-2.00504	195.757	0	
-65	-1.09967	238.723	0	
-8.15454	-3.52006	186.773	0	
-66.25	-0.798148	243.259	0	
-37.4111	-2.93321	184.716	0	
-18.0207	-2.1669	168.447	0	
-63.125	-0.431516	172.555	0	
-15.7444	-2.06993	206.139	0	
-60.625	-0.431516	172.399	0	
-59.375	-0.668155	216.385	0	
-14.375	-0.366631	257.298	0	
-61.875	-0.668155	168.673	0	
-13.125	-0.668155	290.052	0	
-46.875	-0.431516	182.111	0	
-58.125	-0.431516	189.406	0	
-33.125	-0.668155	138.459	0	
-54.375	-0.431516	197.241	0	
-53.125	-0.668155	164.887	0	
-41.7707	-2.1669	193.858	0	
-55.625	-0.366631	165.773	0	
-41.4106	-3.16569	210.764	0	
-58.75	-1.09967	216.821	0	
-44.375	-0.36089	200.149	0	
-62.5	-1.09967	176.541	0	
-6.875	-0.668155	206.653	0	
-78.75	-1.09967	216.612	0	
-152.5	-1.09967	156.445	0	
-39.4944	-2.06993	180.31	0	
-51.875	-0.431516	177.501	0	
-56.875	-0.668155	179.912	0	
-49.375	-0.431516	169.708	0	
-48.125	-0.668155	148.43	0	
-55.0889	-1.76841	189.767	0	
-48.75	-1.09967	172.331	0	
-38.125	-0.366631	175.856	0	
-42.5	-0.798148	182.866	0	
-41.25	-1.09967	178.821	0	
-50.625	-0.668155	154.413	0	
-41.875	-0.431516	220.599	0	
-40.625	-0.668155	145.992	0	
-52.2917	-2.01633	194.087	0	
-43.125	-0.366631	148.577	0	
-54.2556	-2.06993	199.057	0	
-47.5	-1.09967	182.871	0	
-53.9679	-2.99641	228.635	0	
-61.25	-1.09967	169.151	0	
-39.375	-0.431516	205.844	0	
-62.7083	-2.01633	193.345	0	
-33.75	-1.09967	182.747	0	
-35	-0.798148	157.585	0	
-55	-0.798148	172.811	0	
-38.75	-0.798148	178.448	0	
-61.0417	-2.01633	204.274	0	
-57.5	-1.09967	188.717	0	
-26.354	-1.86538	163.499	0	
-63.5417	-2.01633	202.581	0	
-31.875	-0.431516	241.062	0	
-25	-1.09967	78.1499	0	
-69.375	-0.668155	151.579	0	
-32.5	-1.09967	216.591	0	
-63.75	-1.09967	173.395	0	
-34.375	-0.431516	278.104	0	
-58.5417	-2.01633	222.672	0	
-40	-1.09967	197.428	0	
-51.25	-1.09967	171.278	0	
-73.0207	-2.1669	214.899	0	
-25.625	-0.431516	215.073	0	
-71.0417	-2.01633	179.888	0	
-18.75	-0.798148	240.533	0	
-23.75	-1.09967	238.879	0	
-70	-1.09967	176.79	0	
-24.375	-0.668155	388.236	0	
-67.5054	-1.48403	205.251	0	
-78.125	-0.431516	238.224	0	
-19.375	-0.366631	303.781	0	
-80	-1.09967	170.757	0	
-16.875	-0.668155	332.082	0	
-16.25	-1.09967	158.528	0	
93.5212	-2.84299	231.914	0	
-18.125	-0.431516	262.815	0	
-91.4583	-2.01633	184.95	0	
-17.5	-1.09967	75.8005	0	
-75.625	-0.36089	220.554	0	
82.5446	-2.8545	256.206	0	
-15	-0.798148	133.104	0	
101.503	-2.80091	207.247	0	
-12.5	-1.09967	78.0329	0	
-11.875	-0.431516	243.638	0	
83.125	-0.668155	171.526	0	
-7.5	-1.09967	192.693	0	
89.375	-0.668155	271.914	0	
81.875	-0.366631	245.287	0	
-8.125	-0.431516	248.104	0	
73.125	-0.431516	233.703	0	
-6.25	-1.09967	205.981	0	
-5.625	-0.431516	224.094	0	
66.6193	-3.06027	262.148	0	
1.14595	-1.86538	203.655	0	
75.625	-0.36089	222.164	0	
-9.375	-0.366631	220.376	0	
80.5056	-2.06993	204.479	0	
-15.625	-0.431516	274.227	0	
99.375	-0.668155	153.72	0	
-26.875	-0.366631	293.831	0	
-67.5	-0.727521	219.735	0	
-52.5	-1.09967	163.387	0	
-36.875	-0.668155	291.799	0	
-137.661	-3.16569	175.316	0	
-5	-0.798148	163.437	0	
-3.125	-0.668155	207.773	0	
63.125	-0.668155	190.414	0	
2.5	-1.09967	124.427	0	
0.625	-0.366631	261.205	0	
58.4223	-2.00504	186.307	0	
59.375	-0.668155	240.434	0	
1.875	-0.431516	248.649	0	
58.125	-0.366631	203.809	0	
3.75	-1.09967	211.225	0	
4.375	-0.431516	246.86	0	
51.875	-0.36089	290.344	0	
22.396	-1.86538	173.697	0	
56.7556	-2.06993	223.606	0	
7.5	-0.798148	158.365	0	
65.9223	-2.00504	219.968	0	
42.2821	-2.99641	238.013	0	
8.125	-0.431516	173.353	0	
41.9944	-2.06993	223.646	0	
10	-1.09967	127.566	0	
10.625	-0.431516	214.688	0	
45.625	-0.668155	222.123	0	
14.896	-1.86538	175.69	0	
53.75	-0.798148	199.277	0	
45	-1.09967	146.379	0	
15.625	-0.431516	187.629	0	
41.1611	-1.76841	261.922	0	
22.5	-0.798148	154.972	0	
17.5	-1.09967	123.098	0	
33.5417	-2.01633	195.693	0	
16.875	-0.668155	203.835	0	
39.375	-0.668155	221.212	0	
14.375	-0.366631	222.715	0	
43.9583	-2.01633	232.226	0	
23.75	-1.09967	151.319	0	
49.375	-0.431516	279.902	0	
37.7083	-2.01633	219.074	0	
21.875	-0.366631	166.535	0	
35	-1.09967	190.662	0	
24.375	-0.668155	161.871	0	
30	-0.798148	178.992	0	
35.2083	-2.01633	222.61	0	
23.125	-0.431516	208.09	0	
38.75	-1.09967	223.319	0	
28.7446	-1.48403	214.018	0	
31.25	-1.09967	181.543	0	
28.75	-0.727521	249.329	0	
125.729	-2.1669	176.038	0	
32.5	-1.09967	157.234	0	
25.2083	-2.01633	204.007	0	
29.375	-0.366631	191.303	0	
23.2293	-2.1669	183.281	0	
25	-1.09967	157.887	0	
26.875	-0.668155	172.718	0	
20.625	-0.36089	180.073	0	
36.25	-1.09967	269.758	0	
4.79167	-2.01633	203.776	0	
42.5	-1.09967	156.193	0	
37.5	-1.09967	145.503	0	
16.25	-1.09967	148.74	0	
35.625	-0.431516	286.561	0	
18.125	-0.431516	174.068	0	
151.875	-0.431516	280.883	0	
40.625	-0.366631	311.159	0	
149.375	-0.431516	271.825	0	
53.646	-1.86538	198.469	0	
43.75	-1.09967	266.433	0	
149.529	-1.8473	226.324	0	
41.875	-0.431516	303.341	0	
144.672	-2.00504	220.238	0	
38.125	-0.431516	306.837	0	
154.375	-0.36089	280.957	0	
33.125	-0.431516	253.981	0	
26.25	-1.09967	201.59	0	
44.375	-0.431516	312.908	0	
41.25	-0.798148	300.093	0	
143.006	-2.06993	206.126	0	
47.5	-1.09967	163.433	0	
138.75	-0.727521	264.541	0	
48.125	-0.668155	206.708	0	
48.75	-1.09967	251.383	0	
136.875	-0.668155	231.796	0	
46.875	-0.431516	283.873	0	
144.375	-0.366631	274.211	0	
140	-0.798148	197.234	0	
53.125	-0.366631	205.73	0	
135.625	-0.366631	256.632	0	
77.396	-1.86538	209.01	0	
56.25	-1.09967	248.417	0	
130.625	-0.366631	245.12	0	
54.375	-0.431516	247.085	0	
134.256	-2.06993	190.531	0	
55	-1.09967	159.286	0	
136.619	-3.06027	176.417	0	
121.875	-0.668155	201.609	0	
57.5	-0.798148	152.339	0	
61.25	-0.798148	250.321	0	
62.5	-1.09967	227.287	0	
61.875	-0.431516	261.299	0	
118.229	-2.1669	218.91	0	
56.875	-0.431516	303.142	0	
123.745	-1.48403	206.171	0	
120.208	-2.01633	215.884	0	
69.896	-1.86538	203.141	0	
115.625	-0.36089	219.247	0	
64.375	-0.431516	273.944	0	
71.25	-1.09967	157.088	0	
113.125	-0.431516	209.645	0	
63.75	-1.09967	172.111	0	
121.25	-1.09967	258.019	0	
69.375	-0.366631	254.143	0	
123.75	-0.727521	228.081	0	
91.25	-0.798148	214.105	0	
131.161	-1.76841	216.897	0	
106.875	-0.431516	143.252	0	
70.625	-0.431516	219.078	0	
-116.255	-1.48403	227.079	0	
77.5	-0.798148	202.352	0	
72.5	-1.09967	134.725	0	
-121.771	-2.1669	196.002	0	
71.875	-0.668155	277.325	0	
-118.125	-0.668155	246.024	0	
-119.792	-2.01633	201.59	0	
76.875	-0.366631	265.962	0	
-123.75	-0.727521	254.914	0	
124.896	-1.86538	186.325	0	
80	-1.09967	145.017	0	
-125.625	-0.668155	232.869	0	
78.125	-0.431516	193.601	0	
-118.75	-1.09967	204.263	0	
78.75	-1.09967	147.443	0	
-116.25	-0.727521	264.737	0	
-86.875	-0.668155	206.11	0	
81.25	-0.798148	227.712	0	
-90.625	-0.668155	267.265	0	
83.75	-1.09967	205.752	0	
84.375	-0.431516	250.105	0	
-92.2917	-2.01633	191.248	0	
88.75	-1.09967	133.959	0	
-98.9788	-2.84299	153.935	0	
-98.125	-0.431516	222.435	0	
88.125	-0.431516	155.609	0	
-109.955	-2.8545	171.068	0	
90	-1.09967	145.901	0	
90.625	-0.431516	144.412	0	
-95	-0.798148	211.57	0	
97.396	-1.86538	186.345	0	
-98.75	-1.09967	149.301	0	
86.875	-0.366631	270.504	0	
-91.25	-1.09967	184.847	0	
80.625	-0.431516	204.956	0	
-94.2707	-2.1669	180.72	0	
101.042	-2.01633	206.941	0	
145.625	-0.668155	297.755	0	
-100.625	-0.366631	250.495	0	
93.125	-0.668155	122.397	0	
-105.089	-1.76841	212.17	0	
96.875	-0.366631	147.743	0	
98.75	-1.09967	187.297	0	
-106.875	-0.668155	221.828	0	
-105	-0.798148	186.99	0	
117.396	-1.86538	213.931	0	
-107.5	-1.09967	195.544	0	
105	-1.09967	180.189	0	
103.75	-0.798148	166.871	0	
-111.161	-1.76841	196.687	0	
100	-1.09967	237.504	0	
-108.542	-2.01633	205.041	0	
98.125	-0.431516	126.836	0	
-113.909	-3.16789	165.928	0	
-140.625	-0.36089	284.667	0	
111.25	-1.09967	273.86	0	
-134.078	-2.00504	194.75	0	
109.375	-0.366631	143.287	0	
110.625	-0.431516	256.876	0	
-122.5	-0.798148	195.46	0	
106.25	-1.09967	184.658	0	
-140.005	-1.48403	227.94	0	
-126.875	-0.366631	232.329	0	
117.5	-0.798148	200.568	0	
-131.339	-1.76841	210.933	0	
118.75	-1.09967	224.266	0	
116.875	-0.366631	164.726	0	
-134.911	-1.76841	208.187	0	
112.5	-1.09967	214.136	0	
-131.875	-0.366631	238.707	0	
111.875	-0.668155	195.374	0	
-128.244	-2.06993	191.434	0	
104.375	-0.431516	122.03	0	
-110	-1.03479	190.587	0	
-151.25	-1.03479	237.938	0	
119.375	-0.668155	201.665	0	
-139.484	-2.19037	200.86	0	
120	-1.09967	236.457	0	
126.25	-1.09967	176.621	0	
-140	-0.727521	210.63	0	
125	-0.798148	171.265	0	
-150.922	-2.00504	219.606	0	
-144.792	-2.01633	225.376	0	
172.314	-2.47004	226.173	0	
-20.0054	-1.48403	202.94	0	
128.125	-0.431516	236.368	0	
132.5	-1.09967	184.3	0	
-25.5207	-2.1669	192.244	0	
127.5	-1.09967	189.448	0	
-21.875	-0.668155	327.003	0	
124.375	-0.366631	198.05	0	
-145	-1.09967	137.666	0	
-23.5417	-2.01633	213.596	0	
131.875	-0.431516	234.757	0	
-27.5	-0.727521	173.82	0	
133.75	-1.09967	195.953	0	
134.375	-0.431516	221.985	0	
-29.375	-0.668155	369.135	0	
139.896	-1.86538	224.41	0	
-22.5	-1.09967	63.3828	0	
9.375	-0.668155	230.776	0	
141.25	-1.09967	216.219	0	
5.625	-0.668155	225.67	0	
140.625	-0.431516	270.458	0	
156.146	-1.86538	219.735	0	
3.95833	-2.01633	192.73	0	
139.375	-0.366631	247.397	0	
-2.72879	-2.84299	147.905	0	
135	-0.798148	193.743	0	
1.97929	-2.1669	166.41	0	
131.25	-0.798148	231.925	0	
-20	-0.727521	161.362	0	
118.125	-0.431516	288.478	0	
-133.75	-1.03479	196.941	0	
-1.875	-0.431516	190.288	0	
143.125	-0.431516	277.982	0	
-13.7054	-2.8545	223.516	0	
150	-1.09967	217.049	0	
146.25	-1.09967	191.291	0	
1.25	-0.798148	213.425	0	
143.75	-0.798148	260.082	0	
-2.5	-1.09967	122.67	0	
-4.375	-0.366631	212.258	0	
150.625	-0.668155	238.902	0	
-8.83895	-1.76841	188.776	0	
151.25	-1.09967	226.832	0	
157.5	-1.09967	257.571	0	
-17.6594	-3.16789	202.851	0	
156.25	-0.798148	217.008	0	
-10.625	-0.668155	276.364	0	
148.125	-0.366631	268.117	0	
-5.74439	-2.06993	170.666	0	
-12.2917	-2.01633	210.755	0	
156.875	-0.431516	189.212	0	
-14.9111	-1.76841	200.424	0	
158.958	-1.16463	176.325	0	
160	-0.496475	127.683	0	
-13.75	-1.03479	237.748	0	
158.125	-0.668155	124.2	0	
-11.25	-1.09967	206.258	0	
-43.7554	-1.48403	196.038	0	
159.338	-2.74918	145.876	0	
-26.25	-0.798148	188.587	0	
164.35	-1.76839	184.378	0	
166.05	-0.925681	183.884	0	
-31.9944	-2.06993	185.404	0	
155.521	-4.78762	228.174	0	
-37.8277	-2.00504	217.959	0	
161.333	-1.33918	147.069	0	
-45.625	-0.668155	161.235	0	
155.625	-0.366631	172.601	0	
-8.75	-0.798148	218.78	0	
-35.625	-0.366631	159.435	0	
174.762	-1.34606	232.922	0	
-38.6611	-1.76841	171.225	0	
177.527	-2.9619	254.405	0	
168.496	-7.04709	210.202	0	
-37.5	-1.03479	155.283	0	
166.796	-10.6094	230.005	0	
-35.0889	-1.76841	181.898	0	
-55.9223	-2.00504	194.905	0	
154.805	-6.09945	206.973	0	
-43.75	-0.727521	210.856	0	
119.775	-42.5718	55.1255	0	
169.138	-29.3032	360.972	0	
-47.2917	-2.01633	196.089	0	
199.784	-4.78957	300.786	0	
-51.0417	-2.72654	214.524	0	
177.385	-6.05361	239.692	0	
-56.25	-1.03479	163.642	0	
-50	-1.09967	163.906	0	
-68.75	-1.02905	175.362	0	
-66.9845	-2.19037	218.476	0	
-49.7917	-2.01633	187.4	0	
28.7125	-3.24559	260.736	0	
-75.0054	-1.48403	226.535	0	
-79.0702	-2.91409	180.996	0	
-76.875	-0.668155	162.684	0	
-71.5702	-2.91409	186.878	0	
168.693	-54.0604	393.961	0	
-46.25	-1.09967	187.446	0	
167.97	-2.04966	188.65	0	
-30.625	-0.366631	199.729	0	
142.5	-1.09967	223.434	0	
5	-1.09967	120.736	0	
-75	-0.727521	210.07	0	
-101.994	-2.06993	207.863	0	
-78.5417	-2.01633	205.46	0	
65	-0.798148	143.638	0	
-77.5	-1.09967	203.273	0	
-82.5	-0.727521	203.513	0	
-84.375	-0.668155	201.238	0	
98.2293	-2.1669	215.976	0	
105.625	-0.668155	167.423	0	
92.1723	-2.00504	209.043	0	
101.875	-0.668155	154.085	0	
100.208	-2.01633	202.617	0	
101.25	-1.09967	205.198	0	
94.375	-0.431516	162.784	0	
93.75	-1.09967	157.829	0	
88.0955	-3.52006	258.085	0	
97.5	-0.798148	224.502	0	
90.5056	-2.06993	239.518	0	
91.875	-0.366631	201.209	0	
85.625	-0.668155	163.363	0	
87.4111	-1.76841	200.769	0	
82.1723	-2.00504	203.424	0	
87.5	-0.798148	194.803	0	
83.9583	-2.01633	212.616	0	
85	-1.09967	177.507	0	
81.3389	-1.76841	214.119	0	
82.5	-1.03479	216.401	0	
74.375	-0.668155	232.684	0	
76.2446	-1.48403	220.313	0	
70.7293	-2.1669	227.585	0	
76.25	-0.727521	260.097	0	
72.7083	-2.01633	233.281	0	
73.75	-1.09967	160.038	0	
68.75	-0.727521	241.986	0	
66.875	-0.668155	281.695	0	
58.8389	-2.93321	225.367	0	
70	-0.798148	167.03	0	
64.2556	-2.06993	201.944	0	
65.625	-0.366631	209.195	0	
60.625	-0.366631	226.153	0	
61.1611	-1.76841	226.983	0	
57.5889	-1.76841	209.888	0	
58.75	-1.03479	158.401	0	
50.625	-0.668155	186.602	0	
52.4946	-1.48403	233.718	0	
45.2083	-2.72654	210.215	0	
52.5	-0.727521	187.174	0	
48.9583	-2.01633	222.919	0	
50	-1.09967	204.185	0	
46.25	-1.09967	222.84	0	
46.4583	-2.01633	204.487	0	
40	-1.03479	181.366	0	
40.3277	-2.00504	211.514	0	
27.5	-1.02905	193.207	0	
29.2655	-2.19037	221.964	0	
24.6798	-2.91409	216.849	0	
121.042	-2.01633	219.57	0	
19.375	-0.668155	168.357	0	
21.2446	-1.48403	174.514	0	
17.1798	-2.91409	169.001	0	
21.25	-0.727521	201.827	0	
17.7083	-2.01633	188.097	0	
18.75	-1.09967	152.783	0	
13.75	-0.727521	237.337	0	
11.875	-0.668155	247.068	0	
153.125	-0.668155	184.685	0	
154.995	-1.48403	231.503	0	
145.155	-3.05088	204.039	0	
155	-0.727521	251.47	0	
151.458	-2.01633	227.59	0	
152.5	-1.09967	232.737	0	
146.875	-0.431516	291.258	0	
148.696	-1.54577	245.752	0	
147.758	-2.24637	201.996	0	
148.75	-0.798148	273.955	0	
143.839	-1.76841	250.12	0	
145	-1.03479	211.713	0	
138.125	-0.36089	240.065	0	
138.745	-1.48403	229.523	0	
135.089	-1.76841	214.793	0	
136.25	-1.03479	224.542	0	
130	-1.03479	226.866	0	
130.328	-2.00504	209.86	0	
122.5	-1.02905	230.251	0	
124.266	-2.19037	171.148	0	
119.68	-2.91409	216.905	0	
156.979	-2.1669	176.633	0	
114.375	-0.668155	147.903	0	
116.245	-1.48403	199.881	0	
112.163	-2.94281	218.684	0	
116.25	-0.727521	211.75	0	
112.708	-2.01633	183.032	0	
113.75	-1.09967	162.637	0	
108.125	-0.668155	177.251	0	
109.911	-1.76841	215.741	0	
-117.5	-1.02905	183.986	0	
-115.734	-2.19037	210.501	0	
-138.021	-2.1669	199.705	0	
-67.5375	-3.24559	210.18	0	
-124.375	-0.36089	234.899	0	
-123.755	-1.48403	213.36	0	
-88.0056	-2.06993	192.521	0	
-81.25	-0.798148	192.788	0	
-86.0417	-2.01633	197.9	0	
-85	-1.09967	186.532	0	
-89.375	-0.366631	216.677	0	
-88.8389	-1.76841	196.195	0	
-96.875	-0.36089	239.983	0	
-96.2554	-1.48403	239.665	0	
-95.7345	-2.19037	210.484	0	
-96.25	-0.727521	300.278	0	
-101.161	-1.76841	246.44	0	
-100	-1.03479	241.924	0	
-106.25	-1.03479	227.04	0	
-105.922	-2.00504	197.48	0	
-70.2083	-2.01633	167.424	0	
-100.328	-2.00504	187.738	0	
-141.25	-0.792406	213.658	0	
-140.814	-2.07688	187.437	0	
-153.54	-3.47677	176.832	0	
-123.787	-3.24559	189.249	0	
-127.411	-1.76841	207.242	0	
-126.25	-1.03479	203.581	0	
-132.5	-1.03479	180.601	0	
-132.172	-2.00504	215.552	0	
-118.958	-2.01633	196.667	0	
-126.578	-2.00504	194.286	0	
-202.353	-21.532	202.319	0	
-119.833	-3.79821	167.445	0	
-21.25	-1.02905	131.191	0	
-19.4845	-2.19037	174.772	0	
-27.5375	-3.24559	216.689	0	
5.25269	-2.80091	190.931	0	
-28.125	-0.36089	169.387	0	
-27.5054	-1.48403	187.724	0	
8.24439	-2.06993	152.458	0	
15	-0.798148	173.722	0	
10.2083	-2.01633	194.827	0	
11.25	-1.09967	186.662	0	
6.875	-0.366631	249.175	0	
7.41105	-1.76841	172.054	0	
-0.625	-0.36089	204.101	0	
-0.00541199	-1.48403	198.123	0	
0.51554	-2.19037	161.684	0	
0	-0.727521	183.289	0	
-4.91105	-1.76841	199.7	0	
-3.75	-1.03479	193.05	0	
-10	-1.03479	121.006	0	
-9.67228	-2.00504	187.664	0	
26.0417	-2.01633	206.239	0	
-4.07772	-2.00504	175.259	0	
-45	-1.02905	213.253	0	
-43.2345	-2.19037	212.781	0	
-50.2083	-2.72654	209.854	0	
-29.6307	-3.06027	211.104	0	
-31.1611	-1.76841	182.854	0	
-30	-1.03479	130.534	0	
-36.25	-1.03479	152.261	0	
-35.9223	-2.00504	169.822	0	
-22.7083	-2.01633	216.18	0	
-30.3277	-2.00504	228.352	0	
-60.2083	-2.01633	219.87	0	
-51.4583	-2.01633	177.759	0	
-68.3387	-1.78555	196.124	0	
-68.4751	-2.84652	186.913	0	
-76.25	-1.02905	195.795	0	
-74.4845	-2.19037	223.066	0	
-77.7083	-2.01633	195.043	0	
-105.61	-4.06799	167.644	0	
-83.125	-0.36089	258.278	0	
-82.5054	-1.48403	204.313	0	
104.494	-2.06993	193.364	0	
110	-0.798148	240.588	0	
106.458	-2.01633	175.821	0	
107.5	-1.09967	199.038	0	
103.125	-0.366631	120.464	0	
103.661	-1.76841	161.089	0	
95.625	-0.36089	106.287	0	
96.2446	-1.48403	167.328	0	
96.7655	-2.19037	222.821	0	
96.25	-0.727521	170.857	0	
91.3389	-1.76841	203.335	0	
92.5	-1.03479	255.966	0	
86.25	-1.03479	227.473	0	
86.5777	-2.00504	208.853	0	
78.2293	-2.1669	211.518	0	
78.5906	-3.16789	251.353	0	
75	-1.02905	139.134	0	
76.7655	-2.19037	238.745	0	
68.7125	-3.24559	280.681	0	
123.713	-3.24559	162.848	0	
68.125	-0.36089	222.516	0	
68.7446	-1.48403	214.362	0	
65.0889	-1.76841	197.79	0	
66.25	-1.03479	181.55	0	
60	-1.03479	157.722	0	
60.3277	-2.00504	211.595	0	
54.4793	-2.1669	206.324	0	
73.5417	-2.01633	211.456	0	
51.25	-1.02905	293.065	0	
53.0155	-2.19037	220.014	0	
40.4973	-3.78292	239.464	0	
54.8394	-3.16569	247.609	0	
39.0027	-2.80091	207.896	0	
44.7917	-2.01633	221.502	0	
27.9113	-1.78555	226	0	
27.7749	-2.84652	241.407	0	
20	-1.02905	165.102	0	
21.7655	-2.19037	187.243	0	
-9.36018	-4.06799	180.73	0	
18.5417	-2.01633	163.252	0	
13.125	-0.36089	206.575	0	
13.7446	-1.48403	189.924	0	
153.75	-1.02905	257.685	0	
155.516	-2.19037	216.968	0	
142.62	-3.22837	200.382	0	
144.069	-5.7607	155.666	0	
147.5	-0.798148	178.903	0	
146.771	-2.1669	225.323	0	
140.729	-2.1669	208.517	0	
150.746	-2.90651	190.704	0	
137.5	-1.02905	208.26	0	
139.266	-2.19037	209.355	0	
130.64	-4.06799	158.7	0	
141.177	-3.32534	176.753	0	
131.994	-2.06993	203.498	0	
129.955	-2.8545	190.676	0	
128.542	-2.01633	202.034	0	
127.18	-2.91409	171.654	0	
122.911	-1.78555	189.033	0	
122.775	-2.84652	178.69	0	
115	-1.02905	247.696	0	
116.766	-2.19037	178.811	0	
86.8898	-4.06799	318.101	0	
113.542	-2.01633	184.913	0	
108.75	-1.03479	176.656	0	
109.078	-2.00504	197.306	0	
-117.089	-1.78555	216.695	0	
-117.225	-2.84652	186.134	0	
-125	-1.02905	181.781	0	
-123.234	-2.19037	201.274	0	
-78.5826	-3.79821	189.413	0	
-143.899	-7.68728	344.049	0	
-90	-1.03479	164.041	0	
-89.6723	-2.00504	198.881	0	
-97.5	-0.792406	165.201	0	
-97.0644	-2.07688	176.197	0	
-116.287	-3.24559	190.351	0	
-108.125	-3.34884	174.747	0	
-104.256	-2.06993	181.44	0	
-112.466	-3.07092	155.68	0	
-107.708	-2.01633	206.387	0	
-116.633	-5.94785	190.432	0	
-141.434	-1.75189	208.462	0	
-142.267	-2.05915	210.078	0	
-130.506	-2.06993	208.273	0	
-141.756	-5.80291	188.457	0	
-140.354	-6.17065	161.452	0	
-130.457	-4.4054	173.112	0	
-20.8387	-1.78555	188.996	0	
-20.9751	-2.84652	170.313	0	
-28.75	-1.02905	140.481	0	
-26.9845	-2.19037	171.965	0	
-43.7875	-3.24559	262.29	0	
-46.3858	-5.74538	360.809	0	
6.25	-1.03479	213.868	0	
6.57772	-2.00504	195.705	0	
-1.25	-0.792406	162.187	0	
-0.814428	-2.07688	142.872	0	
-20.0375	-3.24559	213.414	0	
-11.875	-3.34884	221.557	0	
-8.00561	-2.06993	176.671	0	
-16.2164	-3.07092	183.939	0	
-11.4583	-2.01633	180.217	0	
-20.3828	-5.94785	467.75	0	
-44.5887	-1.78555	216.675	0	
-44.7251	-2.84652	239.154	0	
-34.2556	-2.06993	184.757	0	
-49.5151	-8.22246	320	0	
-44.2462	-5.42835	351.428	0	
-34.2075	-4.4054	253.62	0	
-75.0375	-3.24559	209.081	0	
25.1674	-3.79821	277.981	0	
-75.8387	-1.78555	203.908	0	
-75.9751	-2.84652	198.66	0	
-83.75	-1.02905	231.239	0	
-81.9845	-2.19037	190.719	0	
-90.0446	-2.8545	172.338	0	
-86.5873	-2.94281	177.097	0	
102.5	-1.03479	181.63	0	
102.828	-2.00504	196.687	0	
95	-0.792406	206.956	0	
95.4356	-2.07688	225.776	0	
76.2125	-3.24559	273.207	0	
84.375	-3.34884	272.562	0	
88.2444	-2.06993	229.022	0	
80.0336	-3.07092	237.795	0	
84.7917	-2.01633	215.386	0	
75.8672	-5.94785	286.618	0	
75.4113	-1.78555	235.285	0	
75.2749	-2.84652	243.291	0	
67.5	-1.02905	157.758	0	
69.2655	-2.19037	236.58	0	
52.4625	-3.24559	248.984	0	
49.8642	-5.74538	230.366	0	
61.9944	-2.06993	228.554	0	
46.7349	-8.22246	186.527	0	
52.0038	-5.42835	252.619	0	
62.0425	-4.4054	241.597	0	
51.6613	-1.78555	224.967	0	
51.5249	-2.84652	250.527	0	
21.2125	-3.24559	221.174	0	
107.75	-4.43486	147.185	0	
20.4113	-1.78555	193.142	0	
20.2749	-2.84652	185.507	0	
12.5	-1.02905	154.686	0	
14.2655	-2.19037	194.986	0	
6.20541	-2.8545	182.746	0	
9.66268	-2.94281	148.794	0	
154.161	-1.78555	218.332	0	
154.025	-2.84652	208.291	0	
152.292	-2.01633	206.943	0	
139.039	-4.35802	169.809	0	
137.911	-1.78555	215.103	0	
137.775	-2.84652	192.495	0	
116.213	-3.24559	187.036	0	
154.963	-3.24559	199.685	0	
115.411	-1.78555	177.727	0	
115.275	-2.84652	165.36	0	
107.292	-2.01633	191.25	0	
109.247	-3.78292	165.57	0	
-140.037	-3.24559	171.011	0	
-71.0826	-3.79821	184.716	0	
-124.589	-1.78555	213.118	0	
-124.725	-2.84652	180.649	0	
-92.8202	-2.91409	161.931	0	
-85.2083	-2.01633	196.413	0	
-97.684	-1.75189	190.272	0	
-98.5173	-2.05915	158.255	0	
-152.708	-2.01633	231.806	0	
-145.211	-4.15655	193.448	0	
-23.5826	-3.79821	243.07	0	
3.37811	-4.98343	218.532	0	
-28.3387	-1.78555	202.703	0	
-28.4751	-2.84652	193.548	0	
3.42981	-2.91409	171.319	0	
11.0417	-2.01633	179.584	0	
-1.43402	-1.75189	160.528	0	
-2.26735	-2.05915	161.079	0	
-48.9583	-3.47328	246.25	0	
-47.6197	-4.31165	298.208	0	
-88.4261	-3.92482	172.316	0	
-92.8719	-4.98343	167.129	0	
-83.3387	-1.78555	196.56	0	
-83.4751	-2.84652	177.741	0	
99.6798	-2.91409	232.865	0	
107.753	-2.80091	170.594	0	
94.816	-1.75189	173.176	0	
93.9827	-2.05915	201.058	0	
72.6674	-3.79821	294.273	0	
120.167	-3.79821	171.745	0	
67.9113	-1.78555	251.35	0	
67.7749	-2.84652	259.468	0	
47.2917	-3.47328	208.947	0	
50.1448	-3.88818	240.466	0	
17.6674	-3.79821	218.88	0	
-0.0374544	-3.24559	160.278	0	
12.9113	-1.78555	210.846	0	
12.7749	-2.84652	181.729	0	
148.483	-4.32001	182.208	0	
187.308	-1.93891	275.353	0	
147.862	-1.54577	247.937	0	
148.712	-3.13655	198.528	0	
133.929	-3.08731	171.78	0	
138.713	-3.24559	193.022	0	
90.6555	-3.51902	269.277	0	
102.455	-2.8545	205.345	0	
-152.829	-5.21478	173.46	0	
-131.801	-4.25718	181.885	0	
-122.157	-4.23242	176.547	0	
-96.2875	-3.24559	164.25	0	
-46.1052	-3.88818	298.494	0	
-35.5505	-4.25718	193.809	0	
-25.9071	-4.23242	270.343	0	
13.7125	-3.24559	193.578	0	
-100.639	-4.06622	151.551	0	
-82.5375	-3.24559	169.824	0	
48.6303	-4.31165	226.702	0	
96.2125	-3.24559	240.972	0	
60.6995	-4.25718	274.3	0	
70.3429	-4.23242	312.69	0	
-4.38926	-4.06622	160.923	0	
7.82395	-3.92482	164.794	0	
146.42	-3.14785	181.888	0	
147.178	-4.41078	180.252	0	
34.7917	-2.72654	204.735	0	
33.9583	-2.72654	194.969	0	
126.034	-3.06466	133.363	0	
126.041	-5.36183	143.969	0	
-147.837	-2.94281	181.107	0	
-142.682	-2.77243	182.884	0	
-160.208	-1.16463	106.147	0	
-201.338	-10.2031	225.841	0	
-153.958	-2.72654	201.233	0	
-152.247	-2.80091	184.101	0	
-156.042	-3.47328	181.593	0	
-156.458	-2.72654	210.36	0	
-52.8373	-2.94281	211.537	0	
-49.7917	-3.47328	241.538	0	
-58.9583	-2.72654	254.17	0	
-57.7083	-2.01633	221.783	0	
-56.2946	-2.8545	240.969	0	
-57.2473	-2.80091	234.328	0	
-65.2159	-3.06466	235.934	0	
-65.2085	-5.36053	222.012	0	
-72.7159	-3.06466	212.959	0	
-69.5113	-3.00667	184.376	0	
43.4127	-2.94281	228.992	0	
46.4583	-3.47328	214.498	0	
36.0417	-2.01633	233.186	0	
32.5816	-3.68836	191.187	0	
32.1798	-2.91409	194.945	0	
36.4583	-2.72654	215.341	0	
23.5341	-3.06466	214.698	0	
26.7387	-3.00667	247.941	0	
118.534	-3.06466	175.474	0	
121.739	-3.00667	175.913	0	
-121.466	-3.06466	159.355	0	
-118.261	-3.00667	181.018	0	
-93.9659	-3.06466	158.282	0	
-93.9594	-5.36183	182.804	0	
-109.003	-2.80091	185.696	0	
-107.247	-2.80091	186.762	0	
-146.042	-2.72654	207.665	0	
-147.44	-3.72538	178.828	0	
-25.2159	-3.06466	143.232	0	
-22.0113	-3.00667	171.137	0	
2.28409	-3.06466	156.473	0	
2.29056	-5.36183	245.86	0	
-12.7527	-2.80091	168.472	0	
-10.9973	-2.80091	180.885	0	
-48.9583	-2.01633	183.416	0	
-45.7613	-3.00667	253.589	0	
-52.44	-3.72538	248.324	0	
-48.5417	-2.72654	223.988	0	
-80.2159	-3.06466	169.113	0	
-77.0113	-3.00667	198.995	0	
98.5341	-3.06466	248.796	0	
98.5406	-5.36183	205.202	0	
83.4973	-2.80091	232.446	0	
85.2527	-2.80091	235.661	0	
71.0341	-3.06466	270.488	0	
74.2387	-3.00667	249.47	0	
47.2917	-2.01633	204.938	0	
50.4887	-3.00667	241.12	0	
43.81	-3.72538	236.598	0	
47.7083	-2.72654	209.279	0	
16.0341	-3.06466	181.395	0	
19.2387	-3.00667	198.813	0	
151.132	-3.93062	199.97	0	
152.989	-3.00667	216.397	0	
111.032	-2.99641	192.442	0	
114.239	-3.00667	158.877	0	
-87.7179	-2.99641	168.656	0	
-84.5113	-3.00667	182.117	0	
8.53206	-2.99641	141.796	0	
11.7387	-3.00667	190.264	0	
104.782	-2.99641	169.443	0	
102.997	-3.78292	172.218	0	
-143.54	-2.72962	203.762	0	
-140.951	-3.13784	183.333	0	
-99.9558	-2.85377	187.587	0	
-97.2008	-3.13784	170.679	0	
-3.70582	-2.85377	179.709	0	
-0.950756	-3.13784	138.446	0	
92.5442	-2.85377	262.552	0	
95.2992	-3.13784	228.669	0	
41.5739	-3.92482	248.191	0	
46.0417	-2.72654	204.943	0	
127.582	-3.68916	159.627	0	
132.502	-3.08731	160.612	0	
127.128	-4.98343	167.81	0	
128.572	-3.57598	178.334	0	
-152.662	-3.55114	180.943	0	
-152.231	-4.40508	173.501	0	
-159.148	-3.04538	170.698	0	
-165.564	-17.3854	758.751	0	
-154.373	-3.97501	177.033	0	
-150.753	-3.78292	170.232	0	
-160.293	-8.30276	416.995	0	
-155.208	-3.47328	187.825	0	
-158.057	-10.316	486.682	0	
-143.957	-3.47621	188.378	0	
-58.5398	-3.47677	262.156	0	
-57.2309	-4.40508	275.83	0	
-61.4583	-2.72654	230.967	0	
-57.6621	-3.55114	268.616	0	
-62.7232	-3.50081	231.89	0	
-55.7527	-3.78292	254.576	0	
-64.0702	-2.91409	222.108	0	
-63.6684	-3.68836	236.568	0	
-61.8899	-3.99904	255.524	0	
-60.2083	-3.47328	261.411	0	
-72.8478	-5.56717	195.577	0	
-69.264	-5.46522	178.398	0	
39.9554	-2.8545	224.079	0	
39.0191	-4.40508	237.884	0	
37.2917	-2.72654	207.405	0	
38.5879	-3.55114	220.712	0	
34.3601	-3.99904	196.072	0	
37.7102	-3.47677	211.717	0	
35.2083	-3.47328	201.092	0	
33.5268	-3.50081	197.691	0	
23.4022	-5.56717	326.983	0	
26.986	-5.46522	326.785	0	
118.402	-5.56717	161.307	0	
114.489	-5.47929	157.526	0	
-121.598	-5.56717	171.461	0	
-125.6	-5.31383	189.902	0	
-92.4178	-3.68916	170.75	0	
-89.5027	-3.78292	179.884	0	
-90.9952	-4.42757	184.561	0	
-86.1036	-3.83222	174.778	0	
-109.687	-5.39772	165.983	0	
-106.295	-2.8545	185.243	0	
-110.64	-4.06799	157.048	0	
-98.2818	-3.59669	160.629	0	
-146.478	-3.50911	188.674	0	
-141.985	-3.52613	187.248	0	
-25.3478	-5.56717	340.993	0	
-29.3495	-5.31383	352.13	0	
3.83223	-3.68916	203.672	0	
6.7473	-3.78292	196.214	0	
5.25478	-4.42757	236.371	0	
10.1464	-3.83222	182.861	0	
-13.4371	-5.39772	334.834	0	
-10.0446	-2.8545	168.206	0	
-14.3898	-4.06799	238.618	0	
-2.03178	-3.59669	176.606	0	
-51.4777	-3.50911	234.296	0	
-47.7083	-2.72654	233.562	0	
-51.0637	-4.19254	259.216	0	
-47.2189	-3.60804	268.307	0	
-80.3478	-5.56717	181.177	0	
-84.2613	-5.47929	198.697	0	
100.082	-3.68916	221.695	0	
112.646	-3.83222	157.837	0	
110.324	-3.92482	208.743	0	
107.317	-3.58364	179.37	0	
82.8129	-5.39772	350.829	0	
86.2054	-2.8545	244.672	0	
81.8602	-4.06799	285.148	0	
94.2182	-3.59669	265.799	0	
70.9022	-5.56717	342.36	0	
66.9005	-5.31383	279.013	0	
44.7723	-3.50911	224.97	0	
48.5417	-2.72654	217.96	0	
45.1863	-4.19254	232.737	0	
49.0311	-3.60804	238.644	0	
15.9022	-5.56717	250.601	0	
11.9887	-5.47929	236.322	0	
108.705	-2.8545	201.858	0	
101.072	-3.57598	216.82	0	
-91.4282	-3.57598	170.454	0	
-94.651	-4.21812	159.524	0	
4.82178	-3.57598	198.014	0	
1.59897	-4.21812	175.956	0	
105.913	-2.94281	188.036	0	
106.31	-3.72554	156.684	0	
97.849	-4.21812	223.381	0	
101.505	-4.42757	178.149	0	
-144.792	-3.47313	200.153	0	
-146.064	-4.19253	192.941	0	
-103.124	-4.43041	107.481	0	
-108.125	-4.73217	151.242	0	
-6.87403	-4.43041	81.8008	0	
-11.875	-4.73217	238.391	0	
89.376	-4.43041	341.793	0	
84.375	-4.73217	348.518	0	
121.393	-3.89079	180.532	0	
143.936	-3.97268	173.531	0	
125.349	-4.21812	153.765	0	
129.043	-4.50658	166.385	0	
-154.834	-5.62943	179.31	0	
-149.676	-3.92482	161.776	0	
-156.465	-4.16242	194.572	0	
-88.4597	-6.17559	208.125	0	
-157.746	-3.54331	196.083	0	
-157.336	-4.23245	191.697	0	
-155.953	-5.20944	184.705	0	
-151.274	-4.58327	172.18	0	
-87.8931	-5.00841	190.968	0	
-54.6761	-3.92482	266.105	0	
-59.3731	-3.97501	278.872	0	
7.79028	-6.17559	257.706	0	
-65.9011	-4.21822	214.635	0	
-59.3047	-5.11624	285.033	0	
-64.1215	-4.98124	218.972	0	
-60.5387	-5.90518	288.959	0	
8.35687	-5.00841	217.695	0	
92.527	-5.11846	313.904	0	
30.3489	-4.21822	248.774	0	
32.1285	-4.98124	216.625	0	
36.0417	-3.47328	216.308	0	
34.378	-5.06466	197.013	0	
35.7113	-5.90518	194.905	0	
36.8769	-3.97501	215.266	0	
-101.844	-3.51902	219.719	0	
-99.973	-5.11846	186.034	0	
-145.501	-5.7656	211.734	0	
-69.8571	-3.89079	173.813	0	
-156.677	-7.51666	264.833	0	
-49.707	-5.1949	294.568	0	
-148.977	-5.20289	165.753	0	
-147.813	-5.59213	170.629	0	
-5.59449	-3.51902	203.618	0	
-3.72305	-5.11846	232.489	0	
-56.2742	-4.58327	287.358	0	
26.3929	-3.89079	298.496	0	
-39.9676	-3.06872	210.975	0	
46.543	-5.1949	232.353	0	
-53.9766	-5.20289	279.315	0	
-50.211	-4.15672	266.154	0	
-55.8234	-5.70833	281.776	0	
-48.5258	-4.17689	280.224	0	
-52.8132	-5.59213	307.718	0	
-47.2738	-5.38006	315.968	0	
91.8607	-4.06622	271.526	0	
105.879	-5.0575	139.551	0	
36.9453	-5.11624	213.684	0	
130.158	-4.945	165.647	0	
56.2824	-3.06872	253.773	0	
110.29	-6.17488	176.05	0	
42.2734	-5.20289	302.697	0	
46.039	-4.15672	222.246	0	
40.4266	-5.70833	292.274	0	
47.7242	-4.17689	227.461	0	
39.9758	-4.58327	250.498	0	
48.9762	-5.38006	251.002	0	
-90.0224	-4.58092	183.652	0	
-89.5124	-5.89001	203.724	0	
6.22758	-4.58092	224.097	0	
6.73765	-5.89001	279.7	0	
102.928	-5.70651	122.098	0	
107.848	-6.54104	128.758	0	
104.074	-3.92482	182.617	0	
104.773	-5.20318	125.934	0	
99.6281	-4.98343	181.212	0	
102.478	-4.58092	185.947	0	
-150.823	-5.70833	174.126	0	
-143.779	-5.33843	194.952	0	
76.6284	-4.52398	345.878	0	
144.244	-11.4317	195.026	0	
128.127	-5.50143	167.549	0	
128.872	-6.93342	186.782	0	
-158.777	-5.20944	241.21	0	
-143.448	-4.30353	188.879	0	
-161.732	-2.79975	182.652	0	
-207.299	-15.0218	228.282	0	
-182.365	-35.5359	386.836	0	
-79.1691	-5.28353	187.911	0	
-150.997	-8.59138	283.175	0	
-57.1302	-6.3947	306.515	0	
-61.872	-5.06466	247.644	0	
-58.0402	-5.47194	292.494	0	
-115.872	-4.52398	164.785	0	
17.0809	-5.28353	248.896	0	
-19.6216	-4.52398	312.106	0	
108.728	-4.58055	176.215	0	
38.2098	-5.47194	253.732	0	
43.4368	-5.59213	273.108	0	
-139.58	-4.60081	170.466	0	
-145.691	-7.03602	208.326	0	
-96.7489	-6.89898	233.649	0	
-97.1496	-5.26597	181.538	0	
-149.602	-6.18605	175.414	0	
-134.449	-4.25718	164.309	0	
-31.5017	-4.16217	268.233	0	
39.1198	-6.3947	258.224	0	
-0.498874	-6.89898	358.457	0	
-0.89962	-5.26597	227.145	0	
-70.5474	-6.44535	170.673	0	
-54.6024	-6.18605	314.788	0	
-52.4014	-4.79453	264.061	0	
-51.4417	-5.03664	280.127	0	
-52.0429	-7.10465	285.773	0	
-50.5017	-5.76581	299.573	0	
-54.1682	-7.76797	264.152	0	
-36.3389	-2.93321	214.037	0	
-48.8551	-5.21507	305.288	0	
-48.0926	-6.0103	340.426	0	
64.7483	-4.16217	258.749	0	
110.857	-5.00834	148.672	0	
95.7511	-6.89898	145.099	0	
95.3504	-5.26597	225.483	0	
25.7026	-6.44535	359.487	0	
41.6476	-6.18605	286.027	0	
43.8486	-4.79453	267.115	0	
44.8083	-5.03664	243.006	0	
44.2071	-7.10465	279.333	0	
45.7483	-5.76581	238.926	0	
42.0818	-7.76797	331.566	0	
59.9111	-2.93321	223.163	0	
47.3949	-5.21507	237.135	0	
48.1574	-6.0103	212.723	0	
-91.9104	-5.42242	187.824	0	
-90.925	-6.50437	231.898	0	
4.33964	-5.42242	271.465	0	
5.32497	-6.50437	350.181	0	
106.858	-5.46739	139.747	0	
109.237	-5.889	138.234	0	
45.559	-7.03622	255.058	0	
104.147	-6.18687	143.19	0	
100.59	-5.42242	178.275	0	
100.817	-6.41692	135.882	0	
-147.401	-4.79453	184.612	0	
-146.442	-5.03663	187.14	0	
-147.043	-7.10465	213.55	0	
-144.707	-5.19453	192.441	0	
-149.168	-7.76797	224.634	0	
-132.589	-2.93321	181.943	0	
-154.178	-7.28627	213.181	0	
-151.919	-6.13754	196.481	0	
-67.2642	-6.91889	199.726	0	
-50.691	-7.03622	333.895	0	
28.9858	-6.91889	260.729	0	
57.9209	-9.10125	164.794	0	
-165.569	-3.72058	331.067	0	
-124.19	-5.40086	192.126	0	
-65.8105	-6.63734	194.895	0	
-38.3291	-9.10125	363.96	0	
-59.0799	-8.70786	250.1	0	
-25.746	-9.39498	728.217	0	
-36.875	-5.27905	278.695	0	
-45.618	-4.95711	320.595	0	
30.4395	-6.63734	242.375	0	
104.619	-8.07335	94.6716	0	
37.1701	-8.70786	208.688	0	
121.986	-5.46522	179.719	0	
59.375	-5.27905	241.323	0	
50.632	-4.95711	268.069	0	
-100.432	-7.15932	241.581	0	
-118.014	-5.46522	179.963	0	
-4.18243	-7.15932	385.451	0	
-21.764	-5.46522	383.886	0	
101.373	-10.8863	77.5887	0	
97.6668	-7.08742	131.749	0	
74.486	-5.46522	351.286	0	
92.0676	-7.15932	166.478	0	
-142.782	-6.56075	183.469	0	
-142.334	-4.31064	168.828	0	
-152.527	-7.43868	195.571	0	
-121.996	-9.39498	335.97	0	
-136.218	-3.06872	169.653	0	
-128.568	-3.08143	174.311	0	
-38.1995	-4.25718	222.354	0	
-32.318	-3.08143	209.456	0	
58.0505	-4.25718	284.694	0	
63.932	-3.08143	219.391	0	
133.106	-6.04794	154.666	0	
130.428	-6.60412	176.793	0	
123.985	-6.91734	205.704	0	
150.848	-20.0464	268.047	0	
-155.18	-8.32445	294.676	0	
-52.0799	-10.5411	230.585	0	
-40.8588	-5.44334	296.521	0	
-43.3792	-4.50999	297.541	0	
55.3912	-5.44334	253.234	0	
52.8708	-4.50999	296.848	0	
-87.5848	-7.52916	290.598	0	
-84.8609	-3.89608	167.355	0	
8.66524	-7.52916	342.113	0	
11.3891	-3.89608	188.091	0	
120.703	-6.44535	183.715	0	
113.889	-3.89608	169.738	0	
-94.8332	-7.08742	220.96	0	
-127.752	-4.16217	174.942	0	
-136.015	-9.53859	273.072	0	
-118.607	-3.89079	168.631	0	
-44.375	-6.99919	430.797	0	
-22.3571	-3.89079	263.904	0	
-42.8302	-8.44515	421.941	0	
-40.8536	-7.44458	441.011	0	
51.875	-6.99919	244.033	0	
73.8929	-3.89079	287.485	0	
53.4198	-8.44515	164.944	0	
55.3964	-7.44458	364.637	0	
-45.8903	-7.18841	362.334	0	
-48.1439	-7.56208	350.714	0	
50.3597	-7.18841	252.39	0	
48.1061	-7.56208	247.77	0	
-141.655	-10.9683	663.175	0	
-134.129	-6.10622	185.428	0	
-52.772	-8.29733	324.729	0	
-46.8296	-8.37487	408.334	0	
43.478	-8.29733	250.802	0	
49.4204	-8.37487	149.412	0	
-164	-0.842706	285.912	0	
-160.19	-2.6252	195.07	0	
-171.26	-1.12398	355.505	0	
-163.118	-4.25546	354.867	0	
157.984	-3.31993	218.406	0	
162.75	-0.842706	154.313	0	
160.879	-2.92373	159.444	0	
162.233	-4.81544	185.001	0	
149.806	-4.94504	178.662	0	
157.495	-4.95032	170.474	0	
136.186	-4.14103	160.909	0	
140.456	-4.52612	181.317	0	
-73.4071	-4.23242	198.463	0	
-71.6691	-5.28353	177.571	0	
-80.4167	-10.3326	497.077	0	
-64.8646	-8.3096	198.514	0	
-77.3571	-3.89079	186.763	0	
-74.2262	-6.72899	268.461	0	
22.8429	-4.23242	274.337	0	
24.5809	-5.28353	336.914	0	
15.8333	-10.3326	237.447	0	
31.3854	-8.3096	193.254	0	
18.8929	-3.89079	219.416	0	
22.0238	-6.72899	285.841	0	
117.843	-4.23242	195.22	0	
119.581	-5.28353	196.17	0	
112.877	-7.50462	222.205	0	
125.437	-6.63718	196.079	0	
111.164	-7.52928	175.322	0	
117.03	-6.73778	207.594	0	
-120.419	-5.28353	179.459	0	
-119.297	-6.44535	189.117	0	
-147.08	-10.5411	393.104	0	
-106.019	-7.46803	238.288	0	
-144.559	-9.99967	367.821	0	
-147.772	-8.29733	269.961	0	
-24.1691	-5.28353	386.83	0	
-23.0474	-6.44535	536.406	0	
1.41684	-7.08742	322.626	0	
-9.76913	-7.46803	398.188	0	
-27.9404	-5.40086	385.351	0	
-23.5704	-9.08967	746.572	0	
-80.9071	-4.23242	176.27	0	
-78.0474	-6.44535	229.776	0	
-74.2388	-9.20929	273.546	0	
-76.764	-5.46522	205.251	0	
-81.7196	-6.73778	262.003	0	
-82.2148	-8.98906	356.123	0	
72.0809	-5.28353	328.952	0	
73.2026	-6.44535	266.634	0	
102.182	-6.54766	145.12	0	
86.4809	-7.46803	369.211	0	
68.3096	-5.40086	288.735	0	
93.8488	-8.33358	179.163	0	
15.3429	-4.23242	207.817	0	
18.2026	-6.44535	302.809	0	
22.0112	-9.20929	261.716	0	
19.486	-5.46522	279.397	0	
14.5304	-6.73778	276.403	0	
14.0352	-8.98906	301.222	0	
112.049	-4.96932	186.523	0	
113.194	-6.11121	150.221	0	
107.957	-10.0357	162.459	0	
114.373	-9.53907	225.718	0	
-86.7013	-4.9694	184.999	0	
-85.556	-6.11128	207.804	0	
-85.8729	-7.50385	276.733	0	
-84.3782	-9.53722	451.927	0	
9.54871	-4.9694	205.698	0	
10.694	-6.11128	258.668	0	
10.3771	-7.50385	306.736	0	
11.8718	-9.53722	330.169	0	
132.08	-7.47425	190.84	0	
134.746	-4.16808	153.699	0	
124.075	-4.31071	138.173	0	
123.313	-5.73457	155.559	0	
-67.1755	-4.31081	206.233	0	
-67.9367	-5.73467	186.001	0	
29.0745	-4.31081	287.449	0	
28.3133	-5.73467	354.71	0	
-95.9255	-4.31071	157.121	0	
-98.5926	-4.6597	142.17	0	
-103.786	-7.04865	238.975	0	
-106.563	-5.39772	179.27	0	
0.324502	-4.31071	171.077	0	
-2.3426	-4.6597	178.102	0	
-7.5359	-7.04865	348.368	0	
-10.3129	-5.39772	272.502	0	
96.5745	-4.31071	248.745	0	
93.9074	-4.6597	250.381	0	
88.7141	-7.04865	224.4	0	
103.633	-8.96714	120.721	0	
-62.0477	-8.8546	227.733	0	
34.2023	-8.8546	184.721	0	
-65.6604	-12.2385	245.675	0	
44.1701	-10.5411	262.14	0	
-43.9291	-11.1429	490.523	0	
106.762	-8.25621	134.644	0	
40.691	-8.79126	251.528	0	
126.259	-8.10539	234.364	0	
30.5896	-12.2385	120.469	0	
128.121	-8.37598	237.854	0	
98.349	-8.47005	136.574	0	
102.415	-7.9218	92.7644	0	
-155.111	-10.7469	444.839	0	
-60.5733	-7.64358	209.737	0	
138.321	-5.52235	173.895	0	
152.541	-4.03078	174.837	0	
-138.552	-9.35636	334.976	0	
-137.06	-5.53416	179.529	0	
-129.996	-3.08143	177.283	0	
-129.047	-6.04201	189.48	0	
-33.7459	-3.08143	161.681	0	
-32.7973	-6.04201	356.708	0	
62.5041	-3.08143	244.253	0	
63.4527	-6.04201	255.058	0	
131.229	-11.2697	304.122	0	
151.99	-6.88415	196.751	0	
136.941	-5.40234	165.644	0	
141.133	-5.9764	175.924	0	
-74.6816	-4.325	214.907	0	
-75.4428	-5.74886	199.638	0	
21.5684	-4.325	280.434	0	
20.8072	-5.74886	326.26	0	
116.568	-4.325	155.333	0	
115.814	-5.75765	170.909	0	
-123.432	-4.325	166.216	0	
-126.314	-4.14101	169.929	0	
-115.576	-8.16642	290.976	0	
-113.246	-5.34905	176.603	0	
-27.1816	-4.325	237.85	0	
-30.0644	-4.14101	293.668	0	
-19.3257	-8.16642	721.14	0	
-16.996	-5.34905	339.804	0	
-82.1816	-4.325	183.503	0	
-82.9362	-5.75765	177.934	0	
69.0684	-4.325	341.474	0	
66.1856	-4.14101	277.578	0	
76.9243	-8.16642	365.188	0	
79.254	-5.34905	276.667	0	
14.0684	-4.325	226.008	0	
13.3138	-5.75765	244.57	0	
105.405	-12.0508	294.641	0	
116.536	-8.99008	261.93	0	
-93.9774	-8.66503	353.249	0	
-91.6041	-8.13534	328.33	0	
2.27255	-8.66503	466.991	0	
4.64589	-8.13534	476.046	0	
129.195	-10.2093	292.644	0	
146.046	-6.10183	171.678	0	
134.488	-5.91521	160.965	0	
135.867	-6.69788	170.899	0	
121.43	-8.68418	270.89	0	
123.385	-8.88682	256.37	0	
-69.8214	-8.68669	200.213	0	
-67.8655	-8.89079	187.963	0	
26.4286	-8.68669	232.997	0	
28.3845	-8.89079	244.172	0	
-66.1145	-9.89368	228.606	0	
-95.0051	-12.6851	776.692	0	
-55.559	-8.79126	300.781	0	
1.24494	-12.6851	391.691	0	
85.9371	-5.39772	315.657	0	
70.504	-9.39498	205.914	0	
99.9643	-7.8529	98.3318	0	
101.084	-8.78437	130.495	0	
-119.82	-9.08967	365.917	0	
-122.652	-7.0343	236.904	0	
-127.769	-5.79877	188.773	0	
-125.499	-7.54635	247.122	0	
-48.3872	-12.3828	267.822	0	
-26.4019	-7.0343	563.999	0	
-31.5194	-5.79877	375.447	0	
-29.2492	-7.54635	504.605	0	
47.8628	-12.3828	73.1183	0	
69.8481	-7.0343	227.669	0	
64.7306	-5.79877	233.271	0	
67.0008	-7.54635	159.388	0	
140.302	-7.00568	189.567	0	
142.7	-6.86574	173.119	0	
125.012	-9.68556	306.193	0	
195.519	-2.32667	290.661	0	
-98.6512	-8.33358	357.509	0	
35.6767	-7.64358	220.667	0	
-2.40124	-8.33358	338.85	0	
103.223	-11.1651	125.509	0	
72.6796	-9.08967	216.036	0	
95.07	-11.0041	94.6981	0	
-136.973	-6.98397	210.217	0	
-135.349	-7.69153	247.323	0	
-32.1235	-10.677	518.211	0	
-33.5046	-8.27657	541.482	0	
64.1265	-10.677	107.093	0	
97.6545	-10.9522	70.6062	0	
80.0504	-6.99449	419.044	0	
151.079	-11.5903	238.862	0	
-78.2205	-8.73643	315.921	0	
30.1355	-9.89368	137.053	0	
8.79112	-11.9339	388.989	0	
110.443	-9.50362	208.995	0	
-126.434	-6.49884	200.112	0	
-123.97	-6.77541	204.382	0	
-30.1836	-6.49884	413.539	0	
-27.72	-6.77541	441.191	0	
66.0664	-6.49884	269.198	0	
68.53	-6.77541	304.095	0	
150.025	-6.43618	200.417	0	
153.18	-5.49318	227.641	0	
147.57	-7.50219	178.424	0	
142.406	-9.04296	210.004	0	
-113.344	-8.75328	362.696	0	
-118.411	-11.2883	466.881	0	
-114.541	-4.53464	170.142	0	
-111.901	-4.28441	149.521	0	
-17.0944	-8.75328	642.067	0	
-21.2298	-10.3281	795.674	0	
-18.2907	-4.53464	246.906	0	
-15.6508	-4.28441	267.266	0	
79.1556	-8.75328	176.284	0	
75.0202	-10.3281	76.5532	0	
77.9593	-4.53464	315.317	0	
80.5992	-4.28441	308.564	0	
-63.1585	-5.8593	249.542	0	
-63.2996	-7.91085	187.479	0	
33.0915	-5.8593	190.96	0	
32.9504	-7.91085	189.689	0	
-205.568	-32.9721	193.548	0	
-158.17	-8.54355	348.776	0	
-42.0494	-4.51844	275.084	0	
-39.5061	-4.39269	224.256	0	
54.2006	-4.51844	285.544	0	
56.7439	-4.39269	299.733	0	
-138.25	-4.60927	166.426	0	
-135.756	-4.39269	170.115	0	
132.732	-9.94285	257.626	0	
140.759	-8.90393	199.968	0	
-131.823	-7.75398	236.512	0	
-88.3496	-9.59591	472.577	0	
-29.7584	-9.79585	698.977	0	
7.90043	-9.59591	443.321	0	
62.7454	-8.27657	107.893	0	
52.3209	-11.1429	86.939	0	
86.5779	-13.8833	127.647	0	
208.99	-5.28426	308.328	0	
-59.5306	-11.2795	178.91	0	
-57.3001	-7.89572	246.773	0	
36.7194	-11.2795	273.326	0	
38.9499	-7.89572	325.149	0	
138.907	-6.71973	187.917	0	
136.37	-8.16582	213.64	0	
138.03	-8.06765	204.747	0	
139.214	-9.60327	224.814	0	
134.987	-10.2845	273.247	0	
161.413	-6.92918	213.445	0	
119.235	-10.2813	386.696	0	
95.7393	-17.4777	247.694	0	
-50.1748	-10.5347	316.987	0	
-46.4132	-10.8834	336.989	0	
46.0752	-10.5347	166.038	0	
49.8368	-10.8834	196.182	0	
-176.012	-1.34606	319.724	0	
-160.335	-6.5477	314.039	0	
-161.831	-10.7403	563.081	0	
-188.999	-19.3034	237.938	0	
158.946	-6.83953	239.001	0	
170.01	-1.12398	210.842	0	
-87.4589	-11.9339	681.62	0	
99.5587	-12.4369	172.489	0	
18.0295	-8.73643	288.486	0	
4.49832	-12.069	453.85	0	
-153.134	-12.2646	596.532	0	
-148.55	-12.2522	549.342	0	
-121.489	-14.4624	675.166	0	
-126.008	-9.79585	400.907	0	
104.932	-18.5916	611.357	0	
112.453	-11.0673	397.586	0	
-91.7517	-12.069	605.816	0	
-71.535	-10.5118	266.146	0	
5.3409	-14.035	346.651	0	
24.715	-10.5118	162.411	0	
-112.45	-6.99449	220.533	0	
-129.168	-15.7527	651.792	0	
-16.1996	-6.99449	572.317	0	
-27.5734	-11.3856	638.804	0	
-144.852	-16.8136	1035.5	0	
-124.741	-12.1163	495.956	0	
-37.2846	-13.6039	367.816	0	
-6.7017	-12.0229	482.571	0	
66.4916	-9.79585	122.604	0	
58.9654	-13.6039	246.876	0	
112.419	-14.9051	600.228	0	
127.849	-11.938	359.46	0	
147.347	-10.4774	253.855	0	
153.266	-9.06305	280.812	0	
-122.779	-11.9203	538.736	0	
-102.474	-8.42323	390.412	0	
-20.7162	-13.563	614.998	0	
-6.22447	-8.42323	316.578	0	
75.5338	-13.563	140.372	0	
90.0255	-8.42323	264.923	0	
68.6766	-11.3856	43.4379	0	
136.037	-12.2238	266.259	0	
-61.6144	-11.5018	178.625	0	
-55.5379	-10.963	190.519	0	
34.6356	-11.5018	154.656	0	
40.7121	-10.963	271.2	0	
128.852	-14.5637	369.245	0	
235.957	-15.9774	315.191	0	
-178.777	-2.9619	303.013	0	
-162.755	-6.23594	361.233	0	
-156.495	-11.7116	519.492	0	
-221.912	-14.5162	239.966	0	
-169.141	-4.00209	380.738	0	
-167.19	-4.8303	435.532	0	
164.287	-4.15658	168.973	0	
166.707	-4.43785	197.259	0	
155.354	-8.54876	238.279	0	
132.793	-16.0264	316.799	0	
-53.4549	-12.1835	263.641	0	
-9.67296	-13.8421	106.221	0	
42.7951	-12.1835	175.293	0	
33.1604	-13.2995	139.893	0	
-53.1756	-15.7705	184.598	0	
-138.938	-7.6289	248.353	0	
-134.594	-10.3937	477.853	0	
-155.484	-17.2341	876.522	0	
-127.52	-14.6602	642.023	0	
-47.7993	-19.2086	188.876	0	
-31.0758	-17.4153	153.717	0	
48.4507	-19.2086	40.9741	0	
65.1742	-17.4153	51.9532	0	
131.221	-14.31	376.372	0	
153.572	-16.0839	408.747	0	
-157.266	-14.2011	740.524	0	
43.0744	-15.7705	176.701	0	
11.0506	-11.9005	301.639	0	
89.5492	-12.064	31.4322	0	
125.528	-11.6848	382.195	0	
119.86	-13.8177	521.147	0	
-167.135	-7.23969	438.625	0	
-192.539	-4.26558	241.444	0	
-133.857	-13.0595	696.688	0	
-129.198	-9.41262	334.373	0	
-228.19	-24.6897	185.548	0	
-128.413	-13.1119	501.116	0	
-132.411	-9.49708	335.905	0	
-132.552	-6.10622	177.087	0	
-166.307	-13.5038	705.253	0	
-108.605	-11.4398	735.691	0	
-130.943	-10.541	348.69	0	
-129.662	-7.54154	233.324	0	
-131.112	-14.0765	606.209	0	
-127.757	-10.8627	395.769	0	
-135.282	-19.8734	1201.31	0	
-102.952	-12.0229	830.574	0	
-130.381	-12.4546	536.038	0	
-128.544	-17.3008	998.808	0	
-148.258	-15.1857	845.342	0	
-3.6662	-13.8175	225.352	0	
-125.443	-18.0933	1007.83	0	
-125.597	-14.7313	662.339	0	
-62.6835	-17.1843	276.563	0	
-85.1994	-11.9005	655.155	0	
-124.144	-16.6164	821.344	0	
-121.999	-16.5434	873.341	0	
-91.6409	-16.373	1020.02	0	
-70.7541	-13.472	426.117	0	
4.6091	-16.373	244.67	0	
25.4959	-13.472	63.3696	0	
-110.152	-7.25958	232.11	0	
-116.205	-10.7321	538.525	0	
-13.9017	-7.25958	479.629	0	
-12.3545	-11.4398	532.635	0	
82.3483	-7.25958	259.233	0	
83.8955	-11.4398	86.3236	0	
-83.8414	-14.5362	912.034	0	
-76.2546	-10.6507	497.134	0	
12.4086	-14.5362	138.231	0	
19.9954	-10.6507	133.025	0	
-97.6578	-11.3921	746.091	0	
-90.4292	-10.045	471.68	0	
-1.40778	-11.3921	501.766	0	
5.82085	-10.045	504.448	0	
-111.605	-11.7939	575.815	0	
-108.046	-8.66433	393.944	0	
-15.3552	-11.7939	461.637	0	
-11.7958	-8.66433	404.293	0	
80.8948	-11.7939	286.413	0	
84.4542	-8.66433	276.366	0	
-57.7296	-12.6391	222.202	0	
-56.3189	-16.133	203.737	0	
38.5204	-12.6391	141.489	0	
39.9311	-16.133	124.326	0	
-173.564	-2.47004	354.957	0	
-165.151	-8.11045	511.713	0	
157.521	-9.12614	234.596	0	
160.271	-11.5138	330.866	0	
-36.2393	-7.66183	388.822	0	
-40.908	-14.645	170.899	0	
60.0107	-7.66183	369.726	0	
55.342	-14.645	25.2057	0	
92.8124	-13.4707	102.538	0	
138.603	-11.6407	266.927	0	
-114.482	-16.5569	1168	0	
-119.297	-14.1357	780.059	0	
-106.853	-18.8267	1266.45	0	
-90.9091	-14.035	893.197	0	
-63.0896	-13.2995	290.105	0	
-81.2221	-13.5164	793.645	0	
-119.75	-18.497	1071.37	0	
-105.923	-13.8421	1019.02	0	
-99.9162	-13.8175	977.812	0	
-124.617	-21.7604	1201.34	0	
15.0279	-13.5164	122.637	0	
33.5665	-17.1843	201.981	0	
-177.258	-5.78191	336.324	0	
-175.551	-13.7225	540.641	0	
-170.014	-8.10752	491.851	0	
-170.068	-11.6224	492.013	0	
123.346	-14.3333	482.035	0	
130.766	-41.4755	82.3485	0	
-117.966	-16.82	953.347	0	
-113.607	-13.3165	785.694	0	
-93.8748	-11.0032	619.121	0	
-93.6138	-16.0889	1082.47	0	
2.37524	-11.0032	499.117	0	
2.63623	-16.0889	304.623	0	
-136.481	-15.5337	1010.1	0	
46.237	-15.9763	26.5767	0	
-50.013	-15.9763	310.524	0	
-33.8137	-14.565	549.683	0	
-118.828	-25.8063	1348.9	0	
62.4363	-14.565	39.3917	0	
-89.2433	-18.71	1198.82	0	
-88.6959	-14.349	897.528	0	
7.00668	-18.71	148.818	0	
7.55411	-14.349	256.699	0	
-158.473	-25.925	1154.68	0	
-57.5305	-27.6829	1051.78	0	
-87.3706	-17.1144	1067.46	0	
-82.1404	-18.8236	1129.8	0	
-17.0729	-14.4419	379.833	0	
125.77	-16.4577	394.713	0	
8.87942	-17.1144	195.753	0	
14.1096	-18.8236	65.115	0	
218.789	-9.67962	310.309	0	
183.637	-7.09149	271.72	0	
135.243	-14.7675	336.607	0	
140.335	-13.8884	260.906	0	
-181.714	-1.61583	273.505	0	
-173.773	-5.29005	338.913	0	
163.087	-10.0309	229.221	0	
180.465	-1.61583	255.559	0	
-76.9341	-14.5113	763.653	0	
-67.81	-14.1067	387.475	0	
19.3159	-14.5113	86.75	0	
28.44	-14.1067	75.4123	0	
-162.174	-17.4716	865.138	0	
-121.07	-22.2371	1266.6	0	
-58.6684	-18.9989	428.649	0	
0.81144	-18.779	146.231	0	
37.5816	-18.9989	58.6204	0	
107.856	-15.3565	445.407	0	
138.207	-15.8819	229.282	0	
143.531	-14.1381	207.413	0	
99.901	-16.4959	270.514	0	
79.1771	-14.4419	36.5577	0	
-111.48	-20.2273	1292.66	0	
-99.0883	-17.8006	1221.99	0	
-27.2006	-15.1171	505.389	0	
-2.83826	-17.8006	206.366	0	
69.0494	-15.1171	71.6565	0	
46.6928	-24.0743	6.19177	0	
-166.112	-27.3981	846.791	0	
-68.8837	-22.4837	977.757	0	
-81.3835	-22.9609	1315.26	0	
-67.2534	-16.8341	555.95	0	
14.8665	-22.9609	71.3835	0	
28.9966	-16.8341	112.32	0	
125.531	-19.801	281.652	0	
145.65	-18.2045	366.862	0	
136.74	-19.4185	357.17	0	
140.986	-21.4915	92.1796	0	
-74.1374	-16.0301	777.013	0	
-64.6977	-18.8508	621.549	0	
22.1126	-16.0301	27.8487	0	
31.5523	-18.8508	112.893	0	
-95.4386	-18.779	1264.4	0	
2.52004	-23.669	173.127	0	
27.3663	-22.4837	157.468	0	
30.7731	-22.4901	192.831	0	
-84.7755	-17.335	1069.61	0	
-79.7054	-15.7809	933.964	0	
11.4745	-17.335	92.853	0	
16.5446	-15.7809	49.5371	0	
218.255	-34.6155	357.093	0	
132.745	-19.8694	257.532	0	
-152.736	-16.2622	836.649	0	
-150.381	-17.763	970.657	0	
-144.708	-21.2594	1164.89	0	
-141.325	-14.5407	829.863	0	
-62.9905	-26.6887	1047.71	0	
-11.2357	-19.2992	168.066	0	
33.2595	-26.6887	260.433	0	
116.277	-16.8153	650.498	0	
-128.495	-23.6616	1299.19	0	
19.247	-23.4473	37.0854	0	
-188.557	-1.93891	243.146	0	
-196.769	-2.32667	230.742	0	
172.064	-6.00496	208.02	0	
174.369	-7.9727	248.451	0	
197.421	-9.75588	297.467	0	
191.289	-4.26558	286.394	0	
80.6149	-19.5449	62.8547	0	
38.7195	-27.6829	67.2077	0	
-73.6736	-19.0863	1031.81	0	
-69.7337	-19.2556	869.22	0	
22.5764	-19.0863	42.0244	0	
26.5163	-19.2556	83.534	0	
122.174	-26.556	125.216	0	
124.937	-40.2492	29.5021	0	
-148.731	-22.1193	1170.02	0	
-130.945	-20.0681	1182.48	0	
-89.5076	-23.3158	1335.09	0	
-77.003	-23.4473	1228.6	0	
-71.1732	-25.5223	1206.59	0	
-65.4769	-22.4901	943.407	0	
-169.77	-21.2264	835.957	0	
-64.5794	-30.6463	1239.42	0	
-139.982	-23.3262	1294.4	0	
-137.645	-30.9202	1349.76	0	
-75.3526	-26.6553	1267.48	0	
25.0768	-25.5223	199.774	0	
-31.4696	-23.2096	268.953	0	
73.7048	-20.502	79.0122	0	
-23.6801	-16.4504	456.81	0	
-15.6351	-19.5449	30.0132	0	
72.5699	-16.4504	24.4458	0	
85.0151	-19.3404	51.6335	0	
129.698	-22.0559	232.99	0	
117.076	-20.985	259.489	0	
-103.053	-20.9905	1328.08	0	
-93.73	-23.669	1340.28	0	
-49.5572	-24.0743	724.561	0	
6.74241	-23.3158	116.441	0	
-184.618	-8.98987	252.972	0	
-185.032	-3.55475	273.791	0	
-206.623	-2.79194	230.807	0	
-179.781	-9.87097	313.988	0	
180.177	-8.24429	262.667	0	
187.785	-10.442	276.212	0	
170.878	-14.4791	285.156	0	
159.464	-15.8639	321.317	0	
-85.4635	-32.3384	1371.12	0	
20.8974	-26.6553	253.466	0	
-7.43655	-21.463	9.08712	0	
90.9132	-21.5281	239.012	0	
-85.5482	-26.5803	1355.26	0	
-18.107	-29.5111	181.914	0	
10.7018	-26.5803	91.7536	0	
111.968	-28.0025	227.618	0	
-18.1435	-22.7175	80.6575	0	
-22.5452	-20.502	169.689	0	
78.1065	-22.7175	79.9382	0	
64.7804	-23.2096	127.985	0	
34.1156	-37.3795	456.512	0	
121.506	-22.1434	277.141	0	
-24.1065	-30.9545	400.119	0	
-6.83217	-26.5477	228.556	0	
-130.495	-31.0609	1370.73	0	
174.884	-12.8846	236.392	0	
178.79	-12.8864	267.908	0	
-76.4692	-32.4504	1322.92	0	
-69.3552	-29.4863	1244.29	0	
-145.697	-34.3804	1291.42	0	
-152.057	-27.6463	1230.65	0	
19.7808	-32.4504	411.489	0	
26.8948	-29.4863	382.769	0	
1.24121	-36.2378	752.627	0	
13.9656	-32.8618	499.618	0	
184.118	-14.761	298.079	0	
227.701	-6.85826	312.328	0	
133.014	-34.6533	35.9053	0	
-106.794	-33.2356	1408.77	0	
31.6706	-30.6463	309.469	0	
-72.173	-34.0637	1306.1	0	
-67.7476	-39.8274	1319.97	0	
-22.5359	-47.4922	1120.73	0	
127.182	-26.4913	169.735	0	
24.077	-34.0637	523.542	0	
28.5024	-39.8274	501.485	0	
-113.39	-24.9987	1355.98	0	
-108.048	-28.3672	1379.42	0	
106.947	-24.7538	195.882	0	
92.4297	-27.5266	79.1882	0	
-218.447	-3.35033	234.231	0	
-175.995	-19.4449	431.033	0	
191.912	-9.23189	285.322	0	
201.219	-12.4705	310.316	0	
54.1181	-18.9378	10.5559	0	
69.7905	-24.963	110.065	0	
-42.1319	-18.9378	416.928	0	
-26.4595	-24.963	113.516	0	
-192.319	-8.83173	229.346	0	
-201.547	-5.11861	236.742	0	
72.1435	-30.9545	327.857	0	
128.068	-30.7205	58.3099	0	
42.4557	-33.5404	166.591	0	
78.143	-29.5111	115.776	0	
-62.1344	-37.3795	1249.63	0	
-0.525287	-27.7753	182.568	0	
84.4836	-32.7829	307.408	0	
208.989	-20.8084	324.034	0	
-28.0097	-38.1045	1022.78	0	
123.686	-35.5846	54.8969	0	
-53.7943	-33.5404	1089.77	0	
-35.3322	-36.6738	937.396	0	
100.921	-29.485	284.889	0	
161.838	-60.3262	385.331	0	
118.807	-29.1208	146.927	0	
116.094	-38.0682	43.6146	0	
115.315	-25.5586	167.255	0	
112.121	-35.7127	67.2265	0	
60.9178	-36.6738	295.905	0	
119.433	-33.9202	41.8726	0	
120.859	-47.2293	39.8861	0	
-183.583	-23.2797	500.422	0	
-95.5796	-32.8724	1390.96	0	
-114.065	-35.7792	1387.85	0	
68.2403	-38.1045	604.188	0	
32.7098	-63.156	127.659	0	
9.60751	-38.8404	819.178	0	
-225.327	-7.3709	237.504	0	
-187.923	-11.9402	266.771	0	
170.297	-36.5037	427.313	0	
163.474	-19.8544	369.874	0	
-196.34	-11.9773	236.912	0	
-194.679	-18.9528	230.901	0	
73.7994	-47.6214	754.938	0	
207.712	-10.3255	312.306	0	
204.86	-2.4629	304.864	0	
-212.356	-6.14227	237.022	0	
129.252	-50.7796	137.33	0	
133.997	-47.3484	63.7643	0	
213.211	-14.7209	317.544	0	
215.594	-2.82136	316.278	0	
-220.733	-37.1938	164.666	0	
103.164	-47.8011	33.036	0	
189.04	-35.7251	364.653	0	
199.849	-18.9164	304.43	0	
169.619	-18.8059	295.437	0	
139.422	-30.3106	168.151	0	
-55.5317	-23.7287	558.56	0	
-37.3685	-24.4061	122.565	0	
-56.8093	-39.2794	1264.4	0	
-45.742	-28.3975	698.059	0	
-52.3145	-47.6453	1241.66	0	
-39.2206	-29.0001	874.759	0	
-47.9803	-33.9094	1108.89	0	
-43.191	-47.72	1239.7	0	
40.7183	-23.7287	106.722	0	
58.8815	-24.4061	48.3673	0	
39.4407	-39.2794	119.373	0	
50.508	-28.3975	60.4616	0	
43.9355	-47.6453	185.331	0	
57.0294	-29.0001	88.7637	0	
48.2697	-33.9094	25.8401	0	
53.059	-47.72	162.057	0	
146.739	-35.2634	78.5192	0	
141.083	-48.4033	195.586	0	
-171.12	-37.8728	966.351	0	
-73.0349	-48.8114	1320.53	0	
-12.6794	-31.8279	294.813	0	
-7.11451	-38.7862	838.613	0	
-126.706	-35.6751	1376.39	0	
-120.757	-31.7185	1384.1	0	
-116.584	-45.0329	1388.6	0	
-102.338	-25.7597	1381.99	0	
-126.333	-45.697	1344.97	0	
-90.3084	-40.7522	1375.1	0	
-232.636	-4.02057	239.478	0	
-213.24	-13.2876	225.139	0	
-83.0809	-48.9441	1340.1	0	
112.882	-53.996	143.902	0	
-41.8717	-39.7232	1178.28	0	
-36.3206	-55.0703	1141.98	0	
-51.4248	-68.4389	996.797	0	
9.79367	-57.9625	888.244	0	
54.3783	-39.7232	157.228	0	
92.7142	-53.006	472.648	0	
154.638	-31.4481	314.661	0	
162.265	-25.6367	351.165	0	
146.844	-43.5002	222.867	0	
174.146	-25.0927	354.768	0	
-10.5586	-47.7958	1198.12	0	
26.2122	-47.5873	709.653	0	
-99.9985	-36.0407	1384.11	0	
-96.6648	-27.4598	1381.66	0	
-98.8599	-43.4908	1379.82	0	
-80.4857	-35.5349	1370.13	0	
-163.404	-50.9608	867.438	0	
-107.716	-63.4503	1182.42	0	
-90.5028	-35.2672	1378.57	0	
-94.2465	-45.8076	1358.62	0	
155.531	-25.6086	331.314	0	
162.53	-38.6767	342.93	0	
145.406	-55.4476	206.621	0	
154.317	-46.2331	261.339	0	
-213.385	-66.8866	162.132	0	
-68.9458	-57.4799	1179.72	0	
-90.1982	-53.4761	1284.4	0	
-83.9074	-41.2679	1348.39	0	
162.103	-45.2249	408.366	0	
179.505	-41.8783	389.784	0	
-26.1557	-55.5594	1166.93	0	
139.16	-65.0425	327.163	0	
197.836	-37.8736	360.397	0	
182.569	-22.1973	290.068	0	
84.0431	-43.7432	373.112	0	
105.034	-36.7207	134.381	0	
152.77	-54.4151	332.713	0	
130.092	-61.4294	159.095	0	
118.312	-65.1624	190.557	0	
75.0509	-68.8235	484.998	0	
146.414	-81.4576	379.412	0	
-56.4852	-56.245	1210.22	0	
36.3201	-53.5053	127.925	0	
64.865	-77.0726	167.389	0	
112.416	-78.8413	300.486	0	
59.9585	-55.1042	297.938	0	
70.2087	-55.7224	499.917	0	
190.375	-24.8482	339.217	0	
208.311	-28.8887	323.997	0	
178.328	-52.8869	447.711	0	
191.284	-60.8463	386.139	0	
-88.1029	-75.4263	815.196	0	
201.257	-51.9863	414.216	0	
232.766	-30.613	308.929	0	
-94.3526	-64.6703	1141.02	0	
-21.2176	-68.4889	716.871	0	
-136.235	-54.5345	1183.26	0	
-75.0762	-70.6121	895.122	0	
-135.57	-69.1305	987.41	0	
17.1658	-67.2349	123.205	0	
-40.3839	-67.1895	922.418	0	
-31.1675	-76.4316	786.402	0	
-40.0545	-114.942	25.1042	0	
12.3999	-80.9419	220.419	0	
-62.4004	-77.8089	767.391	0	
87.3127	-69.9851	310.212	0	
42.2377	-72.0126	37.1774	0	
55.7444	-67.659	330.771	0	
40.1802	-103.505	33.1675	0	
95.4064	-81.6752	402.509	0	
28.0081	-85.7304	14.3037	0	
122.096	-92.0535	354.772	0	
161.728	-77.7738	445.625	0	
-193.993	-43.518	222.83	0	
15.2296	-47.9657	792.003	0	
-2.66107	-58.4408	848.568	0	
-9.7003	-71.0667	715.612	0	
-2.01149	-84.2955	93.1326	0	
-119.078	-74.1502	750.227	0	
-32.1741	-91.5468	70.8818	0	
-46.1975	-98.0428	103.183	0	
174.139	-96.1654	387.81	0	
-93.5477	-95.5998	117.012	0	
177.439	-132.495	355.904	0	
-14.5355	-96.8328	57.5859	0	
214.807	-50.7788	339.118	0	
227.722	-62.6715	381.487	0	
-226.174	-52.2763	225.875	0	
140.1	-95.1239	397.653	0	
65.7718	-108.2	56.8054	0	
71.1759	-93.9508	211.787	0	
-196.369	-62.35	301.245	0	
-111.16	-95.5437	330.797	0	
-0.0955761	-124.944	9.72491	0	
140.341	-120.541	350.865	0	
149.26	-111.77	359.529	0	
224.915	-82.6931	398.112	0	
-149.645	-83.0905	328.02	0	
-181.387	-78.8859	180.301	0	
-223.27	-87.3322	238.833	0	
206.301	-97.3985	360.579	0	
-122.3	-109.469	124.121	0	
89.4554	-97.3917	183.164	0	
115.761	-106.486	278.488	0	
94.5914	-125.39	170.231	0	
100.129	-108.99	292.212	0	
-212.53	-108.31	174.635	0	
-187.663	-104.4	276.15	0	
-61.1884	-90.7965	80.3331	0	
-17.3938	-112.921	15.6455	0	
118.793	-131.494	260.764	0	
78.5133	-128.04	199.334	0	
145.868	-135.276	337.298	0	
29.3462	-123.276	23.8042	0	
-50.7969	-127.592	18.7828	0	
124.844	-118.328	326.163	0	
104.171	-136.052	268.451	0	
164.24	-142.504	370.407	0	
167.986	-116.495	394.367	0	
100.66	-156.977	225.121	0	
131.518	-141.125	326.342	0	
68.4008	-148.446	123.707	0	
208.027	-119.4	368.622	0	
190.911	-84.7228	440.33	0	
-79.309	-103.773	97.7975	0	
-75.0605	-123.67	24.3038	0	
-150.767	-144.01	215.481	0	
-166.751	-116.842	164.879	0	
-117.627	-141.298	89.8493	0	
196.992	-135.207	353.045	0	
-237.04	-135.177	251.761	0	
210.321	-157.735	347.094	0	
231.512	-122.086	342.553	0	
233.724	-149.676	335.808	0	
-94.1678	-149.074	128.887	0	
44.8253	-148.377	70.1099	0	
