# File: UnstructuredGrid_Inversion_L0_Coarse_Iter02.dat
# (No specific header documentation)

-161.25	-0.496475	139.588	0	
-159.375	-0.668155	310.769	0	
-65.625	-0.431516	225.83	0	
30.625	-0.431516	303.777	0	
-144.294	-102.036	289.751	0	
126.875	-0.668155	210.542	0	
31.875	-0.668155	202.625	0	
-165.826	-72.3824	677.952	0	
-64.375	-0.668155	183.775	0	
-120.32	-2.91409	183.789	0	
-147.888	-47.073	1249.52	0	
-143.958	-2.01633	206.368	0	
-158.741	-19.8395	940.425	0	
-159.808	-14.2913	623.651	0	
-115.104	-1.86538	222.259	0	
-108.175	-49.9394	1316.5	0	
-66.354	-1.86538	230.038	0	
-138.854	-1.86538	224.759	0	
-156.794	-6.05848	218.683	0	
-148.75	-1.09967	200.489	0	
-145.208	-2.72654	198.512	0	
-146.458	-2.01633	204.822	0	
-125.881	-3.06027	181.468	0	
-154.094	-4.85908	171.186	0	
-157.708	-2.01633	242.818	0	
-151.071	-10.8319	377.191	0	
-154.792	-2.72654	196.622	0	
-158.77	-3.86216	206.022	0	
125.625	-0.431516	273.525	0	
-24.0702	-2.91409	231.718	0	
-157.76	-5.35468	224.651	0	
-46.4583	-2.01633	227.754	0	
-157.292	-2.72654	201.898	0	
-160.13	-11.9534	489.374	0	
-18.854	-1.86538	241.354	0	
-151.295	-2.8545	186.619	0	
29.896	-1.86538	216.958	0	
-42.604	-1.86538	216.228	0	
-169.22	-2.04966	345.809	0	
-53.75	-1.09967	203.847	0	
-165.6	-1.76839	348.808	0	
-167.3	-0.925681	327.897	0	
-62.2917	-2.72654	228.838	0	
-171.389	-5.89642	355.269	0	
-61.0417	-3.47328	247.633	0	
-164.269	-10.8597	493.227	0	
-59.7917	-2.72654	250.341	0	
-68.125	-0.36089	208.191	0	
-65.5207	-2.1669	219.473	0	
-87.5	-1.09967	185.877	0	
-158.125	-0.431516	268.481	0	
-156.875	-0.668155	378.17	0	
-80.5207	-2.1669	188.404	0	
-157.5	-1.09967	164.504	0	
-70.625	-0.431516	204.939	0	
79.375	-0.668155	218.668	0	
-154.375	-0.668155	340.001	0	
55.625	-0.668155	203.429	0	
-153.125	-0.431516	281.284	0	
-150.625	-0.366631	275.306	0	
38.5417	-2.01633	224.654	0	
-153.75	-1.09967	213.418	0	
49.7917	-2.01633	229.614	0	
-155.625	-0.431516	273.43	0	
72.1798	-2.91409	240.29	0	
-162.583	-1.33918	254.9	0	
-60	-1.09967	186.275	0	
-149.375	-0.431516	291.968	0	
-155	-1.09967	138.13	0	
31.0415	-5.36053	219.147	0	
-148.125	-0.668155	268.462	0	
31.0341	-3.06466	180.482	0	
-146.875	-0.431516	281.805	0	
-147.5	-1.09967	141.044	0	
36.875	-0.668155	262.994	0	
32.7083	-2.01633	199.337	0	
-144.375	-0.431516	264.985	0	
28.125	-0.36089	260.359	0	
-137.5	-1.09967	200.289	0	
-139.375	-0.366631	258.331	0	
25.625	-0.431516	246.5	0	
-143.125	-0.668155	264.236	0	
33.75	-1.09967	205.928	0	
-143.75	-1.09967	211.911	0	
34.375	-0.668155	220.886	0	
8.75	-1.09967	157.948	0	
-136.875	-0.668155	242.454	0	
183.782	-3.55475	284.665	0	
-135.625	-0.431516	284.917	0	
-135	-0.798148	180.866	0	
135.922	-2.00504	196.241	0	
-136.25	-1.09967	226.084	0	
149.65	-2.73747	208.294	0	
131.936	-4.3008	155.454	0	
-131.25	-0.798148	258.245	0	
129.003	-2.80091	197.151	0	
-122.604	-1.86538	205.166	0	
-128.75	-1.09967	234.545	0	
129.375	-0.668155	209.496	0	
-130.625	-0.431516	272.725	0	
133.125	-0.668155	290.101	0	
-130	-1.09967	218.821	0	
141.875	-0.668155	267.952	0	
-138.125	-0.431516	267.302	0	
15.7293	-2.1669	178.825	0	
128.75	-1.09967	234.409	0	
-121.25	-1.09967	190.545	0	
120.625	-0.431516	291.429	0	
-121.875	-0.431516	242.658	0	
-120.625	-0.668155	267.159	0	
110.744	-2.06993	247.852	0	
-123.125	-0.366631	276.01	0	
123.125	-0.36089	268.763	0	
-116.875	-0.36089	241.991	0	
-120	-1.09967	162.743	0	
-133.661	-2.93321	192.113	0	
-115.625	-0.366631	284.494	0	
-114.375	-0.431516	258.285	0	
-127.5	-0.798148	190.45	0	
-113.75	-1.09967	217.345	0	
-119.375	-0.431516	243.035	0	
-115	-0.798148	220.189	0	
100.625	-0.431516	153.593	0	
-93.125	-0.668155	228.97	0	
-112.5	-1.09967	171.068	0	
-103.125	-0.668155	273.891	0	
-111.25	-0.798148	227.443	0	
-103.75	-1.09967	222.564	0	
-114.271	-2.1669	209.577	0	
-111.875	-0.431516	216.342	0	
-110.328	-2.00504	195.335	0	
-111.994	-2.06993	198.332	0	
-108.125	-0.431516	267.106	0	
-141.875	-0.431516	258.131	0	
-104.375	-0.431516	239.087	0	
-95.104	-1.86538	201.704	0	
-142.5	-1.09967	162.423	0	
-105.625	-0.366631	268.459	0	
-110.625	-0.366631	249.645	0	
-108.75	-1.09967	236.895	0	
-109.375	-0.668155	228.928	0	
-113.125	-0.668155	304.867	0	
-104.405	-3.52006	164.585	0	
-128.125	-0.431516	291.652	0	
127.708	-2.01633	202.912	0	
-102.5	-1.09967	230.018	0	
43.125	-0.668155	289.37	0	
-129.375	-0.668155	228.224	0	
-101.875	-0.431516	253.802	0	
-133.125	-0.668155	277.557	0	
-99.375	-0.668155	155.634	0	
-101.25	-0.798148	269.805	0	
-90.9973	-2.80091	193.823	0	
-134.375	-0.366631	257.346	0	
-95.625	-0.366631	303.586	0	
-150.089	-1.76841	210.807	0	
-73.854	-1.86538	261.719	0	
-92.5	-1.09967	158.516	0	
-148.968	-2.99641	149.516	0	
-94.375	-0.431516	213.278	0	
-151.875	-0.668155	296.384	0	
-93.75	-1.09967	186.321	0	
-135.744	-2.06993	201.189	0	
-149.256	-2.06993	190.78	0	
-88.75	-0.798148	229.191	0	
-147.292	-2.01633	211.136	0	
-81.354	-1.86538	183.848	0	
-86.25	-1.09967	222.226	0	
-146.25	-1.09967	205.887	0	
-88.125	-0.431516	257.231	0	
-145.625	-0.668155	274.567	0	
-156.042	-2.01633	212.605	0	
-81.875	-0.366631	202.171	0	
-150	-0.798148	175.629	0	
-79.375	-0.668155	224.218	0	
-73.75	-0.798148	274.999	0	
-153.542	-2.01633	210.365	0	
-80.625	-0.431516	237.829	0	
-155.208	-2.01633	231.177	0	
-85.625	-0.431516	271.465	0	
-156.25	-1.09967	206.092	0	
-91.875	-0.431516	226.369	0	
-138.75	-0.798148	247.216	0	
-158.75	-1.09967	195.128	0	
-72.5	-1.09967	258.343	0	
-20.625	-0.36089	223.328	0	
-73.125	-0.431516	272.791	0	
-71.875	-0.668155	160.924	0	
-23.125	-0.431516	255.526	0	
-74.375	-0.366631	259.618	0	
-158.542	-2.01633	206.292	0	
-31.25	-0.798148	219.267	0	
-71.25	-1.09967	174.765	0	
3.125	-0.668155	262.482	0	
-66.875	-0.366631	226.622	0	
30.7293	-2.1669	202.738	0	
-14.0777	-2.00504	203.444	0	
-65	-1.09967	229.722	0	
-8.15454	-3.52006	193.067	0	
-66.25	-0.798148	247.9	0	
-37.4111	-2.93321	196.283	0	
-18.0207	-2.1669	182.374	0	
-63.125	-0.431516	193.477	0	
-15.7444	-2.06993	206.823	0	
-60.625	-0.431516	193.225	0	
-59.375	-0.668155	226.863	0	
-14.375	-0.366631	314.544	0	
-61.875	-0.668155	173.316	0	
-13.125	-0.668155	298.764	0	
-46.875	-0.431516	219.481	0	
-58.125	-0.431516	212.793	0	
-33.125	-0.668155	151.947	0	
-54.375	-0.431516	221.671	0	
-53.125	-0.668155	179.822	0	
-41.7707	-2.1669	214.916	0	
-55.625	-0.366631	188.574	0	
-41.4106	-3.16569	220.138	0	
-58.75	-1.09967	221.917	0	
-44.375	-0.36089	239.416	0	
-62.5	-1.09967	177.231	0	
-6.875	-0.668155	249.176	0	
-78.75	-1.09967	223.01	0	
-152.5	-1.09967	145.775	0	
-39.4944	-2.06993	196.649	0	
-51.875	-0.431516	201.561	0	
-56.875	-0.668155	192.075	0	
-49.375	-0.431516	196.249	0	
-48.125	-0.668155	166.341	0	
-55.0889	-1.76841	203.553	0	
-48.75	-1.09967	192.801	0	
-38.125	-0.366631	183.216	0	
-42.5	-0.798148	202.67	0	
-41.25	-1.09967	202.2	0	
-50.625	-0.668155	169.434	0	
-41.875	-0.431516	259.663	0	
-40.625	-0.668155	162.184	0	
-52.2917	-2.01633	209.708	0	
-43.125	-0.366631	175.193	0	
-54.2556	-2.06993	208.601	0	
-47.5	-1.09967	205.412	0	
-53.9679	-2.99641	229.097	0	
-61.25	-1.09967	178.177	0	
-39.375	-0.431516	242.672	0	
-62.7083	-2.01633	204.787	0	
-33.75	-1.09967	192.96	0	
-35	-0.798148	167.666	0	
-55	-0.798148	182.889	0	
-38.75	-0.798148	202.033	0	
-61.0417	-2.01633	211.725	0	
-57.5	-1.09967	194.844	0	
-26.354	-1.86538	188.067	0	
-63.5417	-2.01633	209.253	0	
-31.875	-0.431516	276.004	0	
-25	-1.09967	111.504	0	
-69.375	-0.668155	150.489	0	
-32.5	-1.09967	210.379	0	
-63.75	-1.09967	183.797	0	
-34.375	-0.431516	305.921	0	
-58.5417	-2.01633	234.872	0	
-40	-1.09967	212.898	0	
-51.25	-1.09967	188.897	0	
-73.0207	-2.1669	216.271	0	
-25.625	-0.431516	204.57	0	
-71.0417	-2.01633	187.246	0	
-18.75	-0.798148	251.281	0	
-23.75	-1.09967	217.477	0	
-70	-1.09967	169.75	0	
-24.375	-0.668155	418.459	0	
-67.5054	-1.48403	215.475	0	
-78.125	-0.431516	267.578	0	
-19.375	-0.366631	361.404	0	
-80	-1.09967	170.729	0	
-16.875	-0.668155	354.763	0	
-16.25	-1.09967	180.724	0	
93.5212	-2.84299	238.944	0	
-18.125	-0.431516	270.65	0	
-91.4583	-2.01633	196.852	0	
-17.5	-1.09967	114.644	0	
-75.625	-0.36089	252.165	0	
82.5446	-2.8545	269.428	0	
-15	-0.798148	151.797	0	
101.503	-2.80091	197.726	0	
-12.5	-1.09967	116.128	0	
-11.875	-0.431516	278.994	0	
83.125	-0.668155	186.407	0	
-7.5	-1.09967	189.426	0	
89.375	-0.668155	274.841	0	
81.875	-0.366631	256.493	0	
-8.125	-0.431516	277.246	0	
73.125	-0.431516	220.491	0	
-6.25	-1.09967	212.283	0	
-5.625	-0.431516	264.671	0	
66.6193	-3.06027	264.508	0	
1.14595	-1.86538	218.03	0	
75.625	-0.36089	211.591	0	
-9.375	-0.366631	252.012	0	
80.5056	-2.06993	219.678	0	
-15.625	-0.431516	306.117	0	
99.375	-0.668155	181.568	0	
-26.875	-0.366631	334.665	0	
-67.5	-0.727521	218.164	0	
-52.5	-1.09967	179.438	0	
-36.875	-0.668155	315.072	0	
-137.661	-3.16569	159.744	0	
-5	-0.798148	166.887	0	
-3.125	-0.668155	233.32	0	
63.125	-0.668155	191.799	0	
2.5	-1.09967	134.991	0	
0.625	-0.366631	310.954	0	
58.4223	-2.00504	201.498	0	
59.375	-0.668155	249.682	0	
1.875	-0.431516	272.063	0	
58.125	-0.366631	208.153	0	
3.75	-1.09967	221.225	0	
4.375	-0.431516	298.017	0	
51.875	-0.36089	319.952	0	
22.396	-1.86538	186.591	0	
56.7556	-2.06993	235.556	0	
7.5	-0.798148	160.141	0	
65.9223	-2.00504	218.085	0	
42.2821	-2.99641	237.516	0	
8.125	-0.431516	201.53	0	
41.9944	-2.06993	230.829	0	
10	-1.09967	127.728	0	
10.625	-0.431516	234.834	0	
45.625	-0.668155	217.052	0	
14.896	-1.86538	187.849	0	
53.75	-0.798148	217.317	0	
45	-1.09967	185.165	0	
15.625	-0.431516	199.463	0	
41.1611	-1.76841	278.898	0	
22.5	-0.798148	169.259	0	
17.5	-1.09967	132.86	0	
33.5417	-2.01633	205.171	0	
16.875	-0.668155	237.224	0	
39.375	-0.668155	250.684	0	
14.375	-0.366631	279.081	0	
43.9583	-2.01633	244.832	0	
23.75	-1.09967	167.823	0	
49.375	-0.431516	312.552	0	
37.7083	-2.01633	230.968	0	
21.875	-0.366631	200.095	0	
35	-1.09967	176.404	0	
24.375	-0.668155	183.534	0	
30	-0.798148	184.404	0	
35.2083	-2.01633	229.079	0	
23.125	-0.431516	237.286	0	
38.75	-1.09967	222.708	0	
28.7446	-1.48403	234.291	0	
31.25	-1.09967	182.963	0	
28.75	-0.727521	271.047	0	
125.729	-2.1669	172.772	0	
32.5	-1.09967	146.911	0	
25.2083	-2.01633	211.3	0	
29.375	-0.366631	226.303	0	
23.2293	-2.1669	190.149	0	
25	-1.09967	169.82	0	
26.875	-0.668155	197.81	0	
20.625	-0.36089	203.316	0	
36.25	-1.09967	253.555	0	
4.79167	-2.01633	212.053	0	
42.5	-1.09967	194.992	0	
37.5	-1.09967	154.32	0	
16.25	-1.09967	164.947	0	
35.625	-0.431516	310.956	0	
18.125	-0.431516	190.828	0	
151.875	-0.431516	322.047	0	
40.625	-0.366631	314.879	0	
149.375	-0.431516	304.905	0	
53.646	-1.86538	213.349	0	
43.75	-1.09967	282.41	0	
149.529	-1.8473	232.464	0	
41.875	-0.431516	328.282	0	
144.672	-2.00504	218.878	0	
38.125	-0.431516	312.238	0	
154.375	-0.36089	319.561	0	
33.125	-0.431516	276.765	0	
26.25	-1.09967	213.95	0	
44.375	-0.431516	349.402	0	
41.25	-0.798148	301.381	0	
143.006	-2.06993	204.372	0	
47.5	-1.09967	195.649	0	
138.75	-0.727521	276.523	0	
48.125	-0.668155	199.845	0	
48.75	-1.09967	265.876	0	
136.875	-0.668155	231.401	0	
46.875	-0.431516	316.707	0	
144.375	-0.366631	298.199	0	
140	-0.798148	203.509	0	
53.125	-0.366631	196.271	0	
135.625	-0.366631	295.528	0	
77.396	-1.86538	222.573	0	
56.25	-1.09967	254.616	0	
130.625	-0.366631	266.916	0	
54.375	-0.431516	256.085	0	
134.256	-2.06993	189.418	0	
55	-1.09967	190.997	0	
136.619	-3.06027	164.83	0	
121.875	-0.668155	213.61	0	
57.5	-0.798148	177.496	0	
61.25	-0.798148	254.051	0	
62.5	-1.09967	229.226	0	
61.875	-0.431516	274.562	0	
118.229	-2.1669	220.344	0	
56.875	-0.431516	321.92	0	
123.745	-1.48403	212.653	0	
120.208	-2.01633	223.793	0	
69.896	-1.86538	209.099	0	
115.625	-0.36089	250.572	0	
64.375	-0.431516	287.828	0	
71.25	-1.09967	176.289	0	
113.125	-0.431516	246.064	0	
63.75	-1.09967	190.223	0	
121.25	-1.09967	259.641	0	
69.375	-0.366631	267.02	0	
123.75	-0.727521	243.71	0	
91.25	-0.798148	234.317	0	
131.161	-1.76841	221.411	0	
106.875	-0.431516	163.009	0	
70.625	-0.431516	218.844	0	
-116.255	-1.48403	234.279	0	
77.5	-0.798148	215.281	0	
72.5	-1.09967	155.31	0	
-121.771	-2.1669	196.284	0	
71.875	-0.668155	289.855	0	
-118.125	-0.668155	276.243	0	
-119.792	-2.01633	211.555	0	
76.875	-0.366631	285.958	0	
-123.75	-0.727521	265.508	0	
124.896	-1.86538	184.976	0	
80	-1.09967	171.658	0	
-125.625	-0.668155	269.647	0	
78.125	-0.431516	192.451	0	
-118.75	-1.09967	205.74	0	
78.75	-1.09967	176.088	0	
-116.25	-0.727521	266.431	0	
-86.875	-0.668155	218.253	0	
81.25	-0.798148	238.819	0	
-90.625	-0.668155	258.991	0	
83.75	-1.09967	224.036	0	
84.375	-0.431516	258.86	0	
-92.2917	-2.01633	197.983	0	
88.75	-1.09967	177.977	0	
-98.9788	-2.84299	164.352	0	
-98.125	-0.431516	225.391	0	
88.125	-0.431516	176.308	0	
-109.955	-2.8545	179.183	0	
90	-1.09967	175.888	0	
90.625	-0.431516	160.37	0	
-95	-0.798148	209.958	0	
97.396	-1.86538	191.894	0	
-98.75	-1.09967	160.195	0	
86.875	-0.366631	285.544	0	
-91.25	-1.09967	198.688	0	
80.625	-0.431516	202.718	0	
-94.2707	-2.1669	180.648	0	
101.042	-2.01633	207.346	0	
145.625	-0.668155	299.286	0	
-100.625	-0.366631	262.452	0	
93.125	-0.668155	133.26	0	
-105.089	-1.76841	212.071	0	
96.875	-0.366631	172.061	0	
98.75	-1.09967	186.385	0	
-106.875	-0.668155	211.461	0	
-105	-0.798148	201.941	0	
117.396	-1.86538	216.002	0	
-107.5	-1.09967	201.215	0	
105	-1.09967	179.448	0	
103.75	-0.798148	170.94	0	
-111.161	-1.76841	197.005	0	
100	-1.09967	221.722	0	
-108.542	-2.01633	211.804	0	
98.125	-0.431516	140.79	0	
-113.909	-3.16789	170.847	0	
-140.625	-0.36089	302.738	0	
111.25	-1.09967	277.158	0	
-134.078	-2.00504	198.29	0	
109.375	-0.366631	157.975	0	
110.625	-0.431516	309.793	0	
-122.5	-0.798148	207.968	0	
106.25	-1.09967	173.741	0	
-140.005	-1.48403	234.911	0	
-126.875	-0.366631	239.304	0	
117.5	-0.798148	195.156	0	
-131.339	-1.76841	231.47	0	
118.75	-1.09967	227.387	0	
116.875	-0.366631	180.406	0	
-134.911	-1.76841	214.974	0	
112.5	-1.09967	210.375	0	
-131.875	-0.366631	255.764	0	
111.875	-0.668155	211.198	0	
-128.244	-2.06993	204.587	0	
104.375	-0.431516	143.305	0	
-110	-1.03479	198.571	0	
-151.25	-1.03479	220.787	0	
119.375	-0.668155	214.235	0	
-139.484	-2.19037	204.219	0	
120	-1.09967	220.575	0	
126.25	-1.09967	182.104	0	
-140	-0.727521	218.875	0	
125	-0.798148	172.565	0	
-150.922	-2.00504	190.678	0	
-144.792	-2.01633	218.942	0	
172.314	-2.47004	241.173	0	
-20.0054	-1.48403	222.312	0	
128.125	-0.431516	252.798	0	
132.5	-1.09967	180.973	0	
-25.5207	-2.1669	197.392	0	
127.5	-1.09967	184.297	0	
-21.875	-0.668155	332.771	0	
124.375	-0.366631	209.454	0	
-145	-1.09967	138.468	0	
-23.5417	-2.01633	223.946	0	
131.875	-0.431516	234.638	0	
-27.5	-0.727521	184.495	0	
133.75	-1.09967	200.526	0	
134.375	-0.431516	225.812	0	
-29.375	-0.668155	378.963	0	
139.896	-1.86538	225.066	0	
-22.5	-1.09967	105.74	0	
9.375	-0.668155	285.25	0	
141.25	-1.09967	228.019	0	
5.625	-0.668155	256.102	0	
140.625	-0.431516	303.917	0	
156.146	-1.86538	227.644	0	
3.95833	-2.01633	207.475	0	
139.375	-0.366631	260.021	0	
-2.72879	-2.84299	171.061	0	
135	-0.798148	198.471	0	
1.97929	-2.1669	170.129	0	
131.25	-0.798148	243.342	0	
-20	-0.727521	180.966	0	
118.125	-0.431516	324.799	0	
-133.75	-1.03479	210.688	0	
-1.875	-0.431516	221.651	0	
143.125	-0.431516	305.711	0	
-13.7054	-2.8545	225.815	0	
150	-1.09967	217.189	0	
146.25	-1.09967	209.273	0	
1.25	-0.798148	233.239	0	
143.75	-0.798148	278.542	0	
-2.5	-1.09967	134.19	0	
-4.375	-0.366631	265.345	0	
150.625	-0.668155	228.728	0	
-8.83895	-1.76841	215.66	0	
151.25	-1.09967	239.053	0	
157.5	-1.09967	268.743	0	
-17.6594	-3.16789	204.679	0	
156.25	-0.798148	228.562	0	
-10.625	-0.668155	279.087	0	
148.125	-0.366631	267.013	0	
-5.74439	-2.06993	180.962	0	
-12.2917	-2.01633	217.874	0	
156.875	-0.431516	226.145	0	
-14.9111	-1.76841	219.978	0	
158.958	-1.16463	183.789	0	
160	-0.496475	134.796	0	
-13.75	-1.03479	252.175	0	
158.125	-0.668155	124.281	0	
-11.25	-1.09967	210.743	0	
-43.7554	-1.48403	219.095	0	
159.338	-2.74918	154.312	0	
-26.25	-0.798148	209.32	0	
164.35	-1.76839	196.682	0	
166.05	-0.925681	200.226	0	
-31.9944	-2.06993	193.017	0	
155.521	-4.78762	232.076	0	
-37.8277	-2.00504	221.773	0	
161.333	-1.33918	159.753	0	
-45.625	-0.668155	180.361	0	
155.625	-0.366631	184.05	0	
-8.75	-0.798148	246.194	0	
-35.625	-0.366631	175.48	0	
174.762	-1.34606	251.021	0	
-38.6611	-1.76841	187.844	0	
177.527	-2.9619	268.056	0	
168.496	-7.04709	194.858	0	
-37.5	-1.03479	166.546	0	
166.796	-10.6094	215.126	0	
-35.0889	-1.76841	199.471	0	
-55.9223	-2.00504	204.349	0	
154.805	-6.09945	209.142	0	
-43.75	-0.727521	234.402	0	
119.775	-42.5718	65.922	0	
169.138	-29.3032	323.713	0	
-47.2917	-2.01633	220.725	0	
199.784	-4.78957	311.483	0	
-51.0417	-2.72654	226.225	0	
177.385	-6.05361	257.605	0	
-56.25	-1.03479	177.833	0	
-50	-1.09967	182.287	0	
-68.75	-1.02905	182.66	0	
-66.9845	-2.19037	220.992	0	
-49.7917	-2.01633	208.009	0	
28.7125	-3.24559	243.171	0	
-75.0054	-1.48403	242.154	0	
-79.0702	-2.91409	193.232	0	
-76.875	-0.668155	172.252	0	
-71.5702	-2.91409	191.572	0	
168.693	-54.0604	379.847	0	
-46.25	-1.09967	214.322	0	
167.97	-2.04966	209.534	0	
-30.625	-0.366631	200.576	0	
142.5	-1.09967	225.342	0	
5	-1.09967	133.754	0	
-75	-0.727521	219.289	0	
-101.994	-2.06993	211.705	0	
-78.5417	-2.01633	217.19	0	
65	-0.798148	159.519	0	
-77.5	-1.09967	192.317	0	
-82.5	-0.727521	207.457	0	
-84.375	-0.668155	215.371	0	
98.2293	-2.1669	217.267	0	
105.625	-0.668155	189.591	0	
92.1723	-2.00504	228.277	0	
101.875	-0.668155	182.65	0	
100.208	-2.01633	205.18	0	
101.25	-1.09967	198.4	0	
94.375	-0.431516	195.51	0	
93.75	-1.09967	179.766	0	
88.0955	-3.52006	276.058	0	
97.5	-0.798148	212.233	0	
90.5056	-2.06993	253.232	0	
91.875	-0.366631	225.588	0	
85.625	-0.668155	184.621	0	
87.4111	-1.76841	218.958	0	
82.1723	-2.00504	225.307	0	
87.5	-0.798148	199.681	0	
83.9583	-2.01633	230.693	0	
85	-1.09967	199.769	0	
81.3389	-1.76841	229.516	0	
82.5	-1.03479	226.817	0	
74.375	-0.668155	250.344	0	
76.2446	-1.48403	229.975	0	
70.7293	-2.1669	223.17	0	
76.25	-0.727521	254.511	0	
72.7083	-2.01633	233.231	0	
73.75	-1.09967	179.103	0	
68.75	-0.727521	245.924	0	
66.875	-0.668155	298.268	0	
58.8389	-2.93321	242.611	0	
70	-0.798148	183.761	0	
64.2556	-2.06993	204.552	0	
65.625	-0.366631	206.794	0	
60.625	-0.366631	227.524	0	
61.1611	-1.76841	240.619	0	
57.5889	-1.76841	224.066	0	
58.75	-1.03479	180.806	0	
50.625	-0.668155	186.561	0	
52.4946	-1.48403	242.716	0	
45.2083	-2.72654	225.087	0	
52.5	-0.727521	219.48	0	
48.9583	-2.01633	234.649	0	
50	-1.09967	234.251	0	
46.25	-1.09967	246.808	0	
46.4583	-2.01633	221.309	0	
40	-1.03479	192.408	0	
40.3277	-2.00504	221.704	0	
27.5	-1.02905	212.798	0	
29.2655	-2.19037	218.459	0	
24.6798	-2.91409	213.034	0	
121.042	-2.01633	223.738	0	
19.375	-0.668155	199.63	0	
21.2446	-1.48403	193.451	0	
17.1798	-2.91409	182.786	0	
21.25	-0.727521	224.507	0	
17.7083	-2.01633	203.417	0	
18.75	-1.09967	170.068	0	
13.75	-0.727521	255.832	0	
11.875	-0.668155	301.245	0	
153.125	-0.668155	180.727	0	
154.995	-1.48403	244.613	0	
145.155	-3.05088	199.788	0	
155	-0.727521	246.205	0	
151.458	-2.01633	233.267	0	
152.5	-1.09967	227.97	0	
146.875	-0.431516	328.028	0	
148.696	-1.54577	254.803	0	
147.758	-2.24637	206.289	0	
148.75	-0.798148	277.252	0	
143.839	-1.76841	263.742	0	
145	-1.03479	219.223	0	
138.125	-0.36089	268.553	0	
138.745	-1.48403	239.683	0	
135.089	-1.76841	217.301	0	
136.25	-1.03479	235.552	0	
130	-1.03479	224.976	0	
130.328	-2.00504	206.17	0	
122.5	-1.02905	217.928	0	
124.266	-2.19037	180.241	0	
119.68	-2.91409	218.326	0	
156.979	-2.1669	187.562	0	
114.375	-0.668155	151.589	0	
116.245	-1.48403	208.116	0	
112.163	-2.94281	215.518	0	
116.25	-0.727521	234.212	0	
112.708	-2.01633	199.952	0	
113.75	-1.09967	181.582	0	
108.125	-0.668155	206.843	0	
109.911	-1.76841	221.809	0	
-117.5	-1.02905	188.138	0	
-115.734	-2.19037	220.655	0	
-138.021	-2.1669	194.903	0	
-67.5375	-3.24559	207.726	0	
-124.375	-0.36089	243.682	0	
-123.755	-1.48403	229.497	0	
-88.0056	-2.06993	194.5	0	
-81.25	-0.798148	211.622	0	
-86.0417	-2.01633	207.563	0	
-85	-1.09967	184.313	0	
-89.375	-0.366631	220.329	0	
-88.8389	-1.76841	201.505	0	
-96.875	-0.36089	251.9	0	
-96.2554	-1.48403	243.992	0	
-95.7345	-2.19037	214.245	0	
-96.25	-0.727521	289.129	0	
-101.161	-1.76841	241.937	0	
-100	-1.03479	225.723	0	
-106.25	-1.03479	227.603	0	
-105.922	-2.00504	198.752	0	
-70.2083	-2.01633	177.523	0	
-100.328	-2.00504	191.437	0	
-141.25	-0.792406	233.375	0	
-140.814	-2.07688	185.817	0	
-153.54	-3.47677	193.408	0	
-123.787	-3.24559	193.028	0	
-127.411	-1.76841	216.893	0	
-126.25	-1.03479	211.164	0	
-132.5	-1.03479	181.28	0	
-132.172	-2.00504	215.904	0	
-118.958	-2.01633	205.228	0	
-126.578	-2.00504	198.433	0	
-202.353	-21.532	251.737	0	
-119.833	-3.79821	179.992	0	
-21.25	-1.02905	166.624	0	
-19.4845	-2.19037	194.36	0	
-27.5375	-3.24559	230.867	0	
5.25269	-2.80091	202.949	0	
-28.125	-0.36089	191.075	0	
-27.5054	-1.48403	208.26	0	
8.24439	-2.06993	158.269	0	
15	-0.798148	180.421	0	
10.2083	-2.01633	204.727	0	
11.25	-1.09967	194.692	0	
6.875	-0.366631	325.472	0	
7.41105	-1.76841	185.568	0	
-0.625	-0.36089	223.479	0	
-0.00541199	-1.48403	212.074	0	
0.51554	-2.19037	179.499	0	
0	-0.727521	197.314	0	
-4.91105	-1.76841	207.248	0	
-3.75	-1.03479	207.343	0	
-10	-1.03479	148.086	0	
-9.67228	-2.00504	195.893	0	
26.0417	-2.01633	219.405	0	
-4.07772	-2.00504	185.54	0	
-45	-1.02905	234.688	0	
-43.2345	-2.19037	225.677	0	
-50.2083	-2.72654	225.768	0	
-29.6307	-3.06027	221.597	0	
-31.1611	-1.76841	204.208	0	
-30	-1.03479	149.473	0	
-36.25	-1.03479	177.842	0	
-35.9223	-2.00504	182.927	0	
-22.7083	-2.01633	217.722	0	
-30.3277	-2.00504	232.296	0	
-60.2083	-2.01633	231.347	0	
-51.4583	-2.01633	194.909	0	
-68.3387	-1.78555	197.123	0	
-68.4751	-2.84652	177.215	0	
-76.25	-1.02905	206.881	0	
-74.4845	-2.19037	235.405	0	
-77.7083	-2.01633	209.498	0	
-105.61	-4.06799	157.858	0	
-83.125	-0.36089	283.975	0	
-82.5054	-1.48403	213.74	0	
104.494	-2.06993	195.725	0	
110	-0.798148	222.634	0	
106.458	-2.01633	175.735	0	
107.5	-1.09967	183.497	0	
103.125	-0.366631	143.661	0	
103.661	-1.76841	153.251	0	
95.625	-0.36089	128.343	0	
96.2446	-1.48403	184.688	0	
96.7655	-2.19037	227.371	0	
96.25	-0.727521	188.063	0	
91.3389	-1.76841	223.429	0	
92.5	-1.03479	248.481	0	
86.25	-1.03479	237.482	0	
86.5777	-2.00504	226.355	0	
78.2293	-2.1669	218.007	0	
78.5906	-3.16789	274.904	0	
75	-1.02905	160.356	0	
76.7655	-2.19037	244.077	0	
68.7125	-3.24559	271.934	0	
123.713	-3.24559	168.853	0	
68.125	-0.36089	217.396	0	
68.7446	-1.48403	225.99	0	
65.0889	-1.76841	204.567	0	
66.25	-1.03479	195.351	0	
60	-1.03479	174.759	0	
60.3277	-2.00504	219.388	0	
54.4793	-2.1669	216.058	0	
73.5417	-2.01633	214.872	0	
51.25	-1.02905	297.91	0	
53.0155	-2.19037	236.083	0	
40.4973	-3.78292	239.674	0	
54.8394	-3.16569	264.98	0	
39.0027	-2.80091	222.25	0	
44.7917	-2.01633	228.944	0	
27.9113	-1.78555	230.94	0	
27.7749	-2.84652	233.964	0	
20	-1.02905	174.678	0	
21.7655	-2.19037	196.745	0	
-9.36018	-4.06799	204.266	0	
18.5417	-2.01633	180.611	0	
13.125	-0.36089	217.631	0	
13.7446	-1.48403	215.491	0	
153.75	-1.02905	264.837	0	
155.516	-2.19037	231.237	0	
142.62	-3.22837	185.906	0	
144.069	-5.7607	146.633	0	
147.5	-0.798148	189.751	0	
146.771	-2.1669	221.838	0	
140.729	-2.1669	207.064	0	
150.746	-2.90651	194.4	0	
137.5	-1.02905	212.8	0	
139.266	-2.19037	212.689	0	
130.64	-4.06799	162.55	0	
141.177	-3.32534	158.702	0	
131.994	-2.06993	201.606	0	
129.955	-2.8545	196.889	0	
128.542	-2.01633	207.497	0	
127.18	-2.91409	175.08	0	
122.911	-1.78555	195.082	0	
122.775	-2.84652	178.155	0	
115	-1.02905	232.379	0	
116.766	-2.19037	185.655	0	
86.8898	-4.06799	311.651	0	
113.542	-2.01633	189.314	0	
108.75	-1.03479	170.91	0	
109.078	-2.00504	184.58	0	
-117.089	-1.78555	220.523	0	
-117.225	-2.84652	188.567	0	
-125	-1.02905	180.78	0	
-123.234	-2.19037	213.71	0	
-78.5826	-3.79821	199.043	0	
-143.899	-7.68728	248.023	0	
-90	-1.03479	175.8	0	
-89.6723	-2.00504	194.758	0	
-97.5	-0.792406	182.549	0	
-97.0644	-2.07688	184.378	0	
-116.287	-3.24559	195.173	0	
-108.125	-3.34884	176.446	0	
-104.256	-2.06993	191.72	0	
-112.466	-3.07092	152.991	0	
-107.708	-2.01633	211.18	0	
-116.633	-5.94785	167.107	0	
-141.434	-1.75189	220.023	0	
-142.267	-2.05915	206.788	0	
-130.506	-2.06993	209.741	0	
-141.756	-5.80291	160.808	0	
-140.354	-6.17065	126.754	0	
-130.457	-4.4054	161.173	0	
-20.8387	-1.78555	192.069	0	
-20.9751	-2.84652	184.698	0	
-28.75	-1.02905	179.862	0	
-26.9845	-2.19037	189.939	0	
-43.7875	-3.24559	261.31	0	
-46.3858	-5.74538	321.766	0	
6.25	-1.03479	232.19	0	
6.57772	-2.00504	198.444	0	
-1.25	-0.792406	195.386	0	
-0.814428	-2.07688	154.143	0	
-20.0375	-3.24559	223.813	0	
-11.875	-3.34884	219.222	0	
-8.00561	-2.06993	193.564	0	
-16.2164	-3.07092	195.591	0	
-11.4583	-2.01633	198.836	0	
-20.3828	-5.94785	448.837	0	
-44.5887	-1.78555	235.669	0	
-44.7251	-2.84652	252.699	0	
-34.2556	-2.06993	196.934	0	
-49.5151	-8.22246	288.499	0	
-44.2462	-5.42835	314.501	0	
-34.2075	-4.4054	258.665	0	
-75.0375	-3.24559	220.83	0	
25.1674	-3.79821	244.593	0	
-75.8387	-1.78555	213.495	0	
-75.9751	-2.84652	203.548	0	
-83.75	-1.02905	232.61	0	
-81.9845	-2.19037	202.227	0	
-90.0446	-2.8545	185.731	0	
-86.5873	-2.94281	186.066	0	
102.5	-1.03479	173.998	0	
102.828	-2.00504	183.562	0	
95	-0.792406	199.187	0	
95.4356	-2.07688	230.514	0	
76.2125	-3.24559	271	0	
84.375	-3.34884	285.761	0	
88.2444	-2.06993	233.685	0	
80.0336	-3.07092	261.351	0	
84.7917	-2.01633	232.309	0	
75.8672	-5.94785	322.023	0	
75.4113	-1.78555	231.53	0	
75.2749	-2.84652	248.627	0	
67.5	-1.02905	176.67	0	
69.2655	-2.19037	239.64	0	
52.4625	-3.24559	250.492	0	
49.8642	-5.74538	224.396	0	
61.9944	-2.06993	228.739	0	
46.7349	-8.22246	166.395	0	
52.0038	-5.42835	255.311	0	
62.0425	-4.4054	287.278	0	
51.6613	-1.78555	237.337	0	
51.5249	-2.84652	254.548	0	
21.2125	-3.24559	214.453	0	
107.75	-4.43486	159.167	0	
20.4113	-1.78555	203.269	0	
20.2749	-2.84652	185.885	0	
12.5	-1.02905	158.767	0	
14.2655	-2.19037	214.358	0	
6.20541	-2.8545	190.597	0	
9.66268	-2.94281	163.319	0	
154.161	-1.78555	229.563	0	
154.025	-2.84652	212.845	0	
152.292	-2.01633	217.797	0	
139.039	-4.35802	165.551	0	
137.911	-1.78555	214.08	0	
137.775	-2.84652	186.596	0	
116.213	-3.24559	191.893	0	
154.963	-3.24559	206.144	0	
115.411	-1.78555	188.023	0	
115.275	-2.84652	168.453	0	
107.292	-2.01633	197.036	0	
109.247	-3.78292	167.658	0	
-140.037	-3.24559	170.965	0	
-71.0826	-3.79821	192.226	0	
-124.589	-1.78555	217.468	0	
-124.725	-2.84652	182.907	0	
-92.8202	-2.91409	172.021	0	
-85.2083	-2.01633	208.13	0	
-97.684	-1.75189	192.544	0	
-98.5173	-2.05915	165.605	0	
-152.708	-2.01633	221.481	0	
-145.211	-4.15655	205.993	0	
-23.5826	-3.79821	248.592	0	
3.37811	-4.98343	241.2	0	
-28.3387	-1.78555	205.63	0	
-28.4751	-2.84652	211.982	0	
3.42981	-2.91409	186.75	0	
11.0417	-2.01633	191.43	0	
-1.43402	-1.75189	184.672	0	
-2.26735	-2.05915	174.662	0	
-48.9583	-3.47328	252.983	0	
-47.6197	-4.31165	287.067	0	
-88.4261	-3.92482	183.234	0	
-92.8719	-4.98343	173.394	0	
-83.3387	-1.78555	206.846	0	
-83.4751	-2.84652	179.005	0	
99.6798	-2.91409	222.144	0	
107.753	-2.80091	169.744	0	
94.816	-1.75189	189.031	0	
93.9827	-2.05915	213.321	0	
72.6674	-3.79821	288.605	0	
120.167	-3.79821	186.25	0	
67.9113	-1.78555	243.331	0	
67.7749	-2.84652	264.45	0	
47.2917	-3.47328	215.968	0	
50.1448	-3.88818	233.436	0	
17.6674	-3.79821	218.828	0	
-0.0374544	-3.24559	177.252	0	
12.9113	-1.78555	217.429	0	
12.7749	-2.84652	191.457	0	
148.483	-4.32001	180.181	0	
187.308	-1.93891	289.747	0	
147.862	-1.54577	249.59	0	
148.712	-3.13655	204.117	0	
133.929	-3.08731	163.1	0	
138.713	-3.24559	190.097	0	
90.6555	-3.51902	271.439	0	
102.455	-2.8545	192.324	0	
-152.829	-5.21478	197.845	0	
-131.801	-4.25718	174.253	0	
-122.157	-4.23242	175.874	0	
-96.2875	-3.24559	169.537	0	
-46.1052	-3.88818	290.466	0	
-35.5505	-4.25718	200.612	0	
-25.9071	-4.23242	277.084	0	
13.7125	-3.24559	201.087	0	
-100.639	-4.06622	147.698	0	
-82.5375	-3.24559	182.881	0	
48.6303	-4.31165	225.781	0	
96.2125	-3.24559	240.476	0	
60.6995	-4.25718	289.635	0	
70.3429	-4.23242	305.799	0	
-4.38926	-4.06622	186.351	0	
7.82395	-3.92482	178.499	0	
146.42	-3.14785	175.148	0	
147.178	-4.41078	180.846	0	
34.7917	-2.72654	215.021	0	
33.9583	-2.72654	205.609	0	
126.034	-3.06466	136.84	0	
126.041	-5.36183	158.731	0	
-147.837	-2.94281	176.066	0	
-142.682	-2.77243	191.915	0	
-160.208	-1.16463	116.571	0	
-201.338	-10.2031	265.039	0	
-153.958	-2.72654	206.64	0	
-152.247	-2.80091	185.442	0	
-156.042	-3.47328	201.266	0	
-156.458	-2.72654	215.783	0	
-52.8373	-2.94281	220.656	0	
-49.7917	-3.47328	247.829	0	
-58.9583	-2.72654	255.058	0	
-57.7083	-2.01633	232.346	0	
-56.2946	-2.8545	243.009	0	
-57.2473	-2.80091	239.262	0	
-65.2159	-3.06466	220.645	0	
-65.2085	-5.36053	211.423	0	
-72.7159	-3.06466	210.741	0	
-69.5113	-3.00667	181.785	0	
43.4127	-2.94281	232.239	0	
46.4583	-3.47328	224.041	0	
36.0417	-2.01633	240.862	0	
32.5816	-3.68836	195.185	0	
32.1798	-2.91409	189.453	0	
36.4583	-2.72654	226.828	0	
23.5341	-3.06466	199.954	0	
26.7387	-3.00667	231.47	0	
118.534	-3.06466	180.604	0	
121.739	-3.00667	183.357	0	
-121.466	-3.06466	168.75	0	
-118.261	-3.00667	188.9	0	
-93.9659	-3.06466	157.47	0	
-93.9594	-5.36183	168.604	0	
-109.003	-2.80091	191.952	0	
-107.247	-2.80091	194.819	0	
-146.042	-2.72654	205.568	0	
-147.44	-3.72538	180.773	0	
-25.2159	-3.06466	170.325	0	
-22.0113	-3.00667	189.608	0	
2.28409	-3.06466	160.503	0	
2.29056	-5.36183	255.958	0	
-12.7527	-2.80091	198.147	0	
-10.9973	-2.80091	200.365	0	
-48.9583	-2.01633	202.965	0	
-45.7613	-3.00667	258.707	0	
-52.44	-3.72538	249.472	0	
-48.5417	-2.72654	237.221	0	
-80.2159	-3.06466	174.919	0	
-77.0113	-3.00667	204.056	0	
98.5341	-3.06466	231.304	0	
98.5406	-5.36183	187.501	0	
83.4973	-2.80091	251.246	0	
85.2527	-2.80091	255.855	0	
71.0341	-3.06466	264.799	0	
74.2387	-3.00667	249.934	0	
47.2917	-2.01633	214.091	0	
50.4887	-3.00667	246.669	0	
43.81	-3.72538	232.403	0	
47.7083	-2.72654	220.73	0	
16.0341	-3.06466	193.859	0	
19.2387	-3.00667	198.662	0	
151.132	-3.93062	203.223	0	
152.989	-3.00667	223.112	0	
111.032	-2.99641	192.263	0	
114.239	-3.00667	162.658	0	
-87.7179	-2.99641	167.518	0	
-84.5113	-3.00667	186.973	0	
8.53206	-2.99641	149.574	0	
11.7387	-3.00667	197.17	0	
104.782	-2.99641	150.28	0	
102.997	-3.78292	160.661	0	
-143.54	-2.72962	204.361	0	
-140.951	-3.13784	182.848	0	
-99.9558	-2.85377	182.826	0	
-97.2008	-3.13784	172.325	0	
-3.70582	-2.85377	185.671	0	
-0.950756	-3.13784	161.376	0	
92.5442	-2.85377	261.189	0	
95.2992	-3.13784	227.723	0	
41.5739	-3.92482	236.545	0	
46.0417	-2.72654	215.432	0	
127.582	-3.68916	172.814	0	
132.502	-3.08731	151.192	0	
127.128	-4.98343	181.2	0	
128.572	-3.57598	190.671	0	
-152.662	-3.55114	194.434	0	
-152.231	-4.40508	191.825	0	
-159.148	-3.04538	179.593	0	
-165.564	-17.3854	656.25	0	
-154.373	-3.97501	198.794	0	
-150.753	-3.78292	174.287	0	
-160.293	-8.30276	365.506	0	
-155.208	-3.47328	205.491	0	
-158.057	-10.316	409.29	0	
-143.957	-3.47621	199.394	0	
-58.5398	-3.47677	261.389	0	
-57.2309	-4.40508	260.566	0	
-61.4583	-2.72654	235.412	0	
-57.6621	-3.55114	264.532	0	
-62.7232	-3.50081	233.681	0	
-55.7527	-3.78292	247.374	0	
-64.0702	-2.91409	219.311	0	
-63.6684	-3.68836	234.223	0	
-61.8899	-3.99904	248.871	0	
-60.2083	-3.47328	260.367	0	
-72.8478	-5.56717	203.313	0	
-69.264	-5.46522	181.647	0	
39.9554	-2.8545	234.342	0	
39.0191	-4.40508	241.927	0	
37.2917	-2.72654	223.87	0	
38.5879	-3.55114	233.224	0	
34.3601	-3.99904	209.719	0	
37.7102	-3.47677	227.997	0	
35.2083	-3.47328	216.737	0	
33.5268	-3.50081	207.877	0	
23.4022	-5.56717	270.7	0	
26.986	-5.46522	293.061	0	
118.402	-5.56717	185.309	0	
114.489	-5.47929	166.817	0	
-121.598	-5.56717	180.927	0	
-125.6	-5.31383	196.509	0	
-92.4178	-3.68916	181.628	0	
-89.5027	-3.78292	189.636	0	
-90.9952	-4.42757	195.237	0	
-86.1036	-3.83222	180.822	0	
-109.687	-5.39772	137.079	0	
-106.295	-2.8545	186.413	0	
-110.64	-4.06799	147.097	0	
-98.2818	-3.59669	164.908	0	
-146.478	-3.50911	197.406	0	
-141.985	-3.52613	191.125	0	
-25.3478	-5.56717	344.544	0	
-29.3495	-5.31383	345.349	0	
3.83223	-3.68916	211.586	0	
6.7473	-3.78292	206.916	0	
5.25478	-4.42757	244.241	0	
10.1464	-3.83222	192.321	0	
-13.4371	-5.39772	326.044	0	
-10.0446	-2.8545	188.305	0	
-14.3898	-4.06799	253.937	0	
-2.03178	-3.59669	190.736	0	
-51.4777	-3.50911	238.985	0	
-47.7083	-2.72654	245.853	0	
-51.0637	-4.19254	257.562	0	
-47.2189	-3.60804	265.261	0	
-80.3478	-5.56717	196.794	0	
-84.2613	-5.47929	195.506	0	
100.082	-3.68916	211.185	0	
112.646	-3.83222	167.398	0	
110.324	-3.92482	202.242	0	
107.317	-3.58364	181.035	0	
82.8129	-5.39772	355.623	0	
86.2054	-2.8545	256.523	0	
81.8602	-4.06799	294.473	0	
94.2182	-3.59669	258.482	0	
70.9022	-5.56717	344.515	0	
66.9005	-5.31383	303.626	0	
44.7723	-3.50911	227.024	0	
48.5417	-2.72654	223.406	0	
45.1863	-4.19254	232.776	0	
49.0311	-3.60804	238.083	0	
15.9022	-5.56717	255.751	0	
11.9887	-5.47929	250.295	0	
108.705	-2.8545	195.651	0	
101.072	-3.57598	207.386	0	
-91.4282	-3.57598	187.957	0	
-94.651	-4.21812	163.039	0	
4.82178	-3.57598	211.512	0	
1.59897	-4.21812	198.224	0	
105.913	-2.94281	178.159	0	
106.31	-3.72554	161.157	0	
97.849	-4.21812	216.359	0	
101.505	-4.42757	180.528	0	
-144.792	-3.47313	204.942	0	
-146.064	-4.19253	203.799	0	
-103.124	-4.43041	95.6158	0	
-108.125	-4.73217	123.316	0	
-6.87403	-4.43041	113.709	0	
-11.875	-4.73217	258.897	0	
89.376	-4.43041	356.78	0	
84.375	-4.73217	349.637	0	
121.393	-3.89079	186.716	0	
143.936	-3.97268	161.316	0	
125.349	-4.21812	161.371	0	
129.043	-4.50658	179.558	0	
-154.834	-5.62943	198.624	0	
-149.676	-3.92482	167.792	0	
-156.465	-4.16242	218.951	0	
-88.4597	-6.17559	206.293	0	
-157.746	-3.54331	211.553	0	
-157.336	-4.23245	215.34	0	
-155.953	-5.20944	206.183	0	
-151.274	-4.58327	188.087	0	
-87.8931	-5.00841	196.232	0	
-54.6761	-3.92482	257.811	0	
-59.3731	-3.97501	266.842	0	
7.79028	-6.17559	260.754	0	
-65.9011	-4.21822	205.665	0	
-59.3047	-5.11624	255.337	0	
-64.1215	-4.98124	211.582	0	
-60.5387	-5.90518	271.793	0	
8.35687	-5.00841	228.224	0	
92.527	-5.11846	295.244	0	
30.3489	-4.21822	228.003	0	
32.1285	-4.98124	219.274	0	
36.0417	-3.47328	230.826	0	
34.378	-5.06466	214.459	0	
35.7113	-5.90518	217.313	0	
36.8769	-3.97501	226.399	0	
-101.844	-3.51902	176.128	0	
-99.973	-5.11846	157.922	0	
-145.501	-5.7656	198.693	0	
-69.8571	-3.89079	178.804	0	
-156.677	-7.51666	260.77	0	
-49.707	-5.1949	278.666	0	
-148.977	-5.20289	170.621	0	
-147.813	-5.59213	181.267	0	
-5.59449	-3.51902	192.474	0	
-3.72305	-5.11846	247.721	0	
-56.2742	-4.58327	271.335	0	
26.3929	-3.89079	267.462	0	
-39.9676	-3.06872	223.995	0	
46.543	-5.1949	226.796	0	
-53.9766	-5.20289	264.933	0	
-50.211	-4.15672	263.961	0	
-55.8234	-5.70833	261.823	0	
-48.5258	-4.17689	272.215	0	
-52.8132	-5.59213	283.211	0	
-47.2738	-5.38006	294.085	0	
91.8607	-4.06622	265.64	0	
105.879	-5.0575	147.732	0	
36.9453	-5.11624	234.367	0	
130.158	-4.945	174.952	0	
56.2824	-3.06872	265.24	0	
110.29	-6.17488	182.561	0	
42.2734	-5.20289	268.13	0	
46.039	-4.15672	224.443	0	
40.4266	-5.70833	271.3	0	
47.7242	-4.17689	230.115	0	
39.9758	-4.58327	247.417	0	
48.9762	-5.38006	240.708	0	
-90.0224	-4.58092	194.812	0	
-89.5124	-5.89001	204.631	0	
6.22758	-4.58092	230.823	0	
6.73765	-5.89001	281.762	0	
102.928	-5.70651	134.191	0	
107.848	-6.54104	144.919	0	
104.074	-3.92482	177.078	0	
104.773	-5.20318	131.827	0	
99.6281	-4.98343	179.296	0	
102.478	-4.58092	182.363	0	
-150.823	-5.70833	190.794	0	
-143.779	-5.33843	188.379	0	
76.6284	-4.52398	342.628	0	
144.244	-11.4317	220.073	0	
128.127	-5.50143	181.636	0	
128.872	-6.93342	191.105	0	
-158.777	-5.20944	239.479	0	
-143.448	-4.30353	192.895	0	
-161.732	-2.79975	191.863	0	
-207.299	-15.0218	264.102	0	
-182.365	-35.5359	383.095	0	
-79.1691	-5.28353	189.863	0	
-150.997	-8.59138	250.152	0	
-57.1302	-6.3947	280.348	0	
-61.872	-5.06466	228.854	0	
-58.0402	-5.47194	275.104	0	
-115.872	-4.52398	167.701	0	
17.0809	-5.28353	243.863	0	
-19.6216	-4.52398	298.256	0	
108.728	-4.58055	180.001	0	
38.2098	-5.47194	256.811	0	
43.4368	-5.59213	239.118	0	
-139.58	-4.60081	139.592	0	
-145.691	-7.03602	197.819	0	
-96.7489	-6.89898	162.28	0	
-97.1496	-5.26597	154.838	0	
-149.602	-6.18605	181.321	0	
-134.449	-4.25718	152.227	0	
-31.5017	-4.16217	273.537	0	
39.1198	-6.3947	251.183	0	
-0.498874	-6.89898	389.319	0	
-0.89962	-5.26597	246.812	0	
-70.5474	-6.44535	193.76	0	
-54.6024	-6.18605	286.673	0	
-52.4014	-4.79453	256.304	0	
-51.4417	-5.03664	267.254	0	
-52.0429	-7.10465	267.367	0	
-50.5017	-5.76581	284.991	0	
-54.1682	-7.76797	246.658	0	
-36.3389	-2.93321	216.625	0	
-48.8551	-5.21507	289.339	0	
-48.0926	-6.0103	311.314	0	
64.7483	-4.16217	274.912	0	
110.857	-5.00834	163.685	0	
95.7511	-6.89898	140.559	0	
95.3504	-5.26597	225.54	0	
25.7026	-6.44535	329.24	0	
41.6476	-6.18605	248.072	0	
43.8486	-4.79453	250.292	0	
44.8083	-5.03664	233.717	0	
44.2071	-7.10465	247.882	0	
45.7483	-5.76581	224.704	0	
42.0818	-7.76797	284.735	0	
59.9111	-2.93321	238.662	0	
47.3949	-5.21507	228.867	0	
48.1574	-6.0103	209.076	0	
-91.9104	-5.42242	181.616	0	
-90.925	-6.50437	201.237	0	
4.33964	-5.42242	267.888	0	
5.32497	-6.50437	337.431	0	
106.858	-5.46739	156.359	0	
109.237	-5.889	148.318	0	
45.559	-7.03622	213.341	0	
104.147	-6.18687	153.126	0	
100.59	-5.42242	175.09	0	
100.817	-6.41692	149.102	0	
-147.401	-4.79453	197.513	0	
-146.442	-5.03663	204.375	0	
-147.043	-7.10465	216.032	0	
-144.707	-5.19453	197.958	0	
-149.168	-7.76797	228.69	0	
-132.589	-2.93321	185.309	0	
-154.178	-7.28627	221.059	0	
-151.919	-6.13754	202.756	0	
-67.2642	-6.91889	196.125	0	
-50.691	-7.03622	295.612	0	
28.9858	-6.91889	266.399	0	
57.9209	-9.10125	98.7226	0	
-165.569	-3.72058	311.146	0	
-124.19	-5.40086	186.783	0	
-65.8105	-6.63734	193.413	0	
-38.3291	-9.10125	322.275	0	
-59.0799	-8.70786	249.668	0	
-25.746	-9.39498	724.465	0	
-36.875	-5.27905	284.41	0	
-45.618	-4.95711	293.121	0	
30.4395	-6.63734	247.703	0	
104.619	-8.07335	112.479	0	
37.1701	-8.70786	206.45	0	
121.986	-5.46522	192.346	0	
59.375	-5.27905	276.567	0	
50.632	-4.95711	255.098	0	
-100.432	-7.15932	172.12	0	
-118.014	-5.46522	178.397	0	
-4.18243	-7.15932	376.065	0	
-21.764	-5.46522	374.142	0	
101.373	-10.8863	88.4104	0	
97.6668	-7.08742	140.165	0	
74.486	-5.46522	334.074	0	
92.0676	-7.15932	156.669	0	
-142.782	-6.56075	170.729	0	
-142.334	-4.31064	168.468	0	
-152.527	-7.43868	202.949	0	
-121.996	-9.39498	287.939	0	
-136.218	-3.06872	157.678	0	
-128.568	-3.08143	170.837	0	
-38.1995	-4.25718	228.103	0	
-32.318	-3.08143	220.503	0	
58.0505	-4.25718	286.615	0	
63.932	-3.08143	227.502	0	
133.106	-6.04794	153.593	0	
130.428	-6.60412	189.798	0	
123.985	-6.91734	215.113	0	
150.848	-20.0464	240.394	0	
-155.18	-8.32445	276.867	0	
-52.0799	-10.5411	213.651	0	
-40.8588	-5.44334	273.11	0	
-43.3792	-4.50999	273.211	0	
55.3912	-5.44334	273.692	0	
52.8708	-4.50999	298.042	0	
-87.5848	-7.52916	255.256	0	
-84.8609	-3.89608	175.701	0	
8.66524	-7.52916	321.202	0	
11.3891	-3.89608	195.532	0	
120.703	-6.44535	204.265	0	
113.889	-3.89608	172.82	0	
-94.8332	-7.08742	176.385	0	
-127.752	-4.16217	178.707	0	
-136.015	-9.53859	252.499	0	
-118.607	-3.89079	172.671	0	
-44.375	-6.99919	351.337	0	
-22.3571	-3.89079	263.281	0	
-42.8302	-8.44515	340.01	0	
-40.8536	-7.44458	325.805	0	
51.875	-6.99919	222.384	0	
73.8929	-3.89079	288.034	0	
53.4198	-8.44515	176.727	0	
55.3964	-7.44458	305.674	0	
-45.8903	-7.18841	316.934	0	
-48.1439	-7.56208	307.337	0	
50.3597	-7.18841	234.873	0	
48.1061	-7.56208	214.638	0	
-141.655	-10.9683	552.909	0	
-134.129	-6.10622	172.824	0	
-52.772	-8.29733	287.992	0	
-46.8296	-8.37487	362.839	0	
43.478	-8.29733	197.08	0	
49.4204	-8.37487	134.925	0	
-164	-0.842706	281.552	0	
-160.19	-2.6252	192.173	0	
-171.26	-1.12398	325.008	0	
-163.118	-4.25546	343.171	0	
157.984	-3.31993	221.277	0	
162.75	-0.842706	166.002	0	
160.879	-2.92373	161.551	0	
162.233	-4.81544	181.688	0	
149.806	-4.94504	178.555	0	
157.495	-4.95032	164.013	0	
136.186	-4.14103	157.245	0	
140.456	-4.52612	174.94	0	
-73.4071	-4.23242	201.416	0	
-71.6691	-5.28353	179.441	0	
-80.4167	-10.3326	413.024	0	
-64.8646	-8.3096	192.014	0	
-77.3571	-3.89079	198.164	0	
-74.2262	-6.72899	240.924	0	
22.8429	-4.23242	243.603	0	
24.5809	-5.28353	294.798	0	
15.8333	-10.3326	241.466	0	
31.3854	-8.3096	223.614	0	
18.8929	-3.89079	216.764	0	
22.0238	-6.72899	264.639	0	
117.843	-4.23242	204.849	0	
119.581	-5.28353	212.956	0	
112.877	-7.50462	221.339	0	
125.437	-6.63718	208.263	0	
111.164	-7.52928	174.661	0	
117.03	-6.73778	218.681	0	
-120.419	-5.28353	169.307	0	
-119.297	-6.44535	164.529	0	
-147.08	-10.5411	320.536	0	
-106.019	-7.46803	170.384	0	
-144.559	-9.99967	302.536	0	
-147.772	-8.29733	240.887	0	
-24.1691	-5.28353	383.71	0	
-23.0474	-6.44535	534.397	0	
1.41684	-7.08742	332.066	0	
-9.76913	-7.46803	349.743	0	
-27.9404	-5.40086	376.064	0	
-23.5704	-9.08967	734.818	0	
-80.9071	-4.23242	185.118	0	
-78.0474	-6.44535	205.552	0	
-74.2388	-9.20929	213.593	0	
-76.764	-5.46522	205.223	0	
-81.7196	-6.73778	239.113	0	
-82.2148	-8.98906	337.435	0	
72.0809	-5.28353	331.022	0	
73.2026	-6.44535	311.607	0	
102.182	-6.54766	156.105	0	
86.4809	-7.46803	307.521	0	
68.3096	-5.40086	316.705	0	
93.8488	-8.33358	153.134	0	
15.3429	-4.23242	214.428	0	
18.2026	-6.44535	293.622	0	
22.0112	-9.20929	266.243	0	
19.486	-5.46522	253.006	0	
14.5304	-6.73778	279.728	0	
14.0352	-8.98906	328.258	0	
112.049	-4.96932	191.873	0	
113.194	-6.11121	155.162	0	
107.957	-10.0357	202.131	0	
114.373	-9.53907	216.507	0	
-86.7013	-4.9694	189.212	0	
-85.556	-6.11128	194.084	0	
-85.8729	-7.50385	247.365	0	
-84.3782	-9.53722	381.955	0	
9.54871	-4.9694	215.149	0	
10.694	-6.11128	264.306	0	
10.3771	-7.50385	301.289	0	
11.8718	-9.53722	335.414	0	
132.08	-7.47425	194.08	0	
134.746	-4.16808	149.909	0	
124.075	-4.31071	148.518	0	
123.313	-5.73457	168.823	0	
-67.1755	-4.31081	197.772	0	
-67.9367	-5.73467	176.296	0	
29.0745	-4.31081	250.546	0	
28.3133	-5.73467	308.418	0	
-95.9255	-4.31071	149.937	0	
-98.5926	-4.6597	134.493	0	
-103.786	-7.04865	162.76	0	
-106.563	-5.39772	131.025	0	
0.324502	-4.31071	193.676	0	
-2.3426	-4.6597	207.625	0	
-7.5359	-7.04865	285.653	0	
-10.3129	-5.39772	266.057	0	
96.5745	-4.31071	234.165	0	
93.9074	-4.6597	236.013	0	
88.7141	-7.04865	201.366	0	
103.633	-8.96714	141.304	0	
-62.0477	-8.8546	232.063	0	
34.2023	-8.8546	199.685	0	
-65.6604	-12.2385	211.063	0	
44.1701	-10.5411	206.758	0	
-43.9291	-11.1429	457.442	0	
106.762	-8.25621	159.517	0	
40.691	-8.79126	211.963	0	
126.259	-8.10539	233.426	0	
30.5896	-12.2385	164.686	0	
128.121	-8.37598	245.299	0	
98.349	-8.47005	130.565	0	
102.415	-7.9218	117.145	0	
-155.111	-10.7469	392.109	0	
-60.5733	-7.64358	205.279	0	
138.321	-5.52235	179.272	0	
152.541	-4.03078	178.533	0	
-138.552	-9.35636	281.592	0	
-137.06	-5.53416	159.543	0	
-129.996	-3.08143	175.729	0	
-129.047	-6.04201	174.503	0	
-33.7459	-3.08143	173.915	0	
-32.7973	-6.04201	368.951	0	
62.5041	-3.08143	258.809	0	
63.4527	-6.04201	300.512	0	
131.229	-11.2697	292.475	0	
151.99	-6.88415	197.234	0	
136.941	-5.40234	168.59	0	
141.133	-5.9764	183.022	0	
-74.6816	-4.325	214.829	0	
-75.4428	-5.74886	197.807	0	
21.5684	-4.325	241.176	0	
20.8072	-5.74886	279.996	0	
116.568	-4.325	167.54	0	
115.814	-5.75765	187.193	0	
-123.432	-4.325	176.348	0	
-126.314	-4.14101	165.983	0	
-115.576	-8.16642	240.748	0	
-113.246	-5.34905	160.419	0	
-27.1816	-4.325	261.552	0	
-30.0644	-4.14101	300.589	0	
-19.3257	-8.16642	697.969	0	
-16.996	-5.34905	337.95	0	
-82.1816	-4.325	186.387	0	
-82.9362	-5.75765	185.438	0	
69.0684	-4.325	334.67	0	
66.1856	-4.14101	292.277	0	
76.9243	-8.16642	300.998	0	
79.254	-5.34905	299.881	0	
14.0684	-4.325	235.686	0	
13.3138	-5.75765	252.363	0	
105.405	-12.0508	308.458	0	
116.536	-8.99008	264.974	0	
-93.9774	-8.66503	281.102	0	
-91.6041	-8.13534	248.052	0	
2.27255	-8.66503	429.992	0	
4.64589	-8.13534	448.71	0	
129.195	-10.2093	275.414	0	
146.046	-6.10183	162.486	0	
134.488	-5.91521	166.61	0	
135.867	-6.69788	178.748	0	
121.43	-8.68418	280.015	0	
123.385	-8.88682	263.142	0	
-69.8214	-8.68669	208.293	0	
-67.8655	-8.89079	181.926	0	
26.4286	-8.68669	268.695	0	
28.3845	-8.89079	254.83	0	
-66.1145	-9.89368	216.742	0	
-95.0051	-12.6851	610.698	0	
-55.559	-8.79126	271.8	0	
1.24494	-12.6851	333.183	0	
85.9371	-5.39772	318.469	0	
70.504	-9.39498	225.418	0	
99.9643	-7.8529	118.245	0	
101.084	-8.78437	147.128	0	
-119.82	-9.08967	265.057	0	
-122.652	-7.0343	198.212	0	
-127.769	-5.79877	185.926	0	
-125.499	-7.54635	228.146	0	
-48.3872	-12.3828	243.458	0	
-26.4019	-7.0343	540.236	0	
-31.5194	-5.79877	374.176	0	
-29.2492	-7.54635	476.556	0	
47.8628	-12.3828	55.3132	0	
69.8481	-7.0343	272.992	0	
64.7306	-5.79877	277.007	0	
67.0008	-7.54635	222.048	0	
140.302	-7.00568	203.005	0	
142.7	-6.86574	178.487	0	
125.012	-9.68556	298.695	0	
195.519	-2.32667	302.583	0	
-98.6512	-8.33358	249.538	0	
35.6767	-7.64358	236.07	0	
-2.40124	-8.33358	358.355	0	
103.223	-11.1651	145.7	0	
72.6796	-9.08967	227.619	0	
95.07	-11.0041	72.646	0	
-136.973	-6.98397	194.818	0	
-135.349	-7.69153	202.507	0	
-32.1235	-10.677	496.273	0	
-33.5046	-8.27657	547.223	0	
64.1265	-10.677	115.567	0	
97.6545	-10.9522	74.7353	0	
80.0504	-6.99449	358.109	0	
151.079	-11.5903	212.829	0	
-78.2205	-8.73643	246.587	0	
30.1355	-9.89368	177.537	0	
8.79112	-11.9339	373.743	0	
110.443	-9.50362	205.973	0	
-126.434	-6.49884	195.88	0	
-123.97	-6.77541	208.591	0	
-30.1836	-6.49884	402.205	0	
-27.72	-6.77541	429.564	0	
66.0664	-6.49884	292.586	0	
68.53	-6.77541	317.667	0	
150.025	-6.43618	206.853	0	
153.18	-5.49318	236.017	0	
147.57	-7.50219	174.304	0	
142.406	-9.04296	240.413	0	
-113.344	-8.75328	251.35	0	
-118.411	-11.2883	376.202	0	
-114.541	-4.53464	164.743	0	
-111.901	-4.28441	147.206	0	
-17.0944	-8.75328	597.463	0	
-21.2298	-10.3281	719.297	0	
-18.2907	-4.53464	271.445	0	
-15.6508	-4.28441	271.115	0	
79.1556	-8.75328	150.626	0	
75.0202	-10.3281	76.2536	0	
77.9593	-4.53464	322.991	0	
80.5992	-4.28441	318.64	0	
-63.1585	-5.8593	240.567	0	
-63.2996	-7.91085	186.318	0	
33.0915	-5.8593	210.419	0	
32.9504	-7.91085	220.646	0	
-205.568	-32.9721	227.498	0	
-158.17	-8.54355	317.325	0	
-42.0494	-4.51844	257.738	0	
-39.5061	-4.39269	225.772	0	
54.2006	-4.51844	283.238	0	
56.7439	-4.39269	306.237	0	
-138.25	-4.60927	153.349	0	
-135.756	-4.39269	164.248	0	
132.732	-9.94285	263.047	0	
140.759	-8.90393	225.02	0	
-131.823	-7.75398	216.141	0	
-88.3496	-9.59591	354.074	0	
-29.7584	-9.79585	694.705	0	
7.90043	-9.59591	398.185	0	
62.7454	-8.27657	182.098	0	
52.3209	-11.1429	72.411	0	
86.5779	-13.8833	136.251	0	
208.99	-5.28426	315.653	0	
-59.5306	-11.2795	194.941	0	
-57.3001	-7.89572	232.03	0	
36.7194	-11.2795	225.86	0	
38.9499	-7.89572	297.151	0	
138.907	-6.71973	200.348	0	
136.37	-8.16582	220.5	0	
138.03	-8.06765	225.038	0	
139.214	-9.60327	237.158	0	
134.987	-10.2845	282	0	
161.413	-6.92918	198.619	0	
119.235	-10.2813	369.455	0	
95.7393	-17.4777	204.258	0	
-50.1748	-10.5347	283.763	0	
-46.4132	-10.8834	290.61	0	
46.0752	-10.5347	137.996	0	
49.8368	-10.8834	159.552	0	
-176.012	-1.34606	307.715	0	
-160.335	-6.5477	289.421	0	
-161.831	-10.7403	472.645	0	
-188.999	-19.3034	269.79	0	
158.946	-6.83953	234.949	0	
170.01	-1.12398	228.781	0	
-87.4589	-11.9339	584.788	0	
99.5587	-12.4369	174.464	0	
18.0295	-8.73643	279.958	0	
4.49832	-12.069	387.987	0	
-153.134	-12.2646	514.447	0	
-148.55	-12.2522	460.244	0	
-121.489	-14.4624	477.924	0	
-126.008	-9.79585	308.452	0	
104.932	-18.5916	571.515	0	
112.453	-11.0673	340.74	0	
-91.7517	-12.069	452.269	0	
-71.535	-10.5118	338.347	0	
5.3409	-14.035	310.886	0	
24.715	-10.5118	176.598	0	
-112.45	-6.99449	170.167	0	
-129.168	-15.7527	464.677	0	
-16.1996	-6.99449	546.783	0	
-27.5734	-11.3856	625.504	0	
-144.852	-16.8136	944.916	0	
-124.741	-12.1163	384.129	0	
-37.2846	-13.6039	343.651	0	
-6.7017	-12.0229	497.305	0	
66.4916	-9.79585	157.136	0	
58.9654	-13.6039	139.139	0	
112.419	-14.9051	405.413	0	
127.849	-11.938	328.152	0	
147.347	-10.4774	291.139	0	
153.266	-9.06305	299.437	0	
-122.779	-11.9203	377.326	0	
-102.474	-8.42323	268.958	0	
-20.7162	-13.563	487.477	0	
-6.22447	-8.42323	278.982	0	
75.5338	-13.563	96.2388	0	
90.0255	-8.42323	233.117	0	
68.6766	-11.3856	47.1044	0	
136.037	-12.2238	272.858	0	
-61.6144	-11.5018	185.039	0	
-55.5379	-10.963	190.162	0	
34.6356	-11.5018	174.577	0	
40.7121	-10.963	238.669	0	
128.852	-14.5637	330.151	0	
235.957	-15.9774	352.434	0	
-178.777	-2.9619	299.238	0	
-162.755	-6.23594	346.281	0	
-156.495	-11.7116	432.115	0	
-221.912	-14.5162	269.605	0	
-169.141	-4.00209	336.989	0	
-167.19	-4.8303	369.743	0	
164.287	-4.15658	172.042	0	
166.707	-4.43785	205.027	0	
155.354	-8.54876	243.079	0	
132.793	-16.0264	296.994	0	
-53.4549	-12.1835	246.416	0	
-9.67296	-13.8421	68.434	0	
42.7951	-12.1835	117.49	0	
33.1604	-13.2995	115.727	0	
-53.1756	-15.7705	184.675	0	
-138.938	-7.6289	202.736	0	
-134.594	-10.3937	361.413	0	
-155.484	-17.2341	776.407	0	
-127.52	-14.6602	461.15	0	
-47.7993	-19.2086	151.958	0	
-31.0758	-17.4153	174.308	0	
48.4507	-19.2086	75.8914	0	
65.1742	-17.4153	25.6438	0	
131.221	-14.31	361.648	0	
153.572	-16.0839	452.02	0	
-157.266	-14.2011	603.696	0	
43.0744	-15.7705	144.301	0	
11.0506	-11.9005	286.23	0	
89.5492	-12.064	51.1227	0	
125.528	-11.6848	333.498	0	
119.86	-13.8177	424.943	0	
-167.135	-7.23969	381.028	0	
-192.539	-4.26558	265.693	0	
-133.857	-13.0595	584.228	0	
-129.198	-9.41262	279.648	0	
-228.19	-24.6897	236.563	0	
-128.413	-13.1119	378.266	0	
-132.411	-9.49708	286.571	0	
-132.552	-6.10622	137.31	0	
-166.307	-13.5038	594.978	0	
-108.605	-11.4398	637.169	0	
-130.943	-10.541	290.841	0	
-129.662	-7.54154	201.839	0	
-131.112	-14.0765	470.949	0	
-127.757	-10.8627	322.545	0	
-135.282	-19.8734	1077.16	0	
-102.952	-12.0229	695.901	0	
-130.381	-12.4546	408.612	0	
-128.544	-17.3008	746.128	0	
-148.258	-15.1857	703.983	0	
-3.6662	-13.8175	180.054	0	
-125.443	-18.0933	743.56	0	
-125.597	-14.7313	460.741	0	
-62.6835	-17.1843	344.998	0	
-85.1994	-11.9005	539.161	0	
-124.144	-16.6164	591.776	0	
-121.999	-16.5434	598.016	0	
-91.6409	-16.373	788.856	0	
-70.7541	-13.472	412.993	0	
4.6091	-16.373	232.059	0	
25.4959	-13.472	100.792	0	
-110.152	-7.25958	167.381	0	
-116.205	-10.7321	383.342	0	
-13.9017	-7.25958	450.332	0	
-12.3545	-11.4398	508.279	0	
82.3483	-7.25958	241.732	0	
83.8955	-11.4398	50.9382	0	
-83.8414	-14.5362	727.113	0	
-76.2546	-10.6507	399.115	0	
12.4086	-14.5362	152.881	0	
19.9954	-10.6507	150.349	0	
-97.6578	-11.3921	644.389	0	
-90.4292	-10.045	394.223	0	
-1.40778	-11.3921	525.886	0	
5.82085	-10.045	473.001	0	
-111.605	-11.7939	475.551	0	
-108.046	-8.66433	260.471	0	
-15.3552	-11.7939	364.106	0	
-11.7958	-8.66433	324.204	0	
80.8948	-11.7939	203.288	0	
84.4542	-8.66433	234.328	0	
-57.7296	-12.6391	255.61	0	
-56.3189	-16.133	222.101	0	
38.5204	-12.6391	113.187	0	
39.9311	-16.133	133.152	0	
-173.564	-2.47004	325.38	0	
-165.151	-8.11045	427.482	0	
157.521	-9.12614	214.246	0	
160.271	-11.5138	314.746	0	
-36.2393	-7.66183	363.56	0	
-40.908	-14.645	158.835	0	
60.0107	-7.66183	336.058	0	
55.342	-14.645	31.7941	0	
92.8124	-13.4707	48.5812	0	
138.603	-11.6407	291.088	0	
-114.482	-16.5569	1176.42	0	
-119.297	-14.1357	541.356	0	
-106.853	-18.8267	1357.25	0	
-90.9091	-14.035	649.761	0	
-63.0896	-13.2995	314.45	0	
-81.2221	-13.5164	620.981	0	
-119.75	-18.497	809.85	0	
-105.923	-13.8421	912.041	0	
-99.9162	-13.8175	923.431	0	
-124.617	-21.7604	1093.92	0	
15.0279	-13.5164	139.058	0	
33.5665	-17.1843	214.099	0	
-177.258	-5.78191	323.469	0	
-175.551	-13.7225	460.481	0	
-170.014	-8.10752	413.975	0	
-170.068	-11.6224	446.76	0	
123.346	-14.3333	421.276	0	
130.766	-41.4755	88.1	0	
-117.966	-16.82	743.569	0	
-113.607	-13.3165	619.279	0	
-93.8748	-11.0032	448.795	0	
-93.6138	-16.0889	885.562	0	
2.37524	-11.0032	494.813	0	
2.63623	-16.0889	258.507	0	
-136.481	-15.5337	1084.72	0	
46.237	-15.9763	53.3425	0	
-50.013	-15.9763	284.753	0	
-33.8137	-14.565	590.617	0	
-118.828	-25.8063	1282.05	0	
62.4363	-14.565	26.2895	0	
-89.2433	-18.71	1043.72	0	
-88.6959	-14.349	673.144	0	
7.00668	-18.71	126.443	0	
7.55411	-14.349	237.009	0	
-158.473	-25.925	1101.25	0	
-57.5305	-27.6829	1027.13	0	
-87.3706	-17.1144	908.219	0	
-82.1404	-18.8236	981.624	0	
-17.0729	-14.4419	280.873	0	
125.77	-16.4577	301.16	0	
8.87942	-17.1144	189.462	0	
14.1096	-18.8236	66.6453	0	
218.789	-9.67962	327.511	0	
183.637	-7.09149	288.38	0	
135.243	-14.7675	341.076	0	
140.335	-13.8884	278.303	0	
-181.714	-1.61583	283.236	0	
-173.773	-5.29005	316.359	0	
163.087	-10.0309	211.88	0	
180.465	-1.61583	272.23	0	
-76.9341	-14.5113	567.55	0	
-67.81	-14.1067	330.729	0	
19.3159	-14.5113	82.0014	0	
28.44	-14.1067	97.2243	0	
-162.174	-17.4716	744.57	0	
-121.07	-22.2371	1185.42	0	
-58.6684	-18.9989	479.99	0	
0.81144	-18.779	133.592	0	
37.5816	-18.9989	68.2925	0	
107.856	-15.3565	451.361	0	
138.207	-15.8819	238.038	0	
143.531	-14.1381	261.005	0	
99.901	-16.4959	207.489	0	
79.1771	-14.4419	36.8791	0	
-111.48	-20.2273	1247.88	0	
-99.0883	-17.8006	1221.75	0	
-27.2006	-15.1171	445.195	0	
-2.83826	-17.8006	191.476	0	
69.0494	-15.1171	58.7261	0	
46.6928	-24.0743	30.879	0	
-166.112	-27.3981	808.497	0	
-68.8837	-22.4837	860.351	0	
-81.3835	-22.9609	1265.64	0	
-67.2534	-16.8341	473.27	0	
14.8665	-22.9609	48.5083	0	
28.9966	-16.8341	128.966	0	
125.531	-19.801	253.325	0	
145.65	-18.2045	419.306	0	
136.74	-19.4185	353.136	0	
140.986	-21.4915	98.6149	0	
-74.1374	-16.0301	677.767	0	
-64.6977	-18.8508	529.063	0	
22.1126	-16.0301	33.338	0	
31.5523	-18.8508	87.4115	0	
-95.4386	-18.779	1159.52	0	
2.52004	-23.669	143.494	0	
27.3663	-22.4837	107.455	0	
30.7731	-22.4901	142.38	0	
-84.7755	-17.335	880.826	0	
-79.7054	-15.7809	792.533	0	
11.4745	-17.335	101.295	0	
16.5446	-15.7809	60.3731	0	
218.255	-34.6155	370.446	0	
132.745	-19.8694	267.153	0	
-152.736	-16.2622	737.524	0	
-150.381	-17.763	830.846	0	
-144.708	-21.2594	1088.85	0	
-141.325	-14.5407	746.955	0	
-62.9905	-26.6887	1000.03	0	
-11.2357	-19.2992	172.553	0	
33.2595	-26.6887	166.943	0	
116.277	-16.8153	578.094	0	
-128.495	-23.6616	1197.73	0	
19.247	-23.4473	32.143	0	
-188.557	-1.93891	266.505	0	
-196.769	-2.32667	260.629	0	
172.064	-6.00496	215.9	0	
174.369	-7.9727	259.499	0	
197.421	-9.75588	311.576	0	
191.289	-4.26558	300.111	0	
80.6149	-19.5449	82.904	0	
38.7195	-27.6829	79.4183	0	
-73.6736	-19.0863	922.742	0	
-69.7337	-19.2556	730.297	0	
22.5764	-19.0863	41.812	0	
26.5163	-19.2556	63.9815	0	
122.174	-26.556	122.619	0	
124.937	-40.2492	48.183	0	
-148.731	-22.1193	1077.59	0	
-130.945	-20.0681	1096.82	0	
-89.5076	-23.3158	1300.21	0	
-77.003	-23.4473	1153.93	0	
-71.1732	-25.5223	1113.8	0	
-65.4769	-22.4901	807.471	0	
-169.77	-21.2264	737.752	0	
-64.5794	-30.6463	1197.07	0	
-139.982	-23.3262	1266.94	0	
-137.645	-30.9202	1328.28	0	
-75.3526	-26.6553	1187.58	0	
25.0768	-25.5223	128.21	0	
-31.4696	-23.2096	229.882	0	
73.7048	-20.502	86.3898	0	
-23.6801	-16.4504	390.248	0	
-15.6351	-19.5449	53.0411	0	
72.5699	-16.4504	30.6201	0	
85.0151	-19.3404	127.958	0	
129.698	-22.0559	180.938	0	
117.076	-20.985	185.116	0	
-103.053	-20.9905	1264.48	0	
-93.73	-23.669	1322.54	0	
-49.5572	-24.0743	626.227	0	
6.74241	-23.3158	118.123	0	
-184.618	-8.98987	254.734	0	
-185.032	-3.55475	286.751	0	
-206.623	-2.79194	262.658	0	
-179.781	-9.87097	293.067	0	
180.177	-8.24429	279.686	0	
187.785	-10.442	291.256	0	
170.878	-14.4791	269.682	0	
159.464	-15.8639	252.537	0	
-85.4635	-32.3384	1331.64	0	
20.8974	-26.6553	160.532	0	
-7.43655	-21.463	28.7193	0	
90.9132	-21.5281	187.778	0	
-85.5482	-26.5803	1315	0	
-18.107	-29.5111	191.808	0	
10.7018	-26.5803	66.5799	0	
111.968	-28.0025	201.08	0	
-18.1435	-22.7175	72.8745	0	
-22.5452	-20.502	135.129	0	
78.1065	-22.7175	128.968	0	
64.7804	-23.2096	46.1005	0	
34.1156	-37.3795	305.716	0	
121.506	-22.1434	233.334	0	
-24.1065	-30.9545	293.727	0	
-6.83217	-26.5477	130.949	0	
-130.495	-31.0609	1339.54	0	
174.884	-12.8846	237.873	0	
178.79	-12.8864	281.667	0	
-76.4692	-32.4504	1262.09	0	
-69.3552	-29.4863	1182	0	
-145.697	-34.3804	1298.71	0	
-152.057	-27.6463	1214.56	0	
19.7808	-32.4504	288.53	0	
26.8948	-29.4863	229.552	0	
1.24121	-36.2378	552.602	0	
13.9656	-32.8618	433.28	0	
184.118	-14.761	308.047	0	
227.701	-6.85826	322.935	0	
133.014	-34.6533	35.8675	0	
-106.794	-33.2356	1379.72	0	
31.6706	-30.6463	190.96	0	
-72.173	-34.0637	1265.5	0	
-67.7476	-39.8274	1327.85	0	
-22.5359	-47.4922	1233.24	0	
127.182	-26.4913	172.076	0	
24.077	-34.0637	314.667	0	
28.5024	-39.8274	284.955	0	
-113.39	-24.9987	1340.2	0	
-108.048	-28.3672	1355.62	0	
106.947	-24.7538	142.64	0	
92.4297	-27.5266	137.724	0	
-218.447	-3.35033	269.219	0	
-175.995	-19.4449	412.755	0	
191.912	-9.23189	296.309	0	
201.219	-12.4705	321.508	0	
54.1181	-18.9378	16.2296	0	
69.7905	-24.963	71.4446	0	
-42.1319	-18.9378	500.527	0	
-26.4595	-24.963	166.376	0	
-192.319	-8.83173	259.19	0	
-201.547	-5.11861	265.489	0	
72.1435	-30.9545	255.289	0	
128.068	-30.7205	60.3341	0	
42.4557	-33.5404	183.429	0	
78.143	-29.5111	123.003	0	
-62.1344	-37.3795	1224.72	0	
-0.525287	-27.7753	202.514	0	
84.4836	-32.7829	493.749	0	
208.989	-20.8084	342.086	0	
-28.0097	-38.1045	1037.81	0	
123.686	-35.5846	65.7356	0	
-53.7943	-33.5404	1036.28	0	
-35.3322	-36.6738	1000.98	0	
100.921	-29.485	395.73	0	
161.838	-60.3262	352.38	0	
118.807	-29.1208	125.81	0	
116.094	-38.0682	57.219	0	
115.315	-25.5586	155.171	0	
112.121	-35.7127	63.8634	0	
60.9178	-36.6738	181.376	0	
119.433	-33.9202	53.1677	0	
120.859	-47.2293	45.0395	0	
-183.583	-23.2797	488.741	0	
-95.5796	-32.8724	1361	0	
-114.065	-35.7792	1378.8	0	
68.2403	-38.1045	387.777	0	
32.7098	-63.156	56.2424	0	
9.60751	-38.8404	743.485	0	
-225.327	-7.3709	277.36	0	
-187.923	-11.9402	287.76	0	
170.297	-36.5037	410.286	0	
163.474	-19.8544	341.593	0	
-196.34	-11.9773	276.099	0	
-194.679	-18.9528	257.718	0	
73.7994	-47.6214	672.517	0	
207.712	-10.3255	327.573	0	
204.86	-2.4629	313.908	0	
-212.356	-6.14227	268.639	0	
129.252	-50.7796	149.359	0	
133.997	-47.3484	81.8404	0	
213.211	-14.7209	334.385	0	
215.594	-2.82136	329.158	0	
-220.733	-37.1938	227.316	0	
103.164	-47.8011	53.2274	0	
189.04	-35.7251	399.942	0	
199.849	-18.9164	322.925	0	
169.619	-18.8059	257.741	0	
139.422	-30.3106	180.715	0	
-55.5317	-23.7287	537.15	0	
-37.3685	-24.4061	180.692	0	
-56.8093	-39.2794	1274.06	0	
-45.742	-28.3975	591.064	0	
-52.3145	-47.6453	1266.83	0	
-39.2206	-29.0001	808.724	0	
-47.9803	-33.9094	1100.49	0	
-43.191	-47.72	1269.22	0	
40.7183	-23.7287	135.249	0	
58.8815	-24.4061	66.8838	0	
39.4407	-39.2794	72.9937	0	
50.508	-28.3975	107.985	0	
43.9355	-47.6453	201.858	0	
57.0294	-29.0001	50.5576	0	
48.2697	-33.9094	34.4777	0	
53.059	-47.72	54.7788	0	
146.739	-35.2634	65.1569	0	
141.083	-48.4033	200.79	0	
-171.12	-37.8728	1004.97	0	
-73.0349	-48.8114	1241.68	0	
-12.6794	-31.8279	228.838	0	
-7.11451	-38.7862	1008.97	0	
-126.706	-35.6751	1368.21	0	
-120.757	-31.7185	1362.35	0	
-116.584	-45.0329	1372.27	0	
-102.338	-25.7597	1371.59	0	
-126.333	-45.697	1360.67	0	
-90.3084	-40.7522	1337.07	0	
-232.636	-4.02057	275.22	0	
-213.24	-13.2876	259.461	0	
-83.0809	-48.9441	1383.77	0	
112.882	-53.996	125.67	0	
-41.8717	-39.7232	1155.56	0	
-36.3206	-55.0703	1234.22	0	
-51.4248	-68.4389	550.312	0	
9.79367	-57.9625	914.123	0	
54.3783	-39.7232	124.036	0	
92.7142	-53.006	451.067	0	
154.638	-31.4481	299.62	0	
162.265	-25.6367	305.165	0	
146.844	-43.5002	203.277	0	
174.146	-25.0927	340.657	0	
-10.5586	-47.7958	1109.98	0	
26.2122	-47.5873	532.13	0	
-99.9985	-36.0407	1345.22	0	
-96.6648	-27.4598	1340.47	0	
-98.8599	-43.4908	1363.85	0	
-80.4857	-35.5349	1330.25	0	
-163.404	-50.9608	927.031	0	
-107.716	-63.4503	1206.64	0	
-90.5028	-35.2672	1338.61	0	
-94.2465	-45.8076	1321.96	0	
155.531	-25.6086	346.629	0	
162.53	-38.6767	315.674	0	
145.406	-55.4476	199.344	0	
154.317	-46.2331	234.984	0	
-213.385	-66.8866	255.58	0	
-68.9458	-57.4799	1331.43	0	
-90.1982	-53.4761	1275.72	0	
-83.9074	-41.2679	1308.89	0	
162.103	-45.2249	378.858	0	
179.505	-41.8783	371.858	0	
-26.1557	-55.5594	1105.88	0	
139.16	-65.0425	356.131	0	
197.836	-37.8736	381.176	0	
182.569	-22.1973	293.031	0	
84.0431	-43.7432	183.971	0	
105.034	-36.7207	120.502	0	
152.77	-54.4151	326.704	0	
130.092	-61.4294	143.831	0	
118.312	-65.1624	158.551	0	
75.0509	-68.8235	393.472	0	
146.414	-81.4576	348.076	0	
-56.4852	-56.245	1094.5	0	
36.3201	-53.5053	69.4206	0	
64.865	-77.0726	118.981	0	
112.416	-78.8413	237.905	0	
59.9585	-55.1042	315.78	0	
70.2087	-55.7224	256.307	0	
190.375	-24.8482	347.141	0	
208.311	-28.8887	360.944	0	
178.328	-52.8869	465.64	0	
191.284	-60.8463	400.163	0	
-88.1029	-75.4263	463.145	0	
201.257	-51.9863	446.219	0	
232.766	-30.613	333.758	0	
-94.3526	-64.6703	989.08	0	
-21.2176	-68.4889	559.607	0	
-136.235	-54.5345	1240.24	0	
-75.0762	-70.6121	485.518	0	
-135.57	-69.1305	922.431	0	
17.1658	-67.2349	91.7061	0	
-40.3839	-67.1895	689.318	0	
-31.1675	-76.4316	255.488	0	
-40.0545	-114.942	24.3001	0	
12.3999	-80.9419	165.221	0	
-62.4004	-77.8089	441.577	0	
87.3127	-69.9851	277.41	0	
42.2377	-72.0126	39.5563	0	
55.7444	-67.659	138.769	0	
40.1802	-103.505	59.1695	0	
95.4064	-81.6752	323.16	0	
28.0081	-85.7304	20.8039	0	
122.096	-92.0535	328.081	0	
161.728	-77.7738	494.901	0	
-193.993	-43.518	255.467	0	
15.2296	-47.9657	586.437	0	
-2.66107	-58.4408	796.909	0	
-9.7003	-71.0667	472.152	0	
-2.01149	-84.2955	84.7914	0	
-119.078	-74.1502	660.305	0	
-32.1741	-91.5468	60.9959	0	
-46.1975	-98.0428	46.3666	0	
174.139	-96.1654	390.742	0	
-93.5477	-95.5998	102.624	0	
177.439	-132.495	360.724	0	
-14.5355	-96.8328	44.3347	0	
214.807	-50.7788	369.054	0	
227.722	-62.6715	404.776	0	
-226.174	-52.2763	292.937	0	
140.1	-95.1239	427.62	0	
65.7718	-108.2	53.7791	0	
71.1759	-93.9508	181.725	0	
-196.369	-62.35	353.632	0	
-111.16	-95.5437	213.132	0	
-0.0955761	-124.944	28.2933	0	
140.341	-120.541	366.98	0	
149.26	-111.77	356.107	0	
224.915	-82.6931	442.223	0	
-149.645	-83.0905	386.88	0	
-181.387	-78.8859	268.076	0	
-223.27	-87.3322	288.357	0	
206.301	-97.3985	377.506	0	
-122.3	-109.469	178.596	0	
89.4554	-97.3917	139.821	0	
115.761	-106.486	277.677	0	
94.5914	-125.39	177.651	0	
100.129	-108.99	295.134	0	
-212.53	-108.31	258.784	0	
-187.663	-104.4	309.512	0	
-61.1884	-90.7965	53.3188	0	
-17.3938	-112.921	33.0022	0	
118.793	-131.494	271.77	0	
78.5133	-128.04	211.482	0	
145.868	-135.276	328.235	0	
29.3462	-123.276	35.9556	0	
-50.7969	-127.592	21.614	0	
124.844	-118.328	327.175	0	
104.171	-136.052	283.835	0	
164.24	-142.504	380.55	0	
167.986	-116.495	420.918	0	
100.66	-156.977	245.498	0	
131.518	-141.125	333.414	0	
68.4008	-148.446	139.033	0	
208.027	-119.4	390.458	0	
190.911	-84.7228	477.404	0	
-79.309	-103.773	76.8891	0	
-75.0605	-123.67	34.9715	0	
-150.767	-144.01	272.849	0	
-166.751	-116.842	252.026	0	
-117.627	-141.298	137.052	0	
196.992	-135.207	371.274	0	
-237.04	-135.177	295.797	0	
210.321	-157.735	354.133	0	
231.512	-122.086	353.844	0	
233.724	-149.676	348.407	0	
-94.1678	-149.074	150.032	0	
44.8253	-148.377	108.948	0	
