# ============================================================
# Calculated and Observed Apparent Resistivity Data
# Paper: A Comparative Study of Pseudo-dipole Arrays and Standard Arrays
# Based on High-density DC Resistivity Method
# ============================================================
# Column 1: X_Coord (m)       - Horizontal coordinate
# Column 2: Z_Coord (m)       - Depth coordinate (negative downward)
# Column 3: App_Resistivity   - Apparent resistivity (Ohm-m)
#            Computed from forward DC resistivity modeling

-156.25	0	-3.75	203.122
-153.75	0	-3.75	211.706
-151.25	0	-3.75	212.475
-148.75	0	-3.75	204.081
-146.25	0	-3.75	205.266
-143.75	0	-3.75	196.22
-141.25	0	-3.75	205.26
-138.75	0	-3.75	199.883
-136.25	0	-3.75	207.271
-133.75	0	-3.75	204.45
-131.25	0	-3.75	206.936
-128.75	0	-3.75	214.601
-126.25	0	-3.75	207.569
-123.75	0	-3.75	212.25
-121.25	0	-3.75	208.743
-118.75	0	-3.75	206.436
-116.25	0	-3.75	207.46
-113.75	0	-3.75	208.077
-111.25	0	-3.75	204.964
-108.75	0	-3.75	207.125
-106.25	0	-3.75	207.347
-103.75	0	-3.75	204.32
-101.25	0	-3.75	210.194
-98.75	0	-3.75	201.367
-96.25	0	-3.75	208.288
-93.75	0	-3.75	200.367
-91.25	0	-3.75	207.125
-88.75	0	-3.75	201.697
-86.25	0	-3.75	199.412
-83.75	0	-3.75	205.415
-81.25	0	-3.75	197.318
-78.75	0	-3.75	200.601
-76.25	0	-3.75	205.082
-73.75	0	-3.75	201.468
-71.25	0	-3.75	205.612
-68.75	0	-3.75	208.499
-66.25	0	-3.75	202.784
-63.75	0	-3.75	198.181
-61.25	0	-3.75	197.108
-58.75	0	-3.75	196.86
-56.25	0	-3.75	197.638
-53.75	0	-3.75	201.027
-51.25	0	-3.75	203.647
-48.75	0	-3.75	199.267
-46.25	0	-3.75	205.235
-43.75	0	-3.75	195.41
-41.25	0	-3.75	203.132
-38.75	0	-3.75	198.076
-36.25	0	-3.75	205.539
-33.75	0	-3.75	206.431
-31.25	0	-3.75	207.295
-28.75	0	-3.75	208.905
-26.25	0	-3.75	207.817
-23.75	0	-3.75	210.852
-21.25	0	-3.75	213.36
-18.75	0	-3.75	212.304
-16.25	0	-3.75	215.721
-13.75	0	-3.75	215.689
-11.25	0	-3.75	212.717
-8.75	0	-3.75	216.519
-6.25	0	-3.75	206.037
-3.75	0	-3.75	209.096
-1.25	0	-3.75	198.888
1.25	0	-3.75	202.651
3.75	0	-3.75	195.5
6.25	0	-3.75	199.28
8.75	0	-3.75	193.391
11.25	0	-3.75	196.767
13.75	0	-3.75	191.117
16.25	0	-3.75	200.376
18.75	0	-3.75	194.036
21.25	0	-3.75	202.894
23.75	0	-3.75	205.832
26.25	0	-3.75	206.085
28.75	0	-3.75	203.707
31.25	0	-3.75	214.135
33.75	0	-3.75	206.637
36.25	0	-3.75	215.339
38.75	0	-3.75	207.133
41.25	0	-3.75	211.061
43.75	0	-3.75	205.367
46.25	0	-3.75	204.039
48.75	0	-3.75	202.204
51.25	0	-3.75	198.488
53.75	0	-3.75	199.676
56.25	0	-3.75	202.077
58.75	0	-3.75	196.512
61.25	0	-3.75	202.07
63.75	0	-3.75	199.149
66.25	0	-3.75	205.113
68.75	0	-3.75	209.525
71.25	0	-3.75	218.533
73.75	0	-3.75	212.689
76.25	0	-3.75	221.23
78.75	0	-3.75	210.066
81.25	0	-3.75	217.829
83.75	0	-3.75	207.211
86.25	0	-3.75	209.224
88.75	0	-3.75	201.284
91.25	0	-3.75	206.584
93.75	0	-3.75	197.747
96.25	0	-3.75	201.846
98.75	0	-3.75	196.86
101.25	0	-3.75	194.887
103.75	0	-3.75	194.119
106.25	0	-3.75	192.064
108.75	0	-3.75	195.039
111.25	0	-3.75	190.519
113.75	0	-3.75	197.153
116.25	0	-3.75	192.867
118.75	0	-3.75	199.554
121.25	0	-3.75	194.9
123.75	0	-3.75	202.537
126.25	0	-3.75	201.145
128.75	0	-3.75	201.773
131.25	0	-3.75	209.175
133.75	0	-3.75	205.693
136.25	0	-3.75	212.568
138.75	0	-3.75	211.12
141.25	0	-3.75	208.397
143.75	0	-3.75	211.432
146.25	0	-3.75	205.136
148.75	0	-3.75	200.659
151.25	0	-3.75	198.097
153.75	0	-3.75	184.55
-152.5	0	-7.5	214.889
-150	0	-7.5	217.058
-147.5	0	-7.5	216.782
-145	0	-7.5	215.137
-142.5	0	-7.5	211.955
-140	0	-7.5	211.345
-137.5	0	-7.5	209.007
-135	0	-7.5	210.834
-132.5	0	-7.5	211.268
-130	0	-7.5	210.292
-127.5	0	-7.5	208.398
-125	0	-7.5	210.039
-122.5	0	-7.5	210.97
-120	0	-7.5	210.346
-117.5	0	-7.5	209.527
-115	0	-7.5	210.23
-112.5	0	-7.5	208.743
-110	0	-7.5	209.199
-107.5	0	-7.5	208.639
-105	0	-7.5	209.102
-102.5	0	-7.5	209.226
-100	0	-7.5	209.814
-97.5	0	-7.5	208.068
-95	0	-7.5	208.606
-92.5	0	-7.5	209.112
-90	0	-7.5	209.899
-87.5	0	-7.5	209.097
-85	0	-7.5	209.676
-82.5	0	-7.5	209.572
-80	0	-7.5	209.925
-77.5	0	-7.5	210.497
-75	0	-7.5	210.888
-72.5	0	-7.5	211.572
-70	0	-7.5	210.822
-67.5	0	-7.5	210.616
-65	0	-7.5	210.338
-62.5	0	-7.5	210.472
-60	0	-7.5	210.379
-57.5	0	-7.5	209.747
-55	0	-7.5	209.518
-52.5	0	-7.5	208.007
-50	0	-7.5	208.821
-47.5	0	-7.5	208.166
-45	0	-7.5	209.576
-42.5	0	-7.5	208.138
-40	0	-7.5	209.737
-37.5	0	-7.5	208.924
-35	0	-7.5	209.743
-32.5	0	-7.5	209.804
-30	0	-7.5	210.579
-27.5	0	-7.5	211.071
-25	0	-7.5	210.859
-22.5	0	-7.5	209.383
-20	0	-7.5	207.586
-17.5	0	-7.5	207.31
-15	0	-7.5	205.906
-12.5	0	-7.5	204.243
-10	0	-7.5	203.067
-7.5	0	-7.5	201.715
-5	0	-7.5	200.197
-2.5	0	-7.5	198.632
0	0	-7.5	199.283
2.5	0	-7.5	199.552
5	0	-7.5	199.313
7.5	0	-7.5	196.756
10	0	-7.5	196.075
12.5	0	-7.5	198.159
15	0	-7.5	199.387
17.5	0	-7.5	198.743
20	0	-7.5	197.994
22.5	0	-7.5	200.864
25	0	-7.5	201.346
27.5	0	-7.5	200.805
30	0	-7.5	202.504
32.5	0	-7.5	204.566
35	0	-7.5	203.455
37.5	0	-7.5	201.949
40	0	-7.5	202.297
42.5	0	-7.5	202.975
45	0	-7.5	202.197
47.5	0	-7.5	200.609
50	0	-7.5	198.109
52.5	0	-7.5	197.282
55	0	-7.5	197.265
57.5	0	-7.5	198.151
60	0	-7.5	199.251
62.5	0	-7.5	201.782
65	0	-7.5	198.82
67.5	0	-7.5	199.367
70	0	-7.5	203.309
72.5	0	-7.5	206.313
75	0	-7.5	204.271
77.5	0	-7.5	203.017
80	0	-7.5	203.641
82.5	0	-7.5	203.647
85	0	-7.5	202.984
87.5	0	-7.5	201.704
90	0	-7.5	201.455
92.5	0	-7.5	198.988
95	0	-7.5	198.529
97.5	0	-7.5	197.549
100	0	-7.5	197.797
102.5	0	-7.5	196.784
105	0	-7.5	196.35
107.5	0	-7.5	195.818
110	0	-7.5	195.509
112.5	0	-7.5	196.311
115	0	-7.5	197.51
117.5	0	-7.5	197.132
120	0	-7.5	196.628
122.5	0	-7.5	198.275
125	0	-7.5	201.381
127.5	0	-7.5	199.583
130	0	-7.5	199.931
132.5	0	-7.5	201.309
135	0	-7.5	204.279
137.5	0	-7.5	204.508
140	0	-7.5	203.417
142.5	0	-7.5	202.431
145	0	-7.5	203.957
147.5	0	-7.5	201.385
150	0	-7.5	195.176
-148.75	0	-11.25	239.413
-146.25	0	-11.25	239.096
-143.75	0	-11.25	237.946
-141.25	0	-11.25	236.279
-138.75	0	-11.25	234.89
-136.25	0	-11.25	234.612
-133.75	0	-11.25	234.012
-131.25	0	-11.25	233.387
-128.75	0	-11.25	232.376
-126.25	0	-11.25	232.448
-123.75	0	-11.25	231.107
-121.25	0	-11.25	233.202
-118.75	0	-11.25	231.821
-116.25	0	-11.25	231.992
-113.75	0	-11.25	231.448
-111.25	0	-11.25	231.379
-108.75	0	-11.25	231.26
-106.25	0	-11.25	231.923
-103.75	0	-11.25	232.656
-101.25	0	-11.25	231.995
-98.75	0	-11.25	232.279
-96.25	0	-11.25	231.011
-93.75	0	-11.25	232.074
-91.25	0	-11.25	231.969
-88.75	0	-11.25	233.025
-86.25	0	-11.25	232.697
-83.75	0	-11.25	233.261
-81.25	0	-11.25	232.673
-78.75	0	-11.25	232.948
-76.25	0	-11.25	233.266
-73.75	0	-11.25	232.271
-71.25	0	-11.25	232.644
-68.75	0	-11.25	232.192
-66.25	0	-11.25	231.359
-63.75	0	-11.25	231.192
-61.25	0	-11.25	231.281
-58.75	0	-11.25	231.602
-56.25	0	-11.25	230.21
-53.75	0	-11.25	229.969
-51.25	0	-11.25	228.314
-48.75	0	-11.25	228.866
-46.25	0	-11.25	229.097
-43.75	0	-11.25	230.087
-41.25	0	-11.25	230.071
-38.75	0	-11.25	230.183
-36.25	0	-11.25	230.07
-33.75	0	-11.25	229.561
-31.25	0	-11.25	228.874
-28.75	0	-11.25	227.647
-26.25	0	-11.25	226.308
-23.75	0	-11.25	223.876
-21.25	0	-11.25	221.516
-18.75	0	-11.25	219.875
-16.25	0	-11.25	216.493
-13.75	0	-11.25	214.282
-11.25	0	-11.25	211.633
-8.75	0	-11.25	207.763
-6.25	0	-11.25	204.652
-3.75	0	-11.25	202.883
-1.25	0	-11.25	201.496
1.25	0	-11.25	201.064
3.75	0	-11.25	202.132
6.25	0	-11.25	200.328
8.75	0	-11.25	200.855
11.25	0	-11.25	200.281
13.75	0	-11.25	200.974
16.25	0	-11.25	200.906
18.75	0	-11.25	200.758
21.25	0	-11.25	200.124
23.75	0	-11.25	200.947
26.25	0	-11.25	201.144
28.75	0	-11.25	201.355
31.25	0	-11.25	201.41
33.75	0	-11.25	200.685
36.25	0	-11.25	200.126
38.75	0	-11.25	198.802
41.25	0	-11.25	199.226
43.75	0	-11.25	199.12
46.25	0	-11.25	197.133
48.75	0	-11.25	195.292
51.25	0	-11.25	193.334
53.75	0	-11.25	192.515
56.25	0	-11.25	194.847
58.75	0	-11.25	196.448
61.25	0	-11.25	196.075
63.75	0	-11.25	195.949
66.25	0	-11.25	196.34
68.75	0	-11.25	197.915
71.25	0	-11.25	200.362
73.75	0	-11.25	201.142
76.25	0	-11.25	201.021
78.75	0	-11.25	199.674
81.25	0	-11.25	200.749
83.75	0	-11.25	200.329
86.25	0	-11.25	200.492
88.75	0	-11.25	199.467
91.25	0	-11.25	199.425
93.75	0	-11.25	197.998
96.25	0	-11.25	198.999
98.75	0	-11.25	198.255
101.25	0	-11.25	198.809
103.75	0	-11.25	198.015
106.25	0	-11.25	198.146
108.75	0	-11.25	196.871
111.25	0	-11.25	198.307
113.75	0	-11.25	197.513
116.25	0	-11.25	199.382
118.75	0	-11.25	199.272
121.25	0	-11.25	200.849
123.75	0	-11.25	201.505
126.25	0	-11.25	201.737
128.75	0	-11.25	201.815
131.25	0	-11.25	201.903
133.75	0	-11.25	204.189
136.25	0	-11.25	203.186
138.75	0	-11.25	204.551
141.25	0	-11.25	201.417
143.75	0	-11.25	202.571
146.25	0	-11.25	197.016
-145	0	-15	264.803
-142.5	0	-15	264.344
-140	0	-15	262.858
-137.5	0	-15	263.764
-135	0	-15	262.184
-132.5	0	-15	261.749
-130	0	-15	261.274
-127.5	0	-15	260.314
-125	0	-15	260.579
-122.5	0	-15	260.242
-120	0	-15	259.834
-117.5	0	-15	260.059
-115	0	-15	259.308
-112.5	0	-15	259.592
-110	0	-15	259.477
-107.5	0	-15	259.51
-105	0	-15	260.066
-102.5	0	-15	259.95
-100	0	-15	259.359
-97.5	0	-15	259.241
-95	0	-15	258.979
-92.5	0	-15	258.708
-90	0	-15	258.799
-87.5	0	-15	259.183
-85	0	-15	258.894
-82.5	0	-15	258.949
-80	0	-15	258.201
-77.5	0	-15	257.724
-75	0	-15	257.309
-72.5	0	-15	256.438
-70	0	-15	255.773
-67.5	0	-15	254.982
-65	0	-15	254.446
-62.5	0	-15	254.113
-60	0	-15	253.619
-57.5	0	-15	252.587
-55	0	-15	251.644
-52.5	0	-15	251.153
-50	0	-15	250.594
-47.5	0	-15	250.537
-45	0	-15	250.455
-42.5	0	-15	251.207
-40	0	-15	250.742
-37.5	0	-15	250.047
-35	0	-15	248.472
-32.5	0	-15	246.789
-30	0	-15	245.078
-27.5	0	-15	242.882
-25	0	-15	240.313
-22.5	0	-15	237.922
-20	0	-15	235.07
-17.5	0	-15	231.3
-15	0	-15	227.806
-12.5	0	-15	223.557
-10	0	-15	218.877
-7.5	0	-15	214.821
-5	0	-15	210.452
-2.5	0	-15	207.549
0	0	-15	205.125
2.5	0	-15	203.07
5	0	-15	202.513
7.5	0	-15	201.672
10	0	-15	200.596
12.5	0	-15	200.355
15	0	-15	199.532
17.5	0	-15	198.561
20	0	-15	197.961
22.5	0	-15	197.181
25	0	-15	196.684
27.5	0	-15	196.029
30	0	-15	195.11
32.5	0	-15	194.692
35	0	-15	193.595
37.5	0	-15	192.604
40	0	-15	192.232
42.5	0	-15	190.594
45	0	-15	188.789
47.5	0	-15	186.231
50	0	-15	184.088
52.5	0	-15	183.855
55	0	-15	183.417
57.5	0	-15	183.778
60	0	-15	185.706
62.5	0	-15	186.186
65	0	-15	187.823
67.5	0	-15	189.214
70	0	-15	190.298
72.5	0	-15	192.745
75	0	-15	193.472
77.5	0	-15	193.853
80	0	-15	194.431
82.5	0	-15	194.028
85	0	-15	194.6
87.5	0	-15	194.71
90	0	-15	194.811
92.5	0	-15	195.317
95	0	-15	194.923
97.5	0	-15	196.171
100	0	-15	196.31
102.5	0	-15	196.385
105	0	-15	196.412
107.5	0	-15	196.234
110	0	-15	196.398
112.5	0	-15	196.44
115	0	-15	197.935
117.5	0	-15	198.684
120	0	-15	199.438
122.5	0	-15	200.542
125	0	-15	199.994
127.5	0	-15	200.82
130	0	-15	200.978
132.5	0	-15	200.561
135	0	-15	201.85
137.5	0	-15	200.654
140	0	-15	199.382
142.5	0	-15	198.127
-141.25	0	-18.75	291.099
-138.75	0	-18.75	291.435
-136.25	0	-18.75	291.983
-133.75	0	-18.75	291.623
-131.25	0	-18.75	290.91
-128.75	0	-18.75	291.211
-126.25	0	-18.75	290.65
-123.75	0	-18.75	290.473
-121.25	0	-18.75	290.172
-118.75	0	-18.75	290.682
-116.25	0	-18.75	289.448
-113.75	0	-18.75	289.623
-111.25	0	-18.75	289.615
-108.75	0	-18.75	289.256
-106.25	0	-18.75	289.173
-103.75	0	-18.75	288.95
-101.25	0	-18.75	288.675
-98.75	0	-18.75	287.929
-96.25	0	-18.75	287.618
-93.75	0	-18.75	286.919
-91.25	0	-18.75	286.504
-88.75	0	-18.75	285.893
-86.25	0	-18.75	285.744
-83.75	0	-18.75	284.918
-81.25	0	-18.75	284.483
-78.75	0	-18.75	283.489
-76.25	0	-18.75	282.947
-73.75	0	-18.75	281.806
-71.25	0	-18.75	280.664
-68.75	0	-18.75	279.717
-66.25	0	-18.75	278.915
-63.75	0	-18.75	277.676
-61.25	0	-18.75	276.866
-58.75	0	-18.75	275.499
-56.25	0	-18.75	274.331
-53.75	0	-18.75	273.176
-51.25	0	-18.75	272.597
-48.75	0	-18.75	271.726
-46.25	0	-18.75	270.852
-43.75	0	-18.75	269.935
-41.25	0	-18.75	269.065
-38.75	0	-18.75	267.383
-36.25	0	-18.75	265.59
-33.75	0	-18.75	263.19
-31.25	0	-18.75	261.31
-28.75	0	-18.75	259.102
-26.25	0	-18.75	256.836
-23.75	0	-18.75	254.083
-21.25	0	-18.75	250.84
-18.75	0	-18.75	247.026
-16.25	0	-18.75	242.365
-13.75	0	-18.75	237.512
-11.25	0	-18.75	232.146
-8.75	0	-18.75	227.051
-6.25	0	-18.75	221.885
-3.75	0	-18.75	217.24
-1.25	0	-18.75	213.08
1.25	0	-18.75	209.764
3.75	0	-18.75	206.511
6.25	0	-18.75	203.912
8.75	0	-18.75	201.567
11.25	0	-18.75	199.846
13.75	0	-18.75	197.749
16.25	0	-18.75	196.14
18.75	0	-18.75	194.327
21.25	0	-18.75	192.606
23.75	0	-18.75	190.59
26.25	0	-18.75	189.745
28.75	0	-18.75	188.575
31.25	0	-18.75	187.312
33.75	0	-18.75	186.606
36.25	0	-18.75	185.632
38.75	0	-18.75	183.989
41.25	0	-18.75	182.063
43.75	0	-18.75	179.607
46.25	0	-18.75	176.892
48.75	0	-18.75	174.635
51.25	0	-18.75	172.962
53.75	0	-18.75	171.696
56.25	0	-18.75	171.425
58.75	0	-18.75	172.815
61.25	0	-18.75	174.072
63.75	0	-18.75	175.927
66.25	0	-18.75	178.517
68.75	0	-18.75	180.601
71.25	0	-18.75	181.906
73.75	0	-18.75	184.265
76.25	0	-18.75	185.292
78.75	0	-18.75	185.879
81.25	0	-18.75	186.158
83.75	0	-18.75	187.272
86.25	0	-18.75	187.408
88.75	0	-18.75	188.336
91.25	0	-18.75	189.069
93.75	0	-18.75	190.57
96.25	0	-18.75	190.904
98.75	0	-18.75	192.6
101.25	0	-18.75	192.792
103.75	0	-18.75	193.864
106.25	0	-18.75	193.434
108.75	0	-18.75	194.492
111.25	0	-18.75	195.101
113.75	0	-18.75	196.204
116.25	0	-18.75	196.382
118.75	0	-18.75	197.339
121.25	0	-18.75	198.196
123.75	0	-18.75	198.266
126.25	0	-18.75	198.847
128.75	0	-18.75	198.693
131.25	0	-18.75	198.749
133.75	0	-18.75	197.846
136.25	0	-18.75	197.728
138.75	0	-18.75	195.81
-137.5	0	-22.5	319.452
-135	0	-22.5	320.547
-132.5	0	-22.5	320.298
-130	0	-22.5	321.064
-127.5	0	-22.5	321.261
-125	0	-22.5	320.912
-122.5	0	-22.5	320.887
-120	0	-22.5	320.79
-117.5	0	-22.5	320.911
-115	0	-22.5	320.421
-112.5	0	-22.5	319.48
-110	0	-22.5	319.326
-107.5	0	-22.5	319.076
-105	0	-22.5	318.253
-102.5	0	-22.5	317.876
-100	0	-22.5	316.707
-97.5	0	-22.5	316.278
-95	0	-22.5	315.354
-92.5	0	-22.5	314.18
-90	0	-22.5	313.487
-87.5	0	-22.5	312.377
-85	0	-22.5	311.86
-82.5	0	-22.5	310.327
-80	0	-22.5	309.761
-77.5	0	-22.5	308.638
-75	0	-22.5	307.792
-72.5	0	-22.5	306.553
-70	0	-22.5	305.052
-67.5	0	-22.5	303.969
-65	0	-22.5	302.241
-62.5	0	-22.5	300.839
-60	0	-22.5	298.948
-57.5	0	-22.5	297.468
-55	0	-22.5	295.511
-52.5	0	-22.5	293.874
-50	0	-22.5	292.229
-47.5	0	-22.5	289.918
-45	0	-22.5	288.071
-42.5	0	-22.5	285.58
-40	0	-22.5	283.557
-37.5	0	-22.5	280.874
-35	0	-22.5	278.793
-32.5	0	-22.5	276.971
-30	0	-22.5	275.057
-27.5	0	-22.5	272.809
-25	0	-22.5	269.832
-22.5	0	-22.5	266.959
-20	0	-22.5	262.541
-17.5	0	-22.5	257.628
-15	0	-22.5	252.327
-12.5	0	-22.5	246.469
-10	0	-22.5	240.666
-7.5	0	-22.5	234.306
-5	0	-22.5	228.77
-2.5	0	-22.5	223.851
0	0	-22.5	219.373
2.5	0	-22.5	214.403
5	0	-22.5	210.005
7.5	0	-22.5	206.17
10	0	-22.5	202.008
12.5	0	-22.5	198.269
15	0	-22.5	194.899
17.5	0	-22.5	192.138
20	0	-22.5	189.298
22.5	0	-22.5	186.518
25	0	-22.5	184.498
27.5	0	-22.5	183.176
30	0	-22.5	182.261
32.5	0	-22.5	180.752
35	0	-22.5	179.064
37.5	0	-22.5	177.569
40	0	-22.5	175.319
42.5	0	-22.5	172.55
45	0	-22.5	169.776
47.5	0	-22.5	166.992
50	0	-22.5	164.386
52.5	0	-22.5	162.453
55	0	-22.5	161.811
57.5	0	-22.5	162.268
60	0	-22.5	163.422
62.5	0	-22.5	165.447
65	0	-22.5	167.85
67.5	0	-22.5	170.465
70	0	-22.5	173.125
72.5	0	-22.5	174.855
75	0	-22.5	176.696
77.5	0	-22.5	177.914
80	0	-22.5	178.386
82.5	0	-22.5	179.416
85	0	-22.5	180.114
87.5	0	-22.5	181.369
90	0	-22.5	182.511
92.5	0	-22.5	183.667
95	0	-22.5	185.723
97.5	0	-22.5	186.942
100	0	-22.5	189.023
102.5	0	-22.5	189.979
105	0	-22.5	190.738
107.5	0	-22.5	192.546
110	0	-22.5	193.219
112.5	0	-22.5	194.54
115	0	-22.5	194.702
117.5	0	-22.5	195.664
120	0	-22.5	196.777
122.5	0	-22.5	196.752
125	0	-22.5	197.099
127.5	0	-22.5	197.269
130	0	-22.5	197.335
132.5	0	-22.5	196.219
135	0	-22.5	194.849
-133.75	0	-26.25	347.801
-131.25	0	-26.25	348.336
-128.75	0	-26.25	349.226
-126.25	0	-26.25	350.13
-123.75	0	-26.25	349.774
-121.25	0	-26.25	350.075
-118.75	0	-26.25	349.886
-116.25	0	-26.25	349.669
-113.75	0	-26.25	349.089
-111.25	0	-26.25	348.183
-108.75	0	-26.25	347.492
-106.25	0	-26.25	346.846
-103.75	0	-26.25	345.604
-101.25	0	-26.25	344.706
-98.75	0	-26.25	343.599
-96.25	0	-26.25	342.284
-93.75	0	-26.25	341.259
-91.25	0	-26.25	339.881
-88.75	0	-26.25	338.684
-86.25	0	-26.25	337.629
-83.75	0	-26.25	336.568
-81.25	0	-26.25	335.107
-78.75	0	-26.25	334.238
-76.25	0	-26.25	332.857
-73.75	0	-26.25	331.926
-71.25	0	-26.25	330.23
-68.75	0	-26.25	328.518
-66.25	0	-26.25	326.6
-63.75	0	-26.25	324.775
-61.25	0	-26.25	322.248
-58.75	0	-26.25	319.777
-56.25	0	-26.25	317.096
-53.75	0	-26.25	314.242
-51.25	0	-26.25	311.155
-48.75	0	-26.25	307.785
-46.25	0	-26.25	304.375
-43.75	0	-26.25	301.271
-41.25	0	-26.25	298.359
-38.75	0	-26.25	295.944
-36.25	0	-26.25	293.528
-33.75	0	-26.25	291.972
-31.25	0	-26.25	290.08
-28.75	0	-26.25	288.051
-26.25	0	-26.25	285.316
-23.75	0	-26.25	281.892
-21.25	0	-26.25	277.622
-18.75	0	-26.25	272.801
-16.25	0	-26.25	267.277
-13.75	0	-26.25	260.787
-11.25	0	-26.25	254.286
-8.75	0	-26.25	247.276
-6.25	0	-26.25	240.962
-3.75	0	-26.25	234.821
-1.25	0	-26.25	229.015
1.25	0	-26.25	223.6
3.75	0	-26.25	218.242
6.25	0	-26.25	212.707
8.75	0	-26.25	207.486
11.25	0	-26.25	201.959
13.75	0	-26.25	196.704
16.25	0	-26.25	192.236
18.75	0	-26.25	188.402
21.25	0	-26.25	185.019
23.75	0	-26.25	182.474
26.25	0	-26.25	180.33
28.75	0	-26.25	178.909
31.25	0	-26.25	176.978
33.75	0	-26.25	175.104
36.25	0	-26.25	173.084
38.75	0	-26.25	170.768
41.25	0	-26.25	168.177
43.75	0	-26.25	165.074
46.25	0	-26.25	161.616
48.75	0	-26.25	158.882
51.25	0	-26.25	156.686
53.75	0	-26.25	155.218
56.25	0	-26.25	155.008
58.75	0	-26.25	155.289
61.25	0	-26.25	157.282
63.75	0	-26.25	159.696
66.25	0	-26.25	162.265
68.75	0	-26.25	164.731
71.25	0	-26.25	167.058
73.75	0	-26.25	168.878
76.25	0	-26.25	170.949
78.75	0	-26.25	171.939
81.25	0	-26.25	172.801
83.75	0	-26.25	173.485
86.25	0	-26.25	174.699
88.75	0	-26.25	175.728
91.25	0	-26.25	177.487
93.75	0	-26.25	178.803
96.25	0	-26.25	181.229
98.75	0	-26.25	182.898
101.25	0	-26.25	185.379
103.75	0	-26.25	187.262
106.25	0	-26.25	189.289
108.75	0	-26.25	190.627
111.25	0	-26.25	192.177
113.75	0	-26.25	193.019
116.25	0	-26.25	194.31
118.75	0	-26.25	195.519
121.25	0	-26.25	195.607
123.75	0	-26.25	196.304
126.25	0	-26.25	196.175
128.75	0	-26.25	196.012
131.25	0	-26.25	195.606
-130	0	-30	373.995
-127.5	0	-30	375.003
-125	0	-30	375.83
-122.5	0	-30	376.354
-120	0	-30	376.06
-117.5	0	-30	375.856
-115	0	-30	375.858
-112.5	0	-30	374.602
-110	0	-30	374.133
-107.5	0	-30	372.783
-105	0	-30	371.621
-102.5	0	-30	369.996
-100	0	-30	369.078
-97.5	0	-30	367.411
-95	0	-30	365.96
-92.5	0	-30	364.699
-90	0	-30	363.151
-87.5	0	-30	362.291
-85	0	-30	360.646
-82.5	0	-30	359.993
-80	0	-30	358.253
-77.5	0	-30	357.303
-75	0	-30	355.425
-72.5	0	-30	353.788
-70	0	-30	351.998
-67.5	0	-30	349.48
-65	0	-30	347.374
-62.5	0	-30	343.962
-60	0	-30	340.837
-57.5	0	-30	336.737
-55	0	-30	332.813
-52.5	0	-30	328.329
-50	0	-30	323.718
-47.5	0	-30	319.673
-45	0	-30	315.496
-42.5	0	-30	312.559
-40	0	-30	309.761
-37.5	0	-30	308.028
-35	0	-30	306.102
-32.5	0	-30	304.318
-30	0	-30	302.256
-27.5	0	-30	299.33
-25	0	-30	296.15
-22.5	0	-30	291.709
-20	0	-30	287.047
-17.5	0	-30	281.226
-15	0	-30	274.702
-12.5	0	-30	267.602
-10	0	-30	260.022
-7.5	0	-30	252.713
-5	0	-30	245.265
-2.5	0	-30	238.601
0	0	-30	231.82
2.5	0	-30	225.644
5	0	-30	219.514
7.5	0	-30	213.455
10	0	-30	207.408
12.5	0	-30	201.112
15	0	-30	195.616
17.5	0	-30	190.578
20	0	-30	186.503
22.5	0	-30	183.328
25	0	-30	180.614
27.5	0	-30	178.014
30	0	-30	175.808
32.5	0	-30	173.46
35	0	-30	171.034
37.5	0	-30	168.805
40	0	-30	165.818
42.5	0	-30	162.318
45	0	-30	158.884
47.5	0	-30	155.962
50	0	-30	153.376
52.5	0	-30	151.436
55	0	-30	150.511
57.5	0	-30	150.388
60	0	-30	151.18
62.5	0	-30	153.638
65	0	-30	156.082
67.5	0	-30	158.381
70	0	-30	160.727
72.5	0	-30	162.646
75	0	-30	164.595
77.5	0	-30	166.375
80	0	-30	167.782
82.5	0	-30	168.395
85	0	-30	169.065
87.5	0	-30	170.074
90	0	-30	171.136
92.5	0	-30	172.846
95	0	-30	174.642
97.5	0	-30	176.697
100	0	-30	179.13
102.5	0	-30	181.729
105	0	-30	184.342
107.5	0	-30	186.378
110	0	-30	188.757
112.5	0	-30	190.259
115	0	-30	192.213
117.5	0	-30	193.359
120	0	-30	194.388
122.5	0	-30	195.093
125	0	-30	195.177
127.5	0	-30	195.587
-126.25	0	-33.75	397.555
-123.75	0	-33.75	398.347
-121.25	0	-33.75	398.346
-118.75	0	-33.75	398.699
-116.25	0	-33.75	398.358
-113.75	0	-33.75	398.023
-111.25	0	-33.75	397.165
-108.75	0	-33.75	395.825
-106.25	0	-33.75	394.692
-103.75	0	-33.75	393.066
-101.25	0	-33.75	391.328
-98.75	0	-33.75	390.09
-96.25	0	-33.75	388.489
-93.75	0	-33.75	386.986
-91.25	0	-33.75	385.7
-88.75	0	-33.75	384.411
-86.25	0	-33.75	383.286
-83.75	0	-33.75	382.096
-81.25	0	-33.75	381.069
-78.75	0	-33.75	379.306
-76.25	0	-33.75	377.575
-73.75	0	-33.75	375.361
-71.25	0	-33.75	373.194
-68.75	0	-33.75	370.387
-66.25	0	-33.75	367.337
-63.75	0	-33.75	363.624
-61.25	0	-33.75	359.286
-58.75	0	-33.75	354.161
-56.25	0	-33.75	349.038
-53.75	0	-33.75	343.59
-51.25	0	-33.75	338.183
-48.75	0	-33.75	333.283
-46.25	0	-33.75	329.172
-43.75	0	-33.75	325.695
-41.25	0	-33.75	323.105
-38.75	0	-33.75	321.003
-36.25	0	-33.75	319.505
-33.75	0	-33.75	317.671
-31.25	0	-33.75	315.347
-28.75	0	-33.75	312.398
-26.25	0	-33.75	309.014
-23.75	0	-33.75	304.773
-21.25	0	-33.75	299.853
-18.75	0	-33.75	294.105
-16.25	0	-33.75	287.454
-13.75	0	-33.75	280.208
-11.25	0	-33.75	272.113
-8.75	0	-33.75	263.772
-6.25	0	-33.75	255.386
-3.75	0	-33.75	247.292
-1.25	0	-33.75	239.382
1.25	0	-33.75	232.03
3.75	0	-33.75	225.104
6.25	0	-33.75	218.61
8.75	0	-33.75	212.266
11.25	0	-33.75	206.345
13.75	0	-33.75	200.694
16.25	0	-33.75	195.414
18.75	0	-33.75	190.93
21.25	0	-33.75	187.061
23.75	0	-33.75	183.408
26.25	0	-33.75	180.312
28.75	0	-33.75	177.147
31.25	0	-33.75	174.435
33.75	0	-33.75	171.746
36.25	0	-33.75	168.662
38.75	0	-33.75	165.333
41.25	0	-33.75	161.899
43.75	0	-33.75	158.216
46.25	0	-33.75	154.993
48.75	0	-33.75	152.02
51.25	0	-33.75	149.771
53.75	0	-33.75	148.425
56.25	0	-33.75	147.35
58.75	0	-33.75	147.973
61.25	0	-33.75	149.286
63.75	0	-33.75	151.379
66.25	0	-33.75	153.752
68.75	0	-33.75	155.9
71.25	0	-33.75	158.007
73.75	0	-33.75	159.979
76.25	0	-33.75	161.425
78.75	0	-33.75	163.469
81.25	0	-33.75	164.344
83.75	0	-33.75	165.143
86.25	0	-33.75	165.615
88.75	0	-33.75	166.469
91.25	0	-33.75	167.406
93.75	0	-33.75	168.843
96.25	0	-33.75	170.719
98.75	0	-33.75	172.994
101.25	0	-33.75	174.812
103.75	0	-33.75	177.71
106.25	0	-33.75	180.441
108.75	0	-33.75	183.42
111.25	0	-33.75	185.988
113.75	0	-33.75	188.139
116.25	0	-33.75	190.459
118.75	0	-33.75	191.53
121.25	0	-33.75	192.813
123.75	0	-33.75	194.046
-122.5	0	-37.5	416.922
-120	0	-37.5	416.801
-117.5	0	-37.5	417.108
-115	0	-37.5	416.771
-112.5	0	-37.5	416.767
-110	0	-37.5	415.332
-107.5	0	-37.5	414.368
-105	0	-37.5	412.506
-102.5	0	-37.5	411.57
-100	0	-37.5	409.646
-97.5	0	-37.5	408.248
-95	0	-37.5	407.003
-92.5	0	-37.5	405.571
-90	0	-37.5	404.731
-87.5	0	-37.5	403.099
-85	0	-37.5	402.323
-82.5	0	-37.5	400.743
-80	0	-37.5	399.471
-77.5	0	-37.5	397.033
-75	0	-37.5	394.944
-72.5	0	-37.5	391.954
-70	0	-37.5	388.653
-67.5	0	-37.5	384.934
-65	0	-37.5	379.973
-62.5	0	-37.5	375.069
-60	0	-37.5	368.976
-57.5	0	-37.5	363.049
-55	0	-37.5	356.858
-52.5	0	-37.5	351.217
-50	0	-37.5	346.06
-47.5	0	-37.5	341.65
-45	0	-37.5	338.347
-42.5	0	-37.5	335.339
-40	0	-37.5	333.345
-37.5	0	-37.5	331.531
-35	0	-37.5	329.811
-32.5	0	-37.5	327.383
-30	0	-37.5	324.485
-27.5	0	-37.5	320.967
-25	0	-37.5	316.466
-22.5	0	-37.5	311.461
-20	0	-37.5	305.479
-17.5	0	-37.5	299.116
-15	0	-37.5	291.642
-12.5	0	-37.5	283.185
-10	0	-37.5	274.231
-7.5	0	-37.5	264.946
-5	0	-37.5	255.669
-2.5	0	-37.5	246.351
0	0	-37.5	237.915
2.5	0	-37.5	229.998
5	0	-37.5	223.056
7.5	0	-37.5	216.488
10	0	-37.5	210.686
12.5	0	-37.5	205.761
15	0	-37.5	201.037
17.5	0	-37.5	196.703
20	0	-37.5	192.515
22.5	0	-37.5	188.862
25	0	-37.5	185.036
27.5	0	-37.5	181.384
30	0	-37.5	177.873
32.5	0	-37.5	174.528
35	0	-37.5	170.91
37.5	0	-37.5	166.983
40	0	-37.5	163.164
42.5	0	-37.5	159.346
45	0	-37.5	155.847
47.5	0	-37.5	152.448
50	0	-37.5	149.779
52.5	0	-37.5	147.785
55	0	-37.5	146.574
57.5	0	-37.5	146.171
60	0	-37.5	146.943
62.5	0	-37.5	148.333
65	0	-37.5	150.338
67.5	0	-37.5	152.444
70	0	-37.5	154.363
72.5	0	-37.5	156.474
75	0	-37.5	158.213
77.5	0	-37.5	159.726
80	0	-37.5	161.025
82.5	0	-37.5	161.97
85	0	-37.5	162.636
87.5	0	-37.5	163.077
90	0	-37.5	163.617
92.5	0	-37.5	164.649
95	0	-37.5	165.715
97.5	0	-37.5	167.101
100	0	-37.5	168.704
102.5	0	-37.5	171.087
105	0	-37.5	173.625
107.5	0	-37.5	176.791
110	0	-37.5	179.442
112.5	0	-37.5	182.723
115	0	-37.5	185.326
117.5	0	-37.5	187.299
120	0	-37.5	189.555
-118.75	0	-41.25	431.688
-116.25	0	-41.25	431.58
-113.75	0	-41.25	431.553
-111.25	0	-41.25	431.428
-108.75	0	-41.25	430.315
-106.25	0	-41.25	429.033
-103.75	0	-41.25	428.146
-101.25	0	-41.25	426.617
-98.75	0	-41.25	425.504
-96.25	0	-41.25	424.381
-93.75	0	-41.25	423.057
-91.25	0	-41.25	422.221
-88.75	0	-41.25	421.107
-86.25	0	-41.25	419.693
-83.75	0	-41.25	418.201
-81.25	0	-41.25	416.437
-78.75	0	-41.25	414.387
-76.25	0	-41.25	411.432
-73.75	0	-41.25	408.219
-71.25	0	-41.25	404.168
-68.75	0	-41.25	399.573
-66.25	0	-41.25	393.976
-63.75	0	-41.25	387.798
-61.25	0	-41.25	381.344
-58.75	0	-41.25	374.979
-56.25	0	-41.25	368.662
-53.75	0	-41.25	362.878
-51.25	0	-41.25	357.782
-48.75	0	-41.25	353.541
-46.25	0	-41.25	349.908
-43.75	0	-41.25	347.03
-41.25	0	-41.25	344.579
-38.75	0	-41.25	342.66
-36.25	0	-41.25	340.664
-33.75	0	-41.25	338.423
-31.25	0	-41.25	335.368
-28.75	0	-41.25	331.716
-26.25	0	-41.25	327.16
-23.75	0	-41.25	321.859
-21.25	0	-41.25	315.978
-18.75	0	-41.25	309.194
-16.25	0	-41.25	301.713
-13.75	0	-41.25	293.284
-11.25	0	-41.25	283.973
-8.75	0	-41.25	274.002
-6.25	0	-41.25	263.712
-3.75	0	-41.25	253.53
-1.25	0	-41.25	243.899
1.25	0	-41.25	235.101
3.75	0	-41.25	227.362
6.25	0	-41.25	220.683
8.75	0	-41.25	214.942
11.25	0	-41.25	210.142
13.75	0	-41.25	206.029
16.25	0	-41.25	202.019
18.75	0	-41.25	198.521
21.25	0	-41.25	194.974
23.75	0	-41.25	191.407
26.25	0	-41.25	187.668
28.75	0	-41.25	183.555
31.25	0	-41.25	179.289
33.75	0	-41.25	175.155
36.25	0	-41.25	170.811
38.75	0	-41.25	166.365
41.25	0	-41.25	162.07
43.75	0	-41.25	158.171
46.25	0	-41.25	154.514
48.75	0	-41.25	151.298
51.25	0	-41.25	148.896
53.75	0	-41.25	146.941
56.25	0	-41.25	146.03
58.75	0	-41.25	146.094
61.25	0	-41.25	146.878
63.75	0	-41.25	148.151
66.25	0	-41.25	150.018
68.75	0	-41.25	151.877
71.25	0	-41.25	153.808
73.75	0	-41.25	155.467
76.25	0	-41.25	157.28
78.75	0	-41.25	158.319
81.25	0	-41.25	159.689
83.75	0	-41.25	160.284
86.25	0	-41.25	160.736
88.75	0	-41.25	161.384
91.25	0	-41.25	161.801
93.75	0	-41.25	162.259
96.25	0	-41.25	162.874
98.75	0	-41.25	163.857
101.25	0	-41.25	165.605
103.75	0	-41.25	167.53
106.25	0	-41.25	170.125
108.75	0	-41.25	172.729
111.25	0	-41.25	175.557
113.75	0	-41.25	178.788
116.25	0	-41.25	181.685
-115	0	-45	443.302
-112.5	0	-45	442.726
-110	0	-45	442.976
-107.5	0	-45	442.151
-105	0	-45	441.606
-102.5	0	-45	440.669
-100	0	-45	440.072
-97.5	0	-45	438.868
-95	0	-45	438.335
-92.5	0	-45	437.49
-90	0	-45	435.934
-87.5	0	-45	434.97
-85	0	-45	433.052
-82.5	0	-45	431.193
-80	0	-45	428.358
-77.5	0	-45	425.47
-75	0	-45	421.392
-72.5	0	-45	416.856
-70	0	-45	411.347
-67.5	0	-45	405.258
-65	0	-45	398.61
-62.5	0	-45	391.661
-60	0	-45	385.295
-57.5	0	-45	379.034
-55	0	-45	373.502
-52.5	0	-45	368.593
-50	0	-45	364.42
-47.5	0	-45	360.72
-45	0	-45	357.753
-42.5	0	-45	355.119
-40	0	-45	352.795
-37.5	0	-45	350.696
-35	0	-45	348.19
-32.5	0	-45	345.226
-30	0	-45	341.261
-27.5	0	-45	336.584
-25	0	-45	331.315
-22.5	0	-45	325.232
-20	0	-45	318.293
-17.5	0	-45	310.643
-15	0	-45	302.162
-12.5	0	-45	292.76
-10	0	-45	282.633
-7.5	0	-45	271.871
-5	0	-45	261.035
-2.5	0	-45	250.637
0	0	-45	241.021
2.5	0	-45	232.73
5	0	-45	225.393
7.5	0	-45	219.549
10	0	-45	214.669
12.5	0	-45	210.415
15	0	-45	206.927
17.5	0	-45	203.658
20	0	-45	200.677
22.5	0	-45	197.669
25	0	-45	194.265
27.5	0	-45	190.166
30	0	-45	185.873
32.5	0	-45	181.057
35	0	-45	176.307
37.5	0	-45	171.385
40	0	-45	166.434
42.5	0	-45	162.147
45	0	-45	157.917
47.5	0	-45	154.36
50	0	-45	151.333
52.5	0	-45	148.824
55	0	-45	147.244
57.5	0	-45	146.658
60	0	-45	146.654
62.5	0	-45	147.438
65	0	-45	148.58
67.5	0	-45	150.204
70	0	-45	151.952
72.5	0	-45	153.483
75	0	-45	155.163
77.5	0	-45	156.534
80	0	-45	157.653
82.5	0	-45	158.674
85	0	-45	159.508
87.5	0	-45	159.733
90	0	-45	160.069
92.5	0	-45	160.15
95	0	-45	160.535
97.5	0	-45	160.865
100	0	-45	161.904
102.5	0	-45	162.933
105	0	-45	164.801
107.5	0	-45	166.639
110	0	-45	169.185
112.5	0	-45	172.19
-111.25	0	-48.75	451.995
-108.75	0	-48.75	451.874
-106.25	0	-48.75	451.979
-103.75	0	-48.75	451.796
-101.25	0	-48.75	451.576
-98.75	0	-48.75	451.146
-96.25	0	-48.75	450.639
-93.75	0	-48.75	449.872
-91.25	0	-48.75	448.804
-88.75	0	-48.75	447.397
-86.25	0	-48.75	445.431
-83.75	0	-48.75	443.126
-81.25	0	-48.75	440.08
-78.75	0	-48.75	436.34
-76.25	0	-48.75	431.946
-73.75	0	-48.75	426.445
-71.25	0	-48.75	420.736
-68.75	0	-48.75	414.054
-66.25	0	-48.75	407.442
-63.75	0	-48.75	400.75
-61.25	0	-48.75	394.294
-58.75	0	-48.75	388.565
-56.25	0	-48.75	383.148
-53.75	0	-48.75	378.411
-51.25	0	-48.75	374.277
-48.75	0	-48.75	370.795
-46.25	0	-48.75	367.521
-43.75	0	-48.75	364.649
-41.25	0	-48.75	362.388
-38.75	0	-48.75	359.779
-36.25	0	-48.75	357.129
-33.75	0	-48.75	353.687
-31.25	0	-48.75	349.834
-28.75	0	-48.75	345.011
-26.25	0	-48.75	339.505
-23.75	0	-48.75	333.252
-21.25	0	-48.75	326.298
-18.75	0	-48.75	318.715
-16.25	0	-48.75	310.011
-13.75	0	-48.75	300.795
-11.25	0	-48.75	290.727
-8.75	0	-48.75	280.1
-6.25	0	-48.75	269.187
-3.75	0	-48.75	258.392
-1.25	0	-48.75	248.41
1.25	0	-48.75	239.313
3.75	0	-48.75	231.61
6.25	0	-48.75	225.034
8.75	0	-48.75	219.651
11.25	0	-48.75	215.266
13.75	0	-48.75	211.537
16.25	0	-48.75	208.577
18.75	0	-48.75	205.708
21.25	0	-48.75	202.906
23.75	0	-48.75	199.808
26.25	0	-48.75	196.428
28.75	0	-48.75	192.444
31.25	0	-48.75	187.882
33.75	0	-48.75	182.874
36.25	0	-48.75	177.661
38.75	0	-48.75	172.474
41.25	0	-48.75	167.408
43.75	0	-48.75	162.873
46.25	0	-48.75	158.772
48.75	0	-48.75	155.187
51.25	0	-48.75	152.073
53.75	0	-48.75	149.836
56.25	0	-48.75	148.563
58.75	0	-48.75	147.879
61.25	0	-48.75	147.822
63.75	0	-48.75	148.453
66.25	0	-48.75	149.308
68.75	0	-48.75	150.801
71.25	0	-48.75	152.113
73.75	0	-48.75	153.762
76.25	0	-48.75	154.973
78.75	0	-48.75	156.238
81.25	0	-48.75	157.441
83.75	0	-48.75	158.382
86.25	0	-48.75	158.959
88.75	0	-48.75	159.099
91.25	0	-48.75	159.249
93.75	0	-48.75	159.371
96.25	0	-48.75	159.564
98.75	0	-48.75	159.844
101.25	0	-48.75	160.462
103.75	0	-48.75	161.316
106.25	0	-48.75	162.362
108.75	0	-48.75	164.484
-107.5	0	-52.5	459.896
-105	0	-52.5	459.75
-102.5	0	-52.5	460.223
-100	0	-52.5	460.5
-97.5	0	-52.5	460.238
-95	0	-52.5	459.599
-92.5	0	-52.5	458.816
-90	0	-52.5	457.164
-87.5	0	-52.5	455.256
-85	0	-52.5	452.612
-82.5	0	-52.5	448.768
-80	0	-52.5	444.766
-77.5	0	-52.5	439.587
-75	0	-52.5	434.009
-72.5	0	-52.5	427.516
-70	0	-52.5	421.195
-67.5	0	-52.5	414.623
-65	0	-52.5	408.426
-62.5	0	-52.5	402.525
-60	0	-52.5	397.076
-57.5	0	-52.5	392.054
-55	0	-52.5	387.449
-52.5	0	-52.5	383.391
-50	0	-52.5	379.649
-47.5	0	-52.5	376.509
-45	0	-52.5	373.531
-42.5	0	-52.5	370.936
-40	0	-52.5	368.155
-37.5	0	-52.5	365.047
-35	0	-52.5	361.393
-32.5	0	-52.5	357.242
-30	0	-52.5	352.352
-27.5	0	-52.5	346.542
-25	0	-52.5	340.279
-22.5	0	-52.5	333.216
-20	0	-52.5	325.598
-17.5	0	-52.5	317.187
-15	0	-52.5	308.165
-12.5	0	-52.5	298.588
-10	0	-52.5	288.43
-7.5	0	-52.5	277.835
-5	0	-52.5	267.283
-2.5	0	-52.5	257.14
0	0	-52.5	247.756
2.5	0	-52.5	239.262
5	0	-52.5	231.889
7.5	0	-52.5	225.867
10	0	-52.5	220.911
12.5	0	-52.5	216.767
15	0	-52.5	213.459
17.5	0	-52.5	210.555
20	0	-52.5	207.587
22.5	0	-52.5	204.582
25	0	-52.5	201.371
27.5	0	-52.5	197.999
30	0	-52.5	193.983
32.5	0	-52.5	189.436
35	0	-52.5	184.354
37.5	0	-52.5	179.182
40	0	-52.5	174.075
42.5	0	-52.5	168.956
45	0	-52.5	164.408
47.5	0	-52.5	160.394
50	0	-52.5	156.744
52.5	0	-52.5	153.822
55	0	-52.5	151.782
57.5	0	-52.5	150.379
60	0	-52.5	149.692
62.5	0	-52.5	149.322
65	0	-52.5	149.629
67.5	0	-52.5	150.321
70	0	-52.5	151.484
72.5	0	-52.5	152.826
75	0	-52.5	153.863
77.5	0	-52.5	155.385
80	0	-52.5	156.434
82.5	0	-52.5	157.392
85	0	-52.5	158.209
87.5	0	-52.5	158.889
90	0	-52.5	159.093
92.5	0	-52.5	159.357
95	0	-52.5	159.042
97.5	0	-52.5	159.429
100	0	-52.5	159.368
102.5	0	-52.5	159.847
105	0	-52.5	160.62
-103.75	0	-56.25	466.553
-101.25	0	-56.25	466.585
-98.75	0	-56.25	466.813
-96.25	0	-56.25	466.833
-93.75	0	-56.25	465.65
-91.25	0	-56.25	464.382
-88.75	0	-56.25	462.183
-86.25	0	-56.25	459.008
-83.75	0	-56.25	455.312
-81.25	0	-56.25	450.42
-78.75	0	-56.25	444.944
-76.25	0	-56.25	439.074
-73.75	0	-56.25	433.177
-71.25	0	-56.25	426.655
-68.75	0	-56.25	420.724
-66.25	0	-56.25	414.893
-63.75	0	-56.25	409.731
-61.25	0	-56.25	404.766
-58.75	0	-56.25	399.869
-56.25	0	-56.25	395.841
-53.75	0	-56.25	391.575
-51.25	0	-56.25	387.99
-48.75	0	-56.25	384.553
-46.25	0	-56.25	381.551
-43.75	0	-56.25	378.682
-41.25	0	-56.25	375.572
-38.75	0	-56.25	372.243
-36.25	0	-56.25	368.127
-33.75	0	-56.25	363.839
-31.25	0	-56.25	358.412
-28.75	0	-56.25	352.777
-26.25	0	-56.25	346.196
-23.75	0	-56.25	339.157
-21.25	0	-56.25	331.699
-18.75	0	-56.25	323.526
-16.25	0	-56.25	315.145
-13.75	0	-56.25	306.135
-11.25	0	-56.25	296.862
-8.75	0	-56.25	287.049
-6.25	0	-56.25	277.057
-3.75	0	-56.25	267.146
-1.25	0	-56.25	257.548
1.25	0	-56.25	248.579
3.75	0	-56.25	240.441
6.25	0	-56.25	233.622
8.75	0	-56.25	227.705
11.25	0	-56.25	223.031
13.75	0	-56.25	219.04
16.25	0	-56.25	215.449
18.75	0	-56.25	212.35
21.25	0	-56.25	209.064
23.75	0	-56.25	205.838
26.25	0	-56.25	202.429
28.75	0	-56.25	198.826
31.25	0	-56.25	194.836
33.75	0	-56.25	190.368
36.25	0	-56.25	185.599
38.75	0	-56.25	180.793
41.25	0	-56.25	175.882
43.75	0	-56.25	170.991
46.25	0	-56.25	166.673
48.75	0	-56.25	162.593
51.25	0	-56.25	159.145
53.75	0	-56.25	156.446
56.25	0	-56.25	154.272
58.75	0	-56.25	152.656
61.25	0	-56.25	151.642
63.75	0	-56.25	150.985
66.25	0	-56.25	151.12
68.75	0	-56.25	151.431
71.25	0	-56.25	152.444
73.75	0	-56.25	153.572
76.25	0	-56.25	154.617
78.75	0	-56.25	155.741
81.25	0	-56.25	156.732
83.75	0	-56.25	157.732
86.25	0	-56.25	158.691
88.75	0	-56.25	159.427
91.25	0	-56.25	159.557
93.75	0	-56.25	159.746
96.25	0	-56.25	159.675
98.75	0	-56.25	159.614
101.25	0	-56.25	160.119
-100	0	-60	471.063
-97.5	0	-60	470.596
-95	0	-60	469.885
-92.5	0	-60	468.404
-90	0	-60	466.166
-87.5	0	-60	462.849
-85	0	-60	458.762
-82.5	0	-60	453.764
-80	0	-60	448.388
-77.5	0	-60	442.738
-75	0	-60	436.798
-72.5	0	-60	431.435
-70	0	-60	425.747
-67.5	0	-60	420.726
-65	0	-60	415.726
-62.5	0	-60	411.339
-60	0	-60	407.043
-57.5	0	-60	402.87
-55	0	-60	399.081
-52.5	0	-60	395.525
-50	0	-60	392.041
-47.5	0	-60	388.751
-45	0	-60	385.614
-42.5	0	-60	382.137
-40	0	-60	378.522
-37.5	0	-60	374.239
-35	0	-60	369.27
-32.5	0	-60	363.782
-30	0	-60	357.844
-27.5	0	-60	351.357
-25	0	-60	344.32
-22.5	0	-60	337.06
-20	0	-60	329.46
-17.5	0	-60	321.718
-15	0	-60	313.58
-12.5	0	-60	305.208
-10	0	-60	296.474
-7.5	0	-60	287.45
-5	0	-60	278.031
-2.5	0	-60	268.51
0	0	-60	259.263
2.5	0	-60	250.613
5	0	-60	242.905
7.5	0	-60	236.184
10	0	-60	230.395
12.5	0	-60	225.492
15	0	-60	221.282
17.5	0	-60	217.433
20	0	-60	213.843
22.5	0	-60	210.2
25	0	-60	206.615
27.5	0	-60	202.972
30	0	-60	199.157
32.5	0	-60	195.13
35	0	-60	190.933
37.5	0	-60	186.623
40	0	-60	182.279
42.5	0	-60	177.839
45	0	-60	173.486
47.5	0	-60	169.263
50	0	-60	165.537
52.5	0	-60	162.336
55	0	-60	159.421
57.5	0	-60	157.082
60	0	-60	155.115
62.5	0	-60	153.768
65	0	-60	152.893
67.5	0	-60	152.558
70	0	-60	153.006
72.5	0	-60	153.525
75	0	-60	154.471
77.5	0	-60	155.306
80	0	-60	156.476
82.5	0	-60	157.542
85	0	-60	158.729
87.5	0	-60	159.51
90	0	-60	160.332
92.5	0	-60	160.39
95	0	-60	160.734
97.5	0	-60	161.001
-96.25	0	-63.75	471.362
-93.75	0	-63.75	469.507
-91.25	0	-63.75	466.937
-88.75	0	-63.75	463.922
-86.25	0	-63.75	459.628
-83.75	0	-63.75	454.885
-81.25	0	-63.75	450.114
-78.75	0	-63.75	444.585
-76.25	0	-63.75	439.876
-73.75	0	-63.75	434.735
-71.25	0	-63.75	430.058
-68.75	0	-63.75	425.373
-66.25	0	-63.75	421.147
-63.75	0	-63.75	416.978
-61.25	0	-63.75	412.872
-58.75	0	-63.75	409.207
-56.25	0	-63.75	405.446
-53.75	0	-63.75	402.21
-51.25	0	-63.75	398.601
-48.75	0	-63.75	395.305
-46.25	0	-63.75	391.715
-43.75	0	-63.75	388.164
-41.25	0	-63.75	384.024
-38.75	0	-63.75	379.209
-36.25	0	-63.75	374.195
-33.75	0	-63.75	368.25
-31.25	0	-63.75	362.202
-28.75	0	-63.75	355.547
-26.25	0	-63.75	349.017
-23.75	0	-63.75	342.044
-21.25	0	-63.75	335.084
-18.75	0	-63.75	328.049
-16.25	0	-63.75	320.902
-13.75	0	-63.75	313.62
-11.25	0	-63.75	305.828
-8.75	0	-63.75	297.852
-6.25	0	-63.75	289.213
-3.75	0	-63.75	280.295
-1.25	0	-63.75	271.067
1.25	0	-63.75	262.05
3.75	0	-63.75	253.732
6.25	0	-63.75	245.954
8.75	0	-63.75	239.2
11.25	0	-63.75	233.206
13.75	0	-63.75	228.1
16.25	0	-63.75	223.432
18.75	0	-63.75	219.12
21.25	0	-63.75	215.074
23.75	0	-63.75	211.006
26.25	0	-63.75	207.027
28.75	0	-63.75	203.099
31.25	0	-63.75	199.205
33.75	0	-63.75	195.195
36.25	0	-63.75	191.348
38.75	0	-63.75	187.439
41.25	0	-63.75	183.709
43.75	0	-63.75	179.976
46.25	0	-63.75	175.982
48.75	0	-63.75	172.417
51.25	0	-63.75	168.974
53.75	0	-63.75	165.724
56.25	0	-63.75	162.662
58.75	0	-63.75	160.016
61.25	0	-63.75	157.724
63.75	0	-63.75	156.025
66.25	0	-63.75	154.913
68.75	0	-63.75	154.465
71.25	0	-63.75	154.333
73.75	0	-63.75	154.76
76.25	0	-63.75	155.578
78.75	0	-63.75	156.486
81.25	0	-63.75	157.755
83.75	0	-63.75	158.762
86.25	0	-63.75	159.933
88.75	0	-63.75	160.809
91.25	0	-63.75	161.444
93.75	0	-63.75	162.236
-92.5	0	-67.5	465.672
-90	0	-67.5	461.859
-87.5	0	-67.5	458.208
-85	0	-67.5	454.181
-82.5	0	-67.5	449.809
-80	0	-67.5	445.558
-77.5	0	-67.5	441.398
-75	0	-67.5	437.131
-72.5	0	-67.5	433.213
-70	0	-67.5	429.333
-67.5	0	-67.5	425.222
-65	0	-67.5	421.712
-62.5	0	-67.5	417.894
-60	0	-67.5	414.498
-57.5	0	-67.5	410.982
-55	0	-67.5	407.634
-52.5	0	-67.5	404.324
-50	0	-67.5	400.796
-47.5	0	-67.5	397.214
-45	0	-67.5	393.324
-42.5	0	-67.5	388.796
-40	0	-67.5	383.756
-37.5	0	-67.5	378.209
-35	0	-67.5	372.156
-32.5	0	-67.5	365.848
-30	0	-67.5	359.474
-27.5	0	-67.5	353.085
-25	0	-67.5	346.841
-22.5	0	-67.5	340.535
-20	0	-67.5	334.35
-17.5	0	-67.5	328.155
-15	0	-67.5	321.805
-12.5	0	-67.5	315.116
-10	0	-67.5	307.947
-7.5	0	-67.5	300.32
-5	0	-67.5	292.157
-2.5	0	-67.5	283.4
0	0	-67.5	274.479
2.5	0	-67.5	265.601
5	0	-67.5	257.096
7.5	0	-67.5	249.239
10	0	-67.5	242.274
12.5	0	-67.5	236.078
15	0	-67.5	230.513
17.5	0	-67.5	225.387
20	0	-67.5	220.521
22.5	0	-67.5	216.033
25	0	-67.5	211.558
27.5	0	-67.5	207.218
30	0	-67.5	203.04
32.5	0	-67.5	199.099
35	0	-67.5	195.365
37.5	0	-67.5	191.737
40	0	-67.5	188.292
42.5	0	-67.5	185.21
45	0	-67.5	182.002
47.5	0	-67.5	178.74
50	0	-67.5	175.687
52.5	0	-67.5	172.468
55	0	-67.5	169.218
57.5	0	-67.5	165.968
60	0	-67.5	162.926
62.5	0	-67.5	160.544
65	0	-67.5	158.434
67.5	0	-67.5	157.074
70	0	-67.5	156.117
72.5	0	-67.5	155.997
75	0	-67.5	156.361
77.5	0	-67.5	157.21
80	0	-67.5	157.984
82.5	0	-67.5	159.32
85	0	-67.5	160.328
87.5	0	-67.5	161.471
90	0	-67.5	162.703
-88.75	0	-71.25	455.124
-86.25	0	-71.25	451.445
-83.75	0	-71.25	448.147
-81.25	0	-71.25	444.912
-78.75	0	-71.25	441.777
-76.25	0	-71.25	438.293
-73.75	0	-71.25	435.241
-71.25	0	-71.25	431.68
-68.75	0	-71.25	428.702
-66.25	0	-71.25	425.203
-63.75	0	-71.25	421.865
-61.25	0	-71.25	418.767
-58.75	0	-71.25	415.521
-56.25	0	-71.25	412.333
-53.75	0	-71.25	408.7
-51.25	0	-71.25	405.487
-48.75	0	-71.25	401.712
-46.25	0	-71.25	397.58
-43.75	0	-71.25	392.842
-41.25	0	-71.25	387.68
-38.75	0	-71.25	381.785
-36.25	0	-71.25	375.571
-33.75	0	-71.25	369.338
-31.25	0	-71.25	362.98
-28.75	0	-71.25	357.156
-26.25	0	-71.25	351.366
-23.75	0	-71.25	346.002
-21.25	0	-71.25	340.507
-18.75	0	-71.25	335.309
-16.25	0	-71.25	329.806
-13.75	0	-71.25	323.962
-11.25	0	-71.25	317.782
-8.75	0	-71.25	310.975
-6.25	0	-71.25	303.735
-3.75	0	-71.25	295.675
-1.25	0	-71.25	287.084
1.25	0	-71.25	278.139
3.75	0	-71.25	269.182
6.25	0	-71.25	260.569
8.75	0	-71.25	252.531
11.25	0	-71.25	245.31
13.75	0	-71.25	238.653
16.25	0	-71.25	232.707
18.75	0	-71.25	227.013
21.25	0	-71.25	221.77
23.75	0	-71.25	216.76
26.25	0	-71.25	211.908
28.75	0	-71.25	207.321
31.25	0	-71.25	203.003
33.75	0	-71.25	199.21
36.25	0	-71.25	195.588
38.75	0	-71.25	192.368
41.25	0	-71.25	189.425
43.75	0	-71.25	186.659
46.25	0	-71.25	184.131
48.75	0	-71.25	181.509
51.25	0	-71.25	178.848
53.75	0	-71.25	175.818
56.25	0	-71.25	172.543
58.75	0	-71.25	169.233
61.25	0	-71.25	166.036
63.75	0	-71.25	163.164
66.25	0	-71.25	160.91
68.75	0	-71.25	159.182
71.25	0	-71.25	158.26
73.75	0	-71.25	158.035
76.25	0	-71.25	158.227
78.75	0	-71.25	159.091
81.25	0	-71.25	159.896
83.75	0	-71.25	161.105
86.25	0	-71.25	162.594
-85	0	-75	445.543
-82.5	0	-75	442.731
-80	0	-75	440.517
-77.5	0	-75	438.253
-75	0	-75	435.659
-72.5	0	-75	433.017
-70	0	-75	430.44
-67.5	0	-75	427.665
-65	0	-75	424.804
-62.5	0	-75	422.004
-60	0	-75	418.745
-57.5	0	-75	415.857
-55	0	-75	412.544
-52.5	0	-75	408.994
-50	0	-75	405.163
-47.5	0	-75	400.972
-45	0	-75	396.191
-42.5	0	-75	390.771
-40	0	-75	384.95
-37.5	0	-75	378.848
-35	0	-75	372.657
-32.5	0	-75	366.808
-30	0	-75	361.109
-27.5	0	-75	356.042
-25	0	-75	351.222
-22.5	0	-75	346.76
-20	0	-75	342.156
-17.5	0	-75	337.375
-15	0	-75	332.478
-12.5	0	-75	327.048
-10	0	-75	321.186
-7.5	0	-75	314.641
-5	0	-75	307.406
-2.5	0	-75	299.403
0	0	-75	290.755
2.5	0	-75	281.739
5	0	-75	272.657
7.5	0	-75	263.955
10	0	-75	255.637
12.5	0	-75	248.062
15	0	-75	240.969
17.5	0	-75	234.507
20	0	-75	228.497
22.5	0	-75	222.711
25	0	-75	217.397
27.5	0	-75	212.185
30	0	-75	207.483
32.5	0	-75	203.263
35	0	-75	199.505
37.5	0	-75	196.197
40	0	-75	193.307
42.5	0	-75	190.65
45	0	-75	188.403
47.5	0	-75	186.391
50	0	-75	184.11
52.5	0	-75	181.687
55	0	-75	178.962
57.5	0	-75	175.654
60	0	-75	172.309
62.5	0	-75	168.811
65	0	-75	165.986
67.5	0	-75	163.425
70	0	-75	161.733
72.5	0	-75	160.551
75	0	-75	160.279
77.5	0	-75	160.432
80	0	-75	161.223
82.5	0	-75	162.419
-81.25	0	-78.75	438.364
-78.75	0	-78.75	436.301
-76.25	0	-78.75	434.678
-73.75	0	-78.75	432.77
-71.25	0	-78.75	430.826
-68.75	0	-78.75	428.624
-66.25	0	-78.75	426.508
-63.75	0	-78.75	423.66
-61.25	0	-78.75	421.159
-58.75	0	-78.75	418.245
-56.25	0	-78.75	414.98
-53.75	0	-78.75	411.642
-51.25	0	-78.75	407.733
-48.75	0	-78.75	403.616
-46.25	0	-78.75	398.614
-43.75	0	-78.75	393.37
-41.25	0	-78.75	387.684
-38.75	0	-78.75	381.922
-36.25	0	-78.75	376.12
-33.75	0	-78.75	370.656
-31.25	0	-78.75	365.551
-28.75	0	-78.75	360.827
-26.25	0	-78.75	356.628
-23.75	0	-78.75	352.568
-21.25	0	-78.75	348.77
-18.75	0	-78.75	344.644
-16.25	0	-78.75	340.386
-13.75	0	-78.75	335.688
-11.25	0	-78.75	330.655
-8.75	0	-78.75	324.871
-6.25	0	-78.75	318.277
-3.75	0	-78.75	311.009
-1.25	0	-78.75	302.983
1.25	0	-78.75	294.285
3.75	0	-78.75	285.114
6.25	0	-78.75	275.944
8.75	0	-78.75	267.016
11.25	0	-78.75	258.423
13.75	0	-78.75	250.447
16.25	0	-78.75	242.938
18.75	0	-78.75	236.091
21.25	0	-78.75	229.607
23.75	0	-78.75	223.566
26.25	0	-78.75	217.909
28.75	0	-78.75	212.619
31.25	0	-78.75	207.913
33.75	0	-78.75	203.772
36.25	0	-78.75	200.221
38.75	0	-78.75	197.174
41.25	0	-78.75	194.478
43.75	0	-78.75	192.256
46.25	0	-78.75	190.458
48.75	0	-78.75	188.591
51.25	0	-78.75	186.607
53.75	0	-78.75	184.312
56.25	0	-78.75	181.583
58.75	0	-78.75	178.429
61.25	0	-78.75	175.034
63.75	0	-78.75	171.795
66.25	0	-78.75	168.744
68.75	0	-78.75	166.14
71.25	0	-78.75	164.33
73.75	0	-78.75	163.095
76.25	0	-78.75	162.726
78.75	0	-78.75	163.26
-77.5	0	-82.5	432.502
-75	0	-82.5	430.889
-72.5	0	-82.5	429.556
-70	0	-82.5	428.194
-67.5	0	-82.5	426.255
-65	0	-82.5	424.322
-62.5	0	-82.5	421.963
-60	0	-82.5	419.334
-57.5	0	-82.5	416.374
-55	0	-82.5	413.155
-52.5	0	-82.5	409.351
-50	0	-82.5	405.246
-47.5	0	-82.5	400.656
-45	0	-82.5	395.534
-42.5	0	-82.5	390.173
-40	0	-82.5	384.849
-37.5	0	-82.5	379.656
-35	0	-82.5	374.714
-32.5	0	-82.5	370.05
-30	0	-82.5	366.031
-27.5	0	-82.5	361.97
-25	0	-82.5	358.445
-22.5	0	-82.5	354.918
-20	0	-82.5	351.47
-17.5	0	-82.5	347.711
-15	0	-82.5	343.699
-12.5	0	-82.5	339.239
-10	0	-82.5	334.069
-7.5	0	-82.5	328.349
-5	0	-82.5	321.679
-2.5	0	-82.5	314.448
0	0	-82.5	306.289
2.5	0	-82.5	297.462
5	0	-82.5	288.281
7.5	0	-82.5	278.842
10	0	-82.5	269.698
12.5	0	-82.5	260.756
15	0	-82.5	252.427
17.5	0	-82.5	244.581
20	0	-82.5	237.338
22.5	0	-82.5	230.582
25	0	-82.5	224.234
27.5	0	-82.5	218.549
30	0	-82.5	213.288
32.5	0	-82.5	208.646
35	0	-82.5	204.626
37.5	0	-82.5	201.355
40	0	-82.5	198.477
42.5	0	-82.5	196.131
45	0	-82.5	194.218
47.5	0	-82.5	192.63
50	0	-82.5	190.896
52.5	0	-82.5	188.856
55	0	-82.5	186.518
57.5	0	-82.5	183.979
60	0	-82.5	180.901
62.5	0	-82.5	177.848
65	0	-82.5	174.376
67.5	0	-82.5	171.548
70	0	-82.5	168.881
72.5	0	-82.5	167.025
75	0	-82.5	166.142
-73.75	0	-86.25	427.301
-71.25	0	-86.25	425.767
-68.75	0	-86.25	424.57
-66.25	0	-86.25	423.162
-63.75	0	-86.25	421.366
-61.25	0	-86.25	418.943
-58.75	0	-86.25	416.527
-56.25	0	-86.25	413.303
-53.75	0	-86.25	410.097
-51.25	0	-86.25	406.26
-48.75	0	-86.25	401.797
-46.25	0	-86.25	397.482
-43.75	0	-86.25	392.663
-41.25	0	-86.25	387.889
-38.75	0	-86.25	383.151
-36.25	0	-86.25	378.876
-33.75	0	-86.25	374.784
-31.25	0	-86.25	371.032
-28.75	0	-86.25	367.446
-26.25	0	-86.25	364.141
-23.75	0	-86.25	360.956
-21.25	0	-86.25	357.759
-18.75	0	-86.25	354.543
-16.25	0	-86.25	350.847
-13.75	0	-86.25	346.916
-11.25	0	-86.25	342.412
-8.75	0	-86.25	337.284
-6.25	0	-86.25	331.403
-3.75	0	-86.25	324.88
-1.25	0	-86.25	317.464
1.25	0	-86.25	309.29
3.75	0	-86.25	300.347
6.25	0	-86.25	290.97
8.75	0	-86.25	281.386
11.25	0	-86.25	271.845
13.75	0	-86.25	262.624
16.25	0	-86.25	253.991
18.75	0	-86.25	245.852
21.25	0	-86.25	238.352
23.75	0	-86.25	231.378
26.25	0	-86.25	225.003
28.75	0	-86.25	219.325
31.25	0	-86.25	214.186
33.75	0	-86.25	209.689
36.25	0	-86.25	205.987
38.75	0	-86.25	202.796
41.25	0	-86.25	200.241
43.75	0	-86.25	198.293
46.25	0	-86.25	196.434
48.75	0	-86.25	194.843
51.25	0	-86.25	193.031
53.75	0	-86.25	190.986
56.25	0	-86.25	188.748
58.75	0	-86.25	186.177
61.25	0	-86.25	183.259
63.75	0	-86.25	180.16
66.25	0	-86.25	176.972
68.75	0	-86.25	174.133
71.25	0	-86.25	171.959
-70	0	-90	421.684
-67.5	0	-90	420.286
-65	0	-90	418.812
-62.5	0	-90	417.357
-60	0	-90	414.96
-57.5	0	-90	412.493
-55	0	-90	409.629
-52.5	0	-90	406.28
-50	0	-90	402.869
-47.5	0	-90	398.94
-45	0	-90	394.922
-42.5	0	-90	390.954
-40	0	-90	386.941
-37.5	0	-90	383.115
-35	0	-90	379.4
-32.5	0	-90	375.999
-30	0	-90	372.698
-27.5	0	-90	369.71
-25	0	-90	366.582
-22.5	0	-90	363.805
-20	0	-90	360.6
-17.5	0	-90	357.425
-15	0	-90	353.736
-12.5	0	-90	349.714
-10	0	-90	345.23
-7.5	0	-90	340.04
-5	0	-90	334.273
-2.5	0	-90	327.537
0	0	-90	320.182
2.5	0	-90	311.881
5	0	-90	302.841
7.5	0	-90	293.211
10	0	-90	283.313
12.5	0	-90	273.548
15	0	-90	264.015
17.5	0	-90	255.133
20	0	-90	246.789
22.5	0	-90	239.179
25	0	-90	232.152
27.5	0	-90	225.867
30	0	-90	220.299
32.5	0	-90	215.342
35	0	-90	211.202
37.5	0	-90	207.571
40	0	-90	204.841
42.5	0	-90	202.515
45	0	-90	200.6
47.5	0	-90	198.763
50	0	-90	197.107
52.5	0	-90	195.245
55	0	-90	193.217
57.5	0	-90	190.782
60	0	-90	188.351
62.5	0	-90	185.278
65	0	-90	182.362
67.5	0	-90	179.605
-66.25	0	-93.75	415.412
-63.75	0	-93.75	413.7
-61.25	0	-93.75	412.211
-58.75	0	-93.75	410.264
-56.25	0	-93.75	408.137
-53.75	0	-93.75	405.66
-51.25	0	-93.75	403.164
-48.75	0	-93.75	400.084
-46.25	0	-93.75	397.095
-43.75	0	-93.75	393.938
-41.25	0	-93.75	390.508
-38.75	0	-93.75	387.352
-36.25	0	-93.75	383.984
-33.75	0	-93.75	380.911
-31.25	0	-93.75	377.702
-28.75	0	-93.75	374.84
-26.25	0	-93.75	372.046
-23.75	0	-93.75	369.131
-21.25	0	-93.75	366.196
-18.75	0	-93.75	363.166
-16.25	0	-93.75	359.887
-13.75	0	-93.75	356.22
-11.25	0	-93.75	352.16
-8.75	0	-93.75	347.567
-6.25	0	-93.75	342.513
-3.75	0	-93.75	336.603
-1.25	0	-93.75	329.939
1.25	0	-93.75	322.409
3.75	0	-93.75	314.071
6.25	0	-93.75	304.773
8.75	0	-93.75	294.911
11.25	0	-93.75	284.724
13.75	0	-93.75	274.702
16.25	0	-93.75	264.992
18.75	0	-93.75	255.914
21.25	0	-93.75	247.466
23.75	0	-93.75	239.85
26.25	0	-93.75	233.001
28.75	0	-93.75	226.848
31.25	0	-93.75	221.527
33.75	0	-93.75	216.881
36.25	0	-93.75	212.949
38.75	0	-93.75	209.746
41.25	0	-93.75	207.226
43.75	0	-93.75	205.013
46.25	0	-93.75	203.114
48.75	0	-93.75	201.27
51.25	0	-93.75	199.529
53.75	0	-93.75	197.514
56.25	0	-93.75	195.313
58.75	0	-93.75	192.919
61.25	0	-93.75	190.242
63.75	0	-93.75	187.595
-62.5	0	-97.5	408.347
-60	0	-97.5	406.9
-57.5	0	-97.5	405.542
-55	0	-97.5	404.365
-52.5	0	-97.5	402.642
-50	0	-97.5	400.87
-47.5	0	-97.5	398.92
-45	0	-97.5	396.382
-42.5	0	-97.5	394.073
-40	0	-97.5	391.234
-37.5	0	-97.5	388.279
-35	0	-97.5	385.515
-32.5	0	-97.5	382.586
-30	0	-97.5	379.78
-27.5	0	-97.5	376.813
-25	0	-97.5	374.093
-22.5	0	-97.5	371.103
-20	0	-97.5	368.279
-17.5	0	-97.5	365.131
-15	0	-97.5	362.014
-12.5	0	-97.5	358.209
-10	0	-97.5	354.193
-7.5	0	-97.5	349.655
-5	0	-97.5	344.452
-2.5	0	-97.5	338.62
0	0	-97.5	331.831
2.5	0	-97.5	324.272
5	0	-97.5	315.615
7.5	0	-97.5	306.173
10	0	-97.5	295.999
12.5	0	-97.5	285.646
15	0	-97.5	275.402
17.5	0	-97.5	265.519
20	0	-97.5	256.407
22.5	0	-97.5	247.957
25	0	-97.5	240.557
27.5	0	-97.5	233.876
30	0	-97.5	228.02
32.5	0	-97.5	223.107
35	0	-97.5	218.679
37.5	0	-97.5	215.131
40	0	-97.5	212.21
42.5	0	-97.5	209.907
45	0	-97.5	207.766
47.5	0	-97.5	205.891
50	0	-97.5	203.804
52.5	0	-97.5	202.012
55	0	-97.5	199.774
57.5	0	-97.5	197.514
60	0	-97.5	195.133
-58.75	0	-101.25	402.795
-56.25	0	-101.25	401.914
-53.75	0	-101.25	401.605
-51.25	0	-101.25	400.954
-48.75	0	-101.25	399.988
-46.25	0	-101.25	398.573
-43.75	0	-101.25	396.8
-41.25	0	-101.25	394.625
-38.75	0	-101.25	392.308
-36.25	0	-101.25	389.742
-33.75	0	-101.25	386.887
-31.25	0	-101.25	384.278
-28.75	0	-101.25	381.345
-26.25	0	-101.25	378.481
-23.75	0	-101.25	375.526
-21.25	0	-101.25	372.647
-18.75	0	-101.25	369.799
-16.25	0	-101.25	366.757
-13.75	0	-101.25	363.527
-11.25	0	-101.25	359.885
-8.75	0	-101.25	355.858
-6.25	0	-101.25	351.306
-3.75	0	-101.25	346.088
-1.25	0	-101.25	340.121
1.25	0	-101.25	333.292
3.75	0	-101.25	325.487
6.25	0	-101.25	316.673
8.75	0	-101.25	306.873
11.25	0	-101.25	296.63
13.75	0	-101.25	286.004
16.25	0	-101.25	275.68
18.75	0	-101.25	265.72
21.25	0	-101.25	256.663
23.75	0	-101.25	248.484
26.25	0	-101.25	241.22
28.75	0	-101.25	234.949
31.25	0	-101.25	229.476
33.75	0	-101.25	224.828
36.25	0	-101.25	220.833
38.75	0	-101.25	217.684
41.25	0	-101.25	215.01
43.75	0	-101.25	212.812
46.25	0	-101.25	210.655
48.75	0	-101.25	208.645
51.25	0	-101.25	206.522
53.75	0	-101.25	204.41
56.25	0	-101.25	202.425
-55	0	-105	400.163
-52.5	0	-105	400.238
-50	0	-105	400.221
-47.5	0	-105	399.851
-45	0	-105	398.836
-42.5	0	-105	397.292
-40	0	-105	395.596
-37.5	0	-105	393.236
-35	0	-105	390.85
-32.5	0	-105	388.131
-30	0	-105	385.227
-27.5	0	-105	382.456
-25	0	-105	379.468
-22.5	0	-105	376.672
-20	0	-105	373.62
-17.5	0	-105	370.918
-15	0	-105	367.836
-12.5	0	-105	364.745
-10	0	-105	361.105
-7.5	0	-105	357.162
-5	0	-105	352.53
-2.5	0	-105	347.284
0	0	-105	341.211
2.5	0	-105	334.107
5	0	-105	326.144
7.5	0	-105	317.055
10	0	-105	307.14
12.5	0	-105	296.587
15	0	-105	285.971
17.5	0	-105	275.562
20	0	-105	265.74
22.5	0	-105	256.876
25	0	-105	248.959
27.5	0	-105	242.1
30	0	-105	236.18
32.5	0	-105	231.041
35	0	-105	226.899
37.5	0	-105	223.4
40	0	-105	220.519
42.5	0	-105	217.941
45	0	-105	215.808
47.5	0	-105	213.539
50	0	-105	211.504
52.5	0	-105	209.373
-51.25	0	-108.75	400.117
-48.75	0	-108.75	399.981
-46.25	0	-108.75	399.842
-43.75	0	-108.75	399.154
-41.25	0	-108.75	397.748
-38.75	0	-108.75	396.056
-36.25	0	-108.75	393.866
-33.75	0	-108.75	391.259
-31.25	0	-108.75	388.645
-28.75	0	-108.75	385.853
-26.25	0	-108.75	382.826
-23.75	0	-108.75	380.057
-21.25	0	-108.75	377.236
-18.75	0	-108.75	374.36
-16.25	0	-108.75	371.505
-13.75	0	-108.75	368.591
-11.25	0	-108.75	365.545
-8.75	0	-108.75	361.969
-6.25	0	-108.75	357.935
-3.75	0	-108.75	353.394
-1.25	0	-108.75	347.956
1.25	0	-108.75	341.721
3.75	0	-108.75	334.412
6.25	0	-108.75	326.109
8.75	0	-108.75	316.905
11.25	0	-108.75	306.754
13.75	0	-108.75	296.208
16.25	0	-108.75	285.47
18.75	0	-108.75	275.252
21.25	0	-108.75	265.681
23.75	0	-108.75	257.108
26.25	0	-108.75	249.528
28.75	0	-108.75	243.091
31.25	0	-108.75	237.597
33.75	0	-108.75	232.979
36.25	0	-108.75	229.361
38.75	0	-108.75	226.096
41.25	0	-108.75	223.458
43.75	0	-108.75	220.956
46.25	0	-108.75	218.754
48.75	0	-108.75	216.726
-47.5	0	-112.5	400.204
-45	0	-112.5	399.693
-42.5	0	-112.5	398.941
-40	0	-112.5	397.663
-37.5	0	-112.5	395.868
-35	0	-112.5	393.644
-32.5	0	-112.5	391.261
-30	0	-112.5	388.446
-27.5	0	-112.5	385.787
-25	0	-112.5	382.977
-22.5	0	-112.5	380.032
-20	0	-112.5	377.479
-17.5	0	-112.5	374.586
-15	0	-112.5	371.905
-12.5	0	-112.5	368.922
-10	0	-112.5	365.942
-7.5	0	-112.5	362.347
-5	0	-112.5	358.356
-2.5	0	-112.5	353.625
0	0	-112.5	348.153
2.5	0	-112.5	341.593
5	0	-112.5	334.057
7.5	0	-112.5	325.583
10	0	-112.5	316.119
12.5	0	-112.5	305.972
15	0	-112.5	295.346
17.5	0	-112.5	284.862
20	0	-112.5	274.812
22.5	0	-112.5	265.588
25	0	-112.5	257.365
27.5	0	-112.5	250.317
30	0	-112.5	244.284
32.5	0	-112.5	239.35
35	0	-112.5	235.238
37.5	0	-112.5	231.918
40	0	-112.5	228.922
42.5	0	-112.5	226.378
45	0	-112.5	224.124
-43.75	0	-116.25	399.335
-41.25	0	-116.25	398.091
-38.75	0	-116.25	396.658
-36.25	0	-116.25	395.071
-33.75	0	-116.25	392.84
-31.25	0	-116.25	390.443
-28.75	0	-116.25	387.924
-26.25	0	-116.25	385.15
-23.75	0	-116.25	382.579
-21.25	0	-116.25	379.886
-18.75	0	-116.25	377.149
-16.25	0	-116.25	374.522
-13.75	0	-116.25	371.874
-11.25	0	-116.25	368.992
-8.75	0	-116.25	365.852
-6.25	0	-116.25	362.316
-3.75	0	-116.25	358.215
-1.25	0	-116.25	353.369
1.25	0	-116.25	347.577
3.75	0	-116.25	340.905
6.25	0	-116.25	333.121
8.75	0	-116.25	324.483
11.25	0	-116.25	314.943
13.75	0	-116.25	304.754
16.25	0	-116.25	294.337
18.75	0	-116.25	284.063
21.25	0	-116.25	274.383
23.75	0	-116.25	265.513
26.25	0	-116.25	257.908
28.75	0	-116.25	251.257
31.25	0	-116.25	245.789
33.75	0	-116.25	241.38
36.25	0	-116.25	237.601
38.75	0	-116.25	234.581
41.25	0	-116.25	231.908
-40	0	-120	396.909
-37.5	0	-120	395.117
-35	0	-120	393.469
-32.5	0	-120	391.509
-30	0	-120	389.156
-27.5	0	-120	386.743
-25	0	-120	384.348
-22.5	0	-120	381.691
-20	0	-120	379.215
-17.5	0	-120	376.701
-15	0	-120	373.971
-12.5	0	-120	371.484
-10	0	-120	368.559
-7.5	0	-120	365.513
-5	0	-120	361.7
-2.5	0	-120	357.501
0	0	-120	352.408
2.5	0	-120	346.463
5	0	-120	339.538
7.5	0	-120	331.672
10	0	-120	322.941
12.5	0	-120	313.407
15	0	-120	303.355
17.5	0	-120	293.146
20	0	-120	283.277
22.5	0	-120	274.027
25	0	-120	265.772
27.5	0	-120	258.483
30	0	-120	252.52
32.5	0	-120	247.556
35	0	-120	243.536
37.5	0	-120	240.231
-36.25	0	-123.75	393.398
-33.75	0	-123.75	391.436
-31.25	0	-123.75	389.51
-28.75	0	-123.75	387.52
-26.25	0	-123.75	385.224
-23.75	0	-123.75	382.95
-21.25	0	-123.75	380.626
-18.75	0	-123.75	378.069
-16.25	0	-123.75	375.811
-13.75	0	-123.75	373.218
-11.25	0	-123.75	370.562
-8.75	0	-123.75	367.756
-6.25	0	-123.75	364.542
-3.75	0	-123.75	360.666
-1.25	0	-123.75	356.094
1.25	0	-123.75	350.861
3.75	0	-123.75	344.7
6.25	0	-123.75	337.713
8.75	0	-123.75	329.706
11.25	0	-123.75	321.059
13.75	0	-123.75	311.606
16.25	0	-123.75	301.876
18.75	0	-123.75	292.039
21.25	0	-123.75	282.577
23.75	0	-123.75	273.893
26.25	0	-123.75	266.071
28.75	0	-123.75	259.46
31.25	0	-123.75	253.965
33.75	0	-123.75	249.648
-32.5	0	-127.5	389.368
-30	0	-127.5	387.222
-27.5	0	-127.5	385.33
-25	0	-127.5	383.384
-22.5	0	-127.5	381.209
-20	0	-127.5	378.984
-17.5	0	-127.5	376.807
-15	0	-127.5	374.398
-12.5	0	-127.5	371.955
-10	0	-127.5	369.389
-7.5	0	-127.5	366.29
-5	0	-127.5	363.071
-2.5	0	-127.5	358.93
0	0	-127.5	354.22
2.5	0	-127.5	348.707
5	0	-127.5	342.453
7.5	0	-127.5	335.362
10	0	-127.5	327.419
12.5	0	-127.5	318.872
15	0	-127.5	309.843
17.5	0	-127.5	300.406
20	0	-127.5	291.009
22.5	0	-127.5	282.119
25	0	-127.5	273.847
27.5	0	-127.5	266.7
30	0	-127.5	260.793
-28.75	0	-131.25	384.969
-26.25	0	-131.25	382.879
-23.75	0	-131.25	380.994
-21.25	0	-131.25	379.148
-18.75	0	-131.25	377.086
-16.25	0	-131.25	374.899
-13.75	0	-131.25	372.758
-11.25	0	-131.25	370.123
-8.75	0	-131.25	367.608
-6.25	0	-131.25	364.476
-3.75	0	-131.25	360.836
-1.25	0	-131.25	356.68
1.25	0	-131.25	351.748
3.75	0	-131.25	346.149
6.25	0	-131.25	339.689
8.75	0	-131.25	332.698
11.25	0	-131.25	324.921
13.75	0	-131.25	316.742
16.25	0	-131.25	307.947
18.75	0	-131.25	299.081
21.25	0	-131.25	290.179
23.75	0	-131.25	281.778
26.25	0	-131.25	274.31
-25	0	-135	380.441
-22.5	0	-135	378.366
-20	0	-135	376.602
-17.5	0	-135	374.758
-15	0	-135	372.623
-12.5	0	-135	370.462
-10	0	-135	367.994
-7.5	0	-135	365.137
-5	0	-135	361.987
-2.5	0	-135	358.256
0	0	-135	353.737
2.5	0	-135	348.796
5	0	-135	343.115
7.5	0	-135	336.79
10	0	-135	329.831
12.5	0	-135	322.377
15	0	-135	314.523
17.5	0	-135	306.243
20	0	-135	297.854
22.5	0	-135	289.685
-21.25	0	-138.75	375.76
-18.75	0	-138.75	373.702
-16.25	0	-138.75	371.873
-13.75	0	-138.75	369.934
-11.25	0	-138.75	367.696
-8.75	0	-138.75	365.126
-6.25	0	-138.75	362.317
-3.75	0	-138.75	358.787
-1.25	0	-138.75	355.037
1.25	0	-138.75	350.509
3.75	0	-138.75	345.378
6.25	0	-138.75	339.875
8.75	0	-138.75	333.62
11.25	0	-138.75	327.042
13.75	0	-138.75	319.782
16.25	0	-138.75	312.433
18.75	0	-138.75	304.825
-17.5	0	-142.5	370.774
-15	0	-142.5	368.612
-12.5	0	-142.5	366.628
-10	0	-142.5	364.453
-7.5	0	-142.5	361.709
-5	0	-142.5	358.708
-2.5	0	-142.5	355.299
0	0	-142.5	351.285
2.5	0	-142.5	346.873
5	0	-142.5	341.836
7.5	0	-142.5	336.326
10	0	-142.5	330.486
12.5	0	-142.5	324.172
15	0	-142.5	317.579
-13.75	0	-146.25	365.272
-11.25	0	-146.25	362.848
-8.75	0	-146.25	360.488
-6.25	0	-146.25	357.793
-3.75	0	-146.25	354.722
-1.25	0	-146.25	351.205
1.25	0	-146.25	347.355
3.75	0	-146.25	342.825
6.25	0	-146.25	338.069
8.75	0	-146.25	332.926
11.25	0	-146.25	327.378
-10	0	-150	358.908
-7.5	0	-150	356.137
-5	0	-150	353.335
-2.5	0	-150	350.305
0	0	-150	346.801
2.5	0	-150	342.975
5	0	-150	338.813
7.5	0	-150	334.316
-6.25	0	-153.75	351.68
-3.75	0	-153.75	348.511
-1.25	0	-153.75	345.452
1.25	0	-153.75	342.156
3.75	0	-153.75	338.648
-2.5	0	-157.5	343.715
0	0	-157.5	340.566
