# ============================================================
# DC Primary-Propagated Resistivity Section
# Paper: A Comparative Study of Pseudo-dipole Arrays and Standard Arrays
# Based on High-density DC Resistivity Method
# ============================================================
# Column 1: X_Coord (m)       - Horizontal coordinate
# Column 2: Y_Coord           - Profile offset (Y = 0 for 2D)
# Column 3: Z_Coord (m)       - Depth (negative downward)
# Column 4: App_Resistivity   - Primary-propagated resistivity (Ohm-m)

-156.25	0	-3.75	202.31
-153.75	0	-3.75	217.238
-151.25	0	-3.75	212.199
-148.75	0	-3.75	208.025
-146.25	0	-3.75	217.661
-143.75	0	-3.75	194.95
-141.25	0	-3.75	221.795
-138.75	0	-3.75	202.673
-136.25	0	-3.75	208.675
-133.75	0	-3.75	215.579
-131.25	0	-3.75	205.015
-128.75	0	-3.75	217.525
-126.25	0	-3.75	212.162
-123.75	0	-3.75	217.728
-121.25	0	-3.75	214.862
-118.75	0	-3.75	215.178
-116.25	0	-3.75	206.13
-113.75	0	-3.75	218.818
-111.25	0	-3.75	205.709
-108.75	0	-3.75	217.531
-106.25	0	-3.75	215.569
-103.75	0	-3.75	206.706
-101.25	0	-3.75	217.171
-98.75	0	-3.75	204.729
-96.25	0	-3.75	217.15
-93.75	0	-3.75	202.888
-91.25	0	-3.75	221.079
-88.75	0	-3.75	205.261
-86.25	0	-3.75	217.334
-83.75	0	-3.75	215.477
-81.25	0	-3.75	206.695
-78.75	0	-3.75	217.231
-76.25	0	-3.75	206.352
-73.75	0	-3.75	215.316
-71.25	0	-3.75	213.73
-68.75	0	-3.75	217.232
-66.25	0	-3.75	212.105
-63.75	0	-3.75	217.544
-61.25	0	-3.75	215.449
-58.75	0	-3.75	206.562
-56.25	0	-3.75	216.999
-53.75	0	-3.75	204.537
-51.25	0	-3.75	216.978
-48.75	0	-3.75	202.721
-46.25	0	-3.75	220.918
-43.75	0	-3.75	205.105
-41.25	0	-3.75	217.175
-38.75	0	-3.75	215.306
-36.25	0	-3.75	206.505
-33.75	0	-3.75	217.014
-31.25	0	-3.75	206.094
-28.75	0	-3.75	215.007
-26.25	0	-3.75	213.351
-23.75	0	-3.75	216.711
-21.25	0	-3.75	211.99
-18.75	0	-3.75	208.445
-16.25	0	-3.75	216.07
-13.75	0	-3.75	205.135
-11.25	0	-3.75	213.948
-8.75	0	-3.75	212.428
-6.25	0	-3.75	204.576
-3.75	0	-3.75	215.39
-1.25	0	-3.75	193.562
1.25	0	-3.75	207.731
3.75	0	-3.75	196.429
6.25	0	-3.75	206.868
8.75	0	-3.75	201.273
11.25	0	-3.75	215.038
13.75	0	-3.75	202.046
16.25	0	-3.75	216.552
18.75	0	-3.75	200.532
21.25	0	-3.75	206.078
23.75	0	-3.75	214.86
26.25	0	-3.75	204.002
28.75	0	-3.75	206.851
31.25	0	-3.75	214.785
33.75	0	-3.75	202.838
36.25	0	-3.75	215.414
38.75	0	-3.75	210.519
41.25	0	-3.75	207.178
43.75	0	-3.75	214.876
46.25	0	-3.75	203.895
48.75	0	-3.75	215.18
51.25	0	-3.75	209.122
53.75	0	-3.75	205.72
56.25	0	-3.75	214.675
58.75	0	-3.75	203.721
61.25	0	-3.75	205.698
63.75	0	-3.75	215.473
66.25	0	-3.75	199.934
68.75	0	-3.75	205.329
71.25	0	-3.75	213.264
73.75	0	-3.75	202.872
76.25	0	-3.75	215.516
78.75	0	-3.75	210.173
81.25	0	-3.75	215.798
83.75	0	-3.75	213.801
86.25	0	-3.75	202.378
88.75	0	-3.75	218.148
91.25	0	-3.75	200.984
93.75	0	-3.75	215.623
96.25	0	-3.75	212.867
98.75	0	-3.75	205.903
101.25	0	-3.75	205.759
103.75	0	-3.75	206.824
106.25	0	-3.75	203.031
108.75	0	-3.75	215.276
111.25	0	-3.75	200.819
113.75	0	-3.75	216.071
116.25	0	-3.75	195.195
118.75	0	-3.75	215.569
121.25	0	-3.75	193.248
123.75	0	-3.75	206.881
126.25	0	-3.75	206.95
128.75	0	-3.75	191.668
131.25	0	-3.75	215.582
133.75	0	-3.75	194.311
136.25	0	-3.75	212.135
138.75	0	-3.75	206.171
141.25	0	-3.75	209.041
143.75	0	-3.75	205.242
146.25	0	-3.75	214.54
148.75	0	-3.75	193.588
151.25	0	-3.75	214.636
153.75	0	-3.75	192.961
-152.5	0	-7.5	209.018
-150	0	-7.5	212.752
-147.5	0	-7.5	213.366
-145	0	-7.5	213.688
-142.5	0	-7.5	214.101
-140	0	-7.5	211.808
-137.5	0	-7.5	211.782
-135	0	-7.5	212.738
-132.5	0	-7.5	217.739
-130	0	-7.5	213.052
-127.5	0	-7.5	212.409
-125	0	-7.5	213.55
-122.5	0	-7.5	215.733
-120	0	-7.5	213.814
-117.5	0	-7.5	213.059
-115	0	-7.5	214.104
-112.5	0	-7.5	213.58
-110	0	-7.5	212.82
-107.5	0	-7.5	211.847
-105	0	-7.5	213.518
-102.5	0	-7.5	213.6
-100	0	-7.5	215.334
-97.5	0	-7.5	211.43
-95	0	-7.5	211.219
-92.5	0	-7.5	213.568
-90	0	-7.5	214.601
-87.5	0	-7.5	212.891
-85	0	-7.5	211.242
-82.5	0	-7.5	213.097
-80	0	-7.5	213.439
-77.5	0	-7.5	213.213
-75	0	-7.5	211.63
-72.5	0	-7.5	214.005
-70	0	-7.5	214.123
-67.5	0	-7.5	212.301
-65	0	-7.5	212.585
-62.5	0	-7.5	212.931
-60	0	-7.5	212.539
-57.5	0	-7.5	212.414
-55	0	-7.5	214.162
-52.5	0	-7.5	210.196
-50	0	-7.5	209.984
-47.5	0	-7.5	212.34
-45	0	-7.5	213.381
-42.5	0	-7.5	211.662
-40	0	-7.5	209.952
-37.5	0	-7.5	211.684
-35	0	-7.5	211.836
-32.5	0	-7.5	211.345
-30	0	-7.5	209.426
-27.5	0	-7.5	211.389
-25	0	-7.5	211.372
-22.5	0	-7.5	207.323
-20	0	-7.5	207.137
-17.5	0	-7.5	209.417
-15	0	-7.5	207.53
-12.5	0	-7.5	204.011
-10	0	-7.5	203.351
-7.5	0	-7.5	203.878
-5	0	-7.5	202.226
-2.5	0	-7.5	198.817
0	0	-7.5	198.896
2.5	0	-7.5	201.724
5	0	-7.5	202.671
7.5	0	-7.5	197.431
10	0	-7.5	196.556
12.5	0	-7.5	200.138
15	0	-7.5	204.235
17.5	0	-7.5	198.872
20	0	-7.5	197.704
22.5	0	-7.5	201.031
25	0	-7.5	200.725
27.5	0	-7.5	197.948
30	0	-7.5	199.684
32.5	0	-7.5	202.688
35	0	-7.5	199.863
37.5	0	-7.5	197.413
40	0	-7.5	198.81
42.5	0	-7.5	201.376
45	0	-7.5	201.322
47.5	0	-7.5	199.321
50	0	-7.5	196.007
52.5	0	-7.5	196.846
55	0	-7.5	199.366
57.5	0	-7.5	198.57
60	0	-7.5	197.21
62.5	0	-7.5	199.937
65	0	-7.5	196.875
67.5	0	-7.5	195.746
70	0	-7.5	199.622
72.5	0	-7.5	203.897
75	0	-7.5	199.487
77.5	0	-7.5	199.101
80	0	-7.5	201.114
82.5	0	-7.5	200.776
85	0	-7.5	201.495
87.5	0	-7.5	201.836
90	0	-7.5	201.142
92.5	0	-7.5	199.136
95	0	-7.5	199.597
97.5	0	-7.5	200.728
100	0	-7.5	199.927
102.5	0	-7.5	201.147
105	0	-7.5	201.504
107.5	0	-7.5	199.477
110	0	-7.5	198.218
112.5	0	-7.5	200.468
115	0	-7.5	202.54
117.5	0	-7.5	200.227
120	0	-7.5	196.087
122.5	0	-7.5	199.818
125	0	-7.5	200.727
127.5	0	-7.5	198.268
130	0	-7.5	196.399
132.5	0	-7.5	198.107
135	0	-7.5	200.667
137.5	0	-7.5	200.043
140	0	-7.5	197.891
142.5	0	-7.5	197.302
145	0	-7.5	200.033
147.5	0	-7.5	199.278
150	0	-7.5	196.603
-148.75	0	-11.25	231.854
-146.25	0	-11.25	232.967
-143.75	0	-11.25	233.667
-141.25	0	-11.25	232.313
-138.75	0	-11.25	232.874
-136.25	0	-11.25	233.562
-133.75	0	-11.25	233.866
-131.25	0	-11.25	233.621
-128.75	0	-11.25	233.196
-126.25	0	-11.25	232.473
-123.75	0	-11.25	232.791
-121.25	0	-11.25	233.656
-118.75	0	-11.25	233.341
-116.25	0	-11.25	233.045
-113.75	0	-11.25	232.08
-111.25	0	-11.25	232.034
-108.75	0	-11.25	232.232
-106.25	0	-11.25	232.766
-103.75	0	-11.25	233.526
-101.25	0	-11.25	233.155
-98.75	0	-11.25	232.497
-96.25	0	-11.25	231.408
-93.75	0	-11.25	231.478
-91.25	0	-11.25	231.468
-88.75	0	-11.25	232.164
-86.25	0	-11.25	231.865
-83.75	0	-11.25	231.898
-81.25	0	-11.25	231.36
-78.75	0	-11.25	231.068
-76.25	0	-11.25	231.294
-73.75	0	-11.25	230.969
-71.25	0	-11.25	230.544
-68.75	0	-11.25	230.14
-66.25	0	-11.25	229.579
-63.75	0	-11.25	229.074
-61.25	0	-11.25	229.828
-58.75	0	-11.25	230.64
-56.25	0	-11.25	229.654
-53.75	0	-11.25	228.868
-51.25	0	-11.25	227.753
-48.75	0	-11.25	227.74
-46.25	0	-11.25	227.663
-43.75	0	-11.25	228.26
-41.25	0	-11.25	227.771
-38.75	0	-11.25	227.465
-36.25	0	-11.25	226.396
-33.75	0	-11.25	225.391
-31.25	0	-11.25	224.787
-28.75	0	-11.25	223.819
-26.25	0	-11.25	222.135
-23.75	0	-11.25	220.474
-21.25	0	-11.25	219.139
-18.75	0	-11.25	217.12
-16.25	0	-11.25	215.516
-13.75	0	-11.25	213.97
-11.25	0	-11.25	211.679
-8.75	0	-11.25	208.152
-6.25	0	-11.25	206.397
-3.75	0	-11.25	204.573
-1.25	0	-11.25	203.584
1.25	0	-11.25	204.086
3.75	0	-11.25	204.555
6.25	0	-11.25	201.959
8.75	0	-11.25	201.703
11.25	0	-11.25	201.613
13.75	0	-11.25	201.082
16.25	0	-11.25	200.59
18.75	0	-11.25	200.501
21.25	0	-11.25	198.914
23.75	0	-11.25	198.601
26.25	0	-11.25	199.143
28.75	0	-11.25	199.066
31.25	0	-11.25	198.202
33.75	0	-11.25	197.471
36.25	0	-11.25	196.427
38.75	0	-11.25	195.771
41.25	0	-11.25	196.105
43.75	0	-11.25	196.524
46.25	0	-11.25	195.39
48.75	0	-11.25	193.028
51.25	0	-11.25	191.306
53.75	0	-11.25	191.192
56.25	0	-11.25	193.035
58.75	0	-11.25	195.284
61.25	0	-11.25	194.66
63.75	0	-11.25	192.978
66.25	0	-11.25	193.784
68.75	0	-11.25	195.668
71.25	0	-11.25	197.483
73.75	0	-11.25	198.825
76.25	0	-11.25	198.182
78.75	0	-11.25	196.424
81.25	0	-11.25	197.536
83.75	0	-11.25	198.702
86.25	0	-11.25	198.897
88.75	0	-11.25	198.376
91.25	0	-11.25	198.552
93.75	0	-11.25	198.46
96.25	0	-11.25	199.274
98.75	0	-11.25	199.617
101.25	0	-11.25	200.845
103.75	0	-11.25	200.26
106.25	0	-11.25	199.766
108.75	0	-11.25	199.749
111.25	0	-11.25	200.515
113.75	0	-11.25	199.724
116.25	0	-11.25	201.169
118.75	0	-11.25	201.023
121.25	0	-11.25	200.878
123.75	0	-11.25	201.125
126.25	0	-11.25	201.431
128.75	0	-11.25	200.145
131.25	0	-11.25	199.8
133.75	0	-11.25	201.104
136.25	0	-11.25	200.486
138.75	0	-11.25	200.254
141.25	0	-11.25	199.658
143.75	0	-11.25	199.843
146.25	0	-11.25	199.338
-145	0	-15	257.762
-142.5	0	-15	257.789
-140	0	-15	258.023
-137.5	0	-15	258.549
-135	0	-15	258.28
-132.5	0	-15	258.471
-130	0	-15	258.744
-127.5	0	-15	258.518
-125	0	-15	258.837
-122.5	0	-15	258.061
-120	0	-15	258.396
-117.5	0	-15	258.395
-115	0	-15	257.734
-112.5	0	-15	257.421
-110	0	-15	257.496
-107.5	0	-15	258.329
-105	0	-15	258.311
-102.5	0	-15	257.777
-100	0	-15	257.396
-97.5	0	-15	257.091
-95	0	-15	256.475
-92.5	0	-15	255.693
-90	0	-15	255.562
-87.5	0	-15	256.166
-85	0	-15	256.176
-82.5	0	-15	255.84
-80	0	-15	255.368
-77.5	0	-15	254.98
-75	0	-15	254.839
-72.5	0	-15	254.045
-70	0	-15	253.074
-67.5	0	-15	252.534
-65	0	-15	252.275
-62.5	0	-15	252.346
-60	0	-15	251.688
-57.5	0	-15	250.891
-55	0	-15	250.13
-52.5	0	-15	249.377
-50	0	-15	248.559
-47.5	0	-15	247.592
-45	0	-15	247.122
-42.5	0	-15	247.223
-40	0	-15	246.485
-37.5	0	-15	245.129
-35	0	-15	243.425
-32.5	0	-15	241.879
-30	0	-15	240.355
-27.5	0	-15	238.049
-25	0	-15	235.716
-22.5	0	-15	233.786
-20	0	-15	231.483
-17.5	0	-15	228.35
-15	0	-15	225.143
-12.5	0	-15	221.44
-10	0	-15	217.553
-7.5	0	-15	214.363
-5	0	-15	210.546
-2.5	0	-15	208.288
0	0	-15	206.944
2.5	0	-15	205.565
5	0	-15	204.35
7.5	0	-15	203.221
10	0	-15	201.789
12.5	0	-15	201.231
15	0	-15	199.283
17.5	0	-15	198.033
20	0	-15	197.281
22.5	0	-15	196.096
25	0	-15	195.241
27.5	0	-15	194.821
30	0	-15	193.896
32.5	0	-15	193.171
35	0	-15	191.849
37.5	0	-15	191.632
40	0	-15	191.07
42.5	0	-15	189.047
45	0	-15	187.617
47.5	0	-15	185.371
50	0	-15	183.486
52.5	0	-15	182.832
55	0	-15	182.494
57.5	0	-15	183.645
60	0	-15	184.818
62.5	0	-15	184.795
65	0	-15	186.688
67.5	0	-15	187.818
70	0	-15	189.219
72.5	0	-15	191.461
75	0	-15	192.119
77.5	0	-15	192.723
80	0	-15	192.676
82.5	0	-15	192.389
85	0	-15	193.342
87.5	0	-15	193.555
90	0	-15	194.255
92.5	0	-15	194.935
95	0	-15	195.328
97.5	0	-15	196.695
100	0	-15	197.289
102.5	0	-15	197.725
105	0	-15	198.215
107.5	0	-15	198.019
110	0	-15	198.131
112.5	0	-15	197.84
115	0	-15	199.129
117.5	0	-15	199.697
120	0	-15	199.728
122.5	0	-15	200.025
125	0	-15	199.792
127.5	0	-15	199.859
130	0	-15	199.375
132.5	0	-15	199.04
135	0	-15	200.008
137.5	0	-15	199.521
140	0	-15	199.177
142.5	0	-15	199.868
-141.25	0	-18.75	286.126
-138.75	0	-18.75	286.442
-136.25	0	-18.75	286.599
-133.75	0	-18.75	286.913
-131.25	0	-18.75	286.94
-128.75	0	-18.75	287.172
-126.25	0	-18.75	287.009
-123.75	0	-18.75	286.78
-121.25	0	-18.75	287.169
-118.75	0	-18.75	286.801
-116.25	0	-18.75	286.341
-113.75	0	-18.75	286.222
-111.25	0	-18.75	286.324
-108.75	0	-18.75	286.474
-106.25	0	-18.75	286.176
-103.75	0	-18.75	285.69
-101.25	0	-18.75	285.222
-98.75	0	-18.75	284.813
-96.25	0	-18.75	284.498
-93.75	0	-18.75	283.738
-91.25	0	-18.75	283.001
-88.75	0	-18.75	282.717
-86.25	0	-18.75	282.892
-83.75	0	-18.75	282.787
-81.25	0	-18.75	282.181
-78.75	0	-18.75	281.596
-76.25	0	-18.75	281.237
-73.75	0	-18.75	280.597
-71.25	0	-18.75	279.55
-68.75	0	-18.75	278.479
-66.25	0	-18.75	277.782
-63.75	0	-18.75	276.897
-61.25	0	-18.75	275.818
-58.75	0	-18.75	274.501
-56.25	0	-18.75	273.139
-53.75	0	-18.75	272.089
-51.25	0	-18.75	271.053
-48.75	0	-18.75	269.571
-46.25	0	-18.75	268.112
-43.75	0	-18.75	266.872
-41.25	0	-18.75	265.751
-38.75	0	-18.75	264.097
-36.25	0	-18.75	261.942
-33.75	0	-18.75	259.698
-31.25	0	-18.75	257.64
-28.75	0	-18.75	255.553
-26.25	0	-18.75	253.119
-23.75	0	-18.75	250.45
-21.25	0	-18.75	247.429
-18.75	0	-18.75	243.655
-16.25	0	-18.75	239.209
-13.75	0	-18.75	234.489
-11.25	0	-18.75	229.624
-8.75	0	-18.75	224.926
-6.25	0	-18.75	220.171
-3.75	0	-18.75	215.981
-1.25	0	-18.75	212.528
1.25	0	-18.75	209.965
3.75	0	-18.75	207.316
6.25	0	-18.75	204.719
8.75	0	-18.75	202.391
11.25	0	-18.75	200.499
13.75	0	-18.75	198.388
16.25	0	-18.75	196.427
18.75	0	-18.75	194.289
21.25	0	-18.75	192.301
23.75	0	-18.75	190.967
26.25	0	-18.75	189.888
28.75	0	-18.75	188.526
31.25	0	-18.75	187.393
33.75	0	-18.75	186.666
36.25	0	-18.75	186.131
38.75	0	-18.75	184.293
41.25	0	-18.75	182.007
43.75	0	-18.75	179.615
46.25	0	-18.75	176.883
48.75	0	-18.75	174.732
51.25	0	-18.75	172.964
53.75	0	-18.75	171.479
56.25	0	-18.75	171.424
58.75	0	-18.75	172.33
61.25	0	-18.75	173.857
63.75	0	-18.75	175.892
66.25	0	-18.75	178.037
68.75	0	-18.75	180.394
71.25	0	-18.75	182.144
73.75	0	-18.75	183.799
76.25	0	-18.75	184.876
78.75	0	-18.75	185.442
81.25	0	-18.75	186.324
83.75	0	-18.75	186.771
86.25	0	-18.75	186.912
88.75	0	-18.75	187.635
91.25	0	-18.75	188.759
93.75	0	-18.75	190.558
96.25	0	-18.75	191.693
98.75	0	-18.75	192.623
101.25	0	-18.75	193.477
103.75	0	-18.75	194.389
106.25	0	-18.75	194.866
108.75	0	-18.75	195.508
111.25	0	-18.75	196.239
113.75	0	-18.75	196.769
116.25	0	-18.75	196.62
118.75	0	-18.75	197.287
121.25	0	-18.75	197.871
123.75	0	-18.75	198.113
126.25	0	-18.75	198.19
128.75	0	-18.75	197.715
131.25	0	-18.75	197.536
133.75	0	-18.75	197.643
136.25	0	-18.75	197.999
138.75	0	-18.75	198.73
-137.5	0	-22.5	316.334
-135	0	-22.5	316.862
-132.5	0	-22.5	316.796
-130	0	-22.5	316.822
-127.5	0	-22.5	316.856
-125	0	-22.5	316.91
-122.5	0	-22.5	316.944
-120	0	-22.5	316.814
-117.5	0	-22.5	316.758
-115	0	-22.5	316.439
-112.5	0	-22.5	316.214
-110	0	-22.5	315.905
-107.5	0	-22.5	315.509
-105	0	-22.5	315.146
-102.5	0	-22.5	314.61
-100	0	-22.5	313.917
-97.5	0	-22.5	313.204
-95	0	-22.5	312.464
-92.5	0	-22.5	311.948
-90	0	-22.5	311.395
-87.5	0	-22.5	310.9
-85	0	-22.5	310.496
-82.5	0	-22.5	309.936
-80	0	-22.5	309.492
-77.5	0	-22.5	308.757
-75	0	-22.5	307.827
-72.5	0	-22.5	306.881
-70	0	-22.5	305.872
-67.5	0	-22.5	304.401
-65	0	-22.5	302.669
-62.5	0	-22.5	300.813
-60	0	-22.5	298.991
-57.5	0	-22.5	297.378
-55	0	-22.5	295.451
-52.5	0	-22.5	293.345
-50	0	-22.5	291.272
-47.5	0	-22.5	289.162
-45	0	-22.5	286.846
-42.5	0	-22.5	284.506
-40	0	-22.5	282.283
-37.5	0	-22.5	279.844
-35	0	-22.5	277.555
-32.5	0	-22.5	275.31
-30	0	-22.5	273.128
-27.5	0	-22.5	270.823
-25	0	-22.5	268.198
-22.5	0	-22.5	264.698
-20	0	-22.5	260.105
-17.5	0	-22.5	255.178
-15	0	-22.5	249.915
-12.5	0	-22.5	244.072
-10	0	-22.5	238.223
-7.5	0	-22.5	232.203
-5	0	-22.5	226.671
-2.5	0	-22.5	221.948
0	0	-22.5	217.61
2.5	0	-22.5	213.054
5	0	-22.5	209.302
7.5	0	-22.5	205.828
10	0	-22.5	202.141
12.5	0	-22.5	198.575
15	0	-22.5	195.672
17.5	0	-22.5	192.787
20	0	-22.5	190.19
22.5	0	-22.5	187.732
25	0	-22.5	185.62
27.5	0	-22.5	184.303
30	0	-22.5	183.459
32.5	0	-22.5	181.919
35	0	-22.5	180.315
37.5	0	-22.5	178.496
40	0	-22.5	176.135
42.5	0	-22.5	173.374
45	0	-22.5	170.354
47.5	0	-22.5	167.336
50	0	-22.5	164.508
52.5	0	-22.5	162.549
55	0	-22.5	161.791
57.5	0	-22.5	162.068
60	0	-22.5	163.135
62.5	0	-22.5	165.497
65	0	-22.5	168.321
67.5	0	-22.5	170.883
70	0	-22.5	173.225
72.5	0	-22.5	175.358
75	0	-22.5	177.136
77.5	0	-22.5	178.407
80	0	-22.5	179.219
82.5	0	-22.5	179.827
85	0	-22.5	180.466
87.5	0	-22.5	181.51
90	0	-22.5	182.44
92.5	0	-22.5	183.998
95	0	-22.5	185.784
97.5	0	-22.5	187.443
100	0	-22.5	188.938
102.5	0	-22.5	189.947
105	0	-22.5	191.139
107.5	0	-22.5	192.752
110	0	-22.5	193.899
112.5	0	-22.5	194.577
115	0	-22.5	194.628
117.5	0	-22.5	195.132
120	0	-22.5	196.258
122.5	0	-22.5	196.795
125	0	-22.5	196.728
127.5	0	-22.5	196.79
130	0	-22.5	196.963
132.5	0	-22.5	196.798
135	0	-22.5	197.021
-133.75	0	-26.25	346.046
-131.25	0	-26.25	346.276
-128.75	0	-26.25	346.355
-126.25	0	-26.25	346.396
-123.75	0	-26.25	346.346
-121.25	0	-26.25	346.325
-118.75	0	-26.25	346.219
-116.25	0	-26.25	345.956
-113.75	0	-26.25	345.607
-111.25	0	-26.25	345.011
-108.75	0	-26.25	344.445
-106.25	0	-26.25	343.908
-103.75	0	-26.25	343.307
-101.25	0	-26.25	342.498
-98.75	0	-26.25	341.544
-96.25	0	-26.25	340.611
-93.75	0	-26.25	339.879
-91.25	0	-26.25	339.163
-88.75	0	-26.25	338.562
-86.25	0	-26.25	337.972
-83.75	0	-26.25	337.276
-81.25	0	-26.25	336.537
-78.75	0	-26.25	335.621
-76.25	0	-26.25	334.668
-73.75	0	-26.25	333.482
-71.25	0	-26.25	331.985
-68.75	0	-26.25	330.171
-66.25	0	-26.25	328.058
-63.75	0	-26.25	325.727
-61.25	0	-26.25	323.134
-58.75	0	-26.25	320.533
-56.25	0	-26.25	317.762
-53.75	0	-26.25	314.868
-51.25	0	-26.25	311.687
-48.75	0	-26.25	308.434
-46.25	0	-26.25	305.216
-43.75	0	-26.25	302.155
-41.25	0	-26.25	299.312
-38.75	0	-26.25	296.654
-36.25	0	-26.25	294.375
-33.75	0	-26.25	292.308
-31.25	0	-26.25	290.275
-28.75	0	-26.25	287.892
-26.25	0	-26.25	285.025
-23.75	0	-26.25	281.327
-21.25	0	-26.25	276.863
-18.75	0	-26.25	271.86
-16.25	0	-26.25	265.925
-13.75	0	-26.25	259.396
-11.25	0	-26.25	252.605
-8.75	0	-26.25	245.727
-6.25	0	-26.25	239.112
-3.75	0	-26.25	232.867
-1.25	0	-26.25	226.985
1.25	0	-26.25	221.413
3.75	0	-26.25	216.32
6.25	0	-26.25	211.408
8.75	0	-26.25	206.59
11.25	0	-26.25	201.563
13.75	0	-26.25	196.986
16.25	0	-26.25	193.104
18.75	0	-26.25	189.541
21.25	0	-26.25	186.479
23.75	0	-26.25	184.072
26.25	0	-26.25	182.091
28.75	0	-26.25	180.494
31.25	0	-26.25	178.715
33.75	0	-26.25	176.709
36.25	0	-26.25	174.273
38.75	0	-26.25	171.796
41.25	0	-26.25	169.111
43.75	0	-26.25	165.774
46.25	0	-26.25	162.112
48.75	0	-26.25	158.947
51.25	0	-26.25	156.542
53.75	0	-26.25	155.207
56.25	0	-26.25	154.716
58.75	0	-26.25	155.076
61.25	0	-26.25	157.193
63.75	0	-26.25	159.895
66.25	0	-26.25	162.488
68.75	0	-26.25	165.178
71.25	0	-26.25	167.549
73.75	0	-26.25	169.739
76.25	0	-26.25	171.762
78.75	0	-26.25	173.149
81.25	0	-26.25	173.774
83.75	0	-26.25	174.365
86.25	0	-26.25	175.331
88.75	0	-26.25	176.567
91.25	0	-26.25	177.872
93.75	0	-26.25	179.28
96.25	0	-26.25	181.295
98.75	0	-26.25	183.081
101.25	0	-26.25	185.171
103.75	0	-26.25	187.291
106.25	0	-26.25	189.078
108.75	0	-26.25	190.315
111.25	0	-26.25	191.623
113.75	0	-26.25	192.721
116.25	0	-26.25	193.716
118.75	0	-26.25	194.824
121.25	0	-26.25	195.581
123.75	0	-26.25	196.009
126.25	0	-26.25	196.193
128.75	0	-26.25	196.641
131.25	0	-26.25	197.023
-130	0	-30	373.748
-127.5	0	-30	373.839
-125	0	-30	373.884
-122.5	0	-30	373.849
-120	0	-30	373.49
-117.5	0	-30	373.139
-115	0	-30	372.699
-112.5	0	-30	372.174
-110	0	-30	371.599
-107.5	0	-30	370.657
-105	0	-30	369.819
-102.5	0	-30	368.962
-100	0	-30	367.926
-97.5	0	-30	366.859
-95	0	-30	365.86
-92.5	0	-30	364.99
-90	0	-30	364.232
-87.5	0	-30	363.426
-85	0	-30	362.678
-82.5	0	-30	361.878
-80	0	-30	360.83
-77.5	0	-30	359.6
-75	0	-30	357.987
-72.5	0	-30	356.155
-70	0	-30	353.982
-67.5	0	-30	351.497
-65	0	-30	348.666
-62.5	0	-30	345.486
-60	0	-30	341.995
-57.5	0	-30	338.184
-55	0	-30	334.126
-52.5	0	-30	329.818
-50	0	-30	325.621
-47.5	0	-30	321.654
-45	0	-30	317.983
-42.5	0	-30	314.696
-40	0	-30	312.025
-37.5	0	-30	309.963
-35	0	-30	308.007
-32.5	0	-30	305.993
-30	0	-30	303.505
-27.5	0	-30	300.504
-25	0	-30	296.844
-22.5	0	-30	292.424
-20	0	-30	287.22
-17.5	0	-30	281.336
-15	0	-30	274.568
-12.5	0	-30	267.112
-10	0	-30	259.291
-7.5	0	-30	251.616
-5	0	-30	244.209
-2.5	0	-30	237.055
0	0	-30	230.227
2.5	0	-30	223.975
5	0	-30	218.013
7.5	0	-30	212.265
10	0	-30	206.403
12.5	0	-30	200.834
15	0	-30	195.772
17.5	0	-30	191.263
20	0	-30	187.52
22.5	0	-30	184.615
25	0	-30	182.113
27.5	0	-30	179.746
30	0	-30	177.294
32.5	0	-30	174.906
35	0	-30	172.434
37.5	0	-30	169.665
40	0	-30	166.488
42.5	0	-30	162.907
45	0	-30	159.248
47.5	0	-30	155.932
50	0	-30	153.13
52.5	0	-30	151.272
55	0	-30	150.303
57.5	0	-30	150.061
60	0	-30	151.196
62.5	0	-30	153.373
65	0	-30	155.98
67.5	0	-30	158.609
70	0	-30	161.042
72.5	0	-30	163.341
75	0	-30	165.541
77.5	0	-30	167.331
80	0	-30	168.709
82.5	0	-30	169.576
85	0	-30	170.229
87.5	0	-30	170.892
90	0	-30	171.972
92.5	0	-30	173.355
95	0	-30	174.963
97.5	0	-30	176.869
100	0	-30	179.379
102.5	0	-30	181.808
105	0	-30	183.893
107.5	0	-30	185.91
110	0	-30	187.856
112.5	0	-30	189.617
115	0	-30	191.35
117.5	0	-30	192.879
120	0	-30	194.138
122.5	0	-30	195.034
125	0	-30	195.574
127.5	0	-30	196.273
-126.25	0	-33.75	398.349
-123.75	0	-33.75	398.289
-121.25	0	-33.75	397.816
-118.75	0	-33.75	397.318
-116.25	0	-33.75	396.826
-113.75	0	-33.75	396.296
-111.25	0	-33.75	395.522
-108.75	0	-33.75	394.531
-106.25	0	-33.75	393.596
-103.75	0	-33.75	392.535
-101.25	0	-33.75	391.486
-98.75	0	-33.75	390.276
-96.25	0	-33.75	389.134
-93.75	0	-33.75	388.199
-91.25	0	-33.75	387.345
-88.75	0	-33.75	386.424
-86.25	0	-33.75	385.367
-83.75	0	-33.75	384.411
-81.25	0	-33.75	383.443
-78.75	0	-33.75	382.027
-76.25	0	-33.75	380.004
-73.75	0	-33.75	377.717
-71.25	0	-33.75	375.188
-68.75	0	-33.75	372.386
-66.25	0	-33.75	368.989
-63.75	0	-33.75	364.961
-61.25	0	-33.75	360.7
-58.75	0	-33.75	356.02
-56.25	0	-33.75	350.939
-53.75	0	-33.75	345.594
-51.25	0	-33.75	340.545
-48.75	0	-33.75	335.999
-46.25	0	-33.75	332.083
-43.75	0	-33.75	328.754
-41.25	0	-33.75	325.965
-38.75	0	-33.75	323.856
-36.25	0	-33.75	322.085
-33.75	0	-33.75	320.094
-31.25	0	-33.75	317.473
-28.75	0	-33.75	314.401
-26.25	0	-33.75	310.741
-23.75	0	-33.75	306.297
-21.25	0	-33.75	301.09
-18.75	0	-33.75	295.033
-16.25	0	-33.75	288.248
-13.75	0	-33.75	280.738
-11.25	0	-33.75	272.433
-8.75	0	-33.75	263.646
-6.25	0	-33.75	255.086
-3.75	0	-33.75	246.829
-1.25	0	-33.75	238.792
1.25	0	-33.75	231.261
3.75	0	-33.75	224.279
6.25	0	-33.75	217.803
8.75	0	-33.75	211.663
11.25	0	-33.75	205.829
13.75	0	-33.75	200.224
16.25	0	-33.75	195.34
18.75	0	-33.75	191.235
21.25	0	-33.75	187.502
23.75	0	-33.75	184.13
26.25	0	-33.75	181.133
28.75	0	-33.75	178.216
31.25	0	-33.75	175.535
33.75	0	-33.75	172.584
36.25	0	-33.75	169.244
38.75	0	-33.75	165.835
41.25	0	-33.75	162.203
43.75	0	-33.75	158.4
46.25	0	-33.75	154.839
48.75	0	-33.75	151.778
51.25	0	-33.75	149.585
53.75	0	-33.75	148.176
56.25	0	-33.75	147.346
58.75	0	-33.75	147.702
61.25	0	-33.75	149.022
63.75	0	-33.75	151.174
66.25	0	-33.75	153.691
68.75	0	-33.75	156.017
71.25	0	-33.75	158.315
73.75	0	-33.75	160.333
76.25	0	-33.75	162.403
78.75	0	-33.75	164.127
81.25	0	-33.75	165.212
83.75	0	-33.75	166.006
86.25	0	-33.75	166.619
88.75	0	-33.75	167.226
91.25	0	-33.75	167.989
93.75	0	-33.75	169.256
96.25	0	-33.75	171.13
98.75	0	-33.75	173.307
101.25	0	-33.75	175.181
103.75	0	-33.75	177.564
106.25	0	-33.75	180.05
108.75	0	-33.75	182.74
111.25	0	-33.75	185.234
113.75	0	-33.75	187.456
116.25	0	-33.75	189.693
118.75	0	-33.75	191.46
121.25	0	-33.75	192.935
123.75	0	-33.75	194.185
-122.5	0	-37.5	418.623
-120	0	-37.5	418.189
-117.5	0	-37.5	417.57
-115	0	-37.5	416.918
-112.5	0	-37.5	416.02
-110	0	-37.5	415.027
-107.5	0	-37.5	414.021
-105	0	-37.5	412.933
-102.5	0	-37.5	411.881
-100	0	-37.5	410.661
-97.5	0	-37.5	409.514
-95	0	-37.5	408.474
-92.5	0	-37.5	407.501
-90	0	-37.5	406.524
-87.5	0	-37.5	405.434
-85	0	-37.5	404.276
-82.5	0	-37.5	402.929
-80	0	-37.5	401.26
-77.5	0	-37.5	399.201
-75	0	-37.5	396.693
-72.5	0	-37.5	393.676
-70	0	-37.5	390.234
-67.5	0	-37.5	386.215
-65	0	-37.5	381.635
-62.5	0	-37.5	376.463
-60	0	-37.5	370.838
-57.5	0	-37.5	364.979
-55	0	-37.5	359.182
-52.5	0	-37.5	353.728
-50	0	-37.5	348.754
-47.5	0	-37.5	344.644
-45	0	-37.5	341.342
-42.5	0	-37.5	338.672
-40	0	-37.5	336.459
-37.5	0	-37.5	334.438
-35	0	-37.5	332.385
-32.5	0	-37.5	329.918
-30	0	-37.5	326.863
-27.5	0	-37.5	322.953
-25	0	-37.5	318.371
-22.5	0	-37.5	313.127
-20	0	-37.5	307.161
-17.5	0	-37.5	300.3
-15	0	-37.5	292.639
-12.5	0	-37.5	284.11
-10	0	-37.5	274.981
-7.5	0	-37.5	265.519
-5	0	-37.5	256.029
-2.5	0	-37.5	246.747
0	0	-37.5	238.029
2.5	0	-37.5	230.116
5	0	-37.5	222.968
7.5	0	-37.5	216.412
10	0	-37.5	210.59
12.5	0	-37.5	205.363
15	0	-37.5	200.632
17.5	0	-37.5	196.356
20	0	-37.5	192.352
22.5	0	-37.5	188.512
25	0	-37.5	184.898
27.5	0	-37.5	181.492
30	0	-37.5	178.16
32.5	0	-37.5	174.691
35	0	-37.5	171.041
37.5	0	-37.5	167.154
40	0	-37.5	163.181
42.5	0	-37.5	159.362
45	0	-37.5	155.66
47.5	0	-37.5	152.234
50	0	-37.5	149.633
52.5	0	-37.5	147.712
55	0	-37.5	146.415
57.5	0	-37.5	146.141
60	0	-37.5	146.76
62.5	0	-37.5	148.154
65	0	-37.5	150.17
67.5	0	-37.5	152.425
70	0	-37.5	154.478
72.5	0	-37.5	156.559
75	0	-37.5	158.559
77.5	0	-37.5	160.195
80	0	-37.5	161.508
82.5	0	-37.5	162.483
85	0	-37.5	163.05
87.5	0	-37.5	163.566
90	0	-37.5	164.223
92.5	0	-37.5	165.146
95	0	-37.5	166.117
97.5	0	-37.5	167.352
100	0	-37.5	169.15
102.5	0	-37.5	171.266
105	0	-37.5	173.572
107.5	0	-37.5	176.363
110	0	-37.5	179.174
112.5	0	-37.5	182.078
115	0	-37.5	184.908
117.5	0	-37.5	187.319
120	0	-37.5	189.343
-118.75	0	-41.25	434.722
-116.25	0	-41.25	433.989
-113.75	0	-41.25	433.11
-111.25	0	-41.25	432.127
-108.75	0	-41.25	431.11
-106.25	0	-41.25	430.079
-103.75	0	-41.25	428.993
-101.25	0	-41.25	427.93
-98.75	0	-41.25	426.985
-96.25	0	-41.25	425.883
-93.75	0	-41.25	424.815
-91.25	0	-41.25	423.771
-88.75	0	-41.25	422.632
-86.25	0	-41.25	421.325
-83.75	0	-41.25	419.647
-81.25	0	-41.25	417.709
-78.75	0	-41.25	415.399
-76.25	0	-41.25	412.606
-73.75	0	-41.25	409.253
-71.25	0	-41.25	405.251
-68.75	0	-41.25	400.546
-66.25	0	-41.25	395.212
-63.75	0	-41.25	389.359
-61.25	0	-41.25	383.117
-58.75	0	-41.25	376.823
-56.25	0	-41.25	370.708
-53.75	0	-41.25	365.139
-51.25	0	-41.25	360.297
-48.75	0	-41.25	356.211
-46.25	0	-41.25	352.784
-43.75	0	-41.25	350.023
-41.25	0	-41.25	347.68
-38.75	0	-41.25	345.504
-36.25	0	-41.25	343.369
-33.75	0	-41.25	340.869
-31.25	0	-41.25	337.669
-28.75	0	-41.25	333.707
-26.25	0	-41.25	328.994
-23.75	0	-41.25	323.591
-21.25	0	-41.25	317.531
-18.75	0	-41.25	310.675
-16.25	0	-41.25	302.954
-13.75	0	-41.25	294.372
-11.25	0	-41.25	285.002
-8.75	0	-41.25	275.055
-6.25	0	-41.25	264.736
-3.75	0	-41.25	254.488
-1.25	0	-41.25	244.759
1.25	0	-41.25	235.831
3.75	0	-41.25	227.942
6.25	0	-41.25	221.047
8.75	0	-41.25	215.171
11.25	0	-41.25	210.203
13.75	0	-41.25	205.799
16.25	0	-41.25	201.655
18.75	0	-41.25	197.878
21.25	0	-41.25	194.253
23.75	0	-41.25	190.627
26.25	0	-41.25	186.833
28.75	0	-41.25	182.864
31.25	0	-41.25	178.783
33.75	0	-41.25	174.635
36.25	0	-41.25	170.46
38.75	0	-41.25	166.171
41.25	0	-41.25	161.886
43.75	0	-41.25	157.876
46.25	0	-41.25	154.349
48.75	0	-41.25	151.302
51.25	0	-41.25	148.8
53.75	0	-41.25	146.888
56.25	0	-41.25	146.069
58.75	0	-41.25	146.113
61.25	0	-41.25	146.769
63.75	0	-41.25	148.135
66.25	0	-41.25	149.907
68.75	0	-41.25	151.909
71.25	0	-41.25	153.857
73.75	0	-41.25	155.679
76.25	0	-41.25	157.2
78.75	0	-41.25	158.577
81.25	0	-41.25	159.639
83.75	0	-41.25	160.356
86.25	0	-41.25	160.973
88.75	0	-41.25	161.553
91.25	0	-41.25	162.103
93.75	0	-41.25	162.525
96.25	0	-41.25	163.208
98.75	0	-41.25	164.202
101.25	0	-41.25	165.74
103.75	0	-41.25	167.701
106.25	0	-41.25	170.076
108.75	0	-41.25	172.589
111.25	0	-41.25	175.5
113.75	0	-41.25	178.583
116.25	0	-41.25	181.55
-115	0	-45	446.785
-112.5	0	-45	445.966
-110	0	-45	445.04
-107.5	0	-45	444.108
-105	0	-45	443.17
-102.5	0	-45	442.236
-100	0	-45	441.373
-97.5	0	-45	440.458
-95	0	-45	439.522
-92.5	0	-45	438.396
-90	0	-45	437.079
-87.5	0	-45	435.557
-85	0	-45	433.717
-82.5	0	-45	431.539
-80	0	-45	428.889
-77.5	0	-45	425.713
-75	0	-45	421.845
-72.5	0	-45	417.283
-70	0	-45	412.047
-67.5	0	-45	406.144
-65	0	-45	399.779
-62.5	0	-45	393.291
-60	0	-45	386.862
-57.5	0	-45	380.799
-55	0	-45	375.353
-52.5	0	-45	370.615
-50	0	-45	366.622
-47.5	0	-45	363.252
-45	0	-45	360.324
-42.5	0	-45	357.754
-40	0	-45	355.469
-37.5	0	-45	353.167
-35	0	-45	350.48
-32.5	0	-45	347.202
-30	0	-45	343.083
-27.5	0	-45	338.229
-25	0	-45	332.704
-22.5	0	-45	326.514
-20	0	-45	319.519
-17.5	0	-45	311.781
-15	0	-45	303.194
-12.5	0	-45	293.835
-10	0	-45	283.685
-7.5	0	-45	272.967
-5	0	-45	262.127
-2.5	0	-45	251.776
0	0	-45	242.168
2.5	0	-45	233.49
5	0	-45	226.082
7.5	0	-45	219.988
10	0	-45	214.915
12.5	0	-45	210.524
15	0	-45	206.646
17.5	0	-45	203.143
20	0	-45	199.967
22.5	0	-45	196.76
25	0	-45	193.089
27.5	0	-45	189.072
30	0	-45	184.704
32.5	0	-45	180.085
35	0	-45	175.444
37.5	0	-45	170.736
40	0	-45	166.074
42.5	0	-45	161.739
45	0	-45	157.723
47.5	0	-45	154.246
50	0	-45	151.329
52.5	0	-45	148.905
55	0	-45	147.365
57.5	0	-45	146.7
60	0	-45	146.78
62.5	0	-45	147.435
65	0	-45	148.626
67.5	0	-45	150.261
70	0	-45	152.002
72.5	0	-45	153.607
75	0	-45	155.107
77.5	0	-45	156.368
80	0	-45	157.49
82.5	0	-45	158.532
85	0	-45	159.319
87.5	0	-45	159.785
90	0	-45	159.983
92.5	0	-45	160.177
95	0	-45	160.589
97.5	0	-45	161.156
100	0	-45	161.975
102.5	0	-45	163.096
105	0	-45	164.733
107.5	0	-45	166.781
110	0	-45	169.185
112.5	0	-45	171.866
-111.25	0	-48.75	455.938
-108.75	0	-48.75	455.303
-106.25	0	-48.75	454.574
-103.75	0	-48.75	453.818
-101.25	0	-48.75	453.027
-98.75	0	-48.75	452.315
-96.25	0	-48.75	451.531
-93.75	0	-48.75	450.408
-91.25	0	-48.75	449.008
-88.75	0	-48.75	447.291
-86.25	0	-48.75	445.283
-83.75	0	-48.75	442.828
-81.25	0	-48.75	439.743
-78.75	0	-48.75	436.103
-76.25	0	-48.75	431.779
-73.75	0	-48.75	426.712
-71.25	0	-48.75	420.913
-68.75	0	-48.75	414.605
-66.25	0	-48.75	408.233
-63.75	0	-48.75	401.885
-61.25	0	-48.75	395.621
-58.75	0	-48.75	389.768
-56.25	0	-48.75	384.582
-53.75	0	-48.75	380.037
-51.25	0	-48.75	376.098
-48.75	0	-48.75	372.588
-46.25	0	-48.75	369.524
-43.75	0	-48.75	366.932
-41.25	0	-48.75	364.549
-38.75	0	-48.75	361.959
-36.25	0	-48.75	358.975
-33.75	0	-48.75	355.459
-31.25	0	-48.75	351.296
-28.75	0	-48.75	346.326
-26.25	0	-48.75	340.59
-23.75	0	-48.75	334.183
-21.25	0	-48.75	327.132
-18.75	0	-48.75	319.406
-16.25	0	-48.75	310.84
-13.75	0	-48.75	301.481
-11.25	0	-48.75	291.494
-8.75	0	-48.75	280.961
-6.25	0	-48.75	270.068
-3.75	0	-48.75	259.299
-1.25	0	-48.75	249.239
1.25	0	-48.75	240.214
3.75	0	-48.75	232.272
6.25	0	-48.75	225.552
8.75	0	-48.75	219.93
11.25	0	-48.75	215.302
13.75	0	-48.75	211.511
16.25	0	-48.75	208.215
18.75	0	-48.75	205.118
21.25	0	-48.75	202.147
23.75	0	-48.75	198.983
26.25	0	-48.75	195.376
28.75	0	-48.75	191.278
31.25	0	-48.75	186.723
33.75	0	-48.75	181.836
36.25	0	-48.75	176.744
38.75	0	-48.75	171.74
41.25	0	-48.75	166.885
43.75	0	-48.75	162.438
46.25	0	-48.75	158.561
48.75	0	-48.75	155.155
51.25	0	-48.75	152.139
53.75	0	-48.75	150.027
56.25	0	-48.75	148.699
58.75	0	-48.75	147.993
61.25	0	-48.75	148.002
63.75	0	-48.75	148.533
66.25	0	-48.75	149.506
68.75	0	-48.75	150.811
71.25	0	-48.75	152.318
73.75	0	-48.75	153.63
76.25	0	-48.75	154.862
78.75	0	-48.75	156.109
81.25	0	-48.75	157.284
83.75	0	-48.75	158.182
86.25	0	-48.75	158.661
88.75	0	-48.75	158.92
91.25	0	-48.75	159.064
93.75	0	-48.75	159.254
96.25	0	-48.75	159.469
98.75	0	-48.75	159.817
101.25	0	-48.75	160.392
103.75	0	-48.75	161.292
106.25	0	-48.75	162.404
108.75	0	-48.75	164.002
-107.5	0	-52.5	463.306
-105	0	-52.5	462.813
-102.5	0	-52.5	462.267
-100	0	-52.5	461.675
-97.5	0	-52.5	460.92
-95	0	-52.5	459.877
-92.5	0	-52.5	458.435
-90	0	-52.5	456.645
-87.5	0	-52.5	454.459
-85	0	-52.5	451.647
-82.5	0	-52.5	448.156
-80	0	-52.5	443.993
-77.5	0	-52.5	439.158
-75	0	-52.5	433.729
-72.5	0	-52.5	427.697
-70	0	-52.5	421.386
-67.5	0	-52.5	415.12
-65	0	-52.5	409.026
-62.5	0	-52.5	403.324
-60	0	-52.5	397.985
-57.5	0	-52.5	393.007
-55	0	-52.5	388.584
-52.5	0	-52.5	384.62
-50	0	-52.5	381.08
-47.5	0	-52.5	377.956
-45	0	-52.5	375.171
-42.5	0	-52.5	372.528
-40	0	-52.5	369.823
-37.5	0	-52.5	366.648
-35	0	-52.5	362.802
-32.5	0	-52.5	358.338
-30	0	-52.5	353.224
-27.5	0	-52.5	347.386
-25	0	-52.5	340.867
-22.5	0	-52.5	333.686
-20	0	-52.5	325.914
-17.5	0	-52.5	317.481
-15	0	-52.5	308.439
-12.5	0	-52.5	298.796
-10	0	-52.5	288.706
-7.5	0	-52.5	278.248
-5	0	-52.5	267.724
-2.5	0	-52.5	257.53
0	0	-52.5	248.125
2.5	0	-52.5	239.698
5	0	-52.5	232.268
7.5	0	-52.5	226.014
10	0	-52.5	220.858
12.5	0	-52.5	216.678
15	0	-52.5	213.206
17.5	0	-52.5	210.083
20	0	-52.5	207.051
22.5	0	-52.5	204.009
25	0	-52.5	200.828
27.5	0	-52.5	197.21
30	0	-52.5	193.119
32.5	0	-52.5	188.552
35	0	-52.5	183.601
37.5	0	-52.5	178.417
40	0	-52.5	173.256
42.5	0	-52.5	168.364
45	0	-52.5	164.012
47.5	0	-52.5	160.179
50	0	-52.5	156.728
52.5	0	-52.5	153.972
55	0	-52.5	151.894
57.5	0	-52.5	150.544
60	0	-52.5	149.845
62.5	0	-52.5	149.577
65	0	-52.5	149.758
67.5	0	-52.5	150.475
70	0	-52.5	151.575
72.5	0	-52.5	152.768
75	0	-52.5	154.011
77.5	0	-52.5	155.299
80	0	-52.5	156.405
82.5	0	-52.5	157.307
85	0	-52.5	158.071
87.5	0	-52.5	158.576
90	0	-52.5	158.86
92.5	0	-52.5	158.983
95	0	-52.5	158.998
97.5	0	-52.5	159.054
100	0	-52.5	159.142
102.5	0	-52.5	159.468
105	0	-52.5	160.016
-103.75	0	-56.25	469.067
-101.25	0	-56.25	468.644
-98.75	0	-56.25	467.9
-96.25	0	-56.25	466.902
-93.75	0	-56.25	465.495
-91.25	0	-56.25	463.611
-88.75	0	-56.25	461.148
-86.25	0	-56.25	458.014
-83.75	0	-56.25	454.208
-81.25	0	-56.25	449.613
-78.75	0	-56.25	444.363
-76.25	0	-56.25	438.689
-73.75	0	-56.25	432.786
-71.25	0	-56.25	426.823
-68.75	0	-56.25	420.918
-66.25	0	-56.25	415.318
-63.75	0	-56.25	410.074
-61.25	0	-56.25	405.16
-58.75	0	-56.25	400.643
-56.25	0	-56.25	396.358
-53.75	0	-56.25	392.378
-51.25	0	-56.25	388.811
-48.75	0	-56.25	385.611
-46.25	0	-56.25	382.631
-43.75	0	-56.25	379.725
-41.25	0	-56.25	376.689
-38.75	0	-56.25	373.306
-36.25	0	-56.25	369.299
-33.75	0	-56.25	364.544
-31.25	0	-56.25	359.099
-28.75	0	-56.25	353.11
-26.25	0	-56.25	346.527
-23.75	0	-56.25	339.36
-21.25	0	-56.25	331.63
-18.75	0	-56.25	323.414
-16.25	0	-56.25	314.829
-13.75	0	-56.25	305.86
-11.25	0	-56.25	296.478
-8.75	0	-56.25	286.733
-6.25	0	-56.25	276.847
-3.75	0	-56.25	266.995
-1.25	0	-56.25	257.435
1.25	0	-56.25	248.448
3.75	0	-56.25	240.386
6.25	0	-56.25	233.402
8.75	0	-56.25	227.596
11.25	0	-56.25	222.763
13.75	0	-56.25	218.667
16.25	0	-56.25	215.154
18.75	0	-56.25	211.908
21.25	0	-56.25	208.718
23.75	0	-56.25	205.529
26.25	0	-56.25	202.156
28.75	0	-56.25	198.439
31.25	0	-56.25	194.418
33.75	0	-56.25	189.955
36.25	0	-56.25	185.143
38.75	0	-56.25	180.151
41.25	0	-56.25	175.204
43.75	0	-56.25	170.506
46.25	0	-56.25	166.25
48.75	0	-56.25	162.375
51.25	0	-56.25	159.128
53.75	0	-56.25	156.48
56.25	0	-56.25	154.379
58.75	0	-56.25	152.814
61.25	0	-56.25	151.783
63.75	0	-56.25	151.257
66.25	0	-56.25	151.152
68.75	0	-56.25	151.598
71.25	0	-56.25	152.525
73.75	0	-56.25	153.702
76.25	0	-56.25	154.802
78.75	0	-56.25	155.825
81.25	0	-56.25	156.832
83.75	0	-56.25	157.777
86.25	0	-56.25	158.606
88.75	0	-56.25	159.123
91.25	0	-56.25	159.377
93.75	0	-56.25	159.452
96.25	0	-56.25	159.342
98.75	0	-56.25	159.164
101.25	0	-56.25	159.094
-100	0	-60	472.555
-97.5	0	-60	471.608
-95	0	-60	470.16
-92.5	0	-60	468.163
-90	0	-60	465.427
-87.5	0	-60	462.008
-85	0	-60	457.852
-82.5	0	-60	453.044
-80	0	-60	447.755
-77.5	0	-60	442.174
-75	0	-60	436.592
-72.5	0	-60	431.095
-70	0	-60	425.826
-67.5	0	-60	420.837
-65	0	-60	416.056
-62.5	0	-60	411.544
-60	0	-60	407.266
-57.5	0	-60	403.186
-55	0	-60	399.418
-52.5	0	-60	395.918
-50	0	-60	392.522
-47.5	0	-60	389.323
-45	0	-60	386.161
-42.5	0	-60	382.858
-40	0	-60	379.13
-37.5	0	-60	374.795
-35	0	-60	369.79
-32.5	0	-60	364.155
-30	0	-60	357.994
-27.5	0	-60	351.329
-25	0	-60	344.187
-22.5	0	-60	336.7
-20	0	-60	328.955
-17.5	0	-60	320.991
-15	0	-60	312.779
-12.5	0	-60	304.303
-10	0	-60	295.546
-7.5	0	-60	286.56
-5	0	-60	277.283
-2.5	0	-60	267.831
0	0	-60	258.595
2.5	0	-60	250.041
5	0	-60	242.375
7.5	0	-60	235.618
10	0	-60	229.905
12.5	0	-60	225.084
15	0	-60	220.89
17.5	0	-60	217.143
20	0	-60	213.562
22.5	0	-60	210.028
25	0	-60	206.546
27.5	0	-60	202.981
30	0	-60	199.152
32.5	0	-60	195.11
35	0	-60	190.85
37.5	0	-60	186.427
40	0	-60	181.899
42.5	0	-60	177.436
45	0	-60	173.098
47.5	0	-60	168.911
50	0	-60	165.309
52.5	0	-60	162.182
55	0	-60	159.422
57.5	0	-60	157.109
60	0	-60	155.239
62.5	0	-60	153.845
65	0	-60	153.012
67.5	0	-60	152.789
70	0	-60	153.081
72.5	0	-60	153.77
75	0	-60	154.65
77.5	0	-60	155.632
80	0	-60	156.694
82.5	0	-60	157.767
85	0	-60	158.759
87.5	0	-60	159.55
90	0	-60	160.107
92.5	0	-60	160.336
95	0	-60	160.289
97.5	0	-60	160.09
-96.25	0	-63.75	472.368
-93.75	0	-63.75	470.238
-91.25	0	-63.75	467.344
-88.75	0	-63.75	463.688
-86.25	0	-63.75	459.337
-83.75	0	-63.75	454.535
-81.25	0	-63.75	449.523
-78.75	0	-63.75	444.434
-76.25	0	-63.75	439.382
-73.75	0	-63.75	434.499
-71.25	0	-63.75	429.91
-68.75	0	-63.75	425.494
-66.25	0	-63.75	421.203
-63.75	0	-63.75	417.045
-61.25	0	-63.75	413.024
-58.75	0	-63.75	409.24
-56.25	0	-63.75	405.645
-53.75	0	-63.75	402.087
-51.25	0	-63.75	398.704
-48.75	0	-63.75	395.368
-46.25	0	-63.75	391.936
-43.75	0	-63.75	388.292
-41.25	0	-63.75	384.2
-38.75	0	-63.75	379.521
-36.25	0	-63.75	374.24
-33.75	0	-63.75	368.374
-31.25	0	-63.75	362.048
-28.75	0	-63.75	355.396
-26.25	0	-63.75	348.514
-23.75	0	-63.75	341.411
-21.25	0	-63.75	334.225
-18.75	0	-63.75	326.998
-16.25	0	-63.75	319.706
-13.75	0	-63.75	312.275
-11.25	0	-63.75	304.563
-8.75	0	-63.75	296.486
-6.25	0	-63.75	287.956
-3.75	0	-63.75	279.068
-1.25	0	-63.75	269.969
1.25	0	-63.75	261.059
3.75	0	-63.75	252.725
6.25	0	-63.75	245.165
8.75	0	-63.75	238.423
11.25	0	-63.75	232.58
13.75	0	-63.75	227.556
16.25	0	-63.75	223.09
18.75	0	-63.75	218.943
21.25	0	-63.75	214.92
23.75	0	-63.75	210.979
26.25	0	-63.75	207.127
28.75	0	-63.75	203.33
31.25	0	-63.75	199.394
33.75	0	-63.75	195.42
36.25	0	-63.75	191.446
38.75	0	-63.75	187.507
41.25	0	-63.75	183.642
43.75	0	-63.75	179.768
46.25	0	-63.75	175.818
48.75	0	-63.75	172.153
51.25	0	-63.75	168.716
53.75	0	-63.75	165.506
56.25	0	-63.75	162.575
58.75	0	-63.75	159.952
61.25	0	-63.75	157.748
63.75	0	-63.75	156.126
66.25	0	-63.75	155.111
68.75	0	-63.75	154.582
71.25	0	-63.75	154.552
73.75	0	-63.75	155.039
76.25	0	-63.75	155.872
78.75	0	-63.75	156.87
81.25	0	-63.75	157.972
83.75	0	-63.75	159.035
86.25	0	-63.75	160.036
88.75	0	-63.75	160.862
91.25	0	-63.75	161.347
93.75	0	-63.75	161.545
-92.5	0	-67.5	466.812
-90	0	-67.5	463.172
-87.5	0	-67.5	458.922
-85	0	-67.5	454.468
-82.5	0	-67.5	449.957
-80	0	-67.5	445.516
-77.5	0	-67.5	441.212
-75	0	-67.5	437.047
-72.5	0	-67.5	433.103
-70	0	-67.5	429.256
-67.5	0	-67.5	425.421
-65	0	-67.5	421.599
-62.5	0	-67.5	417.928
-60	0	-67.5	414.432
-57.5	0	-67.5	410.964
-55	0	-67.5	407.52
-52.5	0	-67.5	404.045
-50	0	-67.5	400.569
-47.5	0	-67.5	396.987
-45	0	-67.5	393.085
-42.5	0	-67.5	388.618
-40	0	-67.5	383.569
-37.5	0	-67.5	377.984
-35	0	-67.5	371.955
-32.5	0	-67.5	365.547
-30	0	-67.5	358.948
-27.5	0	-67.5	352.389
-25	0	-67.5	345.924
-22.5	0	-67.5	339.472
-20	0	-67.5	333.033
-17.5	0	-67.5	326.66
-15	0	-67.5	320.237
-12.5	0	-67.5	313.563
-10	0	-67.5	306.414
-7.5	0	-67.5	298.747
-5	0	-67.5	290.609
-2.5	0	-67.5	282.03
0	0	-67.5	273.167
2.5	0	-67.5	264.337
5	0	-67.5	255.983
7.5	0	-67.5	248.335
10	0	-67.5	241.463
12.5	0	-67.5	235.388
15	0	-67.5	229.967
17.5	0	-67.5	225.027
20	0	-67.5	220.447
22.5	0	-67.5	215.967
25	0	-67.5	211.574
27.5	0	-67.5	207.388
30	0	-67.5	203.347
32.5	0	-67.5	199.39
35	0	-67.5	195.588
37.5	0	-67.5	191.965
40	0	-67.5	188.571
42.5	0	-67.5	185.329
45	0	-67.5	182.028
47.5	0	-67.5	178.768
50	0	-67.5	175.513
52.5	0	-67.5	172.252
55	0	-67.5	168.978
57.5	0	-67.5	165.793
60	0	-67.5	162.928
62.5	0	-67.5	160.507
65	0	-67.5	158.593
67.5	0	-67.5	157.153
70	0	-67.5	156.343
72.5	0	-67.5	156.216
75	0	-67.5	156.664
77.5	0	-67.5	157.45
80	0	-67.5	158.394
82.5	0	-67.5	159.495
85	0	-67.5	160.563
87.5	0	-67.5	161.536
90	0	-67.5	162.343
-88.75	0	-71.25	456.836
-86.25	0	-71.25	453.04
-83.75	0	-71.25	449.211
-81.25	0	-71.25	445.556
-78.75	0	-71.25	442.04
-76.25	0	-71.25	438.607
-73.75	0	-71.25	435.256
-71.25	0	-71.25	431.925
-68.75	0	-71.25	428.602
-66.25	0	-71.25	425.245
-63.75	0	-71.25	421.932
-61.25	0	-71.25	418.613
-58.75	0	-71.25	415.325
-56.25	0	-71.25	412.031
-53.75	0	-71.25	408.611
-51.25	0	-71.25	405.024
-48.75	0	-71.25	401.226
-46.25	0	-71.25	397.044
-43.75	0	-71.25	392.382
-41.25	0	-71.25	387.105
-38.75	0	-71.25	381.237
-36.25	0	-71.25	375.015
-33.75	0	-71.25	368.677
-31.25	0	-71.25	362.371
-28.75	0	-71.25	356.204
-26.25	0	-71.25	350.28
-23.75	0	-71.25	344.629
-21.25	0	-71.25	339.149
-18.75	0	-71.25	333.708
-16.25	0	-71.25	328.132
-13.75	0	-71.25	322.283
-11.25	0	-71.25	316.09
-8.75	0	-71.25	309.408
-6.25	0	-71.25	302.119
-3.75	0	-71.25	294.181
-1.25	0	-71.25	285.69
1.25	0	-71.25	276.833
3.75	0	-71.25	267.958
6.25	0	-71.25	259.485
8.75	0	-71.25	251.64
11.25	0	-71.25	244.47
13.75	0	-71.25	238.029
16.25	0	-71.25	232.161
18.75	0	-71.25	226.693
21.25	0	-71.25	221.589
23.75	0	-71.25	216.68
26.25	0	-71.25	211.945
28.75	0	-71.25	207.462
31.25	0	-71.25	203.286
33.75	0	-71.25	199.372
36.25	0	-71.25	195.817
38.75	0	-71.25	192.635
41.25	0	-71.25	189.746
43.75	0	-71.25	186.941
46.25	0	-71.25	184.312
48.75	0	-71.25	181.643
51.25	0	-71.25	178.783
53.75	0	-71.25	175.705
56.25	0	-71.25	172.458
58.75	0	-71.25	169.146
61.25	0	-71.25	165.993
63.75	0	-71.25	163.191
66.25	0	-71.25	160.941
68.75	0	-71.25	159.336
71.25	0	-71.25	158.405
73.75	0	-71.25	158.156
76.25	0	-71.25	158.501
78.75	0	-71.25	159.255
81.25	0	-71.25	160.16
83.75	0	-71.25	161.179
86.25	0	-71.25	162.245
-85	0	-75	447.311
-82.5	0	-75	444.528
-80	0	-75	441.752
-77.5	0	-75	439.026
-75	0	-75	436.252
-72.5	0	-75	433.425
-70	0	-75	430.613
-67.5	0	-75	427.774
-65	0	-75	424.844
-62.5	0	-75	421.797
-60	0	-75	418.707
-57.5	0	-75	415.527
-55	0	-75	412.189
-52.5	0	-75	408.636
-50	0	-75	404.684
-47.5	0	-75	400.34
-45	0	-75	395.464
-42.5	0	-75	389.996
-40	0	-75	384.083
-37.5	0	-75	377.921
-35	0	-75	371.737
-32.5	0	-75	365.779
-30	0	-75	360.126
-27.5	0	-75	354.807
-25	0	-75	349.87
-22.5	0	-75	345.201
-20	0	-75	340.578
-17.5	0	-75	335.801
-15	0	-75	330.792
-12.5	0	-75	325.424
-10	0	-75	319.609
-7.5	0	-75	313.174
-5	0	-75	306.01
-2.5	0	-75	298.116
0	0	-75	289.577
2.5	0	-75	280.63
5	0	-75	271.619
7.5	0	-75	262.954
10	0	-75	254.819
12.5	0	-75	247.281
15	0	-75	240.361
17.5	0	-75	234.004
20	0	-75	228.055
22.5	0	-75	222.467
25	0	-75	217.175
27.5	0	-75	212.164
30	0	-75	207.543
32.5	0	-75	203.342
35	0	-75	199.576
37.5	0	-75	196.339
40	0	-75	193.533
42.5	0	-75	190.962
45	0	-75	188.722
47.5	0	-75	186.591
50	0	-75	184.33
52.5	0	-75	181.862
55	0	-75	179.023
57.5	0	-75	175.768
60	0	-75	172.268
62.5	0	-75	168.9
65	0	-75	165.89
67.5	0	-75	163.466
70	0	-75	161.706
72.5	0	-75	160.631
75	0	-75	160.284
77.5	0	-75	160.531
80	0	-75	161.183
82.5	0	-75	162.046
-81.25	0	-78.75	440.2
-78.75	0	-78.75	438.131
-76.25	0	-78.75	435.948
-73.75	0	-78.75	433.729
-71.25	0	-78.75	431.405
-68.75	0	-78.75	428.976
-66.25	0	-78.75	426.469
-63.75	0	-78.75	423.808
-61.25	0	-78.75	421.007
-58.75	0	-78.75	417.978
-56.25	0	-78.75	414.739
-53.75	0	-78.75	411.213
-51.25	0	-78.75	407.297
-48.75	0	-78.75	402.911
-46.25	0	-78.75	397.962
-43.75	0	-78.75	392.468
-41.25	0	-78.75	386.638
-38.75	0	-78.75	380.702
-36.25	0	-78.75	374.915
-33.75	0	-78.75	369.414
-31.25	0	-78.75	364.279
-28.75	0	-78.75	359.576
-26.25	0	-78.75	355.253
-23.75	0	-78.75	351.208
-21.25	0	-78.75	347.216
-18.75	0	-78.75	343.129
-16.25	0	-78.75	338.865
-13.75	0	-78.75	334.295
-11.25	0	-78.75	329.245
-8.75	0	-78.75	323.56
-6.25	0	-78.75	317.152
-3.75	0	-78.75	309.964
-1.25	0	-78.75	302.035
1.25	0	-78.75	293.412
3.75	0	-78.75	284.306
6.25	0	-78.75	275.099
8.75	0	-78.75	266.178
11.25	0	-78.75	257.704
13.75	0	-78.75	249.719
16.25	0	-78.75	242.332
18.75	0	-78.75	235.496
21.25	0	-78.75	229.124
23.75	0	-78.75	223.186
26.25	0	-78.75	217.578
28.75	0	-78.75	212.397
31.25	0	-78.75	207.774
33.75	0	-78.75	203.709
36.25	0	-78.75	200.17
38.75	0	-78.75	197.19
41.25	0	-78.75	194.609
43.75	0	-78.75	192.51
46.25	0	-78.75	190.665
48.75	0	-78.75	188.885
51.25	0	-78.75	186.945
53.75	0	-78.75	184.639
56.25	0	-78.75	181.85
58.75	0	-78.75	178.651
61.25	0	-78.75	175.201
63.75	0	-78.75	171.77
66.25	0	-78.75	168.637
68.75	0	-78.75	166.056
71.25	0	-78.75	164.166
73.75	0	-78.75	162.975
76.25	0	-78.75	162.505
78.75	0	-78.75	162.669
-77.5	0	-82.5	434.245
-75	0	-82.5	432.656
-72.5	0	-82.5	430.822
-70	0	-82.5	428.836
-67.5	0	-82.5	426.723
-65	0	-82.5	424.472
-62.5	0	-82.5	421.999
-60	0	-82.5	419.234
-57.5	0	-82.5	416.175
-55	0	-82.5	412.766
-52.5	0	-82.5	408.984
-50	0	-82.5	404.708
-47.5	0	-82.5	399.866
-45	0	-82.5	394.624
-42.5	0	-82.5	389.116
-40	0	-82.5	383.601
-37.5	0	-82.5	378.269
-35	0	-82.5	373.251
-32.5	0	-82.5	368.716
-30	0	-82.5	364.601
-27.5	0	-82.5	360.766
-25	0	-82.5	357.111
-22.5	0	-82.5	353.615
-20	0	-82.5	350.139
-17.5	0	-82.5	346.482
-15	0	-82.5	342.499
-12.5	0	-82.5	338.093
-10	0	-82.5	333.128
-7.5	0	-82.5	327.468
-5	0	-82.5	321.015
-2.5	0	-82.5	313.755
0	0	-82.5	305.707
2.5	0	-82.5	296.964
5	0	-82.5	287.707
7.5	0	-82.5	278.245
10	0	-82.5	268.996
12.5	0	-82.5	260.128
15	0	-82.5	251.739
17.5	0	-82.5	243.928
20	0	-82.5	236.694
22.5	0	-82.5	229.986
25	0	-82.5	223.787
27.5	0	-82.5	218.051
30	0	-82.5	212.837
32.5	0	-82.5	208.296
35	0	-82.5	204.449
37.5	0	-82.5	201.169
40	0	-82.5	198.366
42.5	0	-82.5	196.156
45	0	-82.5	194.389
47.5	0	-82.5	192.823
50	0	-82.5	191.194
52.5	0	-82.5	189.256
55	0	-82.5	186.983
57.5	0	-82.5	184.312
60	0	-82.5	181.257
62.5	0	-82.5	177.875
65	0	-82.5	174.456
67.5	0	-82.5	171.307
70	0	-82.5	168.646
72.5	0	-82.5	166.633
75	0	-82.5	165.352
-73.75	0	-86.25	428.703
-71.25	0	-86.25	427.249
-68.75	0	-86.25	425.551
-66.25	0	-86.25	423.68
-63.75	0	-86.25	421.571
-61.25	0	-86.25	419.135
-58.75	0	-86.25	416.352
-56.25	0	-86.25	413.215
-53.75	0	-86.25	409.697
-51.25	0	-86.25	405.713
-48.75	0	-86.25	401.305
-46.25	0	-86.25	396.513
-43.75	0	-86.25	391.561
-41.25	0	-86.25	386.643
-38.75	0	-86.25	381.879
-36.25	0	-86.25	377.443
-33.75	0	-86.25	373.386
-31.25	0	-86.25	369.665
-28.75	0	-86.25	366.236
-26.25	0	-86.25	363.003
-23.75	0	-86.25	359.843
-21.25	0	-86.25	356.733
-18.75	0	-86.25	353.535
-16.25	0	-86.25	350.048
-13.75	0	-86.25	346.151
-11.25	0	-86.25	341.742
-8.75	0	-86.25	336.754
-6.25	0	-86.25	331.065
-3.75	0	-86.25	324.571
-1.25	0	-86.25	317.208
1.25	0	-86.25	309.04
3.75	0	-86.25	300.126
6.25	0	-86.25	290.654
8.75	0	-86.25	280.92
11.25	0	-86.25	271.304
13.75	0	-86.25	262.064
16.25	0	-86.25	253.312
18.75	0	-86.25	245.177
21.25	0	-86.25	237.661
23.75	0	-86.25	230.729
26.25	0	-86.25	224.419
28.75	0	-86.25	218.684
31.25	0	-86.25	213.576
33.75	0	-86.25	209.228
36.25	0	-86.25	205.612
38.75	0	-86.25	202.522
41.25	0	-86.25	200.113
43.75	0	-86.25	198.193
46.25	0	-86.25	196.557
48.75	0	-86.25	194.992
51.25	0	-86.25	193.342
53.75	0	-86.25	191.401
56.25	0	-86.25	189.136
58.75	0	-86.25	186.507
61.25	0	-86.25	183.483
63.75	0	-86.25	180.209
66.25	0	-86.25	176.889
68.75	0	-86.25	173.769
71.25	0	-86.25	171.121
-70	0	-90	422.811
-67.5	0	-90	421.37
-65	0	-90	419.626
-62.5	0	-90	417.601
-60	0	-90	415.217
-57.5	0	-90	412.476
-55	0	-90	409.379
-52.5	0	-90	405.966
-50	0	-90	402.255
-47.5	0	-90	398.215
-45	0	-90	393.991
-42.5	0	-90	389.77
-40	0	-90	385.689
-37.5	0	-90	381.845
-35	0	-90	378.218
-32.5	0	-90	374.785
-30	0	-90	371.621
-27.5	0	-90	368.664
-25	0	-90	365.83
-22.5	0	-90	362.973
-20	0	-90	360.01
-17.5	0	-90	356.861
-15	0	-90	353.376
-12.5	0	-90	349.472
-10	0	-90	345.038
-7.5	0	-90	339.983
-5	0	-90	334.244
-2.5	0	-90	327.695
0	0	-90	320.251
2.5	0	-90	311.924
5	0	-90	302.8
7.5	0	-90	293.054
10	0	-90	283.009
12.5	0	-90	273.078
15	0	-90	263.512
17.5	0	-90	254.478
20	0	-90	246.129
22.5	0	-90	238.466
25	0	-90	231.465
27.5	0	-90	225.174
30	0	-90	219.566
32.5	0	-90	214.703
35	0	-90	210.619
37.5	0	-90	207.199
40	0	-90	204.482
42.5	0	-90	202.319
45	0	-90	200.481
47.5	0	-90	198.848
50	0	-90	197.23
52.5	0	-90	195.473
55	0	-90	193.445
57.5	0	-90	191.104
60	0	-90	188.414
62.5	0	-90	185.404
65	0	-90	182.183
67.5	0	-90	178.983
-66.25	0	-93.75	416.117
-63.75	0	-93.75	414.578
-61.25	0	-93.75	412.705
-58.75	0	-93.75	410.54
-56.25	0	-93.75	408.119
-53.75	0	-93.75	405.502
-51.25	0	-93.75	402.671
-48.75	0	-93.75	399.596
-46.25	0	-93.75	396.328
-43.75	0	-93.75	392.935
-41.25	0	-93.75	389.571
-38.75	0	-93.75	386.246
-36.25	0	-93.75	382.984
-33.75	0	-93.75	379.881
-31.25	0	-93.75	376.925
-28.75	0	-93.75	374.129
-26.25	0	-93.75	371.427
-23.75	0	-93.75	368.703
-21.25	0	-93.75	365.915
-18.75	0	-93.75	362.984
-16.25	0	-93.75	359.81
-13.75	0	-93.75	356.281
-11.25	0	-93.75	352.326
-8.75	0	-93.75	347.863
-6.25	0	-93.75	342.789
-3.75	0	-93.75	336.97
-1.25	0	-93.75	330.33
1.25	0	-93.75	322.776
3.75	0	-93.75	314.284
6.25	0	-93.75	304.906
8.75	0	-93.75	294.855
11.25	0	-93.75	284.504
13.75	0	-93.75	274.301
16.25	0	-93.75	264.516
18.75	0	-93.75	255.314
21.25	0	-93.75	246.853
23.75	0	-93.75	239.176
26.25	0	-93.75	232.27
28.75	0	-93.75	226.158
31.25	0	-93.75	220.818
33.75	0	-93.75	216.265
36.25	0	-93.75	212.437
38.75	0	-93.75	209.373
41.25	0	-93.75	206.843
43.75	0	-93.75	204.785
46.25	0	-93.75	203.004
48.75	0	-93.75	201.304
51.25	0	-93.75	199.521
53.75	0	-93.75	197.573
56.25	0	-93.75	195.379
58.75	0	-93.75	192.886
61.25	0	-93.75	190.09
63.75	0	-93.75	187.053
-62.5	0	-97.5	408.795
-60	0	-97.5	407.458
-57.5	0	-97.5	405.955
-55	0	-97.5	404.343
-52.5	0	-97.5	402.557
-50	0	-97.5	400.549
-47.5	0	-97.5	398.34
-45	0	-97.5	395.912
-42.5	0	-97.5	393.27
-40	0	-97.5	390.448
-37.5	0	-97.5	387.601
-35	0	-97.5	384.768
-32.5	0	-97.5	382.001
-30	0	-97.5	379.302
-27.5	0	-97.5	376.621
-25	0	-97.5	373.943
-22.5	0	-97.5	371.219
-20	0	-97.5	368.386
-17.5	0	-97.5	365.434
-15	0	-97.5	362.251
-12.5	0	-97.5	358.692
-10	0	-97.5	354.709
-7.5	0	-97.5	350.216
-5	0	-97.5	345.097
-2.5	0	-97.5	339.216
0	0	-97.5	332.45
2.5	0	-97.5	324.73
5	0	-97.5	316.024
7.5	0	-97.5	306.386
10	0	-97.5	296.05
12.5	0	-97.5	285.444
15	0	-97.5	275.039
17.5	0	-97.5	265.13
20	0	-97.5	255.87
22.5	0	-97.5	247.446
25	0	-97.5	239.909
27.5	0	-97.5	233.238
30	0	-97.5	227.475
32.5	0	-97.5	222.5
35	0	-97.5	218.2
37.5	0	-97.5	214.717
40	0	-97.5	211.921
42.5	0	-97.5	209.568
45	0	-97.5	207.544
47.5	0	-97.5	205.671
50	0	-97.5	203.797
52.5	0	-97.5	201.813
55	0	-97.5	199.639
57.5	0	-97.5	197.189
60	0	-97.5	194.513
-58.75	0	-101.25	402.861
-56.25	0	-101.25	402.448
-53.75	0	-101.25	401.835
-51.25	0	-101.25	400.995
-48.75	0	-101.25	399.85
-46.25	0	-101.25	398.359
-43.75	0	-101.25	396.463
-41.25	0	-101.25	394.248
-38.75	0	-101.25	391.857
-36.25	0	-101.25	389.307
-33.75	0	-101.25	386.697
-31.25	0	-101.25	384.039
-28.75	0	-101.25	381.34
-26.25	0	-101.25	378.646
-23.75	0	-101.25	375.941
-21.25	0	-101.25	373.174
-18.75	0	-101.25	370.315
-16.25	0	-101.25	367.329
-13.75	0	-101.25	364.152
-11.25	0	-101.25	360.609
-8.75	0	-101.25	356.615
-6.25	0	-101.25	352.08
-3.75	0	-101.25	346.896
-1.25	0	-101.25	340.924
1.25	0	-101.25	334.016
3.75	0	-101.25	326.071
6.25	0	-101.25	317.104
8.75	0	-101.25	307.223
11.25	0	-101.25	296.677
13.75	0	-101.25	285.886
16.25	0	-101.25	275.366
18.75	0	-101.25	265.423
21.25	0	-101.25	256.256
23.75	0	-101.25	248.027
26.25	0	-101.25	240.782
28.75	0	-101.25	234.503
31.25	0	-101.25	229.124
33.75	0	-101.25	224.441
36.25	0	-101.25	220.564
38.75	0	-101.25	217.414
41.25	0	-101.25	214.814
43.75	0	-101.25	212.537
46.25	0	-101.25	210.441
48.75	0	-101.25	208.382
51.25	0	-101.25	206.281
53.75	0	-101.25	204.051
56.25	0	-101.25	201.616
-55	0	-105	400.37
-52.5	0	-105	400.743
-50	0	-105	400.634
-47.5	0	-105	400.021
-45	0	-105	398.93
-42.5	0	-105	397.393
-40	0	-105	395.471
-37.5	0	-105	393.255
-35	0	-105	390.828
-32.5	0	-105	388.221
-30	0	-105	385.527
-27.5	0	-105	382.785
-25	0	-105	380.044
-22.5	0	-105	377.32
-20	0	-105	374.55
-17.5	0	-105	371.695
-15	0	-105	368.721
-12.5	0	-105	365.532
-10	0	-105	362.012
-7.5	0	-105	358.024
-5	0	-105	353.447
-2.5	0	-105	348.172
0	0	-105	342.055
2.5	0	-105	334.955
5	0	-105	326.777
7.5	0	-105	317.56
10	0	-105	307.462
12.5	0	-105	296.765
15	0	-105	285.908
17.5	0	-105	275.383
20	0	-105	265.547
22.5	0	-105	256.608
25	0	-105	248.719
27.5	0	-105	241.886
30	0	-105	236.006
32.5	0	-105	230.986
35	0	-105	226.801
37.5	0	-105	223.317
40	0	-105	220.41
42.5	0	-105	217.907
45	0	-105	215.589
47.5	0	-105	213.347
50	0	-105	211.072
52.5	0	-105	208.718
-51.25	0	-108.75	400.412
-48.75	0	-108.75	400.747
-46.25	0	-108.75	400.451
-43.75	0	-108.75	399.602
-41.25	0	-108.75	398.221
-38.75	0	-108.75	396.359
-36.25	0	-108.75	394.157
-33.75	0	-108.75	391.691
-31.25	0	-108.75	389.062
-28.75	0	-108.75	386.317
-26.25	0	-108.75	383.56
-23.75	0	-108.75	380.822
-21.25	0	-108.75	378.109
-18.75	0	-108.75	375.376
-16.25	0	-108.75	372.553
-13.75	0	-108.75	369.604
-11.25	0	-108.75	366.444
-8.75	0	-108.75	362.909
-6.25	0	-108.75	358.908
-3.75	0	-108.75	354.285
-1.25	0	-108.75	348.886
1.25	0	-108.75	342.581
3.75	0	-108.75	335.249
6.25	0	-108.75	326.846
8.75	0	-108.75	317.432
11.25	0	-108.75	307.181
13.75	0	-108.75	296.423
16.25	0	-108.75	285.597
18.75	0	-108.75	275.232
21.25	0	-108.75	265.648
23.75	0	-108.75	257.039
26.25	0	-108.75	249.557
28.75	0	-108.75	243.186
31.25	0	-108.75	237.735
33.75	0	-108.75	233.243
36.25	0	-108.75	229.483
38.75	0	-108.75	226.287
41.25	0	-108.75	223.545
43.75	0	-108.75	221.047
46.25	0	-108.75	218.602
48.75	0	-108.75	216.18
-47.5	0	-112.5	400.801
-45	0	-112.5	400.651
-42.5	0	-112.5	399.828
-40	0	-112.5	398.42
-37.5	0	-112.5	396.517
-35	0	-112.5	394.278
-32.5	0	-112.5	391.782
-30	0	-112.5	389.131
-27.5	0	-112.5	386.437
-25	0	-112.5	383.709
-22.5	0	-112.5	381.021
-20	0	-112.5	378.362
-17.5	0	-112.5	375.674
-15	0	-112.5	372.91
-12.5	0	-112.5	370.009
-10	0	-112.5	366.862
-7.5	0	-112.5	363.319
-5	0	-112.5	359.253
-2.5	0	-112.5	354.539
0	0	-112.5	348.997
2.5	0	-112.5	342.475
5	0	-112.5	334.918
7.5	0	-112.5	326.324
10	0	-112.5	316.787
12.5	0	-112.5	306.495
15	0	-112.5	295.775
17.5	0	-112.5	285.117
20	0	-112.5	275.015
22.5	0	-112.5	265.779
25	0	-112.5	257.614
27.5	0	-112.5	250.625
30	0	-112.5	244.696
32.5	0	-112.5	239.805
35	0	-112.5	235.77
37.5	0	-112.5	232.339
40	0	-112.5	229.346
42.5	0	-112.5	226.651
45	0	-112.5	224.096
-43.75	0	-116.25	400.075
-41.25	0	-116.25	399.207
-38.75	0	-116.25	397.747
-36.25	0	-116.25	395.824
-33.75	0	-116.25	393.573
-31.25	0	-116.25	391.111
-28.75	0	-116.25	388.536
-26.25	0	-116.25	385.908
-23.75	0	-116.25	383.288
-21.25	0	-116.25	380.679
-18.75	0	-116.25	378.102
-16.25	0	-116.25	375.489
-13.75	0	-116.25	372.782
-11.25	0	-116.25	369.925
-8.75	0	-116.25	366.786
-6.25	0	-116.25	363.208
-3.75	0	-116.25	359.06
-1.25	0	-116.25	354.182
1.25	0	-116.25	348.452
3.75	0	-116.25	341.752
6.25	0	-116.25	334.024
8.75	0	-116.25	325.31
11.25	0	-116.25	315.741
13.75	0	-116.25	305.514
16.25	0	-116.25	294.96
18.75	0	-116.25	284.547
21.25	0	-116.25	274.813
23.75	0	-116.25	266.063
26.25	0	-116.25	258.421
28.75	0	-116.25	251.891
31.25	0	-116.25	246.522
33.75	0	-116.25	242.104
36.25	0	-116.25	238.432
38.75	0	-116.25	235.234
41.25	0	-116.25	232.338
-40	0	-120	397.617
-37.5	0	-120	396.191
-35	0	-120	394.303
-32.5	0	-120	392.134
-30	0	-120	389.774
-27.5	0	-120	387.313
-25	0	-120	384.816
-22.5	0	-120	382.309
-20	0	-120	379.837
-17.5	0	-120	377.353
-15	0	-120	374.83
-12.5	0	-120	372.182
-10	0	-120	369.343
-7.5	0	-120	366.198
-5	0	-120	362.549
-2.5	0	-120	358.264
0	0	-120	353.215
2.5	0	-120	347.296
5	0	-120	340.453
7.5	0	-120	332.653
10	0	-120	323.924
12.5	0	-120	314.402
15	0	-120	304.325
17.5	0	-120	294.053
20	0	-120	284.038
22.5	0	-120	274.783
25	0	-120	266.556
27.5	0	-120	259.394
30	0	-120	253.454
32.5	0	-120	248.572
35	0	-120	244.519
37.5	0	-120	241.102
-36.25	0	-123.75	393.808
-33.75	0	-123.75	392.063
-31.25	0	-123.75	390.035
-28.75	0	-123.75	387.832
-26.25	0	-123.75	385.526
-23.75	0	-123.75	383.186
-21.25	0	-123.75	380.834
-18.75	0	-123.75	378.485
-16.25	0	-123.75	376.139
-13.75	0	-123.75	373.693
-11.25	0	-123.75	371.098
-8.75	0	-123.75	368.262
-6.25	0	-123.75	365.053
-3.75	0	-123.75	361.302
-1.25	0	-123.75	356.867
1.25	0	-123.75	351.658
3.75	0	-123.75	345.616
6.25	0	-123.75	338.688
8.75	0	-123.75	330.879
11.25	0	-123.75	322.219
13.75	0	-123.75	312.872
16.25	0	-123.75	303.086
18.75	0	-123.75	293.205
21.25	0	-123.75	283.686
23.75	0	-123.75	274.962
26.25	0	-123.75	267.217
28.75	0	-123.75	260.647
31.25	0	-123.75	255.21
33.75	0	-123.75	250.729
-32.5	0	-127.5	389.159
-30	0	-127.5	387.343
-27.5	0	-127.5	385.33
-25	0	-127.5	383.217
-22.5	0	-127.5	381.053
-20	0	-127.5	378.865
-17.5	0	-127.5	376.673
-15	0	-127.5	374.433
-12.5	0	-127.5	372.081
-10	0	-127.5	369.504
-7.5	0	-127.5	366.642
-5	0	-127.5	363.347
-2.5	0	-127.5	359.456
0	0	-127.5	354.901
2.5	0	-127.5	349.588
5	0	-127.5	343.472
7.5	0	-127.5	336.533
10	0	-127.5	328.789
12.5	0	-127.5	320.333
15	0	-127.5	311.299
17.5	0	-127.5	301.907
20	0	-127.5	292.512
22.5	0	-127.5	283.525
25	0	-127.5	275.304
27.5	0	-127.5	268.156
30	0	-127.5	262.096
-28.75	0	-131.25	384.083
-26.25	0	-131.25	382.313
-23.75	0	-131.25	380.406
-21.25	0	-131.25	378.442
-18.75	0	-131.25	376.431
-16.25	0	-131.25	374.379
-13.75	0	-131.25	372.246
-11.25	0	-131.25	369.945
-8.75	0	-131.25	367.39
-6.25	0	-131.25	364.462
-3.75	0	-131.25	361.068
-1.25	0	-131.25	357.073
1.25	0	-131.25	352.41
3.75	0	-131.25	347.041
6.25	0	-131.25	340.94
8.75	0	-131.25	334.097
11.25	0	-131.25	326.557
13.75	0	-131.25	318.391
16.25	0	-131.25	309.758
18.75	0	-131.25	300.873
21.25	0	-131.25	292.015
23.75	0	-131.25	283.525
26.25	0	-131.25	275.908
-25	0	-135	378.784
-22.5	0	-135	377.125
-20	0	-135	375.362
-17.5	0	-135	373.523
-15	0	-135	371.602
-12.5	0	-135	369.56
-10	0	-135	367.297
-7.5	0	-135	364.713
-5	0	-135	361.732
-2.5	0	-135	358.238
0	0	-135	354.158
2.5	0	-135	349.466
5	0	-135	344.129
7.5	0	-135	338.143
10	0	-135	331.509
12.5	0	-135	324.267
15	0	-135	316.501
17.5	0	-135	308.35
20	0	-135	300.006
22.5	0	-135	291.673
-21.25	0	-138.75	373.358
-18.75	0	-138.75	371.816
-16.25	0	-138.75	370.139
-13.75	0	-138.75	368.341
-11.25	0	-138.75	366.365
-8.75	0	-138.75	364.112
-6.25	0	-138.75	361.482
-3.75	0	-138.75	358.422
-1.25	0	-138.75	354.897
1.25	0	-138.75	350.812
3.75	0	-138.75	346.176
6.25	0	-138.75	340.962
8.75	0	-138.75	335.183
11.25	0	-138.75	328.862
13.75	0	-138.75	322.019
16.25	0	-138.75	314.737
18.75	0	-138.75	307.126
-17.5	0	-142.5	367.786
-15	0	-142.5	366.285
-12.5	0	-142.5	364.584
-10	0	-142.5	362.637
-7.5	0	-142.5	360.351
-5	0	-142.5	357.693
-2.5	0	-142.5	354.628
0	0	-142.5	351.12
2.5	0	-142.5	347.127
5	0	-142.5	342.621
7.5	0	-142.5	337.635
10	0	-142.5	332.171
12.5	0	-142.5	326.24
15	0	-142.5	319.893
-13.75	0	-146.25	361.914
-11.25	0	-146.25	360.28
-8.75	0	-146.25	358.344
-6.25	0	-146.25	356.071
-3.75	0	-146.25	353.427
-1.25	0	-146.25	350.412
1.25	0	-146.25	347.004
3.75	0	-146.25	343.162
6.25	0	-146.25	338.912
8.75	0	-146.25	334.242
11.25	0	-146.25	329.186
-10	0	-150	355.43
-7.5	0	-150	353.548
-5	0	-150	351.315
-2.5	0	-150	348.747
0	0	-150	345.85
2.5	0	-150	342.619
5	0	-150	339.037
7.5	0	-150	335.12
-6.25	0	-153.75	348.268
-3.75	0	-153.75	346.153
-1.25	0	-153.75	343.726
1.25	0	-153.75	341.026
3.75	0	-153.75	338.069
-2.5	0	-157.5	340.638
0	0	-157.5	338.447
