# ============================================================
# Electrode Geometry and Array Coefficients
# Paper: A Comparative Study of Pseudo-diode Arrays and Standard Arrays
# Based on High-density DC Resistivity Method
# ============================================================
# Column 1: X_Coord (m)       - Horizontal electrode position
# Column 2: Z_Coord (m)       - Depth coordinate (negative downward)
# Column 3: App_Resistivity   - Apparent resistivity (Ohm-m)
# Column 4: ElectrodeSpacing  - Electrode spacing 'a' for this measurement
# Column 5: GeometricFactor    - Array geometric factor K = 2*pi*a

-156.25	-3.75	202.31	1000	0.79769
-153.75	-3.75	217.238	1000	0.782762
-151.25	-3.75	212.199	1000	0.787801
-148.75	-3.75	208.025	1000	0.791975
-146.25	-3.75	217.661	1000	0.782339
-143.75	-3.75	194.95	1000	0.80505
-141.25	-3.75	221.795	1000	0.778205
-138.75	-3.75	202.673	1000	0.797327
-136.25	-3.75	208.675	1000	0.791325
-133.75	-3.75	215.579	1000	0.784421
-131.25	-3.75	205.015	1000	0.794985
-128.75	-3.75	217.525	1000	0.782475
-126.25	-3.75	212.162	999.999	0.787838
-123.75	-3.75	217.728	999.999	0.782272
-121.25	-3.75	214.862	999.999	0.785138
-118.75	-3.75	215.178	999.999	0.784822
-116.25	-3.75	206.13	999.999	0.79387
-113.75	-3.75	218.818	999.999	0.781181
-111.25	-3.75	205.709	999.999	0.794291
-108.75	-3.75	217.531	999.999	0.782469
-106.25	-3.75	215.569	999.999	0.78443
-103.75	-3.75	206.706	999.998	0.793294
-101.25	-3.75	217.171	999.998	0.782829
-98.75	-3.75	204.729	999.998	0.795271
-96.25	-3.75	217.15	999.998	0.78285
-93.75	-3.75	202.888	999.997	0.797111
-91.25	-3.75	221.079	999.997	0.77892
-88.75	-3.75	205.261	999.996	0.794738
-86.25	-3.75	217.334	999.995	0.782665
-83.75	-3.75	215.477	999.995	0.784521
-81.25	-3.75	206.695	999.994	0.793304
-78.75	-3.75	217.231	999.992	0.782767
-76.25	-3.75	206.352	999.991	0.793646
-73.75	-3.75	215.316	999.989	0.784681
-71.25	-3.75	213.73	999.987	0.786267
-68.75	-3.75	217.232	999.984	0.782764
-66.25	-3.75	212.105	999.98	0.78789
-63.75	-3.75	217.544	999.976	0.78245
-61.25	-3.75	215.449	999.97	0.784544
-58.75	-3.75	206.562	999.962	0.79343
-56.25	-3.75	216.999	999.953	0.782991
-53.75	-3.75	204.537	999.94	0.795451
-51.25	-3.75	216.978	999.923	0.783005
-48.75	-3.75	202.721	999.901	0.797259
-46.25	-3.75	220.918	999.871	0.779054
-43.75	-3.75	205.105	999.831	0.794861
-41.25	-3.75	217.175	999.776	0.782777
-38.75	-3.75	215.306	999.7	0.784629
-36.25	-3.75	206.505	999.594	0.793412
-33.75	-3.75	217.014	999.445	0.782866
-31.25	-3.75	206.094	999.232	0.793748
-28.75	-3.75	215.007	998.926	0.784762
-26.25	-3.75	213.351	998.483	0.786325
-23.75	-3.75	216.711	997.836	0.782819
-21.25	-3.75	211.99	996.891	0.787349
-18.75	-3.75	208.445	995.512	0.790615
-16.25	-3.75	216.07	993.521	0.782521
-13.75	-3.75	205.135	990.715	0.792942
-11.25	-3.75	213.948	986.944	0.783222
-8.75	-3.75	212.428	982.275	0.783739
-6.25	-3.75	204.576	977.207	0.790652
-3.75	-3.75	215.39	972.742	0.778574
-1.25	-3.75	193.562	970.091	0.80047
1.25	-3.75	207.731	970.091	0.785864
3.75	-3.75	196.429	972.742	0.798067
6.25	-3.75	206.868	977.207	0.788307
8.75	-3.75	201.273	982.275	0.795095
11.25	-3.75	215.038	986.944	0.782117
13.75	-3.75	202.046	990.715	0.796061
16.25	-3.75	216.552	993.521	0.782036
18.75	-3.75	200.532	995.512	0.798564
21.25	-3.75	206.078	996.891	0.793279
23.75	-3.75	214.86	997.836	0.784675
26.25	-3.75	204.002	998.483	0.795688
28.75	-3.75	206.851	998.926	0.792927
31.25	-3.75	214.785	999.232	0.78505
33.75	-3.75	202.838	999.445	0.797049
36.25	-3.75	215.414	999.594	0.784499
38.75	-3.75	210.519	999.7	0.789418
41.25	-3.75	207.178	999.776	0.792776
43.75	-3.75	214.876	999.831	0.785088
46.25	-3.75	203.895	999.871	0.796079
48.75	-3.75	215.18	999.901	0.784799
51.25	-3.75	209.122	999.923	0.790862
53.75	-3.75	205.72	999.94	0.794268
56.25	-3.75	214.675	999.953	0.785315
58.75	-3.75	203.721	999.962	0.796271
61.25	-3.75	205.698	999.97	0.794295
63.75	-3.75	215.473	999.976	0.784522
66.25	-3.75	199.934	999.98	0.800062
68.75	-3.75	205.329	999.984	0.794668
71.25	-3.75	213.264	999.987	0.786733
73.75	-3.75	202.872	999.989	0.797126
76.25	-3.75	215.516	999.991	0.784482
78.75	-3.75	210.173	999.992	0.789825
81.25	-3.75	215.798	999.994	0.784201
83.75	-3.75	213.801	999.995	0.786198
86.25	-3.75	202.378	999.995	0.797621
88.75	-3.75	218.148	999.996	0.781852
91.25	-3.75	200.984	999.997	0.799015
93.75	-3.75	215.623	999.997	0.784377
96.25	-3.75	212.867	999.998	0.787132
98.75	-3.75	205.903	999.998	0.794096
101.25	-3.75	205.759	999.998	0.794241
103.75	-3.75	206.824	999.998	0.793176
106.25	-3.75	203.031	999.999	0.796969
108.75	-3.75	215.276	999.999	0.784724
111.25	-3.75	200.819	999.999	0.79918
113.75	-3.75	216.071	999.999	0.783929
116.25	-3.75	195.195	999.999	0.804804
118.75	-3.75	215.569	999.999	0.784431
121.25	-3.75	193.248	999.999	0.806752
123.75	-3.75	206.881	999.999	0.793119
126.25	-3.75	206.95	999.999	0.793049
128.75	-3.75	191.668	1000	0.808332
131.25	-3.75	215.582	1000	0.784418
133.75	-3.75	194.311	1000	0.805689
136.25	-3.75	212.135	1000	0.787865
138.75	-3.75	206.171	1000	0.793829
141.25	-3.75	209.041	1000	0.790959
143.75	-3.75	205.242	1000	0.794758
146.25	-3.75	214.54	1000	0.78546
148.75	-3.75	193.588	1000	0.806412
151.25	-3.75	214.636	1000	0.785364
153.75	-3.75	192.961	1000	0.807039
-152.5	-7.5	209.018	999.999	0.790981
-150	-7.5	212.752	999.999	0.787248
-147.5	-7.5	213.366	999.998	0.786633
-145	-7.5	213.688	999.998	0.786311
-142.5	-7.5	214.101	999.998	0.785899
-140	-7.5	211.808	999.998	0.788192
-137.5	-7.5	211.782	999.998	0.788218
-135	-7.5	212.738	999.997	0.787261
-132.5	-7.5	217.739	999.997	0.782261
-130	-7.5	213.052	999.997	0.786948
-127.5	-7.5	212.409	999.996	0.78759
-125	-7.5	213.55	999.996	0.786449
-122.5	-7.5	215.733	999.995	0.784266
-120	-7.5	213.814	999.994	0.786185
-117.5	-7.5	213.059	999.994	0.78694
-115	-7.5	214.104	999.993	0.785894
-112.5	-7.5	213.58	999.992	0.786419
-110	-7.5	212.82	999.991	0.787178
-107.5	-7.5	211.847	999.99	0.788151
-105	-7.5	213.518	999.988	0.786479
-102.5	-7.5	213.6	999.986	0.786397
-100	-7.5	215.334	999.984	0.784663
-97.5	-7.5	211.43	999.982	0.788566
-95	-7.5	211.219	999.979	0.788776
-92.5	-7.5	213.568	999.975	0.786426
-90	-7.5	214.601	999.971	0.785393
-87.5	-7.5	212.891	999.966	0.787101
-85	-7.5	211.242	999.96	0.78875
-82.5	-7.5	213.097	999.953	0.786893
-80	-7.5	213.439	999.944	0.786549
-77.5	-7.5	213.213	999.933	0.786773
-75	-7.5	211.63	999.919	0.788353
-72.5	-7.5	214.005	999.902	0.785974
-70	-7.5	214.123	999.881	0.785852
-67.5	-7.5	212.301	999.855	0.787669
-65	-7.5	212.585	999.822	0.787377
-62.5	-7.5	212.931	999.78	0.787022
-60	-7.5	212.539	999.726	0.787402
-57.5	-7.5	212.414	999.656	0.787513
-55	-7.5	214.162	999.565	0.785745
-52.5	-7.5	210.196	999.446	0.789687
-50	-7.5	209.984	999.288	0.789867
-47.5	-7.5	212.34	999.077	0.787464
-45	-7.5	213.381	998.793	0.786361
-42.5	-7.5	211.662	998.406	0.788
-40	-7.5	209.952	997.873	0.789601
-37.5	-7.5	211.684	997.134	0.787708
-35	-7.5	211.836	996.099	0.787334
-32.5	-7.5	211.345	994.637	0.787516
-30	-7.5	209.426	992.557	0.789004
-27.5	-7.5	211.389	989.586	0.786386
-25	-7.5	211.372	985.337	0.785482
-22.5	-7.5	207.323	979.295	0.788294
-20	-7.5	207.137	970.838	0.786641
-17.5	-7.5	209.417	959.35	0.781709
-15	-7.5	207.53	944.518	0.78028
-12.5	-7.5	204.011	926.784	0.779872
-10	-7.5	203.351	907.688	0.775968
-7.5	-7.5	203.878	889.658	0.770836
-5	-7.5	202.226	875.16	0.768926
-2.5	-7.5	198.817	865.914	0.770396
0	-7.5	198.896	862.756	0.769465
2.5	-7.5	201.724	865.914	0.76704
5	-7.5	202.671	875.16	0.768418
7.5	-7.5	197.431	889.658	0.778082
10	-7.5	196.556	907.688	0.783455
12.5	-7.5	200.138	926.784	0.784051
15	-7.5	204.235	944.518	0.783768
17.5	-7.5	198.872	959.35	0.792702
20	-7.5	197.704	970.838	0.796358
22.5	-7.5	201.031	979.295	0.794719
25	-7.5	200.725	985.337	0.796288
27.5	-7.5	197.948	989.586	0.799969
30	-7.5	199.684	992.557	0.798819
32.5	-7.5	202.688	994.637	0.796219
35	-7.5	199.863	996.099	0.799354
37.5	-7.5	197.413	997.134	0.80202
40	-7.5	198.81	997.873	0.800766
42.5	-7.5	201.376	998.406	0.798303
45	-7.5	201.322	998.793	0.798434
47.5	-7.5	199.321	999.077	0.800495
50	-7.5	196.007	999.288	0.803853
52.5	-7.5	196.846	999.446	0.803045
55	-7.5	199.366	999.565	0.800547
57.5	-7.5	198.57	999.656	0.801362
60	-7.5	197.21	999.726	0.802736
62.5	-7.5	199.937	999.78	0.800019
65	-7.5	196.875	999.822	0.80309
67.5	-7.5	195.746	999.855	0.804225
70	-7.5	199.622	999.881	0.800355
72.5	-7.5	203.897	999.902	0.796083
75	-7.5	199.487	999.919	0.800496
77.5	-7.5	199.101	999.933	0.800886
80	-7.5	201.114	999.944	0.798875
82.5	-7.5	200.776	999.953	0.799214
85	-7.5	201.495	999.96	0.798497
87.5	-7.5	201.836	999.966	0.798157
90	-7.5	201.142	999.971	0.798852
92.5	-7.5	199.136	999.975	0.800859
95	-7.5	199.597	999.979	0.800399
97.5	-7.5	200.728	999.982	0.799268
100	-7.5	199.927	999.984	0.80007
102.5	-7.5	201.147	999.986	0.79885
105	-7.5	201.504	999.988	0.798493
107.5	-7.5	199.477	999.99	0.800521
110	-7.5	198.218	999.991	0.80178
112.5	-7.5	200.468	999.992	0.799531
115	-7.5	202.54	999.993	0.797458
117.5	-7.5	200.227	999.994	0.799772
120	-7.5	196.087	999.994	0.803912
122.5	-7.5	199.818	999.995	0.800181
125	-7.5	200.727	999.996	0.799272
127.5	-7.5	198.268	999.996	0.801731
130	-7.5	196.399	999.997	0.8036
132.5	-7.5	198.107	999.997	0.801893
135	-7.5	200.667	999.997	0.799332
137.5	-7.5	200.043	999.998	0.799956
140	-7.5	197.891	999.998	0.802109
142.5	-7.5	197.302	999.998	0.802697
145	-7.5	200.033	999.998	0.799967
147.5	-7.5	199.278	999.998	0.800722
150	-7.5	196.603	999.999	0.803397
-148.75	-11.25	231.854	999.995	0.768144
-146.25	-11.25	232.967	999.994	0.767032
-143.75	-11.25	233.667	999.993	0.766331
-141.25	-11.25	232.313	999.993	0.767685
-138.75	-11.25	232.874	999.992	0.767124
-136.25	-11.25	233.562	999.991	0.766436
-133.75	-11.25	233.866	999.99	0.766132
-131.25	-11.25	233.621	999.989	0.766376
-128.75	-11.25	233.196	999.988	0.766801
-126.25	-11.25	232.473	999.986	0.767524
-123.75	-11.25	232.791	999.984	0.767205
-121.25	-11.25	233.656	999.982	0.76634
-118.75	-11.25	233.341	999.98	0.766654
-116.25	-11.25	233.045	999.977	0.76695
-113.75	-11.25	232.08	999.974	0.767914
-111.25	-11.25	232.034	999.971	0.76796
-108.75	-11.25	232.232	999.967	0.76776
-106.25	-11.25	232.766	999.962	0.767225
-103.75	-11.25	233.526	999.956	0.766464
-101.25	-11.25	233.155	999.949	0.766833
-98.75	-11.25	232.497	999.942	0.767489
-96.25	-11.25	231.408	999.932	0.768577
-93.75	-11.25	231.478	999.921	0.768504
-91.25	-11.25	231.468	999.908	0.768511
-88.75	-11.25	232.164	999.892	0.767811
-86.25	-11.25	231.865	999.873	0.768105
-83.75	-11.25	231.898	999.85	0.768067
-81.25	-11.25	231.36	999.822	0.768599
-78.75	-11.25	231.068	999.787	0.768883
-76.25	-11.25	231.294	999.745	0.768647
-73.75	-11.25	230.969	999.693	0.76896
-71.25	-11.25	230.544	999.627	0.76937
-68.75	-11.25	230.14	999.546	0.769755
-66.25	-11.25	229.579	999.443	0.770293
-63.75	-11.25	229.074	999.312	0.770768
-61.25	-11.25	229.828	999.145	0.769975
-58.75	-11.25	230.64	998.93	0.769113
-56.25	-11.25	229.654	998.651	0.770036
-53.75	-11.25	228.868	998.285	0.770739
-51.25	-11.25	227.753	997.802	0.771745
-48.75	-11.25	227.74	997.158	0.771611
-46.25	-11.25	227.663	996.293	0.77149
-43.75	-11.25	228.26	995.12	0.770621
-41.25	-11.25	227.771	993.516	0.770742
-38.75	-11.25	227.465	991.303	0.77054
-36.25	-11.25	226.396	988.229	0.770907
-33.75	-11.25	225.391	983.935	0.770928
-31.25	-11.25	224.787	977.92	0.770137
-28.75	-11.25	223.819	969.512	0.769142
-26.25	-11.25	222.135	957.867	0.768094
-23.75	-11.25	220.474	942.063	0.765967
-21.25	-11.25	219.139	921.375	0.76216
-18.75	-11.25	217.12	895.791	0.757622
-16.25	-11.25	215.516	866.626	0.751316
-13.75	-11.25	213.97	836.68	0.744263
-11.25	-11.25	211.679	809.395	0.738472
-8.75	-11.25	208.152	787.347	0.735629
-6.25	-11.25	206.397	771.431	0.732449
-3.75	-11.25	204.573	761.339	0.731298
-1.25	-11.25	203.584	756.48	0.73088
1.25	-11.25	204.086	756.48	0.730216
3.75	-11.25	204.555	761.339	0.731323
6.25	-11.25	201.959	771.431	0.738203
8.75	-11.25	201.703	787.347	0.74382
11.25	-11.25	201.613	809.395	0.750908
13.75	-11.25	201.082	836.68	0.759666
16.25	-11.25	200.59	866.626	0.768539
18.75	-11.25	200.501	895.791	0.776174
21.25	-11.25	198.914	921.375	0.784111
23.75	-11.25	198.601	942.063	0.789185
26.25	-11.25	199.143	957.867	0.792097
28.75	-11.25	199.066	969.512	0.794674
31.25	-11.25	198.202	977.92	0.797323
33.75	-11.25	197.471	983.935	0.799305
36.25	-11.25	196.427	988.229	0.801233
38.75	-11.25	195.771	991.303	0.802512
41.25	-11.25	196.105	993.516	0.802615
43.75	-11.25	196.524	995.12	0.802513
46.25	-11.25	195.39	996.293	0.803883
48.75	-11.25	193.028	997.158	0.806422
51.25	-11.25	191.306	997.802	0.808273
53.75	-11.25	191.192	998.285	0.80848
56.25	-11.25	193.035	998.651	0.806704
58.75	-11.25	195.284	998.93	0.804507
61.25	-11.25	194.66	999.145	0.805173
63.75	-11.25	192.978	999.312	0.806889
66.25	-11.25	193.784	999.443	0.806108
68.75	-11.25	195.668	999.546	0.804243
71.25	-11.25	197.483	999.627	0.802443
73.75	-11.25	198.825	999.693	0.801113
76.25	-11.25	198.182	999.745	0.801768
78.75	-11.25	196.424	999.787	0.803535
81.25	-11.25	197.536	999.822	0.802429
83.75	-11.25	198.702	999.85	0.801268
86.25	-11.25	198.897	999.873	0.801078
88.75	-11.25	198.376	999.892	0.801603
91.25	-11.25	198.552	999.908	0.80143
93.75	-11.25	198.46	999.921	0.801524
96.25	-11.25	199.274	999.932	0.800713
98.75	-11.25	199.617	999.942	0.800371
101.25	-11.25	200.845	999.949	0.799145
103.75	-11.25	200.26	999.956	0.799731
106.25	-11.25	199.766	999.962	0.800227
108.75	-11.25	199.749	999.967	0.800244
111.25	-11.25	200.515	999.971	0.799479
113.75	-11.25	199.724	999.974	0.80027
116.25	-11.25	201.169	999.977	0.798826
118.75	-11.25	201.023	999.98	0.798973
121.25	-11.25	200.878	999.982	0.799119
123.75	-11.25	201.125	999.984	0.798872
126.25	-11.25	201.431	999.986	0.798566
128.75	-11.25	200.145	999.988	0.799852
131.25	-11.25	199.8	999.989	0.800198
133.75	-11.25	201.104	999.99	0.798894
136.25	-11.25	200.486	999.991	0.799512
138.75	-11.25	200.254	999.992	0.799744
141.25	-11.25	199.658	999.993	0.800341
143.75	-11.25	199.843	999.993	0.800156
146.25	-11.25	199.338	999.994	0.800661
-145	-15	257.762	999.985	0.742234
-142.5	-15	257.789	999.984	0.742207
-140	-15	258.023	999.982	0.741972
-137.5	-15	258.549	999.98	0.741446
-135	-15	258.28	999.977	0.741714
-132.5	-15	258.471	999.975	0.741522
-130	-15	258.744	999.972	0.741248
-127.5	-15	258.518	999.968	0.741473
-125	-15	258.837	999.964	0.741154
-122.5	-15	258.061	999.96	0.741929
-120	-15	258.396	999.955	0.741592
-117.5	-15	258.395	999.949	0.741592
-115	-15	257.734	999.942	0.742251
-112.5	-15	257.421	999.934	0.742562
-110	-15	257.496	999.925	0.742485
-107.5	-15	258.329	999.914	0.741648
-105	-15	258.311	999.901	0.741663
-102.5	-15	257.777	999.886	0.742194
-100	-15	257.396	999.869	0.742571
-97.5	-15	257.091	999.848	0.74287
-95	-15	256.475	999.823	0.743479
-92.5	-15	255.693	999.794	0.744255
-90	-15	255.562	999.758	0.744376
-87.5	-15	256.166	999.716	0.743761
-85	-15	256.176	999.665	0.743738
-82.5	-15	255.84	999.602	0.744058
-80	-15	255.368	999.526	0.744511
-77.5	-15	254.98	999.432	0.744875
-75	-15	254.839	999.316	0.744986
-72.5	-15	254.045	999.171	0.745744
-70	-15	253.074	998.991	0.746671
-67.5	-15	252.534	998.764	0.747153
-65	-15	252.275	998.476	0.74734
-62.5	-15	252.346	998.108	0.747175
-60	-15	251.688	997.635	0.747715
-57.5	-15	250.891	997.022	0.74836
-55	-15	250.13	996.221	0.748921
-52.5	-15	249.377	995.165	0.749411
-50	-15	248.559	993.763	0.749881
-47.5	-15	247.592	991.885	0.750382
-45	-15	247.122	989.351	0.750218
-42.5	-15	247.223	985.905	0.749243
-40	-15	246.485	981.191	0.74879
-37.5	-15	245.129	974.716	0.748512
-35	-15	243.425	965.816	0.747959
-32.5	-15	241.879	953.637	0.746362
-30	-15	240.355	937.169	0.743531
-27.5	-15	238.049	915.423	0.739958
-25	-15	235.716	887.819	0.7345
-22.5	-15	233.786	854.801	0.726502
-20	-15	231.483	818.402	0.717153
-17.5	-15	228.35	782.139	0.708045
-15	-15	225.143	749.819	0.699737
-12.5	-15	221.44	723.914	0.694107
-10	-15	217.553	704.878	0.691361
-7.5	-15	214.363	691.828	0.69015
-5	-15	210.546	683.598	0.692004
-2.5	-15	208.288	679.193	0.69333
0	-15	206.944	677.834	0.694699
2.5	-15	205.565	679.193	0.697339
5	-15	204.35	683.598	0.701067
7.5	-15	203.221	691.828	0.706255
10	-15	201.789	704.878	0.713725
12.5	-15	201.231	723.914	0.722024
15	-15	199.283	749.819	0.734226
17.5	-15	198.033	782.139	0.746805
20	-15	197.281	818.402	0.758944
22.5	-15	196.096	854.801	0.770594
25	-15	195.241	887.819	0.780089
27.5	-15	194.821	915.423	0.787179
30	-15	193.896	937.169	0.793105
32.5	-15	193.171	953.637	0.797437
35	-15	191.849	965.816	0.80136
37.5	-15	191.632	974.716	0.803397
40	-15	191.07	981.191	0.805267
42.5	-15	189.047	985.905	0.80825
45	-15	187.617	989.351	0.810364
47.5	-15	185.371	991.885	0.813112
50	-15	183.486	993.763	0.815362
52.5	-15	182.832	995.165	0.81628
55	-15	182.494	996.221	0.816814
57.5	-15	183.645	997.022	0.815806
60	-15	184.818	997.635	0.814744
62.5	-15	184.795	998.108	0.814855
65	-15	186.688	998.476	0.813027
67.5	-15	187.818	998.764	0.81195
70	-15	189.219	998.991	0.810589
72.5	-15	191.461	999.171	0.80838
75	-15	192.119	999.316	0.807749
77.5	-15	192.723	999.432	0.807167
80	-15	192.676	999.526	0.807233
82.5	-15	192.389	999.602	0.807535
85	-15	193.342	999.665	0.806594
87.5	-15	193.555	999.716	0.80639
90	-15	194.255	999.758	0.805698
92.5	-15	194.935	999.794	0.805025
95	-15	195.328	999.823	0.804638
97.5	-15	196.695	999.848	0.803275
100	-15	197.289	999.869	0.802686
102.5	-15	197.725	999.886	0.802253
105	-15	198.215	999.901	0.801765
107.5	-15	198.019	999.914	0.801964
110	-15	198.131	999.925	0.801854
112.5	-15	197.84	999.934	0.802147
115	-15	199.129	999.942	0.800859
117.5	-15	199.697	999.949	0.800293
120	-15	199.728	999.955	0.800263
122.5	-15	200.025	999.96	0.799967
125	-15	199.792	999.964	0.800201
127.5	-15	199.859	999.968	0.800135
130	-15	199.375	999.972	0.800619
132.5	-15	199.04	999.975	0.800955
135	-15	200.008	999.977	0.799987
137.5	-15	199.521	999.98	0.800474
140	-15	199.177	999.982	0.80082
142.5	-15	199.868	999.984	0.800129
-141.25	-18.75	286.126	999.966	0.713864
-138.75	-18.75	286.442	999.962	0.713547
-136.25	-18.75	286.599	999.958	0.713389
-133.75	-18.75	286.913	999.953	0.713073
-131.25	-18.75	286.94	999.947	0.713045
-128.75	-18.75	287.172	999.941	0.712811
-126.25	-18.75	287.009	999.933	0.712972
-123.75	-18.75	286.78	999.925	0.713199
-121.25	-18.75	287.169	999.915	0.712807
-118.75	-18.75	286.801	999.904	0.713172
-116.25	-18.75	286.341	999.891	0.713627
-113.75	-18.75	286.222	999.877	0.713743
-111.25	-18.75	286.324	999.859	0.713636
-108.75	-18.75	286.474	999.839	0.713479
-106.25	-18.75	286.176	999.816	0.713771
-103.75	-18.75	285.69	999.788	0.714249
-101.25	-18.75	285.222	999.756	0.714708
-98.75	-18.75	284.813	999.717	0.715106
-96.25	-18.75	284.498	999.671	0.715408
-93.75	-18.75	283.738	999.617	0.716153
-91.25	-18.75	283.001	999.551	0.716872
-88.75	-18.75	282.717	999.473	0.717134
-86.25	-18.75	282.892	999.377	0.716932
-83.75	-18.75	282.787	999.262	0.717004
-81.25	-18.75	282.181	999.121	0.717571
-78.75	-18.75	281.596	998.947	0.718107
-76.25	-18.75	281.237	998.733	0.718406
-73.75	-18.75	280.597	998.468	0.718973
-71.25	-18.75	279.55	998.135	0.719928
-68.75	-18.75	278.479	997.717	0.720884
-66.25	-18.75	277.782	997.187	0.721434
-63.75	-18.75	276.897	996.512	0.722133
-61.25	-18.75	275.818	995.644	0.722976
-58.75	-18.75	274.501	994.52	0.723986
-56.25	-18.75	273.139	993.054	0.72495
-53.75	-18.75	272.089	991.127	0.725475
-51.25	-18.75	271.053	988.576	0.725815
-48.75	-18.75	269.571	985.174	0.726372
-46.25	-18.75	268.112	980.609	0.726586
-43.75	-18.75	266.872	974.453	0.726132
-41.25	-18.75	265.751	966.13	0.724932
-38.75	-18.75	264.097	954.886	0.723426
-36.25	-18.75	261.942	939.795	0.721277
-33.75	-18.75	259.698	919.829	0.717668
-31.25	-18.75	257.64	894.093	0.711842
-28.75	-18.75	255.553	862.26	0.703624
-26.25	-18.75	253.119	825.172	0.693254
-23.75	-18.75	250.45	785.251	0.681058
-21.25	-18.75	247.429	746.158	0.668396
-18.75	-18.75	243.655	711.524	0.657559
-16.25	-18.75	239.209	683.515	0.65003
-13.75	-18.75	234.489	662.371	0.645986
-11.25	-18.75	229.624	647.113	0.645156
-8.75	-18.75	224.926	636.58	0.646665
-6.25	-18.75	220.171	629.938	0.650488
-3.75	-18.75	215.981	626.44	0.655225
-1.25	-18.75	212.528	625.113	0.660017
1.25	-18.75	209.965	625.113	0.664117
3.75	-18.75	207.316	626.44	0.669057
6.25	-18.75	204.719	629.938	0.675017
8.75	-18.75	202.391	636.58	0.682066
11.25	-18.75	200.499	647.113	0.690164
13.75	-18.75	198.388	662.371	0.700489
16.25	-18.75	196.427	683.515	0.712622
18.75	-18.75	194.289	711.524	0.726939
21.25	-18.75	192.301	746.158	0.742278
23.75	-18.75	190.967	785.251	0.756807
26.25	-18.75	189.888	825.172	0.769881
28.75	-18.75	188.526	862.26	0.781359
31.25	-18.75	187.393	894.093	0.79041
33.75	-18.75	186.666	919.829	0.797064
36.25	-18.75	186.131	939.795	0.801946
38.75	-18.75	184.293	954.886	0.807
41.25	-18.75	182.007	966.13	0.811612
43.75	-18.75	179.615	974.453	0.815676
46.25	-18.75	176.883	980.609	0.81962
48.75	-18.75	174.732	985.174	0.822639
51.25	-18.75	172.964	988.576	0.825038
53.75	-18.75	171.479	991.127	0.826986
56.25	-18.75	171.424	993.054	0.827377
58.75	-18.75	172.33	994.52	0.826721
61.25	-18.75	173.857	995.644	0.825383
63.75	-18.75	175.892	996.512	0.823492
66.25	-18.75	178.037	997.187	0.821461
68.75	-18.75	180.394	997.717	0.819193
71.25	-18.75	182.144	998.135	0.817516
73.75	-18.75	183.799	998.468	0.815919
76.25	-18.75	184.876	998.733	0.814889
78.75	-18.75	185.442	998.947	0.814363
81.25	-18.75	186.324	999.121	0.813512
83.75	-18.75	186.771	999.262	0.813091
86.25	-18.75	186.912	999.377	0.812972
88.75	-18.75	187.635	999.473	0.812266
91.25	-18.75	188.759	999.551	0.811157
93.75	-18.75	190.558	999.617	0.809369
96.25	-18.75	191.693	999.671	0.808244
98.75	-18.75	192.623	999.717	0.807322
101.25	-18.75	193.477	999.756	0.806476
103.75	-18.75	194.389	999.788	0.80557
106.25	-18.75	194.866	999.816	0.805098
108.75	-18.75	195.508	999.839	0.80446
111.25	-18.75	196.239	999.859	0.803734
113.75	-18.75	196.769	999.877	0.803207
116.25	-18.75	196.62	999.891	0.803359
118.75	-18.75	197.287	999.904	0.802694
121.25	-18.75	197.871	999.915	0.802112
123.75	-18.75	198.113	999.925	0.801872
126.25	-18.75	198.19	999.933	0.801797
128.75	-18.75	197.715	999.941	0.802273
131.25	-18.75	197.536	999.947	0.802454
133.75	-18.75	197.643	999.953	0.802348
136.25	-18.75	197.999	999.958	0.801993
138.75	-18.75	198.73	999.962	0.801262
-137.5	-22.5	316.334	999.929	0.683644
-135	-22.5	316.862	999.921	0.683113
-132.5	-22.5	316.796	999.912	0.683177
-130	-22.5	316.822	999.901	0.683146
-127.5	-22.5	316.856	999.889	0.683109
-125	-22.5	316.91	999.875	0.683051
-122.5	-22.5	316.944	999.859	0.683011
-120	-22.5	316.814	999.841	0.683136
-117.5	-22.5	316.758	999.82	0.683185
-115	-22.5	316.439	999.795	0.683496
-112.5	-22.5	316.214	999.767	0.683712
-110	-22.5	315.905	999.733	0.684011
-107.5	-22.5	315.509	999.695	0.684395
-105	-22.5	315.146	999.649	0.684743
-102.5	-22.5	314.61	999.595	0.685263
-100	-22.5	313.917	999.531	0.685936
-97.5	-22.5	313.204	999.456	0.686626
-95	-22.5	312.464	999.366	0.687337
-92.5	-22.5	311.948	999.258	0.687821
-90	-22.5	311.395	999.128	0.688333
-87.5	-22.5	310.9	998.971	0.68878
-85	-22.5	310.496	998.78	0.689125
-82.5	-22.5	309.936	998.547	0.689613
-80	-22.5	309.492	998.262	0.68997
-77.5	-22.5	308.757	997.909	0.690596
-75	-22.5	307.827	997.471	0.691392
-72.5	-22.5	306.881	996.923	0.692172
-70	-22.5	305.872	996.235	0.692972
-67.5	-22.5	304.401	995.363	0.694181
-65	-22.5	302.669	994.252	0.695581
-62.5	-22.5	300.813	992.826	0.697013
-60	-22.5	298.991	990.982	0.698288
-57.5	-22.5	297.378	988.582	0.699187
-55	-22.5	295.451	985.437	0.700182
-52.5	-22.5	293.345	981.288	0.701061
-50	-22.5	291.272	975.788	0.7015
-47.5	-22.5	289.162	968.468	0.701424
-45	-22.5	286.846	958.712	0.700801
-42.5	-22.5	284.506	945.744	0.699172
-40	-22.5	282.283	928.646	0.696027
-37.5	-22.5	279.844	906.468	0.691281
-35	-22.5	277.555	878.492	0.684056
-32.5	-22.5	275.31	844.67	0.674062
-30	-22.5	273.128	806.147	0.661194
-27.5	-22.5	270.823	765.503	0.646215
-25	-22.5	268.198	726.258	0.630713
-22.5	-22.5	264.698	691.637	0.617287
-20	-22.5	260.105	663.357	0.607897
-17.5	-22.5	255.178	641.343	0.602119
-15	-22.5	249.915	624.437	0.599776
-12.5	-22.5	244.072	611.432	0.600819
-10	-22.5	238.223	601.75	0.604116
-7.5	-22.5	232.203	595.364	0.609983
-5	-22.5	226.671	592.112	0.617183
-2.5	-22.5	221.948	591.089	0.62451
0	-22.5	217.61	590.965	0.631772
2.5	-22.5	213.054	591.089	0.639557
5	-22.5	209.302	592.112	0.646516
7.5	-22.5	205.828	595.364	0.654283
10	-22.5	202.141	601.75	0.664078
12.5	-22.5	198.575	611.432	0.675229
15	-22.5	195.672	624.437	0.686642
17.5	-22.5	192.787	641.343	0.699401
20	-22.5	190.19	663.357	0.713292
22.5	-22.5	187.732	691.637	0.728568
25	-22.5	185.62	726.258	0.744416
27.5	-22.5	184.303	765.503	0.75924
30	-22.5	183.459	806.147	0.772425
32.5	-22.5	181.919	844.67	0.784628
35	-22.5	180.315	878.492	0.794745
37.5	-22.5	178.496	906.468	0.803086
40	-22.5	176.135	928.646	0.810331
42.5	-22.5	173.374	945.744	0.81668
45	-22.5	170.354	958.712	0.822309
47.5	-22.5	167.336	968.468	0.827215
50	-22.5	164.508	975.788	0.83141
52.5	-22.5	162.549	981.288	0.834352
55	-22.5	161.791	985.437	0.835818
57.5	-22.5	162.068	988.582	0.83606
60	-22.5	163.135	990.982	0.83538
62.5	-22.5	165.497	992.826	0.833307
65	-22.5	168.321	994.252	0.830705
67.5	-22.5	170.883	995.363	0.82832
70	-22.5	173.225	996.235	0.826121
72.5	-22.5	175.358	996.923	0.824101
75	-22.5	177.136	997.471	0.822415
77.5	-22.5	178.407	997.909	0.821219
80	-22.5	179.219	998.262	0.820469
82.5	-22.5	179.827	998.547	0.819912
85	-22.5	180.466	998.78	0.819314
87.5	-22.5	181.51	998.971	0.818303
90	-22.5	182.44	999.128	0.817401
92.5	-22.5	183.998	999.258	0.815866
95	-22.5	185.784	999.366	0.814098
97.5	-22.5	187.443	999.456	0.812455
100	-22.5	188.938	999.531	0.810973
102.5	-22.5	189.947	999.595	0.809976
105	-22.5	191.139	999.649	0.808794
107.5	-22.5	192.752	999.695	0.807189
110	-22.5	193.899	999.733	0.80605
112.5	-22.5	194.577	999.767	0.805378
115	-22.5	194.628	999.795	0.805332
117.5	-22.5	195.132	999.82	0.804833
120	-22.5	196.258	999.841	0.803711
122.5	-22.5	196.795	999.859	0.803177
125	-22.5	196.728	999.875	0.803248
127.5	-22.5	196.79	999.889	0.803189
130	-22.5	196.963	999.901	0.803017
132.5	-22.5	196.798	999.912	0.803184
135	-22.5	197.021	999.921	0.802963
-133.75	-26.25	346.046	999.865	0.653907
-131.25	-26.25	346.276	999.849	0.653672
-128.75	-26.25	346.355	999.83	0.653586
-126.25	-26.25	346.396	999.809	0.653538
-123.75	-26.25	346.346	999.784	0.65358
-121.25	-26.25	346.325	999.756	0.653591
-118.75	-26.25	346.219	999.724	0.653685
-116.25	-26.25	345.956	999.686	0.653936
-113.75	-26.25	345.607	999.643	0.65427
-111.25	-26.25	345.011	999.592	0.654849
-108.75	-26.25	344.445	999.532	0.655394
-106.25	-26.25	343.908	999.463	0.655907
-103.75	-26.25	343.307	999.38	0.65648
-101.25	-26.25	342.498	999.283	0.657256
-98.75	-26.25	341.544	999.167	0.658171
-96.25	-26.25	340.611	999.03	0.659058
-93.75	-26.25	339.879	998.865	0.659735
-91.25	-26.25	339.163	998.666	0.660384
-88.75	-26.25	338.562	998.426	0.660904
-86.25	-26.25	337.972	998.135	0.661397
-83.75	-26.25	337.276	997.779	0.661973
-81.25	-26.25	336.537	997.342	0.662567
-78.75	-26.25	335.621	996.803	0.663302
-76.25	-26.25	334.668	996.133	0.664033
-73.75	-26.25	333.482	995.296	0.664941
-71.25	-26.25	331.985	994.243	0.666093
-68.75	-26.25	330.171	992.912	0.667472
-66.25	-26.25	328.058	991.215	0.669034
-63.75	-26.25	325.727	989.04	0.670664
-61.25	-26.25	323.134	986.233	0.672356
-58.75	-26.25	320.533	982.589	0.673788
-56.25	-26.25	317.762	977.832	0.675034
-53.75	-26.25	314.868	971.593	0.675926
-51.25	-26.25	311.687	963.39	0.676468
-48.75	-26.25	308.434	952.603	0.676219
-46.25	-26.25	305.216	938.474	0.674774
-43.75	-26.25	302.155	920.148	0.671624
-41.25	-26.25	299.312	896.807	0.666247
-38.75	-26.25	296.654	867.939	0.658208
-36.25	-26.25	294.375	833.76	0.646931
-33.75	-26.25	292.308	795.641	0.632613
-31.25	-26.25	290.275	756.203	0.616142
-28.75	-26.25	287.892	718.742	0.59945
-26.25	-26.25	285.025	686.054	0.584545
-23.75	-26.25	281.327	659.412	0.573367
-21.25	-26.25	276.863	638.369	0.566296
-18.75	-26.25	271.86	621.435	0.562529
-16.25	-26.25	265.925	607.082	0.561962
-13.75	-26.25	259.396	594.554	0.563713
-11.25	-26.25	252.605	584.113	0.567541
-8.75	-26.25	245.727	576.611	0.573843
-6.25	-26.25	239.112	572.561	0.582381
-3.75	-26.25	232.867	571.36	0.592433
-1.25	-26.25	226.985	571.44	0.602784
1.25	-26.25	221.413	571.44	0.612534
3.75	-26.25	216.32	571.36	0.621394
6.25	-26.25	211.408	572.561	0.630767
8.75	-26.25	206.59	576.611	0.641716
11.25	-26.25	201.563	584.113	0.654924
13.75	-26.25	196.986	594.554	0.668683
16.25	-26.25	193.104	607.082	0.681914
18.75	-26.25	189.541	621.435	0.694995
21.25	-26.25	186.479	638.369	0.707883
23.75	-26.25	184.072	659.412	0.720855
26.25	-26.25	182.091	686.054	0.734583
28.75	-26.25	180.494	718.742	0.748875
31.25	-26.25	178.715	756.203	0.763668
33.75	-26.25	176.709	795.641	0.777904
36.25	-26.25	174.273	833.76	0.790979
38.75	-26.25	171.796	867.939	0.802064
41.25	-26.25	169.111	896.807	0.81143
43.75	-26.25	165.774	920.148	0.81984
46.25	-26.25	162.112	938.474	0.82726
48.75	-26.25	158.947	952.603	0.833145
51.25	-26.25	156.542	963.39	0.837509
53.75	-26.25	155.207	971.593	0.840256
56.25	-26.25	154.716	977.832	0.841777
58.75	-26.25	155.076	982.589	0.842176
61.25	-26.25	157.193	986.233	0.840613
63.75	-26.25	159.895	989.04	0.838333
66.25	-26.25	162.488	991.215	0.836072
68.75	-26.25	165.178	992.912	0.833643
71.25	-26.25	167.549	994.243	0.831481
73.75	-26.25	169.739	995.296	0.829458
76.25	-26.25	171.762	996.133	0.827571
78.75	-26.25	173.149	996.803	0.826296
81.25	-26.25	173.774	997.342	0.825763
83.75	-26.25	174.365	997.779	0.825247
86.25	-26.25	175.331	998.135	0.824341
88.75	-26.25	176.567	998.426	0.823154
91.25	-26.25	177.872	998.666	0.821891
93.75	-26.25	179.28	998.865	0.820517
96.25	-26.25	181.295	999.03	0.818529
98.75	-26.25	183.081	999.167	0.816766
101.25	-26.25	185.171	999.283	0.814696
103.75	-26.25	187.291	999.38	0.812593
106.25	-26.25	189.078	999.463	0.81082
108.75	-26.25	190.315	999.532	0.809596
111.25	-26.25	191.623	999.592	0.808299
113.75	-26.25	192.721	999.643	0.80721
116.25	-26.25	193.716	999.686	0.806223
118.75	-26.25	194.824	999.724	0.805122
121.25	-26.25	195.581	999.756	0.804371
123.75	-26.25	196.009	999.784	0.803949
126.25	-26.25	196.193	999.809	0.803769
128.75	-26.25	196.641	999.83	0.803326
131.25	-26.25	197.023	999.849	0.802947
-130	-30	373.748	999.754	0.62616
-127.5	-30	373.839	999.723	0.626058
-125	-30	373.884	999.688	0.625999
-122.5	-30	373.849	999.648	0.62602
-120	-30	373.49	999.601	0.626361
-117.5	-30	373.139	999.547	0.626692
-115	-30	372.699	999.484	0.627108
-112.5	-30	372.174	999.41	0.627607
-110	-30	371.599	999.324	0.62815
-107.5	-30	370.657	999.223	0.629055
-105	-30	369.819	999.104	0.62985
-102.5	-30	368.962	998.963	0.630655
-100	-30	367.926	998.796	0.631631
-97.5	-30	366.859	998.597	0.632625
-95	-30	365.86	998.358	0.633538
-92.5	-30	364.99	998.071	0.634304
-90	-30	364.232	997.724	0.634937
-87.5	-30	363.426	997.302	0.635591
-85	-30	362.678	996.786	0.636153
-82.5	-30	361.878	996.153	0.636725
-80	-30	360.83	995.371	0.637492
-77.5	-30	359.6	994.4	0.638375
-75	-30	357.987	993.186	0.639557
-72.5	-30	356.155	991.66	0.64085
-70	-30	353.982	989.731	0.642345
-67.5	-30	351.497	987.275	0.643972
-65	-30	348.666	984.131	0.645712
-62.5	-30	345.486	980.084	0.647493
-60	-30	341.995	974.849	0.649182
-57.5	-30	338.184	968.055	0.650656
-55	-30	334.126	959.22	0.651669
-52.5	-30	329.818	947.745	0.651997
-50	-30	325.621	932.918	0.650966
-47.5	-30	321.654	913.978	0.648073
-45	-30	317.983	890.257	0.642819
-42.5	-30	314.696	861.454	0.634692
-40	-30	312.025	828.016	0.623166
-37.5	-30	309.963	791.481	0.608376
-35	-30	308.007	754.462	0.591753
-32.5	-30	305.993	720.022	0.575022
-30	-30	303.505	690.596	0.560517
-27.5	-30	300.504	667.084	0.549525
-25	-30	296.844	648.713	0.54241
-22.5	-30	292.424	633.661	0.538517
-20	-30	287.22	619.992	0.536735
-17.5	-30	281.336	606.47	0.536108
-15	-30	274.568	593.017	0.536999
-12.5	-30	267.112	580.687	0.540006
-10	-30	259.291	571.076	0.545961
-7.5	-30	251.616	565.322	0.554915
-5	-30	244.209	563.233	0.566416
-2.5	-30	237.055	563.266	0.579142
0	-30	230.227	563.553	0.591472
2.5	-30	223.975	563.266	0.602363
5	-30	218.013	563.233	0.612926
7.5	-30	212.265	565.322	0.624524
10	-30	206.403	571.076	0.638572
12.5	-30	200.834	580.687	0.654144
15	-30	195.772	593.017	0.669871
17.5	-30	191.263	606.47	0.684629
20	-30	187.52	619.992	0.697544
22.5	-30	184.615	633.661	0.708654
25	-30	182.113	648.713	0.71927
27.5	-30	179.746	667.084	0.73055
30	-30	177.294	690.596	0.743275
32.5	-30	174.906	720.022	0.757082
35	-30	172.434	754.462	0.771448
37.5	-30	169.665	791.481	0.785637
40	-30	166.488	828.016	0.798931
42.5	-30	162.907	861.454	0.810893
45	-30	159.248	890.257	0.821121
47.5	-30	155.932	913.978	0.829392
50	-30	153.13	932.918	0.835859
52.5	-30	151.272	947.745	0.840387
55	-30	150.303	959.22	0.843307
57.5	-30	150.061	968.055	0.844987
60	-30	151.196	974.849	0.844903
62.5	-30	153.373	980.084	0.84351
65	-30	155.98	984.131	0.841505
67.5	-30	158.609	987.275	0.839347
70	-30	161.042	989.731	0.837287
72.5	-30	163.341	991.66	0.835286
75	-30	165.541	993.186	0.833324
77.5	-30	167.331	994.4	0.831726
80	-30	168.709	995.371	0.830507
82.5	-30	169.576	996.153	0.829769
85	-30	170.229	996.786	0.829222
87.5	-30	170.892	997.302	0.828646
90	-30	171.972	997.724	0.827636
92.5	-30	173.355	998.071	0.82631
95	-30	174.963	998.358	0.82475
97.5	-30	176.869	998.597	0.822883
100	-30	179.379	998.796	0.820405
102.5	-30	181.808	998.963	0.818003
105	-30	183.893	999.104	0.815942
107.5	-30	185.91	999.223	0.813946
110	-30	187.856	999.324	0.812017
112.5	-30	189.617	999.41	0.810271
115	-30	191.35	999.484	0.808551
117.5	-30	192.879	999.547	0.807033
120	-30	194.138	999.601	0.805784
122.5	-30	195.034	999.648	0.804898
125	-30	195.574	999.688	0.804365
127.5	-30	196.273	999.723	0.803673
-126.25	-33.75	398.349	999.568	0.601479
-123.75	-33.75	398.289	999.512	0.601517
-121.25	-33.75	397.816	999.447	0.601964
-118.75	-33.75	397.318	999.372	0.602432
-116.25	-33.75	396.826	999.285	0.60289
-113.75	-33.75	396.296	999.183	0.60338
-111.25	-33.75	395.522	999.064	0.604108
-108.75	-33.75	394.531	998.924	0.605044
-106.25	-33.75	393.596	998.759	0.605915
-103.75	-33.75	392.535	998.563	0.6069
-101.25	-33.75	391.486	998.331	0.60786
-98.75	-33.75	390.276	998.055	0.608963
-96.25	-33.75	389.134	997.723	0.609978
-93.75	-33.75	388.199	997.323	0.61076
-91.25	-33.75	387.345	996.84	0.611427
-88.75	-33.75	386.424	996.253	0.612122
-86.25	-33.75	385.367	995.535	0.612904
-83.75	-33.75	384.411	994.653	0.613523
-81.25	-33.75	383.443	993.563	0.614073
-78.75	-33.75	382.027	992.209	0.614973
-76.25	-33.75	380.004	990.517	0.616358
-73.75	-33.75	377.717	988.39	0.617846
-71.25	-33.75	375.188	985.703	0.61937
-68.75	-33.75	372.386	982.287	0.620899
-66.25	-33.75	368.989	977.925	0.622682
-63.75	-33.75	364.961	972.332	0.624654
-61.25	-33.75	360.7	965.14	0.626272
-58.75	-33.75	356.02	955.884	0.627549
-56.25	-33.75	350.939	943.999	0.628242
-53.75	-33.75	345.594	928.836	0.627928
-51.25	-33.75	340.545	909.738	0.625667
-48.75	-33.75	335.999	886.192	0.620851
-46.25	-33.75	332.083	858.092	0.612998
-43.75	-33.75	328.754	826.083	0.602033
-41.25	-33.75	325.965	791.823	0.588337
-38.75	-33.75	323.856	757.891	0.572689
-36.25	-33.75	322.085	727.149	0.557057
-33.75	-33.75	320.094	701.735	0.543854
-31.25	-33.75	317.473	682.267	0.534679
-28.75	-33.75	314.401	667.735	0.529153
-26.25	-33.75	310.741	656.067	0.526358
-23.75	-33.75	306.297	644.98	0.525106
-21.25	-33.75	301.09	632.739	0.524149
-18.75	-33.75	295.033	618.66	0.523109
-16.25	-33.75	288.248	603.326	0.522236
-13.75	-33.75	280.738	588.427	0.522901
-11.25	-33.75	272.433	576.13	0.527133
-8.75	-33.75	263.646	568.084	0.535904
-6.25	-33.75	255.086	564.511	0.54813
-3.75	-33.75	246.829	564.05	0.562398
-1.25	-33.75	238.792	564.588	0.57705
1.25	-33.75	231.261	564.588	0.59039
3.75	-33.75	224.279	564.05	0.602378
6.25	-33.75	217.803	564.511	0.614174
8.75	-33.75	211.663	568.084	0.627409
11.25	-33.75	205.829	576.13	0.642738
13.75	-33.75	200.224	588.427	0.659729
16.25	-33.75	195.34	603.326	0.676229
18.75	-33.75	191.235	618.66	0.690888
21.25	-33.75	187.502	632.739	0.703666
23.75	-33.75	184.13	644.98	0.714519
26.25	-33.75	181.133	656.067	0.723911
28.75	-33.75	178.216	667.735	0.733103
31.25	-33.75	175.535	682.267	0.742717
33.75	-33.75	172.584	701.735	0.754061
36.25	-33.75	169.244	727.149	0.76725
38.75	-33.75	165.835	757.891	0.78119
41.25	-33.75	162.203	791.823	0.795152
43.75	-33.75	158.4	826.083	0.808252
46.25	-33.75	154.839	858.092	0.819554
48.75	-33.75	151.778	886.192	0.82873
51.25	-33.75	149.585	909.738	0.835573
53.75	-33.75	148.176	928.836	0.840471
56.25	-33.75	147.346	943.999	0.843913
58.75	-33.75	147.702	955.884	0.845482
61.25	-33.75	149.022	965.14	0.845595
63.75	-33.75	151.174	972.332	0.844524
66.25	-33.75	153.691	977.925	0.84284
68.75	-33.75	156.017	982.287	0.84117
71.25	-33.75	158.315	985.703	0.839389
73.75	-33.75	160.333	988.39	0.837783
76.25	-33.75	162.403	990.517	0.836042
78.75	-33.75	164.127	992.209	0.834584
81.25	-33.75	165.212	993.563	0.833717
83.75	-33.75	166.006	994.653	0.833102
86.25	-33.75	166.619	995.535	0.832634
88.75	-33.75	167.226	996.253	0.832145
91.25	-33.75	167.989	996.84	0.831479
93.75	-33.75	169.256	997.323	0.83029
96.25	-33.75	171.13	997.723	0.828479
98.75	-33.75	173.307	998.055	0.826355
101.25	-33.75	175.181	998.331	0.824526
103.75	-33.75	177.564	998.563	0.82218
106.25	-33.75	180.05	998.759	0.819727
108.75	-33.75	182.74	998.924	0.817063
111.25	-33.75	185.234	999.064	0.814593
113.75	-33.75	187.456	999.183	0.81239
116.25	-33.75	189.693	999.285	0.810171
118.75	-33.75	191.46	999.372	0.808419
121.25	-33.75	192.935	999.447	0.806958
123.75	-33.75	194.185	999.512	0.80572
-122.5	-37.5	418.623	999.26	0.581067
-120	-37.5	418.189	999.159	0.581459
-117.5	-37.5	417.57	999.042	0.58203
-115	-37.5	416.918	998.905	0.582625
-112.5	-37.5	416.02	998.745	0.583458
-110	-37.5	415.027	998.557	0.584373
-107.5	-37.5	414.021	998.335	0.585289
-105	-37.5	412.933	998.073	0.58627
-102.5	-37.5	411.881	997.761	0.587195
-100	-37.5	410.661	997.388	0.588264
-97.5	-37.5	409.514	996.941	0.589229
-95	-37.5	408.474	996.402	0.590051
-92.5	-37.5	407.501	995.75	0.59076
-90	-37.5	406.524	994.957	0.591415
-87.5	-37.5	405.434	993.986	0.592113
-85	-37.5	404.276	992.794	0.59279
-82.5	-37.5	402.929	991.32	0.593543
-80	-37.5	401.26	989.488	0.594477
-77.5	-37.5	399.201	987.199	0.595622
-75	-37.5	396.693	984.325	0.59699
-72.5	-37.5	393.676	980.697	0.598575
-70	-37.5	390.234	976.097	0.60021
-67.5	-37.5	386.215	970.246	0.601942
-65	-37.5	381.635	962.788	0.603615
-62.5	-37.5	376.463	953.281	0.605087
-60	-37.5	370.838	941.202	0.605996
-57.5	-37.5	364.979	925.973	0.605843
-55	-37.5	359.182	907.044	0.604008
-52.5	-37.5	353.728	884.048	0.599877
-50	-37.5	348.754	857.053	0.593078
-47.5	-37.5	344.644	826.866	0.583193
-45	-37.5	341.342	795.231	0.570763
-42.5	-37.5	338.672	764.677	0.557105
-40	-37.5	336.459	737.893	0.544027
-37.5	-37.5	334.438	716.783	0.533418
-35	-37.5	332.385	701.763	0.526358
-32.5	-37.5	329.918	691.67	0.523013
-30	-37.5	326.863	684.281	0.522327
-27.5	-37.5	322.953	677.077	0.523018
-25	-37.5	318.371	667.931	0.523347
-22.5	-37.5	313.127	655.588	0.522372
-20	-37.5	307.161	639.945	0.52002
-17.5	-37.5	300.3	622.139	0.51731
-15	-37.5	292.639	604.336	0.515768
-12.5	-37.5	284.11	589.118	0.517736
-10	-37.5	274.981	578.513	0.524676
-7.5	-37.5	265.519	573.099	0.536697
-5	-37.5	256.029	571.756	0.552207
-2.5	-37.5	246.747	572.319	0.568864
0	-37.5	238.029	572.775	0.584428
2.5	-37.5	230.116	572.319	0.597924
5	-37.5	222.968	571.756	0.61003
7.5	-37.5	216.412	573.099	0.622383
10	-37.5	210.59	578.513	0.635981
12.5	-37.5	205.363	589.118	0.651406
15	-37.5	200.632	604.336	0.668013
17.5	-37.5	196.356	622.139	0.684386
20	-37.5	192.352	639.945	0.699424
22.5	-37.5	188.512	655.588	0.712453
25	-37.5	184.898	667.931	0.723178
27.5	-37.5	181.492	677.077	0.731947
30	-37.5	178.16	684.281	0.739639
32.5	-37.5	174.691	691.67	0.747436
35	-37.5	171.041	701.763	0.75627
37.5	-37.5	167.154	716.783	0.7668
40	-37.5	163.181	737.893	0.778856
42.5	-37.5	159.362	764.677	0.791596
45	-37.5	155.66	795.231	0.804257
47.5	-37.5	152.234	826.866	0.81589
50	-37.5	149.633	857.053	0.82541
52.5	-37.5	147.712	884.048	0.832914
55	-37.5	146.415	907.044	0.83858
57.5	-37.5	146.141	925.973	0.842175
60	-37.5	146.76	941.202	0.844072
62.5	-37.5	148.154	953.281	0.844585
65	-37.5	150.17	962.788	0.844026
67.5	-37.5	152.425	970.246	0.842901
70	-37.5	154.478	976.097	0.841739
72.5	-37.5	156.559	980.697	0.84036
75	-37.5	158.559	984.325	0.838916
77.5	-37.5	160.195	987.199	0.837728
80	-37.5	161.508	989.488	0.836776
82.5	-37.5	162.483	991.32	0.836094
85	-37.5	163.05	992.794	0.835766
87.5	-37.5	163.566	993.986	0.835445
90	-37.5	164.223	994.957	0.834945
92.5	-37.5	165.146	995.75	0.834149
95	-37.5	166.117	996.402	0.833283
97.5	-37.5	167.352	996.941	0.832134
100	-37.5	169.15	997.388	0.830407
102.5	-37.5	171.266	997.761	0.828349
105	-37.5	173.572	998.073	0.826093
107.5	-37.5	176.363	998.335	0.823343
110	-37.5	179.174	998.557	0.820567
112.5	-37.5	182.078	998.745	0.817693
115	-37.5	184.908	998.905	0.81489
117.5	-37.5	187.319	999.042	0.812502
120	-37.5	189.343	999.159	0.810497
-118.75	-41.25	434.722	998.75	0.564734
-116.25	-41.25	433.989	998.571	0.56539
-113.75	-41.25	433.11	998.362	0.56618
-111.25	-41.25	432.127	998.115	0.567057
-108.75	-41.25	431.11	997.824	0.56795
-106.25	-41.25	430.079	997.479	0.568834
-103.75	-41.25	428.993	997.069	0.569746
-101.25	-41.25	427.93	996.579	0.570601
-98.75	-41.25	426.985	995.991	0.571297
-96.25	-41.25	425.883	995.282	0.572098
-93.75	-41.25	424.815	994.422	0.572802
-91.25	-41.25	423.771	993.376	0.573404
-88.75	-41.25	422.632	992.095	0.574001
-86.25	-41.25	421.325	990.52	0.574643
-83.75	-41.25	419.647	988.573	0.575502
-81.25	-41.25	417.709	986.153	0.576426
-78.75	-41.25	415.399	983.132	0.577474
-76.25	-41.25	412.606	979.343	0.578691
-73.75	-41.25	409.253	974.571	0.580068
-71.25	-41.25	405.251	968.546	0.581588
-68.75	-41.25	400.546	960.927	0.583167
-66.25	-41.25	395.212	951.303	0.584557
-63.75	-41.25	389.359	939.194	0.585433
-61.25	-41.25	383.117	924.097	0.585415
-58.75	-41.25	376.823	905.563	0.58388
-56.25	-41.25	370.708	883.357	0.580342
-53.75	-41.25	365.139	857.7	0.574281
-51.25	-41.25	360.297	829.527	0.56566
-48.75	-41.25	356.211	800.636	0.55509
-46.25	-41.25	352.784	773.504	0.543915
-43.75	-41.25	350.023	750.659	0.533712
-41.25	-41.25	347.68	733.823	0.526207
-38.75	-41.25	345.504	723.266	0.5223
-36.25	-41.25	343.369	717.739	0.521596
-33.75	-41.25	340.869	714.951	0.523227
-31.25	-41.25	337.669	712.262	0.52592
-28.75	-41.25	333.707	707.303	0.528198
-26.25	-41.25	328.994	698.397	0.52893
-23.75	-41.25	323.591	684.825	0.527483
-21.25	-41.25	317.531	666.989	0.523933
-18.75	-41.25	310.675	646.44	0.519406
-16.25	-41.25	302.954	625.678	0.515799
-13.75	-41.25	294.372	607.56	0.515484
-11.25	-41.25	285.002	594.383	0.520508
-8.75	-41.25	275.055	587.005	0.531426
-6.25	-41.25	264.736	584.546	0.547108
-3.75	-41.25	254.488	584.9	0.564903
-1.25	-41.25	244.759	585.79	0.582174
1.25	-41.25	235.831	585.79	0.597413
3.75	-41.25	227.942	584.9	0.610289
6.25	-41.25	221.047	584.546	0.621848
8.75	-41.25	215.171	587.005	0.633443
11.25	-41.25	210.203	594.383	0.646351
13.75	-41.25	205.799	607.56	0.66127
16.25	-41.25	201.655	625.678	0.677701
18.75	-41.25	197.878	646.44	0.693895
21.25	-41.25	194.253	666.989	0.708761
23.75	-41.25	190.627	684.825	0.721642
26.25	-41.25	186.833	698.397	0.732483
28.75	-41.25	182.864	707.303	0.741463
31.25	-41.25	178.783	712.262	0.748993
33.75	-41.25	174.635	714.951	0.755738
36.25	-41.25	170.46	717.739	0.762504
38.75	-41.25	166.171	723.266	0.77025
41.25	-41.25	161.886	733.823	0.779394
43.75	-41.25	157.876	750.659	0.789684
46.25	-41.25	154.349	773.504	0.800455
48.75	-41.25	151.302	800.636	0.811023
51.25	-41.25	148.8	829.527	0.82062
53.75	-41.25	146.888	857.7	0.828742
56.25	-41.25	146.069	883.357	0.834643
58.75	-41.25	146.113	905.563	0.838649
61.25	-41.25	146.769	924.097	0.841175
63.75	-41.25	148.135	939.194	0.842274
66.25	-41.25	149.907	951.303	0.842419
68.75	-41.25	151.909	960.927	0.841914
71.25	-41.25	153.857	968.546	0.841146
73.75	-41.25	155.679	974.571	0.840259
76.25	-41.25	157.2	979.343	0.839484
78.75	-41.25	158.577	983.132	0.838703
81.25	-41.25	159.639	986.153	0.838119
83.75	-41.25	160.356	988.573	0.83779
86.25	-41.25	160.973	990.52	0.837487
88.75	-41.25	161.553	992.095	0.83716
91.25	-41.25	162.103	993.376	0.836816
93.75	-41.25	162.525	994.422	0.836563
96.25	-41.25	163.208	995.282	0.836019
98.75	-41.25	164.202	995.991	0.835137
101.25	-41.25	165.74	996.579	0.833691
103.75	-41.25	167.701	997.069	0.831806
106.25	-41.25	170.076	997.479	0.829494
108.75	-41.25	172.589	997.824	0.827035
111.25	-41.25	175.5	998.115	0.824168
113.75	-41.25	178.583	998.362	0.821124
116.25	-41.25	181.55	998.571	0.81819
-115	-45	446.785	997.904	0.552276
-112.5	-45	445.966	997.588	0.552955
-110	-45	445.04	997.213	0.553716
-107.5	-45	444.108	996.77	0.554453
-105	-45	443.17	996.241	0.555158
-102.5	-45	442.236	995.609	0.555813
-100	-45	441.373	994.85	0.556342
-97.5	-45	440.458	993.933	0.556853
-95	-45	439.522	992.821	0.5573
-92.5	-45	438.396	991.467	0.557831
-90	-45	437.079	989.808	0.558421
-87.5	-45	435.557	987.767	0.559049
-85	-45	433.717	985.244	0.559787
-82.5	-45	431.539	982.111	0.560601
-80	-45	428.889	978.203	0.561554
-77.5	-45	425.713	973.314	0.562616
-75	-45	421.845	967.183	0.563841
-72.5	-45	417.283	959.489	0.565099
-70	-45	412.047	949.849	0.566197
-67.5	-45	406.144	937.834	0.566934
-65	-45	399.779	923.008	0.566874
-62.5	-45	393.291	905.017	0.565433
-60	-45	386.862	883.747	0.562248
-57.5	-45	380.799	859.543	0.556975
-55	-45	375.353	833.441	0.549634
-52.5	-45	370.615	807.271	0.540904
-50	-45	366.622	783.445	0.532039
-47.5	-45	363.252	764.35	0.524757
-45	-45	360.324	751.553	0.520561
-42.5	-45	357.754	745.214	0.519931
-40	-45	355.469	744.041	0.522246
-37.5	-45	353.167	745.736	0.526418
-35	-45	350.48	747.633	0.531213
-32.5	-45	347.202	747.259	0.535367
-30	-45	343.083	742.697	0.538058
-27.5	-45	338.229	732.795	0.53844
-25	-45	332.704	717.306	0.536176
-22.5	-45	326.514	697.004	0.531547
-20	-45	319.519	673.719	0.525738
-17.5	-45	311.781	650.155	0.520451
-15	-45	303.194	629.338	0.518234
-12.5	-45	293.835	613.746	0.521244
-10	-45	283.685	604.452	0.530674
-7.5	-45	272.967	600.79	0.545653
-5	-45	262.127	600.768	0.563681
-2.5	-45	251.776	601.997	0.581765
0	-45	242.168	602.633	0.59815
2.5	-45	233.49	601.997	0.612142
5	-45	226.082	600.768	0.623678
7.5	-45	219.988	600.79	0.633835
10	-45	214.915	604.452	0.644446
12.5	-45	210.524	613.746	0.656984
15	-45	206.646	629.338	0.671646
17.5	-45	203.143	650.155	0.687547
20	-45	199.967	673.719	0.70319
22.5	-45	196.76	697.004	0.717706
25	-45	193.089	717.306	0.730814
27.5	-45	189.072	732.795	0.741985
30	-45	184.704	742.697	0.751306
32.5	-45	180.085	747.259	0.759007
35	-45	175.444	747.633	0.765334
37.5	-45	170.736	745.736	0.77105
40	-45	166.074	744.041	0.776794
42.5	-45	161.739	745.214	0.782963
45	-45	157.723	751.553	0.790137
47.5	-45	154.246	764.35	0.7982
50	-45	151.329	783.445	0.806842
52.5	-45	148.905	807.271	0.815546
55	-45	147.365	833.441	0.823185
57.5	-45	146.7	859.543	0.829328
60	-45	146.78	883.747	0.833912
62.5	-45	147.435	905.017	0.837091
65	-45	148.626	923.008	0.838976
67.5	-45	150.261	937.834	0.839779
70	-45	152.002	949.849	0.839973
72.5	-45	153.607	959.489	0.839908
75	-45	155.107	967.183	0.83963
77.5	-45	156.368	973.314	0.839345
80	-45	157.49	978.203	0.839001
82.5	-45	158.532	982.111	0.83858
85	-45	159.319	985.244	0.838294
87.5	-45	159.785	987.767	0.838236
90	-45	159.983	989.808	0.83837
92.5	-45	160.177	991.467	0.838445
95	-45	160.589	992.821	0.83825
97.5	-45	161.156	993.933	0.83786
100	-45	161.975	994.85	0.837187
102.5	-45	163.096	995.609	0.836184
105	-45	164.733	996.241	0.834645
107.5	-45	166.781	996.77	0.832679
110	-45	169.185	997.213	0.830342
112.5	-45	171.866	997.588	0.827719
-111.25	-48.75	455.938	996.49	0.542456
-108.75	-48.75	455.303	995.928	0.542835
-106.25	-48.75	454.574	995.257	0.543259
-103.75	-48.75	453.818	994.454	0.543651
-101.25	-48.75	453.027	993.488	0.544004
-98.75	-48.75	452.315	992.322	0.544185
-96.25	-48.75	451.531	990.905	0.544325
-93.75	-48.75	450.408	989.179	0.544665
-91.25	-48.75	449.008	987.063	0.545107
-88.75	-48.75	447.291	984.46	0.545648
-86.25	-48.75	445.283	981.244	0.546206
-83.75	-48.75	442.828	977.256	0.546866
-81.25	-48.75	439.743	972.294	0.547727
-78.75	-48.75	436.103	966.112	0.5486
-76.25	-48.75	431.779	958.408	0.549483
-73.75	-48.75	426.712	948.831	0.550276
-71.25	-48.75	420.913	936.998	0.550786
-68.75	-48.75	414.605	922.538	0.550582
-66.25	-48.75	408.233	905.184	0.549006
-63.75	-48.75	401.885	884.925	0.545854
-61.25	-48.75	395.621	862.211	0.541155
-58.75	-48.75	389.768	838.153	0.534968
-56.25	-48.75	384.582	814.592	0.527884
-53.75	-48.75	380.037	793.868	0.521284
-51.25	-48.75	376.098	778.237	0.516732
-48.75	-48.75	372.588	769.128	0.515571
-46.25	-48.75	369.524	766.613	0.517978
-43.75	-48.75	366.932	769.38	0.523081
-41.25	-48.75	364.549	775.16	0.529711
-38.75	-48.75	361.959	781.325	0.536737
-36.25	-48.75	358.975	785.406	0.542943
-33.75	-48.75	355.459	785.403	0.547419
-31.25	-48.75	351.296	779.932	0.549581
-28.75	-48.75	346.326	768.3	0.549231
-26.25	-48.75	340.59	750.609	0.546248
-23.75	-48.75	334.183	727.865	0.540872
-21.25	-48.75	327.132	702.055	0.534037
-18.75	-48.75	319.406	675.987	0.527497
-16.25	-48.75	310.84	652.78	0.523821
-13.75	-48.75	301.481	635.029	0.525248
-11.25	-48.75	291.494	623.969	0.532839
-8.75	-48.75	280.961	619.123	0.546194
-6.25	-48.75	270.068	618.633	0.563444
-3.75	-48.75	259.299	620.092	0.581839
-1.25	-48.75	249.239	621.412	0.598915
1.25	-48.75	240.214	621.412	0.613439
3.75	-48.75	232.272	620.092	0.625424
6.25	-48.75	225.552	618.633	0.635402
8.75	-48.75	219.93	619.123	0.644771
11.25	-48.75	215.302	623.969	0.654948
13.75	-48.75	211.511	635.029	0.666926
16.25	-48.75	208.215	652.78	0.681033
18.75	-48.75	205.118	675.987	0.696565
21.25	-48.75	202.147	702.055	0.712063
23.75	-48.75	198.983	727.865	0.726621
26.25	-48.75	195.376	750.609	0.73971
28.75	-48.75	191.278	768.3	0.751037
31.25	-48.75	186.723	779.932	0.760591
33.75	-48.75	181.836	785.403	0.76848
36.25	-48.75	176.744	785.406	0.774965
38.75	-48.75	171.74	781.325	0.780194
41.25	-48.75	166.885	775.16	0.784709
43.75	-48.75	162.438	769.38	0.788872
46.25	-48.75	158.561	766.613	0.793166
48.75	-48.75	155.155	769.128	0.798271
51.25	-48.75	152.139	778.237	0.804508
53.75	-48.75	150.027	793.868	0.811018
56.25	-48.75	148.699	814.592	0.817456
58.75	-48.75	147.993	838.153	0.823429
61.25	-48.75	148.002	862.211	0.828346
63.75	-48.75	148.533	884.925	0.832152
66.25	-48.75	149.506	905.184	0.834833
68.75	-48.75	150.811	922.538	0.836526
71.25	-48.75	152.318	936.998	0.83744
73.75	-48.75	153.63	948.831	0.838085
76.25	-48.75	154.862	958.408	0.838418
78.75	-48.75	156.109	966.112	0.838415
81.25	-48.75	157.284	972.294	0.838234
83.75	-48.75	158.182	977.256	0.838136
86.25	-48.75	158.661	981.244	0.838307
88.75	-48.75	158.92	984.46	0.838571
91.25	-48.75	159.064	987.063	0.838851
93.75	-48.75	159.254	989.179	0.839004
96.25	-48.75	159.469	990.905	0.839068
98.75	-48.75	159.817	992.322	0.838947
101.25	-48.75	160.392	993.488	0.838556
103.75	-48.75	161.292	994.454	0.837809
106.25	-48.75	162.404	995.257	0.836822
108.75	-48.75	164.002	995.928	0.835327
-107.5	-52.5	463.306	994.094	0.533942
-105	-52.5	462.813	993.087	0.533966
-102.5	-52.5	462.267	991.874	0.533946
-100	-52.5	461.675	990.408	0.533853
-97.5	-52.5	460.92	988.626	0.533778
-95	-52.5	459.877	986.453	0.533808
-92.5	-52.5	458.435	983.791	0.534012
-90	-52.5	456.645	980.517	0.534281
-87.5	-52.5	454.459	976.477	0.534593
-85	-52.5	451.647	971.48	0.535094
-82.5	-52.5	448.156	965.29	0.535729
-80	-52.5	443.993	957.628	0.536362
-77.5	-52.5	439.158	948.172	0.536837
-75	-52.5	433.729	936.583	0.536903
-72.5	-52.5	427.697	922.551	0.536397
-70	-52.5	421.386	905.887	0.534836
-67.5	-52.5	415.12	886.668	0.53182
-65	-52.5	409.026	865.429	0.527372
-62.5	-52.5	403.324	843.335	0.521751
-60	-52.5	397.985	822.221	0.515963
-57.5	-52.5	393.007	804.351	0.511399
-55	-52.5	388.584	791.855	0.509274
-52.5	-52.5	384.62	786.034	0.510683
-50	-52.5	381.08	786.883	0.515709
-47.5	-52.5	377.956	793.08	0.523432
-45	-52.5	375.171	802.403	0.532441
-42.5	-52.5	372.528	812.301	0.541392
-40	-52.5	369.823	820.378	0.549204
-37.5	-52.5	366.648	824.662	0.555396
-35	-52.5	362.802	823.699	0.559545
-32.5	-52.5	358.338	816.57	0.561167
-30	-52.5	353.224	802.916	0.560073
-27.5	-52.5	347.386	783.047	0.556366
-25	-52.5	340.867	758.089	0.55036
-22.5	-52.5	333.686	730.089	0.542951
-20	-52.5	325.914	701.892	0.535663
-17.5	-52.5	317.481	676.654	0.530808
-15	-52.5	308.439	657.042	0.530564
-12.5	-52.5	298.796	644.418	0.536332
-10	-52.5	288.706	638.466	0.547813
-7.5	-52.5	278.248	637.472	0.563513
-5	-52.5	267.724	639.067	0.581071
-2.5	-52.5	257.53	641.035	0.598258
0	-52.5	248.125	641.866	0.613432
2.5	-52.5	239.698	641.035	0.626076
5	-52.5	232.268	639.067	0.636551
7.5	-52.5	226.014	637.472	0.645452
10	-52.5	220.858	638.466	0.65408
12.5	-52.5	216.678	644.418	0.663761
15	-52.5	213.206	657.042	0.675506
17.5	-52.5	210.083	676.654	0.689527
20	-52.5	207.051	701.892	0.70501
22.5	-52.5	204.009	730.089	0.72057
25	-52.5	200.828	758.089	0.735086
27.5	-52.5	197.21	783.047	0.74815
30	-52.5	193.119	802.916	0.759479
32.5	-52.5	188.552	816.57	0.769092
35	-52.5	183.601	823.699	0.777102
37.5	-52.5	178.417	824.662	0.783649
40	-52.5	173.256	820.378	0.788809
42.5	-52.5	168.364	812.301	0.792732
45	-52.5	164.012	802.403	0.795599
47.5	-52.5	160.179	793.08	0.798029
50	-52.5	156.728	786.883	0.800824
52.5	-52.5	153.972	786.034	0.804115
55	-52.5	151.894	791.855	0.80818
57.5	-52.5	150.544	804.351	0.812838
60	-52.5	149.845	822.221	0.817756
62.5	-52.5	149.577	843.335	0.822636
65	-52.5	149.758	865.429	0.826955
67.5	-52.5	150.475	886.668	0.830292
70	-52.5	151.575	905.887	0.832677
72.5	-52.5	152.768	922.551	0.834407
75	-52.5	154.011	936.583	0.835561
77.5	-52.5	155.299	948.172	0.836212
80	-52.5	156.405	957.628	0.836674
82.5	-52.5	157.307	965.29	0.837036
85	-52.5	158.071	971.48	0.837288
87.5	-52.5	158.576	976.477	0.837604
90	-52.5	158.86	980.517	0.837984
92.5	-52.5	158.983	983.791	0.838397
95	-52.5	158.998	986.453	0.838819
97.5	-52.5	159.054	988.626	0.839116
100	-52.5	159.142	990.408	0.839317
102.5	-52.5	159.468	991.874	0.839225
105	-52.5	160.016	993.087	0.83887
-103.75	-56.25	469.067	989.969	0.526179
-101.25	-56.25	468.644	988.145	0.525734
-98.75	-56.25	467.9	985.928	0.525421
-96.25	-56.25	466.902	983.224	0.525132
-93.75	-56.25	465.495	979.913	0.524963
-91.25	-56.25	463.611	975.847	0.524914
-88.75	-56.25	461.148	970.843	0.525002
-86.25	-56.25	458.014	964.68	0.525216
-83.75	-56.25	454.208	957.097	0.525432
-81.25	-56.25	449.613	947.805	0.525628
-78.75	-56.25	444.363	936.504	0.525508
-76.25	-56.25	438.689	922.938	0.524682
-73.75	-56.25	432.786	906.988	0.522832
-71.25	-56.25	426.823	888.806	0.519779
-68.75	-56.25	420.918	868.994	0.515626
-66.25	-56.25	415.318	848.754	0.510673
-63.75	-56.25	410.074	829.903	0.505877
-61.25	-56.25	405.16	814.624	0.502641
-58.75	-56.25	400.643	804.922	0.502259
-56.25	-56.25	396.358	801.981	0.505776
-53.75	-56.25	392.378	805.722	0.513011
-51.25	-56.25	388.811	814.819	0.522825
-48.75	-56.25	385.611	827.1	0.533779
-46.25	-56.25	382.631	840.11	0.544547
-43.75	-56.25	379.725	851.562	0.554084
-41.25	-56.25	376.689	859.579	0.561775
-38.75	-56.25	373.306	862.752	0.567308
-36.25	-56.25	369.299	860.098	0.570632
-33.75	-56.25	364.544	851.026	0.571642
-31.25	-56.25	359.099	835.378	0.570136
-28.75	-56.25	353.11	813.56	0.565969
-26.25	-56.25	346.527	786.731	0.559536
-23.75	-56.25	339.36	756.937	0.551666
-21.25	-56.25	331.63	727.009	0.543844
-18.75	-56.25	323.414	700.107	0.53805
-16.25	-56.25	314.829	678.94	0.536293
-13.75	-56.25	305.86	664.968	0.540038
-11.25	-56.25	296.478	658.02	0.549439
-8.75	-56.25	286.733	656.519	0.563252
-6.25	-56.25	276.847	658.17	0.579369
-3.75	-56.25	266.995	660.709	0.595896
-1.25	-56.25	257.435	662.426	0.611376
1.25	-56.25	248.448	662.426	0.624942
3.75	-56.25	240.386	660.709	0.63617
6.25	-56.25	233.402	658.17	0.645377
8.75	-56.25	227.596	656.519	0.653329
11.25	-56.25	222.763	658.02	0.661465
13.75	-56.25	218.667	664.968	0.671162
16.25	-56.25	215.154	678.94	0.683103
18.75	-56.25	211.908	700.107	0.697321
21.25	-56.25	208.718	727.009	0.712909
23.75	-56.25	205.529	756.937	0.728472
26.25	-56.25	202.156	786.731	0.743043
28.75	-56.25	198.439	813.56	0.756086
31.25	-56.25	194.418	835.378	0.767269
33.75	-56.25	189.955	851.026	0.776793
36.25	-56.25	185.143	860.098	0.784742
38.75	-56.25	180.151	862.752	0.79119
41.25	-56.25	175.204	859.579	0.796175
43.75	-56.25	170.506	851.562	0.799773
46.25	-56.25	166.25	840.11	0.802109
48.75	-56.25	162.375	827.1	0.803682
51.25	-56.25	159.128	814.819	0.804707
53.75	-56.25	156.48	805.722	0.80579
56.25	-56.25	154.379	801.981	0.807503
58.75	-56.25	152.814	804.922	0.81015
61.25	-56.25	151.783	814.624	0.813677
63.75	-56.25	151.257	829.903	0.817741
66.25	-56.25	151.152	848.754	0.821913
68.75	-56.25	151.598	868.994	0.825548
71.25	-56.25	152.525	888.806	0.828393
73.75	-56.25	153.702	906.988	0.830536
76.25	-56.25	154.802	922.938	0.832273
78.75	-56.25	155.825	936.504	0.83361
81.25	-56.25	156.832	947.805	0.834531
83.75	-56.25	157.777	957.097	0.83515
86.25	-56.25	158.606	964.68	0.835587
88.75	-56.25	159.123	970.843	0.836098
91.25	-56.25	159.377	975.847	0.836679
93.75	-56.25	159.452	979.913	0.83728
96.25	-56.25	159.342	983.224	0.837939
98.75	-56.25	159.164	985.928	0.838564
101.25	-56.25	159.094	988.145	0.838998
-100	-60	472.555	982.748	0.519149
-97.5	-60	471.608	979.417	0.518481
-95	-60	470.16	975.345	0.517956
-92.5	-60	468.163	970.358	0.517536
-90	-60	465.427	964.248	0.517317
-87.5	-60	462.008	956.775	0.51712
-85	-60	457.852	947.676	0.516868
-82.5	-60	453.044	936.69	0.516335
-80	-60	447.755	923.611	0.515212
-77.5	-60	442.174	908.378	0.513227
-75	-60	436.592	891.209	0.510112
-72.5	-60	431.095	872.757	0.506054
-70	-60	425.826	854.247	0.501519
-67.5	-60	420.837	837.467	0.497489
-65	-60	416.056	824.517	0.495394
-62.5	-60	411.544	817.281	0.496447
-60	-60	407.266	816.828	0.501405
-57.5	-60	403.186	823.012	0.510109
-55	-60	399.418	834.499	0.521369
-52.5	-60	395.918	849.173	0.53376
-50	-60	392.522	864.673	0.546046
-47.5	-60	389.323	878.838	0.557002
-45	-60	386.161	889.919	0.566071
-42.5	-60	382.858	896.614	0.572995
-40	-60	379.13	897.986	0.577799
-37.5	-60	374.795	893.384	0.580477
-35	-60	369.79	882.41	0.580932
-32.5	-60	364.155	864.997	0.57901
-30	-60	357.994	841.568	0.57461
-27.5	-60	351.329	813.26	0.567999
-25	-60	344.187	782.076	0.559906
-22.5	-60	336.7	750.806	0.551548
-20	-60	328.955	722.59	0.544756
-17.5	-60	320.991	700.158	0.541546
-15	-60	312.779	685.051	0.543422
-12.5	-60	304.303	677.222	0.55066
-10	-60	295.546	675.231	0.562304
-7.5	-60	286.56	676.873	0.576641
-5	-60	277.283	679.886	0.592162
-2.5	-60	267.831	682.451	0.607545
0	-60	258.595	683.434	0.621624
2.5	-60	250.041	682.451	0.633614
5	-60	242.375	679.886	0.643506
7.5	-60	235.618	676.873	0.651902
10	-60	229.905	675.231	0.659517
12.5	-60	225.084	677.222	0.667637
15	-60	220.89	685.051	0.677557
17.5	-60	217.143	700.158	0.689866
20	-60	213.562	722.59	0.704449
22.5	-60	210.028	750.806	0.720263
25	-60	206.546	782.076	0.735901
27.5	-60	202.981	813.26	0.750411
30	-60	199.152	841.568	0.763356
32.5	-60	195.11	864.997	0.774438
35	-60	190.85	882.41	0.783717
37.5	-60	186.427	893.384	0.791325
40	-60	181.899	897.986	0.797436
42.5	-60	177.436	896.614	0.802105
45	-60	173.098	889.919	0.80549
47.5	-60	168.911	878.838	0.807802
50	-60	165.309	864.673	0.808819
52.5	-60	162.182	849.173	0.809012
55	-60	159.422	834.499	0.808961
57.5	-60	157.109	823.012	0.809105
60	-60	155.239	816.828	0.809949
62.5	-60	153.845	817.281	0.81176
65	-60	153.012	824.517	0.814423
67.5	-60	152.789	837.467	0.817558
70	-60	153.081	854.247	0.8208
72.5	-60	153.77	872.757	0.823811
75	-60	154.65	891.209	0.826472
77.5	-60	155.632	908.378	0.82867
80	-60	156.694	923.611	0.830347
82.5	-60	157.767	936.69	0.83157
85	-60	158.759	947.676	0.832476
87.5	-60	159.55	956.775	0.833242
90	-60	160.107	964.248	0.833956
92.5	-60	160.336	970.358	0.834766
95	-60	160.289	975.345	0.835659
97.5	-60	160.09	979.417	0.836545
-96.25	-63.75	472.368	970.004	0.513024
-93.75	-63.75	470.238	963.967	0.512185
-91.25	-63.75	467.344	956.625	0.511465
-88.75	-63.75	463.688	947.739	0.510743
-86.25	-63.75	459.337	937.084	0.509824
-83.75	-63.75	454.535	924.499	0.508344
-81.25	-63.75	449.523	909.974	0.506005
-78.75	-63.75	444.434	893.78	0.502747
-76.25	-63.75	439.382	876.61	0.498771
-73.75	-63.75	434.499	859.701	0.494593
-71.25	-63.75	429.91	844.805	0.491113
-68.75	-63.75	425.494	833.933	0.489774
-66.25	-63.75	421.203	828.856	0.491826
-63.75	-63.75	417.045	830.532	0.497858
-61.25	-63.75	413.024	838.748	0.507572
-58.75	-63.75	409.24	852.165	0.519764
-56.25	-63.75	405.645	868.714	0.533051
-53.75	-63.75	402.087	886.132	0.546245
-51.25	-63.75	398.704	902.381	0.558165
-48.75	-63.75	395.368	915.85	0.568305
-46.25	-63.75	391.936	925.369	0.576454
-43.75	-63.75	388.292	930.111	0.582532
-41.25	-63.75	384.2	929.469	0.586646
-38.75	-63.75	379.521	922.983	0.58881
-36.25	-63.75	374.24	910.344	0.588903
-33.75	-63.75	368.374	891.496	0.586791
-31.25	-63.75	362.048	866.833	0.582333
-28.75	-63.75	355.396	837.436	0.575614
-26.25	-63.75	348.514	805.243	0.567194
-23.75	-63.75	341.411	772.989	0.558324
-21.25	-63.75	334.225	743.778	0.550639
-18.75	-63.75	326.998	720.347	0.546055
-16.25	-63.75	319.706	704.301	0.546067
-13.75	-63.75	312.275	695.706	0.55114
-11.25	-63.75	304.563	693.249	0.560673
-8.75	-63.75	296.486	694.827	0.573295
-6.25	-63.75	287.956	698.212	0.587581
-3.75	-63.75	279.068	701.535	0.602203
-1.25	-63.75	269.969	703.515	0.616257
1.25	-63.75	261.059	703.515	0.628922
3.75	-63.75	252.725	701.535	0.639754
6.25	-63.75	245.165	698.212	0.648868
8.75	-63.75	238.423	694.827	0.65686
11.25	-63.75	232.58	693.249	0.664507
13.75	-63.75	227.556	695.706	0.672913
16.25	-63.75	223.09	704.301	0.683246
18.75	-63.75	218.943	720.347	0.696059
21.25	-63.75	214.92	743.778	0.711043
23.75	-63.75	210.979	772.989	0.72706
26.25	-63.75	207.127	805.243	0.742777
28.75	-63.75	203.33	837.436	0.757199
31.25	-63.75	199.394	866.833	0.769975
33.75	-63.75	195.42	891.496	0.780796
36.25	-63.75	191.446	910.344	0.789699
38.75	-63.75	187.507	922.983	0.796847
41.25	-63.75	183.642	929.469	0.802422
43.75	-63.75	179.768	930.111	0.806725
46.25	-63.75	175.818	925.369	0.810003
48.75	-63.75	172.153	915.85	0.812029
51.25	-63.75	168.716	902.381	0.813032
53.75	-63.75	165.506	886.132	0.813227
56.25	-63.75	162.575	868.714	0.812856
58.75	-63.75	159.952	852.165	0.8123
61.25	-63.75	157.748	838.748	0.811924
63.75	-63.75	156.126	830.532	0.812016
66.25	-63.75	155.111	828.856	0.812861
68.75	-63.75	154.582	833.933	0.814634
71.25	-63.75	154.552	844.805	0.817056
73.75	-63.75	155.039	859.701	0.819659
76.25	-63.75	155.872	876.61	0.822188
78.75	-63.75	156.87	893.78	0.824487
81.25	-63.75	157.972	909.974	0.8264
83.75	-63.75	159.035	924.499	0.827977
86.25	-63.75	160.036	937.084	0.829219
88.75	-63.75	160.862	947.739	0.830268
91.25	-63.75	161.347	956.625	0.831337
93.75	-63.75	161.545	963.967	0.832417
-92.5	-67.5	466.812	947.957	0.507559
-90	-67.5	463.172	937.642	0.506024
-87.5	-67.5	458.922	925.548	0.504162
-85	-67.5	454.468	911.712	0.501522
-82.5	-67.5	449.957	896.446	0.498066
-80	-67.5	445.516	880.477	0.494006
-77.5	-67.5	441.212	865.042	0.489952
-75	-67.5	437.047	851.849	0.486943
-72.5	-67.5	433.103	842.824	0.486129
-70	-67.5	429.256	839.626	0.488753
-67.5	-67.5	425.421	843.107	0.495413
-65	-67.5	421.599	852.993	0.505741
-62.5	-67.5	417.928	867.933	0.518479
-60	-67.5	414.432	885.908	0.532196
-57.5	-67.5	410.964	904.743	0.545767
-55	-67.5	407.52	922.516	0.558251
-52.5	-67.5	404.045	937.752	0.569135
-50	-67.5	400.569	949.42	0.578091
-47.5	-67.5	396.987	956.82	0.585098
-45	-67.5	393.085	959.449	0.590301
-42.5	-67.5	388.618	956.89	0.593874
-40	-67.5	383.569	948.769	0.595719
-37.5	-67.5	377.984	934.791	0.595648
-35	-67.5	371.955	914.869	0.593434
-32.5	-67.5	365.547	889.34	0.588968
-30	-67.5	358.948	859.214	0.582237
-27.5	-67.5	352.389	826.357	0.573563
-25	-67.5	345.924	793.434	0.564017
-22.5	-67.5	339.472	763.508	0.555379
-20	-67.5	333.033	739.312	0.549536
-17.5	-67.5	326.66	722.503	0.547877
-15	-67.5	320.237	713.248	0.551017
-12.5	-67.5	313.563	710.356	0.558583
-10	-67.5	306.414	711.825	0.569538
-7.5	-67.5	298.747	715.481	0.582453
-5	-67.5	290.609	719.446	0.596065
-2.5	-67.5	282.03	722.357	0.609569
0	-67.5	273.167	723.414	0.622392
2.5	-67.5	264.337	722.357	0.634063
5	-67.5	255.983	719.446	0.644194
7.5	-67.5	248.335	715.481	0.652913
10	-67.5	241.463	711.825	0.660783
12.5	-67.5	235.388	710.356	0.668633
15	-67.5	229.967	713.248	0.677577
17.5	-67.5	225.027	722.503	0.688545
20	-67.5	220.447	739.312	0.701821
22.5	-67.5	215.967	763.508	0.717138
25	-67.5	211.574	793.434	0.733343
27.5	-67.5	207.388	826.357	0.749034
30	-67.5	203.347	859.214	0.763334
32.5	-67.5	199.39	889.34	0.7758
35	-67.5	195.588	914.869	0.786212
37.5	-67.5	191.965	934.791	0.794644
40	-67.5	188.571	948.769	0.801246
42.5	-67.5	185.329	956.89	0.806322
45	-67.5	182.028	959.449	0.810278
47.5	-67.5	178.768	956.82	0.813164
50	-67.5	175.513	949.42	0.815136
52.5	-67.5	172.252	937.752	0.816314
55	-67.5	168.978	922.516	0.816829
57.5	-67.5	165.793	904.743	0.816751
60	-67.5	162.928	885.908	0.816089
62.5	-67.5	160.507	867.933	0.81507
65	-67.5	158.593	852.993	0.814074
67.5	-67.5	157.153	843.107	0.813602
70	-67.5	156.343	839.626	0.813795
72.5	-67.5	156.216	842.824	0.814652
75	-67.5	156.664	851.849	0.81609
77.5	-67.5	157.45	865.042	0.817986
80	-67.5	158.394	880.477	0.820104
82.5	-67.5	159.495	896.446	0.822081
85	-67.5	160.563	911.712	0.823889
87.5	-67.5	161.536	925.548	0.82547
90	-67.5	162.343	937.642	0.82686
-88.75	-71.25	456.836	913.541	0.499928
-86.25	-71.25	453.04	899.155	0.496149
-83.75	-71.25	449.211	884.304	0.492018
-81.25	-71.25	445.556	870.219	0.487995
-78.75	-71.25	442.04	858.562	0.48514
-76.25	-71.25	438.607	851.174	0.484703
-73.75	-71.25	435.256	849.603	0.487695
-71.25	-71.25	431.925	854.606	0.494591
-68.75	-71.25	428.602	865.844	0.50499
-66.25	-71.25	425.245	881.962	0.517842
-63.75	-71.25	421.932	900.98	0.531697
-61.25	-71.25	418.613	920.807	0.545384
-58.75	-71.25	415.325	939.631	0.557991
-56.25	-71.25	412.031	956.099	0.56905
-53.75	-71.25	408.611	969.311	0.578452
-51.25	-71.25	405.024	978.697	0.58616
-48.75	-71.25	401.226	983.876	0.592198
-46.25	-71.25	397.044	984.528	0.596716
-43.75	-71.25	392.382	980.319	0.59974
-41.25	-71.25	387.105	970.891	0.601289
-38.75	-71.25	381.237	955.922	0.601184
-36.25	-71.25	375.015	935.272	0.599031
-33.75	-71.25	368.677	909.21	0.594508
-31.25	-71.25	362.371	878.673	0.587593
-28.75	-71.25	356.204	845.446	0.578679
-26.25	-71.25	350.28	812.127	0.568688
-23.75	-71.25	344.629	781.725	0.559143
-21.25	-71.25	339.149	756.968	0.551964
-18.75	-71.25	333.708	739.552	0.54877
-16.25	-71.25	328.132	729.734	0.55034
-13.75	-71.25	322.283	726.437	0.556351
-11.25	-71.25	316.09	727.76	0.565668
-8.75	-71.25	309.408	731.596	0.577078
-6.25	-71.25	302.119	736.08	0.589556
-3.75	-71.25	294.181	739.811	0.602356
-1.25	-71.25	285.69	741.891	0.614917
1.25	-71.25	276.833	741.891	0.626855
3.75	-71.25	267.958	739.811	0.637802
6.25	-71.25	259.485	736.08	0.647477
8.75	-71.25	251.64	731.596	0.65604
11.25	-71.25	244.47	727.76	0.664079
13.75	-71.25	238.029	726.437	0.672333
16.25	-71.25	232.161	729.734	0.681855
18.75	-71.25	226.693	739.552	0.693472
21.25	-71.25	221.589	756.968	0.707267
23.75	-71.25	216.68	781.725	0.722818
26.25	-71.25	211.945	812.127	0.739025
28.75	-71.25	207.462	845.446	0.754613
31.25	-71.25	203.286	878.673	0.768644
33.75	-71.25	199.372	909.21	0.780719
36.25	-71.25	195.817	935.272	0.790631
38.75	-71.25	192.635	955.922	0.798482
41.25	-71.25	189.746	970.891	0.804565
43.75	-71.25	186.941	980.319	0.809306
46.25	-71.25	184.312	984.528	0.812792
48.75	-71.25	181.643	983.876	0.81538
51.25	-71.25	178.783	978.697	0.817326
53.75	-71.25	175.705	969.311	0.818732
56.25	-71.25	172.458	956.099	0.819623
58.75	-71.25	169.146	939.631	0.819987
61.25	-71.25	165.993	920.807	0.819731
63.75	-71.25	163.191	900.98	0.818873
66.25	-71.25	160.941	881.962	0.81752
68.75	-71.25	159.336	865.844	0.815976
71.25	-71.25	158.405	854.606	0.814646
73.75	-71.25	158.156	849.603	0.813847
76.25	-71.25	158.501	851.174	0.813785
78.75	-71.25	159.255	858.562	0.81451
81.25	-71.25	160.16	870.219	0.815954
83.75	-71.25	161.179	884.304	0.817734
86.25	-71.25	162.245	899.155	0.819559
-85	-75	447.311	875.202	0.488905
-82.5	-75	444.528	864.928	0.486052
-80	-75	441.752	858.985	0.485728
-77.5	-75	439.026	858.82	0.488803
-75	-75	436.252	865.095	0.495719
-72.5	-75	433.425	877.417	0.506022
-70	-75	430.613	894.419	0.518555
-67.5	-75	427.774	914.163	0.53206
-65	-75	424.844	934.635	0.545444
-62.5	-75	421.797	954.12	0.55792
-60	-75	418.707	971.378	0.568956
-57.5	-75	415.527	985.624	0.578412
-55	-75	412.189	996.409	0.586325
-52.5	-75	408.636	1003.47	0.592778
-50	-75	404.684	1006.61	0.597972
-47.5	-75	400.34	1005.57	0.601878
-45	-75	395.464	1000.05	0.604554
-42.5	-75	389.996	989.652	0.605925
-40	-75	384.083	974.018	0.605672
-37.5	-75	377.921	952.948	0.603419
-35	-75	371.737	926.641	0.598834
-32.5	-75	365.779	895.959	0.591745
-30	-75	360.126	862.611	0.582516
-27.5	-75	354.807	829.121	0.572069
-25	-75	349.87	798.449	0.561812
-22.5	-75	345.201	773.302	0.553602
-20	-75	340.578	755.414	0.549151
-17.5	-75	335.801	745.12	0.549333
-15	-75	330.792	741.448	0.553857
-12.5	-75	325.424	742.598	0.561776
-10	-75	319.609	746.533	0.571876
-7.5	-75	313.174	751.418	0.583223
-5	-75	306.01	755.841	0.59514
-2.5	-75	298.116	758.848	0.607146
0	-75	289.577	759.908	0.618932
2.5	-75	280.63	758.848	0.63019
5	-75	271.619	755.841	0.640639
7.5	-75	262.954	751.418	0.650057
10	-75	254.819	746.533	0.658664
12.5	-75	247.281	742.598	0.667006
15	-75	240.361	741.448	0.675822
17.5	-75	234.004	745.12	0.685951
20	-75	228.055	755.414	0.698107
22.5	-75	222.467	773.302	0.712316
25	-75	217.175	798.449	0.728004
27.5	-75	212.164	829.121	0.74411
30	-75	207.543	862.611	0.759401
32.5	-75	203.342	895.959	0.773045
35	-75	199.576	926.641	0.784625
37.5	-75	196.339	952.948	0.793967
40	-75	193.533	974.018	0.801305
42.5	-75	190.962	989.652	0.807042
45	-75	188.722	1000.05	0.811287
47.5	-75	186.591	1005.57	0.814443
50	-75	184.33	1006.61	0.81688
52.5	-75	181.862	1003.47	0.818767
55	-75	179.023	996.409	0.820332
57.5	-75	175.768	985.624	0.821668
60	-75	172.268	971.378	0.822656
62.5	-75	168.9	954.12	0.822978
65	-75	165.89	934.635	0.822508
67.5	-75	163.466	914.163	0.821185
70	-75	161.706	894.419	0.819205
72.5	-75	160.631	877.417	0.816928
75	-75	160.284	865.095	0.814721
77.5	-75	160.531	858.82	0.813079
80	-75	161.183	858.985	0.812356
82.5	-75	162.046	864.928	0.812648
-81.25	-78.75	440.2	867.32	0.492459
-78.75	-78.75	438.131	874.655	0.499081
-76.25	-78.75	435.948	887.829	0.508973
-73.75	-78.75	433.729	905.473	0.520991
-71.25	-78.75	431.405	925.685	0.533961
-68.75	-78.75	428.976	946.521	0.546786
-66.25	-78.75	426.469	966.356	0.558683
-63.75	-78.75	423.808	984.048	0.569321
-61.25	-78.75	421.007	998.916	0.578536
-58.75	-78.75	417.978	1010.62	0.586412
-56.25	-78.75	414.739	1018.99	0.59299
-53.75	-78.75	411.213	1023.95	0.598403
-51.25	-78.75	407.297	1025.35	0.602772
-48.75	-78.75	402.911	1022.97	0.606136
-46.25	-78.75	397.962	1016.47	0.608485
-43.75	-78.75	392.468	1005.42	0.609648
-41.25	-78.75	386.638	989.408	0.609223
-38.75	-78.75	380.702	968.178	0.606785
-36.25	-78.75	374.915	941.863	0.601943
-33.75	-78.75	369.414	911.254	0.59461
-31.25	-78.75	364.279	877.988	0.585098
-28.75	-78.75	359.576	844.515	0.574222
-26.25	-78.75	355.253	813.74	0.563432
-23.75	-78.75	351.208	788.351	0.554504
-21.25	-78.75	347.216	770.106	0.549132
-18.75	-78.75	343.129	759.413	0.548166
-16.25	-78.75	338.865	755.396	0.551408
-13.75	-78.75	334.295	756.354	0.558017
-11.25	-78.75	329.245	760.319	0.566964
-8.75	-78.75	323.56	765.497	0.57732
-6.25	-78.75	317.152	770.481	0.588371
-3.75	-78.75	309.964	774.292	0.599681
-1.25	-78.75	302.035	776.336	0.610948
1.25	-78.75	293.412	776.336	0.622055
3.75	-78.75	284.306	774.292	0.632819
6.25	-78.75	275.099	770.481	0.642952
8.75	-78.75	266.178	765.497	0.652281
11.25	-78.75	257.704	760.319	0.661057
13.75	-78.75	249.719	756.354	0.669838
16.25	-78.75	242.332	755.396	0.679199
18.75	-78.75	235.496	759.413	0.689897
21.25	-78.75	229.124	770.106	0.702478
23.75	-78.75	223.186	788.351	0.716895
26.25	-78.75	217.578	813.74	0.732619
28.75	-78.75	212.397	844.515	0.748499
31.25	-78.75	207.774	877.988	0.763352
33.75	-78.75	203.709	911.254	0.776452
36.25	-78.75	200.17	941.863	0.787475
38.75	-78.75	197.19	968.178	0.796329
41.25	-78.75	194.609	989.408	0.803308
43.75	-78.75	192.51	1005.42	0.808527
46.25	-78.75	190.665	1016.47	0.812424
48.75	-78.75	188.885	1022.97	0.815356
51.25	-78.75	186.945	1025.35	0.817677
53.75	-78.75	184.639	1023.95	0.819679
56.25	-78.75	181.85	1018.99	0.821539
58.75	-78.75	178.651	1010.62	0.823225
61.25	-78.75	175.201	998.916	0.824609
63.75	-78.75	171.77	984.048	0.825446
66.25	-78.75	168.637	966.356	0.825492
68.75	-78.75	166.056	946.521	0.824562
71.25	-78.75	164.166	925.685	0.822654
73.75	-78.75	162.975	905.473	0.820011
76.25	-78.75	162.505	887.829	0.816964
78.75	-78.75	162.669	874.655	0.81402
-77.5	-82.5	434.245	915.283	0.525562
-75	-82.5	432.656	935.755	0.537639
-72.5	-82.5	430.822	956.732	0.549694
-70	-82.5	428.836	976.673	0.560922
-67.5	-82.5	426.723	994.524	0.570928
-65	-82.5	424.472	1009.69	0.579601
-62.5	-82.5	421.999	1021.92	0.587052
-60	-82.5	419.234	1031.14	0.593426
-57.5	-82.5	416.175	1037.36	0.598813
-55	-82.5	412.766	1040.54	0.603317
-52.5	-82.5	408.984	1040.57	0.606961
-50	-82.5	404.708	1037.18	0.6098
-47.5	-82.5	399.866	1030.01	0.611783
-45	-82.5	394.624	1018.58	0.612573
-42.5	-82.5	389.116	1002.43	0.611826
-40	-82.5	383.601	981.246	0.609067
-37.5	-82.5	378.269	955.114	0.603954
-35	-82.5	373.251	924.754	0.596377
-32.5	-82.5	368.716	891.73	0.586516
-30	-82.5	364.601	858.425	0.575267
-27.5	-82.5	360.766	827.686	0.564127
-25	-82.5	357.111	802.177	0.554823
-22.5	-82.5	353.615	783.674	0.548773
-20	-82.5	350.139	772.649	0.546833
-17.5	-82.5	346.482	768.318	0.549038
-15	-82.5	342.499	769.069	0.554657
-12.5	-82.5	338.093	773.008	0.562627
-10	-82.5	333.128	778.385	0.572027
-7.5	-82.5	327.468	783.808	0.582209
-5	-82.5	321.015	788.291	0.592771
-2.5	-82.5	313.755	791.206	0.603448
0	-82.5	305.707	792.214	0.61411
2.5	-82.5	296.964	791.206	0.624669
5	-82.5	287.707	788.291	0.635025
7.5	-82.5	278.245	783.808	0.645008
10	-82.5	268.996	778.385	0.654418
12.5	-82.5	260.128	773.008	0.663486
15	-82.5	251.739	769.069	0.67267
17.5	-82.5	243.928	768.318	0.682517
20	-82.5	236.694	772.649	0.693659
22.5	-82.5	229.986	783.674	0.706529
25	-82.5	223.787	802.177	0.721025
27.5	-82.5	218.051	827.686	0.736554
30	-82.5	212.837	858.425	0.752061
32.5	-82.5	208.296	891.73	0.766414
35	-82.5	204.449	924.754	0.778915
37.5	-82.5	201.169	955.114	0.789377
40	-82.5	198.366	981.246	0.797843
42.5	-82.5	196.156	1002.43	0.804318
45	-82.5	194.389	1018.58	0.809156
47.5	-82.5	192.823	1030.01	0.812794
50	-82.5	191.194	1037.18	0.81566
52.5	-82.5	189.256	1040.57	0.818122
55	-82.5	186.983	1040.54	0.820302
57.5	-82.5	184.312	1037.36	0.822325
60	-82.5	181.257	1031.14	0.824217
62.5	-82.5	177.875	1021.92	0.825939
65	-82.5	174.456	1009.69	0.827218
67.5	-82.5	171.307	994.524	0.82775
70	-82.5	168.646	976.673	0.827326
72.5	-82.5	166.633	956.732	0.825831
75	-82.5	165.352	935.755	0.823295
-73.75	-86.25	428.703	985.367	0.56493
-71.25	-86.25	427.249	1003.16	0.574099
-68.75	-86.25	425.551	1018.38	0.58213
-66.25	-86.25	423.68	1030.84	0.588995
-63.75	-86.25	421.571	1040.54	0.594855
-61.25	-86.25	419.135	1047.58	0.599901
-58.75	-86.25	416.352	1052	0.604227
-56.25	-86.25	413.215	1053.77	0.60787
-53.75	-86.25	409.697	1052.76	0.610835
-51.25	-86.25	405.713	1048.67	0.613116
-48.75	-86.25	401.305	1041.08	0.61453
-46.25	-86.25	396.513	1029.49	0.614845
-43.75	-86.25	391.561	1013.39	0.613614
-41.25	-86.25	386.643	992.426	0.610407
-38.75	-86.25	381.879	966.624	0.604935
-36.25	-86.25	377.443	936.648	0.597028
-33.75	-86.25	373.386	903.995	0.58696
-31.25	-86.25	369.665	870.978	0.575575
-28.75	-86.25	366.236	840.387	0.564206
-26.25	-86.25	363.003	814.858	0.55452
-23.75	-86.25	359.843	796.181	0.548038
-21.25	-86.25	356.733	784.885	0.545496
-18.75	-86.25	353.535	780.268	0.546905
-16.25	-86.25	350.048	780.804	0.551682
-13.75	-86.25	346.151	784.672	0.55886
-11.25	-86.25	341.742	790.168	0.567507
-8.75	-86.25	336.754	795.922	0.576901
-6.25	-86.25	331.065	800.95	0.58666
-3.75	-86.25	324.571	804.61	0.596611
-1.25	-86.25	317.208	806.524	0.606697
1.25	-86.25	309.04	806.524	0.616825
3.75	-86.25	300.126	804.61	0.626992
6.25	-86.25	290.654	800.95	0.637114
8.75	-86.25	280.92	795.922	0.647051
11.25	-86.25	271.304	790.168	0.65665
13.75	-86.25	262.064	784.672	0.66602
16.25	-86.25	253.312	780.804	0.675576
18.75	-86.25	245.177	780.268	0.685778
21.25	-86.25	237.661	784.885	0.697202
23.75	-86.25	230.729	796.181	0.710205
26.25	-86.25	224.419	814.858	0.724591
28.75	-86.25	218.684	840.387	0.739782
31.25	-86.25	213.576	870.978	0.754786
33.75	-86.25	209.228	903.995	0.768552
36.25	-86.25	205.612	936.648	0.780481
38.75	-86.25	202.522	966.624	0.790485
41.25	-86.25	200.113	992.426	0.79836
43.75	-86.25	198.193	1013.39	0.804426
46.25	-86.25	196.557	1029.49	0.809074
48.75	-86.25	194.992	1041.08	0.812702
51.25	-86.25	193.342	1048.67	0.815631
53.75	-86.25	191.401	1052.76	0.818191
56.25	-86.25	189.136	1053.77	0.820515
58.75	-86.25	186.507	1052	0.822711
61.25	-86.25	183.483	1047.58	0.82485
63.75	-86.25	180.209	1040.54	0.826812
66.25	-86.25	176.889	1030.84	0.828403
68.75	-86.25	173.769	1018.38	0.829368
71.25	-86.25	171.121	1003.16	0.829419
-70	-90	422.811	1037.82	0.592598
-67.5	-90	421.37	1047.73	0.597826
-65	-90	419.626	1055.23	0.602338
-62.5	-90	417.601	1060.45	0.606204
-60	-90	415.217	1063.44	0.609554
-57.5	-90	412.476	1064.16	0.612392
-55	-90	409.379	1062.4	0.614666
-52.5	-90	405.966	1057.86	0.616237
-50	-90	402.255	1050.07	0.616925
-47.5	-90	398.215	1038.49	0.616546
-45	-90	393.991	1022.59	0.614713
-42.5	-90	389.77	1001.97	0.610995
-40	-90	385.689	976.608	0.605073
-37.5	-90	381.845	947.118	0.596835
-35	-90	378.218	914.933	0.586617
-32.5	-90	374.785	882.298	0.575217
-30	-90	371.621	851.945	0.563797
-27.5	-90	368.664	826.479	0.553934
-25	-90	365.83	807.7	0.547072
-22.5	-90	362.973	796.185	0.54411
-20	-90	360.01	791.309	0.545044
-17.5	-90	356.861	791.628	0.549206
-15	-90	353.376	795.39	0.555719
-12.5	-90	349.472	800.938	0.563671
-10	-90	345.038	806.929	0.572406
-7.5	-90	339.983	812.387	0.581501
-5	-90	334.244	816.665	0.590721
-2.5	-90	327.695	819.368	0.600064
0	-90	320.251	820.29	0.609588
2.5	-90	311.924	819.368	0.619311
5	-90	302.8	816.665	0.629223
7.5	-90	293.054	812.387	0.639268
10	-90	283.009	806.929	0.649276
12.5	-90	273.078	800.938	0.659053
15	-90	263.512	795.39	0.668701
17.5	-90	254.478	791.628	0.678539
20	-90	246.129	791.309	0.688959
22.5	-90	238.466	796.185	0.700489
25	-90	231.465	807.7	0.713428
27.5	-90	225.174	826.479	0.727551
30	-90	219.566	851.945	0.742277
32.5	-90	214.703	882.298	0.756655
35	-90	210.619	914.933	0.769798
37.5	-90	207.199	947.118	0.781232
40	-90	204.482	976.608	0.79062
42.5	-90	202.319	1001.97	0.798078
45	-90	200.481	1022.59	0.803948
47.5	-90	198.848	1038.49	0.808523
50	-90	197.23	1050.07	0.812174
52.5	-90	195.473	1057.86	0.815218
55	-90	193.445	1062.4	0.817917
57.5	-90	191.104	1064.16	0.820417
60	-90	188.414	1063.44	0.822826
62.5	-90	185.404	1060.45	0.825165
65	-90	182.183	1055.23	0.827352
67.5	-90	178.983	1047.73	0.829171
-66.25	-93.75	416.117	1066.54	0.609843
-63.75	-93.75	414.578	1070.32	0.61266
-61.25	-93.75	412.705	1072.23	0.615096
-58.75	-93.75	410.54	1072.17	0.617096
-56.25	-93.75	408.119	1069.93	0.618555
-53.75	-93.75	405.502	1065.13	0.619295
-51.25	-93.75	402.671	1057.31	0.619155
-48.75	-93.75	399.596	1045.88	0.617934
-46.25	-93.75	396.328	1030.29	0.615322
-43.75	-93.75	392.935	1010.1	0.610993
-41.25	-93.75	389.571	985.259	0.604601
-38.75	-93.75	386.246	956.332	0.596117
-36.25	-93.75	382.984	924.688	0.585823
-33.75	-93.75	379.881	892.506	0.574366
-31.25	-93.75	376.925	862.462	0.562966
-28.75	-93.75	374.129	837.127	0.55308
-26.25	-93.75	371.427	818.306	0.546102
-23.75	-93.75	368.703	806.618	0.542903
-21.25	-93.75	365.915	801.509	0.543467
-18.75	-93.75	362.984	801.612	0.547183
-16.25	-93.75	359.81	805.242	0.553165
-13.75	-93.75	356.281	810.789	0.560575
-11.25	-93.75	352.326	816.937	0.568723
-8.75	-93.75	347.863	822.724	0.577181
-6.25	-93.75	342.789	827.503	0.585755
-3.75	-93.75	336.97	830.872	0.594438
-1.25	-93.75	330.33	832.607	0.603258
1.25	-93.75	322.776	832.607	0.612331
3.75	-93.75	314.284	830.872	0.621742
6.25	-93.75	304.906	827.503	0.631534
8.75	-93.75	294.855	822.724	0.641611
11.25	-93.75	284.504	816.937	0.651743
13.75	-93.75	274.301	810.789	0.661686
16.25	-93.75	264.516	805.242	0.671507
18.75	-93.75	255.314	801.612	0.681499
21.25	-93.75	246.853	801.509	0.692015
23.75	-93.75	239.176	806.618	0.703483
26.25	-93.75	232.27	818.306	0.716158
28.75	-93.75	226.158	837.127	0.729841
31.25	-93.75	220.818	862.462	0.743968
33.75	-93.75	216.265	892.506	0.757688
36.25	-93.75	212.437	924.688	0.77026
38.75	-93.75	209.373	956.332	0.781067
41.25	-93.75	206.843	985.259	0.790062
43.75	-93.75	204.785	1010.1	0.797262
46.25	-93.75	203.004	1030.29	0.802964
48.75	-93.75	201.304	1045.88	0.807527
51.25	-93.75	199.521	1057.31	0.811293
53.75	-93.75	197.573	1065.13	0.814509
56.25	-93.75	195.379	1069.93	0.817391
58.75	-93.75	192.886	1072.17	0.820098
61.25	-93.75	190.09	1072.23	0.822715
63.75	-93.75	187.053	1070.32	0.825237
-62.5	-97.5	408.795	1078.84	0.621079
-60	-97.5	407.458	1078.26	0.622114
-57.5	-97.5	405.955	1075.72	0.622619
-55	-97.5	404.343	1070.83	0.622402
-52.5	-97.5	402.557	1063.09	0.621333
-50	-97.5	400.549	1051.91	0.619217
-47.5	-97.5	398.34	1036.7	0.615761
-45	-97.5	395.912	1017.01	0.61071
-42.5	-97.5	393.27	992.753	0.603859
-40	-97.5	390.448	964.441	0.595157
-37.5	-97.5	387.601	933.39	0.584738
-35	-97.5	384.768	901.716	0.573293
-32.5	-97.5	382.001	872.036	0.561944
-30	-97.5	379.302	846.887	0.552122
-27.5	-97.5	376.621	828.073	0.545184
-25	-97.5	373.943	816.253	0.541879
-22.5	-97.5	371.219	810.935	0.542233
-20	-97.5	368.386	810.827	0.545667
-17.5	-97.5	365.434	814.306	0.551233
-15	-97.5	362.251	819.808	0.558128
-12.5	-97.5	358.692	826.048	0.565773
-10	-97.5	354.709	832.076	0.573706
-7.5	-97.5	350.216	837.253	0.581708
-5	-97.5	345.097	841.174	0.589744
-2.5	-97.5	339.216	843.605	0.597897
0	-97.5	332.45	844.427	0.606301
2.5	-97.5	324.73	843.605	0.615069
5	-97.5	316.024	841.174	0.624306
7.5	-97.5	306.386	837.253	0.634058
10	-97.5	296.05	832.076	0.644203
12.5	-97.5	285.444	826.048	0.654447
15	-97.5	275.039	819.808	0.664509
17.5	-97.5	265.13	814.306	0.67441
20	-97.5	255.87	810.827	0.684434
22.5	-97.5	247.446	810.935	0.694864
25	-97.5	239.909	816.253	0.706085
27.5	-97.5	233.238	828.073	0.718337
30	-97.5	227.475	846.887	0.731398
32.5	-97.5	222.5	872.036	0.74485
35	-97.5	218.2	901.716	0.758017
37.5	-97.5	214.717	933.39	0.76996
40	-97.5	211.921	964.441	0.780266
42.5	-97.5	209.568	992.753	0.788902
45	-97.5	207.544	1017.01	0.795927
47.5	-97.5	205.671	1036.7	0.801609
50	-97.5	203.797	1051.91	0.80626
52.5	-97.5	201.813	1063.09	0.810164
55	-97.5	199.639	1070.83	0.813566
57.5	-97.5	197.189	1075.72	0.816691
60	-97.5	194.513	1078.26	0.819604
-58.75	-101.25	402.861	1080.08	0.627009
-56.25	-101.25	402.448	1075.22	0.625706
-53.75	-101.25	401.835	1067.66	0.62363
-51.25	-101.25	400.995	1056.79	0.620555
-48.75	-101.25	399.85	1042.02	0.616275
-46.25	-101.25	398.359	1022.88	0.610551
-43.75	-101.25	396.463	999.24	0.603235
-41.25	-101.25	394.248	971.579	0.594219
-38.75	-101.25	391.857	941.158	0.583643
-36.25	-101.25	389.307	910.03	0.572205
-33.75	-101.25	386.697	880.757	0.560949
-31.25	-101.25	384.039	855.837	0.551271
-28.75	-101.25	381.34	837.073	0.544437
-26.25	-101.25	378.646	825.156	0.541122
-23.75	-101.25	375.941	819.654	0.541342
-21.25	-101.25	373.174	819.341	0.544544
-18.75	-101.25	370.315	822.655	0.549854
-16.25	-101.25	367.329	828.079	0.556409
-13.75	-101.25	364.152	834.356	0.563554
-11.25	-101.25	360.609	840.554	0.570987
-8.75	-101.25	356.615	846.037	0.578488
-6.25	-101.25	352.08	850.405	0.585985
-3.75	-101.25	346.896	853.42	0.593523
-1.25	-101.25	340.924	854.956	0.601238
1.25	-101.25	334.016	854.956	0.609318
3.75	-101.25	326.071	853.42	0.617924
6.25	-101.25	317.104	850.405	0.627114
8.75	-101.25	307.223	846.037	0.636868
11.25	-101.25	296.677	840.554	0.647046
13.75	-101.25	285.886	834.356	0.657358
16.25	-101.25	275.366	828.079	0.667464
18.75	-101.25	265.423	822.655	0.677358
21.25	-101.25	256.256	819.341	0.687241
23.75	-101.25	248.027	819.654	0.6974
26.25	-101.25	240.782	825.156	0.708198
28.75	-101.25	234.503	837.073	0.719854
31.25	-101.25	229.124	855.837	0.732281
33.75	-101.25	224.441	880.757	0.745173
36.25	-101.25	220.564	910.03	0.75763
38.75	-101.25	217.414	941.158	0.768993
41.25	-101.25	214.814	971.579	0.778902
43.75	-101.25	212.537	999.24	0.787301
46.25	-101.25	210.441	1022.88	0.794265
48.75	-101.25	208.382	1042.02	0.800022
51.25	-101.25	206.281	1056.79	0.804805
53.75	-101.25	204.051	1067.66	0.80888
56.25	-101.25	201.616	1075.22	0.812489
-55	-105	400.37	1071.22	0.62625
-52.5	-105	400.743	1060.72	0.622199
-50	-105	400.634	1046.43	0.617141
-47.5	-105	400.021	1027.85	0.610818
-45	-105	398.93	1004.85	0.602997
-42.5	-105	397.393	977.866	0.593612
-40	-105	395.471	948.098	0.58288
-37.5	-105	393.255	917.544	0.571405
-35	-105	390.828	888.709	0.560229
-32.5	-105	388.221	864.054	0.550698
-30	-105	385.527	845.374	0.543957
-27.5	-105	382.785	833.39	0.54069
-25	-105	380.044	827.725	0.540857
-22.5	-105	377.32	827.215	0.543866
-20	-105	374.55	830.357	0.54893
-17.5	-105	371.695	835.678	0.555218
-15	-105	368.721	841.949	0.562063
-12.5	-105	365.532	848.254	0.569077
-10	-105	362.012	853.968	0.576082
-7.5	-105	358.024	858.692	0.583058
-5	-105	353.447	862.189	0.590059
-2.5	-105	348.172	864.33	0.597177
0	-105	342.055	865.05	0.604583
2.5	-105	334.955	864.33	0.612469
5	-105	326.777	862.189	0.620991
7.5	-105	317.56	858.692	0.630182
10	-105	307.462	853.968	0.639961
12.5	-105	296.765	848.254	0.650146
15	-105	285.908	841.949	0.660421
17.5	-105	275.383	835.678	0.670468
20	-105	265.547	830.357	0.680202
22.5	-105	256.608	827.215	0.689793
25	-105	248.719	827.725	0.699514
27.5	-105	241.886	833.39	0.709757
30	-105	236.006	845.374	0.720827
32.5	-105	230.986	864.054	0.732672
35	-105	226.801	888.709	0.744797
37.5	-105	223.317	917.544	0.756615
40	-105	220.41	948.098	0.767524
42.5	-105	217.907	977.866	0.777161
45	-105	215.589	1004.85	0.785452
47.5	-105	213.347	1027.85	0.792435
50	-105	211.072	1046.43	0.798293
52.5	-105	208.718	1060.72	0.80323
-51.25	-108.75	400.412	1050.05	0.618674
-48.75	-108.75	400.747	1032.06	0.611701
-46.25	-108.75	400.451	1009.71	0.6034
-43.75	-108.75	399.602	983.407	0.593655
-41.25	-108.75	398.221	954.305	0.582711
-38.75	-108.75	396.359	924.343	0.571199
-36.25	-108.75	394.157	895.968	0.560077
-33.75	-108.75	391.691	871.604	0.550609
-31.25	-108.75	389.062	853.038	0.54391
-28.75	-108.75	386.317	841.015	0.540653
-26.25	-108.75	383.56	835.206	0.54076
-23.75	-108.75	380.822	834.509	0.543657
-21.25	-108.75	378.109	837.475	0.548513
-18.75	-108.75	375.376	842.673	0.554541
-16.25	-108.75	372.553	848.903	0.561136
-13.75	-108.75	369.604	855.266	0.56785
-11.25	-108.75	366.444	861.146	0.574469
-8.75	-108.75	362.909	866.148	0.581008
-6.25	-108.75	358.908	870.037	0.58748
-3.75	-108.75	354.285	872.683	0.594028
-1.25	-108.75	348.886	874.02	0.600826
1.25	-108.75	342.581	874.02	0.60804
3.75	-108.75	335.249	872.683	0.615842
6.25	-108.75	326.846	870.037	0.624331
8.75	-108.75	317.432	866.148	0.633513
11.25	-108.75	307.181	861.146	0.643288
13.75	-108.75	296.423	855.266	0.653415
16.25	-108.75	285.597	848.903	0.663569
18.75	-108.75	275.232	842.673	0.673382
21.25	-108.75	265.648	837.475	0.682799
23.75	-108.75	257.039	834.509	0.691988
26.25	-108.75	249.557	835.206	0.701203
28.75	-108.75	243.186	841.015	0.710842
31.25	-108.75	237.735	853.038	0.721308
33.75	-108.75	233.243	871.604	0.732398
36.25	-108.75	229.483	895.968	0.743871
38.75	-108.75	226.287	924.343	0.755191
41.25	-108.75	223.545	954.305	0.765751
43.75	-108.75	221.047	983.407	0.775223
46.25	-108.75	218.602	1009.71	0.7835
48.75	-108.75	216.18	1032.06	0.790535
-47.5	-112.5	400.801	1013.91	0.604699
-45	-112.5	400.651	988.294	0.594603
-42.5	-112.5	399.828	959.862	0.583452
-40	-112.5	398.42	930.501	0.571823
-37.5	-112.5	396.517	902.603	0.560696
-35	-112.5	394.278	878.551	0.551218
-32.5	-112.5	391.782	860.123	0.544505
-30	-112.5	389.131	848.083	0.541164
-27.5	-112.5	386.437	842.149	0.54113
-25	-112.5	383.709	841.275	0.543896
-22.5	-112.5	381.021	844.064	0.548587
-20	-112.5	378.362	849.126	0.55441
-17.5	-112.5	375.674	855.288	0.560764
-15	-112.5	372.91	861.669	0.567223
-12.5	-112.5	370.009	867.66	0.573556
-10	-112.5	366.862	872.873	0.579708
-7.5	-112.5	363.319	877.076	0.585761
-5	-112.5	359.253	880.14	0.591822
-2.5	-112.5	354.539	881.997	0.598027
0	-112.5	348.997	882.619	0.60459
2.5	-112.5	342.475	881.997	0.611705
5	-112.5	334.918	880.14	0.619472
7.5	-112.5	326.324	877.076	0.627941
10	-112.5	316.787	872.873	0.637076
12.5	-112.5	306.495	867.66	0.646756
15	-112.5	295.775	861.669	0.656741
17.5	-112.5	285.117	855.288	0.666643
20	-112.5	275.015	849.126	0.67612
22.5	-112.5	265.779	844.064	0.68512
25	-112.5	257.614	841.275	0.693782
27.5	-112.5	250.625	842.149	0.702398
30	-112.5	244.696	848.083	0.711472
32.5	-112.5	239.805	860.123	0.721197
35	-112.5	235.77	878.551	0.731638
37.5	-112.5	232.339	902.603	0.74259
40	-112.5	229.346	930.501	0.753524
42.5	-112.5	226.651	959.862	0.763871
45	-112.5	224.096	988.294	0.773249
-43.75	-116.25	400.075	964.844	0.585348
-41.25	-116.25	399.207	936.088	0.573537
-38.75	-116.25	397.747	908.676	0.562278
-36.25	-116.25	395.824	884.952	0.552717
-33.75	-116.25	393.573	866.681	0.545884
-31.25	-116.25	391.111	854.644	0.54237
-28.75	-116.25	388.536	848.603	0.542146
-26.25	-116.25	385.908	847.562	0.544685
-23.75	-116.25	383.288	850.175	0.549165
-21.25	-116.25	380.679	855.091	0.554809
-18.75	-116.25	378.102	861.165	0.560941
-16.25	-116.25	375.489	867.53	0.567175
-13.75	-116.25	372.782	873.59	0.573275
-11.25	-116.25	369.925	878.959	0.579133
-8.75	-116.25	366.786	883.408	0.584806
-6.25	-116.25	363.208	886.811	0.590434
-3.75	-116.25	359.06	889.103	0.596155
-1.25	-116.25	354.182	890.254	0.602156
1.25	-116.25	348.452	890.254	0.608593
3.75	-116.25	341.752	889.103	0.615622
6.25	-116.25	334.024	886.811	0.623343
8.75	-116.25	325.31	883.408	0.631755
11.25	-116.25	315.741	878.959	0.640778
13.75	-116.25	305.514	873.59	0.650278
16.25	-116.25	294.96	867.53	0.660001
18.75	-116.25	284.547	861.165	0.669579
21.25	-116.25	274.813	855.091	0.678616
23.75	-116.25	266.063	850.175	0.687049
26.25	-116.25	258.421	847.562	0.695101
28.75	-116.25	251.891	848.603	0.70317
31.25	-116.25	246.522	854.644	0.71155
33.75	-116.25	242.104	866.681	0.720654
36.25	-116.25	238.432	884.952	0.730571
38.75	-116.25	235.234	908.676	0.741125
41.25	-116.25	232.338	936.088	0.751799
-40	-120	397.617	914.242	0.565086
-37.5	-120	396.191	890.858	0.555271
-35	-120	394.303	872.759	0.548211
-32.5	-120	392.134	860.744	0.544424
-30	-120	389.774	854.61	0.543916
-27.5	-120	387.313	853.413	0.54616
-25	-120	384.816	855.853	0.550372
-22.5	-120	382.309	860.617	0.555773
-20	-120	379.837	866.587	0.561686
-17.5	-120	377.353	872.912	0.567708
-15	-120	374.83	879.003	0.573574
-12.5	-120	372.182	884.481	0.579209
-10	-120	369.343	889.121	0.584598
-7.5	-120	366.198	892.797	0.589831
-5	-120	362.549	895.447	0.59512
-2.5	-120	358.264	897.044	0.600617
0	-120	353.215	897.577	0.606479
2.5	-120	347.296	897.044	0.612844
5	-120	340.453	895.447	0.619795
7.5	-120	332.653	892.797	0.627404
10	-120	323.924	889.121	0.63568
12.5	-120	314.402	884.481	0.644535
15	-120	304.325	879.003	0.653784
17.5	-120	294.053	872.912	0.663136
20	-120	284.038	866.587	0.672233
22.5	-120	274.783	860.617	0.680714
25	-120	266.556	855.853	0.68855
27.5	-120	259.394	853.413	0.696051
30	-120	253.454	854.61	0.703427
32.5	-120	248.572	860.744	0.711213
35	-120	244.519	872.759	0.719832
37.5	-120	241.102	890.858	0.72936
-36.25	-123.75	393.808	878.401	0.551677
-33.75	-123.75	392.063	866.422	0.547492
-31.25	-123.75	390.035	860.211	0.546582
-28.75	-123.75	387.832	858.868	0.548438
-26.25	-123.75	385.526	861.139	0.552307
-23.75	-123.75	383.186	865.748	0.557394
-21.25	-123.75	380.834	871.601	0.563064
-18.75	-123.75	378.485	877.865	0.568858
-16.25	-123.75	376.139	883.959	0.574483
-13.75	-123.75	373.693	889.509	0.579888
-11.25	-123.75	371.098	894.291	0.585037
-8.75	-123.75	368.262	898.184	0.589992
-6.25	-123.75	365.053	901.127	0.594893
-3.75	-123.75	361.302	903.094	0.599929
-1.25	-123.75	356.867	904.079	0.60527
1.25	-123.75	351.658	904.079	0.611032
3.75	-123.75	345.616	903.094	0.617298
6.25	-123.75	338.688	901.127	0.62415
8.75	-123.75	330.879	898.184	0.631613
11.25	-123.75	322.219	894.291	0.639694
13.75	-123.75	312.872	889.509	0.648264
16.25	-123.75	303.086	883.959	0.657127
18.75	-123.75	293.205	877.865	0.666003
21.25	-123.75	283.686	871.601	0.674524
23.75	-123.75	274.962	865.748	0.682399
26.25	-123.75	267.217	861.139	0.689693
28.75	-123.75	260.647	858.868	0.696523
31.25	-123.75	255.21	860.211	0.703317
33.75	-123.75	250.729	866.422	0.710616
-32.5	-127.5	389.159	865.441	0.550334
-30	-127.5	387.343	863.962	0.551666
-27.5	-127.5	385.33	866.07	0.555082
-25	-127.5	383.217	870.522	0.559785
-22.5	-127.5	381.053	876.251	0.565133
-20	-127.5	378.865	882.438	0.570661
-17.5	-127.5	376.673	888.51	0.576062
-15	-127.5	374.433	894.1	0.581218
-12.5	-127.5	372.081	898.986	0.586111
-10	-127.5	369.504	903.048	0.590825
-7.5	-127.5	366.642	906.227	0.59542
-5	-127.5	363.347	908.502	0.600059
-2.5	-127.5	359.456	909.865	0.604935
0	-127.5	354.901	910.32	0.610136
2.5	-127.5	349.588	909.865	0.61578
5	-127.5	343.472	908.502	0.621936
7.5	-127.5	336.533	906.227	0.628644
10	-127.5	328.789	903.048	0.635912
12.5	-127.5	320.333	898.986	0.643673
15	-127.5	311.299	894.1	0.65183
17.5	-127.5	301.907	888.51	0.66021
20	-127.5	292.512	882.438	0.668519
22.5	-127.5	283.525	876.251	0.676434
25	-127.5	275.304	870.522	0.683749
27.5	-127.5	268.156	866.07	0.690376
30	-127.5	262.096	863.962	0.696635
-28.75	-131.25	384.083	870.677	0.558869
-26.25	-131.25	382.313	874.974	0.563058
-23.75	-131.25	380.406	880.572	0.568001
-21.25	-131.25	378.442	886.669	0.573187
-18.75	-131.25	376.431	892.702	0.578324
-16.25	-131.25	374.379	898.306	0.583239
-13.75	-131.25	372.246	903.263	0.587887
-11.25	-131.25	369.945	907.454	0.592326
-8.75	-131.25	367.39	910.823	0.596639
-6.25	-131.25	364.462	913.348	0.600961
-3.75	-131.25	361.068	915.028	0.605403
-1.25	-131.25	357.073	915.867	0.610126
1.25	-131.25	352.41	915.867	0.615217
3.75	-131.25	347.041	915.028	0.620732
6.25	-131.25	340.94	913.348	0.626714
8.75	-131.25	334.097	910.823	0.633192
11.25	-131.25	326.557	907.454	0.64014
13.75	-131.25	318.391	903.263	0.64751
16.25	-131.25	309.758	898.306	0.655175
18.75	-131.25	300.873	892.702	0.662964
21.25	-131.25	292.015	886.669	0.670661
23.75	-131.25	283.525	880.572	0.678021
26.25	-131.25	275.908	874.974	0.684667
-25	-135	378.784	884.597	0.5718
-22.5	-135	377.125	890.596	0.576548
-20	-135	375.362	896.574	0.581337
-17.5	-135	373.523	902.171	0.585974
-15	-135	371.602	907.172	0.590373
-12.5	-135	369.56	911.459	0.59454
-10	-135	367.297	914.977	0.598572
-7.5	-135	364.713	917.707	0.602582
-5	-135	361.732	919.649	0.606663
-2.5	-135	358.238	920.81	0.610953
0	-135	354.158	921.196	0.615545
2.5	-135	349.466	920.81	0.62048
5	-135	344.129	919.649	0.625803
7.5	-135	338.143	917.707	0.631534
10	-135	331.509	914.977	0.637686
12.5	-135	324.267	911.459	0.644233
15	-135	316.501	907.172	0.651113
17.5	-135	308.35	902.171	0.658213
20	-135	300.006	896.574	0.665386
22.5	-135	291.673	890.596	0.672497
-21.25	-138.75	373.358	900.159	0.585231
-18.75	-138.75	371.816	905.733	0.589487
-16.25	-138.75	370.139	910.756	0.593592
-13.75	-138.75	368.341	915.111	0.59749
-11.25	-138.75	366.365	918.744	0.601233
-8.75	-138.75	364.112	921.639	0.60493
-6.25	-138.75	361.482	923.797	0.6087
-3.75	-138.75	358.422	925.227	0.612612
-1.25	-138.75	354.897	925.939	0.616717
1.25	-138.75	350.812	925.939	0.621128
3.75	-138.75	346.176	925.227	0.625848
6.25	-138.75	340.962	923.797	0.630912
8.75	-138.75	335.183	921.639	0.636319
11.25	-138.75	328.862	918.744	0.642053
13.75	-138.75	322.019	915.111	0.648109
16.25	-138.75	314.737	910.756	0.654422
18.75	-138.75	307.126	905.733	0.660909
-17.5	-142.5	367.786	914.052	0.597631
-15	-142.5	366.285	918.452	0.601193
-12.5	-142.5	364.584	922.173	0.604647
-10	-142.5	362.637	925.199	0.608045
-7.5	-142.5	360.351	927.533	0.611495
-5	-142.5	357.693	929.187	0.615048
-2.5	-142.5	354.628	930.173	0.61875
0	-142.5	351.12	930.501	0.622654
2.5	-142.5	347.127	930.173	0.626814
5	-142.5	342.621	929.187	0.631268
7.5	-142.5	337.635	927.533	0.635986
10	-142.5	332.171	925.199	0.640973
12.5	-142.5	326.24	922.173	0.646227
15	-142.5	319.893	918.452	0.651704
-13.75	-146.25	361.914	925.303	0.60887
-11.25	-146.25	360.28	928.432	0.611948
-8.75	-146.25	358.344	930.909	0.61506
-6.25	-146.25	356.071	932.748	0.618256
-3.75	-146.25	353.427	933.964	0.621584
-1.25	-146.25	350.412	934.569	0.625055
1.25	-146.25	347.004	934.569	0.628702
3.75	-146.25	343.162	933.964	0.632575
6.25	-146.25	338.912	932.748	0.636652
8.75	-146.25	334.242	930.909	0.640951
11.25	-146.25	329.186	928.432	0.645439
-10	-150	355.43	933.971	0.619442
-7.5	-150	353.548	935.962	0.622263
-5	-150	351.315	937.369	0.625211
-2.5	-150	348.747	938.207	0.628283
0	-150	345.85	938.485	0.631481
2.5	-150	342.619	938.207	0.634815
5	-150	339.037	937.369	0.63831
7.5	-150	335.12	935.962	0.641951
-6.25	-153.75	348.268	940.438	0.629675
-3.75	-153.75	346.153	941.472	0.632328
-1.25	-153.75	343.726	941.985	0.635105
1.25	-153.75	341.026	941.985	0.637971
3.75	-153.75	338.069	941.472	0.640914
-2.5	-157.5	340.638	945.122	0.639583
0	-157.5	338.447	945.358	0.64199
