# File: UnstructuredGrid_Inversion_L0_Coarse_Iter04.dat
# (No specific header documentation)

-161.25	-0.496475	184.161	0	
-159.375	-0.668155	244.628	0	
-65.625	-0.431516	197.869	0	
30.625	-0.431516	215.318	0	
-144.294	-102.036	418.392	0	
126.875	-0.668155	185.619	0	
31.875	-0.668155	211.6	0	
-165.826	-72.3824	500.145	0	
-64.375	-0.668155	206.74	0	
-120.32	-2.91409	181.424	0	
-147.888	-47.073	772.197	0	
-143.958	-2.01633	193.07	0	
-158.741	-19.8395	640.149	0	
-159.808	-14.2913	511.906	0	
-115.104	-1.86538	171.717	0	
-108.175	-49.9394	895.967	0	
-66.354	-1.86538	196.735	0	
-138.854	-1.86538	193.531	0	
-156.794	-6.05848	292.327	0	
-148.75	-1.09967	199.823	0	
-145.208	-2.72654	199.581	0	
-146.458	-2.01633	198.038	0	
-125.881	-3.06027	185.136	0	
-154.094	-4.85908	257.615	0	
-157.708	-2.01633	236.685	0	
-151.071	-10.8319	452.199	0	
-154.792	-2.72654	228.962	0	
-158.77	-3.86216	246.574	0	
125.625	-0.431516	194.828	0	
-24.0702	-2.91409	203.926	0	
-157.76	-5.35468	267.835	0	
-46.4583	-2.01633	193.334	0	
-157.292	-2.72654	232.03	0	
-160.13	-11.9534	445.076	0	
-18.854	-1.86538	194.333	0	
-151.295	-2.8545	225.152	0	
29.896	-1.86538	202.72	0	
-42.604	-1.86538	188.83	0	
-169.22	-2.04966	348.322	0	
-53.75	-1.09967	192.756	0	
-165.6	-1.76839	301.667	0	
-167.3	-0.925681	288.125	0	
-62.2917	-2.72654	202.982	0	
-171.389	-5.89642	373.202	0	
-61.0417	-3.47328	203.091	0	
-164.269	-10.8597	410.813	0	
-59.7917	-2.72654	200.338	0	
-68.125	-0.36089	195.107	0	
-65.5207	-2.1669	198.911	0	
-87.5	-1.09967	171.003	0	
-158.125	-0.431516	236.84	0	
-156.875	-0.668155	257.999	0	
-80.5207	-2.1669	190.376	0	
-157.5	-1.09967	202.424	0	
-70.625	-0.431516	195.728	0	
79.375	-0.668155	218.604	0	
-154.375	-0.668155	257.229	0	
55.625	-0.668155	213.659	0	
-153.125	-0.431516	242.393	0	
-150.625	-0.366631	226.489	0	
38.5417	-2.01633	211.346	0	
-153.75	-1.09967	224.467	0	
49.7917	-2.01633	208.59	0	
-155.625	-0.431516	245.885	0	
72.1798	-2.91409	211.141	0	
-162.583	-1.33918	220.435	0	
-60	-1.09967	190.505	0	
-149.375	-0.431516	221.932	0	
-155	-1.09967	199.677	0	
31.0415	-5.36053	219.005	0	
-148.125	-0.668155	229.341	0	
31.0341	-3.06466	208.297	0	
-146.875	-0.431516	217.683	0	
-147.5	-1.09967	169.399	0	
36.875	-0.668155	215.917	0	
32.7083	-2.01633	212.25	0	
-144.375	-0.431516	204.326	0	
28.125	-0.36089	204.911	0	
-137.5	-1.09967	196.647	0	
-139.375	-0.366631	188.066	0	
25.625	-0.431516	202.148	0	
-143.125	-0.668155	209.915	0	
33.75	-1.09967	213.369	0	
-143.75	-1.09967	195.921	0	
34.375	-0.668155	212.442	0	
8.75	-1.09967	195.777	0	
-136.875	-0.668155	181.335	0	
183.782	-3.55475	293.296	0	
-135.625	-0.431516	195.051	0	
-135	-0.798148	179.422	0	
135.922	-2.00504	202.704	0	
-136.25	-1.09967	184.249	0	
149.65	-2.73747	215.267	0	
131.936	-4.3008	206.826	0	
-131.25	-0.798148	177.582	0	
129.003	-2.80091	193.46	0	
-122.604	-1.86538	172.32	0	
-128.75	-1.09967	179.165	0	
129.375	-0.668155	182.007	0	
-130.625	-0.431516	187.047	0	
133.125	-0.668155	205.684	0	
-130	-1.09967	187.791	0	
141.875	-0.668155	218.107	0	
-138.125	-0.431516	196.896	0	
15.7293	-2.1669	193.931	0	
128.75	-1.09967	195.093	0	
-121.25	-1.09967	169.125	0	
120.625	-0.431516	184.323	0	
-121.875	-0.431516	170.64	0	
-120.625	-0.668155	181.333	0	
110.744	-2.06993	186.654	0	
-123.125	-0.366631	182.422	0	
123.125	-0.36089	189.715	0	
-116.875	-0.36089	169.414	0	
-120	-1.09967	175.781	0	
-133.661	-2.93321	183.575	0	
-115.625	-0.366631	173.914	0	
-114.375	-0.431516	170.366	0	
-127.5	-0.798148	181.941	0	
-113.75	-1.09967	169.246	0	
-119.375	-0.431516	171.21	0	
-115	-0.798148	177.987	0	
100.625	-0.431516	174.105	0	
-93.125	-0.668155	167.424	0	
-112.5	-1.09967	171.672	0	
-103.125	-0.668155	173.163	0	
-111.25	-0.798148	172.634	0	
-103.75	-1.09967	176.861	0	
-114.271	-2.1669	172.743	0	
-111.875	-0.431516	167.629	0	
-110.328	-2.00504	170.089	0	
-111.994	-2.06993	175.38	0	
-108.125	-0.431516	175.272	0	
-141.875	-0.431516	196.91	0	
-104.375	-0.431516	172.536	0	
-95.104	-1.86538	172.428	0	
-142.5	-1.09967	180.162	0	
-105.625	-0.366631	172.434	0	
-110.625	-0.366631	171.109	0	
-108.75	-1.09967	175.923	0	
-109.375	-0.668155	171.476	0	
-113.125	-0.668155	178.912	0	
-104.405	-3.52006	186.116	0	
-128.125	-0.431516	188.365	0	
127.708	-2.01633	191.397	0	
-102.5	-1.09967	181.11	0	
43.125	-0.668155	220.541	0	
-129.375	-0.668155	174.459	0	
-101.875	-0.431516	170.902	0	
-133.125	-0.668155	196.763	0	
-99.375	-0.668155	173.267	0	
-101.25	-0.798148	168.711	0	
-90.9973	-2.80091	181.806	0	
-134.375	-0.366631	180.993	0	
-95.625	-0.366631	165.522	0	
-150.089	-1.76841	210.218	0	
-73.854	-1.86538	189.516	0	
-92.5	-1.09967	181.26	0	
-148.968	-2.99641	208.509	0	
-94.375	-0.431516	169.9	0	
-151.875	-0.668155	235.978	0	
-93.75	-1.09967	174.017	0	
-135.744	-2.06993	186.21	0	
-149.256	-2.06993	211.445	0	
-88.75	-0.798148	177.476	0	
-147.292	-2.01633	210.89	0	
-81.354	-1.86538	180.045	0	
-86.25	-1.09967	176.332	0	
-146.25	-1.09967	199.182	0	
-88.125	-0.431516	171.61	0	
-145.625	-0.668155	222.432	0	
-156.042	-2.01633	229.567	0	
-81.875	-0.366631	187.645	0	
-150	-0.798148	197.631	0	
-79.375	-0.668155	193.818	0	
-73.75	-0.798148	194.087	0	
-153.542	-2.01633	223.829	0	
-80.625	-0.431516	182.098	0	
-155.208	-2.01633	242.811	0	
-85.625	-0.431516	176.256	0	
-156.25	-1.09967	237.52	0	
-91.875	-0.431516	173.066	0	
-138.75	-0.798148	184.847	0	
-158.75	-1.09967	220.515	0	
-72.5	-1.09967	185.18	0	
-20.625	-0.36089	193.629	0	
-73.125	-0.431516	192.66	0	
-71.875	-0.668155	202.168	0	
-23.125	-0.431516	193.822	0	
-74.375	-0.366631	198.531	0	
-158.542	-2.01633	224.657	0	
-31.25	-0.798148	192.677	0	
-71.25	-1.09967	190.378	0	
3.125	-0.668155	189.326	0	
-66.875	-0.366631	203.026	0	
30.7293	-2.1669	205.129	0	
-14.0777	-2.00504	197.933	0	
-65	-1.09967	191.413	0	
-8.15454	-3.52006	196.701	0	
-66.25	-0.798148	199.118	0	
-37.4111	-2.93321	198.578	0	
-18.0207	-2.1669	195.634	0	
-63.125	-0.431516	200.679	0	
-15.7444	-2.06993	197.914	0	
-60.625	-0.431516	200.931	0	
-59.375	-0.668155	204.89	0	
-14.375	-0.366631	206.459	0	
-61.875	-0.668155	205.965	0	
-13.125	-0.668155	209.068	0	
-46.875	-0.431516	194.186	0	
-58.125	-0.431516	199.97	0	
-33.125	-0.668155	189.959	0	
-54.375	-0.431516	198.249	0	
-53.125	-0.668155	195.217	0	
-41.7707	-2.1669	188.995	0	
-55.625	-0.366631	198.907	0	
-41.4106	-3.16569	194.207	0	
-58.75	-1.09967	195.424	0	
-44.375	-0.36089	191.027	0	
-62.5	-1.09967	191.801	0	
-6.875	-0.668155	200.886	0	
-78.75	-1.09967	180.941	0	
-152.5	-1.09967	193.376	0	
-39.4944	-2.06993	187.871	0	
-51.875	-0.431516	196.268	0	
-56.875	-0.668155	204.693	0	
-49.375	-0.431516	191.83	0	
-48.125	-0.668155	187.845	0	
-55.0889	-1.76841	194.017	0	
-48.75	-1.09967	194.025	0	
-38.125	-0.366631	188.693	0	
-42.5	-0.798148	187.928	0	
-41.25	-1.09967	186.385	0	
-50.625	-0.668155	193.662	0	
-41.875	-0.431516	194.091	0	
-40.625	-0.668155	191.068	0	
-52.2917	-2.01633	195.279	0	
-43.125	-0.366631	187.878	0	
-54.2556	-2.06993	196.054	0	
-47.5	-1.09967	192.599	0	
-53.9679	-2.99641	196.301	0	
-61.25	-1.09967	194.983	0	
-39.375	-0.431516	189.966	0	
-62.7083	-2.01633	197.909	0	
-33.75	-1.09967	181.85	0	
-35	-0.798148	181.474	0	
-55	-0.798148	191.513	0	
-38.75	-0.798148	187.034	0	
-61.0417	-2.01633	198.572	0	
-57.5	-1.09967	185.931	0	
-26.354	-1.86538	188.38	0	
-63.5417	-2.01633	200.919	0	
-31.875	-0.431516	189.935	0	
-25	-1.09967	183.853	0	
-69.375	-0.668155	204.046	0	
-32.5	-1.09967	179.925	0	
-63.75	-1.09967	189.92	0	
-34.375	-0.431516	189.097	0	
-58.5417	-2.01633	196.287	0	
-40	-1.09967	184.65	0	
-51.25	-1.09967	191.879	0	
-73.0207	-2.1669	196.433	0	
-25.625	-0.431516	191.871	0	
-71.0417	-2.01633	193.582	0	
-18.75	-0.798148	197.392	0	
-23.75	-1.09967	190.045	0	
-70	-1.09967	185.882	0	
-24.375	-0.668155	196.019	0	
-67.5054	-1.48403	195.562	0	
-78.125	-0.431516	186.68	0	
-19.375	-0.366631	203.481	0	
-80	-1.09967	176.529	0	
-16.875	-0.668155	209.592	0	
-16.25	-1.09967	191.623	0	
93.5212	-2.84299	189.716	0	
-18.125	-0.431516	199.403	0	
-91.4583	-2.01633	176.899	0	
-17.5	-1.09967	185.588	0	
-75.625	-0.36089	186.032	0	
82.5446	-2.8545	210.126	0	
-15	-0.798148	197.677	0	
101.503	-2.80091	187.146	0	
-12.5	-1.09967	198.814	0	
-11.875	-0.431516	210.161	0	
83.125	-0.668155	196.915	0	
-7.5	-1.09967	217.664	0	
89.375	-0.668155	209.479	0	
81.875	-0.366631	207.825	0	
-8.125	-0.431516	207.995	0	
73.125	-0.431516	215.893	0	
-6.25	-1.09967	213.49	0	
-5.625	-0.431516	209.185	0	
66.6193	-3.06027	210.85	0	
1.14595	-1.86538	195.361	0	
75.625	-0.36089	211.514	0	
-9.375	-0.366631	205.092	0	
80.5056	-2.06993	208.74	0	
-15.625	-0.431516	205.779	0	
99.375	-0.668155	182.547	0	
-26.875	-0.366631	191.748	0	
-67.5	-0.727521	197.801	0	
-52.5	-1.09967	185.676	0	
-36.875	-0.668155	189.639	0	
-137.661	-3.16569	199.187	0	
-5	-0.798148	197.611	0	
-3.125	-0.668155	204.253	0	
63.125	-0.668155	216.312	0	
2.5	-1.09967	197.698	0	
0.625	-0.366631	191.7	0	
58.4223	-2.00504	209.375	0	
59.375	-0.668155	211.571	0	
1.875	-0.431516	193.172	0	
58.125	-0.366631	211.142	0	
3.75	-1.09967	193.305	0	
4.375	-0.431516	191.175	0	
51.875	-0.36089	208.798	0	
22.396	-1.86538	194.467	0	
56.7556	-2.06993	209.699	0	
7.5	-0.798148	197.238	0	
65.9223	-2.00504	207.206	0	
42.2821	-2.99641	216.789	0	
8.125	-0.431516	186.396	0	
41.9944	-2.06993	215	0	
10	-1.09967	195.565	0	
10.625	-0.431516	186.68	0	
45.625	-0.668155	212.712	0	
14.896	-1.86538	190.303	0	
53.75	-0.798148	210.265	0	
45	-1.09967	205.682	0	
15.625	-0.431516	192.217	0	
41.1611	-1.76841	214.299	0	
22.5	-0.798148	193.05	0	
17.5	-1.09967	195.834	0	
33.5417	-2.01633	208.467	0	
16.875	-0.668155	186.893	0	
39.375	-0.668155	218.14	0	
14.375	-0.366631	182.263	0	
43.9583	-2.01633	214.104	0	
23.75	-1.09967	194.496	0	
49.375	-0.431516	211.444	0	
37.7083	-2.01633	216.687	0	
21.875	-0.366631	185.237	0	
35	-1.09967	202.282	0	
24.375	-0.668155	193.627	0	
30	-0.798148	194.049	0	
35.2083	-2.01633	214.274	0	
23.125	-0.431516	201.763	0	
38.75	-1.09967	215.141	0	
28.7446	-1.48403	202.921	0	
31.25	-1.09967	198.722	0	
28.75	-0.727521	202.576	0	
125.729	-2.1669	191.658	0	
32.5	-1.09967	196.771	0	
25.2083	-2.01633	198.058	0	
29.375	-0.366631	198.763	0	
23.2293	-2.1669	198.303	0	
25	-1.09967	201.87	0	
26.875	-0.668155	195.499	0	
20.625	-0.36089	192.075	0	
36.25	-1.09967	212.048	0	
4.79167	-2.01633	191.95	0	
42.5	-1.09967	206.562	0	
37.5	-1.09967	197.523	0	
16.25	-1.09967	190.584	0	
35.625	-0.431516	218.798	0	
18.125	-0.431516	188.837	0	
151.875	-0.431516	224.218	0	
40.625	-0.366631	220.02	0	
149.375	-0.431516	216.997	0	
53.646	-1.86538	206.015	0	
43.75	-1.09967	206.672	0	
149.529	-1.8473	216.487	0	
41.875	-0.431516	219.168	0	
144.672	-2.00504	217.928	0	
38.125	-0.431516	219.389	0	
154.375	-0.36089	210.052	0	
33.125	-0.431516	215.505	0	
26.25	-1.09967	199.464	0	
44.375	-0.431516	221.458	0	
41.25	-0.798148	219.126	0	
143.006	-2.06993	213.673	0	
47.5	-1.09967	208.828	0	
138.75	-0.727521	207.559	0	
48.125	-0.668155	209.384	0	
48.75	-1.09967	207.406	0	
136.875	-0.668155	203.682	0	
46.875	-0.431516	216.051	0	
144.375	-0.366631	219.117	0	
140	-0.798148	199.875	0	
53.125	-0.366631	205.286	0	
135.625	-0.366631	211.1	0	
77.396	-1.86538	205.201	0	
56.25	-1.09967	206.289	0	
130.625	-0.366631	196.292	0	
54.375	-0.431516	207.707	0	
134.256	-2.06993	197.911	0	
55	-1.09967	200.268	0	
136.619	-3.06027	201.457	0	
121.875	-0.668155	177.927	0	
57.5	-0.798148	203.185	0	
61.25	-0.798148	214.767	0	
62.5	-1.09967	204.308	0	
61.875	-0.431516	214.605	0	
118.229	-2.1669	190.926	0	
56.875	-0.431516	213.196	0	
123.745	-1.48403	190.449	0	
120.208	-2.01633	187.738	0	
69.896	-1.86538	208.311	0	
115.625	-0.36089	178.695	0	
64.375	-0.431516	216.102	0	
71.25	-1.09967	201.083	0	
113.125	-0.431516	178.374	0	
63.75	-1.09967	204.553	0	
121.25	-1.09967	192.272	0	
69.375	-0.366631	212.957	0	
123.75	-0.727521	185.783	0	
91.25	-0.798148	195.037	0	
131.161	-1.76841	193.994	0	
106.875	-0.431516	172.993	0	
70.625	-0.431516	215.97	0	
-116.255	-1.48403	172.036	0	
77.5	-0.798148	203.992	0	
72.5	-1.09967	190.997	0	
-121.771	-2.1669	180.498	0	
71.875	-0.668155	223.475	0	
-118.125	-0.668155	179.252	0	
-119.792	-2.01633	172.526	0	
76.875	-0.366631	217.025	0	
-123.75	-0.727521	181.596	0	
124.896	-1.86538	190.471	0	
80	-1.09967	194.975	0	
-125.625	-0.668155	186.044	0	
78.125	-0.431516	207.122	0	
-118.75	-1.09967	166.788	0	
78.75	-1.09967	197.231	0	
-116.25	-0.727521	173.917	0	
-86.875	-0.668155	182.175	0	
81.25	-0.798148	206.336	0	
-90.625	-0.668155	169.307	0	
83.75	-1.09967	198.603	0	
84.375	-0.431516	206.436	0	
-92.2917	-2.01633	176.36	0	
88.75	-1.09967	176.24	0	
-98.9788	-2.84299	165.292	0	
-98.125	-0.431516	171.477	0	
88.125	-0.431516	191.992	0	
-109.955	-2.8545	184.026	0	
90	-1.09967	176.219	0	
90.625	-0.431516	184.729	0	
-95	-0.798148	179.111	0	
97.396	-1.86538	181.368	0	
-98.75	-1.09967	166.28	0	
86.875	-0.366631	201.74	0	
-91.25	-1.09967	175.053	0	
80.625	-0.431516	204.053	0	
-94.2707	-2.1669	175.923	0	
101.042	-2.01633	182.346	0	
145.625	-0.668155	237.88	0	
-100.625	-0.366631	170.486	0	
93.125	-0.668155	179.745	0	
-105.089	-1.76841	178.268	0	
96.875	-0.366631	178.923	0	
98.75	-1.09967	180.582	0	
-106.875	-0.668155	170.87	0	
-105	-0.798148	180.727	0	
117.396	-1.86538	185.923	0	
-107.5	-1.09967	185.788	0	
105	-1.09967	186.49	0	
103.75	-0.798148	178.511	0	
-111.161	-1.76841	174.066	0	
100	-1.09967	184.52	0	
-108.542	-2.01633	181.357	0	
98.125	-0.431516	174.848	0	
-113.909	-3.16789	179.756	0	
-140.625	-0.36089	208.183	0	
111.25	-1.09967	186.448	0	
-134.078	-2.00504	180.862	0	
109.375	-0.366631	173.895	0	
110.625	-0.431516	175.401	0	
-122.5	-0.798148	185.4	0	
106.25	-1.09967	180.371	0	
-140.005	-1.48403	192.559	0	
-126.875	-0.366631	171.645	0	
117.5	-0.798148	190.85	0	
-131.339	-1.76841	179.681	0	
118.75	-1.09967	187.901	0	
116.875	-0.366631	172.478	0	
-134.911	-1.76841	180.843	0	
112.5	-1.09967	197.942	0	
-131.875	-0.366631	179.017	0	
111.875	-0.668155	171.266	0	
-128.244	-2.06993	185.818	0	
104.375	-0.431516	173.989	0	
-110	-1.03479	179.977	0	
-151.25	-1.03479	209.071	0	
119.375	-0.668155	180.82	0	
-139.484	-2.19037	184.556	0	
120	-1.09967	199.437	0	
126.25	-1.09967	191.25	0	
-140	-0.727521	183.776	0	
125	-0.798148	188.436	0	
-150.922	-2.00504	212.974	0	
-144.792	-2.01633	203.239	0	
172.314	-2.47004	235.772	0	
-20.0054	-1.48403	194.752	0	
128.125	-0.431516	190.069	0	
132.5	-1.09967	185.546	0	
-25.5207	-2.1669	197.32	0	
127.5	-1.09967	195.635	0	
-21.875	-0.668155	199.432	0	
124.375	-0.366631	180.77	0	
-145	-1.09967	166.231	0	
-23.5417	-2.01633	190.955	0	
131.875	-0.431516	191.652	0	
-27.5	-0.727521	190.662	0	
133.75	-1.09967	194.573	0	
134.375	-0.431516	195.269	0	
-29.375	-0.668155	192.53	0	
139.896	-1.86538	207.252	0	
-22.5	-1.09967	178.588	0	
9.375	-0.668155	184.463	0	
141.25	-1.09967	205.438	0	
5.625	-0.668155	187.346	0	
140.625	-0.431516	220.529	0	
156.146	-1.86538	198.386	0	
3.95833	-2.01633	195.013	0	
139.375	-0.366631	204.057	0	
-2.72879	-2.84299	194.555	0	
135	-0.798148	199.231	0	
1.97929	-2.1669	195.148	0	
131.25	-0.798148	193.545	0	
-20	-0.727521	195.658	0	
118.125	-0.431516	187.845	0	
-133.75	-1.03479	173.606	0	
-1.875	-0.431516	193.802	0	
143.125	-0.431516	219.161	0	
-13.7054	-2.8545	199.778	0	
150	-1.09967	206.402	0	
146.25	-1.09967	200.913	0	
1.25	-0.798148	196.176	0	
143.75	-0.798148	217.906	0	
-2.5	-1.09967	195.584	0	
-4.375	-0.366631	198.466	0	
150.625	-0.668155	225.065	0	
-8.83895	-1.76841	205.618	0	
151.25	-1.09967	210.629	0	
157.5	-1.09967	201.588	0	
-17.6594	-3.16789	194.532	0	
156.25	-0.798148	182.971	0	
-10.625	-0.668155	213.485	0	
148.125	-0.366631	217.058	0	
-5.74439	-2.06993	194.419	0	
-12.2917	-2.01633	202.177	0	
156.875	-0.431516	181.183	0	
-14.9111	-1.76841	199.665	0	
158.958	-1.16463	163.505	0	
160	-0.496475	147.059	0	
-13.75	-1.03479	204.454	0	
158.125	-0.668155	142.068	0	
-11.25	-1.09967	201.383	0	
-43.7554	-1.48403	189.105	0	
159.338	-2.74918	151.387	0	
-26.25	-0.798148	193.257	0	
164.35	-1.76839	179.174	0	
166.05	-0.925681	186.45	0	
-31.9944	-2.06993	197.116	0	
155.521	-4.78762	196.012	0	
-37.8277	-2.00504	187.369	0	
161.333	-1.33918	146.891	0	
-45.625	-0.668155	192.115	0	
155.625	-0.366631	192.878	0	
-8.75	-0.798148	200.724	0	
-35.625	-0.366631	187.747	0	
174.762	-1.34606	244.963	0	
-38.6611	-1.76841	188.009	0	
177.527	-2.9619	274.632	0	
168.496	-7.04709	211.919	0	
-37.5	-1.03479	186.809	0	
166.796	-10.6094	218.979	0	
-35.0889	-1.76841	186.231	0	
-55.9223	-2.00504	195.317	0	
154.805	-6.09945	192.291	0	
-43.75	-0.727521	194.383	0	
119.775	-42.5718	173.263	0	
169.138	-29.3032	269.18	0	
-47.2917	-2.01633	188.509	0	
199.784	-4.78957	329.461	0	
-51.0417	-2.72654	197.579	0	
177.385	-6.05361	259.532	0	
-56.25	-1.03479	191.288	0	
-50	-1.09967	188.6	0	
-68.75	-1.02905	189.029	0	
-66.9845	-2.19037	198.213	0	
-49.7917	-2.01633	193.687	0	
28.7125	-3.24559	208.115	0	
-75.0054	-1.48403	189.147	0	
-79.0702	-2.91409	192.9	0	
-76.875	-0.668155	195.871	0	
-71.5702	-2.91409	198.793	0	
168.693	-54.0604	297.571	0	
-46.25	-1.09967	183.289	0	
167.97	-2.04966	180.221	0	
-30.625	-0.366631	188.94	0	
142.5	-1.09967	208.232	0	
5	-1.09967	199.233	0	
-75	-0.727521	194.703	0	
-101.994	-2.06993	171.563	0	
-78.5417	-2.01633	185.233	0	
65	-0.798148	199.053	0	
-77.5	-1.09967	178.848	0	
-82.5	-0.727521	189.805	0	
-84.375	-0.668155	185.676	0	
98.2293	-2.1669	186.008	0	
105.625	-0.668155	172.397	0	
92.1723	-2.00504	190.125	0	
101.875	-0.668155	178.683	0	
100.208	-2.01633	184.44	0	
101.25	-1.09967	181.003	0	
94.375	-0.431516	187.6	0	
93.75	-1.09967	185.566	0	
88.0955	-3.52006	197.636	0	
97.5	-0.798148	192.809	0	
90.5056	-2.06993	199.225	0	
91.875	-0.366631	189.534	0	
85.625	-0.668155	191.477	0	
87.4111	-1.76841	192.754	0	
82.1723	-2.00504	200.492	0	
87.5	-0.798148	201.811	0	
83.9583	-2.01633	204.759	0	
85	-1.09967	208.525	0	
81.3389	-1.76841	204.463	0	
82.5	-1.03479	207.352	0	
74.375	-0.668155	220.183	0	
76.2446	-1.48403	208.378	0	
70.7293	-2.1669	210.207	0	
76.25	-0.727521	216.422	0	
72.7083	-2.01633	215.483	0	
73.75	-1.09967	208.593	0	
68.75	-0.727521	212.43	0	
66.875	-0.668155	209.296	0	
58.8389	-2.93321	209.549	0	
70	-0.798148	201.837	0	
64.2556	-2.06993	208.338	0	
65.625	-0.366631	207.927	0	
60.625	-0.366631	213.339	0	
61.1611	-1.76841	210.007	0	
57.5889	-1.76841	208.571	0	
58.75	-1.03479	207.374	0	
50.625	-0.668155	203.972	0	
52.4946	-1.48403	206.903	0	
45.2083	-2.72654	213.979	0	
52.5	-0.727521	202.564	0	
48.9583	-2.01633	209.856	0	
50	-1.09967	203.021	0	
46.25	-1.09967	213.591	0	
46.4583	-2.01633	213.201	0	
40	-1.03479	209.38	0	
40.3277	-2.00504	217.8	0	
27.5	-1.02905	205.218	0	
29.2655	-2.19037	201.64	0	
24.6798	-2.91409	202.903	0	
121.042	-2.01633	191.665	0	
19.375	-0.668155	183.901	0	
21.2446	-1.48403	192.927	0	
17.1798	-2.91409	196.837	0	
21.25	-0.727521	191.751	0	
17.7083	-2.01633	191.735	0	
18.75	-1.09967	193.371	0	
13.75	-0.727521	190.583	0	
11.875	-0.668155	185.704	0	
153.125	-0.668155	209.621	0	
154.995	-1.48403	203.355	0	
145.155	-3.05088	212.588	0	
155	-0.727521	202.146	0	
151.458	-2.01633	220.002	0	
152.5	-1.09967	221.898	0	
146.875	-0.431516	233.084	0	
148.696	-1.54577	212.783	0	
147.758	-2.24637	208.567	0	
148.75	-0.798148	221.122	0	
143.839	-1.76841	211.158	0	
145	-1.03479	200.707	0	
138.125	-0.36089	207.92	0	
138.745	-1.48403	205.622	0	
135.089	-1.76841	199.406	0	
136.25	-1.03479	201.8	0	
130	-1.03479	201.1	0	
130.328	-2.00504	190.529	0	
122.5	-1.02905	200.014	0	
124.266	-2.19037	189.798	0	
119.68	-2.91409	194.245	0	
156.979	-2.1669	167.277	0	
114.375	-0.668155	176.446	0	
116.245	-1.48403	182.974	0	
112.163	-2.94281	189.92	0	
116.25	-0.727521	182.742	0	
112.708	-2.01633	179.415	0	
113.75	-1.09967	179.446	0	
108.125	-0.668155	173.752	0	
109.911	-1.76841	182.504	0	
-117.5	-1.02905	171.717	0	
-115.734	-2.19037	174.416	0	
-138.021	-2.1669	182.791	0	
-67.5375	-3.24559	200.07	0	
-124.375	-0.36089	175.267	0	
-123.755	-1.48403	175.557	0	
-88.0056	-2.06993	183.559	0	
-81.25	-0.798148	187.876	0	
-86.0417	-2.01633	176.62	0	
-85	-1.09967	172.267	0	
-89.375	-0.366631	173.793	0	
-88.8389	-1.76841	174.349	0	
-96.875	-0.36089	166.577	0	
-96.2554	-1.48403	169.538	0	
-95.7345	-2.19037	175.811	0	
-96.25	-0.727521	179.213	0	
-101.161	-1.76841	178.593	0	
-100	-1.03479	181.549	0	
-106.25	-1.03479	180.924	0	
-105.922	-2.00504	172.156	0	
-70.2083	-2.01633	197.326	0	
-100.328	-2.00504	166.173	0	
-141.25	-0.792406	186.343	0	
-140.814	-2.07688	185.079	0	
-153.54	-3.47677	232.847	0	
-123.787	-3.24559	189.893	0	
-127.411	-1.76841	175.725	0	
-126.25	-1.03479	172.192	0	
-132.5	-1.03479	170.654	0	
-132.172	-2.00504	182.787	0	
-118.958	-2.01633	177.003	0	
-126.578	-2.00504	177.084	0	
-202.353	-21.532	407.061	0	
-119.833	-3.79821	184.347	0	
-21.25	-1.02905	189.253	0	
-19.4845	-2.19037	195.628	0	
-27.5375	-3.24559	212.701	0	
5.25269	-2.80091	196.058	0	
-28.125	-0.36089	190.015	0	
-27.5054	-1.48403	187.033	0	
8.24439	-2.06993	193.893	0	
15	-0.798148	193.631	0	
10.2083	-2.01633	190.128	0	
11.25	-1.09967	188.286	0	
6.875	-0.366631	189.959	0	
7.41105	-1.76841	192.973	0	
-0.625	-0.36089	195.42	0	
-0.00541199	-1.48403	195.728	0	
0.51554	-2.19037	198.918	0	
0	-0.727521	203.252	0	
-4.91105	-1.76841	204.77	0	
-3.75	-1.03479	201.971	0	
-10	-1.03479	200.576	0	
-9.67228	-2.00504	199.856	0	
26.0417	-2.01633	202.033	0	
-4.07772	-2.00504	196.195	0	
-45	-1.02905	186.279	0	
-43.2345	-2.19037	189.572	0	
-50.2083	-2.72654	196.819	0	
-29.6307	-3.06027	205.111	0	
-31.1611	-1.76841	184.711	0	
-30	-1.03479	182.851	0	
-36.25	-1.03479	185.709	0	
-35.9223	-2.00504	185.907	0	
-22.7083	-2.01633	197.901	0	
-30.3277	-2.00504	191.45	0	
-60.2083	-2.01633	199.695	0	
-51.4583	-2.01633	192.129	0	
-68.3387	-1.78555	197.255	0	
-68.4751	-2.84652	197.731	0	
-76.25	-1.02905	183.414	0	
-74.4845	-2.19037	193.393	0	
-77.7083	-2.01633	189.887	0	
-105.61	-4.06799	178.039	0	
-83.125	-0.36089	176.172	0	
-82.5054	-1.48403	179.764	0	
104.494	-2.06993	181.823	0	
110	-0.798148	192.348	0	
106.458	-2.01633	184.176	0	
107.5	-1.09967	191.595	0	
103.125	-0.366631	171.781	0	
103.661	-1.76841	180.273	0	
95.625	-0.36089	169.375	0	
96.2446	-1.48403	180.546	0	
96.7655	-2.19037	190.212	0	
96.25	-0.727521	188.189	0	
91.3389	-1.76841	189.029	0	
92.5	-1.03479	196.978	0	
86.25	-1.03479	199.867	0	
86.5777	-2.00504	201.308	0	
78.2293	-2.1669	206.867	0	
78.5906	-3.16789	211.846	0	
75	-1.02905	198.358	0	
76.7655	-2.19037	210.363	0	
68.7125	-3.24559	213.27	0	
123.713	-3.24559	193.832	0	
68.125	-0.36089	208.658	0	
68.7446	-1.48403	207.769	0	
65.0889	-1.76841	206.968	0	
66.25	-1.03479	203.789	0	
60	-1.03479	207.502	0	
60.3277	-2.00504	211.587	0	
54.4793	-2.1669	212.061	0	
73.5417	-2.01633	208.418	0	
51.25	-1.02905	206.137	0	
53.0155	-2.19037	210.713	0	
40.4973	-3.78292	221.901	0	
54.8394	-3.16569	211.19	0	
39.0027	-2.80091	219.099	0	
44.7917	-2.01633	212.153	0	
27.9113	-1.78555	201.477	0	
27.7749	-2.84652	204.388	0	
20	-1.02905	197.68	0	
21.7655	-2.19037	195.19	0	
-9.36018	-4.06799	183.185	0	
18.5417	-2.01633	193.673	0	
13.125	-0.36089	186.273	0	
13.7446	-1.48403	188.607	0	
153.75	-1.02905	211.132	0	
155.516	-2.19037	190.374	0	
142.62	-3.22837	210.433	0	
144.069	-5.7607	214.114	0	
147.5	-0.798148	197.105	0	
146.771	-2.1669	218.789	0	
140.729	-2.1669	208.292	0	
150.746	-2.90651	209.82	0	
137.5	-1.02905	203.889	0	
139.266	-2.19037	204.122	0	
130.64	-4.06799	196.651	0	
141.177	-3.32534	207.797	0	
131.994	-2.06993	197.835	0	
129.955	-2.8545	199.364	0	
128.542	-2.01633	192.933	0	
127.18	-2.91409	194.834	0	
122.911	-1.78555	187.74	0	
122.775	-2.84652	192.715	0	
115	-1.02905	188.076	0	
116.766	-2.19037	188.716	0	
86.8898	-4.06799	208.966	0	
113.542	-2.01633	187.523	0	
108.75	-1.03479	182.346	0	
109.078	-2.00504	184.907	0	
-117.089	-1.78555	173.974	0	
-117.225	-2.84652	174.287	0	
-125	-1.02905	171.909	0	
-123.234	-2.19037	179.114	0	
-78.5826	-3.79821	197.064	0	
-143.899	-7.68728	396.408	0	
-90	-1.03479	179.191	0	
-89.6723	-2.00504	175.636	0	
-97.5	-0.792406	189.409	0	
-97.0644	-2.07688	187.47	0	
-116.287	-3.24559	175.776	0	
-108.125	-3.34884	202.85	0	
-104.256	-2.06993	175.231	0	
-112.466	-3.07092	175.168	0	
-107.708	-2.01633	179.068	0	
-116.633	-5.94785	233.031	0	
-141.434	-1.75189	191.539	0	
-142.267	-2.05915	193.46	0	
-130.506	-2.06993	176.224	0	
-141.756	-5.80291	257.254	0	
-140.354	-6.17065	231.084	0	
-130.457	-4.4054	191.611	0	
-20.8387	-1.78555	195.604	0	
-20.9751	-2.84652	197.893	0	
-28.75	-1.02905	178.319	0	
-26.9845	-2.19037	192.851	0	
-43.7875	-3.24559	199.304	0	
-46.3858	-5.74538	246.054	0	
6.25	-1.03479	192.521	0	
6.57772	-2.00504	194.41	0	
-1.25	-0.792406	202.292	0	
-0.814428	-2.07688	200.303	0	
-20.0375	-3.24559	200.725	0	
-11.875	-3.34884	199.268	0	
-8.00561	-2.06993	192.975	0	
-16.2164	-3.07092	190.597	0	
-11.4583	-2.01633	201.517	0	
-20.3828	-5.94785	252.195	0	
-44.5887	-1.78555	192.546	0	
-44.7251	-2.84652	190.405	0	
-34.2556	-2.06993	184.483	0	
-49.5151	-8.22246	289.811	0	
-44.2462	-5.42835	231.439	0	
-34.2075	-4.4054	209.355	0	
-75.0375	-3.24559	195.119	0	
25.1674	-3.79821	205.449	0	
-75.8387	-1.78555	191.127	0	
-75.9751	-2.84652	191.452	0	
-83.75	-1.02905	173.582	0	
-81.9845	-2.19037	187.159	0	
-90.0446	-2.8545	185.039	0	
-86.5873	-2.94281	189.993	0	
102.5	-1.03479	181.038	0	
102.828	-2.00504	182.531	0	
95	-0.792406	193.272	0	
95.4356	-2.07688	191.58	0	
76.2125	-3.24559	213.422	0	
84.375	-3.34884	211.108	0	
88.2444	-2.06993	202.432	0	
80.0336	-3.07092	206.754	0	
84.7917	-2.01633	199.59	0	
75.8672	-5.94785	223.289	0	
75.4113	-1.78555	213.679	0	
75.2749	-2.84652	211.131	0	
67.5	-1.02905	199.567	0	
69.2655	-2.19037	209.594	0	
52.4625	-3.24559	212.602	0	
49.8642	-5.74538	196.834	0	
61.9944	-2.06993	214.597	0	
46.7349	-8.22246	176.686	0	
52.0038	-5.42835	206.611	0	
62.0425	-4.4054	216.466	0	
51.6613	-1.78555	208.831	0	
51.5249	-2.84652	211.56	0	
21.2125	-3.24559	199.869	0	
107.75	-4.43486	193.085	0	
20.4113	-1.78555	192.828	0	
20.2749	-2.84652	196.633	0	
12.5	-1.02905	190.414	0	
14.2655	-2.19037	193.418	0	
6.20541	-2.8545	194.323	0	
9.66268	-2.94281	195.698	0	
154.161	-1.78555	204.763	0	
154.025	-2.84652	204.124	0	
152.292	-2.01633	209.914	0	
139.039	-4.35802	207.363	0	
137.911	-1.78555	204.145	0	
137.775	-2.84652	204.369	0	
116.213	-3.24559	189.951	0	
154.963	-3.24559	196.392	0	
115.411	-1.78555	184.297	0	
115.275	-2.84652	188.279	0	
107.292	-2.01633	180.128	0	
109.247	-3.78292	189.295	0	
-140.037	-3.24559	189.243	0	
-71.0826	-3.79821	204.212	0	
-124.589	-1.78555	182.694	0	
-124.725	-2.84652	172.716	0	
-92.8202	-2.91409	179.035	0	
-85.2083	-2.01633	183.575	0	
-97.684	-1.75189	166.266	0	
-98.5173	-2.05915	186.647	0	
-152.708	-2.01633	231.077	0	
-145.211	-4.15655	231.13	0	
-23.5826	-3.79821	215.347	0	
3.37811	-4.98343	193.369	0	
-28.3387	-1.78555	195.905	0	
-28.4751	-2.84652	190.04	0	
3.42981	-2.91409	194.48	0	
11.0417	-2.01633	192.166	0	
-1.43402	-1.75189	196.157	0	
-2.26735	-2.05915	200.944	0	
-48.9583	-3.47328	202.507	0	
-47.6197	-4.31165	215.416	0	
-88.4261	-3.92482	201.814	0	
-92.8719	-4.98343	204.376	0	
-83.3387	-1.78555	183.53	0	
-83.4751	-2.84652	184.652	0	
99.6798	-2.91409	186.067	0	
107.753	-2.80091	188.163	0	
94.816	-1.75189	183.949	0	
93.9827	-2.05915	189.943	0	
72.6674	-3.79821	220.759	0	
120.167	-3.79821	193.63	0	
67.9113	-1.78555	209.801	0	
67.7749	-2.84652	211.262	0	
47.2917	-3.47328	213.791	0	
50.1448	-3.88818	211.216	0	
17.6674	-3.79821	198.902	0	
-0.0374544	-3.24559	195.542	0	
12.9113	-1.78555	191.422	0	
12.7749	-2.84652	193.444	0	
148.483	-4.32001	214.177	0	
187.308	-1.93891	304.922	0	
147.862	-1.54577	220.895	0	
148.712	-3.13655	212.503	0	
133.929	-3.08731	200.976	0	
138.713	-3.24559	205.564	0	
90.6555	-3.51902	193.816	0	
102.455	-2.8545	185.85	0	
-152.829	-5.21478	258.216	0	
-131.801	-4.25718	212.726	0	
-122.157	-4.23242	201.862	0	
-96.2875	-3.24559	198.814	0	
-46.1052	-3.88818	205.963	0	
-35.5505	-4.25718	212.823	0	
-25.9071	-4.23242	231.07	0	
13.7125	-3.24559	195.942	0	
-100.639	-4.06622	174.143	0	
-82.5375	-3.24559	189.493	0	
48.6303	-4.31165	210.106	0	
96.2125	-3.24559	192.405	0	
60.6995	-4.25718	211.101	0	
70.3429	-4.23242	219.504	0	
-4.38926	-4.06622	186.656	0	
7.82395	-3.92482	196.269	0	
146.42	-3.14785	210.47	0	
147.178	-4.41078	210.997	0	
34.7917	-2.72654	212.972	0	
33.9583	-2.72654	215.097	0	
126.034	-3.06466	193.05	0	
126.041	-5.36183	200.19	0	
-147.837	-2.94281	206.704	0	
-142.682	-2.77243	194.931	0	
-160.208	-1.16463	177.332	0	
-201.338	-10.2031	411.079	0	
-153.958	-2.72654	236.229	0	
-152.247	-2.80091	219.07	0	
-156.042	-3.47328	237.476	0	
-156.458	-2.72654	242.082	0	
-52.8373	-2.94281	196.607	0	
-49.7917	-3.47328	201.617	0	
-58.9583	-2.72654	202.242	0	
-57.7083	-2.01633	199.972	0	
-56.2946	-2.8545	201.028	0	
-57.2473	-2.80091	198.166	0	
-65.2159	-3.06466	202.956	0	
-65.2085	-5.36053	230.425	0	
-72.7159	-3.06466	192.986	0	
-69.5113	-3.00667	196.667	0	
43.4127	-2.94281	213.747	0	
46.4583	-3.47328	215.15	0	
36.0417	-2.01633	211.495	0	
32.5816	-3.68836	215.206	0	
32.1798	-2.91409	209.782	0	
36.4583	-2.72654	217.112	0	
23.5341	-3.06466	198.869	0	
26.7387	-3.00667	202.234	0	
118.534	-3.06466	190.252	0	
121.739	-3.00667	190.772	0	
-121.466	-3.06466	170.583	0	
-118.261	-3.00667	173.003	0	
-93.9659	-3.06466	180.927	0	
-93.9594	-5.36183	228.791	0	
-109.003	-2.80091	169.842	0	
-107.247	-2.80091	171.347	0	
-146.042	-2.72654	207.613	0	
-147.44	-3.72538	217.543	0	
-25.2159	-3.06466	196.086	0	
-22.0113	-3.00667	196.767	0	
2.28409	-3.06466	196.688	0	
2.29056	-5.36183	192.662	0	
-12.7527	-2.80091	193.334	0	
-10.9973	-2.80091	194.296	0	
-48.9583	-2.01633	192.4	0	
-45.7613	-3.00667	194.896	0	
-52.44	-3.72538	204.834	0	
-48.5417	-2.72654	195.645	0	
-80.2159	-3.06466	184.444	0	
-77.0113	-3.00667	189.359	0	
98.5341	-3.06466	189.812	0	
98.5406	-5.36183	204.209	0	
83.4973	-2.80091	200.085	0	
85.2527	-2.80091	202.908	0	
71.0341	-3.06466	214.9	0	
74.2387	-3.00667	215.671	0	
47.2917	-2.01633	212.165	0	
50.4887	-3.00667	213.253	0	
43.81	-3.72538	214.541	0	
47.7083	-2.72654	213.565	0	
16.0341	-3.06466	194.467	0	
19.2387	-3.00667	195.863	0	
151.132	-3.93062	214.658	0	
152.989	-3.00667	211.387	0	
111.032	-2.99641	185.91	0	
114.239	-3.00667	185.418	0	
-87.7179	-2.99641	177.345	0	
-84.5113	-3.00667	181.736	0	
8.53206	-2.99641	196.249	0	
11.7387	-3.00667	193.919	0	
104.782	-2.99641	187.945	0	
102.997	-3.78292	190.741	0	
-143.54	-2.72962	198.375	0	
-140.951	-3.13784	193.823	0	
-99.9558	-2.85377	190.512	0	
-97.2008	-3.13784	169.185	0	
-3.70582	-2.85377	198.409	0	
-0.950756	-3.13784	197.438	0	
92.5442	-2.85377	194.269	0	
95.2992	-3.13784	189.72	0	
41.5739	-3.92482	212.115	0	
46.0417	-2.72654	213.709	0	
127.582	-3.68916	197.118	0	
132.502	-3.08731	195.074	0	
127.128	-4.98343	201.556	0	
128.572	-3.57598	198.98	0	
-152.662	-3.55114	236.125	0	
-152.231	-4.40508	246.976	0	
-159.148	-3.04538	217.213	0	
-165.564	-17.3854	515.459	0	
-154.373	-3.97501	245.992	0	
-150.753	-3.78292	224.45	0	
-160.293	-8.30276	353.051	0	
-155.208	-3.47328	241.168	0	
-158.057	-10.316	416.991	0	
-143.957	-3.47621	209.755	0	
-58.5398	-3.47677	203.003	0	
-57.2309	-4.40508	219.156	0	
-61.4583	-2.72654	201.722	0	
-57.6621	-3.55114	205.636	0	
-62.7232	-3.50081	203.427	0	
-55.7527	-3.78292	205.236	0	
-64.0702	-2.91409	199.069	0	
-63.6684	-3.68836	210.895	0	
-61.8899	-3.99904	215.586	0	
-60.2083	-3.47328	202.931	0	
-72.8478	-5.56717	217.582	0	
-69.264	-5.46522	240.382	0	
39.9554	-2.8545	213.429	0	
39.0191	-4.40508	221.287	0	
37.2917	-2.72654	213.537	0	
38.5879	-3.55114	215.471	0	
34.3601	-3.99904	217.84	0	
37.7102	-3.47677	220.055	0	
35.2083	-3.47328	218.348	0	
33.5268	-3.50081	216.192	0	
23.4022	-5.56717	209.814	0	
26.986	-5.46522	215.52	0	
118.402	-5.56717	195.196	0	
114.489	-5.47929	192.833	0	
-121.598	-5.56717	204.077	0	
-125.6	-5.31383	217.986	0	
-92.4178	-3.68916	197.306	0	
-89.5027	-3.78292	189.82	0	
-90.9952	-4.42757	208.065	0	
-86.1036	-3.83222	191.674	0	
-109.687	-5.39772	234.495	0	
-106.295	-2.8545	185.218	0	
-110.64	-4.06799	180.401	0	
-98.2818	-3.59669	215.293	0	
-146.478	-3.50911	214.583	0	
-141.985	-3.52613	199.397	0	
-25.3478	-5.56717	247.82	0	
-29.3495	-5.31383	253.802	0	
3.83223	-3.68916	195.544	0	
6.7473	-3.78292	196.558	0	
5.25478	-4.42757	195.116	0	
10.1464	-3.83222	196.749	0	
-13.4371	-5.39772	209.117	0	
-10.0446	-2.8545	197.609	0	
-14.3898	-4.06799	187.405	0	
-2.03178	-3.59669	193.991	0	
-51.4777	-3.50911	203.482	0	
-47.7083	-2.72654	198.885	0	
-51.0637	-4.19254	210.563	0	
-47.2189	-3.60804	200.347	0	
-80.3478	-5.56717	211.971	0	
-84.2613	-5.47929	232.162	0	
100.082	-3.68916	192.949	0	
112.646	-3.83222	187.96	0	
110.324	-3.92482	191.182	0	
107.317	-3.58364	188.408	0	
82.8129	-5.39772	228.362	0	
86.2054	-2.8545	199.553	0	
81.8602	-4.06799	208.536	0	
94.2182	-3.59669	197.229	0	
70.9022	-5.56717	228.177	0	
66.9005	-5.31383	215.085	0	
44.7723	-3.50911	214.83	0	
48.5417	-2.72654	211.289	0	
45.1863	-4.19254	215.354	0	
49.0311	-3.60804	215.153	0	
15.9022	-5.56717	201.202	0	
11.9887	-5.47929	197.662	0	
108.705	-2.8545	186.503	0	
101.072	-3.57598	188.935	0	
-91.4282	-3.57598	190.929	0	
-94.651	-4.21812	198.17	0	
4.82178	-3.57598	194.302	0	
1.59897	-4.21812	193.637	0	
105.913	-2.94281	184.916	0	
106.31	-3.72554	191.65	0	
97.849	-4.21812	191.506	0	
101.505	-4.42757	194.322	0	
-144.792	-3.47313	206.769	0	
-146.064	-4.19253	226.169	0	
-103.124	-4.43041	192.843	0	
-108.125	-4.73217	179.286	0	
-6.87403	-4.43041	174.671	0	
-11.875	-4.73217	182.247	0	
89.376	-4.43041	208.834	0	
84.375	-4.73217	211.768	0	
121.393	-3.89079	198.02	0	
143.936	-3.97268	211.813	0	
125.349	-4.21812	198.517	0	
129.043	-4.50658	200.319	0	
-154.834	-5.62943	275.032	0	
-149.676	-3.92482	235.077	0	
-156.465	-4.16242	256.371	0	
-88.4597	-6.17559	254.809	0	
-157.746	-3.54331	243.053	0	
-157.336	-4.23245	255.687	0	
-155.953	-5.20944	269.463	0	
-151.274	-4.58327	254.225	0	
-87.8931	-5.00841	210.938	0	
-54.6761	-3.92482	212.078	0	
-59.3731	-3.97501	213.348	0	
7.79028	-6.17559	195.147	0	
-65.9011	-4.21822	211.414	0	
-59.3047	-5.11624	225.224	0	
-64.1215	-4.98124	222.918	0	
-60.5387	-5.90518	234.84	0	
8.35687	-5.00841	196.823	0	
92.527	-5.11846	205.724	0	
30.3489	-4.21822	217.66	0	
32.1285	-4.98124	227.08	0	
36.0417	-3.47328	216.981	0	
34.378	-5.06466	231.321	0	
35.7113	-5.90518	221.59	0	
36.8769	-3.97501	220.105	0	
-101.844	-3.51902	184.282	0	
-99.973	-5.11846	244.698	0	
-145.501	-5.7656	284.792	0	
-69.8571	-3.89079	208.6	0	
-156.677	-7.51666	332.222	0	
-49.707	-5.1949	222.966	0	
-148.977	-5.20289	243.882	0	
-147.813	-5.59213	268.259	0	
-5.59449	-3.51902	198.139	0	
-3.72305	-5.11846	187.025	0	
-56.2742	-4.58327	220.259	0	
26.3929	-3.89079	210.812	0	
-39.9676	-3.06872	192.855	0	
46.543	-5.1949	211.078	0	
-53.9766	-5.20289	219.555	0	
-50.211	-4.15672	213	0	
-55.8234	-5.70833	228.072	0	
-48.5258	-4.17689	211.544	0	
-52.8132	-5.59213	237.555	0	
-47.2738	-5.38006	222.775	0	
91.8607	-4.06622	197.849	0	
105.879	-5.0575	193.208	0	
36.9453	-5.11624	230.005	0	
130.158	-4.945	206.69	0	
56.2824	-3.06872	212.603	0	
110.29	-6.17488	196.136	0	
42.2734	-5.20289	223.291	0	
46.039	-4.15672	213.813	0	
40.4266	-5.70833	224.413	0	
47.7242	-4.17689	213.625	0	
39.9758	-4.58327	213.509	0	
48.9762	-5.38006	213.968	0	
-90.0224	-4.58092	216.934	0	
-89.5124	-5.89001	233.411	0	
6.22758	-4.58092	195.007	0	
6.73765	-5.89001	194.412	0	
102.928	-5.70651	197.857	0	
107.848	-6.54104	201.469	0	
104.074	-3.92482	190.527	0	
104.773	-5.20318	194.828	0	
99.6281	-4.98343	194.094	0	
102.478	-4.58092	193.527	0	
-150.823	-5.70833	255.958	0	
-143.779	-5.33843	258.435	0	
76.6284	-4.52398	226.408	0	
144.244	-11.4317	202.525	0	
128.127	-5.50143	206.12	0	
128.872	-6.93342	208.975	0	
-158.777	-5.20944	282.01	0	
-143.448	-4.30353	214.562	0	
-161.732	-2.79975	208.12	0	
-207.299	-15.0218	418.171	0	
-182.365	-35.5359	518.96	0	
-79.1691	-5.28353	231.252	0	
-150.997	-8.59138	372.676	0	
-57.1302	-6.3947	255.014	0	
-61.872	-5.06466	225.454	0	
-58.0402	-5.47194	223.651	0	
-115.872	-4.52398	196.22	0	
17.0809	-5.28353	204.202	0	
-19.6216	-4.52398	216.641	0	
108.728	-4.58055	193.307	0	
38.2098	-5.47194	224.323	0	
43.4368	-5.59213	205.317	0	
-139.58	-4.60081	231.976	0	
-145.691	-7.03602	293.806	0	
-96.7489	-6.89898	270.792	0	
-97.1496	-5.26597	255.794	0	
-149.602	-6.18605	289.417	0	
-134.449	-4.25718	207.471	0	
-31.5017	-4.16217	227.694	0	
39.1198	-6.3947	207.037	0	
-0.498874	-6.89898	187.3	0	
-0.89962	-5.26597	187.3	0	
-70.5474	-6.44535	243.956	0	
-54.6024	-6.18605	245.993	0	
-52.4014	-4.79453	215.793	0	
-51.4417	-5.03664	221.261	0	
-52.0429	-7.10465	250.422	0	
-50.5017	-5.76581	235.633	0	
-54.1682	-7.76797	262.024	0	
-36.3389	-2.93321	199.332	0	
-48.8551	-5.21507	221.211	0	
-48.0926	-6.0103	247.387	0	
64.7483	-4.16217	212.866	0	
110.857	-5.00834	191.007	0	
95.7511	-6.89898	215.387	0	
95.3504	-5.26597	201.72	0	
25.7026	-6.44535	221.212	0	
41.6476	-6.18605	202.448	0	
43.8486	-4.79453	219.241	0	
44.8083	-5.03664	211.537	0	
44.2071	-7.10465	208.012	0	
45.7483	-5.76581	209.228	0	
42.0818	-7.76797	211.699	0	
59.9111	-2.93321	209.696	0	
47.3949	-5.21507	214.32	0	
48.1574	-6.0103	196.81	0	
-91.9104	-5.42242	234.482	0	
-90.925	-6.50437	269.887	0	
4.33964	-5.42242	193.112	0	
5.32497	-6.50437	192.863	0	
106.858	-5.46739	195.824	0	
109.237	-5.889	193.613	0	
45.559	-7.03622	196.649	0	
104.147	-6.18687	200.931	0	
100.59	-5.42242	198.145	0	
100.817	-6.41692	204.206	0	
-147.401	-4.79453	237.54	0	
-146.442	-5.03663	237.735	0	
-147.043	-7.10465	300.73	0	
-144.707	-5.19453	227.489	0	
-149.168	-7.76797	321.437	0	
-132.589	-2.93321	179.778	0	
-154.178	-7.28627	312.043	0	
-151.919	-6.13754	297.686	0	
-67.2642	-6.91889	272.52	0	
-50.691	-7.03622	259.082	0	
28.9858	-6.91889	221.715	0	
57.9209	-9.10125	139.528	0	
-165.569	-3.72058	262.951	0	
-124.19	-5.40086	236.761	0	
-65.8105	-6.63734	254.377	0	
-38.3291	-9.10125	376.892	0	
-59.0799	-8.70786	299.181	0	
-25.746	-9.39498	384.394	0	
-36.875	-5.27905	258.234	0	
-45.618	-4.95711	221.78	0	
30.4395	-6.63734	230.171	0	
104.619	-8.07335	203.37	0	
37.1701	-8.70786	197.536	0	
121.986	-5.46522	197.343	0	
59.375	-5.27905	195.579	0	
50.632	-4.95711	210.513	0	
-100.432	-7.15932	263.837	0	
-118.014	-5.46522	212.82	0	
-4.18243	-7.15932	186.129	0	
-21.764	-5.46522	238.061	0	
101.373	-10.8863	208.373	0	
97.6668	-7.08742	202.424	0	
74.486	-5.46522	232.452	0	
92.0676	-7.15932	215.795	0	
-142.782	-6.56075	238.566	0	
-142.334	-4.31064	218.325	0	
-152.527	-7.43868	315.184	0	
-121.996	-9.39498	395.688	0	
-136.218	-3.06872	189.494	0	
-128.568	-3.08143	172.364	0	
-38.1995	-4.25718	201.267	0	
-32.318	-3.08143	187.543	0	
58.0505	-4.25718	214.231	0	
63.932	-3.08143	214.511	0	
133.106	-6.04794	206.475	0	
130.428	-6.60412	209.135	0	
123.985	-6.91734	203.98	0	
150.848	-20.0464	198.062	0	
-155.18	-8.32445	351.379	0	
-52.0799	-10.5411	319.128	0	
-40.8588	-5.44334	235.732	0	
-43.3792	-4.50999	206.87	0	
55.3912	-5.44334	196.503	0	
52.8708	-4.50999	214.202	0	
-87.5848	-7.52916	300.12	0	
-84.8609	-3.89608	202.297	0	
8.66524	-7.52916	195.39	0	
11.3891	-3.89608	197.823	0	
120.703	-6.44535	205.592	0	
113.889	-3.89608	192.392	0	
-94.8332	-7.08742	295.006	0	
-127.752	-4.16217	200.846	0	
-136.015	-9.53859	344.765	0	
-118.607	-3.89079	192.533	0	
-44.375	-6.99919	279.968	0	
-22.3571	-3.89079	222.072	0	
-42.8302	-8.44515	304.068	0	
-40.8536	-7.44458	289.514	0	
51.875	-6.99919	182.872	0	
73.8929	-3.89079	217.108	0	
53.4198	-8.44515	165.91	0	
55.3964	-7.44458	194.77	0	
-45.8903	-7.18841	252.997	0	
-48.1439	-7.56208	261.172	0	
50.3597	-7.18841	200.264	0	
48.1061	-7.56208	197.031	0	
-141.655	-10.9683	566.105	0	
-134.129	-6.10622	241.969	0	
-52.772	-8.29733	297.977	0	
-46.8296	-8.37487	313.043	0	
43.478	-8.29733	171.958	0	
49.4204	-8.37487	156.66	0	
-164	-0.842706	228.555	0	
-160.19	-2.6252	220.276	0	
-171.26	-1.12398	348.871	0	
-163.118	-4.25546	282.13	0	
157.984	-3.31993	184.133	0	
162.75	-0.842706	162.569	0	
160.879	-2.92373	161.179	0	
162.233	-4.81544	170.683	0	
149.806	-4.94504	204.511	0	
157.495	-4.95032	170.883	0	
136.186	-4.14103	206.977	0	
140.456	-4.52612	209.588	0	
-73.4071	-4.23242	212.442	0	
-71.6691	-5.28353	228.485	0	
-80.4167	-10.3326	400.074	0	
-64.8646	-8.3096	286.667	0	
-77.3571	-3.89079	203.135	0	
-74.2262	-6.72899	281.589	0	
22.8429	-4.23242	207.113	0	
24.5809	-5.28353	213.316	0	
15.8333	-10.3326	202.631	0	
31.3854	-8.3096	223.709	0	
18.8929	-3.89079	202.221	0	
22.0238	-6.72899	213.814	0	
117.843	-4.23242	194.804	0	
119.581	-5.28353	197.047	0	
112.877	-7.50462	198.739	0	
125.437	-6.63718	209.374	0	
111.164	-7.52928	200.6	0	
117.03	-6.73778	202.837	0	
-120.419	-5.28353	220.539	0	
-119.297	-6.44535	254.707	0	
-147.08	-10.5411	449.171	0	
-106.019	-7.46803	255.601	0	
-144.559	-9.99967	435.253	0	
-147.772	-8.29733	373.172	0	
-24.1691	-5.28353	248.868	0	
-23.0474	-6.44535	293.2	0	
1.41684	-7.08742	185.418	0	
-9.76913	-7.46803	181.163	0	
-27.9404	-5.40086	271.936	0	
-23.5704	-9.08967	355.834	0	
-80.9071	-4.23242	210.13	0	
-78.0474	-6.44535	244.598	0	
-74.2388	-9.20929	354.454	0	
-76.764	-5.46522	233.443	0	
-81.7196	-6.73778	289.587	0	
-82.2148	-8.98906	385.206	0	
72.0809	-5.28353	227.479	0	
73.2026	-6.44535	225.095	0	
102.182	-6.54766	203.109	0	
86.4809	-7.46803	228.182	0	
68.3096	-5.40086	214.679	0	
93.8488	-8.33358	216.16	0	
15.3429	-4.23242	199.809	0	
18.2026	-6.44535	208.065	0	
22.0112	-9.20929	214.366	0	
19.486	-5.46522	205.206	0	
14.5304	-6.73778	201.595	0	
14.0352	-8.98906	197.673	0	
112.049	-4.96932	193.352	0	
113.194	-6.11121	195.504	0	
107.957	-10.0357	210.04	0	
114.373	-9.53907	200.942	0	
-86.7013	-4.9694	227.13	0	
-85.556	-6.11128	240.239	0	
-85.8729	-7.50385	312.934	0	
-84.3782	-9.53722	392.854	0	
9.54871	-4.9694	197.229	0	
10.694	-6.11128	199.548	0	
10.3771	-7.50385	195.076	0	
11.8718	-9.53722	195.183	0	
132.08	-7.47425	218.974	0	
134.746	-4.16808	202.779	0	
124.075	-4.31071	196.404	0	
123.313	-5.73457	204.255	0	
-67.1755	-4.31081	222.756	0	
-67.9367	-5.73467	226.046	0	
29.0745	-4.31081	213.952	0	
28.3133	-5.73467	224.828	0	
-95.9255	-4.31071	188.5	0	
-98.5926	-4.6597	182.862	0	
-103.786	-7.04865	252.992	0	
-106.563	-5.39772	235.782	0	
0.324502	-4.31071	195.177	0	
-2.3426	-4.6597	189.284	0	
-7.5359	-7.04865	190.56	0	
-10.3129	-5.39772	194.713	0	
96.5745	-4.31071	198.435	0	
93.9074	-4.6597	198.087	0	
88.7141	-7.04865	215.863	0	
103.633	-8.96714	210.156	0	
-62.0477	-8.8546	298.744	0	
34.2023	-8.8546	214.625	0	
-65.6604	-12.2385	382.933	0	
44.1701	-10.5411	170.194	0	
-43.9291	-11.1429	397.42	0	
106.762	-8.25621	204.336	0	
40.691	-8.79126	179.367	0	
126.259	-8.10539	209.516	0	
30.5896	-12.2385	201.934	0	
128.121	-8.37598	218.098	0	
98.349	-8.47005	222.03	0	
102.415	-7.9218	205.412	0	
-155.111	-10.7469	438.583	0	
-60.5733	-7.64358	269.322	0	
138.321	-5.52235	211.035	0	
152.541	-4.03078	204.161	0	
-138.552	-9.35636	405.057	0	
-137.06	-5.53416	245.126	0	
-129.996	-3.08143	190.968	0	
-129.047	-6.04201	248.701	0	
-33.7459	-3.08143	199.343	0	
-32.7973	-6.04201	281.932	0	
62.5041	-3.08143	210.029	0	
63.4527	-6.04201	199.006	0	
131.229	-11.2697	219.811	0	
151.99	-6.88415	197.401	0	
136.941	-5.40234	208.386	0	
141.133	-5.9764	212.307	0	
-74.6816	-4.325	218.083	0	
-75.4428	-5.74886	218.55	0	
21.5684	-4.325	205.72	0	
20.8072	-5.74886	210.428	0	
116.568	-4.325	193.774	0	
115.814	-5.75765	195.118	0	
-123.432	-4.325	183.484	0	
-126.314	-4.14101	187.583	0	
-115.576	-8.16642	342.373	0	
-113.246	-5.34905	218.984	0	
-27.1816	-4.325	219.281	0	
-30.0644	-4.14101	215.706	0	
-19.3257	-8.16642	309.913	0	
-16.996	-5.34905	204.773	0	
-82.1816	-4.325	214.657	0	
-82.9362	-5.75765	224.016	0	
69.0684	-4.325	222.682	0	
66.1856	-4.14101	217.809	0	
76.9243	-8.16642	249.595	0	
79.254	-5.34905	218.123	0	
14.0684	-4.325	198.82	0	
13.3138	-5.75765	201.201	0	
105.405	-12.0508	207.103	0	
116.536	-8.99008	195.83	0	
-93.9774	-8.66503	367.288	0	
-91.6041	-8.13534	376.172	0	
2.27255	-8.66503	184.342	0	
4.64589	-8.13534	184.421	0	
129.195	-10.2093	214.027	0	
146.046	-6.10183	213.8	0	
134.488	-5.91521	212.082	0	
135.867	-6.69788	212.661	0	
121.43	-8.68418	197.417	0	
123.385	-8.88682	210.884	0	
-69.8214	-8.68669	331.942	0	
-67.8655	-8.89079	290.504	0	
26.4286	-8.68669	217.504	0	
28.3845	-8.89079	226.809	0	
-66.1145	-9.89368	333.99	0	
-95.0051	-12.6851	594.513	0	
-55.559	-8.79126	295.533	0	
1.24494	-12.6851	172.802	0	
85.9371	-5.39772	218.102	0	
70.504	-9.39498	217.001	0	
99.9643	-7.8529	204.27	0	
101.084	-8.78437	214.73	0	
-119.82	-9.08967	422.596	0	
-122.652	-7.0343	314.235	0	
-127.769	-5.79877	218.961	0	
-125.499	-7.54635	312.289	0	
-48.3872	-12.3828	372.312	0	
-26.4019	-7.0343	331.404	0	
-31.5194	-5.79877	245.787	0	
-29.2492	-7.54635	351.823	0	
47.8628	-12.3828	112.84	0	
69.8481	-7.0343	211.738	0	
64.7306	-5.79877	215.917	0	
67.0008	-7.54635	180.457	0	
140.302	-7.00568	212.978	0	
142.7	-6.86574	212.291	0	
125.012	-9.68556	218.354	0	
195.519	-2.32667	323.613	0	
-98.6512	-8.33358	376.559	0	
35.6767	-7.64358	230.903	0	
-2.40124	-8.33358	175.428	0	
103.223	-11.1651	214.17	0	
72.6796	-9.08967	230.003	0	
95.07	-11.0041	229.784	0	
-136.973	-6.98397	284.29	0	
-135.349	-7.69153	322.844	0	
-32.1235	-10.677	457.461	0	
-33.5046	-8.27657	344.043	0	
64.1265	-10.677	127.454	0	
97.6545	-10.9522	209.257	0	
80.0504	-6.99449	250.345	0	
151.079	-11.5903	191.866	0	
-78.2205	-8.73643	361.105	0	
30.1355	-9.89368	223.657	0	
8.79112	-11.9339	186.323	0	
110.443	-9.50362	201.682	0	
-126.434	-6.49884	233.3	0	
-123.97	-6.77541	233.138	0	
-30.1836	-6.49884	266.865	0	
-27.72	-6.77541	273.259	0	
66.0664	-6.49884	221.628	0	
68.53	-6.77541	227.115	0	
150.025	-6.43618	216.096	0	
153.18	-5.49318	206.988	0	
147.57	-7.50219	202.318	0	
142.406	-9.04296	215.877	0	
-113.344	-8.75328	384.472	0	
-118.411	-11.2883	479.745	0	
-114.541	-4.53464	180.598	0	
-111.901	-4.28441	187.211	0	
-17.0944	-8.75328	263.25	0	
-21.2298	-10.3281	382.37	0	
-18.2907	-4.53464	205.58	0	
-15.6508	-4.28441	201.123	0	
79.1556	-8.75328	223.828	0	
75.0202	-10.3281	195.104	0	
77.9593	-4.53464	217.792	0	
80.5992	-4.28441	219.907	0	
-63.1585	-5.8593	242.251	0	
-63.2996	-7.91085	267.794	0	
33.0915	-5.8593	223.426	0	
32.9504	-7.91085	236.165	0	
-205.568	-32.9721	422.004	0	
-158.17	-8.54355	352.541	0	
-42.0494	-4.51844	203.635	0	
-39.5061	-4.39269	200.257	0	
54.2006	-4.51844	216.733	0	
56.7439	-4.39269	215.59	0	
-138.25	-4.60927	199.242	0	
-135.756	-4.39269	200.475	0	
132.732	-9.94285	217.204	0	
140.759	-8.90393	214.029	0	
-131.823	-7.75398	316.341	0	
-88.3496	-9.59591	463.696	0	
-29.7584	-9.79585	401.412	0	
7.90043	-9.59591	184.166	0	
62.7454	-8.27657	194.219	0	
52.3209	-11.1429	109.972	0	
86.5779	-13.8833	215.925	0	
208.99	-5.28426	338.044	0	
-59.5306	-11.2795	329.997	0	
-57.3001	-7.89572	266.348	0	
36.7194	-11.2795	205.791	0	
38.9499	-7.89572	223.556	0	
138.907	-6.71973	211.557	0	
136.37	-8.16582	213.606	0	
138.03	-8.06765	215.663	0	
139.214	-9.60327	212.031	0	
134.987	-10.2845	222.511	0	
161.413	-6.92918	180.391	0	
119.235	-10.2813	222.811	0	
95.7393	-17.4777	212.602	0	
-50.1748	-10.5347	336.281	0	
-46.4132	-10.8834	328.95	0	
46.0752	-10.5347	144.574	0	
49.8368	-10.8834	154.671	0	
-176.012	-1.34606	398.567	0	
-160.335	-6.5477	310.226	0	
-161.831	-10.7403	410.494	0	
-188.999	-19.3034	452.09	0	
158.946	-6.83953	186.746	0	
170.01	-1.12398	216.092	0	
-87.4589	-11.9339	513.269	0	
99.5587	-12.4369	224.928	0	
18.0295	-8.73643	206.36	0	
4.49832	-12.069	177.155	0	
-153.134	-12.2646	492.232	0	
-148.55	-12.2522	496.508	0	
-121.489	-14.4624	673.974	0	
-126.008	-9.79585	498.527	0	
104.932	-18.5916	205.68	0	
112.453	-11.0673	208.456	0	
-91.7517	-12.069	530.052	0	
-71.535	-10.5118	370.125	0	
5.3409	-14.035	185.296	0	
24.715	-10.5118	225.429	0	
-112.45	-6.99449	281.138	0	
-129.168	-15.7527	707.418	0	
-16.1996	-6.99449	253.843	0	
-27.5734	-11.3856	483.662	0	
-144.852	-16.8136	732.045	0	
-124.741	-12.1163	548.872	0	
-37.2846	-13.6039	482.007	0	
-6.7017	-12.0229	211.203	0	
66.4916	-9.79585	200.433	0	
58.9654	-13.6039	96.6303	0	
112.419	-14.9051	187.332	0	
127.849	-11.938	219.619	0	
147.347	-10.4774	219.36	0	
153.266	-9.06305	206.257	0	
-122.779	-11.9203	591.341	0	
-102.474	-8.42323	377.08	0	
-20.7162	-13.563	437.823	0	
-6.22447	-8.42323	178.5	0	
75.5338	-13.563	211.724	0	
90.0255	-8.42323	228.414	0	
68.6766	-11.3856	132.636	0	
136.037	-12.2238	209.612	0	
-61.6144	-11.5018	342.488	0	
-55.5379	-10.963	333.578	0	
34.6356	-11.5018	192.59	0	
40.7121	-10.963	176.528	0	
128.852	-14.5637	210.301	0	
235.957	-15.9774	329.198	0	
-178.777	-2.9619	397.328	0	
-162.755	-6.23594	288.734	0	
-156.495	-11.7116	440.105	0	
-221.912	-14.5162	394.068	0	
-169.141	-4.00209	332.092	0	
-167.19	-4.8303	344.543	0	
164.287	-4.15658	171.11	0	
166.707	-4.43785	200.979	0	
155.354	-8.54876	194.701	0	
132.793	-16.0264	206.382	0	
-53.4549	-12.1835	371.791	0	
-9.67296	-13.8421	263.021	0	
42.7951	-12.1835	127.897	0	
33.1604	-13.2995	184.329	0	
-53.1756	-15.7705	392.777	0	
-138.938	-7.6289	323.813	0	
-134.594	-10.3937	521.391	0	
-155.484	-17.2341	583.46	0	
-127.52	-14.6602	703.393	0	
-47.7993	-19.2086	496.193	0	
-31.0758	-17.4153	588.413	0	
48.4507	-19.2086	54.5828	0	
65.1742	-17.4153	51.1678	0	
131.221	-14.31	219.716	0	
153.572	-16.0839	211.415	0	
-157.266	-14.2011	530.899	0	
43.0744	-15.7705	115.532	0	
11.0506	-11.9005	186.311	0	
89.5492	-12.064	227.618	0	
125.528	-11.6848	208.586	0	
119.86	-13.8177	188.671	0	
-167.135	-7.23969	353.435	0	
-192.539	-4.26558	440.074	0	
-133.857	-13.0595	635.963	0	
-129.198	-9.41262	446.041	0	
-228.19	-24.6897	389.084	0	
-128.413	-13.1119	602.043	0	
-132.411	-9.49708	420.217	0	
-132.552	-6.10622	239.401	0	
-166.307	-13.5038	471.132	0	
-108.605	-11.4398	553.723	0	
-130.943	-10.541	441.03	0	
-129.662	-7.54154	300.073	0	
-131.112	-14.0765	630.623	0	
-127.757	-10.8627	480.122	0	
-135.282	-19.8734	861.953	0	
-102.952	-12.0229	587.351	0	
-130.381	-12.4546	609.62	0	
-128.544	-17.3008	859.638	0	
-148.258	-15.1857	642.326	0	
-3.6662	-13.8175	182.598	0	
-125.443	-18.0933	873.551	0	
-125.597	-14.7313	715.235	0	
-62.6835	-17.1843	454.812	0	
-85.1994	-11.9005	534.26	0	
-124.144	-16.6164	788.39	0	
-121.999	-16.5434	814.211	0	
-91.6409	-16.373	724.266	0	
-70.7541	-13.472	459.217	0	
4.6091	-16.373	173.763	0	
25.4959	-13.472	197.638	0	
-110.152	-7.25958	262.323	0	
-116.205	-10.7321	511.778	0	
-13.9017	-7.25958	204.22	0	
-12.3545	-11.4398	247.111	0	
82.3483	-7.25958	225.135	0	
83.8955	-11.4398	219.396	0	
-83.8414	-14.5362	609.616	0	
-76.2546	-10.6507	405.073	0	
12.4086	-14.5362	182.953	0	
19.9954	-10.6507	208.773	0	
-97.6578	-11.3921	564.888	0	
-90.4292	-10.045	421.848	0	
-1.40778	-11.3921	194.067	0	
5.82085	-10.045	187.289	0	
-111.605	-11.7939	512.402	0	
-108.046	-8.66433	401.595	0	
-15.3552	-11.7939	312.095	0	
-11.7958	-8.66433	242.429	0	
80.8948	-11.7939	249.589	0	
84.4542	-8.66433	240.696	0	
-57.7296	-12.6391	367.329	0	
-56.3189	-16.133	430.794	0	
38.5204	-12.6391	138.632	0	
39.9311	-16.133	124.578	0	
-173.564	-2.47004	390.358	0	
-165.151	-8.11045	365.45	0	
157.521	-9.12614	184.549	0	
160.271	-11.5138	204.126	0	
-36.2393	-7.66183	310.54	0	
-40.908	-14.645	492.912	0	
60.0107	-7.66183	193.851	0	
55.342	-14.645	69.0461	0	
92.8124	-13.4707	209.465	0	
138.603	-11.6407	215.208	0	
-114.482	-16.5569	892.703	0	
-119.297	-14.1357	719.684	0	
-106.853	-18.8267	945.743	0	
-90.9091	-14.035	668.387	0	
-63.0896	-13.2995	405.885	0	
-81.2221	-13.5164	572.284	0	
-119.75	-18.497	880.048	0	
-105.923	-13.8421	715.806	0	
-99.9162	-13.8175	684.326	0	
-124.617	-21.7604	935.373	0	
15.0279	-13.5164	188.383	0	
33.5665	-17.1843	157.676	0	
-177.258	-5.78191	426.176	0	
-175.551	-13.7225	485.042	0	
-170.014	-8.10752	398.719	0	
-170.068	-11.6224	430.768	0	
123.346	-14.3333	219.724	0	
130.766	-41.4755	202.726	0	
-117.966	-16.82	776.706	0	
-113.607	-13.3165	645.159	0	
-93.8748	-11.0032	531.374	0	
-93.6138	-16.0889	775.92	0	
2.37524	-11.0032	188.116	0	
2.63623	-16.0889	197.873	0	
-136.481	-15.5337	776.784	0	
46.237	-15.9763	75.0925	0	
-50.013	-15.9763	446.297	0	
-33.8137	-14.565	524.948	0	
-118.828	-25.8063	1002.45	0	
62.4363	-14.565	113.554	0	
-89.2433	-18.71	838.597	0	
-88.6959	-14.349	669.194	0	
7.00668	-18.71	187.22	0	
7.55411	-14.349	179.689	0	
-158.473	-25.925	708.9	0	
-57.5305	-27.6829	584.11	0	
-87.3706	-17.1144	717.681	0	
-82.1404	-18.8236	723.754	0	
-17.0729	-14.4419	384.383	0	
125.77	-16.4577	201.605	0	
8.87942	-17.1144	174.21	0	
14.1096	-18.8236	180.25	0	
218.789	-9.67962	336.477	0	
183.637	-7.09149	293.615	0	
135.243	-14.7675	215.215	0	
140.335	-13.8884	206.63	0	
-181.714	-1.61583	421.66	0	
-173.773	-5.29005	378.386	0	
163.087	-10.0309	193.695	0	
180.465	-1.61583	276.819	0	
-76.9341	-14.5113	551.451	0	
-67.81	-14.1067	435	0	
19.3159	-14.5113	193.414	0	
28.44	-14.1067	202.472	0	
-162.174	-17.4716	555.083	0	
-121.07	-22.2371	1003.5	0	
-58.6684	-18.9989	471.865	0	
0.81144	-18.779	186.27	0	
37.5816	-18.9989	90.8199	0	
107.856	-15.3565	194.321	0	
138.207	-15.8819	199.619	0	
143.531	-14.1381	205.875	0	
99.901	-16.4959	191.159	0	
79.1771	-14.4419	156.212	0	
-111.48	-20.2273	934.738	0	
-99.0883	-17.8006	865.121	0	
-27.2006	-15.1171	535.593	0	
-2.83826	-17.8006	230.068	0	
69.0494	-15.1171	143.376	0	
46.6928	-24.0743	47.0308	0	
-166.112	-27.3981	600.916	0	
-68.8837	-22.4837	599.896	0	
-81.3835	-22.9609	839.759	0	
-67.2534	-16.8341	506.581	0	
14.8665	-22.9609	171.746	0	
28.9966	-16.8341	170.631	0	
125.531	-19.801	183.565	0	
145.65	-18.2045	210.289	0	
136.74	-19.4185	213.257	0	
140.986	-21.4915	178.919	0	
-74.1374	-16.0301	548.443	0	
-64.6977	-18.8508	507.079	0	
22.1126	-16.0301	195.204	0	
31.5523	-18.8508	146.469	0	
-95.4386	-18.779	870.101	0	
2.52004	-23.669	210.398	0	
27.3663	-22.4837	149.113	0	
30.7731	-22.4901	143.36	0	
-84.7755	-17.335	711.3	0	
-79.7054	-15.7809	594.82	0	
11.4745	-17.335	181.04	0	
16.5446	-15.7809	186.684	0	
218.255	-34.6155	330.518	0	
132.745	-19.8694	193.127	0	
-152.736	-16.2622	599.764	0	
-150.381	-17.763	673.532	0	
-144.708	-21.2594	806.193	0	
-141.325	-14.5407	661.009	0	
-62.9905	-26.6887	602.074	0	
-11.2357	-19.2992	320.808	0	
33.2595	-26.6887	108.659	0	
116.277	-16.8153	217.168	0	
-128.495	-23.6616	978.067	0	
19.247	-23.4473	176.881	0	
-188.557	-1.93891	424.652	0	
-196.769	-2.32667	417.557	0	
172.064	-6.00496	224.529	0	
174.369	-7.9727	259.114	0	
197.421	-9.75588	327.257	0	
191.289	-4.26558	319.005	0	
80.6149	-19.5449	187.67	0	
38.7195	-27.6829	70.7441	0	
-73.6736	-19.0863	638.364	0	
-69.7337	-19.2556	582.65	0	
22.5764	-19.0863	169.505	0	
26.5163	-19.2556	169.853	0	
122.174	-26.556	159.479	0	
124.937	-40.2492	162.832	0	
-148.731	-22.1193	775.445	0	
-130.945	-20.0681	901.283	0	
-89.5076	-23.3158	907.195	0	
-77.003	-23.4473	749.384	0	
-71.1732	-25.5223	712.18	0	
-65.4769	-22.4901	602.366	0	
-169.77	-21.2264	571.956	0	
-64.5794	-30.6463	681.524	0	
-139.982	-23.3262	915.239	0	
-137.645	-30.9202	955.34	0	
-75.3526	-26.6553	757.439	0	
25.0768	-25.5223	154.978	0	
-31.4696	-23.2096	604.694	0	
73.7048	-20.502	106.15	0	
-23.6801	-16.4504	523.059	0	
-15.6351	-19.5449	397.521	0	
72.5699	-16.4504	94.5758	0	
85.0151	-19.3404	145.673	0	
129.698	-22.0559	183.882	0	
117.076	-20.985	164.649	0	
-103.053	-20.9905	935.532	0	
-93.73	-23.669	975.243	0	
-49.5572	-24.0743	534.355	0	
6.74241	-23.3158	181.817	0	
-184.618	-8.98987	432.778	0	
-185.032	-3.55475	444.179	0	
-206.623	-2.79194	403.9	0	
-179.781	-9.87097	440.415	0	
180.177	-8.24429	281.555	0	
187.785	-10.442	305.997	0	
170.878	-14.4791	249.024	0	
159.464	-15.8639	203.661	0	
-85.4635	-32.3384	918.636	0	
20.8974	-26.6553	158.734	0	
-7.43655	-21.463	264.27	0	
90.9132	-21.5281	139.088	0	
-85.5482	-26.5803	921.8	0	
-18.107	-29.5111	492.763	0	
10.7018	-26.5803	180.198	0	
111.968	-28.0025	168.393	0	
-18.1435	-22.7175	453.739	0	
-22.5452	-20.502	520.303	0	
78.1065	-22.7175	73.6163	0	
64.7804	-23.2096	57.5192	0	
34.1156	-37.3795	120.386	0	
121.506	-22.1434	180.76	0	
-24.1065	-30.9545	525.903	0	
-6.83217	-26.5477	304.899	0	
-130.495	-31.0609	1022.31	0	
174.884	-12.8846	254.86	0	
178.79	-12.8864	290.527	0	
-76.4692	-32.4504	796.288	0	
-69.3552	-29.4863	704.085	0	
-145.697	-34.3804	869.202	0	
-152.057	-27.6463	800.504	0	
19.7808	-32.4504	167.258	0	
26.8948	-29.4863	138.443	0	
1.24121	-36.2378	266.416	0	
13.9656	-32.8618	204.37	0	
184.118	-14.761	300.643	0	
227.701	-6.85826	334.725	0	
133.014	-34.6533	172.453	0	
-106.794	-33.2356	1097.53	0	
31.6706	-30.6463	117.108	0	
-72.173	-34.0637	766.836	0	
-67.7476	-39.8274	740.467	0	
-22.5359	-47.4922	436.77	0	
127.182	-26.4913	176.963	0	
24.077	-34.0637	143.933	0	
28.5024	-39.8274	147.382	0	
-113.39	-24.9987	1054.4	0	
-108.048	-28.3672	1002.18	0	
106.947	-24.7538	134.598	0	
92.4297	-27.5266	134.662	0	
-218.447	-3.35033	392.444	0	
-175.995	-19.4449	479.767	0	
191.912	-9.23189	317.397	0	
201.219	-12.4705	331.624	0	
54.1181	-18.9378	41.2989	0	
69.7905	-24.963	44.0649	0	
-42.1319	-18.9378	531.577	0	
-26.4595	-24.963	561.377	0	
-192.319	-8.83173	427.079	0	
-201.547	-5.11861	427.237	0	
72.1435	-30.9545	49.6249	0	
128.068	-30.7205	170.652	0	
42.4557	-33.5404	79.9948	0	
78.143	-29.5111	65.2867	0	
-62.1344	-37.3795	676.347	0	
-0.525287	-27.7753	246.607	0	
84.4836	-32.7829	76.5102	0	
208.989	-20.8084	331.527	0	
-28.0097	-38.1045	550.692	0	
123.686	-35.5846	173.823	0	
-53.7943	-33.5404	602.134	0	
-35.3322	-36.6738	576.813	0	
100.921	-29.485	145.999	0	
161.838	-60.3262	301.536	0	
118.807	-29.1208	170.125	0	
116.094	-38.0682	164.547	0	
115.315	-25.5586	149.518	0	
112.121	-35.7127	130.443	0	
60.9178	-36.6738	39.7348	0	
119.433	-33.9202	149.964	0	
120.859	-47.2293	160.337	0	
-183.583	-23.2797	508.9	0	
-95.5796	-32.8724	1028.29	0	
-114.065	-35.7792	998.734	0	
68.2403	-38.1045	51.5728	0	
32.7098	-63.156	213.831	0	
9.60751	-38.8404	226.003	0	
-225.327	-7.3709	387.298	0	
-187.923	-11.9402	446.086	0	
170.297	-36.5037	305.452	0	
163.474	-19.8544	237.94	0	
-196.34	-11.9773	432.739	0	
-194.679	-18.9528	437.747	0	
73.7994	-47.6214	86.0305	0	
207.712	-10.3255	333.229	0	
204.86	-2.4629	332.525	0	
-212.356	-6.14227	403.924	0	
129.252	-50.7796	227.634	0	
133.997	-47.3484	190.015	0	
213.211	-14.7209	335.607	0	
215.594	-2.82136	335.247	0	
-220.733	-37.1938	379.314	0	
103.164	-47.8011	93.6858	0	
189.04	-35.7251	337.696	0	
199.849	-18.9164	334.245	0	
169.619	-18.8059	255.735	0	
139.422	-30.3106	209.229	0	
-55.5317	-23.7287	523.119	0	
-37.3685	-24.4061	589.629	0	
-56.8093	-39.2794	662.586	0	
-45.742	-28.3975	575.853	0	
-52.3145	-47.6453	606.791	0	
-39.2206	-29.0001	589.135	0	
-47.9803	-33.9094	602.231	0	
-43.191	-47.72	623.166	0	
40.7183	-23.7287	85.9924	0	
58.8815	-24.4061	30.2411	0	
39.4407	-39.2794	87.7579	0	
50.508	-28.3975	41.6078	0	
43.9355	-47.6453	103.536	0	
57.0294	-29.0001	36.8494	0	
48.2697	-33.9094	42.7416	0	
53.059	-47.72	67.8146	0	
146.739	-35.2634	205.078	0	
141.083	-48.4033	253.895	0	
-171.12	-37.8728	615.364	0	
-73.0349	-48.8114	805.521	0	
-12.6794	-31.8279	334.933	0	
-7.11451	-38.7862	340.861	0	
-126.706	-35.6751	1009.73	0	
-120.757	-31.7185	1058.29	0	
-116.584	-45.0329	1018.15	0	
-102.338	-25.7597	1051.79	0	
-126.333	-45.697	918.629	0	
-90.3084	-40.7522	948.378	0	
-232.636	-4.02057	389.605	0	
-213.24	-13.2876	393.376	0	
-83.0809	-48.9441	837.92	0	
112.882	-53.996	183.439	0	
-41.8717	-39.7232	580.464	0	
-36.3206	-55.0703	514.45	0	
-51.4248	-68.4389	564.736	0	
9.79367	-57.9625	292.383	0	
54.3783	-39.7232	60.2187	0	
92.7142	-53.006	151.069	0	
154.638	-31.4481	246.625	0	
162.265	-25.6367	252.067	0	
146.844	-43.5002	241.62	0	
174.146	-25.0927	283.836	0	
-10.5586	-47.7958	398.735	0	
26.2122	-47.5873	180.199	0	
-99.9985	-36.0407	985.989	0	
-96.6648	-27.4598	987.624	0	
-98.8599	-43.4908	993.727	0	
-80.4857	-35.5349	910.688	0	
-163.404	-50.9608	643.376	0	
-107.716	-63.4503	809.349	0	
-90.5028	-35.2672	955.032	0	
-94.2465	-45.8076	908.55	0	
155.531	-25.6086	225.921	0	
162.53	-38.6767	262.971	0	
145.406	-55.4476	244.777	0	
154.317	-46.2331	261.192	0	
-213.385	-66.8866	372.564	0	
-68.9458	-57.4799	696.902	0	
-90.1982	-53.4761	862.67	0	
-83.9074	-41.2679	885.706	0	
162.103	-45.2249	299.956	0	
179.505	-41.8783	306.579	0	
-26.1557	-55.5594	498.567	0	
139.16	-65.0425	290.047	0	
197.836	-37.8736	324.023	0	
182.569	-22.1973	318.288	0	
84.0431	-43.7432	71.5978	0	
105.034	-36.7207	156.284	0	
152.77	-54.4151	286.098	0	
130.092	-61.4294	217.319	0	
118.312	-65.1624	236.489	0	
75.0509	-68.8235	184.61	0	
146.414	-81.4576	297.057	0	
-56.4852	-56.245	672.133	0	
36.3201	-53.5053	156.577	0	
64.865	-77.0726	175.393	0	
112.416	-78.8413	225.664	0	
59.9585	-55.1042	112.722	0	
70.2087	-55.7224	99.1472	0	
190.375	-24.8482	319.877	0	
208.311	-28.8887	337.1	0	
178.328	-52.8869	330.36	0	
191.284	-60.8463	316.294	0	
-88.1029	-75.4263	647.766	0	
201.257	-51.9863	331.582	0	
232.766	-30.613	332.914	0	
-94.3526	-64.6703	759.791	0	
-21.2176	-68.4889	442.803	0	
-136.235	-54.5345	800.05	0	
-75.0762	-70.6121	648.428	0	
-135.57	-69.1305	660.139	0	
17.1658	-67.2349	257.555	0	
-40.3839	-67.1895	535.345	0	
-31.1675	-76.4316	463.183	0	
-40.0545	-114.942	381.846	0	
12.3999	-80.9419	322.211	0	
-62.4004	-77.8089	595.161	0	
87.3127	-69.9851	143.853	0	
42.2377	-72.0126	215.974	0	
55.7444	-67.659	170.71	0	
40.1802	-103.505	299.477	0	
95.4064	-81.6752	261.851	0	
28.0081	-85.7304	260.015	0	
122.096	-92.0535	292.183	0	
161.728	-77.7738	313.801	0	
-193.993	-43.518	419.958	0	
15.2296	-47.9657	224.929	0	
-2.66107	-58.4408	343.062	0	
-9.7003	-71.0667	390.918	0	
-2.01149	-84.2955	351.973	0	
-119.078	-74.1502	650.754	0	
-32.1741	-91.5468	419.309	0	
-46.1975	-98.0428	448.749	0	
174.139	-96.1654	308.383	0	
-93.5477	-95.5998	489.172	0	
177.439	-132.495	293.961	0	
-14.5355	-96.8328	381.128	0	
214.807	-50.7788	330.642	0	
227.722	-62.6715	319.283	0	
-226.174	-52.2763	379.093	0	
140.1	-95.1239	300.736	0	
65.7718	-108.2	261.479	0	
71.1759	-93.9508	272.477	0	
-196.369	-62.35	410.822	0	
-111.16	-95.5437	511.309	0	
-0.0955761	-124.944	317.21	0	
140.341	-120.541	297.571	0	
149.26	-111.77	300.21	0	
224.915	-82.6931	312.059	0	
-149.645	-83.0905	493.952	0	
-181.387	-78.8859	405.692	0	
-223.27	-87.3322	333.84	0	
206.301	-97.3985	305.407	0	
-122.3	-109.469	405.059	0	
89.4554	-97.3917	230.539	0	
115.761	-106.486	272.85	0	
94.5914	-125.39	273.269	0	
100.129	-108.99	295.777	0	
-212.53	-108.31	322.654	0	
-187.663	-104.4	353.908	0	
-61.1884	-90.7965	467.259	0	
-17.3938	-112.921	388.831	0	
118.793	-131.494	284.256	0	
78.5133	-128.04	295.398	0	
145.868	-135.276	298.251	0	
29.3462	-123.276	284.578	0	
-50.7969	-127.592	402.022	0	
124.844	-118.328	300.007	0	
104.171	-136.052	300.12	0	
164.24	-142.504	300.194	0	
167.986	-116.495	305.868	0	
100.66	-156.977	283.904	0	
131.518	-141.125	299.194	0	
68.4008	-148.446	278.854	0	
208.027	-119.4	296.077	0	
190.911	-84.7228	321.2	0	
-79.309	-103.773	470.462	0	
-75.0605	-123.67	392.255	0	
-150.767	-144.01	343.21	0	
-166.751	-116.842	361.865	0	
-117.627	-141.298	357.73	0	
196.992	-135.207	295.101	0	
-237.04	-135.177	317.083	0	
210.321	-157.735	290.432	0	
231.512	-122.086	293.932	0	
233.724	-149.676	287.767	0	
-94.1678	-149.074	369.766	0	
44.8253	-148.377	300.71	0	
