# File: UnstructuredGrid_Inversion_L0_Coarse_Iter03.dat
# (No specific header documentation)

-161.25	-0.496475	190.148	0	
-159.375	-0.668155	243.547	0	
-65.625	-0.431516	196.618	0	
30.625	-0.431516	214.597	0	
-144.294	-102.036	423.673	0	
126.875	-0.668155	185.989	0	
31.875	-0.668155	210.91	0	
-165.826	-72.3824	515.612	0	
-64.375	-0.668155	204.454	0	
-120.32	-2.91409	182.098	0	
-147.888	-47.073	834.946	0	
-143.958	-2.01633	192.195	0	
-158.741	-19.8395	633.983	0	
-159.808	-14.2913	499.427	0	
-115.104	-1.86538	173.422	0	
-108.175	-49.9394	1003	0	
-66.354	-1.86538	195.647	0	
-138.854	-1.86538	192.977	0	
-156.794	-6.05848	291.181	0	
-148.75	-1.09967	198.572	0	
-145.208	-2.72654	198.975	0	
-146.458	-2.01633	196.963	0	
-125.881	-3.06027	185.248	0	
-154.094	-4.85908	257.451	0	
-157.708	-2.01633	236.194	0	
-151.071	-10.8319	437.841	0	
-154.792	-2.72654	228.239	0	
-158.77	-3.86216	247.142	0	
125.625	-0.431516	195.137	0	
-24.0702	-2.91409	204.102	0	
-157.76	-5.35468	267.516	0	
-46.4583	-2.01633	192.661	0	
-157.292	-2.72654	232.066	0	
-160.13	-11.9534	433.809	0	
-18.854	-1.86538	194.338	0	
-151.295	-2.8545	224.088	0	
29.896	-1.86538	202.548	0	
-42.604	-1.86538	188.276	0	
-169.22	-2.04966	342.357	0	
-53.75	-1.09967	191.654	0	
-165.6	-1.76839	300.113	0	
-167.3	-0.925681	288.389	0	
-62.2917	-2.72654	202.174	0	
-171.389	-5.89642	366.015	0	
-61.0417	-3.47328	202.083	0	
-164.269	-10.8597	401.896	0	
-59.7917	-2.72654	199.442	0	
-68.125	-0.36089	194.355	0	
-65.5207	-2.1669	197.751	0	
-87.5	-1.09967	172.936	0	
-158.125	-0.431516	236.092	0	
-156.875	-0.668155	253.748	0	
-80.5207	-2.1669	190.181	0	
-157.5	-1.09967	204.249	0	
-70.625	-0.431516	194.892	0	
79.375	-0.668155	218.584	0	
-154.375	-0.668155	251.927	0	
55.625	-0.668155	215.452	0	
-153.125	-0.431516	238.267	0	
-150.625	-0.366631	222.45	0	
38.5417	-2.01633	211.71	0	
-153.75	-1.09967	222.68	0	
49.7917	-2.01633	209.331	0	
-155.625	-0.431516	242.405	0	
72.1798	-2.91409	211.218	0	
-162.583	-1.33918	224.356	0	
-60	-1.09967	190.69	0	
-149.375	-0.431516	218.188	0	
-155	-1.09967	199.766	0	
31.0415	-5.36053	219.688	0	
-148.125	-0.668155	224.731	0	
31.0341	-3.06466	208.793	0	
-146.875	-0.431516	214.266	0	
-147.5	-1.09967	170.466	0	
36.875	-0.668155	214.987	0	
32.7083	-2.01633	212.185	0	
-144.375	-0.431516	201.905	0	
28.125	-0.36089	204.384	0	
-137.5	-1.09967	195.888	0	
-139.375	-0.366631	187.726	0	
25.625	-0.431516	201.721	0	
-143.125	-0.668155	206.711	0	
33.75	-1.09967	213.103	0	
-143.75	-1.09967	195.369	0	
34.375	-0.668155	211.663	0	
8.75	-1.09967	196.379	0	
-136.875	-0.668155	182.245	0	
183.782	-3.55475	289.679	0	
-135.625	-0.431516	194.142	0	
-135	-0.798148	180.918	0	
135.922	-2.00504	202.384	0	
-136.25	-1.09967	184.698	0	
149.65	-2.73747	215.011	0	
131.936	-4.3008	207.12	0	
-131.25	-0.798148	178.951	0	
129.003	-2.80091	193.672	0	
-122.604	-1.86538	173.846	0	
-128.75	-1.09967	179.938	0	
129.375	-0.668155	182.271	0	
-130.625	-0.431516	186.691	0	
133.125	-0.668155	205.308	0	
-130	-1.09967	188.086	0	
141.875	-0.668155	217.338	0	
-138.125	-0.431516	195.46	0	
15.7293	-2.1669	194.227	0	
128.75	-1.09967	195.103	0	
-121.25	-1.09967	171.341	0	
120.625	-0.431516	184.908	0	
-121.875	-0.431516	172.745	0	
-120.625	-0.668155	181.511	0	
110.744	-2.06993	187.21	0	
-123.125	-0.366631	182.16	0	
123.125	-0.36089	190.245	0	
-116.875	-0.36089	171.369	0	
-120	-1.09967	178.527	0	
-133.661	-2.93321	184.014	0	
-115.625	-0.366631	174.762	0	
-114.375	-0.431516	173.128	0	
-127.5	-0.798148	183.646	0	
-113.75	-1.09967	171.037	0	
-119.375	-0.431516	173.107	0	
-115	-0.798148	179.105	0	
100.625	-0.431516	174.592	0	
-93.125	-0.668155	170.766	0	
-112.5	-1.09967	174.172	0	
-103.125	-0.668155	177.38	0	
-111.25	-0.798148	174.87	0	
-103.75	-1.09967	178.88	0	
-114.271	-2.1669	174.341	0	
-111.875	-0.431516	170.586	0	
-110.328	-2.00504	172.472	0	
-111.994	-2.06993	177.206	0	
-108.125	-0.431516	178.321	0	
-141.875	-0.431516	195.545	0	
-104.375	-0.431516	176.31	0	
-95.104	-1.86538	174.117	0	
-142.5	-1.09967	181.022	0	
-105.625	-0.366631	176.039	0	
-110.625	-0.366631	173.549	0	
-108.75	-1.09967	177.697	0	
-109.375	-0.668155	175.018	0	
-113.125	-0.668155	180.458	0	
-104.405	-3.52006	187.871	0	
-128.125	-0.431516	187.929	0	
127.708	-2.01633	191.651	0	
-102.5	-1.09967	182.501	0	
43.125	-0.668155	221.269	0	
-129.375	-0.668155	176.187	0	
-101.875	-0.431516	174.545	0	
-133.125	-0.668155	195.824	0	
-99.375	-0.668155	175.894	0	
-101.25	-0.798148	171.901	0	
-90.9973	-2.80091	182.972	0	
-134.375	-0.366631	181.796	0	
-95.625	-0.366631	169.028	0	
-150.089	-1.76841	208.272	0	
-73.854	-1.86538	189.042	0	
-92.5	-1.09967	180.674	0	
-148.968	-2.99641	208.072	0	
-94.375	-0.431516	171.692	0	
-151.875	-0.668155	231.058	0	
-93.75	-1.09967	174.808	0	
-135.744	-2.06993	186.55	0	
-149.256	-2.06993	209.836	0	
-88.75	-0.798148	178.603	0	
-147.292	-2.01633	209.014	0	
-81.354	-1.86538	180.405	0	
-86.25	-1.09967	177.616	0	
-146.25	-1.09967	197.657	0	
-88.125	-0.431516	173.643	0	
-145.625	-0.668155	218.616	0	
-156.042	-2.01633	228.192	0	
-81.875	-0.366631	187.017	0	
-150	-0.798148	196.586	0	
-79.375	-0.668155	192.716	0	
-73.75	-0.798148	193.376	0	
-153.542	-2.01633	221.903	0	
-80.625	-0.431516	182.601	0	
-155.208	-2.01633	240.434	0	
-85.625	-0.431516	177.573	0	
-156.25	-1.09967	236.082	0	
-91.875	-0.431516	174.967	0	
-138.75	-0.798148	185.102	0	
-158.75	-1.09967	221.927	0	
-72.5	-1.09967	185.44	0	
-20.625	-0.36089	193.067	0	
-73.125	-0.431516	192.112	0	
-71.875	-0.668155	200.234	0	
-23.125	-0.431516	193.379	0	
-74.375	-0.366631	196.913	0	
-158.542	-2.01633	225.516	0	
-31.25	-0.798148	191.99	0	
-71.25	-1.09967	190.005	0	
3.125	-0.668155	190.772	0	
-66.875	-0.366631	200.79	0	
30.7293	-2.1669	205.161	0	
-14.0777	-2.00504	198.211	0	
-65	-1.09967	191.182	0	
-8.15454	-3.52006	197.41	0	
-66.25	-0.798148	198.052	0	
-37.4111	-2.93321	198.31	0	
-18.0207	-2.1669	195.884	0	
-63.125	-0.431516	199.284	0	
-15.7444	-2.06993	197.806	0	
-60.625	-0.431516	199.373	0	
-59.375	-0.668155	202.576	0	
-14.375	-0.366631	206.848	0	
-61.875	-0.668155	203.653	0	
-13.125	-0.668155	208.943	0	
-46.875	-0.431516	192.707	0	
-58.125	-0.431516	198.369	0	
-33.125	-0.668155	189.12	0	
-54.375	-0.431516	196.35	0	
-53.125	-0.668155	193.863	0	
-41.7707	-2.1669	188.466	0	
-55.625	-0.366631	197.396	0	
-41.4106	-3.16569	193.968	0	
-58.75	-1.09967	194.725	0	
-44.375	-0.36089	189.753	0	
-62.5	-1.09967	192.119	0	
-6.875	-0.668155	201.812	0	
-78.75	-1.09967	181.341	0	
-152.5	-1.09967	192.913	0	
-39.4944	-2.06993	187.588	0	
-51.875	-0.431516	194.484	0	
-56.875	-0.668155	202.463	0	
-49.375	-0.431516	190.157	0	
-48.125	-0.668155	186.553	0	
-55.0889	-1.76841	192.916	0	
-48.75	-1.09967	192.679	0	
-38.125	-0.366631	187.956	0	
-42.5	-0.798148	187.678	0	
-41.25	-1.09967	186.054	0	
-50.625	-0.668155	192.246	0	
-41.875	-0.431516	193.117	0	
-40.625	-0.668155	190.188	0	
-52.2917	-2.01633	194.109	0	
-43.125	-0.366631	186.731	0	
-54.2556	-2.06993	195.18	0	
-47.5	-1.09967	192.462	0	
-53.9679	-2.99641	195.41	0	
-61.25	-1.09967	194.249	0	
-39.375	-0.431516	189.179	0	
-62.7083	-2.01633	196.613	0	
-33.75	-1.09967	181.647	0	
-35	-0.798148	181.625	0	
-55	-0.798148	191.193	0	
-38.75	-0.798148	186.739	0	
-61.0417	-2.01633	197.557	0	
-57.5	-1.09967	185.982	0	
-26.354	-1.86538	187.804	0	
-63.5417	-2.01633	199.991	0	
-31.875	-0.431516	189.145	0	
-25	-1.09967	183.232	0	
-69.375	-0.668155	202.038	0	
-32.5	-1.09967	180.039	0	
-63.75	-1.09967	189.311	0	
-34.375	-0.431516	188.591	0	
-58.5417	-2.01633	195.232	0	
-40	-1.09967	184.709	0	
-51.25	-1.09967	190.538	0	
-73.0207	-2.1669	195.58	0	
-25.625	-0.431516	191.17	0	
-71.0417	-2.01633	193.133	0	
-18.75	-0.798148	197.48	0	
-23.75	-1.09967	190.913	0	
-70	-1.09967	186.516	0	
-24.375	-0.668155	195.968	0	
-67.5054	-1.48403	194.543	0	
-78.125	-0.431516	186.807	0	
-19.375	-0.366631	203.959	0	
-80	-1.09967	177.4	0	
-16.875	-0.668155	210.359	0	
-16.25	-1.09967	191.064	0	
93.5212	-2.84299	189.962	0	
-18.125	-0.431516	199.2	0	
-91.4583	-2.01633	177.93	0	
-17.5	-1.09967	185.157	0	
-75.625	-0.36089	186.127	0	
82.5446	-2.8545	209.974	0	
-15	-0.798148	197.691	0	
101.503	-2.80091	187.601	0	
-12.5	-1.09967	198.812	0	
-11.875	-0.431516	210.639	0	
83.125	-0.668155	196.351	0	
-7.5	-1.09967	217.219	0	
89.375	-0.668155	209.424	0	
81.875	-0.366631	207.588	0	
-8.125	-0.431516	208.33	0	
73.125	-0.431516	216.292	0	
-6.25	-1.09967	213.216	0	
-5.625	-0.431516	209.549	0	
66.6193	-3.06027	211.394	0	
1.14595	-1.86538	196.229	0	
75.625	-0.36089	211.606	0	
-9.375	-0.366631	205.765	0	
80.5056	-2.06993	208.475	0	
-15.625	-0.431516	205.319	0	
99.375	-0.668155	182.63	0	
-26.875	-0.366631	191.493	0	
-67.5	-0.727521	197.614	0	
-52.5	-1.09967	185.42	0	
-36.875	-0.668155	189.273	0	
-137.661	-3.16569	198.385	0	
-5	-0.798148	197.94	0	
-3.125	-0.668155	204.856	0	
63.125	-0.668155	217.69	0	
2.5	-1.09967	198.159	0	
0.625	-0.366631	193.197	0	
58.4223	-2.00504	210.274	0	
59.375	-0.668155	212.878	0	
1.875	-0.431516	194.384	0	
58.125	-0.366631	212.687	0	
3.75	-1.09967	193.918	0	
4.375	-0.431516	192.487	0	
51.875	-0.36089	209.641	0	
22.396	-1.86538	194.475	0	
56.7556	-2.06993	210.549	0	
7.5	-0.798148	197.618	0	
65.9223	-2.00504	207.718	0	
42.2821	-2.99641	217.219	0	
8.125	-0.431516	187.499	0	
41.9944	-2.06993	215.374	0	
10	-1.09967	195.626	0	
10.625	-0.431516	187.761	0	
45.625	-0.668155	213.757	0	
14.896	-1.86538	190.827	0	
53.75	-0.798148	211.233	0	
45	-1.09967	205.548	0	
15.625	-0.431516	192.739	0	
41.1611	-1.76841	214.383	0	
22.5	-0.798148	193.261	0	
17.5	-1.09967	195.525	0	
33.5417	-2.01633	208.497	0	
16.875	-0.668155	187.892	0	
39.375	-0.668155	217.365	0	
14.375	-0.366631	183.493	0	
43.9583	-2.01633	214.423	0	
23.75	-1.09967	194.371	0	
49.375	-0.431516	212.243	0	
37.7083	-2.01633	216.463	0	
21.875	-0.366631	185.726	0	
35	-1.09967	202.817	0	
24.375	-0.668155	193.812	0	
30	-0.798148	194.23	0	
35.2083	-2.01633	214.113	0	
23.125	-0.431516	201.431	0	
38.75	-1.09967	214.778	0	
28.7446	-1.48403	202.56	0	
31.25	-1.09967	198.603	0	
28.75	-0.727521	202.283	0	
125.729	-2.1669	192.022	0	
32.5	-1.09967	197.098	0	
25.2083	-2.01633	198.091	0	
29.375	-0.366631	198.387	0	
23.2293	-2.1669	198.278	0	
25	-1.09967	201.332	0	
26.875	-0.668155	195.434	0	
20.625	-0.36089	192.151	0	
36.25	-1.09967	211.745	0	
4.79167	-2.01633	192.706	0	
42.5	-1.09967	206.229	0	
37.5	-1.09967	198.583	0	
16.25	-1.09967	190.881	0	
35.625	-0.431516	218.261	0	
18.125	-0.431516	189.232	0	
151.875	-0.431516	224.637	0	
40.625	-0.366631	219.935	0	
149.375	-0.431516	216.854	0	
53.646	-1.86538	206.876	0	
43.75	-1.09967	206.513	0	
149.529	-1.8473	216.543	0	
41.875	-0.431516	218.835	0	
144.672	-2.00504	217.542	0	
38.125	-0.431516	219.005	0	
154.375	-0.36089	210.963	0	
33.125	-0.431516	214.918	0	
26.25	-1.09967	199.127	0	
44.375	-0.431516	221.619	0	
41.25	-0.798148	219.129	0	
143.006	-2.06993	213.239	0	
47.5	-1.09967	208.609	0	
138.75	-0.727521	207.18	0	
48.125	-0.668155	210.758	0	
48.75	-1.09967	207.704	0	
136.875	-0.668155	203.299	0	
46.875	-0.431516	216.526	0	
144.375	-0.366631	218.441	0	
140	-0.798148	199.586	0	
53.125	-0.366631	206.906	0	
135.625	-0.366631	210.611	0	
77.396	-1.86538	204.966	0	
56.25	-1.09967	206.907	0	
130.625	-0.366631	196.251	0	
54.375	-0.431516	208.937	0	
134.256	-2.06993	197.756	0	
55	-1.09967	200.541	0	
136.619	-3.06027	201.386	0	
121.875	-0.668155	178.591	0	
57.5	-0.798148	203.702	0	
61.25	-0.798148	216.118	0	
62.5	-1.09967	204.867	0	
61.875	-0.431516	215.917	0	
118.229	-2.1669	191.521	0	
56.875	-0.431516	214.462	0	
123.745	-1.48403	190.896	0	
120.208	-2.01633	188.374	0	
69.896	-1.86538	208.663	0	
115.625	-0.36089	179.286	0	
64.375	-0.431516	217.205	0	
71.25	-1.09967	201.322	0	
113.125	-0.431516	179.014	0	
63.75	-1.09967	205.153	0	
121.25	-1.09967	192.759	0	
69.375	-0.366631	213.675	0	
123.75	-0.727521	186.425	0	
91.25	-0.798148	195.092	0	
131.161	-1.76841	193.938	0	
106.875	-0.431516	173.437	0	
70.625	-0.431516	216.616	0	
-116.255	-1.48403	173.664	0	
77.5	-0.798148	203.441	0	
72.5	-1.09967	190.651	0	
-121.771	-2.1669	181.384	0	
71.875	-0.668155	224.033	0	
-118.125	-0.668155	179.567	0	
-119.792	-2.01633	173.861	0	
76.875	-0.366631	217.314	0	
-123.75	-0.727521	182.295	0	
124.896	-1.86538	190.821	0	
80	-1.09967	194.267	0	
-125.625	-0.668155	185.704	0	
78.125	-0.431516	206.902	0	
-118.75	-1.09967	169.07	0	
78.75	-1.09967	196.881	0	
-116.25	-0.727521	175.623	0	
-86.875	-0.668155	182.213	0	
81.25	-0.798148	206.024	0	
-90.625	-0.668155	172.438	0	
83.75	-1.09967	198.355	0	
84.375	-0.431516	206.134	0	
-92.2917	-2.01633	178.017	0	
88.75	-1.09967	176.3	0	
-98.9788	-2.84299	167.833	0	
-98.125	-0.431516	175.036	0	
88.125	-0.431516	191.682	0	
-109.955	-2.8545	185.446	0	
90	-1.09967	176.18	0	
90.625	-0.431516	184.572	0	
-95	-0.798148	180.228	0	
97.396	-1.86538	181.807	0	
-98.75	-1.09967	169.171	0	
86.875	-0.366631	201.541	0	
-91.25	-1.09967	175.686	0	
80.625	-0.431516	203.691	0	
-94.2707	-2.1669	177.155	0	
101.042	-2.01633	182.855	0	
145.625	-0.668155	237.319	0	
-100.625	-0.366631	174.28	0	
93.125	-0.668155	179.726	0	
-105.089	-1.76841	180.792	0	
96.875	-0.366631	179.085	0	
98.75	-1.09967	181.174	0	
-106.875	-0.668155	174.538	0	
-105	-0.798148	182.504	0	
117.396	-1.86538	186.516	0	
-107.5	-1.09967	186.562	0	
105	-1.09967	186.697	0	
103.75	-0.798148	179.156	0	
-111.161	-1.76841	176.104	0	
100	-1.09967	185.504	0	
-108.542	-2.01633	183.264	0	
98.125	-0.431516	175.219	0	
-113.909	-3.16789	180.702	0	
-140.625	-0.36089	205.625	0	
111.25	-1.09967	187.237	0	
-134.078	-2.00504	181.417	0	
109.375	-0.366631	174.262	0	
110.625	-0.431516	176.082	0	
-122.5	-0.798148	186.263	0	
106.25	-1.09967	180.873	0	
-140.005	-1.48403	191.982	0	
-126.875	-0.366631	173.338	0	
117.5	-0.798148	191.238	0	
-131.339	-1.76841	180.538	0	
118.75	-1.09967	188.423	0	
116.875	-0.366631	173.005	0	
-134.911	-1.76841	181.601	0	
112.5	-1.09967	198.601	0	
-131.875	-0.366631	179.897	0	
111.875	-0.668155	171.628	0	
-128.244	-2.06993	186.298	0	
104.375	-0.431516	174.489	0	
-110	-1.03479	180.988	0	
-151.25	-1.03479	207.145	0	
119.375	-0.668155	181.526	0	
-139.484	-2.19037	184.766	0	
120	-1.09967	199.634	0	
126.25	-1.09967	191.452	0	
-140	-0.727521	183.833	0	
125	-0.798148	188.767	0	
-150.922	-2.00504	211.245	0	
-144.792	-2.01633	201.847	0	
172.314	-2.47004	235.121	0	
-20.0054	-1.48403	194.813	0	
128.125	-0.431516	190.218	0	
132.5	-1.09967	185.608	0	
-25.5207	-2.1669	197.311	0	
127.5	-1.09967	195.507	0	
-21.875	-0.668155	199.474	0	
124.375	-0.366631	181.273	0	
-145	-1.09967	167.167	0	
-23.5417	-2.01633	189.841	0	
131.875	-0.431516	191.63	0	
-27.5	-0.727521	190.166	0	
133.75	-1.09967	194.503	0	
134.375	-0.431516	195.101	0	
-29.375	-0.668155	191.981	0	
139.896	-1.86538	206.618	0	
-22.5	-1.09967	176.892	0	
9.375	-0.668155	185.806	0	
141.25	-1.09967	204.814	0	
5.625	-0.668155	188.626	0	
140.625	-0.431516	219.775	0	
156.146	-1.86538	199.658	0	
3.95833	-2.01633	195.824	0	
139.375	-0.366631	203.383	0	
-2.72879	-2.84299	195.352	0	
135	-0.798148	198.911	0	
1.97929	-2.1669	195.737	0	
131.25	-0.798148	193.512	0	
-20	-0.727521	194.778	0	
118.125	-0.431516	188.574	0	
-133.75	-1.03479	175.15	0	
-1.875	-0.431516	194.788	0	
143.125	-0.431516	218.511	0	
-13.7054	-2.8545	199.624	0	
150	-1.09967	205.742	0	
146.25	-1.09967	200.689	0	
1.25	-0.798148	196.77	0	
143.75	-0.798148	217.306	0	
-2.5	-1.09967	196.368	0	
-4.375	-0.366631	199.451	0	
150.625	-0.668155	225.4	0	
-8.83895	-1.76841	205.925	0	
151.25	-1.09967	211.005	0	
157.5	-1.09967	202.876	0	
-17.6594	-3.16789	194.469	0	
156.25	-0.798148	184.399	0	
-10.625	-0.668155	213.501	0	
148.125	-0.366631	216.948	0	
-5.74439	-2.06993	194.834	0	
-12.2917	-2.01633	202.282	0	
156.875	-0.431516	182.852	0	
-14.9111	-1.76841	199.497	0	
158.958	-1.16463	165.076	0	
160	-0.496475	148.892	0	
-13.75	-1.03479	204.534	0	
158.125	-0.668155	143.861	0	
-11.25	-1.09967	202.121	0	
-43.7554	-1.48403	188.294	0	
159.338	-2.74918	153.442	0	
-26.25	-0.798148	193.199	0	
164.35	-1.76839	180.523	0	
166.05	-0.925681	187.399	0	
-31.9944	-2.06993	196.247	0	
155.521	-4.78762	196.669	0	
-37.8277	-2.00504	187.108	0	
161.333	-1.33918	149.359	0	
-45.625	-0.668155	190.945	0	
155.625	-0.366631	194.236	0	
-8.75	-0.798148	201.102	0	
-35.625	-0.366631	187.014	0	
174.762	-1.34606	243.631	0	
-38.6611	-1.76841	187.609	0	
177.527	-2.9619	271.637	0	
168.496	-7.04709	212.366	0	
-37.5	-1.03479	186.547	0	
166.796	-10.6094	218.84	0	
-35.0889	-1.76841	185.8	0	
-55.9223	-2.00504	194.345	0	
154.805	-6.09945	192.644	0	
-43.75	-0.727521	193.039	0	
119.775	-42.5718	174.968	0	
169.138	-29.3032	266.388	0	
-47.2917	-2.01633	187.381	0	
199.784	-4.78957	325.687	0	
-51.0417	-2.72654	196.543	0	
177.385	-6.05361	257.776	0	
-56.25	-1.03479	190.438	0	
-50	-1.09967	188.408	0	
-68.75	-1.02905	188.662	0	
-66.9845	-2.19037	197.457	0	
-49.7917	-2.01633	192.459	0	
28.7125	-3.24559	208.293	0	
-75.0054	-1.48403	188.778	0	
-79.0702	-2.91409	192.787	0	
-76.875	-0.668155	194.451	0	
-71.5702	-2.91409	197.996	0	
168.693	-54.0604	294.66	0	
-46.25	-1.09967	182.171	0	
167.97	-2.04966	182.042	0	
-30.625	-0.366631	187.912	0	
142.5	-1.09967	207.653	0	
5	-1.09967	199.665	0	
-75	-0.727521	194.505	0	
-101.994	-2.06993	174.33	0	
-78.5417	-2.01633	185.423	0	
65	-0.798148	199.191	0	
-77.5	-1.09967	179.851	0	
-82.5	-0.727521	190.095	0	
-84.375	-0.668155	185.257	0	
98.2293	-2.1669	186.339	0	
105.625	-0.668155	173.37	0	
92.1723	-2.00504	190.231	0	
101.875	-0.668155	178.86	0	
100.208	-2.01633	184.913	0	
101.25	-1.09967	181.569	0	
94.375	-0.431516	187.653	0	
93.75	-1.09967	185.748	0	
88.0955	-3.52006	197.494	0	
97.5	-0.798148	193.16	0	
90.5056	-2.06993	199.312	0	
91.875	-0.366631	189.542	0	
85.625	-0.668155	190.959	0	
87.4111	-1.76841	192.621	0	
82.1723	-2.00504	200.009	0	
87.5	-0.798148	201.386	0	
83.9583	-2.01633	204.471	0	
85	-1.09967	208.246	0	
81.3389	-1.76841	204.09	0	
82.5	-1.03479	207.08	0	
74.375	-0.668155	220.626	0	
76.2446	-1.48403	208.277	0	
70.7293	-2.1669	210.36	0	
76.25	-0.727521	216.466	0	
72.7083	-2.01633	215.662	0	
73.75	-1.09967	208.513	0	
68.75	-0.727521	213.204	0	
66.875	-0.668155	210.072	0	
58.8389	-2.93321	210.19	0	
70	-0.798148	201.742	0	
64.2556	-2.06993	208.935	0	
65.625	-0.366631	208.937	0	
60.625	-0.366631	214.789	0	
61.1611	-1.76841	210.966	0	
57.5889	-1.76841	209.553	0	
58.75	-1.03479	208.521	0	
50.625	-0.668155	205.441	0	
52.4946	-1.48403	207.783	0	
45.2083	-2.72654	214.354	0	
52.5	-0.727521	202.937	0	
48.9583	-2.01633	210.323	0	
50	-1.09967	202.79	0	
46.25	-1.09967	213.708	0	
46.4583	-2.01633	213.591	0	
40	-1.03479	209.869	0	
40.3277	-2.00504	217.778	0	
27.5	-1.02905	204.5	0	
29.2655	-2.19037	201.758	0	
24.6798	-2.91409	202.816	0	
121.042	-2.01633	192.178	0	
19.375	-0.668155	184.745	0	
21.2446	-1.48403	192.966	0	
17.1798	-2.91409	196.866	0	
21.25	-0.727521	192	0	
17.7083	-2.01633	192.157	0	
18.75	-1.09967	193.444	0	
13.75	-0.727521	191.457	0	
11.875	-0.668155	187.049	0	
153.125	-0.668155	210.167	0	
154.995	-1.48403	204.426	0	
145.155	-3.05088	212.236	0	
155	-0.727521	202.765	0	
151.458	-2.01633	219.905	0	
152.5	-1.09967	221.433	0	
146.875	-0.431516	232.535	0	
148.696	-1.54577	212.53	0	
147.758	-2.24637	208.33	0	
148.75	-0.798148	221.028	0	
143.839	-1.76841	210.54	0	
145	-1.03479	200.183	0	
138.125	-0.36089	207.301	0	
138.745	-1.48403	205.005	0	
135.089	-1.76841	199.193	0	
136.25	-1.03479	201.513	0	
130	-1.03479	200.87	0	
130.328	-2.00504	190.639	0	
122.5	-1.02905	200.302	0	
124.266	-2.19037	190.299	0	
119.68	-2.91409	194.831	0	
156.979	-2.1669	168.847	0	
114.375	-0.668155	176.943	0	
116.245	-1.48403	183.56	0	
112.163	-2.94281	190.517	0	
116.25	-0.727521	183.528	0	
112.708	-2.01633	180.087	0	
113.75	-1.09967	180.163	0	
108.125	-0.668155	174.679	0	
109.911	-1.76841	183.074	0	
-117.5	-1.02905	174.271	0	
-115.734	-2.19037	175.58	0	
-138.021	-2.1669	183.043	0	
-67.5375	-3.24559	199.206	0	
-124.375	-0.36089	176.606	0	
-123.755	-1.48403	176.853	0	
-88.0056	-2.06993	184.289	0	
-81.25	-0.798148	187.879	0	
-86.0417	-2.01633	177.635	0	
-85	-1.09967	173.828	0	
-89.375	-0.366631	175.104	0	
-88.8389	-1.76841	175.445	0	
-96.875	-0.36089	169.069	0	
-96.2554	-1.48403	171.987	0	
-95.7345	-2.19037	177.507	0	
-96.25	-0.727521	181.153	0	
-101.161	-1.76841	181.218	0	
-100	-1.03479	184.145	0	
-106.25	-1.03479	183.474	0	
-105.922	-2.00504	174.662	0	
-70.2083	-2.01633	196.334	0	
-100.328	-2.00504	168.924	0	
-141.25	-0.792406	185.858	0	
-140.814	-2.07688	185.007	0	
-153.54	-3.47677	232.365	0	
-123.787	-3.24559	189.821	0	
-127.411	-1.76841	176.995	0	
-126.25	-1.03479	174.218	0	
-132.5	-1.03479	172.851	0	
-132.172	-2.00504	183.558	0	
-118.958	-2.01633	178.122	0	
-126.578	-2.00504	178.16	0	
-202.353	-21.532	399.244	0	
-119.833	-3.79821	184.58	0	
-21.25	-1.02905	189.569	0	
-19.4845	-2.19037	195.487	0	
-27.5375	-3.24559	211.689	0	
5.25269	-2.80091	196.619	0	
-28.125	-0.36089	189.079	0	
-27.5054	-1.48403	186.606	0	
8.24439	-2.06993	194.411	0	
15	-0.798148	194.057	0	
10.2083	-2.01633	190.928	0	
11.25	-1.09967	188.959	0	
6.875	-0.366631	191.289	0	
7.41105	-1.76841	193.747	0	
-0.625	-0.36089	196.334	0	
-0.00541199	-1.48403	196.651	0	
0.51554	-2.19037	199.322	0	
0	-0.727521	203.22	0	
-4.91105	-1.76841	204.995	0	
-3.75	-1.03479	202.34	0	
-10	-1.03479	201.001	0	
-9.67228	-2.00504	200.02	0	
26.0417	-2.01633	201.84	0	
-4.07772	-2.00504	196.86	0	
-45	-1.02905	185.909	0	
-43.2345	-2.19037	188.915	0	
-50.2083	-2.72654	196.137	0	
-29.6307	-3.06027	203.812	0	
-31.1611	-1.76841	184.146	0	
-30	-1.03479	182.154	0	
-36.25	-1.03479	185.209	0	
-35.9223	-2.00504	185.651	0	
-22.7083	-2.01633	198.307	0	
-30.3277	-2.00504	190.877	0	
-60.2083	-2.01633	198.361	0	
-51.4583	-2.01633	191.248	0	
-68.3387	-1.78555	196.451	0	
-68.4751	-2.84652	196.935	0	
-76.25	-1.02905	183.809	0	
-74.4845	-2.19037	192.989	0	
-77.7083	-2.01633	189.563	0	
-105.61	-4.06799	179.85	0	
-83.125	-0.36089	177.458	0	
-82.5054	-1.48403	180.335	0	
104.494	-2.06993	182.424	0	
110	-0.798148	192.717	0	
106.458	-2.01633	184.599	0	
107.5	-1.09967	191.636	0	
103.125	-0.366631	172.348	0	
103.661	-1.76841	180.883	0	
95.625	-0.36089	169.517	0	
96.2446	-1.48403	180.79	0	
96.7655	-2.19037	190.515	0	
96.25	-0.727521	188.156	0	
91.3389	-1.76841	188.966	0	
92.5	-1.03479	197	0	
86.25	-1.03479	199.83	0	
86.5777	-2.00504	200.899	0	
78.2293	-2.1669	206.395	0	
78.5906	-3.16789	211.777	0	
75	-1.02905	197.994	0	
76.7655	-2.19037	210.019	0	
68.7125	-3.24559	213.627	0	
123.713	-3.24559	194.39	0	
68.125	-0.36089	209.37	0	
68.7446	-1.48403	208.258	0	
65.0889	-1.76841	207.77	0	
66.25	-1.03479	204.598	0	
60	-1.03479	208.299	0	
60.3277	-2.00504	212.682	0	
54.4793	-2.1669	212.926	0	
73.5417	-2.01633	208.434	0	
51.25	-1.02905	206.674	0	
53.0155	-2.19037	211.414	0	
40.4973	-3.78292	222.306	0	
54.8394	-3.16569	211.679	0	
39.0027	-2.80091	219.284	0	
44.7917	-2.01633	212.648	0	
27.9113	-1.78555	201.49	0	
27.7749	-2.84652	204.39	0	
20	-1.02905	197.226	0	
21.7655	-2.19037	195.338	0	
-9.36018	-4.06799	183.33	0	
18.5417	-2.01633	193.807	0	
13.125	-0.36089	187.118	0	
13.7446	-1.48403	189.282	0	
153.75	-1.02905	212.227	0	
155.516	-2.19037	191.434	0	
142.62	-3.22837	210.087	0	
144.069	-5.7607	214.31	0	
147.5	-0.798148	196.959	0	
146.771	-2.1669	218.453	0	
140.729	-2.1669	207.921	0	
150.746	-2.90651	209.951	0	
137.5	-1.02905	203.105	0	
139.266	-2.19037	203.819	0	
130.64	-4.06799	196.91	0	
141.177	-3.32534	207.479	0	
131.994	-2.06993	197.812	0	
129.955	-2.8545	199.526	0	
128.542	-2.01633	193.084	0	
127.18	-2.91409	195.149	0	
122.911	-1.78555	188.344	0	
122.775	-2.84652	193.27	0	
115	-1.02905	188.616	0	
116.766	-2.19037	189.33	0	
86.8898	-4.06799	208.963	0	
113.542	-2.01633	188.118	0	
108.75	-1.03479	182.703	0	
109.078	-2.00504	185.459	0	
-117.089	-1.78555	175.098	0	
-117.225	-2.84652	175.237	0	
-125	-1.02905	174.721	0	
-123.234	-2.19037	179.873	0	
-78.5826	-3.79821	197.447	0	
-143.899	-7.68728	386.203	0	
-90	-1.03479	179.01	0	
-89.6723	-2.00504	177.145	0	
-97.5	-0.792406	189.929	0	
-97.0644	-2.07688	188.655	0	
-116.287	-3.24559	176.851	0	
-108.125	-3.34884	203.905	0	
-104.256	-2.06993	177.751	0	
-112.466	-3.07092	176.672	0	
-107.708	-2.01633	181.325	0	
-116.633	-5.94785	231.993	0	
-141.434	-1.75189	191.082	0	
-142.267	-2.05915	192.572	0	
-130.506	-2.06993	177.349	0	
-141.756	-5.80291	253.564	0	
-140.354	-6.17065	227.826	0	
-130.457	-4.4054	190.743	0	
-20.8387	-1.78555	195.128	0	
-20.9751	-2.84652	198.117	0	
-28.75	-1.02905	178.152	0	
-26.9845	-2.19037	192.482	0	
-43.7875	-3.24559	198.666	0	
-46.3858	-5.74538	245.814	0	
6.25	-1.03479	193.34	0	
6.57772	-2.00504	195.126	0	
-1.25	-0.792406	202.568	0	
-0.814428	-2.07688	200.444	0	
-20.0375	-3.24559	200.549	0	
-11.875	-3.34884	199.54	0	
-8.00561	-2.06993	193.251	0	
-16.2164	-3.07092	190.94	0	
-11.4583	-2.01633	201.725	0	
-20.3828	-5.94785	251.939	0	
-44.5887	-1.78555	191.65	0	
-44.7251	-2.84652	189.795	0	
-34.2556	-2.06993	184.362	0	
-49.5151	-8.22246	290.795	0	
-44.2462	-5.42835	231.02	0	
-34.2075	-4.4054	209.165	0	
-75.0375	-3.24559	194.791	0	
25.1674	-3.79821	205.71	0	
-75.8387	-1.78555	190.767	0	
-75.9751	-2.84652	191.252	0	
-83.75	-1.02905	175	0	
-81.9845	-2.19037	187.396	0	
-90.0446	-2.8545	185.613	0	
-86.5873	-2.94281	190.538	0	
102.5	-1.03479	182.099	0	
102.828	-2.00504	183.12	0	
95	-0.792406	193.389	0	
95.4356	-2.07688	191.734	0	
76.2125	-3.24559	213.333	0	
84.375	-3.34884	211.162	0	
88.2444	-2.06993	202.024	0	
80.0336	-3.07092	206.503	0	
84.7917	-2.01633	199.289	0	
75.8672	-5.94785	224.894	0	
75.4113	-1.78555	213.623	0	
75.2749	-2.84652	210.941	0	
67.5	-1.02905	199.809	0	
69.2655	-2.19037	209.912	0	
52.4625	-3.24559	212.983	0	
49.8642	-5.74538	196.455	0	
61.9944	-2.06993	215.728	0	
46.7349	-8.22246	175.158	0	
52.0038	-5.42835	206.343	0	
62.0425	-4.4054	217.251	0	
51.6613	-1.78555	209.477	0	
51.5249	-2.84652	212.228	0	
21.2125	-3.24559	199.87	0	
107.75	-4.43486	192.855	0	
20.4113	-1.78555	193.116	0	
20.2749	-2.84652	196.652	0	
12.5	-1.02905	190.705	0	
14.2655	-2.19037	193.882	0	
6.20541	-2.8545	194.759	0	
9.66268	-2.94281	195.94	0	
154.161	-1.78555	205.339	0	
154.025	-2.84652	204.834	0	
152.292	-2.01633	210.355	0	
139.039	-4.35802	207.476	0	
137.911	-1.78555	203.846	0	
137.775	-2.84652	204.038	0	
116.213	-3.24559	190.623	0	
154.963	-3.24559	196.976	0	
115.411	-1.78555	184.978	0	
115.275	-2.84652	188.931	0	
107.292	-2.01633	180.79	0	
109.247	-3.78292	189.556	0	
-140.037	-3.24559	188.906	0	
-71.0826	-3.79821	203.98	0	
-124.589	-1.78555	183.083	0	
-124.725	-2.84652	173.69	0	
-92.8202	-2.91409	179.803	0	
-85.2083	-2.01633	184.05	0	
-97.684	-1.75189	169.052	0	
-98.5173	-2.05915	188.449	0	
-152.708	-2.01633	228.681	0	
-145.211	-4.15655	229.623	0	
-23.5826	-3.79821	214.292	0	
3.37811	-4.98343	193.609	0	
-28.3387	-1.78555	195.119	0	
-28.4751	-2.84652	189.553	0	
3.42981	-2.91409	194.948	0	
11.0417	-2.01633	192.68	0	
-1.43402	-1.75189	197.093	0	
-2.26735	-2.05915	201.131	0	
-48.9583	-3.47328	201.897	0	
-47.6197	-4.31165	214.988	0	
-88.4261	-3.92482	202.123	0	
-92.8719	-4.98343	204.748	0	
-83.3387	-1.78555	183.901	0	
-83.4751	-2.84652	185.153	0	
99.6798	-2.91409	186.456	0	
107.753	-2.80091	188.49	0	
94.816	-1.75189	184.205	0	
93.9827	-2.05915	189.995	0	
72.6674	-3.79821	221.032	0	
120.167	-3.79821	194.093	0	
67.9113	-1.78555	210.343	0	
67.7749	-2.84652	211.772	0	
47.2917	-3.47328	214.248	0	
50.1448	-3.88818	211.591	0	
17.6674	-3.79821	198.932	0	
-0.0374544	-3.24559	195.629	0	
12.9113	-1.78555	192.099	0	
12.7749	-2.84652	193.831	0	
148.483	-4.32001	214.051	0	
187.308	-1.93891	301.55	0	
147.862	-1.54577	220.677	0	
148.712	-3.13655	212.486	0	
133.929	-3.08731	200.991	0	
138.713	-3.24559	205.44	0	
90.6555	-3.51902	193.677	0	
102.455	-2.8545	186.313	0	
-152.829	-5.21478	257.622	0	
-131.801	-4.25718	210.932	0	
-122.157	-4.23242	200.924	0	
-96.2875	-3.24559	199.831	0	
-46.1052	-3.88818	205.484	0	
-35.5505	-4.25718	211.484	0	
-25.9071	-4.23242	230.153	0	
13.7125	-3.24559	196.131	0	
-100.639	-4.06622	175.772	0	
-82.5375	-3.24559	189.786	0	
48.6303	-4.31165	210.247	0	
96.2125	-3.24559	192.554	0	
60.6995	-4.25718	211.362	0	
70.3429	-4.23242	219.782	0	
-4.38926	-4.06622	187.363	0	
7.82395	-3.92482	196.361	0	
146.42	-3.14785	210.264	0	
147.178	-4.41078	210.994	0	
34.7917	-2.72654	213.455	0	
33.9583	-2.72654	215.396	0	
126.034	-3.06466	193.396	0	
126.041	-5.36183	200.438	0	
-147.837	-2.94281	206.039	0	
-142.682	-2.77243	194.609	0	
-160.208	-1.16463	184.276	0	
-201.338	-10.2031	405.071	0	
-153.958	-2.72654	235	0	
-152.247	-2.80091	218.292	0	
-156.042	-3.47328	237.163	0	
-156.458	-2.72654	241.32	0	
-52.8373	-2.94281	195.833	0	
-49.7917	-3.47328	200.713	0	
-58.9583	-2.72654	201.172	0	
-57.7083	-2.01633	198.712	0	
-56.2946	-2.8545	200.066	0	
-57.2473	-2.80091	197.293	0	
-65.2159	-3.06466	202.164	0	
-65.2085	-5.36053	229.869	0	
-72.7159	-3.06466	192.781	0	
-69.5113	-3.00667	196.207	0	
43.4127	-2.94281	214.281	0	
46.4583	-3.47328	215.489	0	
36.0417	-2.01633	211.637	0	
32.5816	-3.68836	215.789	0	
32.1798	-2.91409	210.076	0	
36.4583	-2.72654	217.385	0	
23.5341	-3.06466	199.008	0	
26.7387	-3.00667	202.465	0	
118.534	-3.06466	190.838	0	
121.739	-3.00667	191.352	0	
-121.466	-3.06466	171.478	0	
-118.261	-3.00667	173.941	0	
-93.9659	-3.06466	182.27	0	
-93.9594	-5.36183	229.355	0	
-109.003	-2.80091	171.905	0	
-107.247	-2.80091	173.347	0	
-146.042	-2.72654	206.612	0	
-147.44	-3.72538	216.801	0	
-25.2159	-3.06466	195.067	0	
-22.0113	-3.00667	195.836	0	
2.28409	-3.06466	197.237	0	
2.29056	-5.36183	193.053	0	
-12.7527	-2.80091	193.657	0	
-10.9973	-2.80091	194.535	0	
-48.9583	-2.01633	191.61	0	
-45.7613	-3.00667	194.069	0	
-52.44	-3.72538	204.006	0	
-48.5417	-2.72654	194.631	0	
-80.2159	-3.06466	184.859	0	
-77.0113	-3.00667	189.427	0	
98.5341	-3.06466	190.359	0	
98.5406	-5.36183	204.117	0	
83.4973	-2.80091	199.677	0	
85.2527	-2.80091	202.545	0	
71.0341	-3.06466	215.166	0	
74.2387	-3.00667	215.566	0	
47.2917	-2.01633	212.825	0	
50.4887	-3.00667	213.578	0	
43.81	-3.72538	214.971	0	
47.7083	-2.72654	213.886	0	
16.0341	-3.06466	194.688	0	
19.2387	-3.00667	196.041	0	
151.132	-3.93062	214.556	0	
152.989	-3.00667	211.514	0	
111.032	-2.99641	186.543	0	
114.239	-3.00667	186.109	0	
-87.7179	-2.99641	178.447	0	
-84.5113	-3.00667	182.435	0	
8.53206	-2.99641	196.706	0	
11.7387	-3.00667	194.339	0	
104.782	-2.99641	188.357	0	
102.997	-3.78292	190.886	0	
-143.54	-2.72962	197.761	0	
-140.951	-3.13784	193.507	0	
-99.9558	-2.85377	192.39	0	
-97.2008	-3.13784	171.519	0	
-3.70582	-2.85377	198.45	0	
-0.950756	-3.13784	198.174	0	
92.5442	-2.85377	194.275	0	
95.2992	-3.13784	190.084	0	
41.5739	-3.92482	212.708	0	
46.0417	-2.72654	214.215	0	
127.582	-3.68916	197.46	0	
132.502	-3.08731	195.153	0	
127.128	-4.98343	201.91	0	
128.572	-3.57598	199.283	0	
-152.662	-3.55114	235.378	0	
-152.231	-4.40508	246.579	0	
-159.148	-3.04538	220.572	0	
-165.564	-17.3854	501.835	0	
-154.373	-3.97501	245.463	0	
-150.753	-3.78292	224.246	0	
-160.293	-8.30276	348.98	0	
-155.208	-3.47328	240.426	0	
-158.057	-10.316	407.925	0	
-143.957	-3.47621	208.834	0	
-58.5398	-3.47677	202.004	0	
-57.2309	-4.40508	218.341	0	
-61.4583	-2.72654	200.62	0	
-57.6621	-3.55114	204.64	0	
-62.7232	-3.50081	202.269	0	
-55.7527	-3.78292	204.34	0	
-64.0702	-2.91409	197.936	0	
-63.6684	-3.68836	210.109	0	
-61.8899	-3.99904	214.789	0	
-60.2083	-3.47328	201.796	0	
-72.8478	-5.56717	217.699	0	
-69.264	-5.46522	240.227	0	
39.9554	-2.8545	214.034	0	
39.0191	-4.40508	221.602	0	
37.2917	-2.72654	214.194	0	
38.5879	-3.55114	216.239	0	
34.3601	-3.99904	218.438	0	
37.7102	-3.47677	220.461	0	
35.2083	-3.47328	218.789	0	
33.5268	-3.50081	216.648	0	
23.4022	-5.56717	209.907	0	
26.986	-5.46522	215.783	0	
118.402	-5.56717	195.311	0	
114.489	-5.47929	192.703	0	
-121.598	-5.56717	202.83	0	
-125.6	-5.31383	215.959	0	
-92.4178	-3.68916	198.18	0	
-89.5027	-3.78292	190.793	0	
-90.9952	-4.42757	208.662	0	
-86.1036	-3.83222	192.475	0	
-109.687	-5.39772	235.027	0	
-106.295	-2.8545	186.985	0	
-110.64	-4.06799	181.776	0	
-98.2818	-3.59669	216.577	0	
-146.478	-3.50911	213.832	0	
-141.985	-3.52613	198.806	0	
-25.3478	-5.56717	246.739	0	
-29.3495	-5.31383	251.642	0	
3.83223	-3.68916	195.946	0	
6.7473	-3.78292	196.936	0	
5.25478	-4.42757	195.377	0	
10.1464	-3.83222	196.96	0	
-13.4371	-5.39772	209.603	0	
-10.0446	-2.8545	197.975	0	
-14.3898	-4.06799	188.175	0	
-2.03178	-3.59669	193.742	0	
-51.4777	-3.50911	202.736	0	
-47.7083	-2.72654	198.338	0	
-51.0637	-4.19254	209.793	0	
-47.2189	-3.60804	199.532	0	
-80.3478	-5.56717	212.502	0	
-84.2613	-5.47929	232.59	0	
100.082	-3.68916	193.216	0	
112.646	-3.83222	188.47	0	
110.324	-3.92482	191.534	0	
107.317	-3.58364	188.769	0	
82.8129	-5.39772	229.067	0	
86.2054	-2.8545	199.417	0	
81.8602	-4.06799	208.683	0	
94.2182	-3.59669	197.263	0	
70.9022	-5.56717	228.912	0	
66.9005	-5.31383	215.478	0	
44.7723	-3.50911	215.316	0	
48.5417	-2.72654	211.79	0	
45.1863	-4.19254	215.621	0	
49.0311	-3.60804	215.378	0	
15.9022	-5.56717	201.023	0	
11.9887	-5.47929	197.512	0	
108.705	-2.8545	187.026	0	
101.072	-3.57598	189.178	0	
-91.4282	-3.57598	191.524	0	
-94.651	-4.21812	198.803	0	
4.82178	-3.57598	194.637	0	
1.59897	-4.21812	193.862	0	
105.913	-2.94281	185.45	0	
106.31	-3.72554	191.721	0	
97.849	-4.21812	191.532	0	
101.505	-4.42757	194.156	0	
-144.792	-3.47313	206.107	0	
-146.064	-4.19253	225.083	0	
-103.124	-4.43041	193.773	0	
-108.125	-4.73217	180.524	0	
-6.87403	-4.43041	174.271	0	
-11.875	-4.73217	182.878	0	
89.376	-4.43041	208.943	0	
84.375	-4.73217	211.98	0	
121.393	-3.89079	198.496	0	
143.936	-3.97268	211.835	0	
125.349	-4.21812	198.939	0	
129.043	-4.50658	200.649	0	
-154.834	-5.62943	274.076	0	
-149.676	-3.92482	234.229	0	
-156.465	-4.16242	256.085	0	
-88.4597	-6.17559	254.44	0	
-157.746	-3.54331	243.862	0	
-157.336	-4.23245	255.695	0	
-155.953	-5.20944	269.054	0	
-151.274	-4.58327	253.384	0	
-87.8931	-5.00841	211.535	0	
-54.6761	-3.92482	211.345	0	
-59.3731	-3.97501	212.44	0	
7.79028	-6.17559	194.871	0	
-65.9011	-4.21822	210.404	0	
-59.3047	-5.11624	224.096	0	
-64.1215	-4.98124	221.834	0	
-60.5387	-5.90518	234.303	0	
8.35687	-5.00841	196.989	0	
92.527	-5.11846	205.722	0	
30.3489	-4.21822	217.884	0	
32.1285	-4.98124	227.225	0	
36.0417	-3.47328	217.605	0	
34.378	-5.06466	231.611	0	
35.7113	-5.90518	222.053	0	
36.8769	-3.97501	220.741	0	
-101.844	-3.51902	186.414	0	
-99.973	-5.11846	246.977	0	
-145.501	-5.7656	280.909	0	
-69.8571	-3.89079	207.95	0	
-156.677	-7.51666	328.551	0	
-49.707	-5.1949	222.336	0	
-148.977	-5.20289	243.179	0	
-147.813	-5.59213	265.789	0	
-5.59449	-3.51902	198.612	0	
-3.72305	-5.11846	186.306	0	
-56.2742	-4.58327	219.526	0	
26.3929	-3.89079	210.873	0	
-39.9676	-3.06872	192.471	0	
46.543	-5.1949	211.046	0	
-53.9766	-5.20289	218.752	0	
-50.211	-4.15672	212.389	0	
-55.8234	-5.70833	227.242	0	
-48.5258	-4.17689	210.833	0	
-52.8132	-5.59213	237.053	0	
-47.2738	-5.38006	222.093	0	
91.8607	-4.06622	197.949	0	
105.879	-5.0575	192.836	0	
36.9453	-5.11624	230.373	0	
130.158	-4.945	207.01	0	
56.2824	-3.06872	213.182	0	
110.29	-6.17488	195.626	0	
42.2734	-5.20289	223.469	0	
46.039	-4.15672	214.053	0	
40.4266	-5.70833	224.476	0	
47.7242	-4.17689	213.704	0	
39.9758	-4.58327	214.054	0	
48.9762	-5.38006	213.752	0	
-90.0224	-4.58092	217.082	0	
-89.5124	-5.89001	233.533	0	
6.22758	-4.58092	195.067	0	
6.73765	-5.89001	194.598	0	
102.928	-5.70651	196.886	0	
107.848	-6.54104	199.85	0	
104.074	-3.92482	190.591	0	
104.773	-5.20318	194.276	0	
99.6281	-4.98343	193.789	0	
102.478	-4.58092	193.365	0	
-150.823	-5.70833	255.202	0	
-143.779	-5.33843	255.25	0	
76.6284	-4.52398	226.64	0	
144.244	-11.4317	203.265	0	
128.127	-5.50143	206.472	0	
128.872	-6.93342	209.207	0	
-158.777	-5.20944	281.882	0	
-143.448	-4.30353	213.477	0	
-161.732	-2.79975	214.03	0	
-207.299	-15.0218	412.795	0	
-182.365	-35.5359	503.185	0	
-79.1691	-5.28353	231.537	0	
-150.997	-8.59138	365.407	0	
-57.1302	-6.3947	255.051	0	
-61.872	-5.06466	224.297	0	
-58.0402	-5.47194	222.73	0	
-115.872	-4.52398	195.922	0	
17.0809	-5.28353	203.851	0	
-19.6216	-4.52398	216.653	0	
108.728	-4.58055	193.193	0	
38.2098	-5.47194	224.806	0	
43.4368	-5.59213	205.34	0	
-139.58	-4.60081	229.304	0	
-145.691	-7.03602	288.128	0	
-96.7489	-6.89898	268.817	0	
-97.1496	-5.26597	256.637	0	
-149.602	-6.18605	286.517	0	
-134.449	-4.25718	205.127	0	
-31.5017	-4.16217	226.049	0	
39.1198	-6.3947	206.714	0	
-0.498874	-6.89898	188.39	0	
-0.89962	-5.26597	186.967	0	
-70.5474	-6.44535	244.307	0	
-54.6024	-6.18605	245.745	0	
-52.4014	-4.79453	215.06	0	
-51.4417	-5.03664	220.578	0	
-52.0429	-7.10465	250.244	0	
-50.5017	-5.76581	235.316	0	
-54.1682	-7.76797	261.866	0	
-36.3389	-2.93321	199.112	0	
-48.8551	-5.21507	220.619	0	
-48.0926	-6.0103	247.359	0	
64.7483	-4.16217	213.218	0	
110.857	-5.00834	190.992	0	
95.7511	-6.89898	214.8	0	
95.3504	-5.26597	201.584	0	
25.7026	-6.44535	221.236	0	
41.6476	-6.18605	202.372	0	
43.8486	-4.79453	219.426	0	
44.8083	-5.03664	211.694	0	
44.2071	-7.10465	207.136	0	
45.7483	-5.76581	208.825	0	
42.0818	-7.76797	210.438	0	
59.9111	-2.93321	210.32	0	
47.3949	-5.21507	214.257	0	
48.1574	-6.0103	196.261	0	
-91.9104	-5.42242	234.53	0	
-90.925	-6.50437	269.291	0	
4.33964	-5.42242	193.304	0	
5.32497	-6.50437	192.763	0	
106.858	-5.46739	195.392	0	
109.237	-5.889	193.203	0	
45.559	-7.03622	195.876	0	
104.147	-6.18687	199.776	0	
100.59	-5.42242	197.869	0	
100.817	-6.41692	202.823	0	
-147.401	-4.79453	236.452	0	
-146.442	-5.03663	236.132	0	
-147.043	-7.10465	296.404	0	
-144.707	-5.19453	225.987	0	
-149.168	-7.76797	316.283	0	
-132.589	-2.93321	179.976	0	
-154.178	-7.28627	309.293	0	
-151.919	-6.13754	295.339	0	
-67.2642	-6.91889	273.016	0	
-50.691	-7.03622	258.825	0	
28.9858	-6.91889	221.66	0	
57.9209	-9.10125	137.758	0	
-165.569	-3.72058	265.461	0	
-124.19	-5.40086	234.116	0	
-65.8105	-6.63734	254.158	0	
-38.3291	-9.10125	381.596	0	
-59.0799	-8.70786	300.688	0	
-25.746	-9.39498	388.39	0	
-36.875	-5.27905	259.31	0	
-45.618	-4.95711	221.055	0	
30.4395	-6.63734	229.617	0	
104.619	-8.07335	200.784	0	
37.1701	-8.70786	195.926	0	
121.986	-5.46522	197.389	0	
59.375	-5.27905	195.071	0	
50.632	-4.95711	210.404	0	
-100.432	-7.15932	260.225	0	
-118.014	-5.46522	211.655	0	
-4.18243	-7.15932	188.006	0	
-21.764	-5.46522	237.699	0	
101.373	-10.8863	206.583	0	
97.6668	-7.08742	201.894	0	
74.486	-5.46522	232.777	0	
92.0676	-7.15932	215.513	0	
-142.782	-6.56075	235.551	0	
-142.334	-4.31064	216.84	0	
-152.527	-7.43868	311.549	0	
-121.996	-9.39498	391.535	0	
-136.218	-3.06872	188.964	0	
-128.568	-3.08143	173.214	0	
-38.1995	-4.25718	200.378	0	
-32.318	-3.08143	187.344	0	
58.0505	-4.25718	214.605	0	
63.932	-3.08143	215.435	0	
133.106	-6.04794	206.996	0	
130.428	-6.60412	209.553	0	
123.985	-6.91734	203.646	0	
150.848	-20.0464	196.558	0	
-155.18	-8.32445	346.706	0	
-52.0799	-10.5411	320.945	0	
-40.8588	-5.44334	236.015	0	
-43.3792	-4.50999	206.383	0	
55.3912	-5.44334	196.324	0	
52.8708	-4.50999	214.401	0	
-87.5848	-7.52916	298.803	0	
-84.8609	-3.89608	202.708	0	
8.66524	-7.52916	195.224	0	
11.3891	-3.89608	197.801	0	
120.703	-6.44535	205.309	0	
113.889	-3.89608	192.853	0	
-94.8332	-7.08742	293.206	0	
-127.752	-4.16217	199.705	0	
-136.015	-9.53859	335.017	0	
-118.607	-3.89079	192.309	0	
-44.375	-6.99919	279.238	0	
-22.3571	-3.89079	222.209	0	
-42.8302	-8.44515	305.032	0	
-40.8536	-7.44458	287.517	0	
51.875	-6.99919	182.395	0	
73.8929	-3.89079	217.429	0	
53.4198	-8.44515	165.112	0	
55.3964	-7.44458	193.853	0	
-45.8903	-7.18841	252.696	0	
-48.1439	-7.56208	260.911	0	
50.3597	-7.18841	199.435	0	
48.1061	-7.56208	196.025	0	
-141.655	-10.9683	548.69	0	
-134.129	-6.10622	237.637	0	
-52.772	-8.29733	299.058	0	
-46.8296	-8.37487	314.16	0	
43.478	-8.29733	170.705	0	
49.4204	-8.37487	155.661	0	
-164	-0.842706	233.112	0	
-160.19	-2.6252	222.872	0	
-171.26	-1.12398	344.125	0	
-163.118	-4.25546	282.466	0	
157.984	-3.31993	185.153	0	
162.75	-0.842706	164.153	0	
160.879	-2.92373	162.687	0	
162.233	-4.81544	172.262	0	
149.806	-4.94504	204.62	0	
157.495	-4.95032	171.928	0	
136.186	-4.14103	207.085	0	
140.456	-4.52612	209.697	0	
-73.4071	-4.23242	212.091	0	
-71.6691	-5.28353	228.07	0	
-80.4167	-10.3326	400.71	0	
-64.8646	-8.3096	287.535	0	
-77.3571	-3.89079	203.171	0	
-74.2262	-6.72899	283.004	0	
22.8429	-4.23242	206.966	0	
24.5809	-5.28353	213.302	0	
15.8333	-10.3326	201.889	0	
31.3854	-8.3096	222.945	0	
18.8929	-3.89079	202.018	0	
22.0238	-6.72899	213.184	0	
117.843	-4.23242	195.192	0	
119.581	-5.28353	197.282	0	
112.877	-7.50462	197.566	0	
125.437	-6.63718	209.36	0	
111.164	-7.52928	199.251	0	
117.03	-6.73778	202.118	0	
-120.419	-5.28353	218.918	0	
-119.297	-6.44535	252.476	0	
-147.08	-10.5411	434.94	0	
-106.019	-7.46803	255.749	0	
-144.559	-9.99967	417.163	0	
-147.772	-8.29733	363.051	0	
-24.1691	-5.28353	248.126	0	
-23.0474	-6.44535	292.479	0	
1.41684	-7.08742	185.434	0	
-9.76913	-7.46803	181.135	0	
-27.9404	-5.40086	269.42	0	
-23.5704	-9.08967	355.471	0	
-80.9071	-4.23242	210.262	0	
-78.0474	-6.44535	245.59	0	
-74.2388	-9.20929	355.975	0	
-76.764	-5.46522	233.914	0	
-81.7196	-6.73778	289.919	0	
-82.2148	-8.98906	383.511	0	
72.0809	-5.28353	227.804	0	
73.2026	-6.44535	226.458	0	
102.182	-6.54766	201.948	0	
86.4809	-7.46803	229.232	0	
68.3096	-5.40086	214.899	0	
93.8488	-8.33358	215.827	0	
15.3429	-4.23242	199.646	0	
18.2026	-6.44535	207.532	0	
22.0112	-9.20929	213.964	0	
19.486	-5.46522	204.979	0	
14.5304	-6.73778	201.038	0	
14.0352	-8.98906	197.229	0	
112.049	-4.96932	193.326	0	
113.194	-6.11121	195.251	0	
107.957	-10.0357	206.38	0	
114.373	-9.53907	199.716	0	
-86.7013	-4.9694	227.304	0	
-85.556	-6.11128	240.536	0	
-85.8729	-7.50385	311.881	0	
-84.3782	-9.53722	391.613	0	
9.54871	-4.9694	197.063	0	
10.694	-6.11128	199.3	0	
10.3771	-7.50385	194.596	0	
11.8718	-9.53722	194.89	0	
132.08	-7.47425	219.349	0	
134.746	-4.16808	202.991	0	
124.075	-4.31071	196.664	0	
123.313	-5.73457	204.461	0	
-67.1755	-4.31081	222.277	0	
-67.9367	-5.73467	225.464	0	
29.0745	-4.31081	214.522	0	
28.3133	-5.73467	224.809	0	
-95.9255	-4.31071	190.286	0	
-98.5926	-4.6597	184.44	0	
-103.786	-7.04865	249.288	0	
-106.563	-5.39772	235.849	0	
0.324502	-4.31071	195.842	0	
-2.3426	-4.6597	190.236	0	
-7.5359	-7.04865	192.491	0	
-10.3129	-5.39772	195.513	0	
96.5745	-4.31071	198.774	0	
93.9074	-4.6597	198.235	0	
88.7141	-7.04865	215.885	0	
103.633	-8.96714	208.039	0	
-62.0477	-8.8546	300.009	0	
34.2023	-8.8546	213.013	0	
-65.6604	-12.2385	386.257	0	
44.1701	-10.5411	167.966	0	
-43.9291	-11.1429	398.124	0	
106.762	-8.25621	202.733	0	
40.691	-8.79126	178.087	0	
126.259	-8.10539	209.237	0	
30.5896	-12.2385	199.915	0	
128.121	-8.37598	218.042	0	
98.349	-8.47005	220.133	0	
102.415	-7.9218	203.324	0	
-155.111	-10.7469	426.584	0	
-60.5733	-7.64358	268.922	0	
138.321	-5.52235	211.404	0	
152.541	-4.03078	204.399	0	
-138.552	-9.35636	388.901	0	
-137.06	-5.53416	241.107	0	
-129.996	-3.08143	190.726	0	
-129.047	-6.04201	244.834	0	
-33.7459	-3.08143	198.251	0	
-32.7973	-6.04201	278.513	0	
62.5041	-3.08143	210.615	0	
63.4527	-6.04201	198.494	0	
131.229	-11.2697	219.623	0	
151.99	-6.88415	197.549	0	
136.941	-5.40234	208.784	0	
141.133	-5.9764	212.679	0	
-74.6816	-4.325	218.361	0	
-75.4428	-5.74886	218.793	0	
21.5684	-4.325	205.623	0	
20.8072	-5.74886	210.084	0	
116.568	-4.325	193.934	0	
115.814	-5.75765	195.182	0	
-123.432	-4.325	183.11	0	
-126.314	-4.14101	187.157	0	
-115.576	-8.16642	341.955	0	
-113.246	-5.34905	219.27	0	
-27.1816	-4.325	218.129	0	
-30.0644	-4.14101	214.865	0	
-19.3257	-8.16642	312.304	0	
-16.996	-5.34905	205.268	0	
-82.1816	-4.325	215.13	0	
-82.9362	-5.75765	224.407	0	
69.0684	-4.325	223.237	0	
66.1856	-4.14101	218.371	0	
76.9243	-8.16642	250.888	0	
79.254	-5.34905	219.256	0	
14.0684	-4.325	198.701	0	
13.3138	-5.75765	200.828	0	
105.405	-12.0508	206.525	0	
116.536	-8.99008	194.204	0	
-93.9774	-8.66503	366.261	0	
-91.6041	-8.13534	371.892	0	
2.27255	-8.66503	184.059	0	
4.64589	-8.13534	184.396	0	
129.195	-10.2093	214.007	0	
146.046	-6.10183	214.012	0	
134.488	-5.91521	212.478	0	
135.867	-6.69788	213.204	0	
121.43	-8.68418	196.471	0	
123.385	-8.88682	210.205	0	
-69.8214	-8.68669	333.295	0	
-67.8655	-8.89079	291.718	0	
26.4286	-8.68669	217.474	0	
28.3845	-8.89079	225.836	0	
-66.1145	-9.89368	336.813	0	
-95.0051	-12.6851	601.144	0	
-55.559	-8.79126	296.895	0	
1.24494	-12.6851	171.372	0	
85.9371	-5.39772	218.435	0	
70.504	-9.39498	217.788	0	
99.9643	-7.8529	203.012	0	
101.084	-8.78437	212.113	0	
-119.82	-9.08967	416.584	0	
-122.652	-7.0343	309.47	0	
-127.769	-5.79877	216.511	0	
-125.499	-7.54635	307.163	0	
-48.3872	-12.3828	376.183	0	
-26.4019	-7.0343	327.945	0	
-31.5194	-5.79877	245.09	0	
-29.2492	-7.54635	344.183	0	
47.8628	-12.3828	111.512	0	
69.8481	-7.0343	211.828	0	
64.7306	-5.79877	216.334	0	
67.0008	-7.54635	180.139	0	
140.302	-7.00568	213.581	0	
142.7	-6.86574	212.853	0	
125.012	-9.68556	217.54	0	
195.519	-2.32667	320.012	0	
-98.6512	-8.33358	381.809	0	
35.6767	-7.64358	229.571	0	
-2.40124	-8.33358	174.146	0	
103.223	-11.1651	210.515	0	
72.6796	-9.08967	230.597	0	
95.07	-11.0041	228.354	0	
-136.973	-6.98397	276.899	0	
-135.349	-7.69153	314.048	0	
-32.1235	-10.677	445.659	0	
-33.5046	-8.27657	348.193	0	
64.1265	-10.677	126.181	0	
97.6545	-10.9522	208.211	0	
80.0504	-6.99449	251.817	0	
151.079	-11.5903	191.622	0	
-78.2205	-8.73643	361.486	0	
30.1355	-9.89368	221.894	0	
8.79112	-11.9339	186.339	0	
110.443	-9.50362	200.39	0	
-126.434	-6.49884	230.564	0	
-123.97	-6.77541	230.556	0	
-30.1836	-6.49884	265.914	0	
-27.72	-6.77541	272.458	0	
66.0664	-6.49884	221.759	0	
68.53	-6.77541	227.644	0	
150.025	-6.43618	216.152	0	
153.18	-5.49318	207.199	0	
147.57	-7.50219	202.594	0	
142.406	-9.04296	216.338	0	
-113.344	-8.75328	383.369	0	
-118.411	-11.2883	479.386	0	
-114.541	-4.53464	181.551	0	
-111.901	-4.28441	188.313	0	
-17.0944	-8.75328	263.443	0	
-21.2298	-10.3281	375.842	0	
-18.2907	-4.53464	205.874	0	
-15.6508	-4.28441	201.131	0	
79.1556	-8.75328	227.358	0	
75.0202	-10.3281	198.397	0	
77.9593	-4.53464	217.832	0	
80.5992	-4.28441	220.072	0	
-63.1585	-5.8593	241.872	0	
-63.2996	-7.91085	267.378	0	
33.0915	-5.8593	223.739	0	
32.9504	-7.91085	235.027	0	
-205.568	-32.9721	412.636	0	
-158.17	-8.54355	348.211	0	
-42.0494	-4.51844	203.02	0	
-39.5061	-4.39269	199.989	0	
54.2006	-4.51844	217.065	0	
56.7439	-4.39269	215.984	0	
-138.25	-4.60927	198.058	0	
-135.756	-4.39269	199.164	0	
132.732	-9.94285	217.888	0	
140.759	-8.90393	214.711	0	
-131.823	-7.75398	309.242	0	
-88.3496	-9.59591	457.612	0	
-29.7584	-9.79585	409.022	0	
7.90043	-9.59591	183.648	0	
62.7454	-8.27657	193.229	0	
52.3209	-11.1429	109.89	0	
86.5779	-13.8833	215.429	0	
208.99	-5.28426	334.249	0	
-59.5306	-11.2795	332.021	0	
-57.3001	-7.89572	265.931	0	
36.7194	-11.2795	202.877	0	
38.9499	-7.89572	222.194	0	
138.907	-6.71973	212.176	0	
136.37	-8.16582	214.407	0	
138.03	-8.06765	216.322	0	
139.214	-9.60327	212.938	0	
134.987	-10.2845	222.787	0	
161.413	-6.92918	181.248	0	
119.235	-10.2813	220.395	0	
95.7393	-17.4777	209.765	0	
-50.1748	-10.5347	338.385	0	
-46.4132	-10.8834	330.323	0	
46.0752	-10.5347	143.042	0	
49.8368	-10.8834	153.264	0	
-176.012	-1.34606	390.191	0	
-160.335	-6.5477	308.91	0	
-161.831	-10.7403	401.424	0	
-188.999	-19.3034	437.367	0	
158.946	-6.83953	187.58	0	
170.01	-1.12398	215.821	0	
-87.4589	-11.9339	505.904	0	
99.5587	-12.4369	221.719	0	
18.0295	-8.73643	205.892	0	
4.49832	-12.069	176.467	0	
-153.134	-12.2646	476.934	0	
-148.55	-12.2522	479.849	0	
-121.489	-14.4624	679.274	0	
-126.008	-9.79585	489.72	0	
104.932	-18.5916	208.351	0	
112.453	-11.0673	206.125	0	
-91.7517	-12.069	526.552	0	
-71.535	-10.5118	374.926	0	
5.3409	-14.035	186.165	0	
24.715	-10.5118	223.888	0	
-112.45	-6.99449	280.606	0	
-129.168	-15.7527	698.926	0	
-16.1996	-6.99449	255.488	0	
-27.5734	-11.3856	465.706	0	
-144.852	-16.8136	714.799	0	
-124.741	-12.1163	544.026	0	
-37.2846	-13.6039	476.039	0	
-6.7017	-12.0229	213.433	0	
66.4916	-9.79585	199.914	0	
58.9654	-13.6039	95.6407	0	
112.419	-14.9051	188.223	0	
127.849	-11.938	219.002	0	
147.347	-10.4774	219.515	0	
153.266	-9.06305	206.227	0	
-122.779	-11.9203	584.181	0	
-102.474	-8.42323	384.754	0	
-20.7162	-13.563	451.087	0	
-6.22447	-8.42323	177.179	0	
75.5338	-13.563	211.764	0	
90.0255	-8.42323	228.44	0	
68.6766	-11.3856	132.186	0	
136.037	-12.2238	210.247	0	
-61.6144	-11.5018	345.044	0	
-55.5379	-10.963	335.696	0	
34.6356	-11.5018	189.965	0	
40.7121	-10.963	173.961	0	
128.852	-14.5637	209.733	0	
235.957	-15.9774	328.063	0	
-178.777	-2.9619	387.392	0	
-162.755	-6.23594	289.96	0	
-156.495	-11.7116	429.65	0	
-221.912	-14.5162	392.015	0	
-169.141	-4.00209	328.76	0	
-167.19	-4.8303	339.416	0	
164.287	-4.15658	172.657	0	
166.707	-4.43785	201.507	0	
155.354	-8.54876	195.05	0	
132.793	-16.0264	206.063	0	
-53.4549	-12.1835	376.036	0	
-9.67296	-13.8421	263.594	0	
42.7951	-12.1835	126.225	0	
33.1604	-13.2995	181.646	0	
-53.1756	-15.7705	397.639	0	
-138.938	-7.6289	315.472	0	
-134.594	-10.3937	507.195	0	
-155.484	-17.2341	561.517	0	
-127.52	-14.6602	703.75	0	
-47.7993	-19.2086	497.806	0	
-31.0758	-17.4153	565.193	0	
48.4507	-19.2086	55.8909	0	
65.1742	-17.4153	51.2289	0	
131.221	-14.31	219.341	0	
153.572	-16.0839	210.403	0	
-157.266	-14.2011	515.488	0	
43.0744	-15.7705	114.802	0	
11.0506	-11.9005	185.881	0	
89.5492	-12.064	227.326	0	
125.528	-11.6848	207.939	0	
119.86	-13.8177	187.973	0	
-167.135	-7.23969	348.437	0	
-192.539	-4.26558	433.084	0	
-133.857	-13.0595	622.081	0	
-129.198	-9.41262	436.295	0	
-228.19	-24.6897	382.697	0	
-128.413	-13.1119	591.919	0	
-132.411	-9.49708	409.555	0	
-132.552	-6.10622	234.812	0	
-166.307	-13.5038	454.931	0	
-108.605	-11.4398	531.499	0	
-130.943	-10.541	430.928	0	
-129.662	-7.54154	293.689	0	
-131.112	-14.0765	620.057	0	
-127.757	-10.8627	471.46	0	
-135.282	-19.8734	865.838	0	
-102.952	-12.0229	549.933	0	
-130.381	-12.4546	598.893	0	
-128.544	-17.3008	874.82	0	
-148.258	-15.1857	620.453	0	
-3.6662	-13.8175	180.74	0	
-125.443	-18.0933	873.117	0	
-125.597	-14.7313	710.274	0	
-62.6835	-17.1843	459.47	0	
-85.1994	-11.9005	525.617	0	
-124.144	-16.6164	800.152	0	
-121.999	-16.5434	814.945	0	
-91.6409	-16.373	728.664	0	
-70.7541	-13.472	461.232	0	
4.6091	-16.373	173.373	0	
25.4959	-13.472	197.504	0	
-110.152	-7.25958	260.652	0	
-116.205	-10.7321	505.548	0	
-13.9017	-7.25958	205.349	0	
-12.3545	-11.4398	248.356	0	
82.3483	-7.25958	227.31	0	
83.8955	-11.4398	222.121	0	
-83.8414	-14.5362	603.301	0	
-76.2546	-10.6507	407.787	0	
12.4086	-14.5362	183.492	0	
19.9954	-10.6507	208.052	0	
-97.6578	-11.3921	534.643	0	
-90.4292	-10.045	415.155	0	
-1.40778	-11.3921	195.823	0	
5.82085	-10.045	187.376	0	
-111.605	-11.7939	508.18	0	
-108.046	-8.66433	406.005	0	
-15.3552	-11.7939	317.335	0	
-11.7958	-8.66433	244.472	0	
80.8948	-11.7939	250.86	0	
84.4542	-8.66433	241.892	0	
-57.7296	-12.6391	372.115	0	
-56.3189	-16.133	434.945	0	
38.5204	-12.6391	136.513	0	
39.9311	-16.133	122.655	0	
-173.564	-2.47004	382.037	0	
-165.151	-8.11045	359.143	0	
157.521	-9.12614	185.144	0	
160.271	-11.5138	204.018	0	
-36.2393	-7.66183	306.779	0	
-40.908	-14.645	497.005	0	
60.0107	-7.66183	192.52	0	
55.342	-14.645	70.2581	0	
92.8124	-13.4707	208.91	0	
138.603	-11.6407	215.475	0	
-114.482	-16.5569	843.795	0	
-119.297	-14.1357	716.17	0	
-106.853	-18.8267	858.534	0	
-90.9091	-14.035	642.333	0	
-63.0896	-13.2995	411.475	0	
-81.2221	-13.5164	565.697	0	
-119.75	-18.497	897.731	0	
-105.923	-13.8421	762.24	0	
-99.9162	-13.8175	711.877	0	
-124.617	-21.7604	964.123	0	
15.0279	-13.5164	188.804	0	
33.5665	-17.1843	155.428	0	
-177.258	-5.78191	415.865	0	
-175.551	-13.7225	470.321	0	
-170.014	-8.10752	389.373	0	
-170.068	-11.6224	418.294	0	
123.346	-14.3333	218.129	0	
130.766	-41.4755	202.815	0	
-117.966	-16.82	796.572	0	
-113.607	-13.3165	663.731	0	
-93.8748	-11.0032	508.072	0	
-93.6138	-16.0889	723.556	0	
2.37524	-11.0032	189.274	0	
2.63623	-16.0889	199.42	0	
-136.481	-15.5337	764.234	0	
46.237	-15.9763	74.4072	0	
-50.013	-15.9763	452.244	0	
-33.8137	-14.565	547.679	0	
-118.828	-25.8063	1103.41	0	
62.4363	-14.565	111.363	0	
-89.2433	-18.71	798.208	0	
-88.6959	-14.349	653.84	0	
7.00668	-18.71	188.83	0	
7.55411	-14.349	179.794	0	
-158.473	-25.925	676.656	0	
-57.5305	-27.6829	584.185	0	
-87.3706	-17.1144	714.864	0	
-82.1404	-18.8236	711.969	0	
-17.0729	-14.4419	377.185	0	
125.77	-16.4577	201.235	0	
8.87942	-17.1144	174.684	0	
14.1096	-18.8236	182.377	0	
218.789	-9.67962	334.784	0	
183.637	-7.09149	290.681	0	
135.243	-14.7675	215.036	0	
140.335	-13.8884	207.141	0	
-181.714	-1.61583	412.945	0	
-173.773	-5.29005	370.878	0	
163.087	-10.0309	194.402	0	
180.465	-1.61583	274.315	0	
-76.9341	-14.5113	548.52	0	
-67.81	-14.1067	441.116	0	
19.3159	-14.5113	193.73	0	
28.44	-14.1067	200.611	0	
-162.174	-17.4716	532.104	0	
-121.07	-22.2371	970.745	0	
-58.6684	-18.9989	479.621	0	
0.81144	-18.779	185.61	0	
37.5816	-18.9989	90.2048	0	
107.856	-15.3565	192.351	0	
138.207	-15.8819	199.33	0	
143.531	-14.1381	205.591	0	
99.901	-16.4959	189.324	0	
79.1771	-14.4419	157.603	0	
-111.48	-20.2273	1031.96	0	
-99.0883	-17.8006	796.12	0	
-27.2006	-15.1171	560.214	0	
-2.83826	-17.8006	231.199	0	
69.0494	-15.1171	141.407	0	
46.6928	-24.0743	47.4693	0	
-166.112	-27.3981	590.533	0	
-68.8837	-22.4837	597.55	0	
-81.3835	-22.9609	826.971	0	
-67.2534	-16.8341	509.223	0	
14.8665	-22.9609	174.727	0	
28.9966	-16.8341	170.102	0	
125.531	-19.801	183.821	0	
145.65	-18.2045	209.347	0	
136.74	-19.4185	212.215	0	
140.986	-21.4915	177.633	0	
-74.1374	-16.0301	550.227	0	
-64.6977	-18.8508	511.566	0	
22.1126	-16.0301	195.485	0	
31.5523	-18.8508	145.898	0	
-95.4386	-18.779	894.844	0	
2.52004	-23.669	212.621	0	
27.3663	-22.4837	150.419	0	
30.7731	-22.4901	144.526	0	
-84.7755	-17.335	690.639	0	
-79.7054	-15.7809	590.043	0	
11.4745	-17.335	182.193	0	
16.5446	-15.7809	187.279	0	
218.255	-34.6155	328.683	0	
132.745	-19.8694	193.011	0	
-152.736	-16.2622	578.891	0	
-150.381	-17.763	655.109	0	
-144.708	-21.2594	794.934	0	
-141.325	-14.5407	634.562	0	
-62.9905	-26.6887	594.763	0	
-11.2357	-19.2992	317.856	0	
33.2595	-26.6887	110.605	0	
116.277	-16.8153	215.017	0	
-128.495	-23.6616	1011.6	0	
19.247	-23.4473	180.339	0	
-188.557	-1.93891	416.588	0	
-196.769	-2.32667	411.033	0	
172.064	-6.00496	224.211	0	
174.369	-7.9727	257.474	0	
197.421	-9.75588	323.687	0	
191.289	-4.26558	315.156	0	
80.6149	-19.5449	186.574	0	
38.7195	-27.6829	71.8433	0	
-73.6736	-19.0863	633.549	0	
-69.7337	-19.2556	583.182	0	
22.5764	-19.0863	171.069	0	
26.5163	-19.2556	170.52	0	
122.174	-26.556	160.729	0	
124.937	-40.2492	163.657	0	
-148.731	-22.1193	759.983	0	
-130.945	-20.0681	907.551	0	
-89.5076	-23.3158	915.871	0	
-77.003	-23.4473	736.966	0	
-71.1732	-25.5223	702.074	0	
-65.4769	-22.4901	600.452	0	
-169.77	-21.2264	552.465	0	
-64.5794	-30.6463	672.413	0	
-139.982	-23.3262	918.319	0	
-137.645	-30.9202	1011.85	0	
-75.3526	-26.6553	744.329	0	
25.0768	-25.5223	157.974	0	
-31.4696	-23.2096	623.641	0	
73.7048	-20.502	103.667	0	
-23.6801	-16.4504	498.19	0	
-15.6351	-19.5449	403.167	0	
72.5699	-16.4504	95.8024	0	
85.0151	-19.3404	144.482	0	
129.698	-22.0559	184.061	0	
117.076	-20.985	166.654	0	
-103.053	-20.9905	1023.38	0	
-93.73	-23.669	906.793	0	
-49.5572	-24.0743	538.338	0	
6.74241	-23.3158	183.088	0	
-184.618	-8.98987	422.247	0	
-185.032	-3.55475	432.033	0	
-206.623	-2.79194	399.293	0	
-179.781	-9.87097	426.585	0	
180.177	-8.24429	278.84	0	
187.785	-10.442	302.625	0	
170.878	-14.4791	247.983	0	
159.464	-15.8639	203.022	0	
-85.4635	-32.3384	897.711	0	
20.8974	-26.6553	161.699	0	
-7.43655	-21.463	263.302	0	
90.9132	-21.5281	137.66	0	
-85.5482	-26.5803	897.537	0	
-18.107	-29.5111	481.012	0	
10.7018	-26.5803	183.808	0	
111.968	-28.0025	173.357	0	
-18.1435	-22.7175	440.544	0	
-22.5452	-20.502	531.836	0	
78.1065	-22.7175	73.0753	0	
64.7804	-23.2096	53.1739	0	
34.1156	-37.3795	123.129	0	
121.506	-22.1434	181.711	0	
-24.1065	-30.9545	516.443	0	
-6.83217	-26.5477	301.583	0	
-130.495	-31.0609	1020.87	0	
174.884	-12.8846	253.396	0	
178.79	-12.8864	287.862	0	
-76.4692	-32.4504	778.28	0	
-69.3552	-29.4863	691.203	0	
-145.697	-34.3804	878.539	0	
-152.057	-27.6463	826.268	0	
19.7808	-32.4504	171.021	0	
26.8948	-29.4863	141.37	0	
1.24121	-36.2378	266.915	0	
13.9656	-32.8618	206.804	0	
184.118	-14.761	297.99	0	
227.701	-6.85826	332.348	0	
133.014	-34.6533	171.778	0	
-106.794	-33.2356	1033.92	0	
31.6706	-30.6463	119.244	0	
-72.173	-34.0637	750.644	0	
-67.7476	-39.8274	728.087	0	
-22.5359	-47.4922	416.758	0	
127.182	-26.4913	177.855	0	
24.077	-34.0637	147.046	0	
28.5024	-39.8274	149.257	0	
-113.39	-24.9987	989.892	0	
-108.048	-28.3672	1113.79	0	
106.947	-24.7538	138.019	0	
92.4297	-27.5266	132.541	0	
-218.447	-3.35033	389.466	0	
-175.995	-19.4449	461.681	0	
191.912	-9.23189	313.945	0	
201.219	-12.4705	328.557	0	
54.1181	-18.9378	41.6982	0	
69.7905	-24.963	45.278	0	
-42.1319	-18.9378	538.148	0	
-26.4595	-24.963	540.505	0	
-192.319	-8.83173	418.656	0	
-201.547	-5.11861	421.4	0	
72.1435	-30.9545	47.4578	0	
128.068	-30.7205	170.459	0	
42.4557	-33.5404	82.4688	0	
78.143	-29.5111	66.1389	0	
-62.1344	-37.3795	655.979	0	
-0.525287	-27.7753	244.885	0	
84.4836	-32.7829	74.1891	0	
208.989	-20.8084	329.242	0	
-28.0097	-38.1045	538.856	0	
123.686	-35.5846	175.103	0	
-53.7943	-33.5404	587.697	0	
-35.3322	-36.6738	564.93	0	
100.921	-29.485	150.959	0	
161.838	-60.3262	299.29	0	
118.807	-29.1208	172.939	0	
116.094	-38.0682	166.888	0	
115.315	-25.5586	151.735	0	
112.121	-35.7127	133.663	0	
60.9178	-36.6738	39.6028	0	
119.433	-33.9202	151.655	0	
120.859	-47.2293	161.463	0	
-183.583	-23.2797	501.408	0	
-95.5796	-32.8724	969.098	0	
-114.065	-35.7792	1114.33	0	
68.2403	-38.1045	51.7998	0	
32.7098	-63.156	212.045	0	
9.60751	-38.8404	226.1	0	
-225.327	-7.3709	381.998	0	
-187.923	-11.9402	436.174	0	
170.297	-36.5037	301.823	0	
163.474	-19.8544	236.391	0	
-196.34	-11.9773	424.361	0	
-194.679	-18.9528	430.304	0	
73.7994	-47.6214	84.2937	0	
207.712	-10.3255	330.258	0	
204.86	-2.4629	329.259	0	
-212.356	-6.14227	400.584	0	
129.252	-50.7796	227.983	0	
133.997	-47.3484	189.735	0	
213.211	-14.7209	332.634	0	
215.594	-2.82136	332.551	0	
-220.733	-37.1938	371.748	0	
103.164	-47.8011	96.0354	0	
189.04	-35.7251	334.217	0	
199.849	-18.9164	331.21	0	
169.619	-18.8059	253.909	0	
139.422	-30.3106	206.343	0	
-55.5317	-23.7287	521.15	0	
-37.3685	-24.4061	570.294	0	
-56.8093	-39.2794	655.374	0	
-45.742	-28.3975	563.624	0	
-52.3145	-47.6453	579.812	0	
-39.2206	-29.0001	591.92	0	
-47.9803	-33.9094	598.031	0	
-43.191	-47.72	617.43	0	
40.7183	-23.7287	86.9716	0	
58.8815	-24.4061	33.3039	0	
39.4407	-39.2794	89.2645	0	
50.508	-28.3975	44.1096	0	
43.9355	-47.6453	105.144	0	
57.0294	-29.0001	36.2591	0	
48.2697	-33.9094	43.2303	0	
53.059	-47.72	67.6945	0	
146.739	-35.2634	201.939	0	
141.083	-48.4033	251.781	0	
-171.12	-37.8728	625.768	0	
-73.0349	-48.8114	796.532	0	
-12.6794	-31.8279	330.393	0	
-7.11451	-38.7862	328.541	0	
-126.706	-35.6751	1074	0	
-120.757	-31.7185	1043.96	0	
-116.584	-45.0329	1020.32	0	
-102.338	-25.7597	975.559	0	
-126.333	-45.697	1020.18	0	
-90.3084	-40.7522	924.246	0	
-232.636	-4.02057	387.82	0	
-213.24	-13.2876	388.689	0	
-83.0809	-48.9441	831.173	0	
112.882	-53.996	184.982	0	
-41.8717	-39.7232	563.077	0	
-36.3206	-55.0703	494.692	0	
-51.4248	-68.4389	546.717	0	
9.79367	-57.9625	287.936	0	
54.3783	-39.7232	61.2487	0	
92.7142	-53.006	152.648	0	
154.638	-31.4481	243.347	0	
162.265	-25.6367	249.678	0	
146.844	-43.5002	238.592	0	
174.146	-25.0927	281.352	0	
-10.5586	-47.7958	393.291	0	
26.2122	-47.5873	180.898	0	
-99.9985	-36.0407	1063.21	0	
-96.6648	-27.4598	1049.12	0	
-98.8599	-43.4908	974.53	0	
-80.4857	-35.5349	897.052	0	
-163.404	-50.9608	641.689	0	
-107.716	-63.4503	818.686	0	
-90.5028	-35.2672	978.252	0	
-94.2465	-45.8076	952.528	0	
155.531	-25.6086	223.421	0	
162.53	-38.6767	259.768	0	
145.406	-55.4476	243.37	0	
154.317	-46.2331	258.394	0	
-213.385	-66.8866	367.056	0	
-68.9458	-57.4799	677.186	0	
-90.1982	-53.4761	858.898	0	
-83.9074	-41.2679	882.307	0	
162.103	-45.2249	296.549	0	
179.505	-41.8783	303.733	0	
-26.1557	-55.5594	492.719	0	
139.16	-65.0425	289.048	0	
197.836	-37.8736	321.777	0	
182.569	-22.1973	315.122	0	
84.0431	-43.7432	69.6983	0	
105.034	-36.7207	160.606	0	
152.77	-54.4151	283.081	0	
130.092	-61.4294	217.86	0	
118.312	-65.1624	238.204	0	
75.0509	-68.8235	184.68	0	
146.414	-81.4576	296.232	0	
-56.4852	-56.245	666.034	0	
36.3201	-53.5053	156.937	0	
64.865	-77.0726	175.787	0	
112.416	-78.8413	227.953	0	
59.9585	-55.1042	112.321	0	
70.2087	-55.7224	98.7191	0	
190.375	-24.8482	317.296	0	
208.311	-28.8887	334.781	0	
178.328	-52.8869	327.263	0	
191.284	-60.8463	314.561	0	
-88.1029	-75.4263	639.989	0	
201.257	-51.9863	329.238	0	
232.766	-30.613	331.264	0	
-94.3526	-64.6703	812.778	0	
-21.2176	-68.4889	431.022	0	
-136.235	-54.5345	822.67	0	
-75.0762	-70.6121	652.624	0	
-135.57	-69.1305	694.35	0	
17.1658	-67.2349	253.364	0	
-40.3839	-67.1895	526.878	0	
-31.1675	-76.4316	451.872	0	
-40.0545	-114.942	375.784	0	
12.3999	-80.9419	318.518	0	
-62.4004	-77.8089	584.622	0	
87.3127	-69.9851	145.929	0	
42.2377	-72.0126	214.849	0	
55.7444	-67.659	169.45	0	
40.1802	-103.505	299.453	0	
95.4064	-81.6752	263.203	0	
28.0081	-85.7304	257.113	0	
122.096	-92.0535	292.852	0	
161.728	-77.7738	312.875	0	
-193.993	-43.518	413.373	0	
15.2296	-47.9657	223.837	0	
-2.66107	-58.4408	332.209	0	
-9.7003	-71.0667	384.691	0	
-2.01149	-84.2955	344.589	0	
-119.078	-74.1502	680.281	0	
-32.1741	-91.5468	411.819	0	
-46.1975	-98.0428	441.915	0	
174.139	-96.1654	307.43	0	
-93.5477	-95.5998	494.844	0	
177.439	-132.495	293.574	0	
-14.5355	-96.8328	375.276	0	
214.807	-50.7788	328.933	0	
227.722	-62.6715	317.778	0	
-226.174	-52.2763	375.397	0	
140.1	-95.1239	301.034	0	
65.7718	-108.2	261.149	0	
71.1759	-93.9508	273.311	0	
-196.369	-62.35	410.073	0	
-111.16	-95.5437	513.845	0	
-0.0955761	-124.944	315.195	0	
140.341	-120.541	297.799	0	
149.26	-111.77	299.92	0	
224.915	-82.6931	311.409	0	
-149.645	-83.0905	497.903	0	
-181.387	-78.8859	401.838	0	
-223.27	-87.3322	333.551	0	
206.301	-97.3985	304.625	0	
-122.3	-109.469	408.262	0	
89.4554	-97.3917	231.899	0	
115.761	-106.486	273.887	0	
94.5914	-125.39	273.641	0	
100.129	-108.99	296.416	0	
-212.53	-108.31	320.417	0	
-187.663	-104.4	355.951	0	
-61.1884	-90.7965	461.724	0	
-17.3938	-112.921	383.992	0	
118.793	-131.494	284.649	0	
78.5133	-128.04	295.823	0	
145.868	-135.276	298.101	0	
29.3462	-123.276	282.803	0	
-50.7969	-127.592	399.728	0	
124.844	-118.328	300.191	0	
104.171	-136.052	300.389	0	
164.24	-142.504	300.065	0	
167.986	-116.495	305.643	0	
100.66	-156.977	284.184	0	
131.518	-141.125	299.327	0	
68.4008	-148.446	278.826	0	
208.027	-119.4	295.642	0	
190.911	-84.7228	320.287	0	
-79.309	-103.773	466.388	0	
-75.0605	-123.67	390.207	0	
-150.767	-144.01	344.636	0	
-166.751	-116.842	361.567	0	
-117.627	-141.298	358.798	0	
196.992	-135.207	294.869	0	
-237.04	-135.177	317.349	0	
210.321	-157.735	290.09	0	
231.512	-122.086	293.579	0	
233.724	-149.676	287.569	0	
-94.1678	-149.074	370.194	0	
44.8253	-148.377	300.492	0	
