# File: UnstructuredGrid_Inversion_L0_Coarse_Iter02.dat
# (No specific header documentation)

-161.25	-0.496475	180.77	0	
-159.375	-0.668155	238.97	0	
-65.625	-0.431516	197.468	0	
30.625	-0.431516	210.58	0	
-144.294	-102.036	397.183	0	
126.875	-0.668155	185.718	0	
31.875	-0.668155	206.237	0	
-165.826	-72.3824	459.942	0	
-64.375	-0.668155	208.148	0	
-120.32	-2.91409	180.989	0	
-147.888	-47.073	663.416	0	
-143.958	-2.01633	192.554	0	
-158.741	-19.8395	618.804	0	
-159.808	-14.2913	511.182	0	
-115.104	-1.86538	176.992	0	
-108.175	-49.9394	774.021	0	
-66.354	-1.86538	196.479	0	
-138.854	-1.86538	195.893	0	
-156.794	-6.05848	295.113	0	
-148.75	-1.09967	200.932	0	
-145.208	-2.72654	197.695	0	
-146.458	-2.01633	198.019	0	
-125.881	-3.06027	185.881	0	
-154.094	-4.85908	257.82	0	
-157.708	-2.01633	236.753	0	
-151.071	-10.8319	465.205	0	
-154.792	-2.72654	227.375	0	
-158.77	-3.86216	244.606	0	
125.625	-0.431516	195.236	0	
-24.0702	-2.91409	204.868	0	
-157.76	-5.35468	267.961	0	
-46.4583	-2.01633	195.762	0	
-157.292	-2.72654	229.529	0	
-160.13	-11.9534	450.627	0	
-18.854	-1.86538	196.676	0	
-151.295	-2.8545	224.556	0	
29.896	-1.86538	198.705	0	
-42.604	-1.86538	191.782	0	
-169.22	-2.04966	328.171	0	
-53.75	-1.09967	194.819	0	
-165.6	-1.76839	289.305	0	
-167.3	-0.925681	281.093	0	
-62.2917	-2.72654	203.938	0	
-171.389	-5.89642	363.773	0	
-61.0417	-3.47328	204.6	0	
-164.269	-10.8597	411.825	0	
-59.7917	-2.72654	201.43	0	
-68.125	-0.36089	194.402	0	
-65.5207	-2.1669	199.709	0	
-87.5	-1.09967	172.874	0	
-158.125	-0.431516	232.908	0	
-156.875	-0.668155	256.738	0	
-80.5207	-2.1669	190.22	0	
-157.5	-1.09967	199.687	0	
-70.625	-0.431516	194.968	0	
79.375	-0.668155	219.219	0	
-154.375	-0.668155	258.379	0	
55.625	-0.668155	218.926	0	
-153.125	-0.431516	241.685	0	
-150.625	-0.366631	225.986	0	
38.5417	-2.01633	210.375	0	
-153.75	-1.09967	223.322	0	
49.7917	-2.01633	209.419	0	
-155.625	-0.431516	243.546	0	
72.1798	-2.91409	211.869	0	
-162.583	-1.33918	216.438	0	
-60	-1.09967	189.877	0	
-149.375	-0.431516	224.14	0	
-155	-1.09967	197.609	0	
31.0415	-5.36053	219.693	0	
-148.125	-0.668155	228.416	0	
31.0341	-3.06466	205.617	0	
-146.875	-0.431516	219.554	0	
-147.5	-1.09967	171.104	0	
36.875	-0.668155	211.255	0	
32.7083	-2.01633	208.763	0	
-144.375	-0.431516	206.841	0	
28.125	-0.36089	200.315	0	
-137.5	-1.09967	196.512	0	
-139.375	-0.366631	194.175	0	
25.625	-0.431516	197.499	0	
-143.125	-0.668155	211.806	0	
33.75	-1.09967	210.584	0	
-143.75	-1.09967	198.055	0	
34.375	-0.668155	207.377	0	
8.75	-1.09967	195.911	0	
-136.875	-0.668155	188.054	0	
183.782	-3.55475	261.742	0	
-135.625	-0.431516	201.454	0	
-135	-0.798148	181.456	0	
135.922	-2.00504	202.097	0	
-136.25	-1.09967	187.619	0	
149.65	-2.73747	214.034	0	
131.936	-4.3008	206.51	0	
-131.25	-0.798148	186.709	0	
129.003	-2.80091	193.768	0	
-122.604	-1.86538	179.139	0	
-128.75	-1.09967	186.24	0	
129.375	-0.668155	181.81	0	
-130.625	-0.431516	196.017	0	
133.125	-0.668155	205.446	0	
-130	-1.09967	192.788	0	
141.875	-0.668155	217.066	0	
-138.125	-0.431516	202.332	0	
15.7293	-2.1669	191.717	0	
128.75	-1.09967	197.6	0	
-121.25	-1.09967	176.056	0	
120.625	-0.431516	184.779	0	
-121.875	-0.431516	178.59	0	
-120.625	-0.668155	190.634	0	
110.744	-2.06993	188.269	0	
-123.125	-0.366631	191.509	0	
123.125	-0.36089	190.037	0	
-116.875	-0.36089	176.706	0	
-120	-1.09967	178.507	0	
-133.661	-2.93321	186.692	0	
-115.625	-0.366631	181.284	0	
-114.375	-0.431516	177.773	0	
-127.5	-0.798148	185.571	0	
-113.75	-1.09967	173.981	0	
-119.375	-0.431516	179.711	0	
-115	-0.798148	183.28	0	
100.625	-0.431516	177.077	0	
-93.125	-0.668155	169.809	0	
-112.5	-1.09967	176.708	0	
-103.125	-0.668155	177.955	0	
-111.25	-0.798148	180.131	0	
-103.75	-1.09967	181.087	0	
-114.271	-2.1669	177.187	0	
-111.875	-0.431516	174.228	0	
-110.328	-2.00504	176.405	0	
-111.994	-2.06993	180.869	0	
-108.125	-0.431516	180.505	0	
-141.875	-0.431516	200.84	0	
-104.375	-0.431516	177.906	0	
-95.104	-1.86538	175.791	0	
-142.5	-1.09967	182.014	0	
-105.625	-0.366631	177.121	0	
-110.625	-0.366631	177.419	0	
-108.75	-1.09967	180.18	0	
-109.375	-0.668155	177.958	0	
-113.125	-0.668155	187.128	0	
-104.405	-3.52006	182.502	0	
-128.125	-0.431516	197.096	0	
127.708	-2.01633	192.194	0	
-102.5	-1.09967	185.499	0	
43.125	-0.668155	220.78	0	
-129.375	-0.668155	183.171	0	
-101.875	-0.431516	176.008	0	
-133.125	-0.668155	205.527	0	
-99.375	-0.668155	178.002	0	
-101.25	-0.798148	174.911	0	
-90.9973	-2.80091	183.53	0	
-134.375	-0.366631	188.225	0	
-95.625	-0.366631	168.509	0	
-150.089	-1.76841	210.218	0	
-73.854	-1.86538	189.128	0	
-92.5	-1.09967	184.356	0	
-148.968	-2.99641	207.013	0	
-94.375	-0.431516	173.96	0	
-151.875	-0.668155	238.157	0	
-93.75	-1.09967	178.388	0	
-135.744	-2.06993	188.493	0	
-149.256	-2.06993	210.21	0	
-88.75	-0.798148	180.395	0	
-147.292	-2.01633	209.92	0	
-81.354	-1.86538	180.592	0	
-86.25	-1.09967	177.476	0	
-146.25	-1.09967	198.665	0	
-88.125	-0.431516	173.011	0	
-145.625	-0.668155	223.853	0	
-156.042	-2.01633	227.3	0	
-81.875	-0.366631	188.664	0	
-150	-0.798148	195.505	0	
-79.375	-0.668155	194.468	0	
-73.75	-0.798148	193.594	0	
-153.542	-2.01633	222.531	0	
-80.625	-0.431516	181.815	0	
-155.208	-2.01633	242.327	0	
-85.625	-0.431516	177.174	0	
-156.25	-1.09967	236.451	0	
-91.875	-0.431516	176.444	0	
-138.75	-0.798148	187.851	0	
-158.75	-1.09967	222.417	0	
-72.5	-1.09967	184.808	0	
-20.625	-0.36089	197.911	0	
-73.125	-0.431516	191.667	0	
-71.875	-0.668155	202.381	0	
-23.125	-0.431516	198.658	0	
-74.375	-0.366631	198.5	0	
-158.542	-2.01633	221.21	0	
-31.25	-0.798148	196.128	0	
-71.25	-1.09967	189.333	0	
3.125	-0.668155	189.198	0	
-66.875	-0.366631	203.761	0	
30.7293	-2.1669	201.996	0	
-14.0777	-2.00504	199.485	0	
-65	-1.09967	190.691	0	
-8.15454	-3.52006	196.983	0	
-66.25	-0.798148	199.372	0	
-37.4111	-2.93321	197.635	0	
-18.0207	-2.1669	195.23	0	
-63.125	-0.431516	200.583	0	
-15.7444	-2.06993	197.908	0	
-60.625	-0.431516	201.321	0	
-59.375	-0.668155	207.422	0	
-14.375	-0.366631	207.181	0	
-61.875	-0.668155	207.842	0	
-13.125	-0.668155	214.152	0	
-46.875	-0.431516	198.427	0	
-58.125	-0.431516	200.84	0	
-33.125	-0.668155	194.103	0	
-54.375	-0.431516	201.937	0	
-53.125	-0.668155	195.19	0	
-41.7707	-2.1669	190.333	0	
-55.625	-0.366631	199.622	0	
-41.4106	-3.16569	195.189	0	
-58.75	-1.09967	195.147	0	
-44.375	-0.36089	194.973	0	
-62.5	-1.09967	191.519	0	
-6.875	-0.668155	200.609	0	
-78.75	-1.09967	180.384	0	
-152.5	-1.09967	191.661	0	
-39.4944	-2.06993	190.78	0	
-51.875	-0.431516	199.48	0	
-56.875	-0.668155	207.911	0	
-49.375	-0.431516	195.366	0	
-48.125	-0.668155	188.844	0	
-55.0889	-1.76841	195.36	0	
-48.75	-1.09967	194.669	0	
-38.125	-0.366631	193.463	0	
-42.5	-0.798148	187.436	0	
-41.25	-1.09967	190.102	0	
-50.625	-0.668155	194.136	0	
-41.875	-0.431516	199.685	0	
-40.625	-0.668155	193.641	0	
-52.2917	-2.01633	195.982	0	
-43.125	-0.366631	190.85	0	
-54.2556	-2.06993	197.788	0	
-47.5	-1.09967	195.728	0	
-53.9679	-2.99641	197.828	0	
-61.25	-1.09967	194.353	0	
-39.375	-0.431516	195.412	0	
-62.7083	-2.01633	198.504	0	
-33.75	-1.09967	183.558	0	
-35	-0.798148	181.742	0	
-55	-0.798148	191.338	0	
-38.75	-0.798148	191.251	0	
-61.0417	-2.01633	199.251	0	
-57.5	-1.09967	184.81	0	
-26.354	-1.86538	190.62	0	
-63.5417	-2.01633	201.536	0	
-31.875	-0.431516	195.217	0	
-25	-1.09967	183.871	0	
-69.375	-0.668155	204.903	0	
-32.5	-1.09967	185.042	0	
-63.75	-1.09967	189.136	0	
-34.375	-0.431516	194.565	0	
-58.5417	-2.01633	196.98	0	
-40	-1.09967	188.546	0	
-51.25	-1.09967	192.401	0	
-73.0207	-2.1669	195.924	0	
-25.625	-0.431516	197.122	0	
-71.0417	-2.01633	193.975	0	
-18.75	-0.798148	199.626	0	
-23.75	-1.09967	197.993	0	
-70	-1.09967	186.263	0	
-24.375	-0.668155	200.934	0	
-67.5054	-1.48403	195.171	0	
-78.125	-0.431516	186.1	0	
-19.375	-0.366631	205.44	0	
-80	-1.09967	176.986	0	
-16.875	-0.668155	213.1	0	
-16.25	-1.09967	191.537	0	
93.5212	-2.84299	189.942	0	
-18.125	-0.431516	203.308	0	
-91.4583	-2.01633	178.976	0	
-17.5	-1.09967	186.539	0	
-75.625	-0.36089	185.221	0	
82.5446	-2.8545	208.659	0	
-15	-0.798148	198.263	0	
101.503	-2.80091	188.968	0	
-12.5	-1.09967	194.104	0	
-11.875	-0.431516	212.026	0	
83.125	-0.668155	198.182	0	
-7.5	-1.09967	221.991	0	
89.375	-0.668155	210.899	0	
81.875	-0.366631	209.493	0	
-8.125	-0.431516	209.981	0	
73.125	-0.431516	217.92	0	
-6.25	-1.09967	217.35	0	
-5.625	-0.431516	210.772	0	
66.6193	-3.06027	213.154	0	
1.14595	-1.86538	196.156	0	
75.625	-0.36089	213.012	0	
-9.375	-0.366631	206.726	0	
80.5056	-2.06993	208.952	0	
-15.625	-0.431516	209.642	0	
99.375	-0.668155	188.161	0	
-26.875	-0.366631	196.464	0	
-67.5	-0.727521	198.74	0	
-52.5	-1.09967	188.901	0	
-36.875	-0.668155	196.504	0	
-137.661	-3.16569	197.607	0	
-5	-0.798148	198.621	0	
-3.125	-0.668155	205.696	0	
63.125	-0.668155	221.793	0	
2.5	-1.09967	198.866	0	
0.625	-0.366631	192.368	0	
58.4223	-2.00504	212.192	0	
59.375	-0.668155	216.489	0	
1.875	-0.431516	193.8	0	
58.125	-0.366631	217.159	0	
3.75	-1.09967	192.936	0	
4.375	-0.431516	191.126	0	
51.875	-0.36089	211.256	0	
22.396	-1.86538	190.402	0	
56.7556	-2.06993	211.81	0	
7.5	-0.798148	195.906	0	
65.9223	-2.00504	210.024	0	
42.2821	-2.99641	215.316	0	
8.125	-0.431516	185.212	0	
41.9944	-2.06993	213.864	0	
10	-1.09967	192.61	0	
10.625	-0.431516	185.193	0	
45.625	-0.668155	214.644	0	
14.896	-1.86538	187.69	0	
53.75	-0.798148	212.801	0	
45	-1.09967	206.177	0	
15.625	-0.431516	189.65	0	
41.1611	-1.76841	213.299	0	
22.5	-0.798148	190.306	0	
17.5	-1.09967	192.259	0	
33.5417	-2.01633	205.302	0	
16.875	-0.668155	183.693	0	
39.375	-0.668155	214.353	0	
14.375	-0.366631	179.487	0	
43.9583	-2.01633	213.903	0	
23.75	-1.09967	190.957	0	
49.375	-0.431516	213.448	0	
37.7083	-2.01633	213.16	0	
21.875	-0.366631	180.849	0	
35	-1.09967	202.236	0	
24.375	-0.668155	189.09	0	
30	-0.798148	191.742	0	
35.2083	-2.01633	210.76	0	
23.125	-0.431516	197.512	0	
38.75	-1.09967	212.069	0	
28.7446	-1.48403	198.39	0	
31.25	-1.09967	195.313	0	
28.75	-0.727521	200.216	0	
125.729	-2.1669	192.212	0	
32.5	-1.09967	195.056	0	
25.2083	-2.01633	194.654	0	
29.375	-0.366631	193.26	0	
23.2293	-2.1669	195.162	0	
25	-1.09967	197.614	0	
26.875	-0.668155	190.601	0	
20.625	-0.36089	188.212	0	
36.25	-1.09967	209.341	0	
4.79167	-2.01633	191.636	0	
42.5	-1.09967	205.958	0	
37.5	-1.09967	199.477	0	
16.25	-1.09967	188.404	0	
35.625	-0.431516	215.359	0	
18.125	-0.431516	185.689	0	
151.875	-0.431516	225.511	0	
40.625	-0.366631	218.888	0	
149.375	-0.431516	216.587	0	
53.646	-1.86538	207.847	0	
43.75	-1.09967	203.462	0	
149.529	-1.8473	216.283	0	
41.875	-0.431516	216.861	0	
144.672	-2.00504	216.452	0	
38.125	-0.431516	216.729	0	
154.375	-0.36089	213.644	0	
33.125	-0.431516	211.394	0	
26.25	-1.09967	196.861	0	
44.375	-0.431516	220.585	0	
41.25	-0.798148	216.803	0	
143.006	-2.06993	212.266	0	
47.5	-1.09967	209.067	0	
138.75	-0.727521	209.118	0	
48.125	-0.668155	212.505	0	
48.75	-1.09967	206.449	0	
136.875	-0.668155	203.763	0	
46.875	-0.431516	217.031	0	
144.375	-0.366631	217.328	0	
140	-0.798148	200.007	0	
53.125	-0.366631	210.273	0	
135.625	-0.366631	210.642	0	
77.396	-1.86538	206.135	0	
56.25	-1.09967	208.824	0	
130.625	-0.366631	196.312	0	
54.375	-0.431516	211.408	0	
134.256	-2.06993	196.739	0	
55	-1.09967	200.904	0	
136.619	-3.06027	200.773	0	
121.875	-0.668155	178.461	0	
57.5	-0.798148	205.376	0	
61.25	-0.798148	218.949	0	
62.5	-1.09967	207.062	0	
61.875	-0.431516	220.146	0	
118.229	-2.1669	192.543	0	
56.875	-0.431516	217.238	0	
123.745	-1.48403	190.933	0	
120.208	-2.01633	189.938	0	
69.896	-1.86538	210.723	0	
115.625	-0.36089	179.978	0	
64.375	-0.431516	220.825	0	
71.25	-1.09967	203.668	0	
113.125	-0.431516	180.05	0	
63.75	-1.09967	207.526	0	
121.25	-1.09967	195.203	0	
69.375	-0.366631	216.891	0	
123.75	-0.727521	187.684	0	
91.25	-0.798148	196.967	0	
131.161	-1.76841	193.962	0	
106.875	-0.431516	175.976	0	
70.625	-0.431516	219.441	0	
-116.255	-1.48403	178.249	0	
77.5	-0.798148	202.729	0	
72.5	-1.09967	193.328	0	
-121.771	-2.1669	183.021	0	
71.875	-0.668155	225.227	0	
-118.125	-0.668155	187.742	0	
-119.792	-2.01633	180.8	0	
76.875	-0.366631	219.153	0	
-123.75	-0.727521	190.399	0	
124.896	-1.86538	191.145	0	
80	-1.09967	195.061	0	
-125.625	-0.668155	194.779	0	
78.125	-0.431516	208.759	0	
-118.75	-1.09967	176.928	0	
78.75	-1.09967	199.016	0	
-116.25	-0.727521	184.43	0	
-86.875	-0.668155	184.926	0	
81.25	-0.798148	207.419	0	
-90.625	-0.668155	171.441	0	
83.75	-1.09967	199.761	0	
84.375	-0.431516	207.842	0	
-92.2917	-2.01633	179.01	0	
88.75	-1.09967	179.609	0	
-98.9788	-2.84299	169.019	0	
-98.125	-0.431516	174.385	0	
88.125	-0.431516	192.768	0	
-109.955	-2.8545	184.934	0	
90	-1.09967	176.235	0	
90.625	-0.431516	185.014	0	
-95	-0.798148	181.732	0	
97.396	-1.86538	183.389	0	
-98.75	-1.09967	170.427	0	
86.875	-0.366631	203.538	0	
-91.25	-1.09967	179.638	0	
80.625	-0.431516	205.165	0	
-94.2707	-2.1669	178.136	0	
101.042	-2.01633	184.584	0	
145.625	-0.668155	235.082	0	
-100.625	-0.366631	174.492	0	
93.125	-0.668155	180.535	0	
-105.089	-1.76841	180.8	0	
96.875	-0.366631	183.125	0	
98.75	-1.09967	181.672	0	
-106.875	-0.668155	176.752	0	
-105	-0.798148	186.616	0	
117.396	-1.86538	188.024	0	
-107.5	-1.09967	189.821	0	
105	-1.09967	191.844	0	
103.75	-0.798148	182.403	0	
-111.161	-1.76841	178.839	0	
100	-1.09967	184.82	0	
-108.542	-2.01633	184.241	0	
98.125	-0.431516	177.173	0	
-113.909	-3.16789	179.52	0	
-140.625	-0.36089	212.92	0	
111.25	-1.09967	189.472	0	
-134.078	-2.00504	182.905	0	
109.375	-0.366631	177.125	0	
110.625	-0.431516	176.62	0	
-122.5	-0.798148	189.454	0	
106.25	-1.09967	186.415	0	
-140.005	-1.48403	195.664	0	
-126.875	-0.366631	179.828	0	
117.5	-0.798148	193.341	0	
-131.339	-1.76841	184.84	0	
118.75	-1.09967	189.721	0	
116.875	-0.366631	174.069	0	
-134.911	-1.76841	185.156	0	
112.5	-1.09967	198.946	0	
-131.875	-0.366631	187.77	0	
111.875	-0.668155	174.131	0	
-128.244	-2.06993	188.695	0	
104.375	-0.431516	177.656	0	
-110	-1.03479	184.922	0	
-151.25	-1.03479	208.657	0	
119.375	-0.668155	181.991	0	
-139.484	-2.19037	185.364	0	
120	-1.09967	200.138	0	
126.25	-1.09967	192.095	0	
-140	-0.727521	185.185	0	
125	-0.798148	189.152	0	
-150.922	-2.00504	211.602	0	
-144.792	-2.01633	203.829	0	
172.314	-2.47004	224.986	0	
-20.0054	-1.48403	198.494	0	
128.125	-0.431516	190.052	0	
132.5	-1.09967	185.467	0	
-25.5207	-2.1669	199.37	0	
127.5	-1.09967	194.975	0	
-21.875	-0.668155	202.055	0	
124.375	-0.366631	180.976	0	
-145	-1.09967	165.414	0	
-23.5417	-2.01633	188.075	0	
131.875	-0.431516	191.772	0	
-27.5	-0.727521	189.697	0	
133.75	-1.09967	195.756	0	
134.375	-0.431516	195.257	0	
-29.375	-0.668155	197.914	0	
139.896	-1.86538	206.42	0	
-22.5	-1.09967	171.379	0	
9.375	-0.668155	182.794	0	
141.25	-1.09967	204.735	0	
5.625	-0.668155	186.873	0	
140.625	-0.431516	219.062	0	
156.146	-1.86538	202.018	0	
3.95833	-2.01633	195.373	0	
139.375	-0.366631	203.241	0	
-2.72879	-2.84299	195.956	0	
135	-0.798148	198.162	0	
1.97929	-2.1669	194.537	0	
131.25	-0.798148	194.973	0	
-20	-0.727521	193.382	0	
118.125	-0.431516	188.897	0	
-133.75	-1.03479	179.011	0	
-1.875	-0.431516	193.848	0	
143.125	-0.431516	217.412	0	
-13.7054	-2.8545	198.051	0	
150	-1.09967	205.025	0	
146.25	-1.09967	200.661	0	
1.25	-0.798148	194.833	0	
143.75	-0.798148	216.065	0	
-2.5	-1.09967	196.789	0	
-4.375	-0.366631	199.144	0	
150.625	-0.668155	225.023	0	
-8.83895	-1.76841	206.803	0	
151.25	-1.09967	211.532	0	
157.5	-1.09967	204.054	0	
-17.6594	-3.16789	190.898	0	
156.25	-0.798148	189.759	0	
-10.625	-0.668155	218.219	0	
148.125	-0.366631	216.268	0	
-5.74439	-2.06993	195.008	0	
-12.2917	-2.01633	203.842	0	
156.875	-0.431516	188.493	0	
-14.9111	-1.76841	200.069	0	
158.958	-1.16463	169.995	0	
160	-0.496475	155.214	0	
-13.75	-1.03479	205.352	0	
158.125	-0.668155	149.345	0	
-11.25	-1.09967	205.749	0	
-43.7554	-1.48403	192.098	0	
159.338	-2.74918	160.434	0	
-26.25	-0.798148	197.58	0	
164.35	-1.76839	183.712	0	
166.05	-0.925681	188.03	0	
-31.9944	-2.06993	197.815	0	
155.521	-4.78762	196.835	0	
-37.8277	-2.00504	190.421	0	
161.333	-1.33918	158.978	0	
-45.625	-0.668155	193.591	0	
155.625	-0.366631	198.277	0	
-8.75	-0.798148	203.963	0	
-35.625	-0.366631	191.329	0	
174.762	-1.34606	230.002	0	
-38.6611	-1.76841	190.392	0	
177.527	-2.9619	247.156	0	
168.496	-7.04709	210.278	0	
-37.5	-1.03479	186.37	0	
166.796	-10.6094	216.188	0	
-35.0889	-1.76841	187.44	0	
-55.9223	-2.00504	196.142	0	
154.805	-6.09945	192.191	0	
-43.75	-0.727521	194.762	0	
119.775	-42.5718	164.806	0	
169.138	-29.3032	265.643	0	
-47.2917	-2.01633	189.509	0	
199.784	-4.78957	298.398	0	
-51.0417	-2.72654	198.167	0	
177.385	-6.05361	242.524	0	
-56.25	-1.03479	191.285	0	
-50	-1.09967	191.447	0	
-68.75	-1.02905	187.637	0	
-66.9845	-2.19037	198.805	0	
-49.7917	-2.01633	194.321	0	
28.7125	-3.24559	205.815	0	
-75.0054	-1.48403	188.649	0	
-79.0702	-2.91409	192.308	0	
-76.875	-0.668155	196.192	0	
-71.5702	-2.91409	198.322	0	
168.693	-54.0604	292.119	0	
-46.25	-1.09967	184.533	0	
167.97	-2.04966	186.574	0	
-30.625	-0.366631	193.804	0	
142.5	-1.09967	206.778	0	
5	-1.09967	199.276	0	
-75	-0.727521	194.854	0	
-101.994	-2.06993	176.212	0	
-78.5417	-2.01633	185.744	0	
65	-0.798148	201.158	0	
-77.5	-1.09967	179.448	0	
-82.5	-0.727521	190.61	0	
-84.375	-0.668155	187.771	0	
98.2293	-2.1669	187.504	0	
105.625	-0.668155	173.009	0	
92.1723	-2.00504	190.936	0	
101.875	-0.668155	184.269	0	
100.208	-2.01633	187.254	0	
101.25	-1.09967	182.997	0	
94.375	-0.431516	191.073	0	
93.75	-1.09967	188.694	0	
88.0955	-3.52006	196.284	0	
97.5	-0.798148	194.313	0	
90.5056	-2.06993	199.475	0	
91.875	-0.366631	191.591	0	
85.625	-0.668155	192.219	0	
87.4111	-1.76841	193.685	0	
82.1723	-2.00504	201.093	0	
87.5	-0.798148	199.345	0	
83.9583	-2.01633	204.139	0	
85	-1.09967	207.034	0	
81.3389	-1.76841	204.435	0	
82.5	-1.03479	206.341	0	
74.375	-0.668155	221.709	0	
76.2446	-1.48403	209.481	0	
70.7293	-2.1669	211.316	0	
76.25	-0.727521	216.43	0	
72.7083	-2.01633	216.429	0	
73.75	-1.09967	208.998	0	
68.75	-0.727521	215.221	0	
66.875	-0.668155	213.035	0	
58.8389	-2.93321	210.782	0	
70	-0.798148	202.388	0	
64.2556	-2.06993	211.257	0	
65.625	-0.366631	212.941	0	
60.625	-0.366631	219.433	0	
61.1611	-1.76841	213.804	0	
57.5889	-1.76841	212.018	0	
58.75	-1.03479	211.792	0	
50.625	-0.668155	208.219	0	
52.4946	-1.48403	208.813	0	
45.2083	-2.72654	213.884	0	
52.5	-0.727521	205.335	0	
48.9583	-2.01633	210.904	0	
50	-1.09967	203.288	0	
46.25	-1.09967	211.051	0	
46.4583	-2.01633	213.73	0	
40	-1.03479	209.761	0	
40.3277	-2.00504	214.946	0	
27.5	-1.02905	200.2	0	
29.2655	-2.19037	198.823	0	
24.6798	-2.91409	199.801	0	
121.042	-2.01633	192.219	0	
19.375	-0.668155	180.098	0	
21.2446	-1.48403	188.918	0	
17.1798	-2.91409	194.155	0	
21.25	-0.727521	190.847	0	
17.7083	-2.01633	189.793	0	
18.75	-1.09967	192.524	0	
13.75	-0.727521	191.32	0	
11.875	-0.668155	183.546	0	
153.125	-0.668155	211.267	0	
154.995	-1.48403	207.001	0	
145.155	-3.05088	212.296	0	
155	-0.727521	204.606	0	
151.458	-2.01633	218.819	0	
152.5	-1.09967	219.39	0	
146.875	-0.431516	231.658	0	
148.696	-1.54577	211.831	0	
147.758	-2.24637	207.636	0	
148.75	-0.798148	220.375	0	
143.839	-1.76841	210.334	0	
145	-1.03479	200.845	0	
138.125	-0.36089	206.974	0	
138.745	-1.48403	204.764	0	
135.089	-1.76841	199.899	0	
136.25	-1.03479	202.355	0	
130	-1.03479	201.357	0	
130.328	-2.00504	191.26	0	
122.5	-1.02905	201.076	0	
124.266	-2.19037	190.38	0	
119.68	-2.91409	195.045	0	
156.979	-2.1669	173.691	0	
114.375	-0.668155	179.222	0	
116.245	-1.48403	184.512	0	
112.163	-2.94281	190.234	0	
116.25	-0.727521	185.967	0	
112.708	-2.01633	182.417	0	
113.75	-1.09967	182.061	0	
108.125	-0.668155	174.214	0	
109.911	-1.76841	185.981	0	
-117.5	-1.02905	178.434	0	
-115.734	-2.19037	179.556	0	
-138.021	-2.1669	183.877	0	
-67.5375	-3.24559	201.152	0	
-124.375	-0.36089	182.943	0	
-123.755	-1.48403	182.443	0	
-88.0056	-2.06993	184.846	0	
-81.25	-0.798148	188.209	0	
-86.0417	-2.01633	178.557	0	
-85	-1.09967	173.724	0	
-89.375	-0.366631	176.505	0	
-88.8389	-1.76841	176.712	0	
-96.875	-0.36089	171.213	0	
-96.2554	-1.48403	173.192	0	
-95.7345	-2.19037	178.349	0	
-96.25	-0.727521	182.488	0	
-101.161	-1.76841	181.031	0	
-100	-1.03479	183.409	0	
-106.25	-1.03479	183.059	0	
-105.922	-2.00504	178.003	0	
-70.2083	-2.01633	197.061	0	
-100.328	-2.00504	171.547	0	
-141.25	-0.792406	187.907	0	
-140.814	-2.07688	184.733	0	
-153.54	-3.47677	231.611	0	
-123.787	-3.24559	188.159	0	
-127.411	-1.76841	182.592	0	
-126.25	-1.03479	179.407	0	
-132.5	-1.03479	175.454	0	
-132.172	-2.00504	189.591	0	
-118.958	-2.01633	180.302	0	
-126.578	-2.00504	180.873	0	
-202.353	-21.532	422.707	0	
-119.833	-3.79821	185.667	0	
-21.25	-1.02905	197.566	0	
-19.4845	-2.19037	194.827	0	
-27.5375	-3.24559	210.223	0	
5.25269	-2.80091	196.126	0	
-28.125	-0.36089	194.853	0	
-27.5054	-1.48403	190.809	0	
8.24439	-2.06993	192.048	0	
15	-0.798148	191.801	0	
10.2083	-2.01633	190.411	0	
11.25	-1.09967	189.03	0	
6.875	-0.366631	189.192	0	
7.41105	-1.76841	192.402	0	
-0.625	-0.36089	196.658	0	
-0.00541199	-1.48403	196.735	0	
0.51554	-2.19037	198.376	0	
0	-0.727521	198.795	0	
-4.91105	-1.76841	206.124	0	
-3.75	-1.03479	201.792	0	
-10	-1.03479	199.562	0	
-9.67228	-2.00504	203.135	0	
26.0417	-2.01633	198.121	0	
-4.07772	-2.00504	197.062	0	
-45	-1.02905	190.662	0	
-43.2345	-2.19037	190.004	0	
-50.2083	-2.72654	199.081	0	
-29.6307	-3.06027	202.245	0	
-31.1611	-1.76841	188.193	0	
-30	-1.03479	183.059	0	
-36.25	-1.03479	185.984	0	
-35.9223	-2.00504	187.221	0	
-22.7083	-2.01633	201.203	0	
-30.3277	-2.00504	192.812	0	
-60.2083	-2.01633	200.589	0	
-51.4583	-2.01633	194.305	0	
-68.3387	-1.78555	197.95	0	
-68.4751	-2.84652	197.806	0	
-76.25	-1.02905	182.652	0	
-74.4845	-2.19037	193.152	0	
-77.7083	-2.01633	189.411	0	
-105.61	-4.06799	178.068	0	
-83.125	-0.36089	176.651	0	
-82.5054	-1.48403	180.44	0	
104.494	-2.06993	185.09	0	
110	-0.798148	195.6	0	
106.458	-2.01633	185.945	0	
107.5	-1.09967	196.459	0	
103.125	-0.366631	174.501	0	
103.661	-1.76841	182.807	0	
95.625	-0.36089	171.359	0	
96.2446	-1.48403	182.909	0	
96.7655	-2.19037	191.688	0	
96.25	-0.727521	190.607	0	
91.3389	-1.76841	190.275	0	
92.5	-1.03479	199.049	0	
86.25	-1.03479	201.672	0	
86.5777	-2.00504	200.349	0	
78.2293	-2.1669	206.226	0	
78.5906	-3.16789	210.766	0	
75	-1.02905	199.758	0	
76.7655	-2.19037	209.716	0	
68.7125	-3.24559	214.297	0	
123.713	-3.24559	195.119	0	
68.125	-0.36089	212.723	0	
68.7446	-1.48403	210.924	0	
65.0889	-1.76841	210.661	0	
66.25	-1.03479	208.021	0	
60	-1.03479	211.275	0	
60.3277	-2.00504	215.214	0	
54.4793	-2.1669	214.135	0	
73.5417	-2.01633	209.615	0	
51.25	-1.02905	206.54	0	
53.0155	-2.19037	212.25	0	
40.4973	-3.78292	219.745	0	
54.8394	-3.16569	210.747	0	
39.0027	-2.80091	216.125	0	
44.7917	-2.01633	211.142	0	
27.9113	-1.78555	198.189	0	
27.7749	-2.84652	200.957	0	
20	-1.02905	193.587	0	
21.7655	-2.19037	192.62	0	
-9.36018	-4.06799	182.132	0	
18.5417	-2.01633	190.286	0	
13.125	-0.36089	183.979	0	
13.7446	-1.48403	186.005	0	
153.75	-1.02905	214.69	0	
155.516	-2.19037	194.966	0	
142.62	-3.22837	210.303	0	
144.069	-5.7607	214.22	0	
147.5	-0.798148	196.39	0	
146.771	-2.1669	218.011	0	
140.729	-2.1669	208.083	0	
150.746	-2.90651	209.765	0	
137.5	-1.02905	202.055	0	
139.266	-2.19037	204.214	0	
130.64	-4.06799	195.035	0	
141.177	-3.32534	206.848	0	
131.994	-2.06993	198.691	0	
129.955	-2.8545	198.946	0	
128.542	-2.01633	192.628	0	
127.18	-2.91409	194.791	0	
122.911	-1.78555	189.117	0	
122.775	-2.84652	193.013	0	
115	-1.02905	189.416	0	
116.766	-2.19037	190.659	0	
86.8898	-4.06799	206.333	0	
113.542	-2.01633	188.682	0	
108.75	-1.03479	187.1	0	
109.078	-2.00504	187.029	0	
-117.089	-1.78555	180.565	0	
-117.225	-2.84652	176.982	0	
-125	-1.02905	179.261	0	
-123.234	-2.19037	183.047	0	
-78.5826	-3.79821	196.446	0	
-143.899	-7.68728	403.095	0	
-90	-1.03479	182.013	0	
-89.6723	-2.00504	178.314	0	
-97.5	-0.792406	190.212	0	
-97.0644	-2.07688	187.997	0	
-116.287	-3.24559	178.249	0	
-108.125	-3.34884	197.885	0	
-104.256	-2.06993	179.706	0	
-112.466	-3.07092	175.539	0	
-107.708	-2.01633	181.516	0	
-116.633	-5.94785	220.855	0	
-141.434	-1.75189	193.884	0	
-142.267	-2.05915	194.012	0	
-130.506	-2.06993	182.003	0	
-141.756	-5.80291	255.7	0	
-140.354	-6.17065	227.401	0	
-130.457	-4.4054	186.898	0	
-20.8387	-1.78555	194.089	0	
-20.9751	-2.84652	198.457	0	
-28.75	-1.02905	183.829	0	
-26.9845	-2.19037	193.366	0	
-43.7875	-3.24559	200.577	0	
-46.3858	-5.74538	247.56	0	
6.25	-1.03479	191.371	0	
6.57772	-2.00504	193.727	0	
-1.25	-0.792406	199.996	0	
-0.814428	-2.07688	199.031	0	
-20.0375	-3.24559	196.871	0	
-11.875	-3.34884	195.962	0	
-8.00561	-2.06993	193.74	0	
-16.2164	-3.07092	187.349	0	
-11.4583	-2.01633	200.804	0	
-20.3828	-5.94785	247.743	0	
-44.5887	-1.78555	193.574	0	
-44.7251	-2.84652	192.352	0	
-34.2556	-2.06993	186.715	0	
-49.5151	-8.22246	290.826	0	
-44.2462	-5.42835	234.162	0	
-34.2075	-4.4054	208.806	0	
-75.0375	-3.24559	194.76	0	
25.1674	-3.79821	203.765	0	
-75.8387	-1.78555	191.161	0	
-75.9751	-2.84652	191.033	0	
-83.75	-1.02905	174.264	0	
-81.9845	-2.19037	187.571	0	
-90.0446	-2.8545	185.745	0	
-86.5873	-2.94281	190.061	0	
102.5	-1.03479	181.849	0	
102.828	-2.00504	186.294	0	
95	-0.792406	192.863	0	
95.4356	-2.07688	191.852	0	
76.2125	-3.24559	211.973	0	
84.375	-3.34884	209.671	0	
88.2444	-2.06993	200.135	0	
80.0336	-3.07092	205.168	0	
84.7917	-2.01633	199.672	0	
75.8672	-5.94785	217.547	0	
75.4113	-1.78555	213.825	0	
75.2749	-2.84652	211.212	0	
67.5	-1.02905	203.016	0	
69.2655	-2.19037	211.264	0	
52.4625	-3.24559	213.393	0	
49.8642	-5.74538	197.985	0	
61.9944	-2.06993	218.091	0	
46.7349	-8.22246	177.145	0	
52.0038	-5.42835	207.232	0	
62.0425	-4.4054	217.594	0	
51.6613	-1.78555	210.634	0	
51.5249	-2.84652	211.896	0	
21.2125	-3.24559	197.527	0	
107.75	-4.43486	191.322	0	
20.4113	-1.78555	190.337	0	
20.2749	-2.84652	193.377	0	
12.5	-1.02905	188.068	0	
14.2655	-2.19037	191.905	0	
6.20541	-2.8545	193.564	0	
9.66268	-2.94281	193.467	0	
154.161	-1.78555	206.439	0	
154.025	-2.84652	206.431	0	
152.292	-2.01633	211.266	0	
139.039	-4.35802	206.367	0	
137.911	-1.78555	204.203	0	
137.775	-2.84652	203.964	0	
116.213	-3.24559	191.973	0	
154.963	-3.24559	197.328	0	
115.411	-1.78555	187.087	0	
115.275	-2.84652	189.194	0	
107.292	-2.01633	183.689	0	
109.247	-3.78292	189.377	0	
-140.037	-3.24559	187.313	0	
-71.0826	-3.79821	204.445	0	
-124.589	-1.78555	187.115	0	
-124.725	-2.84652	175.809	0	
-92.8202	-2.91409	180.298	0	
-85.2083	-2.01633	184.256	0	
-97.684	-1.75189	170.302	0	
-98.5173	-2.05915	187.382	0	
-152.708	-2.01633	230.943	0	
-145.211	-4.15655	228.958	0	
-23.5826	-3.79821	208.593	0	
3.37811	-4.98343	192.602	0	
-28.3387	-1.78555	195.94	0	
-28.4751	-2.84652	190.253	0	
3.42981	-2.91409	193.932	0	
11.0417	-2.01633	189.613	0	
-1.43402	-1.75189	197.113	0	
-2.26735	-2.05915	200.336	0	
-48.9583	-3.47328	204.695	0	
-47.6197	-4.31165	217.485	0	
-88.4261	-3.92482	200.12	0	
-92.8719	-4.98343	200.652	0	
-83.3387	-1.78555	184.568	0	
-83.4751	-2.84652	185.007	0	
99.6798	-2.91409	186.742	0	
107.753	-2.80091	189.464	0	
94.816	-1.75189	186.242	0	
93.9827	-2.05915	190.729	0	
72.6674	-3.79821	220.41	0	
120.167	-3.79821	193.942	0	
67.9113	-1.78555	212.376	0	
67.7749	-2.84652	213.674	0	
47.2917	-3.47328	212.584	0	
50.1448	-3.88818	210.822	0	
17.6674	-3.79821	197.182	0	
-0.0374544	-3.24559	194.292	0	
12.9113	-1.78555	190.543	0	
12.7749	-2.84652	191.166	0	
148.483	-4.32001	212.628	0	
187.308	-1.93891	275.408	0	
147.862	-1.54577	220.127	0	
148.712	-3.13655	212.049	0	
133.929	-3.08731	201.675	0	
138.713	-3.24559	205.536	0	
90.6555	-3.51902	192.76	0	
102.455	-2.8545	186.975	0	
-152.829	-5.21478	259.146	0	
-131.801	-4.25718	210.498	0	
-122.157	-4.23242	194.682	0	
-96.2875	-3.24559	196.761	0	
-46.1052	-3.88818	208.131	0	
-35.5505	-4.25718	209.851	0	
-25.9071	-4.23242	227.443	0	
13.7125	-3.24559	194.807	0	
-100.639	-4.06622	174.371	0	
-82.5375	-3.24559	189.596	0	
48.6303	-4.31165	209.368	0	
96.2125	-3.24559	191.291	0	
60.6995	-4.25718	211.74	0	
70.3429	-4.23242	219.524	0	
-4.38926	-4.06622	187.153	0	
7.82395	-3.92482	194.511	0	
146.42	-3.14785	209.4	0	
147.178	-4.41078	210.598	0	
34.7917	-2.72654	210.986	0	
33.9583	-2.72654	212.499	0	
126.034	-3.06466	192.601	0	
126.041	-5.36183	197.341	0	
-147.837	-2.94281	205.283	0	
-142.682	-2.77243	193.772	0	
-160.208	-1.16463	179.21	0	
-201.338	-10.2031	428.875	0	
-153.958	-2.72654	235.599	0	
-152.247	-2.80091	217.509	0	
-156.042	-3.47328	235.654	0	
-156.458	-2.72654	242.02	0	
-52.8373	-2.94281	199.061	0	
-49.7917	-3.47328	202.291	0	
-58.9583	-2.72654	203.639	0	
-57.7083	-2.01633	201.437	0	
-56.2946	-2.8545	203.113	0	
-57.2473	-2.80091	199.185	0	
-65.2159	-3.06466	203.592	0	
-65.2085	-5.36053	231.598	0	
-72.7159	-3.06466	193.044	0	
-69.5113	-3.00667	197.372	0	
43.4127	-2.94281	212.325	0	
46.4583	-3.47328	214.791	0	
36.0417	-2.01633	209.315	0	
32.5816	-3.68836	213.5	0	
32.1798	-2.91409	206.981	0	
36.4583	-2.72654	214.441	0	
23.5341	-3.06466	195.543	0	
26.7387	-3.00667	199.375	0	
118.534	-3.06466	191.607	0	
121.739	-3.00667	192.26	0	
-121.466	-3.06466	174.58	0	
-118.261	-3.00667	177.892	0	
-93.9659	-3.06466	182.033	0	
-93.9594	-5.36183	220.787	0	
-109.003	-2.80091	173.731	0	
-107.247	-2.80091	175.394	0	
-146.042	-2.72654	206.287	0	
-147.44	-3.72538	215.48	0	
-25.2159	-3.06466	191.507	0	
-22.0113	-3.00667	190.868	0	
2.28409	-3.06466	198.288	0	
2.29056	-5.36183	195.056	0	
-12.7527	-2.80091	193.094	0	
-10.9973	-2.80091	196.36	0	
-48.9583	-2.01633	194.646	0	
-45.7613	-3.00667	195.601	0	
-52.44	-3.72538	206.342	0	
-48.5417	-2.72654	196.161	0	
-80.2159	-3.06466	184.571	0	
-77.0113	-3.00667	189.407	0	
98.5341	-3.06466	190.848	0	
98.5406	-5.36183	202.765	0	
83.4973	-2.80091	199.833	0	
85.2527	-2.80091	201.795	0	
71.0341	-3.06466	215.938	0	
74.2387	-3.00667	215.592	0	
47.2917	-2.01633	211.953	0	
50.4887	-3.00667	213.654	0	
43.81	-3.72538	213.912	0	
47.7083	-2.72654	213.709	0	
16.0341	-3.06466	192.025	0	
19.2387	-3.00667	193.621	0	
151.132	-3.93062	213.058	0	
152.989	-3.00667	210.682	0	
111.032	-2.99641	188.182	0	
114.239	-3.00667	187.877	0	
-87.7179	-2.99641	178.856	0	
-84.5113	-3.00667	182.604	0	
8.53206	-2.99641	196.351	0	
11.7387	-3.00667	193.62	0	
104.782	-2.99641	189.401	0	
102.997	-3.78292	190.747	0	
-143.54	-2.72962	198.026	0	
-140.951	-3.13784	193.584	0	
-99.9558	-2.85377	188.836	0	
-97.2008	-3.13784	171.693	0	
-3.70582	-2.85377	197.939	0	
-0.950756	-3.13784	198.789	0	
92.5442	-2.85377	194.209	0	
95.2992	-3.13784	190.561	0	
41.5739	-3.92482	212.115	0	
46.0417	-2.72654	212.342	0	
127.582	-3.68916	196.267	0	
132.502	-3.08731	193.736	0	
127.128	-4.98343	199.994	0	
128.572	-3.57598	198.193	0	
-152.662	-3.55114	235.698	0	
-152.231	-4.40508	246.734	0	
-159.148	-3.04538	219.297	0	
-165.564	-17.3854	510.827	0	
-154.373	-3.97501	245.796	0	
-150.753	-3.78292	223.203	0	
-160.293	-8.30276	355.862	0	
-155.208	-3.47328	240.781	0	
-158.057	-10.316	421.873	0	
-143.957	-3.47621	207.284	0	
-58.5398	-3.47677	204.596	0	
-57.2309	-4.40508	221.996	0	
-61.4583	-2.72654	202.699	0	
-57.6621	-3.55114	207.945	0	
-62.7232	-3.50081	205.072	0	
-55.7527	-3.78292	207.263	0	
-64.0702	-2.91409	200.198	0	
-63.6684	-3.68836	212.166	0	
-61.8899	-3.99904	217.231	0	
-60.2083	-3.47328	204.469	0	
-72.8478	-5.56717	216.568	0	
-69.264	-5.46522	239.474	0	
39.9554	-2.8545	212.962	0	
39.0191	-4.40508	220.15	0	
37.2917	-2.72654	212.569	0	
38.5879	-3.55114	215.045	0	
34.3601	-3.99904	217	0	
37.7102	-3.47677	217.494	0	
35.2083	-3.47328	215.819	0	
33.5268	-3.50081	213.913	0	
23.4022	-5.56717	209.657	0	
26.986	-5.46522	216.401	0	
118.402	-5.56717	192.967	0	
114.489	-5.47929	188.762	0	
-121.598	-5.56717	200.418	0	
-125.6	-5.31383	211.43	0	
-92.4178	-3.68916	196.022	0	
-89.5027	-3.78292	189.771	0	
-90.9952	-4.42757	205.121	0	
-86.1036	-3.83222	191.375	0	
-109.687	-5.39772	222.741	0	
-106.295	-2.8545	183.467	0	
-110.64	-4.06799	178.357	0	
-98.2818	-3.59669	210.333	0	
-146.478	-3.50911	212.598	0	
-141.985	-3.52613	197.823	0	
-25.3478	-5.56717	241.138	0	
-29.3495	-5.31383	250.006	0	
3.83223	-3.68916	196.515	0	
6.7473	-3.78292	196.777	0	
5.25478	-4.42757	195.542	0	
10.1464	-3.83222	196.906	0	
-13.4371	-5.39772	200.893	0	
-10.0446	-2.8545	196.323	0	
-14.3898	-4.06799	184.58	0	
-2.03178	-3.59669	191.75	0	
-51.4777	-3.50911	205.798	0	
-47.7083	-2.72654	201.269	0	
-51.0637	-4.19254	212.145	0	
-47.2189	-3.60804	201.06	0	
-80.3478	-5.56717	209.529	0	
-84.2613	-5.47929	227.821	0	
100.082	-3.68916	192.98	0	
112.646	-3.83222	188.627	0	
110.324	-3.92482	190.325	0	
107.317	-3.58364	189.5	0	
82.8129	-5.39772	227.309	0	
86.2054	-2.8545	198.749	0	
81.8602	-4.06799	206.919	0	
94.2182	-3.59669	195.607	0	
70.9022	-5.56717	227.494	0	
66.9005	-5.31383	215.542	0	
44.7723	-3.50911	213.607	0	
48.5417	-2.72654	210.553	0	
45.1863	-4.19254	214.63	0	
49.0311	-3.60804	214.951	0	
15.9022	-5.56717	200.144	0	
11.9887	-5.47929	196.503	0	
108.705	-2.8545	188.726	0	
101.072	-3.57598	189.058	0	
-91.4282	-3.57598	190.416	0	
-94.651	-4.21812	195.422	0	
4.82178	-3.57598	193.943	0	
1.59897	-4.21812	192.432	0	
105.913	-2.94281	187.714	0	
106.31	-3.72554	190.877	0	
97.849	-4.21812	189.712	0	
101.505	-4.42757	192.901	0	
-144.792	-3.47313	205.421	0	
-146.064	-4.19253	224.423	0	
-103.124	-4.43041	190.68	0	
-108.125	-4.73217	175.574	0	
-6.87403	-4.43041	170.734	0	
-11.875	-4.73217	180.184	0	
89.376	-4.43041	204.793	0	
84.375	-4.73217	209.381	0	
121.393	-3.89079	197.572	0	
143.936	-3.97268	210.799	0	
125.349	-4.21812	198.103	0	
129.043	-4.50658	198.524	0	
-154.834	-5.62943	277.23	0	
-149.676	-3.92482	234.092	0	
-156.465	-4.16242	257.203	0	
-88.4597	-6.17559	247.312	0	
-157.746	-3.54331	244.07	0	
-157.336	-4.23245	254.9	0	
-155.953	-5.20944	269.788	0	
-151.274	-4.58327	254.55	0	
-87.8931	-5.00841	207.852	0	
-54.6761	-3.92482	215.524	0	
-59.3731	-3.97501	215.725	0	
7.79028	-6.17559	194.052	0	
-65.9011	-4.21822	213.335	0	
-59.3047	-5.11624	229.623	0	
-64.1215	-4.98124	226.019	0	
-60.5387	-5.90518	237.842	0	
8.35687	-5.00841	197.621	0	
92.527	-5.11846	202.515	0	
30.3489	-4.21822	216.808	0	
32.1285	-4.98124	227.533	0	
36.0417	-3.47328	215.155	0	
34.378	-5.06466	231.616	0	
35.7113	-5.90518	222.761	0	
36.8769	-3.97501	219.5	0	
-101.844	-3.51902	181.388	0	
-99.973	-5.11846	235.26	0	
-145.501	-5.7656	285.131	0	
-69.8571	-3.89079	208.722	0	
-156.677	-7.51666	336.417	0	
-49.707	-5.1949	225.195	0	
-148.977	-5.20289	243.776	0	
-147.813	-5.59213	268.457	0	
-5.59449	-3.51902	198.802	0	
-3.72305	-5.11846	182.742	0	
-56.2742	-4.58327	223.771	0	
26.3929	-3.89079	209.555	0	
-39.9676	-3.06872	193.58	0	
46.543	-5.1949	210.762	0	
-53.9766	-5.20289	222.823	0	
-50.211	-4.15672	215.393	0	
-55.8234	-5.70833	231.827	0	
-48.5258	-4.17689	212.621	0	
-52.8132	-5.59213	241.855	0	
-47.2738	-5.38006	225.031	0	
91.8607	-4.06622	195.741	0	
105.879	-5.0575	191.581	0	
36.9453	-5.11624	229.827	0	
130.158	-4.945	205.168	0	
56.2824	-3.06872	212.951	0	
110.29	-6.17488	190.567	0	
42.2734	-5.20289	222.088	0	
46.039	-4.15672	212.747	0	
40.4266	-5.70833	224.219	0	
47.7242	-4.17689	213.174	0	
39.9758	-4.58327	213.855	0	
48.9762	-5.38006	213.702	0	
-90.0224	-4.58092	212.966	0	
-89.5124	-5.89001	227.29	0	
6.22758	-4.58092	194.498	0	
6.73765	-5.89001	195.506	0	
102.928	-5.70651	194.165	0	
107.848	-6.54104	195.952	0	
104.074	-3.92482	190.823	0	
104.773	-5.20318	191.939	0	
99.6281	-4.98343	191.468	0	
102.478	-4.58092	192.564	0	
-150.823	-5.70833	256.819	0	
-143.779	-5.33843	256.977	0	
76.6284	-4.52398	225.067	0	
144.244	-11.4317	202.652	0	
128.127	-5.50143	203.643	0	
128.872	-6.93342	205.226	0	
-158.777	-5.20944	283.241	0	
-143.448	-4.30353	212.685	0	
-161.732	-2.79975	206.772	0	
-207.299	-15.0218	436.246	0	
-182.365	-35.5359	507.932	0	
-79.1691	-5.28353	227.895	0	
-150.997	-8.59138	382.513	0	
-57.1302	-6.3947	258.295	0	
-61.872	-5.06466	229.481	0	
-58.0402	-5.47194	227.348	0	
-115.872	-4.52398	190.404	0	
17.0809	-5.28353	203.073	0	
-19.6216	-4.52398	208.969	0	
108.728	-4.58055	191.384	0	
38.2098	-5.47194	224.863	0	
43.4368	-5.59213	206.477	0	
-139.58	-4.60081	228.865	0	
-145.691	-7.03602	295.495	0	
-96.7489	-6.89898	252.763	0	
-97.1496	-5.26597	244.833	0	
-149.602	-6.18605	291.76	0	
-134.449	-4.25718	198.931	0	
-31.5017	-4.16217	223.658	0	
39.1198	-6.3947	208.139	0	
-0.498874	-6.89898	191.091	0	
-0.89962	-5.26597	184.371	0	
-70.5474	-6.44535	242.809	0	
-54.6024	-6.18605	250.229	0	
-52.4014	-4.79453	218.466	0	
-51.4417	-5.03664	224.156	0	
-52.0429	-7.10465	253.64	0	
-50.5017	-5.76581	238.346	0	
-54.1682	-7.76797	265.885	0	
-36.3389	-2.93321	199.164	0	
-48.8551	-5.21507	223.721	0	
-48.0926	-6.0103	248.721	0	
64.7483	-4.16217	214.683	0	
110.857	-5.00834	189.058	0	
95.7511	-6.89898	213.981	0	
95.3504	-5.26597	197.582	0	
25.7026	-6.44535	225.358	0	
41.6476	-6.18605	203.962	0	
43.8486	-4.79453	217.887	0	
44.8083	-5.03664	211.425	0	
44.2071	-7.10465	207.752	0	
45.7483	-5.76581	208.507	0	
42.0818	-7.76797	212.456	0	
59.9111	-2.93321	210.823	0	
47.3949	-5.21507	213.594	0	
48.1574	-6.0103	196.941	0	
-91.9104	-5.42242	228.315	0	
-90.925	-6.50437	258.634	0	
4.33964	-5.42242	194.151	0	
5.32497	-6.50437	194.078	0	
106.858	-5.46739	191.944	0	
109.237	-5.889	190.033	0	
45.559	-7.03622	197.934	0	
104.147	-6.18687	197.482	0	
100.59	-5.42242	195.926	0	
100.817	-6.41692	200.425	0	
-147.401	-4.79453	236.663	0	
-146.442	-5.03663	236.175	0	
-147.043	-7.10465	303.517	0	
-144.707	-5.19453	225.843	0	
-149.168	-7.76797	326.91	0	
-132.589	-2.93321	178.576	0	
-154.178	-7.28627	315.996	0	
-151.919	-6.13754	301.019	0	
-67.2642	-6.91889	270.986	0	
-50.691	-7.03622	263.398	0	
28.9858	-6.91889	225.634	0	
57.9209	-9.10125	136.176	0	
-165.569	-3.72058	258.585	0	
-124.19	-5.40086	223.721	0	
-65.8105	-6.63734	256.295	0	
-38.3291	-9.10125	369.263	0	
-59.0799	-8.70786	299.401	0	
-25.746	-9.39498	377.983	0	
-36.875	-5.27905	253.364	0	
-45.618	-4.95711	223.25	0	
30.4395	-6.63734	234.766	0	
104.619	-8.07335	198.053	0	
37.1701	-8.70786	200.496	0	
121.986	-5.46522	193.884	0	
59.375	-5.27905	192.565	0	
50.632	-4.95711	211.048	0	
-100.432	-7.15932	244.279	0	
-118.014	-5.46522	204.024	0	
-4.18243	-7.15932	188.825	0	
-21.764	-5.46522	229.575	0	
101.373	-10.8863	204.988	0	
97.6668	-7.08742	196.826	0	
74.486	-5.46522	232.218	0	
92.0676	-7.15932	213.888	0	
-142.782	-6.56075	236.474	0	
-142.334	-4.31064	215.403	0	
-152.527	-7.43868	321.292	0	
-121.996	-9.39498	377.329	0	
-136.218	-3.06872	186.309	0	
-128.568	-3.08143	173.905	0	
-38.1995	-4.25718	200.425	0	
-32.318	-3.08143	188.785	0	
58.0505	-4.25718	214.444	0	
63.932	-3.08143	216.837	0	
133.106	-6.04794	203.364	0	
130.428	-6.60412	205.927	0	
123.985	-6.91734	199.411	0	
150.848	-20.0464	199.051	0	
-155.18	-8.32445	358.161	0	
-52.0799	-10.5411	318.138	0	
-40.8588	-5.44334	235.717	0	
-43.3792	-4.50999	207.454	0	
55.3912	-5.44334	194.651	0	
52.8708	-4.50999	213.477	0	
-87.5848	-7.52916	287.841	0	
-84.8609	-3.89608	200.874	0	
8.66524	-7.52916	198.198	0	
11.3891	-3.89608	196.243	0	
120.703	-6.44535	201.838	0	
113.889	-3.89608	191.14	0	
-94.8332	-7.08742	279.711	0	
-127.752	-4.16217	197.017	0	
-136.015	-9.53859	338.731	0	
-118.607	-3.89079	188.715	0	
-44.375	-6.99919	280.031	0	
-22.3571	-3.89079	219.955	0	
-42.8302	-8.44515	306.138	0	
-40.8536	-7.44458	289.56	0	
51.875	-6.99919	187.014	0	
73.8929	-3.89079	215.885	0	
53.4198	-8.44515	167.131	0	
55.3964	-7.44458	199.207	0	
-45.8903	-7.18841	256.626	0	
-48.1439	-7.56208	265.284	0	
50.3597	-7.18841	200.901	0	
48.1061	-7.56208	197.924	0	
-141.655	-10.9683	580.775	0	
-134.129	-6.10622	238.03	0	
-52.772	-8.29733	299.509	0	
-46.8296	-8.37487	309.881	0	
43.478	-8.29733	173.904	0	
49.4204	-8.37487	159.238	0	
-164	-0.842706	223.982	0	
-160.19	-2.6252	216.138	0	
-171.26	-1.12398	339.12	0	
-163.118	-4.25546	276.812	0	
157.984	-3.31993	186.817	0	
162.75	-0.842706	168.798	0	
160.879	-2.92373	167.243	0	
162.233	-4.81544	176.88	0	
149.806	-4.94504	203.786	0	
157.495	-4.95032	173.842	0	
136.186	-4.14103	206.632	0	
140.456	-4.52612	209.583	0	
-73.4071	-4.23242	211.278	0	
-71.6691	-5.28353	227.085	0	
-80.4167	-10.3326	384.914	0	
-64.8646	-8.3096	286.287	0	
-77.3571	-3.89079	202.076	0	
-74.2262	-6.72899	276.261	0	
22.8429	-4.23242	205.701	0	
24.5809	-5.28353	213.01	0	
15.8333	-10.3326	209.157	0	
31.3854	-8.3096	228.762	0	
18.8929	-3.89079	200.101	0	
22.0238	-6.72899	218.22	0	
117.843	-4.23242	194.087	0	
119.581	-5.28353	194.583	0	
112.877	-7.50462	191.473	0	
125.437	-6.63718	206.355	0	
111.164	-7.52928	194.7	0	
117.03	-6.73778	196.674	0	
-120.419	-5.28353	209.476	0	
-119.297	-6.44535	244.274	0	
-147.08	-10.5411	460.929	0	
-106.019	-7.46803	240.148	0	
-144.559	-9.99967	446.536	0	
-147.772	-8.29733	382.18	0	
-24.1691	-5.28353	242.507	0	
-23.0474	-6.44535	289.382	0	
1.41684	-7.08742	184.025	0	
-9.76913	-7.46803	175.308	0	
-27.9404	-5.40086	268.154	0	
-23.5704	-9.08967	346.264	0	
-80.9071	-4.23242	208.125	0	
-78.0474	-6.44535	239.945	0	
-74.2388	-9.20929	346.636	0	
-76.764	-5.46522	230.507	0	
-81.7196	-6.73778	281.564	0	
-82.2148	-8.98906	372.717	0	
72.0809	-5.28353	227.238	0	
73.2026	-6.44535	221.326	0	
102.182	-6.54766	199.616	0	
86.4809	-7.46803	225.228	0	
68.3096	-5.40086	213.64	0	
93.8488	-8.33358	209.871	0	
15.3429	-4.23242	198.357	0	
18.2026	-6.44535	209.284	0	
22.0112	-9.20929	219.428	0	
19.486	-5.46522	204.515	0	
14.5304	-6.73778	203.469	0	
14.0352	-8.98906	199.421	0	
112.049	-4.96932	189.849	0	
113.194	-6.11121	191.17	0	
107.957	-10.0357	204.372	0	
114.373	-9.53907	192.193	0	
-86.7013	-4.9694	222.889	0	
-85.556	-6.11128	233.818	0	
-85.8729	-7.50385	302.175	0	
-84.3782	-9.53722	374.83	0	
9.54871	-4.9694	195.569	0	
10.694	-6.11128	200.516	0	
10.3771	-7.50385	194.518	0	
11.8718	-9.53722	199.673	0	
132.08	-7.47425	217.224	0	
134.746	-4.16808	200.984	0	
124.075	-4.31071	194.065	0	
123.313	-5.73457	202.614	0	
-67.1755	-4.31081	223.025	0	
-67.9367	-5.73467	227.097	0	
29.0745	-4.31081	213.356	0	
28.3133	-5.73467	226.982	0	
-95.9255	-4.31071	186.549	0	
-98.5926	-4.6597	180.473	0	
-103.786	-7.04865	232.797	0	
-106.563	-5.39772	220.841	0	
0.324502	-4.31071	197.813	0	
-2.3426	-4.6597	191.073	0	
-7.5359	-7.04865	190.465	0	
-10.3129	-5.39772	189.167	0	
96.5745	-4.31071	197.733	0	
93.9074	-4.6597	195.882	0	
88.7141	-7.04865	214.234	0	
103.633	-8.96714	205.748	0	
-62.0477	-8.8546	299.204	0	
34.2023	-8.8546	219.809	0	
-65.6604	-12.2385	373.82	0	
44.1701	-10.5411	170.693	0	
-43.9291	-11.1429	382.857	0	
106.762	-8.25621	196.381	0	
40.691	-8.79126	181.731	0	
126.259	-8.10539	204.954	0	
30.5896	-12.2385	202.986	0	
128.121	-8.37598	213.979	0	
98.349	-8.47005	221.911	0	
102.415	-7.9218	200.454	0	
-155.111	-10.7469	448.469	0	
-60.5733	-7.64358	273.875	0	
138.321	-5.52235	210.8	0	
152.541	-4.03078	204.131	0	
-138.552	-9.35636	409.977	0	
-137.06	-5.53416	239.392	0	
-129.996	-3.08143	190.689	0	
-129.047	-6.04201	239.533	0	
-33.7459	-3.08143	196.658	0	
-32.7973	-6.04201	279.372	0	
62.5041	-3.08143	211.952	0	
63.4527	-6.04201	200.302	0	
131.229	-11.2697	218.733	0	
151.99	-6.88415	196.596	0	
136.941	-5.40234	206.958	0	
141.133	-5.9764	211.721	0	
-74.6816	-4.325	216.402	0	
-75.4428	-5.74886	217.141	0	
21.5684	-4.325	204.563	0	
20.8072	-5.74886	209.752	0	
116.568	-4.325	191.597	0	
115.814	-5.75765	191.751	0	
-123.432	-4.325	182.59	0	
-126.314	-4.14101	183.625	0	
-115.576	-8.16642	318.145	0	
-113.246	-5.34905	209.97	0	
-27.1816	-4.325	213.666	0	
-30.0644	-4.14101	213.472	0	
-19.3257	-8.16642	297.155	0	
-16.996	-5.34905	199.218	0	
-82.1816	-4.325	212.098	0	
-82.9362	-5.75765	221.138	0	
69.0684	-4.325	223.603	0	
66.1856	-4.14101	219.162	0	
76.9243	-8.16642	249.292	0	
79.254	-5.34905	214.892	0	
14.0684	-4.325	197.456	0	
13.3138	-5.75765	200.423	0	
105.405	-12.0508	204.486	0	
116.536	-8.99008	187.584	0	
-93.9774	-8.66503	344.032	0	
-91.6041	-8.13534	356.622	0	
2.27255	-8.66503	185.448	0	
4.64589	-8.13534	184.8	0	
129.195	-10.2093	210.756	0	
146.046	-6.10183	212.67	0	
134.488	-5.91521	211.069	0	
135.867	-6.69788	211.283	0	
121.43	-8.68418	190.409	0	
123.385	-8.88682	206.448	0	
-69.8214	-8.68669	327.476	0	
-67.8655	-8.89079	288.386	0	
26.4286	-8.68669	221.956	0	
28.3845	-8.89079	233.197	0	
-66.1145	-9.89368	330.605	0	
-95.0051	-12.6851	566.888	0	
-55.559	-8.79126	296.427	0	
1.24494	-12.6851	163.085	0	
85.9371	-5.39772	215.791	0	
70.504	-9.39498	211.537	0	
99.9643	-7.8529	199.052	0	
101.084	-8.78437	211.985	0	
-119.82	-9.08967	393.303	0	
-122.652	-7.0343	290.528	0	
-127.769	-5.79877	210.847	0	
-125.499	-7.54635	297.209	0	
-48.3872	-12.3828	362.635	0	
-26.4019	-7.0343	327.167	0	
-31.5194	-5.79877	243.324	0	
-29.2492	-7.54635	354.714	0	
47.8628	-12.3828	114.338	0	
69.8481	-7.0343	209.545	0	
64.7306	-5.79877	216.408	0	
67.0008	-7.54635	177.677	0	
140.302	-7.00568	212.576	0	
142.7	-6.86574	211.463	0	
125.012	-9.68556	213.155	0	
195.519	-2.32667	293.371	0	
-98.6512	-8.33358	354.023	0	
35.6767	-7.64358	235.053	0	
-2.40124	-8.33358	167.04	0	
103.223	-11.1651	212.977	0	
72.6796	-9.08967	230.381	0	
95.07	-11.0041	237.164	0	
-136.973	-6.98397	282.113	0	
-135.349	-7.69153	315.523	0	
-32.1235	-10.677	463.658	0	
-33.5046	-8.27657	335.237	0	
64.1265	-10.677	125.193	0	
97.6545	-10.9522	206.096	0	
80.0504	-6.99449	250.752	0	
151.079	-11.5903	191.553	0	
-78.2205	-8.73643	350.6	0	
30.1355	-9.89368	232.474	0	
8.79112	-11.9339	191.447	0	
110.443	-9.50362	191.486	0	
-126.434	-6.49884	223.387	0	
-123.97	-6.77541	225.212	0	
-30.1836	-6.49884	261.759	0	
-27.72	-6.77541	267.668	0	
66.0664	-6.49884	222.291	0	
68.53	-6.77541	226.985	0	
150.025	-6.43618	214.095	0	
153.18	-5.49318	206.023	0	
147.57	-7.50219	201.661	0	
142.406	-9.04296	215.893	0	
-113.344	-8.75328	355.544	0	
-118.411	-11.2883	456.417	0	
-114.541	-4.53464	178.711	0	
-111.901	-4.28441	185.282	0	
-17.0944	-8.75328	259.506	0	
-21.2298	-10.3281	393.709	0	
-18.2907	-4.53464	200.46	0	
-15.6508	-4.28441	195.861	0	
79.1556	-8.75328	217.711	0	
75.0202	-10.3281	186.086	0	
77.9593	-4.53464	215.432	0	
80.5992	-4.28441	218.189	0	
-63.1585	-5.8593	244.328	0	
-63.2996	-7.91085	271.806	0	
33.0915	-5.8593	225.337	0	
32.9504	-7.91085	241.522	0	
-205.568	-32.9721	428.54	0	
-158.17	-8.54355	357.109	0	
-42.0494	-4.51844	205.108	0	
-39.5061	-4.39269	200.322	0	
54.2006	-4.51844	217.562	0	
56.7439	-4.39269	215.57	0	
-138.25	-4.60927	196.81	0	
-135.756	-4.39269	199.644	0	
132.732	-9.94285	213.75	0	
140.759	-8.90393	213.327	0	
-131.823	-7.75398	307.451	0	
-88.3496	-9.59591	444.976	0	
-29.7584	-9.79585	387.985	0	
7.90043	-9.59591	183.806	0	
62.7454	-8.27657	193.124	0	
52.3209	-11.1429	114.59	0	
86.5779	-13.8833	222.032	0	
208.99	-5.28426	308.932	0	
-59.5306	-11.2795	328.767	0	
-57.3001	-7.89572	271.461	0	
36.7194	-11.2795	209.138	0	
38.9499	-7.89572	226.717	0	
138.907	-6.71973	210.282	0	
136.37	-8.16582	211.599	0	
138.03	-8.06765	214.896	0	
139.214	-9.60327	211.302	0	
134.987	-10.2845	221.626	0	
161.413	-6.92918	183.651	0	
119.235	-10.2813	214.853	0	
95.7393	-17.4777	228.011	0	
-50.1748	-10.5347	333.964	0	
-46.4132	-10.8834	330.708	0	
46.0752	-10.5347	145.393	0	
49.8368	-10.8834	155.237	0	
-176.012	-1.34606	391.54	0	
-160.335	-6.5477	310.631	0	
-161.831	-10.7403	410.785	0	
-188.999	-19.3034	466.916	0	
158.946	-6.83953	189.509	0	
170.01	-1.12398	208.868	0	
-87.4589	-11.9339	491.324	0	
99.5587	-12.4369	231.923	0	
18.0295	-8.73643	209.41	0	
4.49832	-12.069	173.867	0	
-153.134	-12.2646	506.68	0	
-148.55	-12.2522	513.857	0	
-121.489	-14.4624	652.523	0	
-126.008	-9.79585	475.974	0	
104.932	-18.5916	211.686	0	
112.453	-11.0673	203.362	0	
-91.7517	-12.069	506.487	0	
-71.535	-10.5118	359.957	0	
5.3409	-14.035	189.318	0	
24.715	-10.5118	238.278	0	
-112.45	-6.99449	260.844	0	
-129.168	-15.7527	694.312	0	
-16.1996	-6.99449	242.153	0	
-27.5734	-11.3856	500.564	0	
-144.852	-16.8136	729.756	0	
-124.741	-12.1163	530.365	0	
-37.2846	-13.6039	464.373	0	
-6.7017	-12.0229	215.988	0	
66.4916	-9.79585	197.034	0	
58.9654	-13.6039	93.8836	0	
112.419	-14.9051	186.524	0	
127.849	-11.938	217.073	0	
147.347	-10.4774	219.076	0	
153.266	-9.06305	205.716	0	
-122.779	-11.9203	567.701	0	
-102.474	-8.42323	355.131	0	
-20.7162	-13.563	413.05	0	
-6.22447	-8.42323	166.631	0	
75.5338	-13.563	206.791	0	
90.0255	-8.42323	224.136	0	
68.6766	-11.3856	127.714	0	
136.037	-12.2238	209.857	0	
-61.6144	-11.5018	337.798	0	
-55.5379	-10.963	330.766	0	
34.6356	-11.5018	194.536	0	
40.7121	-10.963	177.293	0	
128.852	-14.5637	210.558	0	
235.957	-15.9774	328.497	0	
-178.777	-2.9619	386.589	0	
-162.755	-6.23594	287.617	0	
-156.495	-11.7116	448.583	0	
-221.912	-14.5162	416.596	0	
-169.141	-4.00209	324.314	0	
-167.19	-4.8303	332.331	0	
164.287	-4.15658	176.731	0	
166.707	-4.43785	199.955	0	
155.354	-8.54876	194.916	0	
132.793	-16.0264	209.32	0	
-53.4549	-12.1835	358.733	0	
-9.67296	-13.8421	244.4	0	
42.7951	-12.1835	127.723	0	
33.1604	-13.2995	186.835	0	
-53.1756	-15.7705	375.367	0	
-138.938	-7.6289	322.375	0	
-134.594	-10.3937	521.303	0	
-155.484	-17.2341	589.6	0	
-127.52	-14.6602	683.195	0	
-47.7993	-19.2086	465.263	0	
-31.0758	-17.4153	602.47	0	
48.4507	-19.2086	56.3191	0	
65.1742	-17.4153	50.1647	0	
131.221	-14.31	218.778	0	
153.572	-16.0839	212.641	0	
-157.266	-14.2011	533.872	0	
43.0744	-15.7705	116.867	0	
11.0506	-11.9005	187.5	0	
89.5492	-12.064	236.359	0	
125.528	-11.6848	206.638	0	
119.86	-13.8177	187.628	0	
-167.135	-7.23969	348.175	0	
-192.539	-4.26558	457.388	0	
-133.857	-13.0595	625.014	0	
-129.198	-9.41262	430.428	0	
-228.19	-24.6897	402.359	0	
-128.413	-13.1119	588.163	0	
-132.411	-9.49708	407.594	0	
-132.552	-6.10622	226.422	0	
-166.307	-13.5038	469.293	0	
-108.605	-11.4398	524.85	0	
-130.943	-10.541	428.71	0	
-129.662	-7.54154	285.482	0	
-131.112	-14.0765	624.484	0	
-127.757	-10.8627	464.291	0	
-135.282	-19.8734	834.158	0	
-102.952	-12.0229	559.505	0	
-130.381	-12.4546	595.722	0	
-128.544	-17.3008	828.556	0	
-148.258	-15.1857	646.868	0	
-3.6662	-13.8175	164.037	0	
-125.443	-18.0933	852.336	0	
-125.597	-14.7313	695.539	0	
-62.6835	-17.1843	428.498	0	
-85.1994	-11.9005	519.906	0	
-124.144	-16.6164	766.58	0	
-121.999	-16.5434	797.397	0	
-91.6409	-16.373	710.752	0	
-70.7541	-13.472	445.991	0	
4.6091	-16.373	165.052	0	
25.4959	-13.472	198.38	0	
-110.152	-7.25958	245.336	0	
-116.205	-10.7321	480.606	0	
-13.9017	-7.25958	199.44	0	
-12.3545	-11.4398	246.631	0	
82.3483	-7.25958	223.188	0	
83.8955	-11.4398	225.281	0	
-83.8414	-14.5362	591.435	0	
-76.2546	-10.6507	389.928	0	
12.4086	-14.5362	186.214	0	
19.9954	-10.6507	218.214	0	
-97.6578	-11.3921	535.118	0	
-90.4292	-10.045	398.587	0	
-1.40778	-11.3921	200.897	0	
5.82085	-10.045	191.439	0	
-111.605	-11.7939	480.685	0	
-108.046	-8.66433	372.37	0	
-15.3552	-11.7939	294.436	0	
-11.7958	-8.66433	229.694	0	
80.8948	-11.7939	252.843	0	
84.4542	-8.66433	243.181	0	
-57.7296	-12.6391	356.489	0	
-56.3189	-16.133	407.701	0	
38.5204	-12.6391	140.714	0	
39.9311	-16.133	117.896	0	
-173.564	-2.47004	379.687	0	
-165.151	-8.11045	360.913	0	
157.521	-9.12614	186.053	0	
160.271	-11.5138	205.603	0	
-36.2393	-7.66183	309.128	0	
-40.908	-14.645	485.241	0	
60.0107	-7.66183	194.545	0	
55.342	-14.645	73.173	0	
92.8124	-13.4707	208.036	0	
138.603	-11.6407	215.939	0	
-114.482	-16.5569	900.528	0	
-119.297	-14.1357	698.923	0	
-106.853	-18.8267	967.64	0	
-90.9091	-14.035	651.888	0	
-63.0896	-13.2995	391.993	0	
-81.2221	-13.5164	558.72	0	
-119.75	-18.497	861.018	0	
-105.923	-13.8421	675.349	0	
-99.9162	-13.8175	651.281	0	
-124.617	-21.7604	916.858	0	
15.0279	-13.5164	189.948	0	
33.5665	-17.1843	146.924	0	
-177.258	-5.78191	422.797	0	
-175.551	-13.7225	479.764	0	
-170.014	-8.10752	391.889	0	
-170.068	-11.6224	431.773	0	
123.346	-14.3333	217.968	0	
130.766	-41.4755	194.109	0	
-117.966	-16.82	755.703	0	
-113.607	-13.3165	615.449	0	
-93.8748	-11.0032	505.829	0	
-93.6138	-16.0889	765.606	0	
2.37524	-11.0032	193.817	0	
2.63623	-16.0889	204.146	0	
-136.481	-15.5337	785.727	0	
46.237	-15.9763	72.8135	0	
-50.013	-15.9763	416.399	0	
-33.8137	-14.565	485.933	0	
-118.828	-25.8063	945.597	0	
62.4363	-14.565	106.847	0	
-89.2433	-18.71	830.456	0	
-88.6959	-14.349	655.331	0	
7.00668	-18.71	186.353	0	
7.55411	-14.349	177.849	0	
-158.473	-25.925	683.015	0	
-57.5305	-27.6829	529.658	0	
-87.3706	-17.1144	706.552	0	
-82.1404	-18.8236	707.721	0	
-17.0729	-14.4419	395.26	0	
125.77	-16.4577	203.072	0	
8.87942	-17.1144	170.912	0	
14.1096	-18.8236	176.591	0	
218.789	-9.67962	322.542	0	
183.637	-7.09149	269.385	0	
135.243	-14.7675	216.751	0	
140.335	-13.8884	207.788	0	
-181.714	-1.61583	422.496	0	
-173.773	-5.29005	368.68	0	
163.087	-10.0309	195.453	0	
180.465	-1.61583	253.636	0	
-76.9341	-14.5113	543.313	0	
-67.81	-14.1067	419.072	0	
19.3159	-14.5113	194.044	0	
28.44	-14.1067	209.64	0	
-162.174	-17.4716	556.576	0	
-121.07	-22.2371	997.2	0	
-58.6684	-18.9989	437.933	0	
0.81144	-18.779	168.469	0	
37.5816	-18.9989	88.1317	0	
107.856	-15.3565	203.497	0	
138.207	-15.8819	202.714	0	
143.531	-14.1381	208.116	0	
99.901	-16.4959	200.85	0	
79.1771	-14.4419	150.505	0	
-111.48	-20.2273	889.993	0	
-99.0883	-17.8006	866.246	0	
-27.2006	-15.1171	494.546	0	
-2.83826	-17.8006	235.445	0	
69.0494	-15.1171	130.846	0	
46.6928	-24.0743	43.8737	0	
-166.112	-27.3981	576.396	0	
-68.8837	-22.4837	573.581	0	
-81.3835	-22.9609	847.372	0	
-67.2534	-16.8341	481.508	0	
14.8665	-22.9609	160.379	0	
28.9966	-16.8341	161.927	0	
125.531	-19.801	189.062	0	
145.65	-18.2045	212.973	0	
136.74	-19.4185	216.46	0	
140.986	-21.4915	181.058	0	
-74.1374	-16.0301	526.449	0	
-64.6977	-18.8508	479.627	0	
22.1126	-16.0301	200.61	0	
31.5523	-18.8508	141.958	0	
-95.4386	-18.779	860.697	0	
2.52004	-23.669	210.59	0	
27.3663	-22.4837	137.583	0	
30.7731	-22.4901	132.402	0	
-84.7755	-17.335	702.034	0	
-79.7054	-15.7809	575.191	0	
11.4745	-17.335	182.053	0	
16.5446	-15.7809	193.458	0	
218.255	-34.6155	326.503	0	
132.745	-19.8694	198.149	0	
-152.736	-16.2622	603.219	0	
-150.381	-17.763	678.25	0	
-144.708	-21.2594	794.929	0	
-141.325	-14.5407	667.685	0	
-62.9905	-26.6887	571.589	0	
-11.2357	-19.2992	324.724	0	
33.2595	-26.6887	96.4794	0	
116.277	-16.8153	219.514	0	
-128.495	-23.6616	923.382	0	
19.247	-23.4473	168.183	0	
-188.557	-1.93891	433.232	0	
-196.769	-2.32667	433.372	0	
172.064	-6.00496	217.186	0	
174.369	-7.9727	244.172	0	
197.421	-9.75588	299.773	0	
191.289	-4.26558	286.864	0	
80.6149	-19.5449	183.172	0	
38.7195	-27.6829	64.2372	0	
-73.6736	-19.0863	621.849	0	
-69.7337	-19.2556	554.981	0	
22.5764	-19.0863	160.659	0	
26.5163	-19.2556	164.777	0	
122.174	-26.556	163.15	0	
124.937	-40.2492	152.467	0	
-148.731	-22.1193	747.028	0	
-130.945	-20.0681	894.885	0	
-89.5076	-23.3158	915.12	0	
-77.003	-23.4473	726.179	0	
-71.1732	-25.5223	680.738	0	
-65.4769	-22.4901	569.097	0	
-169.77	-21.2264	558.01	0	
-64.5794	-30.6463	638.813	0	
-139.982	-23.3262	873.841	0	
-137.645	-30.9202	870.235	0	
-75.3526	-26.6553	742.696	0	
25.0768	-25.5223	142.146	0	
-31.4696	-23.2096	543.771	0	
73.7048	-20.502	97.1758	0	
-23.6801	-16.4504	550.461	0	
-15.6351	-19.5449	373.285	0	
72.5699	-16.4504	93.3406	0	
85.0151	-19.3404	157.543	0	
129.698	-22.0559	188.686	0	
117.076	-20.985	170.686	0	
-103.053	-20.9905	898.261	0	
-93.73	-23.669	974.797	0	
-49.5572	-24.0743	481.978	0	
6.74241	-23.3158	166.507	0	
-184.618	-8.98987	437.336	0	
-185.032	-3.55475	452.916	0	
-206.623	-2.79194	424.736	0	
-179.781	-9.87097	446.025	0	
180.177	-8.24429	259.706	0	
187.785	-10.442	278.974	0	
170.878	-14.4791	244.192	0	
159.464	-15.8639	204.216	0	
-85.4635	-32.3384	909.107	0	
20.8974	-26.6553	144.716	0	
-7.43655	-21.463	241.225	0	
90.9132	-21.5281	143.434	0	
-85.5482	-26.5803	899.587	0	
-18.107	-29.5111	481.686	0	
10.7018	-26.5803	167.911	0	
111.968	-28.0025	170.05	0	
-18.1435	-22.7175	468.268	0	
-22.5452	-20.502	487.331	0	
78.1065	-22.7175	75.3858	0	
64.7804	-23.2096	44.7061	0	
34.1156	-37.3795	107.399	0	
121.506	-22.1434	186.354	0	
-24.1065	-30.9545	528.188	0	
-6.83217	-26.5477	305.452	0	
-130.495	-31.0609	976.631	0	
174.884	-12.8846	244.382	0	
178.79	-12.8864	272.534	0	
-76.4692	-32.4504	779.615	0	
-69.3552	-29.4863	678.167	0	
-145.697	-34.3804	785.016	0	
-152.057	-27.6463	746.261	0	
19.7808	-32.4504	148.442	0	
26.8948	-29.4863	123.005	0	
1.24121	-36.2378	257.841	0	
13.9656	-32.8618	188.501	0	
184.118	-14.761	286.703	0	
227.701	-6.85826	319.319	0	
133.014	-34.6533	167.245	0	
-106.794	-33.2356	1083.5	0	
31.6706	-30.6463	105.686	0	
-72.173	-34.0637	740.95	0	
-67.7476	-39.8274	703.069	0	
-22.5359	-47.4922	456.075	0	
127.182	-26.4913	180.444	0	
24.077	-34.0637	127.964	0	
28.5024	-39.8274	134.296	0	
-113.39	-24.9987	1065.04	0	
-108.048	-28.3672	941.375	0	
106.947	-24.7538	143.628	0	
92.4297	-27.5266	142.731	0	
-218.447	-3.35033	414.412	0	
-175.995	-19.4449	485.945	0	
191.912	-9.23189	287.857	0	
201.219	-12.4705	309.592	0	
54.1181	-18.9378	40.9597	0	
69.7905	-24.963	47.396	0	
-42.1319	-18.9378	478.913	0	
-26.4595	-24.963	564.07	0	
-192.319	-8.83173	439.129	0	
-201.547	-5.11861	447.291	0	
72.1435	-30.9545	44.8838	0	
128.068	-30.7205	167.961	0	
42.4557	-33.5404	74.914	0	
78.143	-29.5111	67.9323	0	
-62.1344	-37.3795	677.634	0	
-0.525287	-27.7753	231.264	0	
84.4836	-32.7829	81.3359	0	
208.989	-20.8084	318.218	0	
-28.0097	-38.1045	524.954	0	
123.686	-35.5846	168.715	0	
-53.7943	-33.5404	591.079	0	
-35.3322	-36.6738	559.929	0	
100.921	-29.485	144.807	0	
161.838	-60.3262	297.051	0	
118.807	-29.1208	172.631	0	
116.094	-38.0682	156.613	0	
115.315	-25.5586	154.11	0	
112.121	-35.7127	126.281	0	
60.9178	-36.6738	37.1448	0	
119.433	-33.9202	145.001	0	
120.859	-47.2293	144.914	0	
-183.583	-23.2797	497.237	0	
-95.5796	-32.8724	1022.88	0	
-114.065	-35.7792	901.367	0	
68.2403	-38.1045	51.7843	0	
32.7098	-63.156	213.352	0	
9.60751	-38.8404	206.416	0	
-225.327	-7.3709	408.844	0	
-187.923	-11.9402	457.691	0	
170.297	-36.5037	306.076	0	
163.474	-19.8544	236.749	0	
-196.34	-11.9773	449.708	0	
-194.679	-18.9528	450.056	0	
73.7994	-47.6214	81.9613	0	
207.712	-10.3255	311.434	0	
204.86	-2.4629	306.462	0	
-212.356	-6.14227	426.179	0	
129.252	-50.7796	214.268	0	
133.997	-47.3484	173.033	0	
213.211	-14.7209	317.653	0	
215.594	-2.82136	316.562	0	
-220.733	-37.1938	393.407	0	
103.164	-47.8011	83.6466	0	
189.04	-35.7251	338.137	0	
199.849	-18.9164	320.033	0	
169.619	-18.8059	252.819	0	
139.422	-30.3106	207.589	0	
-55.5317	-23.7287	486.712	0	
-37.3685	-24.4061	603.124	0	
-56.8093	-39.2794	598.306	0	
-45.742	-28.3975	567.027	0	
-52.3145	-47.6453	642.514	0	
-39.2206	-29.0001	538.915	0	
-47.9803	-33.9094	548.892	0	
-43.191	-47.72	560.899	0	
40.7183	-23.7287	78.6512	0	
58.8815	-24.4061	35.889	0	
39.4407	-39.2794	82.0954	0	
50.508	-28.3975	43.8511	0	
43.9355	-47.6453	102.984	0	
57.0294	-29.0001	33.6189	0	
48.2697	-33.9094	39.6685	0	
53.059	-47.72	63.0966	0	
146.739	-35.2634	197.907	0	
141.083	-48.4033	243.13	0	
-171.12	-37.8728	562.731	0	
-73.0349	-48.8114	739.097	0	
-12.6794	-31.8279	324.113	0	
-7.11451	-38.7862	349.218	0	
-126.706	-35.6751	925.335	0	
-120.757	-31.7185	1021.03	0	
-116.584	-45.0329	957.49	0	
-102.338	-25.7597	1057.57	0	
-126.333	-45.697	798.48	0	
-90.3084	-40.7522	924.687	0	
-232.636	-4.02057	410.995	0	
-213.24	-13.2876	414.892	0	
-83.0809	-48.9441	822.139	0	
112.882	-53.996	165.908	0	
-41.8717	-39.7232	591.823	0	
-36.3206	-55.0703	528.586	0	
-51.4248	-68.4389	572.154	0	
9.79367	-57.9625	280.934	0	
54.3783	-39.7232	60.4914	0	
92.7142	-53.006	135.125	0	
154.638	-31.4481	244.679	0	
162.265	-25.6367	251.857	0	
146.844	-43.5002	233.605	0	
174.146	-25.0927	280.692	0	
-10.5586	-47.7958	377.964	0	
26.2122	-47.5873	170.27	0	
-99.9985	-36.0407	937.393	0	
-96.6648	-27.4598	968.028	0	
-98.8599	-43.4908	947.326	0	
-80.4857	-35.5349	881.932	0	
-163.404	-50.9608	581.826	0	
-107.716	-63.4503	721.595	0	
-90.5028	-35.2672	917.863	0	
-94.2465	-45.8076	861.086	0	
155.531	-25.6086	223.502	0	
162.53	-38.6767	257.183	0	
145.406	-55.4476	229.539	0	
154.317	-46.2331	251.376	0	
-213.385	-66.8866	374.154	0	
-68.9458	-57.4799	681.85	0	
-90.1982	-53.4761	790.628	0	
-83.9074	-41.2679	840.11	0	
162.103	-45.2249	297.376	0	
179.505	-41.8783	303.43	0	
-26.1557	-55.5594	462.507	0	
139.16	-65.0425	278.334	0	
197.836	-37.8736	320.613	0	
182.569	-22.1973	311.485	0	
84.0431	-43.7432	68.8015	0	
105.034	-36.7207	146.196	0	
152.77	-54.4151	278.27	0	
130.092	-61.4294	197.319	0	
118.312	-65.1624	218.037	0	
75.0509	-68.8235	175.172	0	
146.414	-81.4576	292.719	0	
-56.4852	-56.245	599.678	0	
36.3201	-53.5053	150.685	0	
64.865	-77.0726	170.777	0	
112.416	-78.8413	210.679	0	
59.9585	-55.1042	111.501	0	
70.2087	-55.7224	97.7423	0	
190.375	-24.8482	312.401	0	
208.311	-28.8887	332.046	0	
178.328	-52.8869	332.197	0	
191.284	-60.8463	318.398	0	
-88.1029	-75.4263	583.408	0	
201.257	-51.9863	333.385	0	
232.766	-30.613	325.285	0	
-94.3526	-64.6703	673.714	0	
-21.2176	-68.4889	420.923	0	
-136.235	-54.5345	696.154	0	
-75.0762	-70.6121	604.172	0	
-135.57	-69.1305	573.323	0	
17.1658	-67.2349	251.409	0	
-40.3839	-67.1895	485.671	0	
-31.1675	-76.4316	458.3	0	
-40.0545	-114.942	373.671	0	
12.3999	-80.9419	309.192	0	
-62.4004	-77.8089	544.3	0	
87.3127	-69.9851	136.302	0	
42.2377	-72.0126	211.38	0	
55.7444	-67.659	164.251	0	
40.1802	-103.505	285.821	0	
95.4064	-81.6752	249.409	0	
28.0081	-85.7304	261.089	0	
122.096	-92.0535	285.934	0	
161.728	-77.7738	307.773	0	
-193.993	-43.518	420.808	0	
15.2296	-47.9657	211.964	0	
-2.66107	-58.4408	338.189	0	
-9.7003	-71.0667	377.325	0	
-2.01149	-84.2955	338.241	0	
-119.078	-74.1502	571.646	0	
-32.1741	-91.5468	398.345	0	
-46.1975	-98.0428	427.459	0	
174.139	-96.1654	310.891	0	
-93.5477	-95.5998	462.547	0	
177.439	-132.495	296.261	0	
-14.5355	-96.8328	372.973	0	
214.807	-50.7788	330.56	0	
227.722	-62.6715	321.277	0	
-226.174	-52.2763	382.37	0	
140.1	-95.1239	292.591	0	
65.7718	-108.2	258.404	0	
71.1759	-93.9508	262.086	0	
-196.369	-62.35	402.353	0	
-111.16	-95.5437	469.116	0	
-0.0955761	-124.944	309.48	0	
140.341	-120.541	294.129	0	
149.26	-111.77	300.444	0	
224.915	-82.6931	314.773	0	
-149.645	-83.0905	458.969	0	
-181.387	-78.8859	395.647	0	
-223.27	-87.3322	331.358	0	
206.301	-97.3985	308.74	0	
-122.3	-109.469	389.43	0	
89.4554	-97.3917	223.72	0	
115.761	-106.486	265.316	0	
94.5914	-125.39	269.5	0	
100.129	-108.99	289.892	0	
-212.53	-108.31	322.438	0	
-187.663	-104.4	346.728	0	
-61.1884	-90.7965	457.153	0	
-17.3938	-112.921	368.862	0	
118.793	-131.494	280.483	0	
78.5133	-128.04	289.348	0	
145.868	-135.276	299.034	0	
29.3462	-123.276	285.371	0	
-50.7969	-127.592	383.293	0	
124.844	-118.328	298.181	0	
104.171	-136.052	296.473	0	
164.24	-142.504	300.561	0	
167.986	-116.495	305.212	0	
100.66	-156.977	280.544	0	
131.518	-141.125	297.312	0	
68.4008	-148.446	275.795	0	
208.027	-119.4	297.873	0	
190.911	-84.7228	321.691	0	
-79.309	-103.773	436.649	0	
-75.0605	-123.67	388.634	0	
-150.767	-144.01	337.134	0	
-166.751	-116.842	353.977	0	
-117.627	-141.298	347.488	0	
196.992	-135.207	296.792	0	
-237.04	-135.177	313.479	0	
210.321	-157.735	292.374	0	
231.512	-122.086	296.306	0	
233.724	-149.676	289.046	0	
-94.1678	-149.074	358.282	0	
44.8253	-148.377	291.338	0	
