# ============================================================
# Calculated and Observed Apparent Resistivity Data
# Paper: A Comparative Study of Pseudo-dipole Arrays and Standard Arrays
# Based on High-density DC Resistivity Method
# ============================================================
# Column 1: X_Coord (m)       - Horizontal coordinate
# Column 2: Z_Coord (m)       - Depth coordinate (negative downward)
# Column 3: App_Resistivity   - Apparent resistivity (Ohm-m)
#            Computed from forward DC resistivity modeling

-156.25	0	-2.5	170.885
-153.75	0	-2.5	189.619
-151.25	0	-2.5	191.633
-148.75	0	-2.5	188.47
-146.25	0	-2.5	172.849
-143.75	0	-2.5	209.183
-141.25	0	-2.5	203.001
-138.75	0	-2.5	207.293
-136.25	0	-2.5	214.594
-133.75	0	-2.5	204.5
-131.25	0	-2.5	201.929
-128.75	0	-2.5	216.914
-126.25	0	-2.5	214.692
-123.75	0	-2.5	211.113
-121.25	0	-2.5	204.806
-118.75	0	-2.5	200.714
-116.25	0	-2.5	200.212
-113.75	0	-2.5	188.416
-111.25	0	-2.5	178.047
-108.75	0	-2.5	194.533
-106.25	0	-2.5	195.995
-103.75	0	-2.5	196.517
-101.25	0	-2.5	176.097
-98.75	0	-2.5	199.578
-96.25	0	-2.5	186.829
-93.75	0	-2.5	200.56
-91.25	0	-2.5	189.058
-88.75	0	-2.5	192.91
-86.25	0	-2.5	189.536
-83.75	0	-2.5	188.651
-81.25	0	-2.5	198.159
-78.75	0	-2.5	194.608
-76.25	0	-2.5	192.507
-73.75	0	-2.5	192.957
-71.25	0	-2.5	193.648
-68.75	0	-2.5	189.35
-66.25	0	-2.5	189.904
-63.75	0	-2.5	182.009
-61.25	0	-2.5	166.818
-58.75	0	-2.5	169.75
-56.25	0	-2.5	184.35
-53.75	0	-2.5	181.862
-51.25	0	-2.5	182.164
-48.75	0	-2.5	188.768
-46.25	0	-2.5	185.14
-43.75	0	-2.5	193.142
-41.25	0	-2.5	179.506
-38.75	0	-2.5	195.01
-36.25	0	-2.5	202.633
-33.75	0	-2.5	185.035
-31.25	0	-2.5	207.153
-28.75	0	-2.5	208.552
-26.25	0	-2.5	213.383
-23.75	0	-2.5	214.102
-21.25	0	-2.5	221.789
-18.75	0	-2.5	210.617
-16.25	0	-2.5	225.008
-13.75	0	-2.5	218.933
-11.25	0	-2.5	230.405
-8.75	0	-2.5	212.018
-6.25	0	-2.5	215.897
-3.75	0	-2.5	186.269
-1.25	0	-2.5	198.496
1.25	0	-2.5	187.801
3.75	0	-2.5	191.19
6.25	0	-2.5	180.244
8.75	0	-2.5	182.429
11.25	0	-2.5	179.976
13.75	0	-2.5	182.648
16.25	0	-2.5	169.98
18.75	0	-2.5	191.664
21.25	0	-2.5	192.349
23.75	0	-2.5	196.084
26.25	0	-2.5	210.714
28.75	0	-2.5	210.065
31.25	0	-2.5	195.297
33.75	0	-2.5	222.41
36.25	0	-2.5	214.758
38.75	0	-2.5	216.93
41.25	0	-2.5	218.354
43.75	0	-2.5	214.641
46.25	0	-2.5	206.134
48.75	0	-2.5	196.299
51.25	0	-2.5	193.119
53.75	0	-2.5	191.16
56.25	0	-2.5	187.305
58.75	0	-2.5	202.961
61.25	0	-2.5	202.273
63.75	0	-2.5	200.696
66.25	0	-2.5	198.389
68.75	0	-2.5	218.647
71.25	0	-2.5	217.339
73.75	0	-2.5	233.276
76.25	0	-2.5	221.998
78.75	0	-2.5	234.712
81.25	0	-2.5	212.487
83.75	0	-2.5	228.504
86.25	0	-2.5	223.854
88.75	0	-2.5	207.095
91.25	0	-2.5	197.411
93.75	0	-2.5	216.171
96.25	0	-2.5	200.344
98.75	0	-2.5	199.431
101.25	0	-2.5	196.09
103.75	0	-2.5	191.073
106.25	0	-2.5	190.068
108.75	0	-2.5	188.312
111.25	0	-2.5	193.579
113.75	0	-2.5	189.578
116.25	0	-2.5	201.746
118.75	0	-2.5	196.902
121.25	0	-2.5	210.324
123.75	0	-2.5	191.491
126.25	0	-2.5	195.866
128.75	0	-2.5	193.65
131.25	0	-2.5	204.774
133.75	0	-2.5	216.443
136.25	0	-2.5	208.147
138.75	0	-2.5	209.69
141.25	0	-2.5	213.621
143.75	0	-2.5	195.053
146.25	0	-2.5	206.297
148.75	0	-2.5	191.399
151.25	0	-2.5	188.65
153.75	0	-2.5	217.622
-152.5	0	-5	198.945
-150	0	-5	199.839
-147.5	0	-5	190.677
-145	0	-5	191.118
-142.5	0	-5	194.964
-140	0	-5	197.063
-137.5	0	-5	202.641
-135	0	-5	197.463
-132.5	0	-5	196.979
-130	0	-5	199.432
-127.5	0	-5	200.582
-125	0	-5	199.395
-122.5	0	-5	195.081
-120	0	-5	194.956
-117.5	0	-5	193.01
-115	0	-5	189.983
-112.5	0	-5	190.221
-110	0	-5	187.991
-107.5	0	-5	188.507
-105	0	-5	187.62
-102.5	0	-5	184.707
-100	0	-5	183.967
-97.5	0	-5	187.131
-95	0	-5	188.163
-92.5	0	-5	185.372
-90	0	-5	185.944
-87.5	0	-5	185.663
-85	0	-5	185.719
-82.5	0	-5	187.005
-80	0	-5	186.33
-77.5	0	-5	187.699
-75	0	-5	188.418
-72.5	0	-5	187.993
-70	0	-5	188.086
-67.5	0	-5	188.559
-65	0	-5	186.566
-62.5	0	-5	184.656
-60	0	-5	183.255
-57.5	0	-5	182.948
-55	0	-5	185.399
-52.5	0	-5	186.366
-50	0	-5	188.826
-47.5	0	-5	187.022
-45	0	-5	189.529
-42.5	0	-5	188.894
-40	0	-5	191.044
-37.5	0	-5	190.981
-35	0	-5	191.597
-32.5	0	-5	195.743
-30	0	-5	197.444
-27.5	0	-5	199.553
-25	0	-5	201.466
-22.5	0	-5	203.476
-20	0	-5	202.619
-17.5	0	-5	201.877
-15	0	-5	199.155
-12.5	0	-5	199.425
-10	0	-5	198.782
-7.5	0	-5	201.09
-5	0	-5	199.737
-2.5	0	-5	199.445
0	0	-5	196.423
2.5	0	-5	190.472
5	0	-5	190.801
7.5	0	-5	190.527
10	0	-5	191.194
12.5	0	-5	189.261
15	0	-5	187.536
17.5	0	-5	192.616
20	0	-5	193.84
22.5	0	-5	195.626
25	0	-5	198.381
27.5	0	-5	200.169
30	0	-5	201.332
32.5	0	-5	199.163
35	0	-5	202.986
37.5	0	-5	207.89
40	0	-5	208.906
42.5	0	-5	205.915
45	0	-5	205.01
47.5	0	-5	202.247
50	0	-5	203.81
52.5	0	-5	202.756
55	0	-5	201.39
57.5	0	-5	200.991
60	0	-5	200.25
62.5	0	-5	202.064
65	0	-5	206.519
67.5	0	-5	211.524
70	0	-5	206.892
72.5	0	-5	205.985
75	0	-5	209.147
77.5	0	-5	212.079
80	0	-5	210.925
82.5	0	-5	208.514
85	0	-5	207.579
87.5	0	-5	205.569
90	0	-5	203.324
92.5	0	-5	202.126
95	0	-5	202.169
97.5	0	-5	198.814
100	0	-5	196.406
102.5	0	-5	193.85
105	0	-5	193.41
107.5	0	-5	192.782
110	0	-5	194.26
112.5	0	-5	193.969
115	0	-5	194.093
117.5	0	-5	194.164
120	0	-5	194.323
122.5	0	-5	193.225
125	0	-5	192.672
127.5	0	-5	198.102
130	0	-5	200.482
132.5	0	-5	199.298
135	0	-5	201.191
137.5	0	-5	198.572
140	0	-5	202.516
142.5	0	-5	202.694
145	0	-5	197.456
147.5	0	-5	198.712
150	0	-5	203.808
-148.75	0	-7.5	216.024
-146.25	0	-7.5	213.334
-143.75	0	-7.5	205.608
-141.25	0	-7.5	208.05
-138.75	0	-7.5	205.681
-136.25	0	-7.5	207.766
-133.75	0	-7.5	204.623
-131.25	0	-7.5	206.111
-128.75	0	-7.5	206.809
-126.25	0	-7.5	206.159
-123.75	0	-7.5	205.122
-121.25	0	-7.5	203.571
-118.75	0	-7.5	203.901
-116.25	0	-7.5	201.583
-113.75	0	-7.5	203.184
-111.25	0	-7.5	201.294
-108.75	0	-7.5	200.737
-106.25	0	-7.5	199.745
-103.75	0	-7.5	199.327
-101.25	0	-7.5	199.111
-98.75	0	-7.5	199.328
-96.25	0	-7.5	201.709
-93.75	0	-7.5	200.76
-91.25	0	-7.5	201.004
-88.75	0	-7.5	200.262
-86.25	0	-7.5	200.476
-83.75	0	-7.5	200.774
-81.25	0	-7.5	199.985
-78.75	0	-7.5	201.107
-76.25	0	-7.5	201.286
-73.75	0	-7.5	201.942
-71.25	0	-7.5	201.835
-68.75	0	-7.5	202.415
-66.25	0	-7.5	202.195
-63.75	0	-7.5	201.983
-61.25	0	-7.5	201.831
-58.75	0	-7.5	200.7
-56.25	0	-7.5	201.801
-53.75	0	-7.5	203.119
-51.25	0	-7.5	205.474
-48.75	0	-7.5	205.075
-46.25	0	-7.5	206.023
-43.75	0	-7.5	205.677
-41.25	0	-7.5	206.684
-38.75	0	-7.5	207.913
-36.25	0	-7.5	207.809
-33.75	0	-7.5	210.855
-31.25	0	-7.5	212.18
-28.75	0	-7.5	213.095
-26.25	0	-7.5	212.646
-23.75	0	-7.5	211.936
-21.25	0	-7.5	208.386
-18.75	0	-7.5	204.669
-16.25	0	-7.5	200.455
-13.75	0	-7.5	197.016
-11.25	0	-7.5	197.188
-8.75	0	-7.5	196.583
-6.25	0	-7.5	198.279
-3.75	0	-7.5	200.761
-1.25	0	-7.5	199.834
1.25	0	-7.5	199.798
3.75	0	-7.5	198.343
6.25	0	-7.5	199.636
8.75	0	-7.5	199.277
11.25	0	-7.5	200.237
13.75	0	-7.5	198.863
16.25	0	-7.5	201.304
18.75	0	-7.5	201.67
21.25	0	-7.5	202.739
23.75	0	-7.5	203.833
26.25	0	-7.5	204.047
28.75	0	-7.5	204.467
31.25	0	-7.5	205.928
33.75	0	-7.5	207.227
36.25	0	-7.5	208.337
38.75	0	-7.5	209.072
41.25	0	-7.5	208.472
43.75	0	-7.5	208.162
46.25	0	-7.5	208.147
48.75	0	-7.5	210.542
51.25	0	-7.5	212.885
53.75	0	-7.5	213.024
56.25	0	-7.5	212.286
58.75	0	-7.5	209.768
61.25	0	-7.5	210.268
63.75	0	-7.5	212.712
66.25	0	-7.5	214.089
68.75	0	-7.5	212.468
71.25	0	-7.5	210.416
73.75	0	-7.5	210.408
76.25	0	-7.5	210.355
78.75	0	-7.5	210.541
81.25	0	-7.5	209.553
83.75	0	-7.5	207.726
86.25	0	-7.5	206.448
88.75	0	-7.5	207.54
91.25	0	-7.5	205.099
93.75	0	-7.5	204.557
96.25	0	-7.5	203.466
98.75	0	-7.5	201.69
101.25	0	-7.5	199.894
103.75	0	-7.5	199.173
106.25	0	-7.5	199.075
108.75	0	-7.5	200.402
111.25	0	-7.5	199.75
113.75	0	-7.5	200.606
116.25	0	-7.5	198.708
118.75	0	-7.5	200.17
121.25	0	-7.5	199.787
123.75	0	-7.5	200.119
126.25	0	-7.5	201.961
128.75	0	-7.5	203.228
131.25	0	-7.5	203.902
133.75	0	-7.5	201.896
136.25	0	-7.5	203.351
138.75	0	-7.5	202.191
141.25	0	-7.5	205.662
143.75	0	-7.5	202.616
146.25	0	-7.5	204.155
-145	0	-10	227.48
-142.5	0	-10	226.272
-140	0	-10	223.177
-137.5	0	-10	218.177
-135	0	-10	220.611
-132.5	0	-10	218.003
-130	0	-10	218.651
-127.5	0	-10	219.212
-125	0	-10	217.206
-122.5	0	-10	217.8
-120	0	-10	217.399
-117.5	0	-10	216.209
-115	0	-10	217.243
-112.5	0	-10	216.765
-110	0	-10	216.007
-107.5	0	-10	215.893
-105	0	-10	215.786
-102.5	0	-10	216.197
-100	0	-10	216.583
-97.5	0	-10	217.662
-95	0	-10	218.257
-92.5	0	-10	219.031
-90	0	-10	218.852
-87.5	0	-10	218.626
-85	0	-10	218.904
-82.5	0	-10	217.88
-80	0	-10	217.991
-77.5	0	-10	218.048
-75	0	-10	217.668
-72.5	0	-10	217.818
-70	0	-10	217.876
-67.5	0	-10	217.397
-65	0	-10	217.698
-62.5	0	-10	217.93
-60	0	-10	217.549
-57.5	0	-10	218.159
-55	0	-10	219.089
-52.5	0	-10	220.987
-50	0	-10	221.826
-47.5	0	-10	223.155
-45	0	-10	223.636
-42.5	0	-10	224.752
-40	0	-10	226.597
-37.5	0	-10	228.173
-35	0	-10	229.682
-32.5	0	-10	231.22
-30	0	-10	231.101
-27.5	0	-10	228.947
-25	0	-10	225.935
-22.5	0	-10	220.365
-20	0	-10	213.94
-17.5	0	-10	207.75
-15	0	-10	201.796
-12.5	0	-10	197.239
-10	0	-10	195.008
-7.5	0	-10	193.233
-5	0	-10	194.457
-2.5	0	-10	194.973
0	0	-10	195.618
2.5	0	-10	197.411
5	0	-10	197.818
7.5	0	-10	198.953
10	0	-10	199.963
12.5	0	-10	200.625
15	0	-10	202.159
17.5	0	-10	203.064
20	0	-10	203.553
22.5	0	-10	204.796
25	0	-10	205.031
27.5	0	-10	204.394
30	0	-10	204.601
32.5	0	-10	204.745
35	0	-10	203.886
37.5	0	-10	202.682
40	0	-10	201.235
42.5	0	-10	201.251
45	0	-10	200.837
47.5	0	-10	202.793
50	0	-10	204.951
52.5	0	-10	205.928
55	0	-10	206.856
57.5	0	-10	206.008
60	0	-10	204.937
62.5	0	-10	206.46
65	0	-10	206.671
67.5	0	-10	205.31
70	0	-10	205.82
72.5	0	-10	205.012
75	0	-10	205.32
77.5	0	-10	205.823
80	0	-10	206.3
82.5	0	-10	206.651
85	0	-10	205.204
87.5	0	-10	205.976
90	0	-10	204.958
92.5	0	-10	202.93
95	0	-10	202.589
97.5	0	-10	201.206
100	0	-10	200.163
102.5	0	-10	199.455
105	0	-10	198.872
107.5	0	-10	199.782
110	0	-10	199.548
112.5	0	-10	200.271
115	0	-10	199.402
117.5	0	-10	199.593
120	0	-10	200.153
122.5	0	-10	200.125
125	0	-10	202.552
127.5	0	-10	201.564
130	0	-10	201.748
132.5	0	-10	202.012
135	0	-10	200.367
137.5	0	-10	201.988
140	0	-10	202.401
142.5	0	-10	201.98
-141.25	0	-12.5	244.529
-138.75	0	-12.5	243.581
-136.25	0	-12.5	238.861
-133.75	0	-12.5	238.745
-131.25	0	-12.5	237.281
-128.75	0	-12.5	236.982
-126.25	0	-12.5	236.307
-123.75	0	-12.5	236.178
-121.25	0	-12.5	236.299
-118.75	0	-12.5	235.354
-116.25	0	-12.5	236.173
-113.75	0	-12.5	235.821
-111.25	0	-12.5	236.149
-108.75	0	-12.5	235.579
-106.25	0	-12.5	236.518
-103.75	0	-12.5	236.849
-101.25	0	-12.5	237.538
-98.75	0	-12.5	238.348
-96.25	0	-12.5	238.903
-93.75	0	-12.5	239.908
-91.25	0	-12.5	240.261
-88.75	0	-12.5	240.397
-86.25	0	-12.5	240.224
-83.75	0	-12.5	239.381
-81.25	0	-12.5	238.902
-78.75	0	-12.5	237.983
-76.25	0	-12.5	237.147
-73.75	0	-12.5	236.351
-71.25	0	-12.5	235.984
-68.75	0	-12.5	235.011
-66.25	0	-12.5	234.663
-63.75	0	-12.5	235.119
-61.25	0	-12.5	234.987
-58.75	0	-12.5	235.512
-56.25	0	-12.5	236.292
-53.75	0	-12.5	237.933
-51.25	0	-12.5	238.991
-48.75	0	-12.5	241.13
-46.25	0	-12.5	242.561
-43.75	0	-12.5	244.627
-41.25	0	-12.5	246.914
-38.75	0	-12.5	248.886
-36.25	0	-12.5	250.894
-33.75	0	-12.5	251.106
-31.25	0	-12.5	250.268
-28.75	0	-12.5	247.083
-26.25	0	-12.5	242.43
-23.75	0	-12.5	235.557
-21.25	0	-12.5	227.929
-18.75	0	-12.5	220.032
-16.25	0	-12.5	212.772
-13.75	0	-12.5	205.899
-11.25	0	-12.5	199.84
-8.75	0	-12.5	195.789
-6.25	0	-12.5	193.095
-3.75	0	-12.5	191.428
-1.25	0	-12.5	191.487
1.25	0	-12.5	192.045
3.75	0	-12.5	193.887
6.25	0	-12.5	194.602
8.75	0	-12.5	196.261
11.25	0	-12.5	197.327
13.75	0	-12.5	200.092
16.25	0	-12.5	200.845
18.75	0	-12.5	201.924
21.25	0	-12.5	202.814
23.75	0	-12.5	203.352
26.25	0	-12.5	202.148
28.75	0	-12.5	200.589
31.25	0	-12.5	198.801
33.75	0	-12.5	196.418
36.25	0	-12.5	192.991
38.75	0	-12.5	190.1
41.25	0	-12.5	188.28
43.75	0	-12.5	187.202
46.25	0	-12.5	187.437
48.75	0	-12.5	188.167
51.25	0	-12.5	188.877
53.75	0	-12.5	190.161
56.25	0	-12.5	190.287
58.75	0	-12.5	190.191
61.25	0	-12.5	191.052
63.75	0	-12.5	191.665
66.25	0	-12.5	191
68.75	0	-12.5	191.98
71.25	0	-12.5	194.054
73.75	0	-12.5	194.991
76.25	0	-12.5	197.001
78.75	0	-12.5	199.504
81.25	0	-12.5	201.657
83.75	0	-12.5	202.322
86.25	0	-12.5	203.644
88.75	0	-12.5	203.444
91.25	0	-12.5	202.777
93.75	0	-12.5	201.11
96.25	0	-12.5	200.85
98.75	0	-12.5	199.823
101.25	0	-12.5	199.044
103.75	0	-12.5	198.287
106.25	0	-12.5	198.707
108.75	0	-12.5	198.126
111.25	0	-12.5	198.359
113.75	0	-12.5	198.205
116.25	0	-12.5	198.98
118.75	0	-12.5	198.186
121.25	0	-12.5	198.872
123.75	0	-12.5	200.326
126.25	0	-12.5	199.986
128.75	0	-12.5	199.192
131.25	0	-12.5	198.81
133.75	0	-12.5	199.311
136.25	0	-12.5	198.624
138.75	0	-12.5	200.741
-137.5	0	-15	267.13
-135	0	-15	265.071
-132.5	0	-15	264.907
-130	0	-15	261.43
-127.5	0	-15	261.271
-125	0	-15	261.269
-122.5	0	-15	260.937
-120	0	-15	260.79
-117.5	0	-15	260.685
-115	0	-15	260.947
-112.5	0	-15	261.247
-110	0	-15	261.376
-107.5	0	-15	261.515
-105	0	-15	262.645
-102.5	0	-15	263.064
-100	0	-15	264.164
-97.5	0	-15	264.046
-95	0	-15	264.921
-92.5	0	-15	265.572
-90	0	-15	265.517
-87.5	0	-15	265.408
-85	0	-15	264.188
-82.5	0	-15	263.697
-80	0	-15	262.032
-77.5	0	-15	260.464
-75	0	-15	258.921
-72.5	0	-15	257.624
-70	0	-15	256.377
-67.5	0	-15	255.346
-65	0	-15	255.129
-62.5	0	-15	255.033
-60	0	-15	255.75
-57.5	0	-15	256.306
-55	0	-15	257.836
-52.5	0	-15	259.207
-50	0	-15	261.488
-47.5	0	-15	263.887
-45	0	-15	266.324
-42.5	0	-15	269.056
-40	0	-15	270.8
-37.5	0	-15	272.446
-35	0	-15	272.265
-32.5	0	-15	269.862
-30	0	-15	265.931
-27.5	0	-15	260.314
-25	0	-15	252.891
-22.5	0	-15	244.439
-20	0	-15	236.19
-17.5	0	-15	228.01
-15	0	-15	220.383
-12.5	0	-15	212.906
-10	0	-15	206.052
-7.5	0	-15	201.162
-5	0	-15	196.39
-2.5	0	-15	193.723
0	0	-15	192.487
2.5	0	-15	192.485
5	0	-15	193.232
7.5	0	-15	193.838
10	0	-15	195.23
12.5	0	-15	197.5
15	0	-15	199.319
17.5	0	-15	199.924
20	0	-15	200.661
22.5	0	-15	200.493
25	0	-15	199.025
27.5	0	-15	196.26
30	0	-15	192.343
32.5	0	-15	188.238
35	0	-15	183.644
37.5	0	-15	178.639
40	0	-15	174.993
42.5	0	-15	172.109
45	0	-15	171.037
47.5	0	-15	170.223
50	0	-15	169.764
52.5	0	-15	170.223
55	0	-15	170.548
57.5	0	-15	171.184
60	0	-15	172.49
62.5	0	-15	173.083
65	0	-15	173.62
67.5	0	-15	175.483
70	0	-15	178.192
72.5	0	-15	181.86
75	0	-15	185.098
77.5	0	-15	189.164
80	0	-15	193.662
82.5	0	-15	196.884
85	0	-15	200.378
87.5	0	-15	201.644
90	0	-15	202.538
92.5	0	-15	202.915
95	0	-15	202.08
97.5	0	-15	202.169
100	0	-15	201.183
102.5	0	-15	200.583
105	0	-15	200.467
107.5	0	-15	199.207
110	0	-15	199.345
112.5	0	-15	198.766
115	0	-15	199.444
117.5	0	-15	198.851
120	0	-15	198.095
122.5	0	-15	199.734
125	0	-15	199.368
127.5	0	-15	198.88
130	0	-15	197.662
132.5	0	-15	197.998
135	0	-15	199.081
-133.75	0	-17.5	292.824
-131.25	0	-17.5	294.677
-128.75	0	-17.5	291.244
-126.25	0	-17.5	290.342
-123.75	0	-17.5	291.02
-121.25	0	-17.5	290.033
-118.75	0	-17.5	290.569
-116.25	0	-17.5	290.668
-113.75	0	-17.5	290.478
-111.25	0	-17.5	291.042
-108.75	0	-17.5	291.462
-106.25	0	-17.5	291.471
-103.75	0	-17.5	292.654
-101.25	0	-17.5	292.911
-98.75	0	-17.5	293.048
-96.25	0	-17.5	293.216
-93.75	0	-17.5	293.256
-91.25	0	-17.5	293.169
-88.75	0	-17.5	292.876
-86.25	0	-17.5	291.397
-83.75	0	-17.5	290.145
-81.25	0	-17.5	288.498
-78.75	0	-17.5	286.221
-76.25	0	-17.5	284.034
-73.75	0	-17.5	282.164
-71.25	0	-17.5	280.141
-68.75	0	-17.5	278.864
-66.25	0	-17.5	277.983
-63.75	0	-17.5	277.372
-61.25	0	-17.5	278.042
-58.75	0	-17.5	278.855
-56.25	0	-17.5	280.197
-53.75	0	-17.5	281.69
-51.25	0	-17.5	284.091
-48.75	0	-17.5	286.564
-46.25	0	-17.5	289.256
-43.75	0	-17.5	291.47
-41.25	0	-17.5	292.9
-38.75	0	-17.5	293.365
-36.25	0	-17.5	292.313
-33.75	0	-17.5	289.319
-31.25	0	-17.5	284
-28.75	0	-17.5	277.879
-26.25	0	-17.5	269.974
-23.75	0	-17.5	261.541
-21.25	0	-17.5	253.118
-18.75	0	-17.5	244.89
-16.25	0	-17.5	237.017
-13.75	0	-17.5	229.644
-11.25	0	-17.5	222.089
-8.75	0	-17.5	215.302
-6.25	0	-17.5	208.943
-3.75	0	-17.5	203.74
-1.25	0	-17.5	200.154
1.25	0	-17.5	198.019
3.75	0	-17.5	196.451
6.25	0	-17.5	196.372
8.75	0	-17.5	196.044
11.25	0	-17.5	197.374
13.75	0	-17.5	198.188
16.25	0	-17.5	198.803
18.75	0	-17.5	198.463
21.25	0	-17.5	197.437
23.75	0	-17.5	194.768
26.25	0	-17.5	191.316
28.75	0	-17.5	186.215
31.25	0	-17.5	180.471
33.75	0	-17.5	174.327
36.25	0	-17.5	168.268
38.75	0	-17.5	162.818
41.25	0	-17.5	158.413
43.75	0	-17.5	155.685
46.25	0	-17.5	153.948
48.75	0	-17.5	152.166
51.25	0	-17.5	151.449
53.75	0	-17.5	151.276
56.25	0	-17.5	151.908
58.75	0	-17.5	153.582
61.25	0	-17.5	154.631
63.75	0	-17.5	155.44
66.25	0	-17.5	157.963
68.75	0	-17.5	161.342
71.25	0	-17.5	165.747
73.75	0	-17.5	171.129
76.25	0	-17.5	176.206
78.75	0	-17.5	182.209
81.25	0	-17.5	187.891
83.75	0	-17.5	193.728
86.25	0	-17.5	197.812
88.75	0	-17.5	200.895
91.25	0	-17.5	203.084
93.75	0	-17.5	204.703
96.25	0	-17.5	204.96
98.75	0	-17.5	205.542
101.25	0	-17.5	205.044
103.75	0	-17.5	204.668
106.25	0	-17.5	203.569
108.75	0	-17.5	202.898
111.25	0	-17.5	202.003
113.75	0	-17.5	201.925
116.25	0	-17.5	200.908
118.75	0	-17.5	200.186
121.25	0	-17.5	200.537
123.75	0	-17.5	200.083
126.25	0	-17.5	199.662
128.75	0	-17.5	199.023
131.25	0	-17.5	198.644
-130	0	-20	323.978
-127.5	0	-20	323.643
-125	0	-20	323.376
-122.5	0	-20	322.08
-120	0	-20	322.839
-117.5	0	-20	322.947
-115	0	-20	322.628
-112.5	0	-20	323.116
-110	0	-20	322.882
-107.5	0	-20	323.728
-105	0	-20	323.267
-102.5	0	-20	324.018
-100	0	-20	323.296
-97.5	0	-20	323.12
-95	0	-20	322.314
-92.5	0	-20	321.701
-90	0	-20	320.832
-87.5	0	-20	319.023
-85	0	-20	317.574
-82.5	0	-20	314.875
-80	0	-20	312.628
-77.5	0	-20	309.829
-75	0	-20	307.632
-72.5	0	-20	305.193
-70	0	-20	303.239
-67.5	0	-20	302.256
-65	0	-20	301.169
-62.5	0	-20	301.567
-60	0	-20	302.292
-57.5	0	-20	303.899
-55	0	-20	305.21
-52.5	0	-20	307.465
-50	0	-20	309.572
-47.5	0	-20	311.477
-45	0	-20	313.351
-42.5	0	-20	313.514
-40	0	-20	312.974
-37.5	0	-20	310.496
-35	0	-20	306.603
-32.5	0	-20	300.738
-30	0	-20	293.581
-27.5	0	-20	285.634
-25	0	-20	276.983
-22.5	0	-20	268.846
-20	0	-20	260.811
-17.5	0	-20	253.451
-15	0	-20	246.329
-12.5	0	-20	239.409
-10	0	-20	232.446
-7.5	0	-20	225.142
-5	0	-20	219.045
-2.5	0	-20	213.346
0	0	-20	209.185
2.5	0	-20	205.797
5	0	-20	203.24
7.5	0	-20	201.4
10	0	-20	200.199
12.5	0	-20	199.242
15	0	-20	197.95
17.5	0	-20	196.645
20	0	-20	193.999
22.5	0	-20	190.226
25	0	-20	185.445
27.5	0	-20	179.725
30	0	-20	172.937
32.5	0	-20	165.575
35	0	-20	158.393
37.5	0	-20	151.997
40	0	-20	146.368
42.5	0	-20	142.581
45	0	-20	139.535
47.5	0	-20	137.072
50	0	-20	135.408
52.5	0	-20	134.451
55	0	-20	134.57
57.5	0	-20	135.979
60	0	-20	137.427
62.5	0	-20	138.567
65	0	-20	140.935
67.5	0	-20	144.587
70	0	-20	149.152
72.5	0	-20	154.918
75	0	-20	161.647
77.5	0	-20	168.382
80	0	-20	175.284
82.5	0	-20	183.135
85	0	-20	189.819
87.5	0	-20	195.621
90	0	-20	200.328
92.5	0	-20	203.972
95	0	-20	206.76
97.5	0	-20	208.26
100	0	-20	209.432
102.5	0	-20	209.81
105	0	-20	208.971
107.5	0	-20	208.201
110	0	-20	206.697
112.5	0	-20	205.882
115	0	-20	204.337
117.5	0	-20	203.537
120	0	-20	203.166
122.5	0	-20	201.831
125	0	-20	201.398
127.5	0	-20	200.627
-126.25	0	-22.5	354.55
-123.75	0	-22.5	356.199
-121.25	0	-22.5	356.318
-118.75	0	-22.5	355.348
-116.25	0	-22.5	356.084
-113.75	0	-22.5	355.7
-111.25	0	-22.5	355.581
-108.75	0	-22.5	355.946
-106.25	0	-22.5	355.278
-103.75	0	-22.5	354.981
-101.25	0	-22.5	354.273
-98.75	0	-22.5	352.911
-96.25	0	-22.5	351.704
-93.75	0	-22.5	349.919
-91.25	0	-22.5	348.382
-88.75	0	-22.5	346.151
-86.25	0	-22.5	343.868
-83.75	0	-22.5	341.106
-81.25	0	-22.5	338.066
-78.75	0	-22.5	335.234
-76.25	0	-22.5	332.553
-73.75	0	-22.5	329.835
-71.25	0	-22.5	327.828
-68.75	0	-22.5	326.28
-66.25	0	-22.5	325.418
-63.75	0	-22.5	325.363
-61.25	0	-22.5	325.952
-58.75	0	-22.5	327.517
-56.25	0	-22.5	328.781
-53.75	0	-22.5	330.304
-51.25	0	-22.5	331.685
-48.75	0	-22.5	332.714
-46.25	0	-22.5	333.086
-43.75	0	-22.5	332.37
-41.25	0	-22.5	330.399
-38.75	0	-22.5	326.895
-36.25	0	-22.5	321.606
-33.75	0	-22.5	314.906
-31.25	0	-22.5	307.457
-28.75	0	-22.5	298.753
-26.25	0	-22.5	290.265
-23.75	0	-22.5	282.147
-21.25	0	-22.5	274.648
-18.75	0	-22.5	267.756
-16.25	0	-22.5	261.438
-13.75	0	-22.5	255.114
-11.25	0	-22.5	249.097
-8.75	0	-22.5	242.324
-6.25	0	-22.5	235.764
-3.75	0	-22.5	229.55
-1.25	0	-22.5	223.864
1.25	0	-22.5	218.668
3.75	0	-22.5	214.228
6.25	0	-22.5	209.835
8.75	0	-22.5	206.548
11.25	0	-22.5	202.625
13.75	0	-22.5	198.944
16.25	0	-22.5	195.158
18.75	0	-22.5	191.005
21.25	0	-22.5	185.527
23.75	0	-22.5	179.605
26.25	0	-22.5	172.646
28.75	0	-22.5	165.336
31.25	0	-22.5	157.221
33.75	0	-22.5	149.189
36.25	0	-22.5	142.156
38.75	0	-22.5	136.028
41.25	0	-22.5	131.186
43.75	0	-22.5	127.455
46.25	0	-22.5	124.244
48.75	0	-22.5	122.156
51.25	0	-22.5	120.545
53.75	0	-22.5	120.003
56.25	0	-22.5	120.898
58.75	0	-22.5	122.028
61.25	0	-22.5	123.432
63.75	0	-22.5	125.744
66.25	0	-22.5	128.89
68.75	0	-22.5	133.352
71.25	0	-22.5	138.806
73.75	0	-22.5	145.497
76.25	0	-22.5	153.312
78.75	0	-22.5	160.64
81.25	0	-22.5	169.371
83.75	0	-22.5	177.807
86.25	0	-22.5	185.856
88.75	0	-22.5	193.06
91.25	0	-22.5	199.196
93.75	0	-22.5	204.302
96.25	0	-22.5	208.043
98.75	0	-22.5	210.577
101.25	0	-22.5	213.09
103.75	0	-22.5	213.257
106.25	0	-22.5	212.984
108.75	0	-22.5	211.605
111.25	0	-22.5	210.358
113.75	0	-22.5	208.698
116.25	0	-22.5	206.973
118.75	0	-22.5	206.573
121.25	0	-22.5	204.94
123.75	0	-22.5	203.461
-122.5	0	-25	387.109
-120	0	-25	389.2
-117.5	0	-25	388.611
-115	0	-25	388.077
-112.5	0	-25	387.895
-110	0	-25	387.667
-107.5	0	-25	386.735
-105	0	-25	386.353
-102.5	0	-25	383.641
-100	0	-25	382.877
-97.5	0	-25	380.176
-95	0	-25	377.72
-92.5	0	-25	375.048
-90	0	-25	371.93
-87.5	0	-25	369.26
-85	0	-25	365.918
-82.5	0	-25	362.638
-80	0	-25	359.241
-77.5	0	-25	356.675
-75	0	-25	353.557
-72.5	0	-25	351.382
-70	0	-25	349.943
-67.5	0	-25	348.795
-65	0	-25	348.983
-62.5	0	-25	349.237
-60	0	-25	350.389
-57.5	0	-25	351.229
-55	0	-25	352.211
-52.5	0	-25	352.343
-50	0	-25	352.091
-47.5	0	-25	351.188
-45	0	-25	348.926
-42.5	0	-25	345.944
-40	0	-25	341.029
-37.5	0	-25	334.864
-35	0	-25	327.068
-32.5	0	-25	318.853
-30	0	-25	309.928
-27.5	0	-25	300.976
-25	0	-25	293.13
-22.5	0	-25	285.875
-20	0	-25	279.643
-17.5	0	-25	273.84
-15	0	-25	268.466
-12.5	0	-25	263.386
-10	0	-25	257.805
-7.5	0	-25	251.907
-5	0	-25	245.671
-2.5	0	-25	239.662
0	0	-25	233.09
2.5	0	-25	226.853
5	0	-25	220.454
7.5	0	-25	214.522
10	0	-25	208.426
12.5	0	-25	201.788
15	0	-25	195.406
17.5	0	-25	188.804
20	0	-25	181.804
22.5	0	-25	174.07
25	0	-25	166.028
27.5	0	-25	157.669
30	0	-25	149.251
32.5	0	-25	140.829
35	0	-25	133.306
37.5	0	-25	126.785
40	0	-25	121.644
42.5	0	-25	117.262
45	0	-25	113.692
47.5	0	-25	111.126
50	0	-25	109.329
52.5	0	-25	108.322
55	0	-25	108.485
57.5	0	-25	109.19
60	0	-25	110.312
62.5	0	-25	112.448
65	0	-25	115.252
67.5	0	-25	118.981
70	0	-25	124.014
72.5	0	-25	130.032
75	0	-25	137.326
77.5	0	-25	145.386
80	0	-25	154.05
82.5	0	-25	163.077
85	0	-25	172.489
87.5	0	-25	181.562
90	0	-25	189.96
92.5	0	-25	197.094
95	0	-25	203.247
97.5	0	-25	208.202
100	0	-25	211.93
102.5	0	-25	214.224
105	0	-25	215.192
107.5	0	-25	214.843
110	0	-25	214.328
112.5	0	-25	212.36
115	0	-25	210.748
117.5	0	-25	209.761
120	0	-25	208.041
-118.75	0	-27.5	418.568
-116.25	0	-27.5	420.012
-113.75	0	-27.5	419.452
-111.25	0	-27.5	418.002
-108.75	0	-27.5	417.264
-106.25	0	-27.5	415.92
-103.75	0	-27.5	413.361
-101.25	0	-27.5	410.937
-98.75	0	-27.5	407.905
-96.25	0	-27.5	404.643
-93.75	0	-27.5	401.021
-91.25	0	-27.5	396.81
-88.75	0	-27.5	393.366
-86.25	0	-27.5	389.612
-83.75	0	-27.5	385.924
-81.25	0	-27.5	382.434
-78.75	0	-27.5	379.262
-76.25	0	-27.5	376.461
-73.75	0	-27.5	374.186
-71.25	0	-27.5	372.511
-68.75	0	-27.5	371.541
-66.25	0	-27.5	371.412
-63.75	0	-27.5	371.827
-61.25	0	-27.5	372.189
-58.75	0	-27.5	372.271
-56.25	0	-27.5	372.367
-53.75	0	-27.5	371.539
-51.25	0	-27.5	369.834
-48.75	0	-27.5	367.494
-46.25	0	-27.5	363.989
-43.75	0	-27.5	359.502
-41.25	0	-27.5	353.706
-38.75	0	-27.5	346.322
-36.25	0	-27.5	337.7
-33.75	0	-27.5	328.576
-31.25	0	-27.5	319.158
-28.75	0	-27.5	310.054
-26.25	0	-27.5	301.873
-23.75	0	-27.5	294.997
-21.25	0	-27.5	288.916
-18.75	0	-27.5	283.872
-16.25	0	-27.5	279.19
-13.75	0	-27.5	274.959
-11.25	0	-27.5	270.344
-8.75	0	-27.5	265.734
-6.25	0	-27.5	260.196
-3.75	0	-27.5	254.073
-1.25	0	-27.5	247.127
1.25	0	-27.5	239.508
3.75	0	-27.5	231.363
6.25	0	-27.5	223.373
8.75	0	-27.5	214.81
11.25	0	-27.5	206.172
13.75	0	-27.5	197.234
16.25	0	-27.5	188.442
18.75	0	-27.5	179.136
21.25	0	-27.5	169.978
23.75	0	-27.5	160.328
26.25	0	-27.5	150.986
28.75	0	-27.5	141.849
31.25	0	-27.5	133.341
33.75	0	-27.5	125.57
36.25	0	-27.5	118.769
38.75	0	-27.5	113.405
41.25	0	-27.5	108.932
43.75	0	-27.5	105.025
46.25	0	-27.5	102.257
48.75	0	-27.5	100.197
51.25	0	-27.5	99.0278
53.75	0	-27.5	98.7589
56.25	0	-27.5	98.9058
58.75	0	-27.5	99.5593
61.25	0	-27.5	101.224
63.75	0	-27.5	103.659
66.25	0	-27.5	106.803
68.75	0	-27.5	110.891
71.25	0	-27.5	116.201
73.75	0	-27.5	122.618
76.25	0	-27.5	129.906
78.75	0	-27.5	138.704
81.25	0	-27.5	147.392
83.75	0	-27.5	157.051
86.25	0	-27.5	167.171
88.75	0	-27.5	176.859
91.25	0	-27.5	186.046
93.75	0	-27.5	194.057
96.25	0	-27.5	201.027
98.75	0	-27.5	206.896
101.25	0	-27.5	210.553
103.75	0	-27.5	213.693
106.25	0	-27.5	214.915
108.75	0	-27.5	215.505
111.25	0	-27.5	214.764
113.75	0	-27.5	213.361
116.25	0	-27.5	212.582
-115	0	-30	447.012
-112.5	0	-30	448.33
-110	0	-30	446.159
-107.5	0	-30	443.915
-105	0	-30	441.385
-102.5	0	-30	438.447
-100	0	-30	434.109
-97.5	0	-30	430.866
-95	0	-30	425.801
-92.5	0	-30	421.401
-90	0	-30	416.818
-87.5	0	-30	412.414
-85	0	-30	408.334
-82.5	0	-30	404.516
-80	0	-30	401.396
-77.5	0	-30	398.291
-75	0	-30	396.146
-72.5	0	-30	394.495
-70	0	-30	393.421
-67.5	0	-30	393.078
-65	0	-30	392.778
-62.5	0	-30	392.817
-60	0	-30	391.919
-57.5	0	-30	390.803
-55	0	-30	388.979
-52.5	0	-30	386.219
-50	0	-30	382.485
-47.5	0	-30	377.768
-45	0	-30	372.02
-42.5	0	-30	364.962
-40	0	-30	356.755
-37.5	0	-30	347.089
-35	0	-30	337.299
-32.5	0	-30	327.115
-30	0	-30	317.739
-27.5	0	-30	309.51
-25	0	-30	302.223
-22.5	0	-30	296.467
-20	0	-30	291.728
-17.5	0	-30	287.596
-15	0	-30	283.979
-12.5	0	-30	280.209
-10	0	-30	276.335
-7.5	0	-30	271.791
-5	0	-30	266.111
-2.5	0	-30	258.973
0	0	-30	250.869
2.5	0	-30	241.374
5	0	-30	231.789
7.5	0	-30	221.446
10	0	-30	210.734
12.5	0	-30	200.185
15	0	-30	189.249
17.5	0	-30	178.206
20	0	-30	167.195
22.5	0	-30	156.337
25	0	-30	145.781
27.5	0	-30	135.944
30	0	-30	126.833
32.5	0	-30	119.042
35	0	-30	112.11
37.5	0	-30	106.575
40	0	-30	102.02
42.5	0	-30	98.1349
45	0	-30	95.1819
47.5	0	-30	93.0221
50	0	-30	91.643
52.5	0	-30	91.2048
55	0	-30	90.9863
57.5	0	-30	91.1753
60	0	-30	92.2833
62.5	0	-30	94.1123
65	0	-30	96.7266
67.5	0	-30	100.04
70	0	-30	104.286
72.5	0	-30	109.779
75	0	-30	116.016
77.5	0	-30	123.741
80	0	-30	132.327
82.5	0	-30	141.344
85	0	-30	151.214
87.5	0	-30	161.733
90	0	-30	171.928
92.5	0	-30	181.511
95	0	-30	189.974
97.5	0	-30	197.548
100	0	-30	203.276
102.5	0	-30	207.892
105	0	-30	211.19
107.5	0	-30	213.402
110	0	-30	213.989
112.5	0	-30	213.986
-111.25	0	-32.5	471.822
-108.75	0	-32.5	471.372
-106.25	0	-32.5	467.786
-103.75	0	-32.5	463.935
-101.25	0	-32.5	460.037
-98.75	0	-32.5	455.134
-96.25	0	-32.5	450.474
-93.75	0	-32.5	445.211
-91.25	0	-32.5	439.9
-88.75	0	-32.5	435.015
-86.25	0	-32.5	430.353
-83.75	0	-32.5	426.209
-81.25	0	-32.5	422.91
-78.75	0	-32.5	419.805
-76.25	0	-32.5	417.438
-73.75	0	-32.5	416.003
-71.25	0	-32.5	414.509
-68.75	0	-32.5	413.729
-66.25	0	-32.5	412.904
-63.75	0	-32.5	411.753
-61.25	0	-32.5	410.165
-58.75	0	-32.5	407.863
-56.25	0	-32.5	404.967
-53.75	0	-32.5	401.21
-51.25	0	-32.5	396.627
-48.75	0	-32.5	390.569
-46.25	0	-32.5	383.824
-43.75	0	-32.5	375.703
-41.25	0	-32.5	366.268
-38.75	0	-32.5	355.98
-36.25	0	-32.5	345.279
-33.75	0	-32.5	334.668
-31.25	0	-32.5	324.656
-28.75	0	-32.5	316.069
-26.25	0	-32.5	308.786
-23.75	0	-32.5	302.774
-21.25	0	-32.5	298.128
-18.75	0	-32.5	294.113
-16.25	0	-32.5	290.992
-13.75	0	-32.5	287.54
-11.25	0	-32.5	284.174
-8.75	0	-32.5	279.999
-6.25	0	-32.5	274.951
-3.75	0	-32.5	268.075
-1.25	0	-32.5	259.668
1.25	0	-32.5	249.817
3.75	0	-32.5	239.043
6.25	0	-32.5	227.47
8.75	0	-32.5	215.422
11.25	0	-32.5	203.152
13.75	0	-32.5	190.955
16.25	0	-32.5	178.243
18.75	0	-32.5	165.919
21.25	0	-32.5	153.789
23.75	0	-32.5	142.475
26.25	0	-32.5	131.693
28.75	0	-32.5	122.097
31.25	0	-32.5	113.839
33.75	0	-32.5	106.9
36.25	0	-32.5	101.257
38.75	0	-32.5	96.5725
41.25	0	-32.5	92.7192
43.75	0	-32.5	89.7718
46.25	0	-32.5	87.4773
48.75	0	-32.5	86.0416
51.25	0	-32.5	85.3763
53.75	0	-32.5	85.0434
56.25	0	-32.5	84.9097
58.75	0	-32.5	85.5098
61.25	0	-32.5	86.7485
63.75	0	-32.5	88.6606
66.25	0	-32.5	91.3325
68.75	0	-32.5	94.6834
71.25	0	-32.5	98.9831
73.75	0	-32.5	104.17
76.25	0	-32.5	110.658
78.75	0	-32.5	118.096
81.25	0	-32.5	126.637
83.75	0	-32.5	135.741
86.25	0	-32.5	145.747
88.75	0	-32.5	156.337
91.25	0	-32.5	166.592
93.75	0	-32.5	176.288
96.25	0	-32.5	185.135
98.75	0	-32.5	192.559
101.25	0	-32.5	198.853
103.75	0	-32.5	203.6
106.25	0	-32.5	207.838
108.75	0	-32.5	210.067
-107.5	0	-35	490.752
-105	0	-35	488.946
-102.5	0	-35	484.221
-100	0	-35	478.928
-97.5	0	-35	473.749
-95	0	-35	468.612
-92.5	0	-35	462.738
-90	0	-35	457.764
-87.5	0	-35	452.112
-85	0	-35	448.12
-82.5	0	-35	444.407
-80	0	-35	441.123
-77.5	0	-35	438.719
-75	0	-35	436.726
-72.5	0	-35	435.104
-70	0	-35	433.586
-67.5	0	-35	431.798
-65	0	-35	429.833
-62.5	0	-35	427.039
-60	0	-35	423.897
-57.5	0	-35	419.887
-55	0	-35	415.182
-52.5	0	-35	409.781
-50	0	-35	403.016
-47.5	0	-35	395.101
-45	0	-35	386.033
-42.5	0	-35	375.74
-40	0	-35	364.479
-37.5	0	-35	353.249
-35	0	-35	341.931
-32.5	0	-35	331.461
-30	0	-35	322.331
-27.5	0	-35	314.804
-25	0	-35	308.576
-22.5	0	-35	303.599
-20	0	-35	299.616
-17.5	0	-35	296.276
-15	0	-35	292.93
-12.5	0	-35	289.517
-10	0	-35	285.423
-7.5	0	-35	280.527
-5	0	-35	274.053
-2.5	0	-35	265.848
0	0	-35	255.806
2.5	0	-35	244.877
5	0	-35	232.56
7.5	0	-35	219.522
10	0	-35	206.233
12.5	0	-35	192.735
15	0	-35	179.106
17.5	0	-35	165.607
20	0	-35	152.639
22.5	0	-35	140.454
25	0	-35	129.274
27.5	0	-35	119.076
30	0	-35	110.47
32.5	0	-35	103.2
35	0	-35	97.5114
37.5	0	-35	92.7356
40	0	-35	88.761
42.5	0	-35	85.7975
45	0	-35	83.5292
47.5	0	-35	81.9291
50	0	-35	81.17
52.5	0	-35	80.6634
55	0	-35	80.4412
57.5	0	-35	80.6736
60	0	-35	81.3582
62.5	0	-35	82.6788
65	0	-35	84.5973
67.5	0	-35	87.2051
70	0	-35	90.4875
72.5	0	-35	94.4716
75	0	-35	99.7913
77.5	0	-35	105.836
80	0	-35	113.179
82.5	0	-35	121.644
85	0	-35	130.636
87.5	0	-35	140.489
90	0	-35	150.835
92.5	0	-35	160.987
95	0	-35	170.941
97.5	0	-35	179.356
100	0	-35	187.15
102.5	0	-35	193.476
105	0	-35	198.909
-103.75	0	-37.5	505.254
-101.25	0	-37.5	502.283
-98.75	0	-37.5	496.849
-96.25	0	-37.5	490.369
-93.75	0	-37.5	485.753
-91.25	0	-37.5	479.952
-88.75	0	-37.5	474.604
-86.25	0	-37.5	470.106
-83.75	0	-37.5	465.972
-81.25	0	-37.5	462.805
-78.75	0	-37.5	459.862
-76.25	0	-37.5	457.396
-73.75	0	-37.5	454.82
-71.25	0	-37.5	452.751
-68.75	0	-37.5	449.948
-66.25	0	-37.5	446.989
-63.75	0	-37.5	443.197
-61.25	0	-37.5	438.983
-58.75	0	-37.5	434.393
-56.25	0	-37.5	428.513
-53.75	0	-37.5	422.327
-51.25	0	-37.5	414.815
-48.75	0	-37.5	406.331
-46.25	0	-37.5	396.22
-43.75	0	-37.5	385.198
-41.25	0	-37.5	373.222
-38.75	0	-37.5	361.219
-36.25	0	-37.5	349.473
-33.75	0	-37.5	338.318
-31.25	0	-37.5	328.889
-28.75	0	-37.5	320.682
-26.25	0	-37.5	314.125
-23.75	0	-37.5	308.851
-21.25	0	-37.5	304.242
-18.75	0	-37.5	300.62
-16.25	0	-37.5	296.736
-13.75	0	-37.5	292.996
-11.25	0	-37.5	288.572
-8.75	0	-37.5	283.543
-6.25	0	-37.5	277.104
-3.75	0	-37.5	269.338
-1.25	0	-37.5	259.631
1.25	0	-37.5	248.751
3.75	0	-37.5	236.449
6.25	0	-37.5	222.915
8.75	0	-37.5	208.986
11.25	0	-37.5	194.722
13.75	0	-37.5	180.21
16.25	0	-37.5	166.18
18.75	0	-37.5	152.391
21.25	0	-37.5	139.705
23.75	0	-37.5	128.004
26.25	0	-37.5	117.664
28.75	0	-37.5	108.722
31.25	0	-37.5	101.258
33.75	0	-37.5	95.3162
36.25	0	-37.5	90.4969
38.75	0	-37.5	86.4195
41.25	0	-37.5	83.3063
43.75	0	-37.5	80.9723
46.25	0	-37.5	79.3319
48.75	0	-37.5	78.3771
51.25	0	-37.5	77.78
53.75	0	-37.5	77.3788
56.25	0	-37.5	77.4503
58.75	0	-37.5	77.7906
61.25	0	-37.5	78.5364
63.75	0	-37.5	79.8053
66.25	0	-37.5	81.6142
68.75	0	-37.5	84.1184
71.25	0	-37.5	87.0821
73.75	0	-37.5	91.0272
76.25	0	-37.5	95.9478
78.75	0	-37.5	101.853
81.25	0	-37.5	108.952
83.75	0	-37.5	117.142
86.25	0	-37.5	125.847
88.75	0	-37.5	135.368
91.25	0	-37.5	145.552
93.75	0	-37.5	155.619
96.25	0	-37.5	165.017
98.75	0	-37.5	173.67
101.25	0	-37.5	181.267
-100	0	-40	516.86
-97.5	0	-40	513.198
-95	0	-40	507.369
-92.5	0	-40	502.101
-90	0	-40	496.908
-87.5	0	-40	492.366
-85	0	-40	487.946
-82.5	0	-40	484.557
-80	0	-40	480.754
-77.5	0	-40	477.889
-75	0	-40	474.43
-72.5	0	-40	471.046
-70	0	-40	467.565
-67.5	0	-40	463.518
-65	0	-40	458.869
-62.5	0	-40	453.907
-60	0	-40	448.131
-57.5	0	-40	441.884
-55	0	-40	434.708
-52.5	0	-40	426.33
-50	0	-40	417.203
-47.5	0	-40	406.617
-45	0	-40	394.803
-42.5	0	-40	382.228
-40	0	-40	369.61
-37.5	0	-40	357.171
-35	0	-40	345.779
-32.5	0	-40	335.643
-30	0	-40	326.984
-27.5	0	-40	319.735
-25	0	-40	313.864
-22.5	0	-40	308.672
-20	0	-40	304.1
-17.5	0	-40	299.561
-15	0	-40	295.089
-12.5	0	-40	290.145
-10	0	-40	284.659
-7.5	0	-40	278.08
-5	0	-40	270.48
-2.5	0	-40	261.352
0	0	-40	250.917
2.5	0	-40	238.827
5	0	-40	225.496
7.5	0	-40	211.275
10	0	-40	196.669
12.5	0	-40	181.755
15	0	-40	167.076
17.5	0	-40	153.008
20	0	-40	139.817
22.5	0	-40	127.874
25	0	-40	117.271
27.5	0	-40	108.328
30	0	-40	100.733
32.5	0	-40	94.6969
35	0	-40	89.7222
37.5	0	-40	85.6393
40	0	-40	82.4013
42.5	0	-40	79.8985
45	0	-40	78.1246
47.5	0	-40	77.0571
50	0	-40	76.229
52.5	0	-40	75.6955
55	0	-40	75.5629
57.5	0	-40	75.6901
60	0	-40	76.0558
62.5	0	-40	76.7363
65	0	-40	77.8899
67.5	0	-40	79.5734
70	0	-40	81.6841
72.5	0	-40	84.6165
75	0	-40	88.1961
77.5	0	-40	92.8566
80	0	-40	98.4719
82.5	0	-40	105.227
85	0	-40	113.041
87.5	0	-40	121.445
90	0	-40	130.644
92.5	0	-40	140.632
95	0	-40	150.13
97.5	0	-40	159.489
-96.25	0	-42.5	527.521
-93.75	0	-42.5	523.87
-91.25	0	-42.5	519.22
-88.75	0	-42.5	513.992
-86.25	0	-42.5	510.198
-83.75	0	-42.5	505.807
-81.25	0	-42.5	501.628
-78.75	0	-42.5	498.025
-76.25	0	-42.5	493.298
-73.75	0	-42.5	489.434
-71.25	0	-42.5	484.568
-68.75	0	-42.5	479.874
-66.25	0	-42.5	474.314
-63.75	0	-42.5	468.473
-61.25	0	-42.5	462.158
-58.75	0	-42.5	454.91
-56.25	0	-42.5	447.184
-53.75	0	-42.5	437.997
-51.25	0	-42.5	428.189
-48.75	0	-42.5	416.958
-46.25	0	-42.5	404.788
-43.75	0	-42.5	391.454
-41.25	0	-42.5	378.402
-38.75	0	-42.5	365.52
-36.25	0	-42.5	353.444
-33.75	0	-42.5	342.953
-31.25	0	-42.5	333.609
-28.75	0	-42.5	325.742
-26.25	0	-42.5	318.853
-23.75	0	-42.5	312.791
-21.25	0	-42.5	307.293
-18.75	0	-42.5	301.67
-16.25	0	-42.5	296.346
-13.75	0	-42.5	290.573
-11.25	0	-42.5	284.624
-8.75	0	-42.5	277.736
-6.25	0	-42.5	270.132
-3.75	0	-42.5	261.24
-1.25	0	-42.5	251.483
1.25	0	-42.5	239.953
3.75	0	-42.5	226.985
6.25	0	-42.5	213.151
8.75	0	-42.5	198.494
11.25	0	-42.5	183.402
13.75	0	-42.5	168.504
16.25	0	-42.5	154.056
18.75	0	-42.5	140.747
21.25	0	-42.5	128.533
23.75	0	-42.5	117.856
26.25	0	-42.5	108.837
28.75	0	-42.5	101.326
31.25	0	-42.5	95.245
33.75	0	-42.5	90.2994
36.25	0	-42.5	86.1591
38.75	0	-42.5	82.9619
41.25	0	-42.5	80.34
43.75	0	-42.5	78.3927
46.25	0	-42.5	77.1225
48.75	0	-42.5	76.103
51.25	0	-42.5	75.3342
53.75	0	-42.5	74.9746
56.25	0	-42.5	74.8398
58.75	0	-42.5	74.9364
61.25	0	-42.5	75.2172
63.75	0	-42.5	75.79
66.25	0	-42.5	76.7549
68.75	0	-42.5	78.1002
71.25	0	-42.5	80.1418
73.75	0	-42.5	82.6771
76.25	0	-42.5	85.9918
78.75	0	-42.5	90.3256
81.25	0	-42.5	95.5789
83.75	0	-42.5	102.018
86.25	0	-42.5	109.414
88.75	0	-42.5	117.463
91.25	0	-42.5	126.452
93.75	0	-42.5	135.791
-92.5	0	-45	538.513
-90	0	-45	536.247
-87.5	0	-45	531.409
-85	0	-45	526.478
-82.5	0	-45	521.916
-80	0	-45	517.302
-77.5	0	-45	511.97
-75	0	-45	507.266
-72.5	0	-45	501.453
-70	0	-45	496.057
-67.5	0	-45	489.82
-65	0	-45	483.191
-62.5	0	-45	476.089
-60	0	-45	468.229
-57.5	0	-45	459.646
-55	0	-45	450.079
-52.5	0	-45	439.375
-50	0	-45	427.64
-47.5	0	-45	414.923
-45	0	-45	401.184
-42.5	0	-45	387.566
-40	0	-45	374.204
-37.5	0	-45	361.708
-35	0	-45	350.52
-32.5	0	-45	340.674
-30	0	-45	331.836
-27.5	0	-45	324.081
-25	0	-45	316.785
-22.5	0	-45	310.2
-20	0	-45	303.534
-17.5	0	-45	297.066
-15	0	-45	290.519
-12.5	0	-45	283.87
-10	0	-45	276.675
-7.5	0	-45	268.897
-5	0	-45	260.139
-2.5	0	-45	250.704
0	0	-45	239.908
2.5	0	-45	227.663
5	0	-45	214.331
7.5	0	-45	200.145
10	0	-45	185.124
12.5	0	-45	170.184
15	0	-45	155.657
17.5	0	-45	142.139
20	0	-45	129.946
22.5	0	-45	119.16
25	0	-45	110.151
27.5	0	-45	102.66
30	0	-45	96.7445
32.5	0	-45	91.8268
35	0	-45	87.7966
37.5	0	-45	84.6163
40	0	-45	82.1023
42.5	0	-45	80.0621
45	0	-45	78.5757
47.5	0	-45	77.3862
50	0	-45	76.3719
52.5	0	-45	75.6768
55	0	-45	75.2465
57.5	0	-45	75.0256
60	0	-45	75.0072
62.5	0	-45	75.0936
65	0	-45	75.507
67.5	0	-45	76.1608
70	0	-45	77.3857
72.5	0	-45	79.0312
75	0	-45	81.2709
77.5	0	-45	84.2853
80	0	-45	88.3296
82.5	0	-45	93.2232
85	0	-45	99.2434
87.5	0	-45	106.294
90	0	-45	114.068
-88.75	0	-47.5	550.287
-86.25	0	-47.5	546.645
-83.75	0	-47.5	541.272
-81.25	0	-47.5	535.43
-78.75	0	-47.5	530.002
-76.25	0	-47.5	524.438
-73.75	0	-47.5	518.186
-71.25	0	-47.5	512.293
-68.75	0	-47.5	505.005
-66.25	0	-47.5	498.257
-63.75	0	-47.5	490.296
-61.25	0	-47.5	481.703
-58.75	0	-47.5	472.576
-56.25	0	-47.5	462.165
-53.75	0	-47.5	451.198
-51.25	0	-47.5	438.666
-48.75	0	-47.5	425.328
-46.25	0	-47.5	411.275
-43.75	0	-47.5	397.275
-41.25	0	-47.5	383.219
-38.75	0	-47.5	370.269
-36.25	0	-47.5	358.481
-33.75	0	-47.5	347.771
-31.25	0	-47.5	338.151
-28.75	0	-47.5	329.224
-26.25	0	-47.5	320.885
-23.75	0	-47.5	312.977
-21.25	0	-47.5	305.262
-18.75	0	-47.5	297.764
-16.25	0	-47.5	290.253
-13.75	0	-47.5	282.996
-11.25	0	-47.5	275.26
-8.75	0	-47.5	267.299
-6.25	0	-47.5	258.491
-3.75	0	-47.5	249.303
-1.25	0	-47.5	238.999
1.25	0	-47.5	227.575
3.75	0	-47.5	214.966
6.25	0	-47.5	201.348
8.75	0	-47.5	186.833
11.25	0	-47.5	172.06
13.75	0	-47.5	157.593
16.25	0	-47.5	144.075
18.75	0	-47.5	131.821
21.25	0	-47.5	121.109
23.75	0	-47.5	112.088
26.25	0	-47.5	104.689
28.75	0	-47.5	98.8369
31.25	0	-47.5	94.144
33.75	0	-47.5	90.2183
36.25	0	-47.5	87.198
38.75	0	-47.5	84.7397
41.25	0	-47.5	82.8163
43.75	0	-47.5	81.3144
46.25	0	-47.5	79.9465
48.75	0	-47.5	78.7322
51.25	0	-47.5	77.7521
53.75	0	-47.5	76.95
56.25	0	-47.5	76.3739
58.75	0	-47.5	75.9307
61.25	0	-47.5	75.7014
63.75	0	-47.5	75.6161
66.25	0	-47.5	75.679
68.75	0	-47.5	76.1824
71.25	0	-47.5	77.0185
73.75	0	-47.5	78.3885
76.25	0	-47.5	80.3932
78.75	0	-47.5	83.0811
81.25	0	-47.5	86.7931
83.75	0	-47.5	91.3354
86.25	0	-47.5	96.9929
-85	0	-50	557.558
-82.5	0	-50	553.444
-80	0	-50	546.911
-77.5	0	-50	540.686
-75	0	-50	534.482
-72.5	0	-50	527.985
-70	0	-50	520.503
-67.5	0	-50	513.09
-65	0	-50	504.588
-62.5	0	-50	495.672
-60	0	-50	485.786
-57.5	0	-50	474.881
-55	0	-50	463.06
-52.5	0	-50	450.211
-50	0	-50	436.29
-47.5	0	-50	421.659
-45	0	-50	407.135
-42.5	0	-50	392.783
-40	0	-50	379.074
-37.5	0	-50	366.508
-35	0	-50	354.976
-32.5	0	-50	344.254
-30	0	-50	334.463
-27.5	0	-50	324.839
-25	0	-50	315.919
-22.5	0	-50	306.954
-20	0	-50	298.58
-17.5	0	-50	290.283
-15	0	-50	282.164
-12.5	0	-50	273.99
-10	0	-50	265.63
-7.5	0	-50	256.78
-5	0	-50	247.691
-2.5	0	-50	237.755
0	0	-50	226.88
2.5	0	-50	215.105
5	0	-50	202.197
7.5	0	-50	188.256
10	0	-50	174.026
12.5	0	-50	159.75
15	0	-50	146.402
17.5	0	-50	134.19
20	0	-50	123.479
22.5	0	-50	114.601
25	0	-50	107.233
27.5	0	-50	101.537
30	0	-50	96.9518
32.5	0	-50	93.2924
35	0	-50	90.4039
37.5	0	-50	88.1101
40	0	-50	86.3052
42.5	0	-50	84.918
45	0	-50	83.5554
47.5	0	-50	82.2093
50	0	-50	81.0599
52.5	0	-50	79.9658
55	0	-50	78.9509
57.5	0	-50	78.1555
60	0	-50	77.4555
62.5	0	-50	76.9769
65	0	-50	76.4972
67.5	0	-50	76.3767
70	0	-50	76.5133
72.5	0	-50	77.1307
75	0	-50	78.2296
77.5	0	-50	79.9446
80	0	-50	82.3557
82.5	0	-50	85.7009
-81.25	0	-52.5	561.489
-78.75	0	-52.5	556.627
-76.25	0	-52.5	549.942
-73.75	0	-52.5	542.867
-71.25	0	-52.5	535.597
-68.75	0	-52.5	527.75
-66.25	0	-52.5	518.863
-63.75	0	-52.5	509.803
-61.25	0	-52.5	499.189
-58.75	0	-52.5	487.946
-56.25	0	-52.5	475.547
-53.75	0	-52.5	461.98
-51.25	0	-52.5	447.677
-48.75	0	-52.5	432.354
-46.25	0	-52.5	417.33
-43.75	0	-52.5	402.4
-41.25	0	-52.5	388.029
-38.75	0	-52.5	374.556
-36.25	0	-52.5	362.099
-33.75	0	-52.5	350.348
-31.25	0	-52.5	339.38
-28.75	0	-52.5	328.882
-26.25	0	-52.5	318.823
-23.75	0	-52.5	308.997
-21.25	0	-52.5	299.624
-18.75	0	-52.5	290.563
-16.25	0	-52.5	281.83
-13.75	0	-52.5	273.016
-11.25	0	-52.5	264.303
-8.75	0	-52.5	255.255
-6.25	0	-52.5	246.245
-3.75	0	-52.5	236.488
-1.25	0	-52.5	226.016
1.25	0	-52.5	214.779
3.75	0	-52.5	202.703
6.25	0	-52.5	189.479
8.75	0	-52.5	175.782
11.25	0	-52.5	162.071
13.75	0	-52.5	148.938
16.25	0	-52.5	136.914
18.75	0	-52.5	126.336
21.25	0	-52.5	117.492
23.75	0	-52.5	110.305
26.25	0	-52.5	104.681
28.75	0	-52.5	100.286
31.25	0	-52.5	96.774
33.75	0	-52.5	94.1168
36.25	0	-52.5	92.0116
38.75	0	-52.5	90.3671
41.25	0	-52.5	89.0816
43.75	0	-52.5	87.8391
46.25	0	-52.5	86.5246
48.75	0	-52.5	85.2823
51.25	0	-52.5	84.0046
53.75	0	-52.5	82.7788
56.25	0	-52.5	81.5529
58.75	0	-52.5	80.4665
61.25	0	-52.5	79.4806
63.75	0	-52.5	78.5499
66.25	0	-52.5	77.875
68.75	0	-52.5	77.4289
71.25	0	-52.5	77.3006
73.75	0	-52.5	77.6653
76.25	0	-52.5	78.5043
78.75	0	-52.5	79.9382
-77.5	0	-55	562.895
-75	0	-55	557.625
-72.5	0	-55	549.872
-70	0	-55	541.616
-67.5	0	-55	533.102
-65	0	-55	523.428
-62.5	0	-55	512.815
-60	0	-55	501.176
-57.5	0	-55	488.128
-55	0	-55	474.326
-52.5	0	-55	459.172
-50	0	-55	443.472
-47.5	0	-55	427.638
-45	0	-55	411.951
-42.5	0	-55	396.853
-40	0	-55	382.583
-37.5	0	-55	368.991
-35	0	-55	356.292
-32.5	0	-55	344.375
-30	0	-55	332.721
-27.5	0	-55	321.952
-25	0	-55	311.203
-22.5	0	-55	301.145
-20	0	-55	291.242
-17.5	0	-55	281.944
-15	0	-55	272.626
-12.5	0	-55	263.48
-10	0	-55	254.275
-7.5	0	-55	245.092
-5	0	-55	235.483
-2.5	0	-55	225.212
0	0	-55	214.397
2.5	0	-55	202.86
5	0	-55	190.397
7.5	0	-55	177.437
10	0	-55	164.235
12.5	0	-55	151.626
15	0	-55	139.869
17.5	0	-55	129.509
20	0	-55	120.832
22.5	0	-55	113.74
25	0	-55	108.316
27.5	0	-55	104.009
30	0	-55	100.673
32.5	0	-55	98.2053
35	0	-55	96.328
37.5	0	-55	94.8269
40	0	-55	93.6785
42.5	0	-55	92.5524
45	0	-55	91.3713
47.5	0	-55	90.0945
50	0	-55	88.7891
52.5	0	-55	87.4282
55	0	-55	86.0128
57.5	0	-55	84.5365
60	0	-55	83.1558
62.5	0	-55	81.7598
65	0	-55	80.6762
67.5	0	-55	79.6064
70	0	-55	78.9073
72.5	0	-55	78.5338
75	0	-55	78.6185
-73.75	0	-57.5	561.902
-71.25	0	-57.5	555.366
-68.75	0	-57.5	546.511
-66.25	0	-57.5	536.516
-63.75	0	-57.5	525.991
-61.25	0	-57.5	514.188
-58.75	0	-57.5	500.843
-56.25	0	-57.5	486.625
-53.75	0	-57.5	470.85
-51.25	0	-57.5	454.567
-48.75	0	-57.5	438.072
-46.25	0	-57.5	421.401
-43.75	0	-57.5	405.376
-41.25	0	-57.5	390.228
-38.75	0	-57.5	375.816
-36.25	0	-57.5	362.087
-33.75	0	-57.5	349.198
-31.25	0	-57.5	336.816
-28.75	0	-57.5	325.166
-26.25	0	-57.5	313.773
-23.75	0	-57.5	302.963
-21.25	0	-57.5	292.532
-18.75	0	-57.5	282.569
-16.25	0	-57.5	272.854
-13.75	0	-57.5	263.393
-11.25	0	-57.5	253.813
-8.75	0	-57.5	244.537
-6.25	0	-57.5	234.836
-3.75	0	-57.5	224.705
-1.25	0	-57.5	214.121
1.25	0	-57.5	202.967
3.75	0	-57.5	191.08
6.25	0	-57.5	178.814
8.75	0	-57.5	166.285
11.25	0	-57.5	154.221
13.75	0	-57.5	142.974
16.25	0	-57.5	132.905
18.75	0	-57.5	124.475
21.25	0	-57.5	117.599
23.75	0	-57.5	112.275
26.25	0	-57.5	108.16
28.75	0	-57.5	104.967
31.25	0	-57.5	102.653
33.75	0	-57.5	100.927
36.25	0	-57.5	99.6126
38.75	0	-57.5	98.6104
41.25	0	-57.5	97.6047
43.75	0	-57.5	96.4556
46.25	0	-57.5	95.3487
48.75	0	-57.5	94.0209
51.25	0	-57.5	92.6086
53.75	0	-57.5	91.0699
56.25	0	-57.5	89.4344
58.75	0	-57.5	87.7627
61.25	0	-57.5	86.1046
63.75	0	-57.5	84.5282
66.25	0	-57.5	83.1081
68.75	0	-57.5	81.8151
71.25	0	-57.5	80.8278
-70	0	-60	557.685
-67.5	0	-60	549.362
-65	0	-60	538.626
-62.5	0	-60	526.221
-60	0	-60	513.273
-57.5	0	-60	498.516
-55	0	-60	482.361
-52.5	0	-60	465.538
-50	0	-60	447.932
-47.5	0	-60	430.785
-45	0	-60	413.645
-42.5	0	-60	397.521
-40	0	-60	382.28
-37.5	0	-60	367.776
-35	0	-60	354.083
-32.5	0	-60	341.009
-30	0	-60	328.66
-27.5	0	-60	316.606
-25	0	-60	305.357
-22.5	0	-60	294.243
-20	0	-60	283.926
-17.5	0	-60	273.712
-15	0	-60	263.95
-12.5	0	-60	254.103
-10	0	-60	244.523
-7.5	0	-60	234.738
-5	0	-60	224.565
-2.5	0	-60	214.128
0	0	-60	203.218
2.5	0	-60	191.697
5	0	-60	179.958
7.5	0	-60	168.136
10	0	-60	156.701
12.5	0	-60	145.991
15	0	-60	136.455
17.5	0	-60	128.353
20	0	-60	121.725
22.5	0	-60	116.598
25	0	-60	112.657
27.5	0	-60	109.637
30	0	-60	107.443
32.5	0	-60	105.838
35	0	-60	104.656
37.5	0	-60	103.814
40	0	-60	102.847
42.5	0	-60	101.861
45	0	-60	100.756
47.5	0	-60	99.5387
50	0	-60	98.0881
52.5	0	-60	96.4914
55	0	-60	94.7821
57.5	0	-60	93.0592
60	0	-60	91.1246
62.5	0	-60	89.4005
65	0	-60	87.6001
67.5	0	-60	85.9644
-66.25	0	-62.5	548.963
-63.75	0	-62.5	538.153
-61.25	0	-62.5	524.614
-58.75	0	-62.5	509.536
-56.25	0	-62.5	493.253
-53.75	0	-62.5	475.651
-51.25	0	-62.5	457.502
-48.75	0	-62.5	439.453
-46.25	0	-62.5	421.471
-43.75	0	-62.5	404.62
-41.25	0	-62.5	388.462
-38.75	0	-62.5	373.306
-36.25	0	-62.5	359.061
-33.75	0	-62.5	345.286
-31.25	0	-62.5	332.444
-28.75	0	-62.5	319.921
-26.25	0	-62.5	308.04
-23.75	0	-62.5	296.69
-21.25	0	-62.5	285.896
-18.75	0	-62.5	275.327
-16.25	0	-62.5	265.133
-13.75	0	-62.5	255.022
-11.25	0	-62.5	245.221
-8.75	0	-62.5	235.165
-6.25	0	-62.5	224.925
-3.75	0	-62.5	214.474
-1.25	0	-62.5	203.704
1.25	0	-62.5	192.44
3.75	0	-62.5	181.075
6.25	0	-62.5	169.762
8.75	0	-62.5	159.006
11.25	0	-62.5	148.93
13.75	0	-62.5	139.935
16.25	0	-62.5	132.337
18.75	0	-62.5	126.038
21.25	0	-62.5	121.223
23.75	0	-62.5	117.469
26.25	0	-62.5	114.6
28.75	0	-62.5	112.564
31.25	0	-62.5	111.067
33.75	0	-62.5	110.001
36.25	0	-62.5	109.172
38.75	0	-62.5	108.381
41.25	0	-62.5	107.408
43.75	0	-62.5	106.379
46.25	0	-62.5	105.139
48.75	0	-62.5	103.744
51.25	0	-62.5	102.128
53.75	0	-62.5	100.446
56.25	0	-62.5	98.6185
58.75	0	-62.5	96.702
61.25	0	-62.5	94.7858
63.75	0	-62.5	92.8879
-62.5	0	-65	533.86
-60	0	-65	519.757
-57.5	0	-65	502.979
-55	0	-65	484.58
-52.5	0	-65	466.155
-50	0	-65	447.337
-47.5	0	-65	428.68
-45	0	-65	411.333
-42.5	0	-65	394.357
-40	0	-65	378.804
-37.5	0	-65	363.998
-35	0	-65	349.828
-32.5	0	-65	336.469
-30	0	-65	323.538
-27.5	0	-65	311.385
-25	0	-65	299.613
-22.5	0	-65	288.539
-20	0	-65	277.588
-17.5	0	-65	267.11
-15	0	-65	256.544
-12.5	0	-65	246.503
-10	0	-65	236.217
-7.5	0	-65	225.787
-5	0	-65	215.244
-2.5	0	-65	204.48
0	0	-65	193.39
2.5	0	-65	182.288
5	0	-65	171.384
7.5	0	-65	161.122
10	0	-65	151.718
12.5	0	-65	143.318
15	0	-65	136.233
17.5	0	-65	130.479
20	0	-65	125.974
22.5	0	-65	122.528
25	0	-65	119.845
27.5	0	-65	117.958
30	0	-65	116.612
32.5	0	-65	115.556
35	0	-65	114.859
37.5	0	-65	114.069
40	0	-65	113.18
42.5	0	-65	112.104
45	0	-65	110.881
47.5	0	-65	109.457
50	0	-65	107.973
52.5	0	-65	106.191
55	0	-65	104.432
57.5	0	-65	102.468
60	0	-65	100.576
-58.75	0	-67.5	510.079
-56.25	0	-67.5	492.736
-53.75	0	-67.5	473.514
-51.25	0	-67.5	454.035
-48.75	0	-67.5	435.243
-46.25	0	-67.5	417.244
-43.75	0	-67.5	400.129
-41.25	0	-67.5	384.122
-38.75	0	-67.5	368.828
-36.25	0	-67.5	354.53
-33.75	0	-67.5	340.845
-31.25	0	-67.5	327.57
-28.75	0	-67.5	315.165
-26.25	0	-67.5	303.132
-23.75	0	-67.5	291.717
-21.25	0	-67.5	280.557
-18.75	0	-67.5	269.634
-16.25	0	-67.5	258.837
-13.75	0	-67.5	248.368
-11.25	0	-67.5	237.837
-8.75	0	-67.5	227.172
-6.25	0	-67.5	216.437
-3.75	0	-67.5	205.657
-1.25	0	-67.5	194.582
1.25	0	-67.5	183.702
3.75	0	-67.5	173.079
6.25	0	-67.5	163.247
8.75	0	-67.5	154.333
11.25	0	-67.5	146.534
13.75	0	-67.5	140.072
16.25	0	-67.5	134.799
18.75	0	-67.5	130.809
21.25	0	-67.5	127.664
23.75	0	-67.5	125.293
26.25	0	-67.5	123.617
28.75	0	-67.5	122.331
31.25	0	-67.5	121.454
33.75	0	-67.5	120.746
36.25	0	-67.5	120.02
38.75	0	-67.5	119.073
41.25	0	-67.5	118.028
43.75	0	-67.5	116.745
46.25	0	-67.5	115.384
48.75	0	-67.5	113.782
51.25	0	-67.5	112.143
53.75	0	-67.5	110.332
56.25	0	-67.5	108.396
-55	0	-70	478.682
-52.5	0	-70	460.001
-50	0	-70	440.767
-47.5	0	-70	422.446
-45	0	-70	405.292
-42.5	0	-70	389.141
-40	0	-70	373.693
-37.5	0	-70	359.215
-35	0	-70	345.332
-32.5	0	-70	332.116
-30	0	-70	319.374
-27.5	0	-70	307.128
-25	0	-70	295.482
-22.5	0	-70	283.96
-20	0	-70	272.865
-17.5	0	-70	261.653
-15	0	-70	250.909
-12.5	0	-70	239.975
-10	0	-70	229.094
-7.5	0	-70	218.132
-5	0	-70	207.187
-2.5	0	-70	196.14
0	0	-70	185.341
2.5	0	-70	174.966
5	0	-70	165.429
7.5	0	-70	156.9
10	0	-70	149.631
12.5	0	-70	143.738
15	0	-70	139.02
17.5	0	-70	135.487
20	0	-70	132.851
22.5	0	-70	130.808
25	0	-70	129.35
27.5	0	-70	128.318
30	0	-70	127.513
32.5	0	-70	126.916
35	0	-70	126.13
37.5	0	-70	125.189
40	0	-70	124.092
42.5	0	-70	122.882
45	0	-70	121.38
47.5	0	-70	119.845
50	0	-70	118.102
52.5	0	-70	116.383
-51.25	0	-72.5	444.48
-48.75	0	-72.5	427.164
-46.25	0	-72.5	409.867
-43.75	0	-72.5	393.483
-41.25	0	-72.5	378.405
-38.75	0	-72.5	363.795
-36.25	0	-72.5	349.991
-33.75	0	-72.5	336.786
-31.25	0	-72.5	323.925
-28.75	0	-72.5	311.582
-26.25	0	-72.5	299.684
-23.75	0	-72.5	287.941
-21.25	0	-72.5	276.472
-18.75	0	-72.5	265.082
-16.25	0	-72.5	253.93
-13.75	0	-72.5	242.748
-11.25	0	-72.5	231.458
-8.75	0	-72.5	220.317
-6.25	0	-72.5	209.221
-3.75	0	-72.5	198.033
-1.25	0	-72.5	187.313
1.25	0	-72.5	177.041
3.75	0	-72.5	167.755
6.25	0	-72.5	159.564
8.75	0	-72.5	152.664
11.25	0	-72.5	147.232
13.75	0	-72.5	143.044
16.25	0	-72.5	140.061
18.75	0	-72.5	137.87
21.25	0	-72.5	136.241
23.75	0	-72.5	135.16
26.25	0	-72.5	134.362
28.75	0	-72.5	133.747
31.25	0	-72.5	133.18
33.75	0	-72.5	132.478
36.25	0	-72.5	131.493
38.75	0	-72.5	130.454
41.25	0	-72.5	129.096
43.75	0	-72.5	127.69
46.25	0	-72.5	126.022
48.75	0	-72.5	124.303
-47.5	0	-75	412.972
-45	0	-75	397.709
-42.5	0	-75	382.576
-40	0	-75	368.141
-37.5	0	-75	354.609
-35	0	-75	341.388
-32.5	0	-75	328.65
-30	0	-75	316.329
-27.5	0	-75	304.155
-25	0	-75	292.329
-22.5	0	-75	280.625
-20	0	-75	268.841
-17.5	0	-75	257.492
-15	0	-75	245.927
-12.5	0	-75	234.418
-10	0	-75	222.952
-7.5	0	-75	211.672
-5	0	-75	200.416
-2.5	0	-75	189.617
0	0	-75	179.395
2.5	0	-75	170.285
5	0	-75	162.331
7.5	0	-75	155.747
10	0	-75	150.636
12.5	0	-75	146.901
15	0	-75	144.417
17.5	0	-75	142.667
20	0	-75	141.546
22.5	0	-75	140.862
25	0	-75	140.386
27.5	0	-75	139.971
30	0	-75	139.57
32.5	0	-75	138.917
35	0	-75	138.08
37.5	0	-75	136.927
40	0	-75	135.656
42.5	0	-75	134.117
45	0	-75	132.489
-43.75	0	-77.5	385.728
-41.25	0	-77.5	372.308
-38.75	0	-77.5	358.983
-36.25	0	-77.5	345.754
-33.75	0	-77.5	333.316
-31.25	0	-77.5	320.999
-28.75	0	-77.5	308.901
-26.25	0	-77.5	296.957
-23.75	0	-77.5	284.967
-21.25	0	-77.5	273.103
-18.75	0	-77.5	261.369
-16.25	0	-77.5	249.606
-13.75	0	-77.5	237.767
-11.25	0	-77.5	226.103
-8.75	0	-77.5	214.581
-6.25	0	-77.5	203.206
-3.75	0	-77.5	192.303
-1.25	0	-77.5	182.114
1.25	0	-77.5	173.084
3.75	0	-77.5	165.257
6.25	0	-77.5	158.889
8.75	0	-77.5	154.077
11.25	0	-77.5	150.664
13.75	0	-77.5	148.496
16.25	0	-77.5	147.29
18.75	0	-77.5	146.588
21.25	0	-77.5	146.347
23.75	0	-77.5	146.254
26.25	0	-77.5	146.113
28.75	0	-77.5	145.941
31.25	0	-77.5	145.532
33.75	0	-77.5	144.676
36.25	0	-77.5	143.7
38.75	0	-77.5	142.337
41.25	0	-77.5	140.858
-40	0	-80	362.252
-37.5	0	-80	350.141
-35	0	-80	337.704
-32.5	0	-80	325.38
-30	0	-80	313.592
-27.5	0	-80	301.577
-25	0	-80	289.528
-22.5	0	-80	277.535
-20	0	-80	265.561
-17.5	0	-80	253.614
-15	0	-80	241.587
-12.5	0	-80	229.647
-10	0	-80	217.963
-7.5	0	-80	206.351
-5	0	-80	195.44
-2.5	0	-80	185.197
0	0	-80	176.154
2.5	0	-80	168.421
5	0	-80	162.207
7.5	0	-80	157.574
10	0	-80	154.342
12.5	0	-80	152.521
15	0	-80	151.627
17.5	0	-80	151.377
20	0	-80	151.526
22.5	0	-80	151.825
25	0	-80	152.094
27.5	0	-80	152.3
30	0	-80	152.028
32.5	0	-80	151.459
35	0	-80	150.494
37.5	0	-80	149.28
-36.25	0	-82.5	341.207
-33.75	0	-82.5	329.739
-31.25	0	-82.5	317.912
-28.75	0	-82.5	305.929
-26.25	0	-82.5	294.102
-23.75	0	-82.5	281.948
-21.25	0	-82.5	269.947
-18.75	0	-82.5	257.908
-16.25	0	-82.5	245.609
-13.75	0	-82.5	233.648
-11.25	0	-82.5	221.683
-8.75	0	-82.5	210.003
-6.25	0	-82.5	198.895
-3.75	0	-82.5	188.631
-1.25	0	-82.5	179.562
1.25	0	-82.5	171.866
3.75	0	-82.5	165.715
6.25	0	-82.5	161.143
8.75	0	-82.5	158.147
11.25	0	-82.5	156.455
13.75	0	-82.5	155.824
16.25	0	-82.5	155.836
18.75	0	-82.5	156.401
21.25	0	-82.5	157.093
23.75	0	-82.5	157.85
26.25	0	-82.5	158.373
28.75	0	-82.5	158.524
31.25	0	-82.5	158.151
33.75	0	-82.5	157.419
-32.5	0	-85	321.386
-30	0	-85	310.155
-27.5	0	-85	298.352
-25	0	-85	286.22
-22.5	0	-85	274.334
-20	0	-85	262.222
-17.5	0	-85	249.92
-15	0	-85	237.799
-12.5	0	-85	225.775
-10	0	-85	213.978
-7.5	0	-85	202.787
-5	0	-85	192.355
-2.5	0	-85	183.305
0	0	-85	175.594
2.5	0	-85	169.406
5	0	-85	164.967
7.5	0	-85	161.98
10	0	-85	160.452
12.5	0	-85	159.922
15	0	-85	160.116
17.5	0	-85	160.949
20	0	-85	162.129
22.5	0	-85	163.205
25	0	-85	164.239
27.5	0	-85	164.763
30	0	-85	164.761
-28.75	0	-87.5	301.778
-26.25	0	-87.5	290.389
-23.75	0	-87.5	278.562
-21.25	0	-87.5	266.384
-18.75	0	-87.5	254.23
-16.25	0	-87.5	242.112
-13.75	0	-87.5	230.018
-11.25	0	-87.5	218.259
-8.75	0	-87.5	206.869
-6.25	0	-87.5	196.514
-3.75	0	-87.5	187.32
-1.25	0	-87.5	179.549
1.25	0	-87.5	173.416
3.75	0	-87.5	168.924
6.25	0	-87.5	166.009
8.75	0	-87.5	164.467
11.25	0	-87.5	164.009
13.75	0	-87.5	164.325
16.25	0	-87.5	165.429
18.75	0	-87.5	166.752
21.25	0	-87.5	168.343
23.75	0	-87.5	169.728
26.25	0	-87.5	170.736
-25	0	-90	282.041
-22.5	0	-90	270.545
-20	0	-90	258.415
-17.5	0	-90	246.283
-15	0	-90	234.392
-12.5	0	-90	222.521
-10	0	-90	211.264
-7.5	0	-90	200.844
-5	0	-90	191.555
-2.5	0	-90	183.83
0	0	-90	177.633
2.5	0	-90	173.132
5	0	-90	170.138
7.5	0	-90	168.601
10	0	-90	168.152
12.5	0	-90	168.635
15	0	-90	169.721
17.5	0	-90	171.351
20	0	-90	173.135
22.5	0	-90	174.953
-21.25	0	-92.5	262.003
-18.75	0	-92.5	250.463
-16.25	0	-92.5	238.582
-13.75	0	-92.5	226.793
-11.25	0	-92.5	215.653
-8.75	0	-92.5	205.235
-6.25	0	-92.5	196.02
-3.75	0	-92.5	188.303
-1.25	0	-92.5	182.012
1.25	0	-92.5	177.525
3.75	0	-92.5	174.467
6.25	0	-92.5	172.864
8.75	0	-92.5	172.503
11.25	0	-92.5	172.882
13.75	0	-92.5	174.168
16.25	0	-92.5	175.831
18.75	0	-92.5	177.824
-17.5	0	-95	242.261
-15	0	-95	231.04
-12.5	0	-95	219.919
-10	0	-95	209.562
-7.5	0	-95	200.542
-5	0	-95	192.804
-2.5	0	-95	186.555
0	0	-95	182.023
2.5	0	-95	178.913
5	0	-95	177.429
7.5	0	-95	176.893
10	0	-95	177.385
12.5	0	-95	178.601
15	0	-95	180.389
-13.75	0	-97.5	223.734
-11.25	0	-97.5	213.898
-8.75	0	-97.5	204.909
-6.25	0	-97.5	197.222
-3.75	0	-97.5	191.091
-1.25	0	-97.5	186.579
1.25	0	-97.5	183.564
3.75	0	-97.5	182.013
6.25	0	-97.5	181.537
8.75	0	-97.5	181.99
11.25	0	-97.5	183.245
-10	0	-100	208.805
-7.5	0	-100	201.573
-5	0	-100	195.536
-2.5	0	-100	191.115
0	0	-100	188.19
2.5	0	-100	186.717
5	0	-100	186.26
7.5	0	-100	186.794
-6.25	0	-102.5	199.579
-3.75	0	-102.5	195.59
-1.25	0	-102.5	192.804
1.25	0	-102.5	191.34
3.75	0	-102.5	191.064
-2.5	0	-105	196.986
0	0	-105	196.023
