# ============================================================
# Electrode Geometry and Array Coefficients
# Paper: A Comparative Study of Pseudo-dipole Arrays and Standard Arrays
# Based on High-density DC Resistivity Method
# ============================================================
# Column 1: X_Coord (m)       - Horizontal electrode position
# Column 2: Z_Coord (m)       - Depth coordinate (negative downward)
# Column 3: App_Resistivity   - Apparent resistivity (Ohm-m)
# Column 4: ElectrodeSpacing  - Electrode spacing 'a' for this measurement
# Column 5: GeometricFactor    - Array geometric factor K = 2*pi*a

-156.25	-2.5	220.03	1000	0.77997
-153.75	-2.5	215.487	1000	0.784513
-151.25	-2.5	222.924	1000	0.777076
-148.75	-2.5	214.661	1000	0.785339
-146.25	-2.5	191.434	1000	0.808566
-143.75	-2.5	226.949	1000	0.773051
-141.25	-2.5	188.66	1000	0.81134
-138.75	-2.5	225.389	1000	0.774611
-136.25	-2.5	213.746	1000	0.786254
-133.75	-2.5	194.016	1000	0.805984
-131.25	-2.5	219.487	1000	0.780513
-128.75	-2.5	211.062	1000	0.788938
-126.25	-2.5	223.452	1000	0.776548
-123.75	-2.5	216.172	1000	0.783829
-121.25	-2.5	217.584	1000	0.782416
-118.75	-2.5	216.643	1000	0.783357
-116.25	-2.5	219.123	1000	0.780877
-113.75	-2.5	192.937	1000	0.807063
-111.25	-2.5	225.94	1000	0.77406
-108.75	-2.5	216.191	1000	0.783809
-106.25	-2.5	217.032	1000	0.782969
-103.75	-2.5	221.25	1000	0.778751
-101.25	-2.5	194.243	1000	0.805757
-98.75	-2.5	219.521	1000	0.78048
-96.25	-2.5	210.093	1000	0.789908
-93.75	-2.5	224.627	1000	0.775374
-91.25	-2.5	191.301	1000	0.8087
-88.75	-2.5	225.878	1000	0.774122
-86.25	-2.5	216.249	1000	0.783752
-83.75	-2.5	217.093	1000.01	0.782908
-81.25	-2.5	221.277	1000.01	0.778724
-78.75	-2.5	194.331	1000.01	0.80567
-76.25	-2.5	219.512	1000.01	0.78049
-73.75	-2.5	217.074	1000.01	0.782928
-71.25	-2.5	217.898	1000.01	0.782105
-68.75	-2.5	211.794	1000.02	0.78821
-66.25	-2.5	223.473	1000.02	0.776531
-63.75	-2.5	216.266	1000.02	0.783739
-61.25	-2.5	217.271	1000.03	0.782736
-58.75	-2.5	221.349	1000.04	0.778659
-56.25	-2.5	194.349	1000.05	0.80566
-53.75	-2.5	219.663	1000.06	0.78035
-51.25	-2.5	210.235	1000.08	0.789781
-48.75	-2.5	224.779	1000.1	0.775243
-46.25	-2.5	191.452	1000.13	0.808572
-43.75	-2.5	226.026	1000.17	0.774012
-41.25	-2.5	216.401	1000.22	0.783647
-38.75	-2.5	217.255	1000.3	0.782809
-36.25	-2.5	221.458	1000.4	0.77863
-33.75	-2.5	194.541	1000.55	0.805565
-31.25	-2.5	219.761	1000.75	0.780404
-28.75	-2.5	217.369	1001.05	0.782858
-26.25	-2.5	218.242	1001.46	0.782077
-23.75	-2.5	212.203	1002.06	0.788233
-21.25	-2.5	223.436	1002.9	0.777211
-18.75	-2.5	220.075	1004.07	0.780817
-16.25	-2.5	194.887	1005.6	0.806198
-13.75	-2.5	220.374	1007.44	0.781253
-11.25	-2.5	217.947	1009.31	0.784063
-8.75	-2.5	218.453	1010.63	0.783844
-6.25	-2.5	216.18	1010.77	0.786124
-3.75	-2.5	193.217	1009.73	0.808646
-1.25	-2.5	228.514	1008.58	0.77343
1.25	-2.5	191.925	1008.58	0.809708
3.75	-2.5	196.117	1009.73	0.805774
6.25	-2.5	196.486	1010.77	0.805608
8.75	-2.5	225.767	1010.63	0.776607
11.25	-2.5	210.933	1009.31	0.791012
13.75	-2.5	221.502	1007.44	0.780133
16.25	-2.5	192.996	1005.6	0.808078
18.75	-2.5	225.118	1004.07	0.775793
21.25	-2.5	213.168	1002.9	0.787449
23.75	-2.5	194.684	1002.06	0.805717
26.25	-2.5	226.776	1001.46	0.773555
28.75	-2.5	220.841	1001.05	0.77939
31.25	-2.5	195.326	1000.75	0.804821
33.75	-2.5	221.01	1000.55	0.779111
36.25	-2.5	212.493	1000.4	0.787592
38.75	-2.5	224.478	1000.3	0.775589
41.25	-2.5	221.079	1000.22	0.77897
43.75	-2.5	195.786	1000.17	0.804247
46.25	-2.5	220.914	1000.13	0.779114
48.75	-2.5	216.846	1000.1	0.783175
51.25	-2.5	223.992	1000.08	0.776025
53.75	-2.5	213.929	1000.06	0.786083
56.25	-2.5	194.944	1000.05	0.805065
58.75	-2.5	227.133	1000.04	0.772875
61.25	-2.5	220.795	1000.03	0.779211
63.75	-2.5	191.87	1000.02	0.808135
66.25	-2.5	223.06	1000.02	0.776945
68.75	-2.5	215.091	1000.02	0.784912
71.25	-2.5	195.485	1000.01	0.804518
73.75	-2.5	221.017	1000.01	0.778986
76.25	-2.5	212.51	1000.01	0.787492
78.75	-2.5	224.95	1000.01	0.775052
81.25	-2.5	217.667	1000.01	0.782335
83.75	-2.5	218.305	1000.01	0.781696
86.25	-2.5	223.284	1000	0.776717
88.75	-2.5	188.261	1000	0.81174
91.25	-2.5	227.217	1000	0.772784
93.75	-2.5	216.872	1000	0.783129
96.25	-2.5	218.637	1000	0.781363
98.75	-2.5	220.677	1000	0.779323
101.25	-2.5	199.673	1000	0.800328
103.75	-2.5	196.157	1000	0.803844
106.25	-2.5	220.896	1000	0.779104
108.75	-2.5	211.411	1000	0.788589
111.25	-2.5	225.85	1000	0.77415
113.75	-2.5	193.074	1000	0.806927
116.25	-2.5	219.436	1000	0.780564
118.75	-2.5	192.663	1000	0.807337
121.25	-2.5	228.76	1000	0.771241
123.75	-2.5	192.159	1000	0.807841
126.25	-2.5	191.607	1000	0.808393
128.75	-2.5	228.649	1000	0.771351
131.25	-2.5	190.874	1000	0.809127
133.75	-2.5	219.227	1000	0.780774
136.25	-2.5	194.707	1000	0.805293
138.75	-2.5	218.077	1000	0.781923
141.25	-2.5	222.594	1000	0.777406
143.75	-2.5	213.762	1000	0.786238
146.25	-2.5	193.936	1000	0.806065
148.75	-2.5	228.232	1000	0.771768
151.25	-2.5	192.358	1000	0.807642
153.75	-2.5	218.741	1000	0.78126
-152.5	-5	199.508	1000	0.800492
-150	-5	202.287	1000	0.797714
-147.5	-5	192.831	1000	0.807169
-145	-5	197.307	1000	0.802694
-142.5	-5	196.091	1000	0.80391
-140	-5	194.207	1000	0.805794
-137.5	-5	204.583	1000	0.795417
-135	-5	193.382	1000	0.806618
-132.5	-5	194.525	1000	0.805476
-130	-5	198.694	1000	0.801307
-127.5	-5	203.004	1000	0.796997
-125	-5	200.915	1000	0.799085
-122.5	-5	197.747	1000	0.802254
-120	-5	197.451	1000.01	0.80255
-117.5	-5	199.016	1000.01	0.800985
-115	-5	195.657	1000.01	0.804345
-112.5	-5	196.726	1000.01	0.803276
-110	-5	200.351	1000.01	0.799651
-107.5	-5	197.97	1000.01	0.802032
-105	-5	198.876	1000.01	0.801126
-102.5	-5	194.435	1000.01	0.805568
-100	-5	195.266	1000.02	0.804737
-97.5	-5	198.003	1000.02	0.802001
-95	-5	202.504	1000.02	0.7975
-92.5	-5	196.283	1000.02	0.803722
-90	-5	195.511	1000.03	0.804495
-87.5	-5	199.687	1000.03	0.80032
-85	-5	197.931	1000.04	0.802077
-82.5	-5	199.134	1000.05	0.800875
-80	-5	195.044	1000.06	0.804967
-77.5	-5	196.668	1000.07	0.803345
-75	-5	199.831	1000.08	0.800185
-72.5	-5	198.038	1000.1	0.801981
-70	-5	198.017	1000.12	0.802006
-67.5	-5	203.705	1000.14	0.796324
-65	-5	201.245	1000.18	0.798791
-62.5	-5	198.391	1000.22	0.801653
-60	-5	199.662	1000.27	0.800392
-57.5	-5	195.076	1000.34	0.80499
-55	-5	195.911	1000.43	0.804173
-52.5	-5	198.755	1000.54	0.801353
-50	-5	203.353	1000.7	0.796788
-47.5	-5	197.208	1000.9	0.802969
-45	-5	196.471	1001.17	0.803759
-42.5	-5	200.68	1001.54	0.799629
-40	-5	198.999	1002.04	0.801406
-37.5	-5	200.336	1002.73	0.800209
-35	-5	196.437	1003.67	0.804282
-32.5	-5	198.304	1004.97	0.802677
-30	-5	201.701	1006.76	0.799654
-27.5	-5	200.012	1009.19	0.801809
-25	-5	199.687	1012.4	0.802759
-22.5	-5	205.111	1016.44	0.798208
-20	-5	203.467	1021.04	0.800726
-17.5	-5	195.301	1025.2	0.8095
-15	-5	197.183	1026.73	0.80795
-12.5	-5	201.054	1022.07	0.803287
-10	-5	199.864	1007.46	0.801616
-7.5	-5	200.074	981.901	0.796239
-5	-5	199.572	950.337	0.789998
-2.5	-5	200.842	923.565	0.782537
0	-5	198.616	913.005	0.782459
2.5	-5	190.328	923.565	0.79392
5	-5	192.181	950.337	0.797776
7.5	-5	199.121	981.901	0.797209
10	-5	205.222	1007.46	0.796298
12.5	-5	199.473	1022.07	0.804834
15	-5	194.824	1026.73	0.810247
17.5	-5	199.649	1025.2	0.805259
20	-5	206.393	1021.04	0.79786
22.5	-5	197.153	1016.44	0.806036
25	-5	199.143	1012.4	0.803296
27.5	-5	204.867	1009.19	0.796998
30	-5	197.794	1006.76	0.803534
32.5	-5	199.201	1004.97	0.801785
35	-5	202.703	1003.67	0.798038
37.5	-5	207.078	1002.73	0.793486
40	-5	206.4	1002.04	0.794021
42.5	-5	198.78	1001.54	0.801526
45	-5	199.843	1001.17	0.800392
47.5	-5	202.976	1000.9	0.797207
50	-5	204.975	1000.7	0.795168
52.5	-5	208.157	1000.54	0.791957
55	-5	199.624	1000.43	0.800462
57.5	-5	200.703	1000.34	0.799365
60	-5	204.5	1000.27	0.795556
62.5	-5	196.991	1000.22	0.803051
65	-5	200.889	1000.18	0.799147
67.5	-5	207.808	1000.14	0.792222
70	-5	196.248	1000.12	0.803775
72.5	-5	198.609	1000.1	0.801411
75	-5	203.448	1000.08	0.796569
77.5	-5	207.939	1000.07	0.792075
80	-5	205.579	1000.06	0.794432
82.5	-5	203.04	1000.05	0.79697
85	-5	204.753	1000.04	0.795255
87.5	-5	198.2	1000.03	0.801807
90	-5	202.143	1000.03	0.797863
92.5	-5	205.341	1000.02	0.794664
95	-5	201.392	1000.02	0.798612
97.5	-5	201.891	1000.02	0.798113
100	-5	198.882	1000.02	0.801121
102.5	-5	198.569	1000.01	0.801434
105	-5	198.847	1000.01	0.801155
107.5	-5	201.655	1000.01	0.798347
110	-5	206.212	1000.01	0.79379
112.5	-5	200.072	1000.01	0.79993
115	-5	196.564	1000.01	0.803438
117.5	-5	200.342	1000.01	0.799659
120	-5	201.162	1000.01	0.798839
122.5	-5	199.085	1000	0.800916
125	-5	190.821	1000	0.809179
127.5	-5	198.135	1000	0.801866
130	-5	199.208	1000	0.800792
132.5	-5	195.181	1000	0.80482
135	-5	198.522	1000	0.801479
137.5	-5	195.146	1000	0.804855
140	-5	201.735	1000	0.798265
142.5	-5	204.207	1000	0.795793
145	-5	194.884	1000	0.805116
147.5	-5	197.109	1000	0.802891
150	-5	197.643	1000	0.802357
-148.75	-7.5	202.319	1000.01	0.797682
-146.25	-7.5	202.892	1000.01	0.797109
-143.75	-7.5	203.073	1000.01	0.796928
-141.25	-7.5	203.932	1000.01	0.796069
-138.75	-7.5	204.02	1000.01	0.795982
-136.25	-7.5	204.451	1000.01	0.79555
-133.75	-7.5	201.128	1000.01	0.798874
-131.25	-7.5	201.805	1000.01	0.798197
-128.75	-7.5	203.683	1000.01	0.796319
-126.25	-7.5	203.416	1000.01	0.796587
-123.75	-7.5	202.372	1000.02	0.797631
-121.25	-7.5	200.821	1000.02	0.799182
-118.75	-7.5	202.104	1000.02	0.7979
-116.25	-7.5	202.4	1000.02	0.797605
-113.75	-7.5	202.828	1000.03	0.797177
-111.25	-7.5	202.472	1000.03	0.797534
-108.75	-7.5	202.852	1000.03	0.797154
-106.25	-7.5	201.854	1000.04	0.798154
-103.75	-7.5	200.31	1000.04	0.799699
-101.25	-7.5	200.559	1000.05	0.799451
-98.75	-7.5	202.011	1000.06	0.798001
-96.25	-7.5	205.208	1000.07	0.794805
-93.75	-7.5	204.174	1000.08	0.795842
-91.25	-7.5	203.502	1000.09	0.796517
-88.75	-7.5	202.218	1000.11	0.797804
-86.25	-7.5	202.838	1000.13	0.797187
-83.75	-7.5	202.136	1000.15	0.797894
-81.25	-7.5	201.201	1000.18	0.798834
-78.75	-7.5	201.575	1000.21	0.798467
-76.25	-7.5	202.468	1000.25	0.797582
-73.75	-7.5	202.735	1000.3	0.797326
-71.25	-7.5	201.893	1000.37	0.798181
-68.75	-7.5	203.629	1000.45	0.796461
-66.25	-7.5	204.254	1000.54	0.795857
-63.75	-7.5	203.625	1000.67	0.796511
-61.25	-7.5	202.793	1000.83	0.797376
-58.75	-7.5	201.728	1001.04	0.798482
-56.25	-7.5	202.161	1001.3	0.798103
-53.75	-7.5	203.715	1001.65	0.79662
-51.25	-7.5	207.032	1002.1	0.793402
-48.75	-7.5	206.173	1002.7	0.794382
-46.25	-7.5	205.682	1003.49	0.795033
-43.75	-7.5	204.609	1004.54	0.796316
-41.25	-7.5	205.526	1005.95	0.795691
-38.75	-7.5	205.259	1007.85	0.79634
-36.25	-7.5	204.873	1010.39	0.797234
-33.75	-7.5	205.834	1013.76	0.796961
-31.25	-7.5	207.118	1018.17	0.796578
-28.75	-7.5	207.202	1023.72	0.797599
-26.25	-7.5	205.59	1030.28	0.800452
-23.75	-7.5	206.056	1037.08	0.801311
-21.25	-7.5	205.561	1042.18	0.802759
-18.75	-7.5	201.887	1041.89	0.806231
-16.25	-7.5	198.73	1030.75	0.807198
-13.75	-7.5	198.196	1002.85	0.802368
-11.25	-7.5	198.373	955.041	0.792288
-8.75	-7.5	198.654	890.496	0.776917
-6.25	-7.5	200.15	820.246	0.755988
-3.75	-7.5	202.357	760.388	0.733876
-1.25	-7.5	200.353	726.07	0.724058
1.25	-7.5	200.303	726.07	0.724126
3.75	-7.5	199.087	760.388	0.738177
6.25	-7.5	199.537	820.246	0.756735
8.75	-7.5	202.121	890.496	0.773024
11.25	-7.5	203.812	955.041	0.786593
13.75	-7.5	201.444	1002.85	0.799129
16.25	-7.5	203.23	1030.75	0.802832
18.75	-7.5	205.85	1041.89	0.802427
21.25	-7.5	205.753	1042.18	0.802575
23.75	-7.5	204.004	1037.08	0.803289
26.25	-7.5	204.425	1030.28	0.801582
28.75	-7.5	204.046	1023.72	0.800681
31.25	-7.5	202.833	1018.17	0.800786
33.75	-7.5	203.082	1013.76	0.799675
36.25	-7.5	204.78	1010.39	0.797326
38.75	-7.5	205.052	1007.85	0.796545
41.25	-7.5	202.968	1005.95	0.798234
43.75	-7.5	201.295	1004.54	0.799615
46.25	-7.5	202.616	1003.49	0.798088
48.75	-7.5	205.807	1002.7	0.794746
51.25	-7.5	208.142	1002.1	0.792295
53.75	-7.5	207.208	1001.65	0.793133
56.25	-7.5	205.037	1001.3	0.79523
58.75	-7.5	204.066	1001.04	0.796145
61.25	-7.5	203.891	1000.83	0.796279
63.75	-7.5	205.965	1000.67	0.794173
66.25	-7.5	208.759	1000.54	0.791355
68.75	-7.5	206.068	1000.45	0.794023
71.25	-7.5	201.865	1000.37	0.798209
73.75	-7.5	202.894	1000.3	0.797167
76.25	-7.5	205.505	1000.25	0.794546
78.75	-7.5	206.234	1000.21	0.79381
81.25	-7.5	205.711	1000.18	0.794325
83.75	-7.5	205.869	1000.15	0.794162
86.25	-7.5	204.251	1000.13	0.795774
88.75	-7.5	205.596	1000.11	0.794426
91.25	-7.5	205.529	1000.09	0.79449
93.75	-7.5	205.062	1000.08	0.794954
96.25	-7.5	203.35	1000.07	0.796664
98.75	-7.5	202.237	1000.06	0.797775
101.25	-7.5	202.195	1000.05	0.797815
103.75	-7.5	201.882	1000.04	0.798127
106.25	-7.5	202.069	1000.04	0.797938
108.75	-7.5	205.093	1000.03	0.794914
111.25	-7.5	204.116	1000.03	0.79589
113.75	-7.5	203.157	1000.03	0.796848
116.25	-7.5	202.664	1000.02	0.797341
118.75	-7.5	204.632	1000.02	0.795372
121.25	-7.5	201.478	1000.02	0.798525
123.75	-7.5	202.105	1000.02	0.797898
126.25	-7.5	202.528	1000.01	0.797475
128.75	-7.5	202.757	1000.01	0.797246
131.25	-7.5	203.099	1000.01	0.796904
133.75	-7.5	202.056	1000.01	0.797946
136.25	-7.5	202.21	1000.01	0.797791
138.75	-7.5	200.891	1000.01	0.799111
141.25	-7.5	203.368	1000.01	0.796633
143.75	-7.5	200.922	1000.01	0.799079
146.25	-7.5	199.861	1000.01	0.80014
-145	-10	213.919	1000.01	0.786084
-142.5	-10	214.409	1000.02	0.785595
-140	-10	215.246	1000.02	0.784758
-137.5	-10	213.96	1000.02	0.786045
-135	-10	214.609	1000.02	0.785396
-132.5	-10	212.834	1000.03	0.787172
-130	-10	213.482	1000.03	0.786524
-127.5	-10	213.26	1000.03	0.786747
-125	-10	212.867	1000.04	0.787141
-122.5	-10	212.73	1000.04	0.787278
-120	-10	212.75	1000.04	0.78726
-117.5	-10	213.309	1000.05	0.786701
-115	-10	213.659	1000.06	0.786353
-112.5	-10	213.102	1000.07	0.786912
-110	-10	213.354	1000.07	0.786661
-107.5	-10	213.692	1000.09	0.786326
-105	-10	212.437	1000.1	0.787584
-102.5	-10	212.268	1000.11	0.787756
-100	-10	212.921	1000.13	0.787106
-97.5	-10	215.236	1000.15	0.784797
-95	-10	215.46	1000.17	0.784578
-92.5	-10	215.192	1000.2	0.784852
-90	-10	214.643	1000.24	0.785408
-87.5	-10	214.177	1000.28	0.785883
-85	-10	214.403	1000.33	0.785667
-82.5	-10	213.15	1000.39	0.786933
-80	-10	212.709	1000.46	0.787389
-77.5	-10	212.755	1000.55	0.787363
-75	-10	213.243	1000.67	0.786898
-72.5	-10	213.264	1000.8	0.786907
-70	-10	213.305	1000.97	0.786903
-67.5	-10	213.486	1001.19	0.786768
-65	-10	213.847	1001.46	0.786465
-62.5	-10	214.031	1001.81	0.786354
-60	-10	213.361	1002.24	0.787117
-57.5	-10	213.754	1002.81	0.786844
-55	-10	214.814	1003.53	0.785942
-52.5	-10	217.468	1004.48	0.783501
-50	-10	217.977	1005.71	0.78326
-47.5	-10	218.091	1007.32	0.783495
-45	-10	218.081	1009.45	0.78396
-42.5	-10	218.362	1012.23	0.784277
-40	-10	219.548	1015.87	0.783882
-37.5	-10	219.385	1020.58	0.785038
-35	-10	219.863	1026.53	0.785819
-32.5	-10	220.206	1033.77	0.786988
-30	-10	220.123	1041.98	0.788745
-27.5	-10	218.478	1050.06	0.791938
-25	-10	215.611	1055.64	0.795754
-22.5	-10	212.434	1054.56	0.798556
-20	-10	208.409	1040.94	0.799788
-17.5	-10	203.848	1008.36	0.797841
-15	-10	199.595	952.214	0.790389
-12.5	-10	197.961	872.807	0.77319
-10	-10	197.034	777.479	0.746573
-7.5	-10	196.401	680.114	0.711223
-5	-10	197.438	597.143	0.669362
-2.5	-10	197.262	542.18	0.636168
0	-10	197.142	523.069	0.623105
2.5	-10	199.242	542.18	0.632516
5	-10	198.579	597.143	0.667452
7.5	-10	199.078	680.114	0.707287
10	-10	201.109	777.479	0.741331
12.5	-10	202.461	872.807	0.768035
15	-10	202.787	952.214	0.787036
17.5	-10	204.44	1008.36	0.797254
20	-10	204.882	1040.94	0.803176
22.5	-10	205.384	1054.56	0.805242
25	-10	204.422	1055.64	0.806353
27.5	-10	203.867	1050.06	0.805853
30	-10	202.911	1041.98	0.805264
32.5	-10	200.936	1033.77	0.805629
35	-10	200.392	1026.53	0.804787
37.5	-10	199.238	1020.58	0.804779
40	-10	197.612	1015.87	0.805475
42.5	-10	196.74	1012.23	0.805637
45	-10	196.118	1009.45	0.805717
47.5	-10	198.671	1007.32	0.802773
50	-10	201.059	1005.71	0.800083
52.5	-10	200.591	1004.48	0.800304
55	-10	200.82	1003.53	0.799887
57.5	-10	199.423	1002.81	0.801135
60	-10	199.057	1002.24	0.801388
62.5	-10	200.554	1001.81	0.799808
65	-10	201.124	1001.46	0.79917
67.5	-10	201.157	1001.19	0.799082
70	-10	200.323	1000.97	0.799872
72.5	-10	198.49	1000.8	0.801669
75	-10	200.83	1000.67	0.799304
77.5	-10	202.091	1000.55	0.798021
80	-10	203.157	1000.46	0.796937
82.5	-10	205.18	1000.39	0.7949
85	-10	204.324	1000.33	0.795743
87.5	-10	204.785	1000.28	0.795272
90	-10	204.496	1000.24	0.795552
92.5	-10	204.676	1000.2	0.795365
95	-10	204.229	1000.17	0.795806
97.5	-10	202.387	1000.15	0.797643
100	-10	202.035	1000.13	0.797991
102.5	-10	200.657	1000.11	0.799365
105	-10	200.745	1000.1	0.799274
107.5	-10	202.344	1000.09	0.797673
110	-10	202.595	1000.07	0.79742
112.5	-10	201.755	1000.07	0.798259
115	-10	201.696	1000.06	0.798315
117.5	-10	201.462	1000.05	0.798548
120	-10	200.996	1000.04	0.799013
122.5	-10	200.569	1000.04	0.799439
125	-10	203.302	1000.04	0.796705
127.5	-10	202.384	1000.03	0.797622
130	-10	201.289	1000.03	0.798717
132.5	-10	202.304	1000.03	0.797701
135	-10	201.181	1000.02	0.798823
137.5	-10	201.569	1000.02	0.798435
140	-10	200.829	1000.02	0.799175
142.5	-10	199.811	1000.02	0.800193
-141.25	-12.5	232.957	1000.03	0.767051
-138.75	-12.5	232.61	1000.04	0.767399
-136.25	-12.5	232.065	1000.04	0.767944
-133.75	-12.5	232.623	1000.05	0.767388
-131.25	-12.5	231.703	1000.05	0.768309
-128.75	-12.5	231.519	1000.06	0.768495
-126.25	-12.5	231.41	1000.07	0.768605
-123.75	-12.5	231.156	1000.07	0.768861
-121.25	-12.5	231.62	1000.08	0.768399
-118.75	-12.5	231.754	1000.09	0.768268
-116.25	-12.5	231.882	1000.11	0.768143
-113.75	-12.5	231.644	1000.12	0.768384
-111.25	-12.5	231.588	1000.14	0.768444
-108.75	-12.5	232.276	1000.16	0.767761
-106.25	-12.5	232.45	1000.18	0.767592
-103.75	-12.5	231.831	1000.21	0.768217
-101.25	-12.5	232.173	1000.24	0.767882
-98.75	-12.5	233.431	1000.28	0.766633
-96.25	-12.5	234.098	1000.32	0.765978
-93.75	-12.5	234.08	1000.37	0.766008
-91.25	-12.5	233.609	1000.44	0.766493
-88.75	-12.5	233.55	1000.51	0.766569
-86.25	-12.5	233.472	1000.6	0.766669
-83.75	-12.5	232.887	1000.71	0.767279
-81.25	-12.5	231.585	1000.85	0.768611
-78.75	-12.5	231.017	1001.01	0.769216
-76.25	-12.5	230.654	1001.21	0.769626
-73.75	-12.5	230.705	1001.46	0.769632
-71.25	-12.5	230.651	1001.77	0.769757
-68.75	-12.5	230.015	1002.16	0.77048
-66.25	-12.5	230.134	1002.64	0.770471
-63.75	-12.5	230.809	1003.25	0.769939
-61.25	-12.5	231.051	1004.03	0.769876
-58.75	-12.5	231.053	1005.01	0.7701
-56.25	-12.5	232.148	1006.28	0.769302
-53.75	-12.5	234.001	1007.91	0.767836
-51.25	-12.5	235.386	1010.02	0.766948
-48.75	-12.5	236.21	1012.73	0.76676
-46.25	-12.5	236.767	1016.23	0.767015
-43.75	-12.5	238.051	1020.71	0.76678
-41.25	-12.5	239.589	1026.38	0.766568
-38.75	-12.5	240.559	1033.36	0.767208
-36.25	-12.5	240.331	1041.63	0.769274
-33.75	-12.5	239.941	1050.73	0.771643
-31.25	-12.5	238.482	1059.4	0.774889
-28.75	-12.5	235.743	1065.18	0.778682
-26.25	-12.5	231.337	1064	0.782579
-23.75	-12.5	225.634	1050.33	0.785178
-21.25	-12.5	219.712	1018.02	0.784177
-18.75	-12.5	213.727	962.065	0.777846
-16.25	-12.5	207.989	880.736	0.763847
-13.75	-12.5	202.817	777.602	0.739176
-11.25	-12.5	199.653	662.365	0.698576
-8.75	-12.5	197.357	549.316	0.640722
-6.25	-12.5	195.361	453.201	0.56893
-3.75	-12.5	193.845	384.872	0.496338
-1.25	-12.5	193.865	349.827	0.445826
1.25	-12.5	194.749	349.827	0.443299
3.75	-12.5	195.821	384.872	0.491206
6.25	-12.5	196.287	453.201	0.566887
8.75	-12.5	197.22	549.316	0.640972
11.25	-12.5	198.986	662.365	0.699583
13.75	-12.5	201.021	777.602	0.741486
16.25	-12.5	201.699	880.736	0.770988
18.75	-12.5	202.057	962.065	0.789976
21.25	-12.5	202.669	1018.02	0.800918
23.75	-12.5	202.785	1050.33	0.806932
26.25	-12.5	201.026	1064	0.811066
28.75	-12.5	199.183	1065.18	0.813005
31.25	-12.5	196.72	1059.4	0.81431
33.75	-12.5	193.463	1050.73	0.815876
36.25	-12.5	190.706	1041.63	0.816916
38.75	-12.5	188.198	1033.36	0.817878
41.25	-12.5	185.948	1026.38	0.81883
43.75	-12.5	184.951	1020.71	0.818802
46.25	-12.5	185.113	1016.23	0.817843
48.75	-12.5	186.673	1012.73	0.815674
51.25	-12.5	186.898	1010.02	0.814956
53.75	-12.5	186.695	1007.91	0.814771
56.25	-12.5	186.903	1006.28	0.814264
58.75	-12.5	186.834	1005.01	0.814098
61.25	-12.5	187.435	1004.03	0.813316
63.75	-12.5	188.07	1003.25	0.81254
66.25	-12.5	187.905	1002.64	0.81259
68.75	-12.5	188.943	1002.16	0.811464
71.25	-12.5	190.237	1001.77	0.8101
73.75	-12.5	191.11	1001.46	0.809169
76.25	-12.5	193.868	1001.21	0.806367
78.75	-12.5	196.78	1001.01	0.803419
81.25	-12.5	199.829	1000.85	0.80034
83.75	-12.5	201.479	1000.71	0.798665
86.25	-12.5	202.59	1000.6	0.797533
88.75	-12.5	202.887	1000.51	0.797217
91.25	-12.5	203.102	1000.44	0.796986
93.75	-12.5	203.369	1000.37	0.796707
96.25	-12.5	202.624	1000.32	0.797441
98.75	-12.5	201.555	1000.28	0.798501
101.25	-12.5	200.192	1000.24	0.799856
103.75	-12.5	199.612	1000.21	0.800429
106.25	-12.5	200.371	1000.18	0.799665
108.75	-12.5	200.082	1000.16	0.79995
111.25	-12.5	199.469	1000.14	0.800558
113.75	-12.5	199.231	1000.12	0.800793
116.25	-12.5	199.307	1000.11	0.800715
118.75	-12.5	198.106	1000.09	0.801913
121.25	-12.5	198.491	1000.08	0.801526
123.75	-12.5	199.59	1000.07	0.800425
126.25	-12.5	200.52	1000.07	0.799493
128.75	-12.5	198.851	1000.06	0.801161
131.25	-12.5	198.19	1000.05	0.80182
133.75	-12.5	198.692	1000.05	0.801317
136.25	-12.5	199.091	1000.04	0.800917
138.75	-12.5	198.854	1000.04	0.801154
-137.5	-15	258.106	1000.07	0.741912
-135	-15	257.914	1000.08	0.742106
-132.5	-15	258.406	1000.09	0.741617
-130	-15	257.523	1000.1	0.742502
-127.5	-15	257.393	1000.11	0.742635
-125	-15	257.221	1000.12	0.742811
-122.5	-15	257.46	1000.14	0.742576
-120	-15	257.966	1000.16	0.742074
-117.5	-15	257.652	1000.18	0.742393
-115	-15	257.527	1000.2	0.742525
-112.5	-15	257.749	1000.23	0.742309
-110	-15	258.201	1000.26	0.741866
-107.5	-15	258.809	1000.3	0.741268
-105	-15	258.961	1000.34	0.741127
-102.5	-15	258.97	1000.39	0.741132
-100	-15	259.692	1000.45	0.740426
-97.5	-15	260.093	1000.53	0.740044
-95	-15	260.312	1000.61	0.739848
-92.5	-15	259.922	1000.71	0.740264
-90	-15	259.468	1000.84	0.740749
-87.5	-15	259.357	1000.99	0.740898
-85	-15	258.703	1001.16	0.741598
-82.5	-15	257.539	1001.38	0.742816
-80	-15	256.008	1001.64	0.744412
-77.5	-15	254.946	1001.97	0.745555
-75	-15	254.218	1002.37	0.746382
-72.5	-15	253.76	1002.86	0.746964
-70	-15	252.966	1003.48	0.74791
-67.5	-15	252.401	1004.25	0.748666
-65	-15	252.78	1005.21	0.748531
-62.5	-15	253.261	1006.43	0.748357
-60	-15	253.71	1007.97	0.748298
-57.5	-15	254.444	1009.94	0.748059
-55	-15	256.155	1012.43	0.746991
-52.5	-15	257.7	1015.61	0.74626
-50	-15	259.319	1019.63	0.745674
-47.5	-15	260.707	1024.69	0.745576
-45	-15	262.307	1030.97	0.745573
-42.5	-15	264.31	1038.55	0.745502
-40	-15	265.479	1047.33	0.746518
-37.5	-15	265.41	1056.75	0.748842
-35	-15	263.846	1065.52	0.752378
-32.5	-15	261.059	1071.25	0.756304
-30	-15	256.708	1070.17	0.760126
-27.5	-15	251.037	1057.34	0.762577
-25	-15	244.07	1027.28	0.762411
-22.5	-15	236.396	975.209	0.757595
-20	-15	228.964	898.51	0.745174
-17.5	-15	222	798.13	0.72185
-15	-15	215.551	679.742	0.682893
-12.5	-15	209.657	553.884	0.621478
-10	-15	205.268	434.047	0.527085
-7.5	-15	201.373	332.828	0.394964
-5	-15	197.411	258.4	0.236024
-2.5	-15	195.271	213.812	0.0867175
0	-15	194.894	199.074	0.0210005
2.5	-15	194.659	213.812	0.0895789
5	-15	195.465	258.4	0.243555
7.5	-15	195.939	332.828	0.411291
10	-15	196.928	434.047	0.546299
12.5	-15	198.893	553.884	0.640912
15	-15	200.564	679.742	0.704942
17.5	-15	200.263	798.13	0.749085
20	-15	200.103	898.51	0.777295
22.5	-15	199.77	975.209	0.795151
25	-15	198.381	1027.28	0.806887
27.5	-15	194.882	1057.34	0.815687
30	-15	190.954	1070.17	0.821568
32.5	-15	186.717	1071.25	0.825701
35	-15	182.122	1065.52	0.829077
37.5	-15	178.011	1056.75	0.831548
40	-15	174.187	1047.33	0.833684
42.5	-15	171.511	1038.55	0.834856
45	-15	170.669	1030.97	0.834458
47.5	-15	170.263	1024.69	0.83384
50	-15	169.993	1019.63	0.83328
52.5	-15	169.852	1015.61	0.832757
55	-15	169.677	1012.43	0.832407
57.5	-15	170.66	1009.94	0.831019
60	-15	171.381	1007.97	0.829974
62.5	-15	171.984	1006.43	0.829115
65	-15	172.418	1005.21	0.828476
67.5	-15	173.669	1004.25	0.827065
70	-15	176.608	1003.48	0.824004
72.5	-15	179.934	1002.86	0.820579
75	-15	182.452	1002.37	0.817979
77.5	-15	186.975	1001.97	0.813393
80	-15	192.098	1001.64	0.808217
82.5	-15	195.919	1001.38	0.804351
85	-15	199.213	1001.16	0.801019
87.5	-15	200.98	1000.99	0.799218
90	-15	202.421	1000.84	0.797748
92.5	-15	203.397	1000.71	0.796748
95	-15	203.902	1000.61	0.796223
97.5	-15	203.573	1000.53	0.796534
100	-15	202.102	1000.45	0.79799
102.5	-15	201.496	1000.39	0.798583
105	-15	201.247	1000.34	0.798822
107.5	-15	200.569	1000.3	0.799491
110	-15	199.743	1000.26	0.800309
112.5	-15	199.618	1000.23	0.800427
115	-15	198.997	1000.2	0.801043
117.5	-15	198.017	1000.18	0.802018
120	-15	197.732	1000.16	0.802299
122.5	-15	198.798	1000.14	0.80123
125	-15	198.863	1000.12	0.801161
127.5	-15	198.203	1000.11	0.801818
130	-15	197.049	1000.1	0.80297
132.5	-15	196.551	1000.09	0.803466
135	-15	197.649	1000.08	0.802366
-133.75	-17.5	288.957	1000.13	0.711081
-131.25	-17.5	288.956	1000.15	0.711087
-128.75	-17.5	288.37	1000.17	0.711677
-126.25	-17.5	288.206	1000.19	0.711848
-123.75	-17.5	288.463	1000.21	0.711598
-121.25	-17.5	288.641	1000.24	0.711428
-118.75	-17.5	288.689	1000.27	0.711388
-116.25	-17.5	288.495	1000.3	0.711593
-113.75	-17.5	288.717	1000.35	0.711383
-111.25	-17.5	289.273	1000.4	0.710842
-108.75	-17.5	289.625	1000.45	0.710506
-106.25	-17.5	290.114	1000.52	0.710036
-103.75	-17.5	290.69	1000.6	0.709483
-101.25	-17.5	290.964	1000.69	0.709236
-98.75	-17.5	291.044	1000.8	0.709188
-96.25	-17.5	290.846	1000.93	0.709423
-93.75	-17.5	290.588	1001.08	0.709725
-91.25	-17.5	290.065	1001.26	0.710301
-88.75	-17.5	289.208	1001.49	0.711221
-86.25	-17.5	288.164	1001.75	0.71234
-83.75	-17.5	286.681	1002.08	0.713913
-81.25	-17.5	285.078	1002.47	0.715625
-78.75	-17.5	283.139	1002.95	0.717694
-76.25	-17.5	281.481	1003.54	0.719513
-73.75	-17.5	280.095	1004.28	0.721097
-71.25	-17.5	279.127	1005.18	0.722312
-68.75	-17.5	278.367	1006.31	0.723379
-66.25	-17.5	277.904	1007.72	0.724225
-63.75	-17.5	278.004	1009.49	0.724609
-61.25	-17.5	278.475	1011.71	0.724748
-58.75	-17.5	279.597	1014.5	0.724399
-56.25	-17.5	281.126	1018.01	0.723846
-53.75	-17.5	282.773	1022.39	0.723419
-51.25	-17.5	284.544	1027.82	0.723157
-48.75	-17.5	286.676	1034.44	0.722868
-46.25	-17.5	288.676	1042.29	0.723036
-43.75	-17.5	290.236	1051.2	0.723901
-41.25	-17.5	291.111	1060.58	0.725516
-38.75	-17.5	290.671	1069.13	0.728123
-36.25	-17.5	288.637	1074.6	0.731401
-33.75	-17.5	284.496	1073.6	0.735008
-31.25	-17.5	278.802	1061.79	0.737423
-28.75	-17.5	271.761	1034.46	0.737293
-26.25	-17.5	264.133	987.424	0.732503
-23.75	-17.5	255.829	917.952	0.721305
-21.25	-17.5	247.105	825.662	0.700719
-18.75	-17.5	239.204	713.347	0.664673
-16.25	-17.5	232.162	587.686	0.604955
-13.75	-17.5	225.579	459.087	0.508635
-11.25	-17.5	219.302	339.727	0.354475
-8.75	-17.5	213.725	240.101	0.109854
-6.25	-17.5	208.292	166.101	0.254006
-3.75	-17.5	203.877	118.667	0.718057
-1.25	-17.5	201.212	95.8943	1.09827
1.25	-17.5	199.327	95.8943	1.07862
3.75	-17.5	198.237	118.667	0.670533
6.25	-17.5	198.162	166.101	0.193022
8.75	-17.5	198.118	240.101	0.174853
11.25	-17.5	198.656	339.727	0.415247
13.75	-17.5	199.668	459.087	0.565075
16.25	-17.5	199.677	587.686	0.660231
18.75	-17.5	198.467	713.347	0.721781
21.25	-17.5	196.967	825.662	0.761443
23.75	-17.5	194.448	917.952	0.788171
26.25	-17.5	190.58	987.424	0.806993
28.75	-17.5	185.312	1034.46	0.820862
31.25	-17.5	179.765	1061.79	0.830697
33.75	-17.5	173.965	1073.6	0.837961
36.25	-17.5	168.161	1074.6	0.843512
38.75	-17.5	162.92	1069.13	0.847615
41.25	-17.5	158.834	1060.58	0.850238
43.75	-17.5	156.338	1051.2	0.851277
46.25	-17.5	154.957	1042.29	0.85133
48.75	-17.5	153.253	1034.44	0.851849
51.25	-17.5	152.558	1027.82	0.851571
53.75	-17.5	152.376	1022.39	0.850961
56.25	-17.5	152.93	1018.01	0.849775
58.75	-17.5	154.222	1014.5	0.847982
61.25	-17.5	155.106	1011.71	0.846689
63.75	-17.5	156.04	1009.49	0.845427
66.25	-17.5	157.773	1007.72	0.843436
68.75	-17.5	160.701	1006.31	0.840307
71.25	-17.5	165.226	1005.18	0.835626
73.75	-17.5	170.016	1004.28	0.830708
76.25	-17.5	174.664	1003.54	0.825953
78.75	-17.5	181.144	1002.95	0.819389
81.25	-17.5	187.175	1002.47	0.813286
83.75	-17.5	192.656	1002.08	0.807743
86.25	-17.5	197.186	1001.75	0.803159
88.75	-17.5	200.543	1001.49	0.799754
91.25	-17.5	203.088	1001.26	0.797169
93.75	-17.5	204.935	1001.08	0.795286
96.25	-17.5	206.169	1000.93	0.794022
98.75	-17.5	205.905	1000.8	0.794259
101.25	-17.5	205.246	1000.69	0.794895
103.75	-17.5	204.808	1000.6	0.795314
106.25	-17.5	203.862	1000.52	0.796243
108.75	-17.5	203.017	1000.45	0.797075
111.25	-17.5	202.388	1000.4	0.797692
113.75	-17.5	201.496	1000.35	0.798574
116.25	-17.5	200.081	1000.3	0.79998
118.75	-17.5	199.743	1000.27	0.80031
121.25	-17.5	200.082	1000.24	0.799966
123.75	-17.5	200.057	1000.21	0.799985
126.25	-17.5	198.854	1000.19	0.801183
128.75	-17.5	198.357	1000.17	0.801675
131.25	-17.5	197.474	1000.15	0.802556
-130	-20	322.023	1000.24	0.678054
-127.5	-20	321.528	1000.27	0.678558
-125	-20	321.65	1000.3	0.678447
-122.5	-20	321.806	1000.34	0.678303
-120	-20	321.719	1000.39	0.678405
-117.5	-20	321.868	1000.44	0.678272
-115	-20	322.011	1000.5	0.678149
-112.5	-20	322.401	1000.57	0.677782
-110	-20	322.74	1000.65	0.677469
-107.5	-20	323.019	1000.74	0.67722
-105	-20	323.735	1000.85	0.676541
-102.5	-20	324.237	1000.98	0.676082
-100	-20	323.941	1001.14	0.676427
-97.5	-20	323.293	1001.32	0.677134
-95	-20	322.548	1001.54	0.677948
-92.5	-20	321.794	1001.8	0.678785
-90	-20	320.597	1002.11	0.680079
-87.5	-20	318.807	1002.49	0.681986
-85	-20	316.735	1002.95	0.684196
-82.5	-20	314.625	1003.5	0.686474
-80	-20	312.344	1004.18	0.688957
-77.5	-20	309.839	1005.01	0.691707
-75	-20	307.701	1006.04	0.694145
-72.5	-20	305.944	1007.3	0.696273
-70	-20	304.838	1008.86	0.697839
-67.5	-20	304.139	1010.8	0.699112
-65	-20	303.62	1013.22	0.700341
-62.5	-20	303.769	1016.22	0.701081
-60	-20	304.829	1019.95	0.701134
-57.5	-20	306.568	1024.56	0.700781
-55	-20	308.237	1030.19	0.700794
-52.5	-20	310.071	1036.94	0.700977
-50	-20	311.955	1044.84	0.701433
-47.5	-20	313.835	1053.65	0.702144
-45	-20	315.032	1062.75	0.70357
-42.5	-20	315.01	1070.89	0.705843
-40	-20	313.702	1075.97	0.708447
-37.5	-20	310.899	1074.96	0.710782
-35	-20	306.174	1064.1	0.712269
-32.5	-20	299.427	1039.4	0.711924
-30	-20	291.488	997.37	0.707743
-27.5	-20	282.983	935.625	0.697546
-25	-20	274.295	853.358	0.678569
-22.5	-20	265.428	751.737	0.646914
-20	-20	257.087	634.495	0.594817
-17.5	-20	249.686	508.492	0.508967
-15	-20	242.916	383.469	0.366528
-12.5	-20	236.513	270.176	0.124596
-10	-20	229.911	177.273	0.29693
-7.5	-20	223.556	108.844	1.0539
-5	-20	217.935	64.1863	2.39536
-2.5	-20	213.19	39.7982	4.35678
0	-20	209.265	32.147	5.50963
2.5	-20	206.435	39.7982	4.18704
5	-20	204.222	64.1863	2.18172
7.5	-20	202.739	108.844	0.862654
10	-20	201.382	177.273	0.136001
12.5	-20	200.232	270.176	0.25888
15	-20	198.912	383.469	0.481282
17.5	-20	197.177	508.492	0.612232
20	-20	194.157	634.495	0.693998
22.5	-20	190.258	751.737	0.746908
25	-20	185.283	853.358	0.782877
27.5	-20	179.52	935.625	0.808129
30	-20	172.758	997.37	0.826787
32.5	-20	165.87	1039.4	0.840418
35	-20	158.972	1064.1	0.850604
37.5	-20	152.418	1074.96	0.858211
40	-20	147.278	1075.97	0.863121
42.5	-20	143.594	1070.89	0.865912
45	-20	140.862	1062.75	0.867455
47.5	-20	138.484	1053.65	0.868568
50	-20	136.748	1044.84	0.869121
52.5	-20	136.119	1036.94	0.86873
55	-20	136.511	1030.19	0.867488
57.5	-20	137.26	1024.56	0.86603
60	-20	138.622	1019.95	0.86409
62.5	-20	139.932	1016.22	0.862302
65	-20	141.915	1013.22	0.859936
67.5	-20	144.92	1010.8	0.856629
70	-20	149.229	1008.86	0.852082
72.5	-20	154.793	1007.3	0.846328
75	-20	161.191	1006.04	0.839776
77.5	-20	167.816	1005.01	0.833021
80	-20	175.139	1004.18	0.82559
82.5	-20	182.5	1003.5	0.818138
85	-20	189.244	1002.95	0.811312
87.5	-20	195.343	1002.49	0.805142
90	-20	200.177	1002.11	0.800245
92.5	-20	203.847	1001.8	0.796519
95	-20	206.656	1001.54	0.793662
97.5	-20	208.353	1001.32	0.791922
100	-20	209.056	1001.14	0.791182
102.5	-20	209.164	1000.98	0.791041
105	-20	208.677	1000.85	0.7915
107.5	-20	207.602	1000.74	0.792552
110	-20	206.705	1000.65	0.793428
112.5	-20	205.498	1000.57	0.794618
115	-20	204.081	1000.5	0.79602
117.5	-20	203.231	1000.44	0.796858
120	-20	203.199	1000.39	0.796879
122.5	-20	202.705	1000.34	0.797364
125	-20	201.563	1000.3	0.798498
127.5	-20	200.513	1000.27	0.799541
-126.25	-22.5	355.339	1000.41	0.644809
-123.75	-22.5	355.383	1000.47	0.644783
-121.25	-22.5	355.344	1000.53	0.644844
-118.75	-22.5	355.302	1000.6	0.644911
-116.25	-22.5	355.602	1000.68	0.64464
-113.75	-22.5	355.825	1000.78	0.644451
-111.25	-22.5	356.052	1000.89	0.644263
-108.75	-22.5	356.234	1001.02	0.644128
-106.25	-22.5	356.447	1001.17	0.643969
-103.75	-22.5	356.829	1001.35	0.643651
-101.25	-22.5	356.577	1001.56	0.643977
-98.75	-22.5	355.472	1001.81	0.645169
-96.25	-22.5	354.169	1002.1	0.646575
-93.75	-22.5	352.679	1002.46	0.648186
-91.25	-22.5	351.023	1002.88	0.649987
-88.75	-22.5	348.785	1003.4	0.652396
-86.25	-22.5	345.981	1004.02	0.655403
-83.75	-22.5	343.244	1004.77	0.658384
-81.25	-22.5	340.355	1005.68	0.661568
-78.75	-22.5	337.488	1006.8	0.66479
-76.25	-22.5	334.64	1008.16	0.66807
-73.75	-22.5	332.25	1009.85	0.67099
-71.25	-22.5	330.471	1011.92	0.673421
-68.75	-22.5	329.43	1014.47	0.67527
-66.25	-22.5	328.816	1017.62	0.676878
-63.75	-22.5	328.625	1021.49	0.678289
-61.25	-22.5	329.417	1026.21	0.678997
-58.75	-22.5	330.927	1031.92	0.679308
-56.25	-22.5	332.611	1038.68	0.679775
-53.75	-22.5	334.107	1046.46	0.680727
-51.25	-22.5	335.445	1055.02	0.68205
-48.75	-22.5	336.439	1063.72	0.683714
-46.25	-22.5	336.864	1071.34	0.685567
-43.75	-22.5	335.964	1075.96	0.687753
-41.25	-22.5	333.486	1074.86	0.689741
-38.75	-22.5	329.769	1064.8	0.6903
-36.25	-22.5	324.353	1042.43	0.68885
-33.75	-22.5	317.154	1004.93	0.684403
-31.25	-22.5	308.503	950.427	0.675405
-28.75	-22.5	299.394	878.185	0.659076
-26.25	-22.5	290.254	788.678	0.631975
-23.75	-22.5	281.463	683.823	0.588397
-21.25	-22.5	273.372	567.572	0.518348
-18.75	-22.5	266.049	446.488	0.404129
-16.25	-22.5	259.462	329.477	0.212503
-13.75	-22.5	253.303	225.998	0.120818
-11.25	-22.5	247.063	143.244	0.724772
-8.75	-22.5	240.467	83.9357	1.86489
-6.25	-22.5	234.354	46.1806	4.07473
-3.75	-22.5	228.664	25.2904	8.04152
-1.25	-22.5	223.056	16.3524	12.6406
1.25	-22.5	218.32	16.3524	12.351
3.75	-22.5	214.222	25.2904	7.47048
6.25	-22.5	210.383	46.1806	3.55566
8.75	-22.5	206.952	83.9357	1.4656
11.25	-22.5	203.301	143.244	0.419271
13.75	-22.5	199.401	225.998	0.11769
16.25	-22.5	195.607	329.477	0.406309
18.75	-22.5	191.373	446.488	0.571382
21.25	-22.5	185.943	567.572	0.672389
23.75	-22.5	179.786	683.823	0.737087
26.25	-22.5	172.988	788.678	0.780661
28.75	-22.5	165.661	878.185	0.81136
31.25	-22.5	157.783	950.427	0.833987
33.75	-22.5	150.169	1004.93	0.850569
36.25	-22.5	142.984	1042.43	0.862836
38.75	-22.5	136.886	1064.8	0.871445
41.25	-22.5	132.309	1074.86	0.876906
43.75	-22.5	128.732	1075.96	0.880356
46.25	-22.5	125.535	1071.34	0.882824
48.75	-22.5	123.359	1063.72	0.88403
51.25	-22.5	121.949	1055.02	0.884411
53.75	-22.5	121.865	1046.46	0.883546
56.25	-22.5	122.4	1038.68	0.882158
58.75	-22.5	123.297	1031.92	0.880516
61.25	-22.5	124.882	1026.21	0.878308
63.75	-22.5	126.954	1021.49	0.875717
66.25	-22.5	129.908	1017.62	0.872342
68.75	-22.5	133.91	1014.47	0.868001
71.25	-22.5	139.002	1011.92	0.862636
73.75	-22.5	145.68	1009.85	0.855741
76.25	-22.5	153.396	1008.16	0.847846
78.75	-22.5	160.82	1006.8	0.840266
81.25	-22.5	169.299	1005.68	0.831657
83.75	-22.5	177.728	1004.77	0.823115
86.25	-22.5	185.693	1004.02	0.815049
88.75	-22.5	192.948	1003.4	0.807706
91.25	-22.5	198.967	1002.88	0.801605
93.75	-22.5	203.798	1002.46	0.796702
96.25	-22.5	207.275	1002.1	0.79316
98.75	-22.5	210.114	1001.81	0.790265
101.25	-22.5	212.025	1001.56	0.788305
103.75	-22.5	212.468	1001.35	0.787817
106.25	-22.5	212.081	1001.17	0.788166
108.75	-22.5	211.265	1001.02	0.78895
111.25	-22.5	210.033	1000.89	0.790153
113.75	-22.5	208.559	1000.78	0.791603
116.25	-22.5	207.649	1000.68	0.792493
118.75	-22.5	207.095	1000.6	0.793029
121.25	-22.5	206.369	1000.53	0.79374
123.75	-22.5	204.934	1000.47	0.795162
-122.5	-25	388.316	1000.7	0.611956
-120	-25	388.164	1000.79	0.612144
-117.5	-25	388.185	1000.9	0.612165
-115	-25	388.448	1001.03	0.611951
-112.5	-25	388.494	1001.17	0.611962
-110	-25	388.341	1001.35	0.61218
-107.5	-25	388.244	1001.55	0.612355
-105	-25	387.952	1001.78	0.612738
-102.5	-25	387.351	1002.06	0.613445
-100	-25	386.1	1002.39	0.614819
-97.5	-25	384.151	1002.78	0.616914
-95	-25	381.969	1003.25	0.619267
-92.5	-25	379.565	1003.81	0.621874
-90	-25	376.809	1004.48	0.624871
-87.5	-25	373.485	1005.29	0.62848
-85	-25	369.962	1006.27	0.632343
-82.5	-25	366.597	1007.46	0.636118
-80	-25	363.355	1008.91	0.639856
-77.5	-25	360.135	1010.69	0.643672
-75	-25	357.107	1012.85	0.647424
-72.5	-25	354.848	1015.5	0.650568
-70	-25	353.405	1018.74	0.653094
-67.5	-25	352.694	1022.68	0.655127
-65	-25	352.425	1027.44	0.656987
-62.5	-25	352.843	1033.13	0.658471
-60	-25	354.02	1039.8	0.65953
-57.5	-25	355.186	1047.38	0.660881
-55	-25	356.027	1055.6	0.662725
-52.5	-25	356.37	1063.82	0.665008
-50	-25	356.32	1070.88	0.667266
-47.5	-25	355.491	1075.01	0.669315
-45	-25	353.588	1073.78	0.670709
-42.5	-25	350.151	1064.38	0.671028
-40	-25	345.278	1044	0.669276
-37.5	-25	339.094	1010.43	0.664405
-35	-25	331.412	962.3	0.655604
-32.5	-25	322.345	899.182	0.641513
-30	-25	312.713	821.379	0.619283
-27.5	-25	303.372	729.893	0.584362
-25	-25	294.532	626.758	0.53007
-22.5	-25	286.775	515.746	0.44396
-20	-25	279.924	402.969	0.305345
-17.5	-25	273.733	296.561	0.0769762
-15	-25	268.207	204.943	0.308692
-12.5	-25	262.657	134.197	0.957242
-10	-25	256.77	86.075	1.9831
-7.5	-25	250.756	57.8724	3.33291
-5	-25	244.857	44.0859	4.5541
-2.5	-25	238.587	38.7635	5.15495
0	-25	232.27	37.5205	5.19047
2.5	-25	226.18	38.7635	4.83488
5	-25	220.289	44.0859	3.99682
7.5	-25	214.391	57.8724	2.70455
10	-25	208.499	86.075	1.42229
12.5	-25	201.971	134.197	0.505029
15	-25	195.377	204.943	0.046678
17.5	-25	188.938	296.561	0.362904
20	-25	182.146	402.969	0.547989
22.5	-25	174.423	515.746	0.661805
25	-25	166.46	626.758	0.73441
27.5	-25	158.262	729.893	0.78317
30	-25	150.052	821.379	0.817317
32.5	-25	141.855	899.182	0.84224
35	-25	134.248	962.3	0.860493
37.5	-25	127.745	1010.43	0.873574
40	-25	122.542	1044	0.882623
42.5	-25	118.393	1064.38	0.888768
45	-25	114.718	1073.78	0.893165
47.5	-25	112.002	1075.01	0.895814
50	-25	110.293	1070.88	0.897008
52.5	-25	109.583	1063.82	0.896991
55	-25	109.689	1055.6	0.896089
57.5	-25	110.343	1047.38	0.894648
60	-25	111.444	1039.8	0.892821
62.5	-25	113.504	1033.13	0.890136
65	-25	116.25	1027.44	0.886854
67.5	-25	119.893	1022.68	0.882765
70	-25	124.407	1018.74	0.877881
72.5	-25	130.266	1015.5	0.871722
75	-25	137.731	1012.85	0.864017
77.5	-25	145.9	1010.69	0.855642
80	-25	154.216	1008.91	0.847146
82.5	-25	163.42	1007.46	0.83779
85	-25	172.762	1006.27	0.828314
87.5	-25	181.621	1005.29	0.819335
90	-25	189.668	1004.48	0.811178
92.5	-25	196.608	1003.81	0.804137
95	-25	202.3	1003.25	0.798355
97.5	-25	207.195	1002.78	0.793379
100	-25	211.066	1002.39	0.789437
102.5	-25	213.307	1002.06	0.787131
105	-25	214.31	1001.78	0.786071
107.5	-25	214.547	1001.55	0.785784
110	-25	213.882	1001.35	0.786405
112.5	-25	212.723	1001.17	0.787527
115	-25	211.844	1001.03	0.788374
117.5	-25	211.257	1000.9	0.788933
120	-25	210.185	1000.79	0.789982
-118.75	-27.5	419.783	1001.16	0.580705
-116.25	-27.5	419.633	1001.33	0.580923
-113.75	-27.5	419.5	1001.51	0.581135
-111.25	-27.5	418.953	1001.73	0.581773
-108.75	-27.5	418.352	1001.99	0.58248
-106.25	-27.5	417.524	1002.29	0.583432
-103.75	-27.5	416.168	1002.65	0.584933
-101.25	-27.5	414.392	1003.08	0.586879
-98.75	-27.5	412.059	1003.58	0.589411
-96.25	-27.5	409.201	1004.18	0.592501
-93.75	-27.5	406.08	1004.89	0.595897
-91.25	-27.5	402.585	1005.75	0.599718
-88.75	-27.5	398.769	1006.79	0.60392
-86.25	-27.5	394.831	1008.04	0.608317
-83.75	-27.5	390.846	1009.55	0.612852
-81.25	-27.5	387.175	1011.39	0.617185
-78.75	-27.5	383.727	1013.62	0.621428
-76.25	-27.5	380.588	1016.32	0.625524
-73.75	-27.5	377.918	1019.6	0.629348
-71.25	-27.5	376.163	1023.56	0.632497
-68.75	-27.5	375.178	1028.31	0.635152
-66.25	-27.5	374.856	1033.93	0.637445
-63.75	-27.5	375.103	1040.44	0.639477
-61.25	-27.5	375.544	1047.76	0.641576
-58.75	-27.5	375.849	1055.6	0.643946
-56.25	-27.5	375.709	1063.31	0.646662
-53.75	-27.5	375.035	1069.82	0.64944
-51.25	-27.5	373.617	1073.46	0.65195
-48.75	-27.5	371.479	1072.07	0.653494
-46.25	-27.5	368.344	1063.2	0.65355
-43.75	-27.5	363.986	1044.51	0.651525
-41.25	-27.5	358.29	1014.27	0.646751
-38.75	-27.5	351.059	971.596	0.638678
-36.25	-27.5	342.588	916.39	0.626154
-33.75	-27.5	333.142	849.05	0.60763
-31.25	-27.5	323.355	770.22	0.580178
-28.75	-27.5	313.722	680.87	0.539234
-26.25	-27.5	304.825	582.825	0.476987
-23.75	-27.5	297.2	479.575	0.380284
-21.25	-27.5	290.85	376.828	0.228162
-18.75	-27.5	285.327	282.115	0.0113879
-16.25	-27.5	280.39	203.066	0.380782
-13.75	-27.5	275.642	144.947	0.901673
-11.25	-27.5	270.691	108.833	1.48721
-8.75	-27.5	265.579	91.5013	1.90246
-6.25	-27.5	259.915	86.9396	1.98961
-3.75	-27.5	253.442	88.5003	1.86375
-1.25	-27.5	246.36	90.7702	1.71411
1.25	-27.5	238.689	90.7702	1.6296
3.75	-27.5	230.831	88.5003	1.60825
6.25	-27.5	222.853	86.9396	1.56331
8.75	-27.5	214.559	91.5013	1.34487
11.25	-27.5	205.944	108.833	0.892291
13.75	-27.5	197.043	144.947	0.359411
16.25	-27.5	188.153	203.066	0.0734367
18.75	-27.5	179.252	282.115	0.364614
21.25	-27.5	170.107	376.828	0.548581
23.75	-27.5	160.652	479.575	0.665013
26.25	-27.5	151.446	582.825	0.740151
28.75	-27.5	142.629	680.87	0.790519
31.25	-27.5	134.283	770.22	0.825656
33.75	-27.5	126.381	849.05	0.85115
36.25	-27.5	119.673	916.39	0.869408
38.75	-27.5	114.211	971.596	0.88245
41.25	-27.5	109.718	1014.27	0.891825
43.75	-27.5	105.808	1044.51	0.8987
46.25	-27.5	102.797	1063.2	0.903313
48.75	-27.5	100.713	1072.07	0.906058
51.25	-27.5	99.7517	1073.46	0.907075
53.75	-27.5	99.3582	1069.82	0.907126
56.25	-27.5	99.6312	1063.31	0.906301
58.75	-27.5	100.44	1055.6	0.90485
61.25	-27.5	101.913	1047.76	0.902733
63.75	-27.5	104.375	1040.44	0.899682
66.25	-27.5	107.564	1033.93	0.895965
68.75	-27.5	111.501	1028.31	0.891568
71.25	-27.5	116.476	1023.56	0.886206
73.75	-27.5	122.872	1019.6	0.879491
76.25	-27.5	130.486	1016.32	0.871609
78.75	-27.5	139.06	1013.62	0.862808
81.25	-27.5	147.848	1011.39	0.853817
83.75	-27.5	157.585	1009.55	0.843906
86.25	-27.5	167.427	1008.04	0.833908
88.75	-27.5	176.839	1006.79	0.824353
91.25	-27.5	185.642	1005.75	0.81542
93.75	-27.5	193.315	1004.89	0.807626
96.25	-27.5	200.049	1004.18	0.800783
98.75	-27.5	205.782	1003.58	0.794951
101.25	-27.5	210.173	1003.08	0.790471
103.75	-27.5	213.025	1002.65	0.787538
106.25	-27.5	214.775	1002.29	0.785717
108.75	-27.5	215.524	1001.99	0.784904
111.25	-27.5	215.35	1001.73	0.785023
113.75	-27.5	215.094	1001.51	0.785231
116.25	-27.5	214.708	1001.33	0.785576
-115	-30	448.922	1001.91	0.551934
-112.5	-30	447.968	1002.19	0.55301
-110	-30	446.782	1002.51	0.554338
-107.5	-30	445.274	1002.89	0.556011
-105	-30	443.262	1003.35	0.558216
-102.5	-30	440.619	1003.88	0.561083
-100	-30	437.749	1004.51	0.564216
-97.5	-30	434.471	1005.26	0.567803
-95	-30	430.597	1006.16	0.572039
-92.5	-30	426.441	1007.24	0.576624
-90	-30	422.045	1008.53	0.581525
-87.5	-30	417.769	1010.09	0.586404
-85	-30	413.488	1011.97	0.591402
-82.5	-30	409.328	1014.23	0.596417
-80	-30	405.654	1016.97	0.601115
-77.5	-30	402.506	1020.26	0.605488
-75	-30	399.945	1024.21	0.609508
-72.5	-30	397.991	1028.9	0.613188
-70	-30	396.718	1034.4	0.616475
-67.5	-30	396.001	1040.72	0.619492
-65	-30	395.846	1047.75	0.622194
-62.5	-30	395.624	1055.18	0.625065
-60	-30	394.79	1062.39	0.628396
-57.5	-30	393.474	1068.35	0.6317
-55	-30	391.56	1071.53	0.634578
-52.5	-30	389.014	1069.97	0.636426
-50	-30	385.598	1061.53	0.636753
-47.5	-30	381.217	1044.27	0.634943
-45	-30	375.727	1016.84	0.630497
-42.5	-30	369.193	978.77	0.622798
-40	-30	361.159	930.261	0.611766
-37.5	-30	351.758	871.898	0.59656
-35	-30	341.709	804.258	0.575125
-32.5	-30	331.659	727.818	0.544311
-30	-30	321.946	643.259	0.499509
-27.5	-30	312.911	552.152	0.433288
-25	-30	305.305	457.771	0.333063
-22.5	-30	299.145	365.55	0.181656
-20	-30	294.163	282.578	0.0409979
-17.5	-30	289.918	215.89	0.342894
-15	-30	285.807	170.142	0.679813
-12.5	-30	281.678	145.931	0.930211
-10	-30	277.435	139.714	0.985731
-7.5	-30	272.564	145.207	0.877079
-5	-30	266.261	155.369	0.713736
-2.5	-30	258.824	164.135	0.576898
0	-30	250.302	167.517	0.494188
2.5	-30	240.937	164.135	0.467919
5	-30	231.109	155.369	0.487487
7.5	-30	220.943	145.207	0.521576
10	-30	210.342	139.714	0.505515
12.5	-30	199.746	145.931	0.368768
15	-30	188.926	170.142	0.110403
17.5	-30	177.976	215.89	0.175617
20	-30	167.092	282.578	0.408686
22.5	-30	156.435	365.55	0.572056
25	-30	146.006	457.771	0.681051
27.5	-30	136.356	552.152	0.753047
30	-30	127.54	643.259	0.801729
32.5	-30	119.607	727.818	0.835664
35	-30	112.749	804.258	0.85981
37.5	-30	107.21	871.898	0.877039
40	-30	102.607	930.261	0.889701
42.5	-30	98.5517	978.77	0.899311
45	-30	95.4512	1016.84	0.90613
47.5	-30	93.2152	1044.27	0.910736
50	-30	91.9342	1061.53	0.913395
52.5	-30	91.3287	1069.97	0.914644
55	-30	91.1876	1071.53	0.9149
57.5	-30	91.6342	1068.35	0.914228
60	-30	92.7164	1062.39	0.912729
62.5	-30	94.4802	1055.18	0.910461
65	-30	97.1762	1047.75	0.907252
67.5	-30	100.479	1040.72	0.903452
70	-30	104.693	1034.4	0.898789
72.5	-30	109.986	1028.9	0.893103
75	-30	116.354	1024.21	0.886396
77.5	-30	124.085	1020.26	0.878379
80	-30	132.778	1016.97	0.869438
82.5	-30	141.781	1014.23	0.860209
85	-30	151.709	1011.97	0.850086
87.5	-30	161.863	1010.09	0.839754
90	-30	171.806	1008.53	0.829648
92.5	-30	181.031	1007.24	0.82027
95	-30	189.405	1006.16	0.811755
97.5	-30	196.755	1005.26	0.804275
100	-30	202.871	1004.51	0.79804
102.5	-30	207.807	1003.88	0.792996
105	-30	211.467	1003.35	0.789238
107.5	-30	213.801	1002.89	0.786817
110	-30	215.17	1002.51	0.785369
112.5	-30	216.13	1002.19	0.784342
-111.25	-32.5	473.731	1003.12	0.527741
-108.75	-32.5	471.457	1003.59	0.530229
-106.25	-32.5	468.677	1004.15	0.533258
-103.75	-32.5	465.36	1004.8	0.536865
-101.25	-32.5	461.674	1005.59	0.54089
-98.75	-32.5	457.808	1006.52	0.545156
-96.25	-32.5	453.553	1007.62	0.549879
-93.75	-32.5	448.818	1008.95	0.555163
-91.25	-32.5	443.885	1010.54	0.560743
-88.75	-32.5	439.159	1012.44	0.566238
-86.25	-32.5	434.66	1014.73	0.571649
-83.75	-32.5	430.412	1017.47	0.576977
-81.25	-32.5	426.526	1020.75	0.582144
-78.75	-32.5	423.348	1024.65	0.586837
-76.25	-32.5	420.89	1029.26	0.591074
-73.75	-32.5	419.031	1034.62	0.594989
-71.25	-32.5	417.498	1040.72	0.598836
-68.75	-32.5	416.27	1047.44	0.602584
-66.25	-32.5	415.218	1054.47	0.60623
-63.75	-32.5	414.097	1061.2	0.609783
-61.25	-32.5	412.339	1066.64	0.61342
-58.75	-32.5	409.757	1069.38	0.616827
-56.25	-32.5	406.635	1067.65	0.619133
-53.75	-32.5	402.908	1059.58	0.619746
-51.25	-32.5	398.452	1043.52	0.618164
-48.75	-32.5	392.991	1018.47	0.614137
-46.25	-32.5	386.422	984.258	0.607398
-43.75	-32.5	378.738	941.357	0.597668
-41.25	-32.5	369.872	890.532	0.584662
-38.75	-32.5	359.843	832.424	0.567717
-36.25	-32.5	349.045	767.337	0.545122
-33.75	-32.5	338.498	695.38	0.513219
-31.25	-32.5	328.585	616.945	0.4674
-28.75	-32.5	319.502	533.447	0.401062
-26.25	-32.5	311.802	448.07	0.304124
-23.75	-32.5	305.674	366.091	0.165032
-21.25	-32.5	300.815	294.275	0.0222229
-18.75	-32.5	296.968	239.19	0.241556
-16.25	-32.5	293.434	205.013	0.431294
-13.75	-32.5	289.828	191.987	0.50962
-11.25	-32.5	286.157	196.376	0.457189
-8.75	-32.5	281.819	211.782	0.330704
-6.25	-32.5	276.067	231.014	0.195022
-3.75	-32.5	268.74	247.686	0.0849997
-1.25	-32.5	259.891	257.204	0.0104462
1.25	-32.5	249.696	257.204	0.0291915
3.75	-32.5	238.529	247.686	0.036973
6.25	-32.5	226.879	231.014	0.0178999
8.75	-32.5	214.876	211.782	0.0146113
11.25	-32.5	202.675	196.376	0.0320769
13.75	-32.5	190.448	191.987	0.00801572
16.25	-32.5	178.003	205.013	0.131748
18.75	-32.5	165.604	239.19	0.307646
21.25	-32.5	153.718	294.275	0.47764
23.75	-32.5	142.442	366.091	0.610911
26.25	-32.5	131.853	448.07	0.705732
28.75	-32.5	122.386	533.447	0.770574
31.25	-32.5	114.086	616.945	0.815079
33.75	-32.5	107.196	695.38	0.845846
36.25	-32.5	101.542	767.337	0.86767
38.75	-32.5	96.9227	832.424	0.883566
41.25	-32.5	92.889	890.532	0.895693
43.75	-32.5	89.7343	941.357	0.904676
46.25	-32.5	87.4444	984.258	0.911157
48.75	-32.5	86.0349	1018.47	0.915525
51.25	-32.5	85.1983	1043.52	0.918355
53.75	-32.5	84.874	1059.58	0.919898
56.25	-32.5	84.9318	1067.65	0.92045
58.75	-32.5	85.6078	1069.38	0.919946
61.25	-32.5	86.8873	1066.64	0.918541
63.75	-32.5	88.7981	1061.2	0.916323
66.25	-32.5	91.4939	1054.47	0.913232
68.75	-32.5	94.9224	1047.44	0.909377
71.25	-32.5	99.2687	1040.72	0.904615
73.75	-32.5	104.426	1034.62	0.899068
76.25	-32.5	110.775	1029.26	0.892374
78.75	-32.5	118.387	1024.65	0.884461
81.25	-32.5	127.019	1020.75	0.875563
83.75	-32.5	136.072	1017.47	0.866264
86.25	-32.5	146.08	1014.73	0.85604
88.75	-32.5	156.414	1012.44	0.845508
91.25	-32.5	166.453	1010.54	0.835283
93.75	-32.5	176.099	1008.95	0.825463
96.25	-32.5	184.896	1007.62	0.816503
98.75	-32.5	192.501	1006.52	0.808745
101.25	-32.5	198.966	1005.59	0.802139
103.75	-32.5	204.478	1004.8	0.7965
106.25	-32.5	208.664	1004.15	0.792198
108.75	-32.5	211.7	1003.59	0.789057
-107.5	-35	492.898	1005.06	0.509586
-105	-35	488.826	1005.87	0.514026
-102.5	-35	484.467	1006.82	0.518815
-100	-35	479.829	1007.95	0.523956
-97.5	-35	475.157	1009.3	0.52922
-95	-35	470.165	1010.9	0.534906
-92.5	-35	464.814	1012.82	0.54107
-90	-35	459.702	1015.11	0.547141
-87.5	-35	454.914	1017.84	0.553059
-85	-35	450.679	1021.09	0.558629
-82.5	-35	446.888	1024.93	0.563982
-80	-35	443.632	1029.43	0.569052
-77.5	-35	441.172	1034.63	0.573596
-75	-35	439.277	1040.51	0.577825
-72.5	-35	437.519	1046.92	0.58209
-70	-35	435.553	1053.55	0.586587
-67.5	-35	433.581	1059.82	0.590891
-65	-35	431.398	1064.78	0.594846
-62.5	-35	428.589	1067.12	0.598367
-60	-35	425.022	1065.24	0.601006
-57.5	-35	420.766	1057.46	0.602099
-55	-35	415.995	1042.43	0.600937
-52.5	-35	410.544	1019.4	0.59727
-50	-35	404.151	988.434	0.59112
-47.5	-35	396.527	950.211	0.582696
-45	-35	387.848	905.658	0.571749
-42.5	-35	378.037	855.509	0.558114
-40	-35	367.273	800.057	0.540942
-37.5	-35	355.901	739.18	0.518519
-35	-35	344.724	672.65	0.487513
-32.5	-35	334.411	600.699	0.443296
-30	-35	325.195	524.722	0.380253
-27.5	-35	317.405	447.915	0.291371
-25	-35	311.088	375.471	0.171474
-22.5	-35	306.123	313.903	0.0247829
-20	-35	302.254	269.384	0.122019
-17.5	-35	298.882	245.691	0.216496
-15	-35	295.498	242.786	0.217113
-12.5	-35	291.961	256.812	0.136867
-10	-35	287.873	281.365	0.0231314
-7.5	-35	282.454	309.266	0.0866969
-5	-35	275.541	334.062	0.175179
-2.5	-35	266.787	350.894	0.239692
0	-35	256.425	356.829	0.281376
2.5	-35	244.739	350.894	0.302526
5	-35	232.124	334.062	0.305146
7.5	-35	218.96	309.266	0.292002
10	-35	205.63	281.365	0.26917
12.5	-35	192.188	256.812	0.251639
15	-35	178.748	242.786	0.263762
17.5	-35	165.322	245.691	0.327113
20	-35	152.398	269.384	0.434273
22.5	-35	140.324	313.903	0.552969
25	-35	129.24	375.471	0.655793
27.5	-35	119.151	447.915	0.733988
30	-35	110.387	524.722	0.789628
32.5	-35	103.181	600.699	0.828232
35	-35	97.44	672.65	0.85514
37.5	-35	92.71	739.18	0.874577
40	-35	88.7007	800.057	0.889132
42.5	-35	85.5614	855.509	0.899988
45	-35	83.2328	905.658	0.908097
47.5	-35	81.7566	950.211	0.91396
50	-35	80.8094	988.434	0.918245
52.5	-35	80.2863	1019.4	0.921242
55	-35	80.1747	1042.43	0.923089
57.5	-35	80.4442	1057.46	0.923927
60	-35	81.253	1065.24	0.923723
62.5	-35	82.6158	1067.12	0.92258
65	-35	84.4952	1064.78	0.920645
67.5	-35	87.1916	1059.82	0.91773
70	-35	90.6277	1053.55	0.913979
72.5	-35	94.7666	1046.92	0.909481
75	-35	99.7861	1040.51	0.904099
77.5	-35	105.934	1034.63	0.897612
80	-35	113.387	1029.43	0.889855
82.5	-35	121.89	1024.93	0.881075
85	-35	130.84	1021.09	0.871862
87.5	-35	140.764	1017.84	0.861703
90	-35	150.971	1015.11	0.851277
92.5	-35	161.184	1012.82	0.840857
95	-35	171.001	1010.9	0.830843
97.5	-35	179.861	1009.3	0.821796
100	-35	187.668	1007.95	0.813812
102.5	-35	194.554	1006.82	0.806764
105	-35	200.371	1005.87	0.800798
-103.75	-37.5	506.463	1008.23	0.49767
-101.25	-37.5	501.281	1009.59	0.503479
-98.75	-37.5	496.005	1011.2	0.509489
-96.25	-37.5	490.712	1013.12	0.515643
-93.75	-37.5	485.266	1015.4	0.522094
-91.25	-37.5	479.909	1018.11	0.528627
-88.75	-37.5	474.978	1021.31	0.534933
-86.25	-37.5	470.644	1025.08	0.540869
-83.75	-37.5	466.92	1029.46	0.546443
-81.25	-37.5	463.762	1034.5	0.551702
-78.75	-37.5	461.083	1040.14	0.556711
-76.25	-37.5	458.865	1046.25	0.561419
-73.75	-37.5	456.608	1052.5	0.566169
-71.25	-37.5	453.981	1058.33	0.571041
-68.75	-37.5	451.055	1062.84	0.575615
-66.25	-37.5	447.82	1064.82	0.579441
-63.75	-37.5	443.979	1062.8	0.582254
-61.25	-37.5	439.564	1055.29	0.583465
-58.75	-37.5	434.463	1041.14	0.582704
-56.25	-37.5	428.705	1019.83	0.57963
-53.75	-37.5	422.348	991.599	0.574073
-51.25	-37.5	415.02	957.287	0.566462
-48.75	-37.5	406.545	917.935	0.557109
-46.25	-37.5	396.944	874.372	0.546023
-43.75	-37.5	386.248	826.941	0.53292
-41.25	-37.5	374.662	775.465	0.516855
-38.75	-37.5	362.689	719.451	0.49588
-36.25	-37.5	351.01	658.485	0.466942
-33.75	-37.5	340.133	592.784	0.426211
-31.25	-37.5	330.553	523.826	0.368964
-28.75	-37.5	322.569	454.879	0.290869
-26.25	-37.5	316.03	391.085	0.191915
-23.75	-37.5	310.705	338.733	0.0827417
-21.25	-37.5	306.482	303.644	0.00934519
-18.75	-37.5	302.753	289.239	0.0467208
-16.25	-37.5	299.144	295.241	0.0132203
-13.75	-37.5	295.439	317.712	0.0701026
-11.25	-37.5	291.184	350.303	0.168764
-8.75	-37.5	285.85	385.953	0.259367
-6.25	-37.5	279.178	418.308	0.332601
-3.75	-37.5	270.879	442.494	0.387836
-1.25	-37.5	260.82	455.351	0.427212
1.25	-37.5	249.25	455.351	0.452621
3.75	-37.5	236.386	442.494	0.465788
6.25	-37.5	222.54	418.308	0.467998
8.75	-37.5	208.339	385.953	0.460197
11.25	-37.5	194.08	350.303	0.445965
13.75	-37.5	179.819	317.712	0.434018
16.25	-37.5	165.779	295.241	0.438497
18.75	-37.5	152.207	289.239	0.473767
21.25	-37.5	139.47	303.644	0.540678
23.75	-37.5	127.93	338.733	0.622328
26.25	-37.5	117.626	391.085	0.699232
28.75	-37.5	108.513	454.879	0.761446
31.25	-37.5	101.01	523.826	0.807169
33.75	-37.5	95.018	592.784	0.839709
36.25	-37.5	90.1921	658.485	0.863031
38.75	-37.5	86.0686	719.451	0.880369
41.25	-37.5	82.8936	775.465	0.893105
43.75	-37.5	80.527	826.941	0.902621
46.25	-37.5	78.9598	874.372	0.909695
48.75	-37.5	77.9309	917.935	0.915102
51.25	-37.5	77.2914	957.287	0.91926
53.75	-37.5	76.9721	991.599	0.922376
56.25	-37.5	77.0323	1019.83	0.924465
58.75	-37.5	77.426	1041.14	0.925633
61.25	-37.5	78.2754	1055.29	0.925826
63.75	-37.5	79.5519	1062.8	0.925148
66.25	-37.5	81.3853	1064.82	0.923569
68.75	-37.5	84.0084	1062.84	0.920959
71.25	-37.5	87.1801	1058.33	0.917625
73.75	-37.5	91.1156	1052.5	0.91343
76.25	-37.5	95.9172	1046.25	0.908323
78.75	-37.5	101.868	1040.14	0.902063
81.25	-37.5	109.066	1034.5	0.894571
83.75	-37.5	117.295	1029.46	0.886061
86.25	-37.5	126.061	1025.08	0.877023
88.75	-37.5	135.73	1021.31	0.867102
91.25	-37.5	145.91	1018.11	0.856685
93.75	-37.5	156.071	1015.4	0.846296
96.25	-37.5	165.768	1013.12	0.836378
98.75	-37.5	174.65	1011.2	0.827285
101.25	-37.5	182.672	1009.59	0.819063
-100	-40	516.788	1013.35	0.49002
-97.5	-40	511.038	1015.61	0.496818
-95	-40	505.476	1018.29	0.503601
-92.5	-40	500.199	1021.43	0.510296
-90	-40	495.214	1025.11	0.516919
-87.5	-40	490.805	1029.38	0.523202
-85	-40	486.994	1034.24	0.529129
-82.5	-40	483.745	1039.66	0.534706
-80	-40	480.78	1045.47	0.54013
-77.5	-40	477.872	1051.36	0.545475
-75	-40	474.864	1056.79	0.550652
-72.5	-40	471.533	1060.89	0.555531
-70	-40	467.833	1062.54	0.559702
-67.5	-40	463.644	1060.38	0.562758
-65	-40	458.924	1053.11	0.564219
-62.5	-40	453.65	1039.73	0.563683
-60	-40	447.889	1019.89	0.560846
-57.5	-40	441.47	993.988	0.55586
-55	-40	434.166	962.959	0.549133
-52.5	-40	425.973	927.931	0.540943
-50	-40	416.709	889.804	0.531685
-47.5	-40	406.359	848.985	0.521359
-45	-40	394.836	805.328	0.50972
-42.5	-40	382.465	758.265	0.495605
-40	-40	369.784	707.091	0.477034
-37.5	-40	357.614	651.358	0.450971
-35	-40	346.309	591.377	0.414403
-32.5	-40	336.148	528.766	0.364278
-30	-40	327.677	466.881	0.298156
-27.5	-40	320.789	410.816	0.219143
-25	-40	315.022	366.644	0.140797
-22.5	-40	310.128	339.858	0.0874781
-20	-40	305.672	333.549	0.0835761
-17.5	-40	301.365	347.221	0.132067
-15	-40	297.141	376.882	0.21158
-12.5	-40	292.524	416.27	0.297273
-10	-40	286.906	458.5	0.374251
-7.5	-40	280.289	497.414	0.436508
-5	-40	272.365	528.287	0.484437
-2.5	-40	262.973	547.968	0.520094
0	-40	251.884	554.713	0.545921
2.5	-40	239.276	547.968	0.56334
5	-40	225.407	528.287	0.573325
7.5	-40	210.826	497.414	0.576156
10	-40	196.026	458.5	0.572462
12.5	-40	181.235	416.27	0.564623
15	-40	166.66	376.882	0.557793
17.5	-40	152.739	347.221	0.560112
20	-40	139.648	333.549	0.581326
22.5	-40	127.742	339.858	0.624131
25	-40	117.226	366.644	0.680272
27.5	-40	108.096	410.816	0.736875
30	-40	100.444	466.881	0.784862
32.5	-40	94.3089	528.766	0.821643
35	-40	89.3386	591.377	0.848931
37.5	-40	85.1594	651.358	0.869259
40	-40	81.8416	707.091	0.884256
42.5	-40	79.3616	758.265	0.895338
45	-40	77.6574	805.328	0.90357
47.5	-40	76.4809	848.985	0.909915
50	-40	75.7065	889.804	0.914918
52.5	-40	75.2314	927.931	0.918926
55	-40	75.0536	962.959	0.922059
57.5	-40	75.1884	993.988	0.924357
60	-40	75.5863	1019.89	0.925888
62.5	-40	76.3329	1039.73	0.926584
65	-40	77.5207	1053.11	0.926389
67.5	-40	79.233	1060.38	0.925279
70	-40	81.5669	1062.54	0.923234
72.5	-40	84.5236	1060.89	0.920328
75	-40	88.2248	1056.79	0.916516
77.5	-40	92.7768	1051.36	0.911756
80	-40	98.4272	1045.47	0.905854
82.5	-40	105.299	1039.66	0.898718
85	-40	113.241	1034.24	0.890508
87.5	-40	121.71	1029.38	0.881763
90	-40	131.217	1025.11	0.871998
92.5	-40	141.206	1021.43	0.861757
95	-40	151.122	1018.29	0.851592
97.5	-40	160.648	1015.61	0.841821
-96.25	-42.5	525.981	1021.47	0.485077
-93.75	-42.5	520.713	1025.07	0.49202
-91.25	-42.5	515.862	1029.2	0.498776
-88.75	-42.5	511.362	1033.9	0.505402
-86.25	-42.5	507.33	1039.09	0.511753
-83.75	-42.5	503.627	1044.62	0.517884
-81.25	-42.5	500.087	1050.17	0.523806
-78.75	-42.5	496.467	1055.22	0.529513
-76.25	-42.5	492.541	1058.95	0.534879
-73.75	-42.5	488.367	1060.3	0.539407
-71.25	-42.5	483.95	1058.04	0.542596
-68.75	-42.5	479.139	1050.96	0.544096
-66.25	-42.5	473.663	1038.26	0.543791
-63.75	-42.5	467.694	1019.7	0.541342
-61.25	-42.5	461.237	995.786	0.536811
-58.75	-42.5	454.185	967.529	0.530572
-56.25	-42.5	446.282	936.11	0.523259
-53.75	-42.5	437.327	902.477	0.515414
-51.25	-42.5	427.285	867.095	0.507222
-48.75	-42.5	416.174	829.872	0.498508
-46.25	-42.5	403.986	790.265	0.488797
-43.75	-42.5	390.908	747.477	0.47703
-41.25	-42.5	377.567	700.747	0.461193
-38.75	-42.5	364.764	649.705	0.43857
-36.25	-42.5	352.969	594.815	0.40659
-33.75	-42.5	342.34	537.848	0.363501
-31.25	-42.5	333.199	482.241	0.30906
-28.75	-42.5	325.611	433.026	0.248057
-26.25	-42.5	319.168	396.061	0.194144
-23.75	-42.5	313.479	376.518	0.167426
-21.25	-42.5	308.065	377.179	0.183238
-18.75	-42.5	302.81	397.345	0.237917
-16.25	-42.5	297.714	432.981	0.312409
-13.75	-42.5	292.448	477.928	0.388091
-11.25	-42.5	286.46	525.504	0.454885
-8.75	-42.5	279.69	569.8	0.509143
-6.25	-42.5	271.993	606.326	0.551408
-3.75	-42.5	263.069	632.089	0.58381
-1.25	-42.5	252.717	645.357	0.608408
1.25	-42.5	240.752	645.357	0.626947
3.75	-42.5	227.338	632.089	0.640339
6.25	-42.5	212.939	606.326	0.648804
8.75	-42.5	197.985	569.8	0.652536
11.25	-42.5	182.897	525.504	0.651958
13.75	-42.5	168.018	477.928	0.648445
16.25	-42.5	153.768	432.981	0.644862
18.75	-42.5	140.509	397.345	0.64638
21.25	-42.5	128.447	377.179	0.659452
23.75	-42.5	117.782	376.518	0.68718
26.25	-42.5	108.634	396.061	0.725714
28.75	-42.5	101.09	433.026	0.76655
31.25	-42.5	94.9386	482.241	0.80313
33.75	-42.5	89.9581	537.848	0.832744
36.25	-42.5	85.7648	594.815	0.855813
38.75	-42.5	82.4387	649.705	0.873114
41.25	-42.5	79.815	700.747	0.8861
43.75	-42.5	77.9266	747.477	0.895747
46.25	-42.5	76.5344	790.265	0.903153
48.75	-42.5	75.529	829.872	0.908987
51.25	-42.5	74.8468	867.095	0.913681
53.75	-42.5	74.4424	902.477	0.917513
56.25	-42.5	74.279	936.11	0.920651
58.75	-42.5	74.3648	967.529	0.923139
61.25	-42.5	74.6395	995.786	0.925045
63.75	-42.5	75.2576	1019.7	0.926196
66.25	-42.5	76.2985	1038.26	0.926513
68.75	-42.5	77.749	1050.96	0.926021
71.25	-42.5	79.8497	1058.04	0.92453
73.75	-42.5	82.5385	1060.3	0.922156
76.25	-42.5	85.9584	1058.95	0.918827
78.75	-42.5	90.2104	1055.22	0.91451
81.25	-42.5	95.5348	1050.17	0.90903
83.75	-42.5	102.089	1044.62	0.902271
86.25	-42.5	109.663	1039.09	0.894462
88.75	-42.5	117.916	1033.9	0.88595
91.25	-42.5	127.162	1029.2	0.876446
93.75	-42.5	136.808	1025.07	0.866537
-92.5	-45	536.914	1033.48	0.480481
-90	-45	532.33	1038.46	0.487384
-87.5	-45	527.844	1043.72	0.494266
-85	-45	523.419	1048.96	0.501011
-82.5	-45	519.025	1053.66	0.507407
-80	-45	514.602	1057.05	0.513172
-77.5	-45	509.879	1058.13	0.518134
-75	-45	504.816	1055.77	0.52185
-72.5	-45	499.678	1048.89	0.523611
-70	-45	494.313	1036.78	0.52322
-67.5	-45	488.379	1019.33	0.520884
-65	-45	481.827	997.131	0.516786
-62.5	-45	474.743	971.232	0.511196
-60	-45	467.047	942.844	0.50464
-57.5	-45	458.63	912.943	0.497636
-55	-45	449.139	882.034	0.490792
-52.5	-45	438.402	850.088	0.484286
-50	-45	426.618	816.617	0.477579
-47.5	-45	413.743	780.841	0.470132
-45	-45	400.065	741.892	0.46075
-42.5	-45	386.108	699.062	0.447678
-40	-45	372.692	652.12	0.428492
-37.5	-45	360.256	601.7	0.40127
-35	-45	349.053	549.719	0.365033
-32.5	-45	339.263	499.668	0.321023
-30	-45	330.752	456.502	0.275464
-27.5	-45	323.306	425.855	0.240808
-25	-45	316.637	412.593	0.232566
-22.5	-45	310.201	419.197	0.260012
-20	-45	303.871	444.782	0.31681
-17.5	-45	297.752	485.276	0.386428
-15	-45	291.633	534.628	0.454512
-12.5	-45	285.131	586.37	0.513736
-10	-45	278.159	634.86	0.561857
-7.5	-45	270.426	675.883	0.599892
-5	-45	261.811	706.681	0.62952
-2.5	-45	252.034	725.667	0.652687
0	-45	240.907	732.072	0.670924
2.5	-45	228.286	725.667	0.685412
5	-45	214.485	706.681	0.69649
7.5	-45	199.841	675.883	0.704326
10	-45	184.734	634.86	0.709016
12.5	-45	169.708	586.37	0.710579
15	-45	155.313	534.628	0.709493
17.5	-45	141.888	485.276	0.707614
20	-45	129.786	444.782	0.708203
22.5	-45	119.108	419.197	0.715866
25	-45	109.963	412.593	0.733483
27.5	-45	102.517	425.855	0.759268
30	-45	96.5573	456.502	0.788485
32.5	-45	91.6627	499.668	0.816553
35	-45	87.5695	549.719	0.840701
37.5	-45	84.3112	601.7	0.859878
40	-45	81.7349	652.12	0.874663
42.5	-45	79.7323	699.062	0.885944
45	-45	78.1463	741.892	0.894666
47.5	-45	76.8733	780.841	0.901551
50	-45	75.8805	816.617	0.907079
52.5	-45	75.1666	850.088	0.911578
55	-45	74.6867	882.034	0.915324
57.5	-45	74.409	912.943	0.918495
60	-45	74.317	942.844	0.921178
62.5	-45	74.4326	971.232	0.923363
65	-45	74.8906	997.131	0.924894
67.5	-45	75.6747	1019.33	0.925761
70	-45	76.8836	1036.78	0.925844
72.5	-45	78.6949	1048.89	0.924973
75	-45	81.0945	1055.77	0.923189
77.5	-45	84.2138	1058.13	0.920413
80	-45	88.1558	1057.05	0.916602
82.5	-45	93.1672	1053.66	0.911577
85	-45	99.3447	1048.96	0.905292
87.5	-45	106.642	1043.72	0.897825
90	-45	114.597	1038.46	0.889647
-88.75	-47.5	548.372	1047.74	0.476614
-86.25	-47.5	543.063	1052.12	0.483838
-83.75	-47.5	537.745	1055.2	0.490386
-81.25	-47.5	532.378	1056.05	0.495877
-78.75	-47.5	526.887	1053.6	0.499916
-76.25	-47.5	521.171	1046.89	0.50217
-73.75	-47.5	515.323	1035.31	0.502252
-71.25	-47.5	509.408	1018.85	0.500015
-68.75	-47.5	503.045	998.131	0.496013
-66.25	-47.5	496.088	974.253	0.490801
-63.75	-47.5	488.472	948.428	0.484967
-61.25	-47.5	480.272	921.643	0.478895
-58.75	-47.5	471.293	894.43	0.47308
-56.25	-47.5	461.308	866.81	0.467809
-53.75	-47.5	450.089	838.364	0.463134
-51.25	-47.5	437.663	808.37	0.458586
-48.75	-47.5	424.193	775.965	0.453334
-46.25	-47.5	409.933	740.314	0.446271
-43.75	-47.5	395.404	700.826	0.435803
-41.25	-47.5	381.347	657.43	0.419943
-38.75	-47.5	368.254	610.922	0.397216
-36.25	-47.5	356.297	563.338	0.367525
-33.75	-47.5	345.694	518.203	0.332898
-31.25	-47.5	336.228	480.372	0.300067
-28.75	-47.5	327.603	455.253	0.280394
-26.25	-47.5	319.752	447.411	0.285327
-23.75	-47.5	312.241	459.046	0.319805
-21.25	-47.5	304.825	489.094	0.376756
-18.75	-47.5	297.649	533.453	0.442034
-16.25	-47.5	290.656	586.181	0.504153
-13.75	-47.5	283.517	641.024	0.557712
-11.25	-47.5	276.168	692.608	0.601264
-8.75	-47.5	268.326	736.999	0.635921
-6.25	-47.5	259.803	771.705	0.663339
-3.75	-47.5	250.454	795.352	0.685103
-1.25	-47.5	240.031	807.294	0.702672
1.25	-47.5	228.331	807.294	0.717165
3.75	-47.5	215.366	795.352	0.72922
6.25	-47.5	201.358	771.705	0.739074
8.75	-47.5	186.624	736.999	0.746778
11.25	-47.5	171.674	692.608	0.752134
13.75	-47.5	157.224	641.024	0.75473
16.25	-47.5	143.756	586.181	0.754758
18.75	-47.5	131.622	533.453	0.753264
21.25	-47.5	121.015	489.094	0.752572
23.75	-47.5	111.95	459.046	0.756124
26.25	-47.5	104.591	447.411	0.766231
28.75	-47.5	98.7932	455.253	0.782993
31.25	-47.5	94.1473	480.372	0.804012
33.75	-47.5	90.2263	518.203	0.825886
36.25	-47.5	87.1244	563.338	0.845343
38.75	-47.5	84.665	610.922	0.861414
41.25	-47.5	82.7461	657.43	0.874137
43.75	-47.5	81.1129	700.826	0.884261
46.25	-47.5	79.6836	740.314	0.892365
48.75	-47.5	78.409	775.965	0.898953
51.25	-47.5	77.3232	808.37	0.904347
53.75	-47.5	76.4488	838.364	0.908812
56.25	-47.5	75.7594	866.81	0.9126
58.75	-47.5	75.2391	894.43	0.91588
61.25	-47.5	74.9421	921.643	0.918686
63.75	-47.5	74.8678	948.428	0.921061
66.25	-47.5	75.0446	974.253	0.922972
68.75	-47.5	75.5633	998.131	0.924295
71.25	-47.5	76.4924	1018.85	0.924923
73.75	-47.5	78.0147	1035.31	0.924646
76.25	-47.5	80.1188	1046.89	0.923469
78.75	-47.5	82.9277	1053.6	0.921291
81.25	-47.5	86.5693	1056.05	0.918025
83.75	-47.5	91.2332	1055.2	0.91354
86.25	-47.5	97.1129	1052.12	0.907698
-85	-50	556.293	1054.05	0.472232
-82.5	-50	550.022	1051.53	0.47693
-80	-50	543.755	1044.97	0.479648
-77.5	-50	537.436	1033.88	0.480174
-75	-50	531.108	1018.28	0.478428
-72.5	-50	524.621	998.867	0.474784
-70	-50	517.775	976.733	0.469891
-67.5	-50	510.443	953.092	0.464434
-65	-50	502.502	928.927	0.459051
-62.5	-50	493.836	904.783	0.454194
-60	-50	484.364	880.721	0.450037
-57.5	-50	473.87	856.387	0.446664
-55	-50	462.206	831.13	0.443882
-52.5	-50	449.321	804.14	0.44124
-50	-50	435.268	774.573	0.438054
-47.5	-50	420.432	741.691	0.433144
-45	-50	405.322	705.041	0.425109
-42.5	-50	390.679	664.708	0.412255
-40	-50	376.835	621.628	0.393794
-37.5	-50	364.006	577.935	0.37016
-35	-50	352.392	537.155	0.343967
-32.5	-50	341.879	504.032	0.321713
-30	-50	332.132	483.745	0.313414
-27.5	-50	323.013	480.567	0.327849
-25	-50	314.287	496.431	0.366907
-22.5	-50	305.855	530.108	0.423032
-20	-50	297.748	577.47	0.484393
-17.5	-50	289.894	632.686	0.541805
-15	-50	282.03	689.706	0.591086
-12.5	-50	274.17	743.417	0.631203
-10	-50	266.105	790.16	0.663226
-7.5	-50	257.618	827.706	0.688757
-5	-50	248.507	854.914	0.709319
-2.5	-50	238.615	871.322	0.726146
0	-50	227.664	876.797	0.740346
2.5	-50	215.617	871.322	0.75254
5	-50	202.431	854.914	0.763215
7.5	-50	188.322	827.706	0.772478
10	-50	173.76	790.16	0.780096
12.5	-50	159.449	743.417	0.785519
15	-50	146.017	689.706	0.788292
17.5	-50	133.922	632.686	0.788328
20	-50	123.365	577.47	0.786369
22.5	-50	114.448	530.108	0.784104
25	-50	107.229	496.431	0.784
27.5	-50	101.559	480.567	0.788667
30	-50	97.1105	483.745	0.799253
32.5	-50	93.4717	504.032	0.814552
35	-50	90.5765	537.155	0.831377
37.5	-50	88.305	577.935	0.847206
40	-50	86.5282	621.628	0.860804
42.5	-50	85.014	664.708	0.872103
45	-50	83.5839	705.041	0.881448
47.5	-50	82.2049	741.691	0.889166
50	-50	80.8764	774.573	0.895586
52.5	-50	79.6194	804.14	0.900988
55	-50	78.4882	831.13	0.905564
57.5	-50	77.507	856.387	0.909495
60	-50	76.7196	880.721	0.91289
62.5	-50	76.1544	904.783	0.915831
65	-50	75.7591	928.927	0.918444
67.5	-50	75.6471	953.092	0.92063
70	-50	75.8743	976.733	0.922318
72.5	-50	76.5199	998.867	0.923393
75	-50	77.7421	1018.28	0.923654
77.5	-50	79.5437	1033.88	0.923063
80	-50	82.0611	1044.97	0.921471
82.5	-50	85.3692	1051.53	0.918814
-81.25	-52.5	560.698	1032.49	0.456946
-78.75	-52.5	553.772	1017.67	0.455845
-76.25	-52.5	546.98	999.402	0.452692
-73.75	-52.5	540.056	978.785	0.448238
-71.25	-52.5	532.715	957.018	0.443359
-68.75	-52.5	525.003	935.07	0.438542
-66.25	-52.5	516.744	913.492	0.43432
-63.75	-52.5	507.753	892.371	0.431007
-61.25	-52.5	497.824	871.407	0.428713
-58.75	-52.5	486.87	850.021	0.427225
-56.25	-52.5	474.717	827.474	0.426306
-53.75	-52.5	461.407	802.968	0.425374
-51.25	-52.5	446.895	775.736	0.423909
-48.75	-52.5	431.449	745.159	0.420997
-46.25	-52.5	415.732	710.921	0.415221
-43.75	-52.5	400.405	673.245	0.405262
-41.25	-52.5	385.795	633.188	0.39071
-38.75	-52.5	372.019	592.95	0.372597
-36.25	-52.5	359.321	556.041	0.353786
-33.75	-52.5	347.638	527.078	0.340443
-31.25	-52.5	336.769	511.012	0.340976
-28.75	-52.5	326.51	511.84	0.362085
-26.25	-52.5	316.597	531.239	0.404039
-23.75	-52.5	307.12	567.827	0.459132
-21.25	-52.5	298.188	617.46	0.517073
-18.75	-52.5	289.556	674.411	0.570654
-16.25	-52.5	280.982	732.832	0.61658
-13.75	-52.5	272.557	787.853	0.654051
-11.25	-52.5	264.133	836.075	0.684079
-8.75	-52.5	255.584	875.518	0.708077
-6.25	-52.5	246.637	905.268	0.727554
-3.75	-52.5	237.061	925.06	0.743735
-1.25	-52.5	226.665	934.92	0.757557
1.25	-52.5	215.35	934.92	0.76966
3.75	-52.5	203.033	925.06	0.780519
6.25	-52.5	189.709	905.268	0.790439
8.75	-52.5	175.753	875.518	0.799258
11.25	-52.5	161.84	836.075	0.806429
13.75	-52.5	148.598	787.853	0.811388
16.25	-52.5	136.606	732.832	0.813592
18.75	-52.5	126.155	674.411	0.81294
21.25	-52.5	117.344	617.46	0.809957
23.75	-52.5	110.298	567.827	0.805755
26.25	-52.5	104.799	531.239	0.802727
28.75	-52.5	100.51	511.84	0.803629
31.25	-52.5	97.083	511.012	0.810018
33.75	-52.5	94.4595	527.078	0.820786
36.25	-52.5	92.4029	556.041	0.83382
38.75	-52.5	90.8194	592.95	0.846835
41.25	-52.5	89.4628	633.188	0.858711
43.75	-52.5	88.1635	673.245	0.869047
46.25	-52.5	86.8186	710.921	0.877879
48.75	-52.5	85.4254	745.159	0.885359
51.25	-52.5	83.9881	775.736	0.891731
53.75	-52.5	82.544	802.968	0.897201
56.25	-52.5	81.1468	827.474	0.901934
58.75	-52.5	79.8572	850.021	0.906053
61.25	-52.5	78.7423	871.407	0.909638
63.75	-52.5	77.8071	892.371	0.912809
66.25	-52.5	77.0784	913.492	0.915622
68.75	-52.5	76.6464	935.07	0.918031
71.25	-52.5	76.5661	957.018	0.919995
73.75	-52.5	76.9089	978.785	0.921424
76.25	-52.5	77.8278	999.402	0.922126
78.75	-52.5	79.3339	1017.67	0.922044
-77.5	-55	563	980.495	0.4258
-75	-55	555.653	960.347	0.421404
-72.5	-55	547.984	940.291	0.417219
-70	-55	539.838	920.872	0.413775
-67.5	-55	531.216	902.196	0.411196
-65	-55	521.909	884.005	0.409609
-62.5	-55	511.666	865.785	0.409015
-60	-55	500.262	846.871	0.409282
-57.5	-55	487.642	826.53	0.410013
-55	-55	473.819	804.028	0.410694
-52.5	-55	458.817	778.699	0.41079
-50	-55	442.855	750.043	0.409561
-47.5	-55	426.441	717.869	0.405963
-45	-55	410.327	682.52	0.398806
-42.5	-55	394.832	645.146	0.387995
-40	-55	380.11	607.991	0.374811
-37.5	-55	366.35	574.532	0.362351
-35	-55	353.554	549.252	0.3563
-32.5	-55	341.509	536.878	0.363898
-30	-55	330.185	541.138	0.389832
-27.5	-55	319.308	563.474	0.433322
-25	-55	308.874	602.364	0.48723
-22.5	-55	299.057	653.65	0.542482
-20	-55	289.723	711.713	0.592922
-17.5	-55	280.538	770.894	0.636088
-15	-55	271.573	826.555	0.67144
-12.5	-55	262.766	875.537	0.69988
-10	-55	253.996	916.084	0.722738
-7.5	-55	245.06	947.493	0.74136
-5	-55	235.693	969.688	0.75694
-2.5	-55	225.636	982.862	0.770429
0	-55	214.859	987.224	0.78236
2.5	-55	203.229	982.862	0.793227
5	-55	190.724	969.688	0.803314
7.5	-55	177.524	947.493	0.812638
10	-55	164.207	916.084	0.820751
12.5	-55	151.372	875.537	0.827109
15	-55	139.607	826.555	0.831098
17.5	-55	129.307	770.894	0.832264
20	-55	120.644	711.713	0.830488
22.5	-55	113.733	653.65	0.826004
25	-55	108.409	602.364	0.820028
27.5	-55	104.292	563.474	0.814913
30	-55	101.044	541.138	0.813275
32.5	-55	98.6294	536.878	0.816291
35	-55	96.8151	549.252	0.823733
37.5	-55	95.4188	574.532	0.833919
40	-55	94.2456	607.991	0.844989
42.5	-55	93.1037	645.146	0.855686
45	-55	91.8885	682.52	0.865369
47.5	-55	90.5486	717.869	0.873865
50	-55	89.0962	750.043	0.881212
52.5	-55	87.5415	778.699	0.88758
55	-55	85.9046	804.028	0.893157
57.5	-55	84.2653	826.53	0.898049
60	-55	82.6817	846.871	0.902368
62.5	-55	81.1915	865.785	0.906222
65	-55	79.8869	884.005	0.909631
67.5	-55	78.795	902.196	0.912663
70	-55	78.0138	920.872	0.915283
72.5	-55	77.6039	940.291	0.917468
75	-55	77.6272	960.347	0.919168
-73.75	-57.5	563.478	927.172	0.392261
-71.25	-57.5	555.006	910.541	0.390466
-68.75	-57.5	545.975	894.645	0.38973
-66.25	-57.5	536.304	879.023	0.389886
-63.75	-57.5	525.738	863.077	0.390856
-61.25	-57.5	513.993	846.145	0.392548
-58.75	-57.5	500.888	827.552	0.394735
-56.25	-57.5	486.519	806.649	0.396864
-53.75	-57.5	470.912	782.873	0.398482
-51.25	-57.5	454.337	755.833	0.398892
-48.75	-57.5	437.214	725.446	0.397317
-46.25	-57.5	420.214	692.153	0.392888
-43.75	-57.5	403.784	657.178	0.385578
-41.25	-57.5	388.081	622.79	0.376867
-38.75	-57.5	373.347	592.417	0.369791
-36.25	-57.5	359.498	570.405	0.369749
-33.75	-57.5	346.435	561.26	0.382755
-31.25	-57.5	334.138	568.458	0.412204
-28.75	-57.5	322.412	593.219	0.456504
-26.25	-57.5	311.17	633.894	0.509114
-23.75	-57.5	300.537	686.32	0.562104
-21.25	-57.5	290.489	744.985	0.610074
-18.75	-57.5	280.769	804.41	0.650963
-16.25	-57.5	271.356	860.174	0.684533
-13.75	-57.5	262.155	909.336	0.711707
-11.25	-57.5	253.1	950.347	0.733676
-8.75	-57.5	244.007	982.686	0.751693
-6.25	-57.5	234.675	1006.45	0.766828
-3.75	-57.5	224.821	1021.98	0.780014
-1.25	-57.5	214.369	1029.64	0.791802
1.25	-57.5	203.254	1029.64	0.802596
3.75	-57.5	191.41	1021.98	0.812706
6.25	-57.5	178.994	1006.45	0.822153
8.75	-57.5	166.402	982.686	0.830666
11.25	-57.5	154.156	950.347	0.83779
13.75	-57.5	142.81	909.336	0.842952
16.25	-57.5	132.766	860.174	0.845653
18.75	-57.5	124.282	804.41	0.845499
21.25	-57.5	117.533	744.985	0.842234
23.75	-57.5	112.35	686.32	0.836301
26.25	-57.5	108.404	633.894	0.828987
28.75	-57.5	105.325	593.219	0.822451
31.25	-57.5	103.072	568.458	0.818682
33.75	-57.5	101.441	561.26	0.819262
36.25	-57.5	100.248	570.405	0.82425
38.75	-57.5	99.2326	592.417	0.832495
41.25	-57.5	98.2387	622.79	0.84226
43.75	-57.5	97.1642	657.178	0.852149
46.25	-57.5	95.9602	692.153	0.86136
48.75	-57.5	94.5826	725.446	0.869622
51.25	-57.5	93.0299	755.833	0.876917
53.75	-57.5	91.3314	782.873	0.883338
56.25	-57.5	89.5347	806.649	0.889004
58.75	-57.5	87.697	827.552	0.894028
61.25	-57.5	85.8351	846.145	0.898558
63.75	-57.5	84.022	863.077	0.902648
66.25	-57.5	82.3517	879.023	0.906315
68.75	-57.5	80.8868	894.645	0.909588
71.25	-57.5	79.7333	910.541	0.912433
-70	-60	561.06	890.212	0.369745
-67.5	-60	550.962	876.697	0.371548
-65	-60	540.008	862.551	0.373941
-62.5	-60	527.873	847.165	0.376895
-60	-60	514.335	829.938	0.380273
-57.5	-60	499.37	810.313	0.383732
-55	-60	483.08	787.818	0.386812
-52.5	-60	465.703	762.155	0.388966
-50	-60	447.748	733.335	0.389437
-47.5	-60	429.882	701.878	0.387526
-45	-60	412.486	669.063	0.383486
-42.5	-60	395.853	637.169	0.378732
-40	-60	380.177	609.566	0.376315
-37.5	-60	365.447	590.458	0.381079
-35	-60	351.528	584.142	0.398214
-32.5	-60	338.435	593.851	0.430102
-30	-60	325.919	620.601	0.474834
-27.5	-60	313.992	662.628	0.526141
-25	-60	302.71	715.771	0.577085
-22.5	-60	292	774.625	0.623043
-20	-60	281.744	833.884	0.662131
-17.5	-60	271.939	889.329	0.69422
-15	-60	262.38	938.219	0.720342
-12.5	-60	252.988	979.188	0.741635
-10	-60	243.643	1011.88	0.759216
-7.5	-60	234.173	1036.52	0.774078
-5	-60	224.356	1053.61	0.787059
-2.5	-60	214.094	1063.63	0.798713
0	-60	203.293	1066.93	0.80946
2.5	-60	191.953	1063.63	0.819529
5	-60	180.18	1053.61	0.828988
7.5	-60	168.341	1036.52	0.837591
10	-60	156.798	1011.88	0.845042
12.5	-60	146.03	979.188	0.850866
15	-60	136.413	938.219	0.854605
17.5	-60	128.208	889.329	0.855837
20	-60	121.65	833.884	0.854117
22.5	-60	116.626	774.625	0.849441
25	-60	112.822	715.771	0.842377
27.5	-60	109.904	662.628	0.834139
30	-60	107.793	620.601	0.826309
32.5	-60	106.288	593.851	0.821019
35	-60	105.234	584.142	0.819849
37.5	-60	104.38	590.458	0.823222
40	-60	103.512	609.566	0.830188
42.5	-60	102.56	637.169	0.839039
45	-60	101.472	669.063	0.848337
47.5	-60	100.201	701.878	0.857239
50	-60	98.7226	733.335	0.865379
52.5	-60	97.0578	762.155	0.872654
55	-60	95.2437	787.818	0.879104
57.5	-60	93.3181	810.313	0.884837
60	-60	91.2955	829.938	0.889997
62.5	-60	89.2183	847.165	0.894686
65	-60	87.1449	862.551	0.898968
67.5	-60	85.1512	876.697	0.902873
-66.25	-62.5	554.458	863.589	0.357961
-63.75	-62.5	541.822	849.389	0.362104
-61.25	-62.5	527.772	833.229	0.366594
-58.75	-62.5	512.196	814.633	0.371255
-56.25	-62.5	495.099	793.21	0.375828
-53.75	-62.5	476.816	768.741	0.379745
-51.25	-62.5	457.909	741.313	0.3823
-48.75	-62.5	439.131	711.51	0.382818
-46.25	-62.5	420.864	680.652	0.381675
-43.75	-62.5	403.326	651.018	0.380468
-41.25	-62.5	386.832	625.908	0.381967
-38.75	-62.5	371.368	609.388	0.390589
-36.25	-62.5	356.803	605.55	0.410779
-33.75	-62.5	343.027	617.402	0.444402
-31.25	-62.5	329.875	645.768	0.489174
-28.75	-62.5	317.336	688.786	0.539283
-26.25	-62.5	305.527	742.302	0.588406
-23.75	-62.5	294.346	801.014	0.632533
-21.25	-62.5	283.577	859.786	0.670177
-18.75	-62.5	273.316	914.588	0.701159
-16.25	-62.5	263.417	962.862	0.726423
-13.75	-62.5	253.698	1003.4	0.747162
-11.25	-62.5	244.032	1035.99	0.764445
-8.75	-62.5	234.314	1060.98	0.779153
-6.25	-62.5	224.367	1078.97	0.792055
-3.75	-62.5	214.149	1090.58	0.803637
-1.25	-62.5	203.542	1096.25	0.814329
1.25	-62.5	192.516	1096.25	0.824387
3.75	-62.5	181.237	1090.58	0.833815
6.25	-62.5	170.021	1078.97	0.842423
8.75	-62.5	159.202	1060.98	0.849948
11.25	-62.5	149.117	1035.99	0.856063
13.75	-62.5	140.069	1003.4	0.860405
16.25	-62.5	132.293	962.862	0.862604
18.75	-62.5	126.024	914.588	0.862207
21.25	-62.5	121.202	859.786	0.859033
23.75	-62.5	117.555	801.014	0.853243
26.25	-62.5	114.765	742.302	0.845393
28.75	-62.5	112.784	688.786	0.836257
31.25	-62.5	111.387	645.768	0.827512
33.75	-62.5	110.413	617.402	0.821165
36.25	-62.5	109.654	605.55	0.818918
38.75	-62.5	108.908	609.388	0.821283
41.25	-62.5	108.053	625.908	0.827366
43.75	-62.5	107.042	651.018	0.835578
46.25	-62.5	105.843	680.652	0.844498
48.75	-62.5	104.449	711.51	0.8532
51.25	-62.5	102.859	741.313	0.861248
53.75	-62.5	101.099	768.741	0.868488
56.25	-62.5	99.1916	793.21	0.874949
58.75	-62.5	97.1379	814.633	0.880759
61.25	-62.5	94.9793	833.229	0.886011
63.75	-62.5	92.7377	849.389	0.890818
-62.5	-65	541.069	837.082	0.353625
-60	-65	524.731	819.328	0.35956
-57.5	-65	506.782	798.819	0.365586
-55	-65	487.52	775.402	0.371268
-52.5	-65	467.636	749.226	0.375841
-50	-65	447.917	720.926	0.378693
-47.5	-65	428.803	691.853	0.380212
-45	-65	410.522	664.272	0.381997
-42.5	-65	393.332	641.414	0.386773
-40	-65	377.291	627.204	0.398456
-37.5	-65	362.169	625.54	0.421029
-35	-65	347.906	639.216	0.455731
-32.5	-65	334.26	668.884	0.500273
-30	-65	321.248	712.591	0.549183
-27.5	-65	308.998	766.199	0.596713
-25	-65	297.424	824.51	0.639272
-22.5	-65	286.273	882.549	0.675629
-20	-65	275.567	936.463	0.705736
-17.5	-65	265.239	983.863	0.730411
-15	-65	255.175	1023.69	0.75073
-12.5	-65	245.18	1055.83	0.767785
-10	-65	235.153	1080.76	0.782419
-7.5	-65	224.977	1099.16	0.795318
-5	-65	214.643	1111.72	0.806927
-2.5	-65	204.09	1119.02	0.817616
0	-65	193.273	1121.41	0.827651
2.5	-65	182.318	1119.02	0.837073
5	-65	171.583	1111.72	0.84566
7.5	-65	161.362	1099.16	0.853195
10	-65	151.968	1080.76	0.859388
12.5	-65	143.58	1055.83	0.864013
15	-65	136.364	1023.69	0.866791
17.5	-65	130.525	983.863	0.867335
20	-65	125.999	936.463	0.865452
22.5	-65	122.555	882.549	0.861136
25	-65	119.92	824.51	0.854556
27.5	-65	118.048	766.199	0.84593
30	-65	116.739	712.591	0.836177
32.5	-65	115.831	668.884	0.82683
35	-65	115.126	639.216	0.819896
37.5	-65	114.436	625.54	0.817061
40	-65	113.638	627.204	0.818818
42.5	-65	112.668	641.414	0.824344
45	-65	111.515	664.272	0.832124
47.5	-65	110.168	691.853	0.840763
50	-65	108.639	720.926	0.849307
52.5	-65	106.939	749.226	0.857267
55	-65	105.091	775.402	0.86447
57.5	-65	103.087	798.819	0.87095
60	-65	100.939	819.328	0.876803
-58.75	-67.5	517.939	804.485	0.356186
-56.25	-67.5	497.723	782.009	0.363532
-53.75	-67.5	476.874	756.97	0.370023
-51.25	-67.5	456.243	730.047	0.375051
-48.75	-67.5	436.335	702.609	0.378979
-46.25	-67.5	417.428	676.9	0.383324
-43.75	-67.5	399.744	656.08	0.390709
-41.25	-67.5	383.196	643.936	0.404916
-38.75	-67.5	367.652	644.18	0.429272
-36.25	-67.5	353.014	659.408	0.46465
-33.75	-67.5	339.041	690.111	0.508716
-31.25	-67.5	325.714	734.258	0.556404
-28.75	-67.5	313.135	787.73	0.602484
-26.25	-67.5	301.198	845.438	0.643738
-23.75	-67.5	289.706	902.558	0.679017
-21.25	-67.5	278.637	955.407	0.708358
-18.75	-67.5	267.872	1001.75	0.732595
-16.25	-67.5	257.386	1040.65	0.752667
-13.75	-67.5	247.044	1072.1	0.769571
-11.25	-67.5	236.691	1096.66	0.784171
-8.75	-67.5	226.227	1115.08	0.797119
-6.25	-67.5	215.689	1128.12	0.808807
-3.75	-67.5	205.046	1136.43	0.819571
-1.25	-67.5	194.301	1140.48	0.829632
1.25	-67.5	183.566	1140.48	0.839044
3.75	-67.5	173.16	1136.43	0.847629
6.25	-67.5	163.408	1128.12	0.85515
8.75	-67.5	154.579	1115.08	0.861373
11.25	-67.5	146.844	1096.66	0.866099
13.75	-67.5	140.269	1072.1	0.869165
16.25	-67.5	134.978	1040.65	0.870294
18.75	-67.5	130.875	1001.75	0.869353
21.25	-67.5	127.735	955.407	0.866303
23.75	-67.5	125.311	902.558	0.861161
26.25	-67.5	123.578	845.438	0.85383
28.75	-67.5	122.36	787.73	0.844668
31.25	-67.5	121.515	734.258	0.834506
33.75	-67.5	120.843	690.111	0.824894
36.25	-67.5	120.151	659.408	0.81779
38.75	-67.5	119.354	644.18	0.814719
41.25	-67.5	118.395	643.936	0.816138
43.75	-67.5	117.239	656.08	0.821303
46.25	-67.5	115.9	676.9	0.828778
48.75	-67.5	114.393	702.609	0.837188
51.25	-67.5	112.735	730.047	0.845579
53.75	-67.5	110.931	756.97	0.853454
56.25	-67.5	108.978	782.009	0.860643
-55	-70	485.605	764.48	0.36479
-52.5	-70	464.146	738.825	0.371778
-50	-70	443.564	712.89	0.377795
-47.5	-70	424.124	688.896	0.384343
-45	-70	406.009	669.924	0.393948
-42.5	-70	389.125	659.632	0.410088
-40	-70	373.264	661.552	0.435775
-37.5	-70	358.366	678.095	0.47151
-35	-70	344.187	709.606	0.514961
-32.5	-70	330.677	753.986	0.561429
-30	-70	317.856	807.144	0.606197
-27.5	-70	305.636	864.092	0.646292
-25	-70	293.81	920.158	0.680696
-22.5	-70	282.392	971.814	0.709417
-20	-70	271.256	1016.97	0.733269
-17.5	-70	260.334	1054.8	0.75319
-15	-70	249.579	1085.39	0.770056
-12.5	-70	238.899	1109.35	0.784651
-10	-70	228.127	1127.51	0.797672
-7.5	-70	217.322	1140.67	0.809479
-5	-70	206.503	1149.54	0.820361
-2.5	-70	195.701	1154.65	0.830511
0	-70	185.063	1156.32	0.839955
2.5	-70	174.882	1154.65	0.848541
5	-70	165.451	1149.54	0.856072
7.5	-70	157.07	1140.67	0.8623
10	-70	149.874	1127.51	0.867075
12.5	-70	143.914	1109.35	0.870272
15	-70	139.228	1085.39	0.871725
17.5	-70	135.661	1054.8	0.871386
20	-70	132.946	1016.97	0.869272
22.5	-70	130.829	971.814	0.865377
25	-70	129.31	920.158	0.85947
27.5	-70	128.234	864.092	0.851596
30	-70	127.468	807.144	0.842075
32.5	-70	126.819	753.986	0.831801
35	-70	126.114	709.606	0.822277
37.5	-70	125.274	678.095	0.815256
40	-70	124.272	661.552	0.81215
42.5	-70	123.085	659.632	0.813404
45	-70	121.702	669.924	0.818334
47.5	-70	120.166	688.896	0.825567
50	-70	118.5	712.89	0.833776
52.5	-70	116.714	738.825	0.842028
-51.25	-72.5	450.576	722.687	0.376527
-48.75	-72.5	430.663	700.266	0.385001
-46.25	-72.5	412.19	682.976	0.396479
-43.75	-72.5	395.058	674.344	0.414159
-41.25	-72.5	379.025	677.738	0.440749
-38.75	-72.5	363.981	695.393	0.476583
-36.25	-72.5	349.688	727.52	0.519342
-33.75	-72.5	336.05	771.963	0.564681
-31.25	-72.5	323.077	824.662	0.608231
-28.75	-72.5	310.631	880.734	0.647305
-26.25	-72.5	298.515	935.648	0.680953
-23.75	-72.5	286.754	986.028	0.709183
-21.25	-72.5	275.266	1029.91	0.732728
-18.75	-72.5	263.97	1066.57	0.752507
-16.25	-72.5	252.792	1096.19	0.76939
-13.75	-72.5	241.716	1119.41	0.784068
-11.25	-72.5	230.639	1137.1	0.797168
-8.75	-72.5	219.559	1150.11	0.809097
-6.25	-72.5	208.504	1159.19	0.820129
-3.75	-72.5	197.558	1164.92	0.83041
-1.25	-72.5	186.895	1167.69	0.839945
1.25	-72.5	176.825	1167.69	0.848568
3.75	-72.5	167.62	1164.92	0.85611
6.25	-72.5	159.548	1159.19	0.862363
8.75	-72.5	152.769	1150.11	0.86717
11.25	-72.5	147.31	1137.1	0.870451
13.75	-72.5	143.201	1119.41	0.872075
16.25	-72.5	140.212	1096.19	0.872091
18.75	-72.5	138.014	1066.57	0.8706
21.25	-72.5	136.328	1029.91	0.867631
23.75	-72.5	135.134	986.028	0.862951
26.25	-72.5	134.28	935.648	0.856484
28.75	-72.5	133.636	880.734	0.848267
31.25	-72.5	133.044	824.662	0.838668
33.75	-72.5	132.34	771.963	0.828568
36.25	-72.5	131.458	727.52	0.819307
38.75	-72.5	130.378	695.393	0.812512
41.25	-72.5	129.104	677.738	0.809508
43.75	-72.5	127.649	674.344	0.810707
46.25	-72.5	126.038	682.976	0.815457
48.75	-72.5	124.306	700.266	0.822487
-47.5	-75	418.37	695.27	0.398262
-45	-75	401.042	688.131	0.417201
-42.5	-75	384.933	692.82	0.444397
-40	-75	369.852	711.411	0.480114
-37.5	-75	355.495	743.993	0.52218
-35	-75	341.781	788.36	0.566466
-32.5	-75	328.691	840.488	0.608929
-30	-75	316.076	895.598	0.647078
-27.5	-75	303.714	949.295	0.680064
-25	-75	291.656	998.345	0.707861
-22.5	-75	279.819	1040.91	0.731178
-20	-75	268.176	1076.35	0.750847
-17.5	-75	256.636	1104.91	0.767731
-15	-75	245.157	1127.29	0.782524
-12.5	-75	233.713	1144.37	0.795771
-10	-75	222.354	1157.04	0.807826
-7.5	-75	211.057	1166.08	0.819003
-5	-75	199.92	1172.1	0.829434
-2.5	-75	189.145	1175.53	0.839099
0	-75	179.069	1176.65	0.847814
2.5	-75	169.985	1175.53	0.855397
5	-75	162.131	1172.1	0.861675
7.5	-75	155.635	1166.08	0.866531
10	-75	150.557	1157.04	0.869878
12.5	-75	146.906	1144.37	0.871627
15	-75	144.453	1127.29	0.871858
17.5	-75	142.818	1104.91	0.870743
20	-75	141.655	1076.35	0.868393
22.5	-75	140.896	1040.91	0.864641
25	-75	140.359	998.345	0.859408
27.5	-75	139.928	949.295	0.852598
30	-75	139.457	895.598	0.844286
32.5	-75	138.799	840.488	0.834859
35	-75	137.901	788.36	0.825078
37.5	-75	136.753	743.993	0.816191
40	-75	135.374	711.411	0.80971
42.5	-75	133.804	692.82	0.806871
45	-75	132.081	688.131	0.808059
-43.75	-77.5	391.011	706.88	0.44685
-41.25	-77.5	375.921	726.255	0.482385
-38.75	-77.5	361.563	759.154	0.52373
-36.25	-77.5	347.793	803.331	0.567062
-33.75	-77.5	334.61	854.802	0.608552
-31.25	-77.5	321.852	908.888	0.645884
-28.75	-77.5	309.31	961.329	0.678248
-26.25	-77.5	296.996	1009.02	0.70566
-23.75	-77.5	284.858	1050.24	0.728768
-21.25	-77.5	272.875	1084.44	0.748372
-18.75	-77.5	260.998	1111.9	0.765269
-16.25	-77.5	249.178	1133.37	0.780145
-13.75	-77.5	237.363	1149.76	0.793554
-11.25	-77.5	225.666	1161.96	0.805788
-8.75	-77.5	214.123	1170.77	0.81711
-6.25	-77.5	202.778	1176.83	0.827692
-3.75	-77.5	191.851	1180.62	0.8375
-1.25	-77.5	181.7	1182.43	0.846334
1.25	-77.5	172.626	1182.43	0.854008
3.75	-77.5	164.881	1180.62	0.860343
6.25	-77.5	158.582	1176.83	0.865247
8.75	-77.5	153.759	1170.77	0.868669
11.25	-77.5	150.443	1161.96	0.870526
13.75	-77.5	148.41	1149.76	0.87092
16.25	-77.5	147.293	1133.37	0.87004
18.75	-77.5	146.689	1111.9	0.868074
21.25	-77.5	146.436	1084.44	0.864966
23.75	-77.5	146.322	1050.24	0.860677
26.25	-77.5	146.21	1009.02	0.855098
28.75	-77.5	145.955	961.329	0.848173
31.25	-77.5	145.416	908.888	0.840006
33.75	-77.5	144.555	854.802	0.830891
36.25	-77.5	143.378	803.331	0.821521
38.75	-77.5	141.918	759.154	0.813058
41.25	-77.5	140.22	726.255	0.806927
-40	-80	367.812	773.123	0.524252
-37.5	-80	354.016	817.018	0.566697
-35	-80	340.752	867.765	0.607323
-32.5	-80	327.88	920.786	0.643913
-30	-80	315.185	971.95	0.675719
-27.5	-80	302.682	1018.28	0.702751
-25	-80	290.293	1058.15	0.72566
-22.5	-80	278.017	1091.1	0.745195
-20	-80	265.811	1117.45	0.762129
-17.5	-80	253.673	1137.99	0.777086
-15	-80	241.541	1153.62	0.790623
-12.5	-80	229.509	1165.27	0.803042
-10	-80	217.665	1173.73	0.814552
-7.5	-80	206.108	1179.66	0.825282
-5	-80	195.013	1183.55	0.835231
-2.5	-80	184.742	1185.76	0.844199
0	-80	175.611	1186.47	0.851989
2.5	-80	167.883	1185.76	0.858417
5	-80	161.68	1183.55	0.863395
7.5	-80	157.017	1179.66	0.866896
10	-80	153.921	1173.73	0.868861
12.5	-80	152.198	1165.27	0.869388
15	-80	151.477	1153.62	0.868695
17.5	-80	151.355	1137.99	0.866997
20	-80	151.637	1117.45	0.864302
22.5	-80	152.027	1091.1	0.860666
25	-80	152.338	1058.15	0.856033
27.5	-80	152.406	1018.28	0.85033
30	-80	152.078	971.95	0.843533
32.5	-80	151.333	920.786	0.835648
35	-80	150.19	867.765	0.826923
37.5	-80	148.689	817.018	0.818011
-36.25	-82.5	347.056	879.52	0.605403
-33.75	-82.5	334.081	931.451	0.641333
-31.25	-82.5	321.267	981.332	0.672622
-28.75	-82.5	308.607	1026.31	0.699303
-26.25	-82.5	296.033	1064.85	0.721994
-23.75	-82.5	283.512	1096.55	0.741452
-21.25	-82.5	271.029	1121.81	0.758399
-18.75	-82.5	258.584	1141.39	0.773449
-16.25	-82.5	246.157	1156.24	0.787107
-13.75	-82.5	233.835	1167.28	0.799676
-11.25	-82.5	221.69	1175.31	0.811378
-8.75	-82.5	209.877	1180.99	0.822288
-6.25	-82.5	198.609	1184.83	0.832373
-3.75	-82.5	188.196	1187.19	0.841478
-1.25	-82.5	178.968	1188.32	0.849394
1.25	-82.5	171.192	1188.32	0.855938
3.75	-82.5	164.995	1187.19	0.861021
6.25	-82.5	160.413	1184.83	0.864611
8.75	-82.5	157.455	1180.99	0.866676
11.25	-82.5	155.918	1175.31	0.867339
13.75	-82.5	155.462	1167.28	0.866817
16.25	-82.5	155.704	1156.24	0.865336
18.75	-82.5	156.451	1141.39	0.86293
21.25	-82.5	157.363	1121.81	0.859723
23.75	-82.5	158.174	1096.55	0.855754
26.25	-82.5	158.664	1064.85	0.850998
28.75	-82.5	158.659	1026.31	0.845408
31.25	-82.5	158.124	981.332	0.838868
33.75	-82.5	157.088	931.451	0.831352
-32.5	-85	327.486	989.629	0.669082
-30	-85	314.702	1033.26	0.695429
-27.5	-85	301.976	1070.5	0.71791
-25	-85	289.277	1100.99	0.737257
-22.5	-85	276.565	1125.15	0.754198
-20	-85	263.862	1143.8	0.769311
-17.5	-85	251.153	1157.87	0.78309
-15	-85	238.564	1168.27	0.795797
-12.5	-85	226.162	1175.82	0.807655
-10	-85	214.09	1181.16	0.818747
-7.5	-85	202.601	1184.83	0.829004
-5	-85	192.047	1187.19	0.838234
-2.5	-85	182.702	1188.51	0.846276
0	-85	174.835	1188.93	0.852948
2.5	-85	168.592	1188.51	0.858148
5	-85	164.013	1187.19	0.861848
7.5	-85	161.113	1184.83	0.86402
10	-85	159.673	1181.16	0.864817
12.5	-85	159.364	1175.82	0.864465
15	-85	159.845	1168.27	0.863179
17.5	-85	160.929	1157.87	0.861012
20	-85	162.291	1143.8	0.858112
22.5	-85	163.612	1125.15	0.854587
25	-85	164.597	1100.99	0.8505
27.5	-85	165.014	1070.5	0.845853
30	-85	164.797	1033.26	0.840509
-28.75	-87.5	308.062	1075.25	0.713497
-26.25	-87.5	295.216	1104.56	0.732729
-23.75	-87.5	282.34	1127.67	0.749625
-21.25	-87.5	269.424	1145.39	0.764775
-18.75	-87.5	256.484	1158.68	0.778641
-16.25	-87.5	243.643	1168.44	0.79148
-13.75	-87.5	231.007	1175.47	0.803477
-11.25	-87.5	218.709	1180.44	0.814722
-8.75	-87.5	206.998	1183.85	0.825149
-6.25	-87.5	196.259	1186.1	0.834534
-3.75	-87.5	186.791	1187.46	0.842697
-1.25	-87.5	178.825	1188.09	0.849485
1.25	-87.5	172.508	1188.09	0.854802
3.75	-87.5	167.879	1187.46	0.858623
6.25	-87.5	164.95	1186.1	0.86093
8.75	-87.5	163.53	1183.85	0.861866
11.25	-87.5	163.291	1180.44	0.861669
13.75	-87.5	163.896	1175.47	0.86057
16.25	-87.5	165.194	1168.44	0.85862
18.75	-87.5	166.867	1158.68	0.855985
21.25	-87.5	168.62	1145.39	0.852784
23.75	-87.5	170.111	1127.67	0.849147
26.25	-87.5	171.014	1104.56	0.845174
-25	-90	288.266	1129.48	0.74478
-22.5	-90	275.199	1146.31	0.759926
-20	-90	262.072	1158.84	0.773849
-17.5	-90	249.026	1167.96	0.786786
-15	-90	236.168	1174.47	0.798916
-12.5	-90	223.668	1179.03	0.810295
-10	-90	211.769	1182.14	0.82086
-7.5	-90	200.836	1184.2	0.830404
-5	-90	191.212	1185.48	0.838706
-2.5	-90	183.151	1186.18	0.845596
0	-90	176.747	1186.4	0.851023
2.5	-90	172.031	1186.18	0.85497
5	-90	169.03	1185.48	0.857416
7.5	-90	167.559	1184.2	0.858505
10	-90	167.314	1182.14	0.858465
12.5	-90	167.965	1179.03	0.85754
15	-90	169.357	1174.47	0.855801
17.5	-90	171.221	1167.96	0.853401
20	-90	173.267	1158.84	0.850482
22.5	-90	175.171	1146.31	0.847187
-21.25	-92.5	267.852	1158.47	0.768788
-18.75	-92.5	254.637	1166.97	0.781796
-16.25	-92.5	241.601	1172.96	0.794025
-13.75	-92.5	228.913	1177.1	0.805528
-11.25	-92.5	216.841	1179.88	0.816218
-8.75	-92.5	205.754	1181.7	0.825883
-6.25	-92.5	195.98	1182.84	0.834314
-3.75	-92.5	187.79	1183.49	0.841326
-1.25	-92.5	181.289	1183.79	0.846858
1.25	-92.5	176.479	1183.79	0.850921
3.75	-92.5	173.38	1183.49	0.853502
6.25	-92.5	171.818	1182.84	0.854741
8.75	-92.5	171.503	1181.7	0.854868
11.25	-92.5	172.122	1179.88	0.854119
13.75	-92.5	173.533	1177.1	0.852576
16.25	-92.5	175.468	1172.96	0.850406
18.75	-92.5	177.677	1166.97	0.847744
-17.5	-95	247.241	1171.06	0.788875
-15	-95	234.397	1174.78	0.800475
-12.5	-95	222.173	1177.22	0.811273
-10	-95	210.957	1178.77	0.821036
-7.5	-95	201.064	1179.72	0.829565
-5	-95	192.738	1180.26	0.836699
-2.5	-95	186.115	1180.53	0.842347
0	-95	181.212	1180.62	0.84651
2.5	-95	178.011	1180.53	0.849212
5	-95	176.339	1180.26	0.850593
7.5	-95	175.912	1179.72	0.850886
10	-95	176.44	1178.77	0.850319
12.5	-95	177.797	1177.22	0.848968
15	-95	179.719	1174.78	0.847018
-13.75	-97.5	227.733	1174.27	0.806063
-11.25	-97.5	216.4	1175.54	0.815913
-8.75	-97.5	206.398	1176.26	0.824531
-6.25	-97.5	197.968	1176.65	0.831752
-3.75	-97.5	191.229	1176.83	0.837505
-1.25	-97.5	186.213	1176.9	0.841777
1.25	-97.5	182.917	1176.9	0.844578
3.75	-97.5	181.128	1176.83	0.846088
6.25	-97.5	180.574	1176.65	0.846535
8.75	-97.5	180.975	1176.26	0.846144
11.25	-97.5	182.213	1175.54	0.844996
-10	-100	211.943	1172.59	0.819252
-7.5	-100	203.428	1172.79	0.826543
-5	-100	196.605	1172.84	0.832368
-2.5	-100	191.485	1172.83	0.836732
0	-100	188.075	1172.82	0.839639
2.5	-100	186.182	1172.83	0.841255
5	-100	185.501	1172.84	0.841836
7.5	-100	185.756	1172.79	0.841612
-6.25	-102.5	202.195	1168.67	0.826987
-3.75	-102.5	196.999	1168.55	0.831415
-1.25	-102.5	193.488	1168.47	0.834409
1.25	-102.5	191.479	1168.47	0.836128
3.75	-102.5	190.681	1168.55	0.836822
-2.5	-105	199.133	1163.96	0.828918
0	-105	197.016	1163.9	0.830727
