# File: UnstructuredGrid_Inversion_L0_Coarse_Iter04.dat
# (No specific header documentation)

-161.25	-0.496475	102.443	0	
-159.375	-0.668155	140.347	0	
-65.625	-0.431516	183.433	0	
30.625	-0.431516	222.817	0	
-144.294	-102.036	318.425	0	
126.875	-0.668155	198.757	0	
31.875	-0.668155	208.466	0	
-165.826	-72.3824	310.668	0	
-64.375	-0.668155	188.444	0	
-120.32	-2.91409	191.324	0	
-147.888	-47.073	487.443	0	
-143.958	-2.01633	198.333	0	
-158.741	-19.8395	283.775	0	
-159.808	-14.2913	217.461	0	
-115.104	-1.86538	181.455	0	
-108.175	-49.9394	720.242	0	
-66.354	-1.86538	185.405	0	
-138.854	-1.86538	205.545	0	
-156.794	-6.05848	194.889	0	
-148.75	-1.09967	183.675	0	
-145.208	-2.72654	200.353	0	
-146.458	-2.01633	195.772	0	
-125.881	-3.06027	199.504	0	
-154.094	-4.85908	208.901	0	
-157.708	-2.01633	165.028	0	
-151.071	-10.8319	309.766	0	
-154.792	-2.72654	194.992	0	
-158.77	-3.86216	168.557	0	
125.625	-0.431516	201.289	0	
-24.0702	-2.91409	202.372	0	
-157.76	-5.35468	183.968	0	
-46.4583	-2.01633	191.997	0	
-157.292	-2.72654	175.242	0	
-160.13	-11.9534	195.232	0	
-18.854	-1.86538	202.337	0	
-151.295	-2.8545	200.952	0	
29.896	-1.86538	203.295	0	
-42.604	-1.86538	189.348	0	
-169.22	-2.04966	84.8326	0	
-53.75	-1.09967	182.692	0	
-165.6	-1.76839	98.1483	0	
-167.3	-0.925681	80.2076	0	
-62.2917	-2.72654	197.531	0	
-171.389	-5.89642	82.2985	0	
-61.0417	-3.47328	197.895	0	
-164.269	-10.8597	119.002	0	
-59.7917	-2.72654	194.415	0	
-68.125	-0.36089	184.366	0	
-65.5207	-2.1669	188.029	0	
-87.5	-1.09967	170.048	0	
-158.125	-0.431516	158.13	0	
-156.875	-0.668155	175.566	0	
-80.5207	-2.1669	184.259	0	
-157.5	-1.09967	164.544	0	
-70.625	-0.431516	184.65	0	
79.375	-0.668155	230.514	0	
-154.375	-0.668155	190.371	0	
55.625	-0.668155	206.368	0	
-153.125	-0.431516	186.714	0	
-150.625	-0.366631	179.087	0	
38.5417	-2.01633	214.268	0	
-153.75	-1.09967	194.721	0	
49.7917	-2.01633	209.882	0	
-155.625	-0.431516	183.081	0	
72.1798	-2.91409	210.025	0	
-162.583	-1.33918	115.878	0	
-60	-1.09967	183.814	0	
-149.375	-0.431516	194.389	0	
-155	-1.09967	192.068	0	
31.0415	-5.36053	201.75	0	
-148.125	-0.668155	179.611	0	
31.0341	-3.06466	197.265	0	
-146.875	-0.431516	199.756	0	
-147.5	-1.09967	197.436	0	
36.875	-0.668155	223.268	0	
32.7083	-2.01633	207.04	0	
-144.375	-0.431516	200.279	0	
28.125	-0.36089	206.966	0	
-137.5	-1.09967	190.766	0	
-139.375	-0.366631	220.725	0	
25.625	-0.431516	200.267	0	
-143.125	-0.668155	194.447	0	
33.75	-1.09967	212.194	0	
-143.75	-1.09967	189.455	0	
34.375	-0.668155	215.376	0	
8.75	-1.09967	181.421	0	
-136.875	-0.668155	236.774	0	
183.782	-3.55475	253.392	0	
-135.625	-0.431516	223.749	0	
-135	-0.798148	199.11	0	
135.922	-2.00504	200.57	0	
-136.25	-1.09967	202.684	0	
149.65	-2.73747	197.122	0	
131.936	-4.3008	204.434	0	
-131.25	-0.798148	212.467	0	
129.003	-2.80091	199.76	0	
-122.604	-1.86538	191.411	0	
-128.75	-1.09967	201.966	0	
129.375	-0.668155	194.537	0	
-130.625	-0.431516	222.837	0	
133.125	-0.668155	207.512	0	
-130	-1.09967	206.531	0	
141.875	-0.668155	203.291	0	
-138.125	-0.431516	216.214	0	
15.7293	-2.1669	188.087	0	
128.75	-1.09967	200.347	0	
-121.25	-1.09967	182.634	0	
120.625	-0.431516	191.713	0	
-121.875	-0.431516	193.881	0	
-120.625	-0.668155	212.944	0	
110.744	-2.06993	189.828	0	
-123.125	-0.366631	211.082	0	
123.125	-0.36089	196.086	0	
-116.875	-0.36089	182.747	0	
-120	-1.09967	172.806	0	
-133.661	-2.93321	199.674	0	
-115.625	-0.366631	192.199	0	
-114.375	-0.431516	180.459	0	
-127.5	-0.798148	195.052	0	
-113.75	-1.09967	174.079	0	
-119.375	-0.431516	192.206	0	
-115	-0.798148	186.251	0	
100.625	-0.431516	178.312	0	
-93.125	-0.668155	170.007	0	
-112.5	-1.09967	170.977	0	
-103.125	-0.668155	184.281	0	
-111.25	-0.798148	182.166	0	
-103.75	-1.09967	172.295	0	
-114.271	-2.1669	183.541	0	
-111.875	-0.431516	174.895	0	
-110.328	-2.00504	177.644	0	
-111.994	-2.06993	186.076	0	
-108.125	-0.431516	182.267	0	
-141.875	-0.431516	215.767	0	
-104.375	-0.431516	173.533	0	
-95.104	-1.86538	171.339	0	
-142.5	-1.09967	213.624	0	
-105.625	-0.366631	181.109	0	
-110.625	-0.366631	181.959	0	
-108.75	-1.09967	183.663	0	
-109.375	-0.668155	172.875	0	
-113.125	-0.668155	197.059	0	
-104.405	-3.52006	190.993	0	
-128.125	-0.431516	223.477	0	
127.708	-2.01633	198.769	0	
-102.5	-1.09967	170.703	0	
43.125	-0.668155	227.695	0	
-129.375	-0.668155	215.442	0	
-101.875	-0.431516	171.323	0	
-133.125	-0.668155	230.372	0	
-99.375	-0.668155	169.1	0	
-101.25	-0.798148	173.596	0	
-90.9973	-2.80091	183.444	0	
-134.375	-0.366631	224.761	0	
-95.625	-0.366631	167.707	0	
-150.089	-1.76841	184.725	0	
-73.854	-1.86538	181.413	0	
-92.5	-1.09967	169.355	0	
-148.968	-2.99641	188.333	0	
-94.375	-0.431516	165.471	0	
-151.875	-0.668155	190.709	0	
-93.75	-1.09967	169.894	0	
-135.744	-2.06993	206.598	0	
-149.256	-2.06993	192.696	0	
-88.75	-0.798148	173.496	0	
-147.292	-2.01633	185.28	0	
-81.354	-1.86538	173.757	0	
-86.25	-1.09967	173.614	0	
-146.25	-1.09967	184.471	0	
-88.125	-0.431516	168.356	0	
-145.625	-0.668155	190.671	0	
-156.042	-2.01633	185.171	0	
-81.875	-0.366631	175.117	0	
-150	-0.798148	181.837	0	
-79.375	-0.668155	181.437	0	
-73.75	-0.798148	185.836	0	
-153.542	-2.01633	189.938	0	
-80.625	-0.431516	174.366	0	
-155.208	-2.01633	190.498	0	
-85.625	-0.431516	170.159	0	
-156.25	-1.09967	191.486	0	
-91.875	-0.431516	168.055	0	
-138.75	-0.798148	206.955	0	
-158.75	-1.09967	160.767	0	
-72.5	-1.09967	180.145	0	
-20.625	-0.36089	203.605	0	
-73.125	-0.431516	182.232	0	
-71.875	-0.668155	186.491	0	
-23.125	-0.431516	203.683	0	
-74.375	-0.366631	183.083	0	
-158.542	-2.01633	153.381	0	
-31.25	-0.798148	197.508	0	
-71.25	-1.09967	181.817	0	
3.125	-0.668155	170.522	0	
-66.875	-0.366631	184.163	0	
30.7293	-2.1669	204.52	0	
-14.0777	-2.00504	201.386	0	
-65	-1.09967	184.052	0	
-8.15454	-3.52006	197.099	0	
-66.25	-0.798148	187.237	0	
-37.4111	-2.93321	199.356	0	
-18.0207	-2.1669	197.79	0	
-63.125	-0.431516	185.645	0	
-15.7444	-2.06993	201.446	0	
-60.625	-0.431516	185.227	0	
-59.375	-0.668155	187.046	0	
-14.375	-0.366631	210.584	0	
-61.875	-0.668155	187.123	0	
-13.125	-0.668155	223.514	0	
-46.875	-0.431516	187.026	0	
-58.125	-0.431516	184.584	0	
-33.125	-0.668155	197.39	0	
-54.375	-0.431516	185.207	0	
-53.125	-0.668155	181.9	0	
-41.7707	-2.1669	191.131	0	
-55.625	-0.366631	184.38	0	
-41.4106	-3.16569	197.55	0	
-58.75	-1.09967	184.459	0	
-44.375	-0.36089	188.109	0	
-62.5	-1.09967	187.16	0	
-6.875	-0.668155	192.617	0	
-78.75	-1.09967	175.77	0	
-152.5	-1.09967	182.95	0	
-39.4944	-2.06993	189.875	0	
-51.875	-0.431516	183.8	0	
-56.875	-0.668155	187.948	0	
-49.375	-0.431516	183.375	0	
-48.125	-0.668155	177.015	0	
-55.0889	-1.76841	184.059	0	
-48.75	-1.09967	185.983	0	
-38.125	-0.366631	190.629	0	
-42.5	-0.798148	187.106	0	
-41.25	-1.09967	189.158	0	
-50.625	-0.668155	179.19	0	
-41.875	-0.431516	195.913	0	
-40.625	-0.668155	186.402	0	
-52.2917	-2.01633	188.864	0	
-43.125	-0.366631	181.327	0	
-54.2556	-2.06993	189.596	0	
-47.5	-1.09967	192.723	0	
-53.9679	-2.99641	193.748	0	
-61.25	-1.09967	182.568	0	
-39.375	-0.431516	195.302	0	
-62.7083	-2.01633	185.174	0	
-33.75	-1.09967	187.072	0	
-35	-0.798148	182.089	0	
-55	-0.798148	183.611	0	
-38.75	-0.798148	189.793	0	
-61.0417	-2.01633	188.346	0	
-57.5	-1.09967	179.124	0	
-26.354	-1.86538	194.436	0	
-63.5417	-2.01633	192.38	0	
-31.875	-0.431516	199.177	0	
-25	-1.09967	188.26	0	
-69.375	-0.668155	187.039	0	
-32.5	-1.09967	183.976	0	
-63.75	-1.09967	178.906	0	
-34.375	-0.431516	201.092	0	
-58.5417	-2.01633	186.378	0	
-40	-1.09967	192.488	0	
-51.25	-1.09967	185.859	0	
-73.0207	-2.1669	188.001	0	
-25.625	-0.431516	201.314	0	
-71.0417	-2.01633	186.057	0	
-18.75	-0.798148	202.72	0	
-23.75	-1.09967	196.67	0	
-70	-1.09967	181.609	0	
-24.375	-0.668155	205.205	0	
-67.5054	-1.48403	184.036	0	
-78.125	-0.431516	179.118	0	
-19.375	-0.366631	210.659	0	
-80	-1.09967	171.588	0	
-16.875	-0.668155	214.263	0	
-16.25	-1.09967	198.714	0	
93.5212	-2.84299	194.206	0	
-18.125	-0.431516	210.038	0	
-91.4583	-2.01633	173.112	0	
-17.5	-1.09967	195.61	0	
-75.625	-0.36089	178.93	0	
82.5446	-2.8545	206.479	0	
-15	-0.798148	198.892	0	
101.503	-2.80091	190.147	0	
-12.5	-1.09967	195.235	0	
-11.875	-0.431516	211.738	0	
83.125	-0.668155	208.185	0	
-7.5	-1.09967	227.389	0	
89.375	-0.668155	218.508	0	
81.875	-0.366631	219.843	0	
-8.125	-0.431516	210.595	0	
73.125	-0.431516	226.592	0	
-6.25	-1.09967	213.18	0	
-5.625	-0.431516	207.173	0	
66.6193	-3.06027	213.243	0	
1.14595	-1.86538	184.371	0	
75.625	-0.36089	222.153	0	
-9.375	-0.366631	204.426	0	
80.5056	-2.06993	212.399	0	
-15.625	-0.431516	217.514	0	
99.375	-0.668155	185.181	0	
-26.875	-0.366631	201.826	0	
-67.5	-0.727521	188.611	0	
-52.5	-1.09967	181.621	0	
-36.875	-0.668155	199.299	0	
-137.661	-3.16569	199.652	0	
-5	-0.798148	194.083	0	
-3.125	-0.668155	199.046	0	
63.125	-0.668155	221.848	0	
2.5	-1.09967	188.606	0	
0.625	-0.366631	172.256	0	
58.4223	-2.00504	209.232	0	
59.375	-0.668155	204.592	0	
1.875	-0.431516	176.29	0	
58.125	-0.366631	208.963	0	
3.75	-1.09967	178.165	0	
4.375	-0.431516	173.521	0	
51.875	-0.36089	205.975	0	
22.396	-1.86538	190.572	0	
56.7556	-2.06993	209.081	0	
7.5	-0.798148	186.541	0	
65.9223	-2.00504	210.742	0	
42.2821	-2.99641	218.466	0	
8.125	-0.431516	167.817	0	
41.9944	-2.06993	217.414	0	
10	-1.09967	188.817	0	
10.625	-0.431516	168.288	0	
45.625	-0.668155	215.253	0	
14.896	-1.86538	180.267	0	
53.75	-0.798148	209.805	0	
45	-1.09967	211.317	0	
15.625	-0.431516	179.079	0	
41.1611	-1.76841	220.365	0	
22.5	-0.798148	191.671	0	
17.5	-1.09967	197.676	0	
33.5417	-2.01633	210.828	0	
16.875	-0.668155	168.229	0	
39.375	-0.668155	226.483	0	
14.375	-0.366631	161.319	0	
43.9583	-2.01633	219.91	0	
23.75	-1.09967	193.008	0	
49.375	-0.431516	213.102	0	
37.7083	-2.01633	219.673	0	
21.875	-0.366631	169.979	0	
35	-1.09967	207.429	0	
24.375	-0.668155	180.566	0	
30	-0.798148	195.642	0	
35.2083	-2.01633	214.063	0	
23.125	-0.431516	199.519	0	
38.75	-1.09967	222.279	0	
28.7446	-1.48403	204.528	0	
31.25	-1.09967	201.955	0	
28.75	-0.727521	198.648	0	
125.729	-2.1669	195.141	0	
32.5	-1.09967	205.962	0	
25.2083	-2.01633	190.884	0	
29.375	-0.366631	193.45	0	
23.2293	-2.1669	196.519	0	
25	-1.09967	215.117	0	
26.875	-0.668155	186.583	0	
20.625	-0.36089	185.037	0	
36.25	-1.09967	216.408	0	
4.79167	-2.01633	179.863	0	
42.5	-1.09967	212.506	0	
37.5	-1.09967	203.085	0	
16.25	-1.09967	182.599	0	
35.625	-0.431516	226.367	0	
18.125	-0.431516	176.807	0	
151.875	-0.431516	207.374	0	
40.625	-0.366631	229.624	0	
149.375	-0.431516	197.488	0	
53.646	-1.86538	202.777	0	
43.75	-1.09967	208.663	0	
149.529	-1.8473	205.348	0	
41.875	-0.431516	228.701	0	
144.672	-2.00504	201.79	0	
38.125	-0.431516	228.412	0	
154.375	-0.36089	212.649	0	
33.125	-0.431516	221.002	0	
26.25	-1.09967	198.302	0	
44.375	-0.431516	228.833	0	
41.25	-0.798148	225.07	0	
143.006	-2.06993	201.316	0	
47.5	-1.09967	211.917	0	
138.75	-0.727521	204.304	0	
48.125	-0.668155	207.804	0	
48.75	-1.09967	207.296	0	
136.875	-0.668155	206.845	0	
46.875	-0.431516	220.332	0	
144.375	-0.366631	200.242	0	
140	-0.798148	202.663	0	
53.125	-0.366631	200.299	0	
135.625	-0.366631	206.287	0	
77.396	-1.86538	213.421	0	
56.25	-1.09967	199.436	0	
130.625	-0.366631	201.043	0	
54.375	-0.431516	200.221	0	
134.256	-2.06993	200.706	0	
55	-1.09967	193.743	0	
136.619	-3.06027	200.572	0	
121.875	-0.668155	187.77	0	
57.5	-0.798148	200.983	0	
61.25	-0.798148	214.325	0	
62.5	-1.09967	196.778	0	
61.875	-0.431516	210.454	0	
118.229	-2.1669	194.658	0	
56.875	-0.431516	204.118	0	
123.745	-1.48403	196.112	0	
120.208	-2.01633	193.315	0	
69.896	-1.86538	212.682	0	
115.625	-0.36089	185.466	0	
64.375	-0.431516	214.482	0	
71.25	-1.09967	206.275	0	
113.125	-0.431516	184.622	0	
63.75	-1.09967	198.769	0	
121.25	-1.09967	195.837	0	
69.375	-0.366631	214.635	0	
123.75	-0.727521	193.663	0	
91.25	-0.798148	201.078	0	
131.161	-1.76841	200.241	0	
106.875	-0.431516	177.948	0	
70.625	-0.431516	226.821	0	
-116.255	-1.48403	182.451	0	
77.5	-0.798148	211.739	0	
72.5	-1.09967	196.641	0	
-121.771	-2.1669	195.127	0	
71.875	-0.668155	228.558	0	
-118.125	-0.668155	204.779	0	
-119.792	-2.01633	194.176	0	
76.875	-0.366631	227.202	0	
-123.75	-0.727521	209.275	0	
124.896	-1.86538	195.087	0	
80	-1.09967	204.424	0	
-125.625	-0.668155	222.763	0	
78.125	-0.431516	220.769	0	
-118.75	-1.09967	183.81	0	
78.75	-1.09967	208.125	0	
-116.25	-0.727521	190.907	0	
-86.875	-0.668155	170.361	0	
81.25	-0.798148	216.16	0	
-90.625	-0.668155	169.507	0	
83.75	-1.09967	208.379	0	
84.375	-0.431516	215.381	0	
-92.2917	-2.01633	176.996	0	
88.75	-1.09967	185.97	0	
-98.9788	-2.84299	171.767	0	
-98.125	-0.431516	175.432	0	
88.125	-0.431516	199.279	0	
-109.955	-2.8545	192.317	0	
90	-1.09967	181.2	0	
90.625	-0.431516	190.768	0	
-95	-0.798148	177.913	0	
97.396	-1.86538	185.561	0	
-98.75	-1.09967	169.956	0	
86.875	-0.366631	211.818	0	
-91.25	-1.09967	169.535	0	
80.625	-0.431516	217.361	0	
-94.2707	-2.1669	175.875	0	
101.042	-2.01633	184.99	0	
145.625	-0.668155	209.621	0	
-100.625	-0.366631	175.406	0	
93.125	-0.668155	183.983	0	
-105.089	-1.76841	180.238	0	
96.875	-0.366631	184.441	0	
98.75	-1.09967	183.916	0	
-106.875	-0.668155	171.324	0	
-105	-0.798148	183.137	0	
117.396	-1.86538	190.349	0	
-107.5	-1.09967	189.699	0	
105	-1.09967	188.093	0	
103.75	-0.798148	182.337	0	
-111.161	-1.76841	181.135	0	
100	-1.09967	183.849	0	
-108.542	-2.01633	186.382	0	
98.125	-0.431516	178.2	0	
-113.909	-3.16789	190.076	0	
-140.625	-0.36089	215.795	0	
111.25	-1.09967	186.995	0	
-134.078	-2.00504	205.78	0	
109.375	-0.366631	178.3	0	
110.625	-0.431516	181.107	0	
-122.5	-0.798148	197.923	0	
106.25	-1.09967	185.029	0	
-140.005	-1.48403	210.102	0	
-126.875	-0.366631	205.575	0	
117.5	-0.798148	191.967	0	
-131.339	-1.76841	207.804	0	
118.75	-1.09967	190.003	0	
116.875	-0.366631	181.017	0	
-134.911	-1.76841	206.953	0	
112.5	-1.09967	195.839	0	
-131.875	-0.366631	218.511	0	
111.875	-0.668155	177.981	0	
-128.244	-2.06993	203.723	0	
104.375	-0.431516	178.414	0	
-110	-1.03479	189.118	0	
-151.25	-1.03479	181.691	0	
119.375	-0.668155	189.797	0	
-139.484	-2.19037	199.536	0	
120	-1.09967	197.787	0	
126.25	-1.09967	192.715	0	
-140	-0.727521	197.32	0	
125	-0.798148	190.609	0	
-150.922	-2.00504	185.851	0	
-144.792	-2.01633	187.408	0	
172.314	-2.47004	251.964	0	
-20.0054	-1.48403	202.816	0	
128.125	-0.431516	196.579	0	
132.5	-1.09967	196.318	0	
-25.5207	-2.1669	199.588	0	
127.5	-1.09967	191.751	0	
-21.875	-0.668155	203.514	0	
124.375	-0.366631	191.306	0	
-145	-1.09967	190.939	0	
-23.5417	-2.01633	195.359	0	
131.875	-0.431516	200.438	0	
-27.5	-0.727521	194.998	0	
133.75	-1.09967	199.764	0	
134.375	-0.431516	203.317	0	
-29.375	-0.668155	202.219	0	
139.896	-1.86538	201.012	0	
-22.5	-1.09967	185.756	0	
9.375	-0.668155	165.671	0	
141.25	-1.09967	200.903	0	
5.625	-0.668155	168.085	0	
140.625	-0.431516	203.143	0	
156.146	-1.86538	219.767	0	
3.95833	-2.01633	186.087	0	
139.375	-0.366631	200.555	0	
-2.72879	-2.84299	190.985	0	
135	-0.798148	197.965	0	
1.97929	-2.1669	187.702	0	
131.25	-0.798148	201.125	0	
-20	-0.727521	200.873	0	
118.125	-0.431516	194.229	0	
-133.75	-1.03479	204.02	0	
-1.875	-0.431516	180.006	0	
143.125	-0.431516	200.21	0	
-13.7054	-2.8545	201.567	0	
150	-1.09967	189.194	0	
146.25	-1.09967	191.65	0	
1.25	-0.798148	188.352	0	
143.75	-0.798148	201.649	0	
-2.5	-1.09967	184.126	0	
-4.375	-0.366631	188.251	0	
150.625	-0.668155	206.591	0	
-8.83895	-1.76841	207.599	0	
151.25	-1.09967	203.921	0	
157.5	-1.09967	221.312	0	
-17.6594	-3.16789	192.235	0	
156.25	-0.798148	222.67	0	
-10.625	-0.668155	223.064	0	
148.125	-0.366631	196.972	0	
-5.74439	-2.06993	194.278	0	
-12.2917	-2.01633	207.25	0	
156.875	-0.431516	224.799	0	
-14.9111	-1.76841	204.423	0	
158.958	-1.16463	236.139	0	
160	-0.496475	239.835	0	
-13.75	-1.03479	205.739	0	
158.125	-0.668155	234.308	0	
-11.25	-1.09967	204.74	0	
-43.7554	-1.48403	187.405	0	
159.338	-2.74918	235.003	0	
-26.25	-0.798148	197.493	0	
164.35	-1.76839	247.315	0	
166.05	-0.925681	249.88	0	
-31.9944	-2.06993	199.041	0	
155.521	-4.78762	222.925	0	
-37.8277	-2.00504	191.914	0	
161.333	-1.33918	238.09	0	
-45.625	-0.668155	181.713	0	
155.625	-0.366631	218.362	0	
-8.75	-0.798148	203.025	0	
-35.625	-0.366631	191.42	0	
174.762	-1.34606	253.631	0	
-38.6611	-1.76841	190.472	0	
177.527	-2.9619	253.626	0	
168.496	-7.04709	248.514	0	
-37.5	-1.03479	183.599	0	
166.796	-10.6094	247.471	0	
-35.0889	-1.76841	191.038	0	
-55.9223	-2.00504	186.322	0	
154.805	-6.09945	220.404	0	
-43.75	-0.727521	189.865	0	
119.775	-42.5718	189.383	0	
169.138	-29.3032	231.259	0	
-47.2917	-2.01633	183.226	0	
199.784	-4.78957	246.79	0	
-51.0417	-2.72654	195.393	0	
177.385	-6.05361	252.775	0	
-56.25	-1.03479	180.867	0	
-50	-1.09967	188.696	0	
-68.75	-1.02905	180.118	0	
-66.9845	-2.19037	189.432	0	
-49.7917	-2.01633	186.429	0	
28.7125	-3.24559	201.066	0	
-75.0054	-1.48403	180.55	0	
-79.0702	-2.91409	188.268	0	
-76.875	-0.668155	181.474	0	
-71.5702	-2.91409	191.714	0	
168.693	-54.0604	222.728	0	
-46.25	-1.09967	179.339	0	
167.97	-2.04966	249.333	0	
-30.625	-0.366631	197.496	0	
142.5	-1.09967	197.805	0	
5	-1.09967	190.183	0	
-75	-0.727521	186.547	0	
-101.994	-2.06993	178.948	0	
-78.5417	-2.01633	179.419	0	
65	-0.798148	201.739	0	
-77.5	-1.09967	174.559	0	
-82.5	-0.727521	182.187	0	
-84.375	-0.668155	174.178	0	
98.2293	-2.1669	189.461	0	
105.625	-0.668155	176.609	0	
92.1723	-2.00504	195.321	0	
101.875	-0.668155	183.085	0	
100.208	-2.01633	187.092	0	
101.25	-1.09967	181.842	0	
94.375	-0.431516	193.366	0	
93.75	-1.09967	192.753	0	
88.0955	-3.52006	196.342	0	
97.5	-0.798148	194.982	0	
90.5056	-2.06993	202.501	0	
91.875	-0.366631	196.861	0	
85.625	-0.668155	201.644	0	
87.4111	-1.76841	198.961	0	
82.1723	-2.00504	207.397	0	
87.5	-0.798148	204.686	0	
83.9583	-2.01633	207.516	0	
85	-1.09967	213.486	0	
81.3389	-1.76841	213.057	0	
82.5	-1.03479	217.166	0	
74.375	-0.668155	228.811	0	
76.2446	-1.48403	217.654	0	
70.7293	-2.1669	212.348	0	
76.25	-0.727521	227.215	0	
72.7083	-2.01633	219.393	0	
73.75	-1.09967	219.626	0	
68.75	-0.727521	218.137	0	
66.875	-0.668155	210.018	0	
58.8389	-2.93321	217.467	0	
70	-0.798148	204.613	0	
64.2556	-2.06993	210.839	0	
65.625	-0.366631	213.42	0	
60.625	-0.366631	213.308	0	
61.1611	-1.76841	209.313	0	
57.5889	-1.76841	206.22	0	
58.75	-1.03479	207.736	0	
50.625	-0.668155	201.042	0	
52.4946	-1.48403	204.065	0	
45.2083	-2.72654	220.195	0	
52.5	-0.727521	205.805	0	
48.9583	-2.01633	213.988	0	
50	-1.09967	208.498	0	
46.25	-1.09967	213.01	0	
46.4583	-2.01633	217.536	0	
40	-1.03479	215.676	0	
40.3277	-2.00504	220.842	0	
27.5	-1.02905	218.799	0	
29.2655	-2.19037	197.73	0	
24.6798	-2.91409	201.869	0	
121.042	-2.01633	195.374	0	
19.375	-0.668155	167.853	0	
21.2446	-1.48403	187.926	0	
17.1798	-2.91409	195.315	0	
21.25	-0.727521	183.726	0	
17.7083	-2.01633	182.608	0	
18.75	-1.09967	186.283	0	
13.75	-0.727521	175.092	0	
11.875	-0.668155	166.177	0	
153.125	-0.668155	206.364	0	
154.995	-1.48403	215.872	0	
145.155	-3.05088	200.917	0	
155	-0.727521	213.83	0	
151.458	-2.01633	201.894	0	
152.5	-1.09967	198.661	0	
146.875	-0.431516	209.299	0	
148.696	-1.54577	194.541	0	
147.758	-2.24637	194.234	0	
148.75	-0.798148	203.112	0	
143.839	-1.76841	198.087	0	
145	-1.03479	194.092	0	
138.125	-0.36089	199.829	0	
138.745	-1.48403	199.396	0	
135.089	-1.76841	201.342	0	
136.25	-1.03479	200.217	0	
130	-1.03479	202.696	0	
130.328	-2.00504	199.016	0	
122.5	-1.02905	202.134	0	
124.266	-2.19037	193.983	0	
119.68	-2.91409	197.079	0	
156.979	-2.1669	227.979	0	
114.375	-0.668155	183.852	0	
116.245	-1.48403	188.421	0	
112.163	-2.94281	194.159	0	
116.25	-0.727521	189.607	0	
112.708	-2.01633	185.135	0	
113.75	-1.09967	183.641	0	
108.125	-0.668155	178.217	0	
109.911	-1.76841	185.602	0	
-117.5	-1.02905	171.588	0	
-115.734	-2.19037	187.107	0	
-138.021	-2.1669	205.939	0	
-67.5375	-3.24559	193.404	0	
-124.375	-0.36089	200.372	0	
-123.755	-1.48403	195.858	0	
-88.0056	-2.06993	179.892	0	
-81.25	-0.798148	181.126	0	
-86.0417	-2.01633	172.999	0	
-85	-1.09967	170.292	0	
-89.375	-0.366631	166.712	0	
-88.8389	-1.76841	170.214	0	
-96.875	-0.36089	160.874	0	
-96.2554	-1.48403	169.395	0	
-95.7345	-2.19037	177.821	0	
-96.25	-0.727521	177.795	0	
-101.161	-1.76841	178.695	0	
-100	-1.03479	184.211	0	
-106.25	-1.03479	184.299	0	
-105.922	-2.00504	177.986	0	
-70.2083	-2.01633	187.42	0	
-100.328	-2.00504	170.181	0	
-141.25	-0.792406	197.841	0	
-140.814	-2.07688	193.212	0	
-153.54	-3.47677	199.47	0	
-123.787	-3.24559	200.601	0	
-127.411	-1.76841	201.87	0	
-126.25	-1.03479	197.085	0	
-132.5	-1.03479	195.478	0	
-132.172	-2.00504	208.348	0	
-118.958	-2.01633	187.323	0	
-126.578	-2.00504	197.313	0	
-202.353	-21.532	120.938	0	
-119.833	-3.79821	197.573	0	
-21.25	-1.02905	201.645	0	
-19.4845	-2.19037	197.644	0	
-27.5375	-3.24559	209.208	0	
5.25269	-2.80091	193.019	0	
-28.125	-0.36089	199.102	0	
-27.5054	-1.48403	194.902	0	
8.24439	-2.06993	184.716	0	
15	-0.798148	185.855	0	
10.2083	-2.01633	179.446	0	
11.25	-1.09967	177.778	0	
6.875	-0.366631	171.443	0	
7.41105	-1.76841	179.918	0	
-0.625	-0.36089	182.032	0	
-0.00541199	-1.48403	183.763	0	
0.51554	-2.19037	195.542	0	
0	-0.727521	201.941	0	
-4.91105	-1.76841	203.604	0	
-3.75	-1.03479	197.949	0	
-10	-1.03479	199.979	0	
-9.67228	-2.00504	205.756	0	
26.0417	-2.01633	202.069	0	
-4.07772	-2.00504	191.886	0	
-45	-1.02905	187.103	0	
-43.2345	-2.19037	189.153	0	
-50.2083	-2.72654	197.418	0	
-29.6307	-3.06027	202.591	0	
-31.1611	-1.76841	190.348	0	
-30	-1.03479	187.155	0	
-36.25	-1.03479	188.332	0	
-35.9223	-2.00504	188.476	0	
-22.7083	-2.01633	200.408	0	
-30.3277	-2.00504	195.442	0	
-60.2083	-2.01633	187.418	0	
-51.4583	-2.01633	186.257	0	
-68.3387	-1.78555	187.974	0	
-68.4751	-2.84652	190.197	0	
-76.25	-1.02905	176.922	0	
-74.4845	-2.19037	186.688	0	
-77.7083	-2.01633	182.588	0	
-105.61	-4.06799	188.522	0	
-83.125	-0.36089	171.543	0	
-82.5054	-1.48403	173.721	0	
104.494	-2.06993	186.019	0	
110	-0.798148	190.233	0	
106.458	-2.01633	187.364	0	
107.5	-1.09967	191.889	0	
103.125	-0.366631	175.151	0	
103.661	-1.76841	182.689	0	
95.625	-0.36089	174.902	0	
96.2446	-1.48403	185.804	0	
96.7655	-2.19037	194.162	0	
96.25	-0.727521	192.236	0	
91.3389	-1.76841	194.862	0	
92.5	-1.03479	204.084	0	
86.25	-1.03479	206.6	0	
86.5777	-2.00504	206.249	0	
78.2293	-2.1669	210.261	0	
78.5906	-3.16789	203.465	0	
75	-1.02905	210.7	0	
76.7655	-2.19037	213.615	0	
68.7125	-3.24559	213.995	0	
123.713	-3.24559	196.367	0	
68.125	-0.36089	215.32	0	
68.7446	-1.48403	213.184	0	
65.0889	-1.76841	207.181	0	
66.25	-1.03479	208.205	0	
60	-1.03479	210.973	0	
60.3277	-2.00504	211.068	0	
54.4793	-2.1669	214.214	0	
73.5417	-2.01633	212.159	0	
51.25	-1.02905	201.002	0	
53.0155	-2.19037	214.214	0	
40.4973	-3.78292	220.967	0	
54.8394	-3.16569	223.333	0	
39.0027	-2.80091	218.44	0	
44.7917	-2.01633	214.08	0	
27.9113	-1.78555	195.655	0	
27.7749	-2.84652	200.653	0	
20	-1.02905	200.95	0	
21.7655	-2.19037	191.664	0	
-9.36018	-4.06799	186.065	0	
18.5417	-2.01633	189.108	0	
13.125	-0.36089	170.534	0	
13.7446	-1.48403	175.884	0	
153.75	-1.02905	214.496	0	
155.516	-2.19037	219.05	0	
142.62	-3.22837	199.339	0	
144.069	-5.7607	202.689	0	
147.5	-0.798148	188.796	0	
146.771	-2.1669	204.182	0	
140.729	-2.1669	201.045	0	
150.746	-2.90651	207.903	0	
137.5	-1.02905	194.254	0	
139.266	-2.19037	201.61	0	
130.64	-4.06799	200.839	0	
141.177	-3.32534	200.216	0	
131.994	-2.06993	202.381	0	
129.955	-2.8545	200.985	0	
128.542	-2.01633	196.151	0	
127.18	-2.91409	196.539	0	
122.911	-1.78555	193.47	0	
122.775	-2.84652	196.34	0	
115	-1.02905	190.848	0	
116.766	-2.19037	192.973	0	
86.8898	-4.06799	200.271	0	
113.542	-2.01633	191.553	0	
108.75	-1.03479	185.247	0	
109.078	-2.00504	187.334	0	
-117.089	-1.78555	190.355	0	
-117.225	-2.84652	185.189	0	
-125	-1.02905	181.584	0	
-123.234	-2.19037	197.307	0	
-78.5826	-3.79821	195.534	0	
-143.899	-7.68728	314.169	0	
-90	-1.03479	170.075	0	
-89.6723	-2.00504	174.759	0	
-97.5	-0.792406	185.787	0	
-97.0644	-2.07688	187.371	0	
-116.287	-3.24559	187.941	0	
-108.125	-3.34884	204.881	0	
-104.256	-2.06993	182.236	0	
-112.466	-3.07092	184.494	0	
-107.708	-2.01633	183.577	0	
-116.633	-5.94785	225.591	0	
-141.434	-1.75189	212.17	0	
-142.267	-2.05915	192.309	0	
-130.506	-2.06993	204.735	0	
-141.756	-5.80291	227.23	0	
-140.354	-6.17065	225.182	0	
-130.457	-4.4054	201.402	0	
-20.8387	-1.78555	197.724	0	
-20.9751	-2.84652	198.435	0	
-28.75	-1.02905	189.043	0	
-26.9845	-2.19037	194.844	0	
-43.7875	-3.24559	203.38	0	
-46.3858	-5.74538	258.968	0	
6.25	-1.03479	179.256	0	
6.57772	-2.00504	184.691	0	
-1.25	-0.792406	198.954	0	
-0.814428	-2.07688	200.555	0	
-20.0375	-3.24559	196.939	0	
-11.875	-3.34884	197.808	0	
-8.00561	-2.06993	195.039	0	
-16.2164	-3.07092	187.505	0	
-11.4583	-2.01633	202.978	0	
-20.3828	-5.94785	230.953	0	
-44.5887	-1.78555	190.389	0	
-44.7251	-2.84652	191.426	0	
-34.2556	-2.06993	189.123	0	
-49.5151	-8.22246	311.968	0	
-44.2462	-5.42835	242.843	0	
-34.2075	-4.4054	209.581	0	
-75.0375	-3.24559	189.838	0	
25.1674	-3.79821	194.787	0	
-75.8387	-1.78555	183.615	0	
-75.9751	-2.84652	185.803	0	
-83.75	-1.02905	170.259	0	
-81.9845	-2.19037	182.558	0	
-90.0446	-2.8545	183.239	0	
-86.5873	-2.94281	188.065	0	
102.5	-1.03479	180.565	0	
102.828	-2.00504	186.4	0	
95	-0.792406	196.071	0	
95.4356	-2.07688	194.654	0	
76.2125	-3.24559	208.097	0	
84.375	-3.34884	200.509	0	
88.2444	-2.06993	203.008	0	
80.0336	-3.07092	199.741	0	
84.7917	-2.01633	203.322	0	
75.8672	-5.94785	207.042	0	
75.4113	-1.78555	217.295	0	
75.2749	-2.84652	211.642	0	
67.5	-1.02905	209.767	0	
69.2655	-2.19037	211.543	0	
52.4625	-3.24559	227.534	0	
49.8642	-5.74538	227.7	0	
61.9944	-2.06993	214.935	0	
46.7349	-8.22246	202.4	0	
52.0038	-5.42835	239.999	0	
62.0425	-4.4054	227.228	0	
51.6613	-1.78555	213.39	0	
51.5249	-2.84652	215.601	0	
21.2125	-3.24559	196.407	0	
107.75	-4.43486	195.389	0	
20.4113	-1.78555	185.8	0	
20.2749	-2.84652	194.202	0	
12.5	-1.02905	180.598	0	
14.2655	-2.19037	186.445	0	
6.20541	-2.8545	190.003	0	
9.66268	-2.94281	192.381	0	
154.161	-1.78555	212.482	0	
154.025	-2.84652	214.194	0	
152.292	-2.01633	208.34	0	
139.039	-4.35802	201.082	0	
137.911	-1.78555	202.245	0	
137.775	-2.84652	199.975	0	
116.213	-3.24559	194.868	0	
154.963	-3.24559	217.074	0	
115.411	-1.78555	190.126	0	
115.275	-2.84652	193.299	0	
107.292	-2.01633	185.019	0	
109.247	-3.78292	193.471	0	
-140.037	-3.24559	196.03	0	
-71.0826	-3.79821	201.736	0	
-124.589	-1.78555	203.849	0	
-124.725	-2.84652	190.768	0	
-92.8202	-2.91409	179.093	0	
-85.2083	-2.01633	178.842	0	
-97.684	-1.75189	168.886	0	
-98.5173	-2.05915	186.297	0	
-152.708	-2.01633	195.935	0	
-145.211	-4.15655	217.822	0	
-23.5826	-3.79821	207.532	0	
3.37811	-4.98343	197.949	0	
-28.3387	-1.78555	198.768	0	
-28.4751	-2.84652	192.288	0	
3.42981	-2.91409	189.952	0	
11.0417	-2.01633	183.422	0	
-1.43402	-1.75189	184.89	0	
-2.26735	-2.05915	200.529	0	
-48.9583	-3.47328	206.858	0	
-47.6197	-4.31165	224.059	0	
-88.4261	-3.92482	201.416	0	
-92.8719	-4.98343	206.631	0	
-83.3387	-1.78555	178.398	0	
-83.4751	-2.84652	181.86	0	
99.6798	-2.91409	189.31	0	
107.753	-2.80091	191.369	0	
94.816	-1.75189	190.137	0	
93.9827	-2.05915	193.626	0	
72.6674	-3.79821	214.26	0	
120.167	-3.79821	196.864	0	
67.9113	-1.78555	212.136	0	
67.7749	-2.84652	214.051	0	
47.2917	-3.47328	220.971	0	
50.1448	-3.88818	225.218	0	
17.6674	-3.79821	197.696	0	
-0.0374544	-3.24559	198.682	0	
12.9113	-1.78555	181.19	0	
12.7749	-2.84652	188.784	0	
148.483	-4.32001	199.693	0	
187.308	-1.93891	250.944	0	
147.862	-1.54577	204.617	0	
148.712	-3.13655	206.331	0	
133.929	-3.08731	201.728	0	
138.713	-3.24559	200.53	0	
90.6555	-3.51902	195.531	0	
102.455	-2.8545	188.386	0	
-152.829	-5.21478	221.923	0	
-131.801	-4.25718	208.988	0	
-122.157	-4.23242	206.09	0	
-96.2875	-3.24559	199.128	0	
-46.1052	-3.88818	212.458	0	
-35.5505	-4.25718	212.041	0	
-25.9071	-4.23242	222.099	0	
13.7125	-3.24559	193.386	0	
-100.639	-4.06622	182.797	0	
-82.5375	-3.24559	186.763	0	
48.6303	-4.31165	226.719	0	
96.2125	-3.24559	193.151	0	
60.6995	-4.25718	225.377	0	
70.3429	-4.23242	216.402	0	
-4.38926	-4.06622	187.627	0	
7.82395	-3.92482	197.706	0	
146.42	-3.14785	196.914	0	
147.178	-4.41078	205.791	0	
34.7917	-2.72654	209.651	0	
33.9583	-2.72654	208.018	0	
126.034	-3.06466	196.467	0	
126.041	-5.36183	200.98	0	
-147.837	-2.94281	197.837	0	
-142.682	-2.77243	205.391	0	
-160.208	-1.16463	113.391	0	
-201.338	-10.2031	106.971	0	
-153.958	-2.72654	199.815	0	
-152.247	-2.80091	193.26	0	
-156.042	-3.47328	188.202	0	
-156.458	-2.72654	182.043	0	
-52.8373	-2.94281	194.304	0	
-49.7917	-3.47328	202.656	0	
-58.9583	-2.72654	195.511	0	
-57.7083	-2.01633	189.429	0	
-56.2946	-2.8545	196.395	0	
-57.2473	-2.80091	192.936	0	
-65.2159	-3.06466	198.291	0	
-65.2085	-5.36053	233.887	0	
-72.7159	-3.06466	189.029	0	
-69.5113	-3.00667	191.127	0	
43.4127	-2.94281	214.654	0	
46.4583	-3.47328	224.191	0	
36.0417	-2.01633	213.607	0	
32.5816	-3.68836	202.27	0	
32.1798	-2.91409	207.292	0	
36.4583	-2.72654	214.025	0	
23.5341	-3.06466	192.825	0	
26.7387	-3.00667	193.64	0	
118.534	-3.06466	194.134	0	
121.739	-3.00667	194.916	0	
-121.466	-3.06466	187.6	0	
-118.261	-3.00667	190.053	0	
-93.9659	-3.06466	185.12	0	
-93.9594	-5.36183	231.35	0	
-109.003	-2.80091	178.08	0	
-107.247	-2.80091	179.421	0	
-146.042	-2.72654	188.342	0	
-147.44	-3.72538	198.078	0	
-25.2159	-3.06466	193.837	0	
-22.0113	-3.00667	194.871	0	
2.28409	-3.06466	195.623	0	
2.29056	-5.36183	197.733	0	
-12.7527	-2.80091	194.553	0	
-10.9973	-2.80091	198.869	0	
-48.9583	-2.01633	189.598	0	
-45.7613	-3.00667	196.1	0	
-52.44	-3.72538	207.541	0	
-48.5417	-2.72654	193.45	0	
-80.2159	-3.06466	182.363	0	
-77.0113	-3.00667	185.122	0	
98.5341	-3.06466	192.775	0	
98.5406	-5.36183	199.272	0	
83.4973	-2.80091	201.963	0	
85.2527	-2.80091	204.366	0	
71.0341	-3.06466	212.469	0	
74.2387	-3.00667	213.081	0	
47.2917	-2.01633	212.635	0	
50.4887	-3.00667	224.359	0	
43.81	-3.72538	221.149	0	
47.7083	-2.72654	220.68	0	
16.0341	-3.06466	192.767	0	
19.2387	-3.00667	191.673	0	
151.132	-3.93062	204.732	0	
152.989	-3.00667	209.112	0	
111.032	-2.99641	190.877	0	
114.239	-3.00667	191.341	0	
-87.7179	-2.99641	178.464	0	
-84.5113	-3.00667	180.229	0	
8.53206	-2.99641	193.315	0	
11.7387	-3.00667	189.867	0	
104.782	-2.99641	191.924	0	
102.997	-3.78292	193.548	0	
-143.54	-2.72962	188.436	0	
-140.951	-3.13784	203.547	0	
-99.9558	-2.85377	192.934	0	
-97.2008	-3.13784	175.019	0	
-3.70582	-2.85377	202.621	0	
-0.950756	-3.13784	193.975	0	
92.5442	-2.85377	196.855	0	
95.2992	-3.13784	194.429	0	
41.5739	-3.92482	212.63	0	
46.0417	-2.72654	216.762	0	
127.582	-3.68916	200.074	0	
132.502	-3.08731	199.996	0	
127.128	-4.98343	201.618	0	
128.572	-3.57598	199.725	0	
-152.662	-3.55114	208.08	0	
-152.231	-4.40508	212.817	0	
-159.148	-3.04538	137.841	0	
-165.564	-17.3854	145.849	0	
-154.373	-3.97501	207.905	0	
-150.753	-3.78292	200.186	0	
-160.293	-8.30276	159.645	0	
-155.208	-3.47328	194.698	0	
-158.057	-10.316	207.446	0	
-143.957	-3.47621	208.327	0	
-58.5398	-3.47677	199.113	0	
-57.2309	-4.40508	223.541	0	
-61.4583	-2.72654	193.446	0	
-57.6621	-3.55114	202.942	0	
-62.7232	-3.50081	196.726	0	
-55.7527	-3.78292	205.732	0	
-64.0702	-2.91409	190.027	0	
-63.6684	-3.68836	209.081	0	
-61.8899	-3.99904	215.102	0	
-60.2083	-3.47328	196.891	0	
-72.8478	-5.56717	217.844	0	
-69.264	-5.46522	241.903	0	
39.9554	-2.8545	212.889	0	
39.0191	-4.40508	219.418	0	
37.2917	-2.72654	211.509	0	
38.5879	-3.55114	212.365	0	
34.3601	-3.99904	208.683	0	
37.7102	-3.47677	216.16	0	
35.2083	-3.47328	211.598	0	
33.5268	-3.50081	210.71	0	
23.4022	-5.56717	198.533	0	
26.986	-5.46522	200.46	0	
118.402	-5.56717	198.801	0	
114.489	-5.47929	198.234	0	
-121.598	-5.56717	209.171	0	
-125.6	-5.31383	217.08	0	
-92.4178	-3.68916	200.788	0	
-89.5027	-3.78292	192.932	0	
-90.9952	-4.42757	210.858	0	
-86.1036	-3.83222	192.618	0	
-109.687	-5.39772	233.272	0	
-106.295	-2.8545	189.073	0	
-110.64	-4.06799	189.623	0	
-98.2818	-3.59669	214.472	0	
-146.478	-3.50911	204.32	0	
-141.985	-3.52613	193.403	0	
-25.3478	-5.56717	233.029	0	
-29.3495	-5.31383	243.01	0	
3.83223	-3.68916	197.843	0	
6.7473	-3.78292	198.675	0	
5.25478	-4.42757	199.943	0	
10.1464	-3.83222	198.348	0	
-13.4371	-5.39772	202.606	0	
-10.0446	-2.8545	197.917	0	
-14.3898	-4.06799	181.459	0	
-2.03178	-3.59669	201.351	0	
-51.4777	-3.50911	206.204	0	
-47.7083	-2.72654	201.41	0	
-51.0637	-4.19254	215.899	0	
-47.2189	-3.60804	203.276	0	
-80.3478	-5.56717	212.921	0	
-84.2613	-5.47929	232.286	0	
100.082	-3.68916	193.893	0	
112.646	-3.83222	193.734	0	
110.324	-3.92482	195.844	0	
107.317	-3.58364	192.782	0	
82.8129	-5.39772	202.465	0	
86.2054	-2.8545	198.363	0	
81.8602	-4.06799	195.605	0	
94.2182	-3.59669	195.541	0	
70.9022	-5.56717	223.614	0	
66.9005	-5.31383	223.232	0	
44.7723	-3.50911	219.825	0	
48.5417	-2.72654	216.36	0	
45.1863	-4.19254	225.457	0	
49.0311	-3.60804	229.03	0	
15.9022	-5.56717	203.839	0	
11.9887	-5.47929	201.016	0	
108.705	-2.8545	190.984	0	
101.072	-3.57598	190.981	0	
-91.4282	-3.57598	191.535	0	
-94.651	-4.21812	199.768	0	
4.82178	-3.57598	193.823	0	
1.59897	-4.21812	196.832	0	
105.913	-2.94281	189.645	0	
106.31	-3.72554	194.637	0	
97.849	-4.21812	191.559	0	
101.505	-4.42757	194.221	0	
-144.792	-3.47313	191.336	0	
-146.064	-4.19253	205.503	0	
-103.124	-4.43041	200.829	0	
-108.125	-4.73217	189.759	0	
-6.87403	-4.43041	181.945	0	
-11.875	-4.73217	178.606	0	
89.376	-4.43041	196.776	0	
84.375	-4.73217	195.973	0	
121.393	-3.89079	199.414	0	
143.936	-3.97268	200.777	0	
125.349	-4.21812	199.109	0	
129.043	-4.50658	202.072	0	
-154.834	-5.62943	215.988	0	
-149.676	-3.92482	216.515	0	
-156.465	-4.16242	187.471	0	
-88.4597	-6.17559	252.998	0	
-157.746	-3.54331	164.969	0	
-157.336	-4.23245	178.426	0	
-155.953	-5.20944	197.24	0	
-151.274	-4.58327	224.201	0	
-87.8931	-5.00841	213.016	0	
-54.6761	-3.92482	215.407	0	
-59.3731	-3.97501	214.159	0	
7.79028	-6.17559	200.418	0	
-65.9011	-4.21822	207.531	0	
-59.3047	-5.11624	230.176	0	
-64.1215	-4.98124	223.012	0	
-60.5387	-5.90518	243.636	0	
8.35687	-5.00841	201.986	0	
92.527	-5.11846	197.573	0	
30.3489	-4.21822	208.92	0	
32.1285	-4.98124	218.404	0	
36.0417	-3.47328	212.11	0	
34.378	-5.06466	222.5	0	
35.7113	-5.90518	215.087	0	
36.8769	-3.97501	214.977	0	
-101.844	-3.51902	189.035	0	
-99.973	-5.11846	240.998	0	
-145.501	-5.7656	247.933	0	
-69.8571	-3.89079	204.708	0	
-156.677	-7.51666	212.253	0	
-49.707	-5.1949	232.759	0	
-148.977	-5.20289	217.321	0	
-147.813	-5.59213	242.831	0	
-5.59449	-3.51902	201.059	0	
-3.72305	-5.11846	198.557	0	
-56.2742	-4.58327	225.508	0	
26.3929	-3.89079	203.497	0	
-39.9676	-3.06872	197.921	0	
46.543	-5.1949	229.012	0	
-53.9766	-5.20289	228.454	0	
-50.211	-4.15672	220.753	0	
-55.8234	-5.70833	238.194	0	
-48.5258	-4.17689	217.584	0	
-52.8132	-5.59213	251.636	0	
-47.2738	-5.38006	233.305	0	
91.8607	-4.06622	196.022	0	
105.879	-5.0575	194.574	0	
36.9453	-5.11624	223.748	0	
130.158	-4.945	204.468	0	
56.2824	-3.06872	223.879	0	
110.29	-6.17488	198.961	0	
42.2734	-5.20289	229.35	0	
46.039	-4.15672	225.176	0	
40.4266	-5.70833	228.384	0	
47.7242	-4.17689	229.982	0	
39.9758	-4.58327	212.759	0	
48.9762	-5.38006	239.686	0	
-90.0224	-4.58092	216.944	0	
-89.5124	-5.89001	234.061	0	
6.22758	-4.58092	199.235	0	
6.73765	-5.89001	200.271	0	
102.928	-5.70651	195.138	0	
107.848	-6.54104	198.238	0	
104.074	-3.92482	192.834	0	
104.773	-5.20318	195.62	0	
99.6281	-4.98343	192.395	0	
102.478	-4.58092	193.436	0	
-150.823	-5.70833	223.739	0	
-143.779	-5.33843	235.519	0	
76.6284	-4.52398	208.296	0	
144.244	-11.4317	211.29	0	
128.127	-5.50143	204.304	0	
128.872	-6.93342	207.158	0	
-158.777	-5.20944	158.613	0	
-143.448	-4.30353	201.776	0	
-161.732	-2.79975	98.1104	0	
-207.299	-15.0218	112.573	0	
-182.365	-35.5359	153.501	0	
-79.1691	-5.28353	230.232	0	
-150.997	-8.59138	284.774	0	
-57.1302	-6.3947	271.276	0	
-61.872	-5.06466	228.342	0	
-58.0402	-5.47194	230.824	0	
-115.872	-4.52398	205.335	0	
17.0809	-5.28353	202.826	0	
-19.6216	-4.52398	205.22	0	
108.728	-4.58055	196.384	0	
38.2098	-5.47194	222.385	0	
43.4368	-5.59213	217.491	0	
-139.58	-4.60081	213.922	0	
-145.691	-7.03602	263.783	0	
-96.7489	-6.89898	263.431	0	
-97.1496	-5.26597	249.204	0	
-149.602	-6.18605	253.356	0	
-134.449	-4.25718	207.573	0	
-31.5017	-4.16217	220.913	0	
39.1198	-6.3947	211.576	0	
-0.498874	-6.89898	185.808	0	
-0.89962	-5.26597	195.402	0	
-70.5474	-6.44535	248.949	0	
-54.6024	-6.18605	261.504	0	
-52.4014	-4.79453	223.336	0	
-51.4417	-5.03664	230.639	0	
-52.0429	-7.10465	267.789	0	
-50.5017	-5.76581	249.974	0	
-54.1682	-7.76797	281.611	0	
-36.3389	-2.93321	202.364	0	
-48.8551	-5.21507	232.354	0	
-48.0926	-6.0103	261.959	0	
64.7483	-4.16217	221.176	0	
110.857	-5.00834	195.526	0	
95.7511	-6.89898	201.876	0	
95.3504	-5.26597	193.675	0	
25.7026	-6.44535	207.268	0	
41.6476	-6.18605	211.469	0	
43.8486	-4.79453	227.72	0	
44.8083	-5.03664	224.5	0	
44.2071	-7.10465	227.426	0	
45.7483	-5.76581	228.007	0	
42.0818	-7.76797	229.341	0	
59.9111	-2.93321	217.198	0	
47.3949	-5.21507	234.823	0	
48.1574	-6.0103	223.744	0	
-91.9104	-5.42242	234.831	0	
-90.925	-6.50437	266.236	0	
4.33964	-5.42242	198.551	0	
5.32497	-6.50437	200.421	0	
106.858	-5.46739	196.976	0	
109.237	-5.889	196.314	0	
45.559	-7.03622	222.589	0	
104.147	-6.18687	196.08	0	
100.59	-5.42242	195.056	0	
100.817	-6.41692	196.253	0	
-147.401	-4.79453	214.697	0	
-146.442	-5.03663	219.739	0	
-147.043	-7.10465	252.658	0	
-144.707	-5.19453	211.925	0	
-149.168	-7.76797	260.546	0	
-132.589	-2.93321	198.639	0	
-154.178	-7.28627	232.104	0	
-151.919	-6.13754	242.581	0	
-67.2642	-6.91889	281.734	0	
-50.691	-7.03622	277.828	0	
28.9858	-6.91889	207.894	0	
57.9209	-9.10125	162.728	0	
-165.569	-3.72058	86.2148	0	
-124.19	-5.40086	226.476	0	
-65.8105	-6.63734	261.824	0	
-38.3291	-9.10125	373.046	0	
-59.0799	-8.70786	324.172	0	
-25.746	-9.39498	365.488	0	
-36.875	-5.27905	257.195	0	
-45.618	-4.95711	229.766	0	
30.4395	-6.63734	223.006	0	
104.619	-8.07335	194.892	0	
37.1701	-8.70786	209.065	0	
121.986	-5.46522	200.406	0	
59.375	-5.27905	219.956	0	
50.632	-4.95711	238.851	0	
-100.432	-7.15932	253.051	0	
-118.014	-5.46522	217.384	0	
-4.18243	-7.15932	176.97	0	
-21.764	-5.46522	224.407	0	
101.373	-10.8863	190.82	0	
97.6668	-7.08742	190.115	0	
74.486	-5.46522	216.445	0	
92.0676	-7.15932	199.505	0	
-142.782	-6.56075	228.066	0	
-142.334	-4.31064	215.464	0	
-152.527	-7.43868	251.866	0	
-121.996	-9.39498	329.75	0	
-136.218	-3.06872	201.041	0	
-128.568	-3.08143	192.313	0	
-38.1995	-4.25718	204.882	0	
-32.318	-3.08143	189.768	0	
58.0505	-4.25718	231.527	0	
63.932	-3.08143	215.989	0	
133.106	-6.04794	204.242	0	
130.428	-6.60412	206.321	0	
123.985	-6.91734	204.961	0	
150.848	-20.0464	220.278	0	
-155.18	-8.32445	225.117	0	
-52.0799	-10.5411	344.861	0	
-40.8588	-5.44334	241.97	0	
-43.3792	-4.50999	212.39	0	
55.3912	-5.44334	226.688	0	
52.8708	-4.50999	240.493	0	
-87.5848	-7.52916	291.79	0	
-84.8609	-3.89608	201.916	0	
8.66524	-7.52916	200.294	0	
11.3891	-3.89608	200.76	0	
120.703	-6.44535	204.792	0	
113.889	-3.89608	197.367	0	
-94.8332	-7.08742	281.652	0	
-127.752	-4.16217	204.326	0	
-136.015	-9.53859	291.534	0	
-118.607	-3.89079	197.36	0	
-44.375	-6.99919	291.698	0	
-22.3571	-3.89079	212.692	0	
-42.8302	-8.44515	316.265	0	
-40.8536	-7.44458	296.672	0	
51.875	-6.99919	224.187	0	
73.8929	-3.89079	209.824	0	
53.4198	-8.44515	201.514	0	
55.3964	-7.44458	244.428	0	
-45.8903	-7.18841	268.038	0	
-48.1439	-7.56208	279.043	0	
50.3597	-7.18841	236.937	0	
48.1061	-7.56208	230.183	0	
-141.655	-10.9683	414.636	0	
-134.129	-6.10622	224.125	0	
-52.772	-8.29733	321.637	0	
-46.8296	-8.37487	331.63	0	
43.478	-8.29733	191.577	0	
49.4204	-8.37487	186.695	0	
-164	-0.842706	83.917	0	
-160.19	-2.6252	131.466	0	
-171.26	-1.12398	78.0099	0	
-163.118	-4.25546	116.707	0	
157.984	-3.31993	228.917	0	
162.75	-0.842706	246.392	0	
160.879	-2.92373	241.82	0	
162.233	-4.81544	240.991	0	
149.806	-4.94504	210.801	0	
157.495	-4.95032	228.962	0	
136.186	-4.14103	201.092	0	
140.456	-4.52612	200.372	0	
-73.4071	-4.23242	208.929	0	
-71.6691	-5.28353	226.903	0	
-80.4167	-10.3326	395.034	0	
-64.8646	-8.3096	302.406	0	
-77.3571	-3.89079	200.255	0	
-74.2262	-6.72899	285.43	0	
22.8429	-4.23242	202.164	0	
24.5809	-5.28353	202.867	0	
15.8333	-10.3326	201.964	0	
31.3854	-8.3096	219.762	0	
18.8929	-3.89079	202.052	0	
22.0238	-6.72899	207.72	0	
117.843	-4.23242	198.683	0	
119.581	-5.28353	200.307	0	
112.877	-7.50462	202.02	0	
125.437	-6.63718	206.537	0	
111.164	-7.52928	201.129	0	
117.03	-6.73778	204.546	0	
-120.419	-5.28353	219.486	0	
-119.297	-6.44535	241.35	0	
-147.08	-10.5411	329.816	0	
-106.019	-7.46803	248.836	0	
-144.559	-9.99967	360.896	0	
-147.772	-8.29733	309.578	0	
-24.1691	-5.28353	234.521	0	
-23.0474	-6.44535	270.769	0	
1.41684	-7.08742	189.657	0	
-9.76913	-7.46803	176.303	0	
-27.9404	-5.40086	257.933	0	
-23.5704	-9.08967	336.644	0	
-80.9071	-4.23242	208.242	0	
-78.0474	-6.44535	246.061	0	
-74.2388	-9.20929	362.234	0	
-76.764	-5.46522	233.363	0	
-81.7196	-6.73778	287.354	0	
-82.2148	-8.98906	376.149	0	
72.0809	-5.28353	217.392	0	
73.2026	-6.44535	217.234	0	
102.182	-6.54766	195.899	0	
86.4809	-7.46803	202.935	0	
68.3096	-5.40086	220.238	0	
93.8488	-8.33358	196.078	0	
15.3429	-4.23242	201.074	0	
18.2026	-6.44535	208.727	0	
22.0112	-9.20929	193.773	0	
19.486	-5.46522	200.309	0	
14.5304	-6.73778	204.506	0	
14.0352	-8.98906	186.922	0	
112.049	-4.96932	198.43	0	
113.194	-6.11121	199.399	0	
107.957	-10.0357	200.046	0	
114.373	-9.53907	202.225	0	
-86.7013	-4.9694	226.643	0	
-85.556	-6.11128	240.007	0	
-85.8729	-7.50385	306.415	0	
-84.3782	-9.53722	377.197	0	
9.54871	-4.9694	201.139	0	
10.694	-6.11128	206.917	0	
10.3771	-7.50385	195.268	0	
11.8718	-9.53722	193.026	0	
132.08	-7.47425	210.375	0	
134.746	-4.16808	201.433	0	
124.075	-4.31071	198.525	0	
123.313	-5.73457	202.743	0	
-67.1755	-4.31081	223.009	0	
-67.9367	-5.73467	227.428	0	
29.0745	-4.31081	197.999	0	
28.3133	-5.73467	212.146	0	
-95.9255	-4.31071	196.217	0	
-98.5926	-4.6597	190.99	0	
-103.786	-7.04865	241.641	0	
-106.563	-5.39772	230.182	0	
0.324502	-4.31071	197.988	0	
-2.3426	-4.6597	189.936	0	
-7.5359	-7.04865	179.479	0	
-10.3129	-5.39772	187.981	0	
96.5745	-4.31071	198.201	0	
93.9074	-4.6597	195.657	0	
88.7141	-7.04865	197.978	0	
103.633	-8.96714	197.193	0	
-62.0477	-8.8546	321.529	0	
34.2023	-8.8546	223.358	0	
-65.6604	-12.2385	402.929	0	
44.1701	-10.5411	191.67	0	
-43.9291	-11.1429	402.956	0	
106.762	-8.25621	198.051	0	
40.691	-8.79126	191.98	0	
126.259	-8.10539	209.151	0	
30.5896	-12.2385	213.495	0	
128.121	-8.37598	212.041	0	
98.349	-8.47005	205.89	0	
102.415	-7.9218	193.623	0	
-155.111	-10.7469	264.468	0	
-60.5733	-7.64358	285.456	0	
138.321	-5.52235	201.506	0	
152.541	-4.03078	211.928	0	
-138.552	-9.35636	336.967	0	
-137.06	-5.53416	225.244	0	
-129.996	-3.08143	200.443	0	
-129.047	-6.04201	229.94	0	
-33.7459	-3.08143	198.758	0	
-32.7973	-6.04201	272.132	0	
62.5041	-3.08143	214.083	0	
63.4527	-6.04201	222.312	0	
131.229	-11.2697	215.892	0	
151.99	-6.88415	216.434	0	
136.941	-5.40234	203.091	0	
141.133	-5.9764	202.903	0	
-74.6816	-4.325	217.493	0	
-75.4428	-5.74886	218.315	0	
21.5684	-4.325	199.434	0	
20.8072	-5.74886	204.626	0	
116.568	-4.325	198.165	0	
115.814	-5.75765	200.038	0	
-123.432	-4.325	195.407	0	
-126.314	-4.14101	196.486	0	
-115.576	-8.16642	305.154	0	
-113.246	-5.34905	217.825	0	
-27.1816	-4.325	210.245	0	
-30.0644	-4.14101	211.358	0	
-19.3257	-8.16642	293.571	0	
-16.996	-5.34905	190.853	0	
-82.1816	-4.325	214.871	0	
-82.9362	-5.75765	224.958	0	
69.0684	-4.325	220.97	0	
66.1856	-4.14101	224.394	0	
76.9243	-8.16642	226.209	0	
79.254	-5.34905	198.445	0	
14.0684	-4.325	202.011	0	
13.3138	-5.75765	205.836	0	
105.405	-12.0508	202.101	0	
116.536	-8.99008	203.907	0	
-93.9774	-8.66503	344.358	0	
-91.6041	-8.13534	351.067	0	
2.27255	-8.66503	188.32	0	
4.64589	-8.13534	184.595	0	
129.195	-10.2093	213.917	0	
146.046	-6.10183	202.232	0	
134.488	-5.91521	205.252	0	
135.867	-6.69788	203.898	0	
121.43	-8.68418	204.466	0	
123.385	-8.88682	210.248	0	
-69.8214	-8.68669	341.658	0	
-67.8655	-8.89079	304.093	0	
26.4286	-8.68669	201.948	0	
28.3845	-8.89079	220.768	0	
-66.1145	-9.89368	356.003	0	
-95.0051	-12.6851	509.783	0	
-55.559	-8.79126	320.353	0	
1.24494	-12.6851	179.944	0	
85.9371	-5.39772	196.688	0	
70.504	-9.39498	225.883	0	
99.9643	-7.8529	190.968	0	
101.084	-8.78437	199.975	0	
-119.82	-9.08967	344.89	0	
-122.652	-7.0343	274.986	0	
-127.769	-5.79877	217.565	0	
-125.499	-7.54635	274.572	0	
-48.3872	-12.3828	389.287	0	
-26.4019	-7.0343	310.352	0	
-31.5194	-5.79877	240.439	0	
-29.2492	-7.54635	331.399	0	
47.8628	-12.3828	117.33	0	
69.8481	-7.0343	214.253	0	
64.7306	-5.79877	230.207	0	
67.0008	-7.54635	195.248	0	
140.302	-7.00568	203.809	0	
142.7	-6.86574	202.857	0	
125.012	-9.68556	214.49	0	
195.519	-2.32667	248.478	0	
-98.6512	-8.33358	343.619	0	
35.6767	-7.64358	236.859	0	
-2.40124	-8.33358	184.968	0	
103.223	-11.1651	199.464	0	
72.6796	-9.08967	225.402	0	
95.07	-11.0041	217.568	0	
-136.973	-6.98397	256.349	0	
-135.349	-7.69153	273.003	0	
-32.1235	-10.677	433.839	0	
-33.5046	-8.27657	339.567	0	
64.1265	-10.677	146.547	0	
97.6545	-10.9522	189.819	0	
80.0504	-6.99449	218.404	0	
151.079	-11.5903	218.574	0	
-78.2205	-8.73643	361.64	0	
30.1355	-9.89368	230.354	0	
8.79112	-11.9339	184.407	0	
110.443	-9.50362	200.263	0	
-126.434	-6.49884	224.409	0	
-123.97	-6.77541	227.623	0	
-30.1836	-6.49884	255.745	0	
-27.72	-6.77541	259.265	0	
66.0664	-6.49884	235.202	0	
68.53	-6.77541	233.38	0	
150.025	-6.43618	206.904	0	
153.18	-5.49318	215.194	0	
147.57	-7.50219	211.046	0	
142.406	-9.04296	207.586	0	
-113.344	-8.75328	324.339	0	
-118.411	-11.2883	383.279	0	
-114.541	-4.53464	190.575	0	
-111.901	-4.28441	198.356	0	
-17.0944	-8.75328	237.84	0	
-21.2298	-10.3281	352.014	0	
-18.2907	-4.53464	197.809	0	
-15.6508	-4.28441	197.369	0	
79.1556	-8.75328	207.708	0	
75.0202	-10.3281	202.709	0	
77.9593	-4.53464	204.019	0	
80.5992	-4.28441	204.261	0	
-63.1585	-5.8593	250.604	0	
-63.2996	-7.91085	280.872	0	
33.0915	-5.8593	212.559	0	
32.9504	-7.91085	235.987	0	
-205.568	-32.9721	143.851	0	
-158.17	-8.54355	185.19	0	
-42.0494	-4.51844	210.03	0	
-39.5061	-4.39269	203.131	0	
54.2006	-4.51844	240.564	0	
56.7439	-4.39269	235.191	0	
-138.25	-4.60927	205.003	0	
-135.756	-4.39269	203.146	0	
132.732	-9.94285	212.39	0	
140.759	-8.90393	205.797	0	
-131.823	-7.75398	270.395	0	
-88.3496	-9.59591	428.391	0	
-29.7584	-9.79585	391.192	0	
7.90043	-9.59591	182.477	0	
62.7454	-8.27657	228.245	0	
52.3209	-11.1429	128.438	0	
86.5779	-13.8833	221.012	0	
208.99	-5.28426	243.689	0	
-59.5306	-11.2795	357.509	0	
-57.3001	-7.89572	286.579	0	
36.7194	-11.2795	228.837	0	
38.9499	-7.89572	238.079	0	
138.907	-6.71973	204.223	0	
136.37	-8.16582	207.849	0	
138.03	-8.06765	205.743	0	
139.214	-9.60327	207.685	0	
134.987	-10.2845	213.01	0	
161.413	-6.92918	238.357	0	
119.235	-10.2813	219.725	0	
95.7393	-17.4777	230.394	0	
-50.1748	-10.5347	356.849	0	
-46.4132	-10.8834	345.272	0	
46.0752	-10.5347	163.261	0	
49.8368	-10.8834	178.834	0	
-176.012	-1.34606	80.0158	0	
-160.335	-6.5477	148.419	0	
-161.831	-10.7403	167.635	0	
-188.999	-19.3034	91.1924	0	
158.946	-6.83953	231.543	0	
170.01	-1.12398	252.921	0	
-87.4589	-11.9339	467	0	
99.5587	-12.4369	212.627	0	
18.0295	-8.73643	190.163	0	
4.49832	-12.069	179.04	0	
-153.134	-12.2646	300.938	0	
-148.55	-12.2522	354.717	0	
-121.489	-14.4624	502.901	0	
-126.008	-9.79585	388.373	0	
104.932	-18.5916	210.934	0	
112.453	-11.0673	209.319	0	
-91.7517	-12.069	469.483	0	
-71.535	-10.5118	389.273	0	
5.3409	-14.035	186.763	0	
24.715	-10.5118	225.58	0	
-112.45	-6.99449	267.227	0	
-129.168	-15.7527	514.52	0	
-16.1996	-6.99449	242.064	0	
-27.5734	-11.3856	450.528	0	
-144.852	-16.8136	478.155	0	
-124.741	-12.1163	418.561	0	
-37.2846	-13.6039	464.53	0	
-6.7017	-12.0229	194.64	0	
66.4916	-9.79585	223.522	0	
58.9654	-13.6039	110.561	0	
112.419	-14.9051	201.383	0	
127.849	-11.938	218.276	0	
147.347	-10.4774	211.606	0	
153.266	-9.06305	217.926	0	
-122.779	-11.9203	444.635	0	
-102.474	-8.42323	339.884	0	
-20.7162	-13.563	438.994	0	
-6.22447	-8.42323	186.709	0	
75.5338	-13.563	214.868	0	
90.0255	-8.42323	205.192	0	
68.6766	-11.3856	147.53	0	
136.037	-12.2238	211.43	0	
-61.6144	-11.5018	367.685	0	
-55.5379	-10.963	359.151	0	
34.6356	-11.5018	207.796	0	
40.7121	-10.963	194.057	0	
128.852	-14.5637	217.922	0	
235.957	-15.9774	237.939	0	
-178.777	-2.9619	69.7157	0	
-162.755	-6.23594	109.625	0	
-156.495	-11.7116	233.623	0	
-221.912	-14.5162	119.34	0	
-169.141	-4.00209	83.2676	0	
-167.19	-4.8303	98.2015	0	
164.287	-4.15658	246.603	0	
166.707	-4.43785	250.08	0	
155.354	-8.54876	222.557	0	
132.793	-16.0264	215.384	0	
-53.4549	-12.1835	392.592	0	
-9.67296	-13.8421	285.441	0	
42.7951	-12.1835	136.059	0	
33.1604	-13.2995	206.431	0	
-53.1756	-15.7705	405.927	0	
-138.938	-7.6289	272.936	0	
-134.594	-10.3937	393.918	0	
-155.484	-17.2341	285.822	0	
-127.52	-14.6602	516.258	0	
-47.7993	-19.2086	440.823	0	
-31.0758	-17.4153	523.644	0	
48.4507	-19.2086	30.6322	0	
65.1742	-17.4153	46.1423	0	
131.221	-14.31	218.666	0	
153.572	-16.0839	222.071	0	
-157.266	-14.2011	256.511	0	
43.0744	-15.7705	117.884	0	
11.0506	-11.9005	182.186	0	
89.5492	-12.064	219.177	0	
125.528	-11.6848	215.361	0	
119.86	-13.8177	208.047	0	
-167.135	-7.23969	88.1456	0	
-192.539	-4.26558	91.132	0	
-133.857	-13.0595	475.788	0	
-129.198	-9.41262	354.145	0	
-228.19	-24.6897	145.393	0	
-128.413	-13.1119	448.185	0	
-132.411	-9.49708	339.671	0	
-132.552	-6.10622	223.921	0	
-166.307	-13.5038	153.689	0	
-108.605	-11.4398	428.261	0	
-130.943	-10.541	346.61	0	
-129.662	-7.54154	263.379	0	
-131.112	-14.0765	463.859	0	
-127.757	-10.8627	372.887	0	
-135.282	-19.8734	622.496	0	
-102.952	-12.0229	450.985	0	
-130.381	-12.4546	455.615	0	
-128.544	-17.3008	621.588	0	
-148.258	-15.1857	413.985	0	
-3.6662	-13.8175	198.357	0	
-125.443	-18.0933	623.424	0	
-125.597	-14.7313	520.96	0	
-62.6835	-17.1843	458.883	0	
-85.1994	-11.9005	492.513	0	
-124.144	-16.6164	577.403	0	
-121.999	-16.5434	590.364	0	
-91.6409	-16.373	618.517	0	
-70.7541	-13.472	463.009	0	
4.6091	-16.373	182.7	0	
25.4959	-13.472	193.692	0	
-110.152	-7.25958	249.159	0	
-116.205	-10.7321	400.86	0	
-13.9017	-7.25958	187.514	0	
-12.3545	-11.4398	228.327	0	
82.3483	-7.25958	200.161	0	
83.8955	-11.4398	215.995	0	
-83.8414	-14.5362	555.317	0	
-76.2546	-10.6507	409.45	0	
12.4086	-14.5362	184.19	0	
19.9954	-10.6507	206.226	0	
-97.6578	-11.3921	454.456	0	
-90.4292	-10.045	387.087	0	
-1.40778	-11.3921	182.346	0	
5.82085	-10.045	186.839	0	
-111.605	-11.7939	409.398	0	
-108.046	-8.66433	346.644	0	
-15.3552	-11.7939	314.257	0	
-11.7958	-8.66433	238.869	0	
80.8948	-11.7939	234.329	0	
84.4542	-8.66433	215.774	0	
-57.7296	-12.6391	395.524	0	
-56.3189	-16.133	432.058	0	
38.5204	-12.6391	147.986	0	
39.9311	-16.133	117.851	0	
-173.564	-2.47004	79.4218	0	
-165.151	-8.11045	130.372	0	
157.521	-9.12614	232.137	0	
160.271	-11.5138	232.149	0	
-36.2393	-7.66183	306.702	0	
-40.908	-14.645	459.003	0	
60.0107	-7.66183	233.451	0	
55.342	-14.645	52.0225	0	
92.8124	-13.4707	202.575	0	
138.603	-11.6407	211.708	0	
-114.482	-16.5569	631.743	0	
-119.297	-14.1357	528.11	0	
-106.853	-18.8267	666.006	0	
-90.9091	-14.035	558.307	0	
-63.0896	-13.2995	433.356	0	
-81.2221	-13.5164	534.694	0	
-119.75	-18.497	642.352	0	
-105.923	-13.8421	567.86	0	
-99.9162	-13.8175	561.368	0	
-124.617	-21.7604	687.427	0	
15.0279	-13.5164	180.96	0	
33.5665	-17.1843	166.212	0	
-177.258	-5.78191	88.7481	0	
-175.551	-13.7225	121.56	0	
-170.014	-8.10752	105.685	0	
-170.068	-11.6224	89.8244	0	
123.346	-14.3333	223.183	0	
130.766	-41.4755	197.886	0	
-117.966	-16.82	577.261	0	
-113.607	-13.3165	494.862	0	
-93.8748	-11.0032	447.412	0	
-93.6138	-16.0889	606.263	0	
2.37524	-11.0032	181.783	0	
2.63623	-16.0889	202.894	0	
-136.481	-15.5337	550.122	0	
46.237	-15.9763	66.0589	0	
-50.013	-15.9763	438.844	0	
-33.8137	-14.565	513.885	0	
-118.828	-25.8063	770.666	0	
62.4363	-14.565	120.991	0	
-89.2433	-18.71	682.025	0	
-88.6959	-14.349	577.764	0	
7.00668	-18.71	206.006	0	
7.55411	-14.349	184.276	0	
-158.473	-25.925	283.851	0	
-57.5305	-27.6829	521.664	0	
-87.3706	-17.1144	624.251	0	
-82.1404	-18.8236	644.336	0	
-17.0729	-14.4419	369.379	0	
125.77	-16.4577	217.693	0	
8.87942	-17.1144	179.427	0	
14.1096	-18.8236	194.803	0	
218.789	-9.67962	241.263	0	
183.637	-7.09149	250.954	0	
135.243	-14.7675	215.565	0	
140.335	-13.8884	212.097	0	
-181.714	-1.61583	84.2067	0	
-173.773	-5.29005	77.001	0	
163.087	-10.0309	239.623	0	
180.465	-1.61583	252.83	0	
-76.9341	-14.5113	532.725	0	
-67.81	-14.1067	458.694	0	
19.3159	-14.5113	185.158	0	
28.44	-14.1067	223.723	0	
-162.174	-17.4716	226.179	0	
-121.07	-22.2371	707.587	0	
-58.6684	-18.9989	476.411	0	
0.81144	-18.779	212.679	0	
37.5816	-18.9989	84.6157	0	
107.856	-15.3565	201.046	0	
138.207	-15.8819	211.874	0	
143.531	-14.1381	211.323	0	
99.901	-16.4959	192.164	0	
79.1771	-14.4419	182.606	0	
-111.48	-20.2273	732.035	0	
-99.0883	-17.8006	639.952	0	
-27.2006	-15.1171	527.092	0	
-2.83826	-17.8006	237.048	0	
69.0494	-15.1171	148.853	0	
46.6928	-24.0743	25.7088	0	
-166.112	-27.3981	208.646	0	
-68.8837	-22.4837	565.519	0	
-81.3835	-22.9609	719.275	0	
-67.2534	-16.8341	502.878	0	
14.8665	-22.9609	189.702	0	
28.9966	-16.8341	178.742	0	
125.531	-19.801	212.679	0	
145.65	-18.2045	216.207	0	
136.74	-19.4185	214.935	0	
140.986	-21.4915	207.543	0	
-74.1374	-16.0301	543.623	0	
-64.6977	-18.8508	510.566	0	
22.1126	-16.0301	211.052	0	
31.5523	-18.8508	154.03	0	
-95.4386	-18.779	714.194	0	
2.52004	-23.669	242.495	0	
27.3663	-22.4837	150.199	0	
30.7731	-22.4901	145.673	0	
-84.7755	-17.335	619.967	0	
-79.7054	-15.7809	558.376	0	
11.4745	-17.335	185.456	0	
16.5446	-15.7809	189.151	0	
218.255	-34.6155	237.324	0	
132.745	-19.8694	213.181	0	
-152.736	-16.2622	335.975	0	
-150.381	-17.763	415.081	0	
-144.708	-21.2594	554.806	0	
-141.325	-14.5407	489.196	0	
-62.9905	-26.6887	531.403	0	
-11.2357	-19.2992	325.208	0	
33.2595	-26.6887	81.7298	0	
116.277	-16.8153	225.334	0	
-128.495	-23.6616	698.527	0	
19.247	-23.4473	201.909	0	
-188.557	-1.93891	88.4511	0	
-196.769	-2.32667	97.7061	0	
172.064	-6.00496	252.46	0	
174.369	-7.9727	250.995	0	
197.421	-9.75588	247.728	0	
191.289	-4.26558	250.616	0	
80.6149	-19.5449	221.683	0	
38.7195	-27.6829	45.7914	0	
-73.6736	-19.0863	596.651	0	
-69.7337	-19.2556	567.603	0	
22.5764	-19.0863	174.425	0	
26.5163	-19.2556	186.645	0	
122.174	-26.556	198.695	0	
124.937	-40.2492	185.954	0	
-148.731	-22.1193	429.781	0	
-130.945	-20.0681	644.588	0	
-89.5076	-23.3158	755.308	0	
-77.003	-23.4473	669.413	0	
-71.1732	-25.5223	641.834	0	
-65.4769	-22.4901	568.399	0	
-169.77	-21.2264	185.603	0	
-64.5794	-30.6463	608.834	0	
-139.982	-23.3262	597.535	0	
-137.645	-30.9202	660.987	0	
-75.3526	-26.6553	666.971	0	
25.0768	-25.5223	164.916	0	
-31.4696	-23.2096	539.748	0	
73.7048	-20.502	108.582	0	
-23.6801	-16.4504	486.256	0	
-15.6351	-19.5449	428.681	0	
72.5699	-16.4504	117.565	0	
85.0151	-19.3404	186.285	0	
129.698	-22.0559	211.267	0	
117.076	-20.985	203.329	0	
-103.053	-20.9905	751.5	0	
-93.73	-23.669	751.211	0	
-49.5572	-24.0743	472.137	0	
6.74241	-23.3158	207.146	0	
-184.618	-8.98987	87.524	0	
-185.032	-3.55475	79.1342	0	
-206.623	-2.79194	109.491	0	
-179.781	-9.87097	76.4626	0	
180.177	-8.24429	251.434	0	
187.785	-10.442	251.702	0	
170.878	-14.4791	244.723	0	
159.464	-15.8639	230.791	0	
-85.4635	-32.3384	753.245	0	
20.8974	-26.6553	166.961	0	
-7.43655	-21.463	314.959	0	
90.9132	-21.5281	174.194	0	
-85.5482	-26.5803	766.666	0	
-18.107	-29.5111	470.027	0	
10.7018	-26.5803	224.239	0	
111.968	-28.0025	201.169	0	
-18.1435	-22.7175	436.408	0	
-22.5452	-20.502	508.957	0	
78.1065	-22.7175	86.7372	0	
64.7804	-23.2096	38.2997	0	
34.1156	-37.3795	88.7612	0	
121.506	-22.1434	212.29	0	
-24.1065	-30.9545	471.434	0	
-6.83217	-26.5477	342.853	0	
-130.495	-31.0609	718.278	0	
174.884	-12.8846	249.348	0	
178.79	-12.8864	250.628	0	
-76.4692	-32.4504	682.53	0	
-69.3552	-29.4863	618.664	0	
-145.697	-34.3804	479.26	0	
-152.057	-27.6463	471.824	0	
19.7808	-32.4504	184.749	0	
26.8948	-29.4863	125.534	0	
1.24121	-36.2378	311.034	0	
13.9656	-32.8618	229.223	0	
184.118	-14.761	246.506	0	
227.701	-6.85826	241.019	0	
133.014	-34.6533	198.373	0	
-106.794	-33.2356	800.165	0	
31.6706	-30.6463	93.3366	0	
-72.173	-34.0637	662.656	0	
-67.7476	-39.8274	662.868	0	
-22.5359	-47.4922	466.939	0	
127.182	-26.4913	207.622	0	
24.077	-34.0637	134.577	0	
28.5024	-39.8274	111.982	0	
-113.39	-24.9987	743.903	0	
-108.048	-28.3672	801.896	0	
106.947	-24.7538	188.794	0	
92.4297	-27.5266	200.161	0	
-218.447	-3.35033	120.585	0	
-175.995	-19.4449	92.23	0	
191.912	-9.23189	248.884	0	
201.219	-12.4705	244.004	0	
54.1181	-18.9378	29.8869	0	
69.7905	-24.963	60.4865	0	
-42.1319	-18.9378	485.118	0	
-26.4595	-24.963	500.059	0	
-192.319	-8.83173	93.2372	0	
-201.547	-5.11861	99.1535	0	
72.1435	-30.9545	30.1752	0	
128.068	-30.7205	194.462	0	
42.4557	-33.5404	44.0395	0	
78.143	-29.5111	112.314	0	
-62.1344	-37.3795	573.43	0	
-0.525287	-27.7753	309.333	0	
84.4836	-32.7829	84.919	0	
208.989	-20.8084	241.044	0	
-28.0097	-38.1045	492.045	0	
123.686	-35.5846	196.732	0	
-53.7943	-33.5404	496.596	0	
-35.3322	-36.6738	472.67	0	
100.921	-29.485	188.695	0	
161.838	-60.3262	221.244	0	
118.807	-29.1208	203.931	0	
116.094	-38.0682	190.423	0	
115.315	-25.5586	195.804	0	
112.121	-35.7127	176.945	0	
60.9178	-36.6738	10.2003	0	
119.433	-33.9202	186.029	0	
120.859	-47.2293	173.316	0	
-183.583	-23.2797	153.365	0	
-95.5796	-32.8724	782.103	0	
-114.065	-35.7792	774.009	0	
68.2403	-38.1045	66.0826	0	
32.7098	-63.156	179.257	0	
9.60751	-38.8404	296.785	0	
-225.327	-7.3709	131.875	0	
-187.923	-11.9402	94.1406	0	
170.297	-36.5037	232.649	0	
163.474	-19.8544	233.114	0	
-196.34	-11.9773	99.3743	0	
-194.679	-18.9528	110.866	0	
73.7994	-47.6214	56.1707	0	
207.712	-10.3255	243.965	0	
204.86	-2.4629	245.439	0	
-212.356	-6.14227	115.196	0	
129.252	-50.7796	198.661	0	
133.997	-47.3484	185.499	0	
213.211	-14.7209	242.503	0	
215.594	-2.82136	242.322	0	
-220.733	-37.1938	138.613	0	
103.164	-47.8011	138.702	0	
189.04	-35.7251	242.039	0	
199.849	-18.9164	244.669	0	
169.619	-18.8059	240.322	0	
139.422	-30.3106	203.025	0	
-55.5317	-23.7287	457.672	0	
-37.3685	-24.4061	472.626	0	
-56.8093	-39.2794	577.416	0	
-45.742	-28.3975	458.515	0	
-52.3145	-47.6453	547.1	0	
-39.2206	-29.0001	490.725	0	
-47.9803	-33.9094	497.451	0	
-43.191	-47.72	549.272	0	
40.7183	-23.7287	56.2697	0	
58.8815	-24.4061	13.3443	0	
39.4407	-39.2794	40.9736	0	
50.508	-28.3975	15.5607	0	
43.9355	-47.6453	59.2093	0	
57.0294	-29.0001	16.1312	0	
48.2697	-33.9094	12.5552	0	
53.059	-47.72	21.3436	0	
146.739	-35.2634	208.578	0	
141.083	-48.4033	208.291	0	
-171.12	-37.8728	260.245	0	
-73.0349	-48.8114	700.683	0	
-12.6794	-31.8279	376.279	0	
-7.11451	-38.7862	408.269	0	
-126.706	-35.6751	726.049	0	
-120.757	-31.7185	758.849	0	
-116.584	-45.0329	739.502	0	
-102.338	-25.7597	774.636	0	
-126.333	-45.697	684.912	0	
-90.3084	-40.7522	759.282	0	
-232.636	-4.02057	121.761	0	
-213.24	-13.2876	120.333	0	
-83.0809	-48.9441	727.708	0	
112.882	-53.996	168.617	0	
-41.8717	-39.7232	495.755	0	
-36.3206	-55.0703	523.516	0	
-51.4248	-68.4389	569.829	0	
9.79367	-57.9625	326.905	0	
54.3783	-39.7232	29.3708	0	
92.7142	-53.006	124.665	0	
154.638	-31.4481	216.877	0	
162.265	-25.6367	230.998	0	
146.844	-43.5002	206.559	0	
174.146	-25.0927	240.013	0	
-10.5586	-47.7958	443.877	0	
26.2122	-47.5873	162.917	0	
-99.9985	-36.0407	808.814	0	
-96.6648	-27.4598	810.318	0	
-98.8599	-43.4908	757.69	0	
-80.4857	-35.5349	762.56	0	
-163.404	-50.9608	284.232	0	
-107.716	-63.4503	644.978	0	
-90.5028	-35.2672	794.959	0	
-94.2465	-45.8076	763.421	0	
155.531	-25.6086	220.792	0	
162.53	-38.6767	222.564	0	
145.406	-55.4476	199.455	0	
154.317	-46.2331	213.129	0	
-213.385	-66.8866	182.998	0	
-68.9458	-57.4799	654.811	0	
-90.1982	-53.4761	712.865	0	
-83.9074	-41.2679	740.127	0	
162.103	-45.2249	223.764	0	
179.505	-41.8783	230.822	0	
-26.1557	-55.5594	513.459	0	
139.16	-65.0425	212.537	0	
197.836	-37.8736	237.176	0	
182.569	-22.1973	246.856	0	
84.0431	-43.7432	115.556	0	
105.034	-36.7207	179.562	0	
152.77	-54.4151	216.593	0	
130.092	-61.4294	182.913	0	
118.312	-65.1624	196.798	0	
75.0509	-68.8235	131.885	0	
146.414	-81.4576	219.918	0	
-56.4852	-56.245	631.745	0	
36.3201	-53.5053	90.6483	0	
64.865	-77.0726	132.276	0	
112.416	-78.8413	182.876	0	
59.9585	-55.1042	68.977	0	
70.2087	-55.7224	88.9803	0	
190.375	-24.8482	241.521	0	
208.311	-28.8887	240.635	0	
178.328	-52.8869	232.8	0	
191.284	-60.8463	232.549	0	
-88.1029	-75.4263	576.955	0	
201.257	-51.9863	235.309	0	
232.766	-30.613	239.844	0	
-94.3526	-64.6703	634.573	0	
-21.2176	-68.4889	474.824	0	
-136.235	-54.5345	466.321	0	
-75.0762	-70.6121	593.252	0	
-135.57	-69.1305	470.398	0	
17.1658	-67.2349	235.603	0	
-40.3839	-67.1895	542.268	0	
-31.1675	-76.4316	509.87	0	
-40.0545	-114.942	394.445	0	
12.3999	-80.9419	312.178	0	
-62.4004	-77.8089	586.154	0	
87.3127	-69.9851	144.366	0	
42.2377	-72.0126	144.193	0	
55.7444	-67.659	118.305	0	
40.1802	-103.505	237.273	0	
95.4064	-81.6752	192.445	0	
28.0081	-85.7304	244.829	0	
122.096	-92.0535	217.56	0	
161.728	-77.7738	220.821	0	
-193.993	-43.518	161.579	0	
15.2296	-47.9657	226.328	0	
-2.66107	-58.4408	391.415	0	
-9.7003	-71.0667	431.432	0	
-2.01149	-84.2955	374.896	0	
-119.078	-74.1502	465.962	0	
-32.1741	-91.5468	431.281	0	
-46.1975	-98.0428	459.12	0	
174.139	-96.1654	229.993	0	
-93.5477	-95.5998	421.79	0	
177.439	-132.495	231.766	0	
-14.5355	-96.8328	404.765	0	
214.807	-50.7788	237.112	0	
227.722	-62.6715	234.15	0	
-226.174	-52.2763	177.79	0	
140.1	-95.1239	217.195	0	
65.7718	-108.2	234.336	0	
71.1759	-93.9508	202.668	0	
-196.369	-62.35	207.485	0	
-111.16	-95.5437	432.989	0	
-0.0955761	-124.944	306.662	0	
140.341	-120.541	224.723	0	
149.26	-111.77	227.483	0	
224.915	-82.6931	230.639	0	
-149.645	-83.0905	302.781	0	
-181.387	-78.8859	220.067	0	
-223.27	-87.3322	221.418	0	
206.301	-97.3985	232.157	0	
-122.3	-109.469	308.047	0	
89.4554	-97.3917	197.177	0	
115.761	-106.486	213.215	0	
94.5914	-125.39	227.938	0	
100.129	-108.99	220.451	0	
-212.53	-108.31	217.415	0	
-187.663	-104.4	247.926	0	
-61.1884	-90.7965	453.542	0	
-17.3938	-112.921	383.751	0	
118.793	-131.494	226.179	0	
78.5133	-128.04	227.265	0	
145.868	-135.276	229.002	0	
29.3462	-123.276	272.36	0	
-50.7969	-127.592	371.243	0	
124.844	-118.328	227.004	0	
104.171	-136.052	229.113	0	
164.24	-142.504	229.058	0	
167.986	-116.495	227.68	0	
100.66	-156.977	230.949	0	
131.518	-141.125	227.886	0	
68.4008	-148.446	237.463	0	
208.027	-119.4	231.899	0	
190.911	-84.7228	228.895	0	
-79.309	-103.773	424.504	0	
-75.0605	-123.67	374.825	0	
-150.767	-144.01	268.407	0	
-166.751	-116.842	246.142	0	
-117.627	-141.298	299.451	0	
196.992	-135.207	230.859	0	
-237.04	-135.177	233.486	0	
210.321	-157.735	232.668	0	
231.512	-122.086	232.014	0	
233.724	-149.676	232.041	0	
-94.1678	-149.074	303.477	0	
44.8253	-148.377	249.974	0	
