# File: UnstructuredGrid_Inversion_L0_Coarse_Iter02.dat
# (No specific header documentation)

-161.25	-0.496475	131.713	0	
-159.375	-0.668155	169.257	0	
-65.625	-0.431516	187.284	0	
30.625	-0.431516	215.235	0	
-144.294	-102.036	293.066	0	
126.875	-0.668155	198.92	0	
31.875	-0.668155	202.152	0	
-165.826	-72.3824	278.438	0	
-64.375	-0.668155	197.654	0	
-120.32	-2.91409	187.93	0	
-147.888	-47.073	397.06	0	
-143.958	-2.01633	198.957	0	
-158.741	-19.8395	267.079	0	
-159.808	-14.2913	223.107	0	
-115.104	-1.86538	180.994	0	
-108.175	-49.9394	621.543	0	
-66.354	-1.86538	188.4	0	
-138.854	-1.86538	208.082	0	
-156.794	-6.05848	216.653	0	
-148.75	-1.09967	187.001	0	
-145.208	-2.72654	201.167	0	
-146.458	-2.01633	197.996	0	
-125.881	-3.06027	199.07	0	
-154.094	-4.85908	224.219	0	
-157.708	-2.01633	192.432	0	
-151.071	-10.8319	321.763	0	
-154.792	-2.72654	208.959	0	
-158.77	-3.86216	193.653	0	
125.625	-0.431516	200.853	0	
-24.0702	-2.91409	201.844	0	
-157.76	-5.35468	207.199	0	
-46.4583	-2.01633	198.976	0	
-157.292	-2.72654	197.986	0	
-160.13	-11.9534	210.871	0	
-18.854	-1.86538	202.981	0	
-151.295	-2.8545	208.201	0	
29.896	-1.86538	197.907	0	
-42.604	-1.86538	196.807	0	
-169.22	-2.04966	113.98	0	
-53.75	-1.09967	190.568	0	
-165.6	-1.76839	125.53	0	
-167.3	-0.925681	109.823	0	
-62.2917	-2.72654	200.53	0	
-171.389	-5.89642	108.383	0	
-61.0417	-3.47328	201.361	0	
-164.269	-10.8597	136.032	0	
-59.7917	-2.72654	198.184	0	
-68.125	-0.36089	186.014	0	
-65.5207	-2.1669	192.021	0	
-87.5	-1.09967	167.907	0	
-158.125	-0.431516	183.765	0	
-156.875	-0.668155	198.905	0	
-80.5207	-2.1669	183.835	0	
-157.5	-1.09967	189.151	0	
-70.625	-0.431516	185.692	0	
79.375	-0.668155	236.356	0	
-154.375	-0.668155	205.268	0	
55.625	-0.668155	219.943	0	
-153.125	-0.431516	197.68	0	
-150.625	-0.366631	186.908	0	
38.5417	-2.01633	210.594	0	
-153.75	-1.09967	202.624	0	
49.7917	-2.01633	213.871	0	
-155.625	-0.431516	199.846	0	
72.1798	-2.91409	212.708	0	
-162.583	-1.33918	142.813	0	
-60	-1.09967	185.099	0	
-149.375	-0.431516	201.345	0	
-155	-1.09967	200.865	0	
31.0415	-5.36053	198.47	0	
-148.125	-0.668155	185.115	0	
31.0341	-3.06466	193.084	0	
-146.875	-0.431516	205.969	0	
-147.5	-1.09967	195.499	0	
36.875	-0.668155	216.058	0	
32.7083	-2.01633	202.955	0	
-144.375	-0.431516	205.294	0	
28.125	-0.36089	199.753	0	
-137.5	-1.09967	191.944	0	
-139.375	-0.366631	225.431	0	
25.625	-0.431516	193.513	0	
-143.125	-0.668155	198.873	0	
33.75	-1.09967	211.094	0	
-143.75	-1.09967	196.511	0	
34.375	-0.668155	208.643	0	
8.75	-1.09967	180.167	0	
-136.875	-0.668155	242.257	0	
183.782	-3.55475	264.384	0	
-135.625	-0.431516	230.149	0	
-135	-0.798148	199.21	0	
135.922	-2.00504	199.834	0	
-136.25	-1.09967	205.731	0	
149.65	-2.73747	197.543	0	
131.936	-4.3008	204.763	0	
-131.25	-0.798148	215.584	0	
129.003	-2.80091	199.706	0	
-122.604	-1.86538	192.055	0	
-128.75	-1.09967	204.747	0	
129.375	-0.668155	193.995	0	
-130.625	-0.431516	228.13	0	
133.125	-0.668155	205.958	0	
-130	-1.09967	208.433	0	
141.875	-0.668155	201.86	0	
-138.125	-0.431516	221.229	0	
15.7293	-2.1669	185.607	0	
128.75	-1.09967	200.283	0	
-121.25	-1.09967	183.436	0	
120.625	-0.431516	191.424	0	
-121.875	-0.431516	195.288	0	
-120.625	-0.668155	216.945	0	
110.744	-2.06993	190.003	0	
-123.125	-0.366631	214.579	0	
123.125	-0.36089	195.545	0	
-116.875	-0.36089	182.82	0	
-120	-1.09967	170.158	0	
-133.661	-2.93321	201.964	0	
-115.625	-0.366631	194.076	0	
-114.375	-0.431516	180.604	0	
-127.5	-0.798148	195.282	0	
-113.75	-1.09967	173.018	0	
-119.375	-0.431516	193.468	0	
-115	-0.798148	185.899	0	
100.625	-0.431516	177.027	0	
-93.125	-0.668155	167.023	0	
-112.5	-1.09967	170.52	0	
-103.125	-0.668155	185.39	0	
-111.25	-0.798148	184.077	0	
-103.75	-1.09967	174.074	0	
-114.271	-2.1669	181.987	0	
-111.875	-0.431516	175.284	0	
-110.328	-2.00504	177.911	0	
-111.994	-2.06993	187.261	0	
-108.125	-0.431516	182.769	0	
-141.875	-0.431516	221.245	0	
-104.375	-0.431516	174.34	0	
-95.104	-1.86538	172.368	0	
-142.5	-1.09967	214.493	0	
-105.625	-0.366631	181.88	0	
-110.625	-0.366631	182.893	0	
-108.75	-1.09967	184.904	0	
-109.375	-0.668155	172.53	0	
-113.125	-0.668155	200.606	0	
-104.405	-3.52006	187.719	0	
-128.125	-0.431516	228.527	0	
127.708	-2.01633	198.758	0	
-102.5	-1.09967	173.574	0	
43.125	-0.668155	226.214	0	
-129.375	-0.668155	218.819	0	
-101.875	-0.431516	172.268	0	
-133.125	-0.668155	236.26	0	
-99.375	-0.668155	170.259	0	
-101.25	-0.798148	175.752	0	
-90.9973	-2.80091	183.25	0	
-134.375	-0.366631	229.615	0	
-95.625	-0.366631	166.382	0	
-150.089	-1.76841	189.143	0	
-73.854	-1.86538	181.216	0	
-92.5	-1.09967	172.861	0	
-148.968	-2.99641	191.395	0	
-94.375	-0.431516	166.433	0	
-151.875	-0.668155	203.24	0	
-93.75	-1.09967	172.967	0	
-135.744	-2.06993	208.402	0	
-149.256	-2.06993	196.3	0	
-88.75	-0.798148	174.01	0	
-147.292	-2.01633	190.19	0	
-81.354	-1.86538	172.498	0	
-86.25	-1.09967	172.415	0	
-146.25	-1.09967	190.841	0	
-88.125	-0.431516	166.444	0	
-145.625	-0.668155	196.791	0	
-156.042	-2.01633	202.376	0	
-81.875	-0.366631	177.009	0	
-150	-0.798148	183.255	0	
-79.375	-0.668155	184.552	0	
-73.75	-0.798148	186.678	0	
-153.542	-2.01633	199.284	0	
-80.625	-0.431516	171.773	0	
-155.208	-2.01633	207.545	0	
-85.625	-0.431516	168.207	0	
-156.25	-1.09967	207.558	0	
-91.875	-0.431516	168.214	0	
-138.75	-0.798148	208.442	0	
-158.75	-1.09967	190.774	0	
-72.5	-1.09967	176.941	0	
-20.625	-0.36089	205.915	0	
-73.125	-0.431516	181.672	0	
-71.875	-0.668155	192.408	0	
-23.125	-0.431516	206.878	0	
-74.375	-0.366631	187.2	0	
-158.542	-2.01633	180.257	0	
-31.25	-0.798148	202.714	0	
-71.25	-1.09967	181.584	0	
3.125	-0.668155	164.675	0	
-66.875	-0.366631	191.963	0	
30.7293	-2.1669	199.115	0	
-14.0777	-2.00504	202.021	0	
-65	-1.09967	184.145	0	
-8.15454	-3.52006	195.516	0	
-66.25	-0.798148	191.093	0	
-37.4111	-2.93321	200.858	0	
-18.0207	-2.1669	196.989	0	
-63.125	-0.431516	190.786	0	
-15.7444	-2.06993	201.682	0	
-60.625	-0.431516	191.655	0	
-59.375	-0.668155	197.784	0	
-14.375	-0.366631	209.466	0	
-61.875	-0.668155	196.887	0	
-13.125	-0.668155	224.931	0	
-46.875	-0.431516	197.936	0	
-58.125	-0.431516	192.184	0	
-33.125	-0.668155	203.398	0	
-54.375	-0.431516	196.624	0	
-53.125	-0.668155	189.588	0	
-41.7707	-2.1669	196.643	0	
-55.625	-0.366631	191.985	0	
-41.4106	-3.16569	200.853	0	
-58.75	-1.09967	189.355	0	
-44.375	-0.36089	198.081	0	
-62.5	-1.09967	187.387	0	
-6.875	-0.668155	190.947	0	
-78.75	-1.09967	173.941	0	
-152.5	-1.09967	185.19	0	
-39.4944	-2.06993	195.834	0	
-51.875	-0.431516	194.391	0	
-56.875	-0.668155	199.465	0	
-49.375	-0.431516	194.149	0	
-48.125	-0.668155	185.062	0	
-55.0889	-1.76841	191.031	0	
-48.75	-1.09967	193.2	0	
-38.125	-0.366631	199.604	0	
-42.5	-0.798148	192.002	0	
-41.25	-1.09967	197.286	0	
-50.625	-0.668155	187.113	0	
-41.875	-0.431516	206.566	0	
-40.625	-0.668155	193.359	0	
-52.2917	-2.01633	195.224	0	
-43.125	-0.366631	189.888	0	
-54.2556	-2.06993	196.052	0	
-47.5	-1.09967	200.379	0	
-53.9679	-2.99641	198.615	0	
-61.25	-1.09967	186.454	0	
-39.375	-0.431516	205.047	0	
-62.7083	-2.01633	190.4	0	
-33.75	-1.09967	192.306	0	
-35	-0.798148	184.572	0	
-55	-0.798148	188.58	0	
-38.75	-0.798148	196.806	0	
-61.0417	-2.01633	193.125	0	
-57.5	-1.09967	181.166	0	
-26.354	-1.86538	197.396	0	
-63.5417	-2.01633	196.171	0	
-31.875	-0.431516	205.951	0	
-25	-1.09967	189.303	0	
-69.375	-0.668155	194.228	0	
-32.5	-1.09967	190.238	0	
-63.75	-1.09967	181.955	0	
-34.375	-0.431516	209.701	0	
-58.5417	-2.01633	191.839	0	
-40	-1.09967	200.651	0	
-51.25	-1.09967	193.11	0	
-73.0207	-2.1669	188.787	0	
-25.625	-0.431516	206.359	0	
-71.0417	-2.01633	187.047	0	
-18.75	-0.798148	204.88	0	
-23.75	-1.09967	202.824	0	
-70	-1.09967	178.652	0	
-24.375	-0.668155	208.13	0	
-67.5054	-1.48403	186.788	0	
-78.125	-0.431516	177.1	0	
-19.375	-0.366631	208.62	0	
-80	-1.09967	167.978	0	
-16.875	-0.668155	214.48	0	
-16.25	-1.09967	198.975	0	
93.5212	-2.84299	194.21	0	
-18.125	-0.431516	210.461	0	
-91.4583	-2.01633	173.083	0	
-17.5	-1.09967	195.554	0	
-75.625	-0.36089	176.706	0	
82.5446	-2.8545	208.222	0	
-15	-0.798148	199.471	0	
101.503	-2.80091	190.639	0	
-12.5	-1.09967	194.555	0	
-11.875	-0.431516	210.909	0	
83.125	-0.668155	210.743	0	
-7.5	-1.09967	227.629	0	
89.375	-0.668155	219.635	0	
81.875	-0.366631	225.274	0	
-8.125	-0.431516	209.813	0	
73.125	-0.431516	234.193	0	
-6.25	-1.09967	213.837	0	
-5.625	-0.431516	207.062	0	
66.6193	-3.06027	216.217	0	
1.14595	-1.86538	180.589	0	
75.625	-0.36089	228.413	0	
-9.375	-0.366631	203.574	0	
80.5056	-2.06993	215.471	0	
-15.625	-0.431516	219.042	0	
99.375	-0.668155	185.391	0	
-26.875	-0.366631	205.537	0	
-67.5	-0.727521	189.76	0	
-52.5	-1.09967	189.254	0	
-36.875	-0.668155	209.814	0	
-137.661	-3.16569	200.457	0	
-5	-0.798148	194.18	0	
-3.125	-0.668155	197.574	0	
63.125	-0.668155	235.023	0	
2.5	-1.09967	188.033	0	
0.625	-0.366631	166.236	0	
58.4223	-2.00504	217.847	0	
59.375	-0.668155	217.324	0	
1.875	-0.431516	171.192	0	
58.125	-0.366631	223.68	0	
3.75	-1.09967	172.437	0	
4.375	-0.431516	168.807	0	
51.875	-0.36089	212.22	0	
22.396	-1.86538	187.599	0	
56.7556	-2.06993	216.446	0	
7.5	-0.798148	185.186	0	
65.9223	-2.00504	217.584	0	
42.2821	-2.99641	216.876	0	
8.125	-0.431516	164.159	0	
41.9944	-2.06993	216.653	0	
10	-1.09967	191.989	0	
10.625	-0.431516	163.451	0	
45.625	-0.668155	217.949	0	
14.896	-1.86538	178.295	0	
53.75	-0.798148	217.049	0	
45	-1.09967	210.902	0	
15.625	-0.431516	177.258	0	
41.1611	-1.76841	217.474	0	
22.5	-0.798148	186.473	0	
17.5	-1.09967	199.326	0	
33.5417	-2.01633	204.497	0	
16.875	-0.668155	161.688	0	
39.375	-0.668155	220.097	0	
14.375	-0.366631	155.947	0	
43.9583	-2.01633	218.973	0	
23.75	-1.09967	191.954	0	
49.375	-0.431516	217.281	0	
37.7083	-2.01633	215.579	0	
21.875	-0.366631	165.733	0	
35	-1.09967	202.042	0	
24.375	-0.668155	175.234	0	
30	-0.798148	190.444	0	
35.2083	-2.01633	209.9	0	
23.125	-0.431516	196.43	0	
38.75	-1.09967	220.276	0	
28.7446	-1.48403	198.744	0	
31.25	-1.09967	197.089	0	
28.75	-0.727521	196.131	0	
125.729	-2.1669	194.691	0	
32.5	-1.09967	197.477	0	
25.2083	-2.01633	187.444	0	
29.375	-0.366631	187.543	0	
23.2293	-2.1669	192.433	0	
25	-1.09967	207.839	0	
26.875	-0.668155	180.927	0	
20.625	-0.36089	180.465	0	
36.25	-1.09967	214.583	0	
4.79167	-2.01633	175.999	0	
42.5	-1.09967	211.446	0	
37.5	-1.09967	200.345	0	
16.25	-1.09967	182.989	0	
35.625	-0.431516	218.947	0	
18.125	-0.431516	172.783	0	
151.875	-0.431516	208.813	0	
40.625	-0.366631	225.931	0	
149.375	-0.431516	197.949	0	
53.646	-1.86538	209.553	0	
43.75	-1.09967	208.343	0	
149.529	-1.8473	205.987	0	
41.875	-0.431516	223.965	0	
144.672	-2.00504	201.576	0	
38.125	-0.431516	222.241	0	
154.375	-0.36089	215.675	0	
33.125	-0.431516	213.26	0	
26.25	-1.09967	198.07	0	
44.375	-0.431516	226.994	0	
41.25	-0.798148	222.782	0	
143.006	-2.06993	200.8	0	
47.5	-1.09967	211.78	0	
138.75	-0.727521	203.433	0	
48.125	-0.668155	214.227	0	
48.75	-1.09967	209.707	0	
136.875	-0.668155	205.722	0	
46.875	-0.431516	221.521	0	
144.375	-0.366631	199.16	0	
140	-0.798148	202.429	0	
53.125	-0.366631	212.837	0	
135.625	-0.366631	204.867	0	
77.396	-1.86538	217.601	0	
56.25	-1.09967	208.822	0	
130.625	-0.366631	199.91	0	
54.375	-0.431516	209.346	0	
134.256	-2.06993	200.044	0	
55	-1.09967	199.352	0	
136.619	-3.06027	200.514	0	
121.875	-0.668155	187.865	0	
57.5	-0.798148	210.062	0	
61.25	-0.798148	226.137	0	
62.5	-1.09967	206.473	0	
61.875	-0.431516	222.978	0	
118.229	-2.1669	194.749	0	
56.875	-0.431516	215.144	0	
123.745	-1.48403	195.644	0	
120.208	-2.01633	193.567	0	
69.896	-1.86538	219.76	0	
115.625	-0.36089	185.282	0	
64.375	-0.431516	226.287	0	
71.25	-1.09967	213.471	0	
113.125	-0.431516	184.576	0	
63.75	-1.09967	209.256	0	
121.25	-1.09967	196.234	0	
69.375	-0.366631	225.101	0	
123.75	-0.727521	193.739	0	
91.25	-0.798148	201.874	0	
131.161	-1.76841	199.336	0	
106.875	-0.431516	177.667	0	
70.625	-0.431516	236.525	0	
-116.255	-1.48403	182.438	0	
77.5	-0.798148	214.289	0	
72.5	-1.09967	203.006	0	
-121.771	-2.1669	193.409	0	
71.875	-0.668155	236.77	0	
-118.125	-0.668155	207.841	0	
-119.792	-2.01633	195.634	0	
76.875	-0.366631	234.881	0	
-123.75	-0.727521	210.2	0	
124.896	-1.86538	194.576	0	
80	-1.09967	206.831	0	
-125.625	-0.668155	226.867	0	
78.125	-0.431516	226.197	0	
-118.75	-1.09967	185.438	0	
78.75	-1.09967	212.354	0	
-116.25	-0.727521	192.521	0	
-86.875	-0.668155	172.665	0	
81.25	-0.798148	220.216	0	
-90.625	-0.668155	166.397	0	
83.75	-1.09967	212.068	0	
84.375	-0.431516	219.301	0	
-92.2917	-2.01633	176.974	0	
88.75	-1.09967	187.631	0	
-98.9788	-2.84299	172.572	0	
-98.125	-0.431516	174.698	0	
88.125	-0.431516	199.163	0	
-109.955	-2.8545	191.941	0	
90	-1.09967	179.157	0	
90.625	-0.431516	189.822	0	
-95	-0.798148	178.607	0	
97.396	-1.86538	184.678	0	
-98.75	-1.09967	170.677	0	
86.875	-0.366631	214.912	0	
-91.25	-1.09967	171.121	0	
80.625	-0.431516	221.78	0	
-94.2707	-2.1669	175.703	0	
101.042	-2.01633	184.3	0	
145.625	-0.668155	209.618	0	
-100.625	-0.366631	175.692	0	
93.125	-0.668155	182.094	0	
-105.089	-1.76841	180.55	0	
96.875	-0.366631	184.33	0	
98.75	-1.09967	182.417	0	
-106.875	-0.668155	171.216	0	
-105	-0.798148	185.509	0	
117.396	-1.86538	190.404	0	
-107.5	-1.09967	192.728	0	
105	-1.09967	188.633	0	
103.75	-0.798148	181.962	0	
-111.161	-1.76841	181.354	0	
100	-1.09967	181.722	0	
-108.542	-2.01633	186.766	0	
98.125	-0.431516	176.278	0	
-113.909	-3.16789	188.257	0	
-140.625	-0.36089	222.564	0	
111.25	-1.09967	187.001	0	
-134.078	-2.00504	206.471	0	
109.375	-0.366631	178.488	0	
110.625	-0.431516	180.748	0	
-122.5	-0.798148	196.762	0	
106.25	-1.09967	185.776	0	
-140.005	-1.48403	213.734	0	
-126.875	-0.366631	208.616	0	
117.5	-0.798148	192.427	0	
-131.339	-1.76841	209.935	0	
118.75	-1.09967	189.682	0	
116.875	-0.366631	181.205	0	
-134.911	-1.76841	210.211	0	
112.5	-1.09967	196.208	0	
-131.875	-0.366631	223.04	0	
111.875	-0.668155	178.55	0	
-128.244	-2.06993	205.05	0	
104.375	-0.431516	177.838	0	
-110	-1.03479	191.024	0	
-151.25	-1.03479	185.051	0	
119.375	-0.668155	190.134	0	
-139.484	-2.19037	200.322	0	
120	-1.09967	197.085	0	
126.25	-1.09967	191.901	0	
-140	-0.727521	198.726	0	
125	-0.798148	190.153	0	
-150.922	-2.00504	191.057	0	
-144.792	-2.01633	192.761	0	
172.314	-2.47004	264.43	0	
-20.0054	-1.48403	204.01	0	
128.125	-0.431516	195.889	0	
132.5	-1.09967	195.829	0	
-25.5207	-2.1669	200.51	0	
127.5	-1.09967	190.065	0	
-21.875	-0.668155	203.985	0	
124.375	-0.366631	191.139	0	
-145	-1.09967	184.916	0	
-23.5417	-2.01633	194.681	0	
131.875	-0.431516	199.499	0	
-27.5	-0.727521	197.585	0	
133.75	-1.09967	199.124	0	
134.375	-0.431516	202.235	0	
-29.375	-0.668155	209.351	0	
139.896	-1.86538	200.049	0	
-22.5	-1.09967	183.344	0	
9.375	-0.668155	159.259	0	
141.25	-1.09967	200.087	0	
5.625	-0.668155	162.723	0	
140.625	-0.431516	201.979	0	
156.146	-1.86538	224.591	0	
3.95833	-2.01633	184.396	0	
139.375	-0.366631	198.761	0	
-2.72879	-2.84299	189.511	0	
135	-0.798148	197.044	0	
1.97929	-2.1669	184.153	0	
131.25	-0.798148	200.456	0	
-20	-0.727521	202.977	0	
118.125	-0.431516	194.153	0	
-133.75	-1.03479	207.383	0	
-1.875	-0.431516	176.146	0	
143.125	-0.431516	199.335	0	
-13.7054	-2.8545	201.002	0	
150	-1.09967	189.344	0	
146.25	-1.09967	191.523	0	
1.25	-0.798148	183.074	0	
143.75	-0.798148	200.974	0	
-2.5	-1.09967	181.851	0	
-4.375	-0.366631	185.88	0	
150.625	-0.668155	208.106	0	
-8.83895	-1.76841	206.693	0	
151.25	-1.09967	204.891	0	
157.5	-1.09967	226.559	0	
-17.6594	-3.16789	190.714	0	
156.25	-0.798148	228.746	0	
-10.625	-0.668155	224.029	0	
148.125	-0.366631	197.606	0	
-5.74439	-2.06993	194.685	0	
-12.2917	-2.01633	207.76	0	
156.875	-0.431516	231.64	0	
-14.9111	-1.76841	204.47	0	
158.958	-1.16463	245.867	0	
160	-0.496475	251.377	0	
-13.75	-1.03479	206.005	0	
158.125	-0.668155	244.323	0	
-11.25	-1.09967	206.37	0	
-43.7554	-1.48403	195.544	0	
159.338	-2.74918	244.902	0	
-26.25	-0.798148	201.74	0	
164.35	-1.76839	260.282	0	
166.05	-0.925681	263.553	0	
-31.9944	-2.06993	201.514	0	
155.521	-4.78762	227.033	0	
-37.8277	-2.00504	197.525	0	
161.333	-1.33918	249.287	0	
-45.625	-0.668155	189.571	0	
155.625	-0.366631	223.122	0	
-8.75	-0.798148	204.477	0	
-35.625	-0.366631	198.216	0	
174.762	-1.34606	266.569	0	
-38.6611	-1.76841	196.369	0	
177.527	-2.9619	265.517	0	
168.496	-7.04709	259.633	0	
-37.5	-1.03479	186.363	0	
166.796	-10.6094	257.775	0	
-35.0889	-1.76841	194.855	0	
-55.9223	-2.00504	192.516	0	
154.805	-6.09945	222.619	0	
-43.75	-0.727521	196.254	0	
119.775	-42.5718	198.788	0	
169.138	-29.3032	235.805	0	
-47.2917	-2.01633	190.271	0	
199.784	-4.78957	253.838	0	
-51.0417	-2.72654	200.594	0	
177.385	-6.05361	264.643	0	
-56.25	-1.03479	186.36	0	
-50	-1.09967	196.366	0	
-68.75	-1.02905	180.549	0	
-66.9845	-2.19037	191.792	0	
-49.7917	-2.01633	193.235	0	
28.7125	-3.24559	197.704	0	
-75.0054	-1.48403	180.135	0	
-79.0702	-2.91409	187.692	0	
-76.875	-0.668155	185.359	0	
-71.5702	-2.91409	192.348	0	
168.693	-54.0604	227.548	0	
-46.25	-1.09967	186.603	0	
167.97	-2.04966	263.188	0	
-30.625	-0.366631	204.701	0	
142.5	-1.09967	197.883	0	
5	-1.09967	192.544	0	
-75	-0.727521	184.959	0	
-101.994	-2.06993	180.631	0	
-78.5417	-2.01633	178.388	0	
65	-0.798148	209.129	0	
-77.5	-1.09967	169.871	0	
-82.5	-0.727521	181.123	0	
-84.375	-0.668155	177.272	0	
98.2293	-2.1669	189.056	0	
105.625	-0.668155	174.989	0	
92.1723	-2.00504	195.058	0	
101.875	-0.668155	183.224	0	
100.208	-2.01633	187.072	0	
101.25	-1.09967	180.984	0	
94.375	-0.431516	193.565	0	
93.75	-1.09967	193.22	0	
88.0955	-3.52006	196.311	0	
97.5	-0.798148	194.59	0	
90.5056	-2.06993	202.887	0	
91.875	-0.366631	197.272	0	
85.625	-0.668155	202.814	0	
87.4111	-1.76841	199.862	0	
82.1723	-2.00504	209.699	0	
87.5	-0.798148	204.426	0	
83.9583	-2.01633	209.477	0	
85	-1.09967	215.32	0	
81.3389	-1.76841	216.278	0	
82.5	-1.03479	220.53	0	
74.375	-0.668155	236.599	0	
76.2446	-1.48403	222.752	0	
70.7293	-2.1669	216.962	0	
76.25	-0.727521	232.121	0	
72.7083	-2.01633	223.854	0	
73.75	-1.09967	223.42	0	
68.75	-0.727521	226.999	0	
66.875	-0.668155	220.393	0	
58.8389	-2.93321	220.307	0	
70	-0.798148	209.772	0	
64.2556	-2.06993	217.068	0	
65.625	-0.366631	226	0	
60.625	-0.366631	228.204	0	
61.1611	-1.76841	219.873	0	
57.5889	-1.76841	216.038	0	
58.75	-1.03479	219.461	0	
50.625	-0.668155	210.095	0	
52.4946	-1.48403	211.081	0	
45.2083	-2.72654	219.607	0	
52.5	-0.727521	210.483	0	
48.9583	-2.01633	216.228	0	
50	-1.09967	209.467	0	
46.25	-1.09967	213.096	0	
46.4583	-2.01633	218.094	0	
40	-1.03479	212.856	0	
40.3277	-2.00504	217.727	0	
27.5	-1.02905	210.614	0	
29.2655	-2.19037	193.397	0	
24.6798	-2.91409	197.59	0	
121.042	-2.01633	195.073	0	
19.375	-0.668155	162.12	0	
21.2446	-1.48403	184.454	0	
17.1798	-2.91409	193.89	0	
21.25	-0.727521	179.767	0	
17.7083	-2.01633	179.908	0	
18.75	-1.09967	185.59	0	
13.75	-0.727521	168.688	0	
11.875	-0.668155	159.443	0	
153.125	-0.668155	208.338	0	
154.995	-1.48403	219.518	0	
145.155	-3.05088	200.42	0	
155	-0.727521	216.85	0	
151.458	-2.01633	202.573	0	
152.5	-1.09967	198.684	0	
146.875	-0.431516	208.765	0	
148.696	-1.54577	195.084	0	
147.758	-2.24637	194.579	0	
148.75	-0.798148	203.679	0	
143.839	-1.76841	197.473	0	
145	-1.03479	193.225	0	
138.125	-0.36089	198.417	0	
138.745	-1.48403	198.187	0	
135.089	-1.76841	200.523	0	
136.25	-1.03479	199.267	0	
130	-1.03479	201.472	0	
130.328	-2.00504	198.593	0	
122.5	-1.02905	201.526	0	
124.266	-2.19037	193.654	0	
119.68	-2.91409	196.908	0	
156.979	-2.1669	235.472	0	
114.375	-0.668155	184.445	0	
116.245	-1.48403	188.418	0	
112.163	-2.94281	194.269	0	
116.25	-0.727521	190.076	0	
112.708	-2.01633	185.421	0	
113.75	-1.09967	183.538	0	
108.125	-0.668155	176.882	0	
109.911	-1.76841	185.941	0	
-117.5	-1.02905	170.975	0	
-115.734	-2.19037	186.549	0	
-138.021	-2.1669	207.212	0	
-67.5375	-3.24559	195.45	0	
-124.375	-0.36089	201.531	0	
-123.755	-1.48403	196.62	0	
-88.0056	-2.06993	179.5	0	
-81.25	-0.798148	181.249	0	
-86.0417	-2.01633	172.541	0	
-85	-1.09967	167.133	0	
-89.375	-0.366631	166.892	0	
-88.8389	-1.76841	170.151	0	
-96.875	-0.36089	161.626	0	
-96.2554	-1.48403	169.711	0	
-95.7345	-2.19037	177.932	0	
-96.25	-0.727521	176.37	0	
-101.161	-1.76841	178.973	0	
-100	-1.03479	184.641	0	
-106.25	-1.03479	185.121	0	
-105.922	-2.00504	179.526	0	
-70.2083	-2.01633	189.384	0	
-100.328	-2.00504	171.783	0	
-141.25	-0.792406	201.296	0	
-140.814	-2.07688	194.317	0	
-153.54	-3.47677	211.562	0	
-123.787	-3.24559	198.149	0	
-127.411	-1.76841	204.22	0	
-126.25	-1.03479	199.526	0	
-132.5	-1.03479	196.273	0	
-132.172	-2.00504	211.307	0	
-118.958	-2.01633	185.8	0	
-126.578	-2.00504	197.435	0	
-202.353	-21.532	138.169	0	
-119.833	-3.79821	196.945	0	
-21.25	-1.02905	205.835	0	
-19.4845	-2.19037	197.938	0	
-27.5375	-3.24559	207.79	0	
5.25269	-2.80091	192.575	0	
-28.125	-0.36089	205.117	0	
-27.5054	-1.48403	198.656	0	
8.24439	-2.06993	182.355	0	
15	-0.798148	182.493	0	
10.2083	-2.01633	176.668	0	
11.25	-1.09967	174.151	0	
6.875	-0.366631	167.212	0	
7.41105	-1.76841	177.236	0	
-0.625	-0.36089	178.48	0	
-0.00541199	-1.48403	180.217	0	
0.51554	-2.19037	193.707	0	
0	-0.727521	198.812	0	
-4.91105	-1.76841	202.661	0	
-3.75	-1.03479	194.608	0	
-10	-1.03479	198.939	0	
-9.67228	-2.00504	208.254	0	
26.0417	-2.01633	196.936	0	
-4.07772	-2.00504	190.362	0	
-45	-1.02905	196.806	0	
-43.2345	-2.19037	194.312	0	
-50.2083	-2.72654	203.388	0	
-29.6307	-3.06027	201.276	0	
-31.1611	-1.76841	195.084	0	
-30	-1.03479	188.389	0	
-36.25	-1.03479	190.567	0	
-35.9223	-2.00504	192.25	0	
-22.7083	-2.01633	201.361	0	
-30.3277	-2.00504	197.83	0	
-60.2083	-2.01633	193.389	0	
-51.4583	-2.01633	193.576	0	
-68.3387	-1.78555	190.575	0	
-68.4751	-2.84652	191.796	0	
-76.25	-1.02905	174.238	0	
-74.4845	-2.19037	186.413	0	
-77.7083	-2.01633	182.367	0	
-105.61	-4.06799	188.13	0	
-83.125	-0.36089	168.685	0	
-82.5054	-1.48403	172.545	0	
104.494	-2.06993	186.063	0	
110	-0.798148	190.657	0	
106.458	-2.01633	187.205	0	
107.5	-1.09967	193.18	0	
103.125	-0.366631	173.968	0	
103.661	-1.76841	181.954	0	
95.625	-0.36089	172.91	0	
96.2446	-1.48403	185.039	0	
96.7655	-2.19037	194.265	0	
96.25	-0.727521	192.093	0	
91.3389	-1.76841	194.875	0	
92.5	-1.03479	205.108	0	
86.25	-1.03479	208.55	0	
86.5777	-2.00504	206.898	0	
78.2293	-2.1669	212.668	0	
78.5906	-3.16789	203.856	0	
75	-1.02905	215.94	0	
76.7655	-2.19037	216.347	0	
68.7125	-3.24559	215.563	0	
123.713	-3.24559	196.318	0	
68.125	-0.36089	225.901	0	
68.7446	-1.48403	221.913	0	
65.0889	-1.76841	217.697	0	
66.25	-1.03479	219.429	0	
60	-1.03479	222.615	0	
60.3277	-2.00504	220.654	0	
54.4793	-2.1669	219.922	0	
73.5417	-2.01633	216.699	0	
51.25	-1.02905	207.605	0	
53.0155	-2.19037	218.509	0	
40.4973	-3.78292	218.243	0	
54.8394	-3.16569	222.791	0	
39.0027	-2.80091	215.397	0	
44.7917	-2.01633	214.776	0	
27.9113	-1.78555	191.877	0	
27.7749	-2.84652	196.111	0	
20	-1.02905	199.713	0	
21.7655	-2.19037	187.38	0	
-9.36018	-4.06799	188.116	0	
18.5417	-2.01633	186.87	0	
13.125	-0.36089	166.145	0	
13.7446	-1.48403	172.354	0	
153.75	-1.02905	217.444	0	
155.516	-2.19037	223.634	0	
142.62	-3.22837	199.216	0	
144.069	-5.7607	201.368	0	
147.5	-0.798148	189.687	0	
146.771	-2.1669	203.893	0	
140.729	-2.1669	200.755	0	
150.746	-2.90651	208.589	0	
137.5	-1.02905	192.992	0	
139.266	-2.19037	201.249	0	
130.64	-4.06799	200.941	0	
141.177	-3.32534	199.878	0	
131.994	-2.06993	201.838	0	
129.955	-2.8545	200.526	0	
128.542	-2.01633	195.28	0	
127.18	-2.91409	195.97	0	
122.911	-1.78555	193.413	0	
122.775	-2.84652	195.942	0	
115	-1.02905	190.873	0	
116.766	-2.19037	193.18	0	
86.8898	-4.06799	199.592	0	
113.542	-2.01633	191.714	0	
108.75	-1.03479	185.998	0	
109.078	-2.00504	187.189	0	
-117.089	-1.78555	190.357	0	
-117.225	-2.84652	183.499	0	
-125	-1.02905	181.472	0	
-123.234	-2.19037	196.318	0	
-78.5826	-3.79821	194.274	0	
-143.899	-7.68728	326.365	0	
-90	-1.03479	172.487	0	
-89.6723	-2.00504	174.598	0	
-97.5	-0.792406	185.985	0	
-97.0644	-2.07688	186.557	0	
-116.287	-3.24559	185.059	0	
-108.125	-3.34884	202.721	0	
-104.256	-2.06993	182.855	0	
-112.466	-3.07092	180.544	0	
-107.708	-2.01633	183.225	0	
-116.633	-5.94785	220.758	0	
-141.434	-1.75189	215.603	0	
-142.267	-2.05915	195.239	0	
-130.506	-2.06993	206.032	0	
-141.756	-5.80291	231.603	0	
-140.354	-6.17065	229.934	0	
-130.457	-4.4054	200.62	0	
-20.8387	-1.78555	197.262	0	
-20.9751	-2.84652	198.161	0	
-28.75	-1.02905	193.392	0	
-26.9845	-2.19037	196.161	0	
-43.7875	-3.24559	207.512	0	
-46.3858	-5.74538	258.119	0	
6.25	-1.03479	175.213	0	
6.57772	-2.00504	181.98	0	
-1.25	-0.792406	195.082	0	
-0.814428	-2.07688	199.372	0	
-20.0375	-3.24559	193.821	0	
-11.875	-3.34884	195.881	0	
-8.00561	-2.06993	195.894	0	
-16.2164	-3.07092	185.462	0	
-11.4583	-2.01633	202.351	0	
-20.3828	-5.94785	223.363	0	
-44.5887	-1.78555	196.289	0	
-44.7251	-2.84652	197.334	0	
-34.2556	-2.06993	193.278	0	
-49.5151	-8.22246	303.793	0	
-44.2462	-5.42835	243.972	0	
-34.2075	-4.4054	211.185	0	
-75.0375	-3.24559	189.7	0	
25.1674	-3.79821	191.278	0	
-75.8387	-1.78555	183.497	0	
-75.9751	-2.84652	185.161	0	
-83.75	-1.02905	167.092	0	
-81.9845	-2.19037	181.892	0	
-90.0446	-2.8545	182.813	0	
-86.5873	-2.94281	187.19	0	
102.5	-1.03479	178.819	0	
102.828	-2.00504	186.417	0	
95	-0.792406	194.974	0	
95.4356	-2.07688	194.448	0	
76.2125	-3.24559	208.72	0	
84.375	-3.34884	201.537	0	
88.2444	-2.06993	202.56	0	
80.0336	-3.07092	199.493	0	
84.7917	-2.01633	205.012	0	
75.8672	-5.94785	200.052	0	
75.4113	-1.78555	221.136	0	
75.2749	-2.84652	214.161	0	
67.5	-1.02905	219.904	0	
69.2655	-2.19037	216.698	0	
52.4625	-3.24559	227.962	0	
49.8642	-5.74538	225.977	0	
61.9944	-2.06993	224.218	0	
46.7349	-8.22246	197.972	0	
52.0038	-5.42835	235.67	0	
62.0425	-4.4054	227.174	0	
51.6613	-1.78555	217.267	0	
51.5249	-2.84652	218.497	0	
21.2125	-3.24559	193.74	0	
107.75	-4.43486	195.781	0	
20.4113	-1.78555	182.382	0	
20.2749	-2.84652	191.089	0	
12.5	-1.02905	181.255	0	
14.2655	-2.19037	182.781	0	
6.20541	-2.8545	188.234	0	
9.66268	-2.94281	191.811	0	
154.161	-1.78555	215.133	0	
154.025	-2.84652	217.001	0	
152.292	-2.01633	209.965	0	
139.039	-4.35802	200.926	0	
137.911	-1.78555	201.702	0	
137.775	-2.84652	199.526	0	
116.213	-3.24559	195.1	0	
154.963	-3.24559	220.236	0	
115.411	-1.78555	190.477	0	
115.275	-2.84652	193.268	0	
107.292	-2.01633	185.191	0	
109.247	-3.78292	193.571	0	
-140.037	-3.24559	196.85	0	
-71.0826	-3.79821	201.887	0	
-124.589	-1.78555	204.025	0	
-124.725	-2.84652	190.244	0	
-92.8202	-2.91409	178.984	0	
-85.2083	-2.01633	178.37	0	
-97.684	-1.75189	169.695	0	
-98.5173	-2.05915	185.5	0	
-152.708	-2.01633	206.613	0	
-145.211	-4.15655	221.991	0	
-23.5826	-3.79821	203.445	0	
3.37811	-4.98343	197.2	0	
-28.3387	-1.78555	200.487	0	
-28.4751	-2.84652	193.499	0	
3.42981	-2.91409	186.683	0	
11.0417	-2.01633	181.24	0	
-1.43402	-1.75189	181.504	0	
-2.26735	-2.05915	199.373	0	
-48.9583	-3.47328	211.605	0	
-47.6197	-4.31165	226.65	0	
-88.4261	-3.92482	199.708	0	
-92.8719	-4.98343	203.935	0	
-83.3387	-1.78555	178.123	0	
-83.4751	-2.84652	180.696	0	
99.6798	-2.91409	189.042	0	
107.753	-2.80091	191.572	0	
94.816	-1.75189	189.784	0	
93.9827	-2.05915	193.308	0	
72.6674	-3.79821	213.178	0	
120.167	-3.79821	196.835	0	
67.9113	-1.78555	218.497	0	
67.7749	-2.84652	218.962	0	
47.2917	-3.47328	221.063	0	
50.1448	-3.88818	225.226	0	
17.6674	-3.79821	195.446	0	
-0.0374544	-3.24559	198.038	0	
12.9113	-1.78555	177.7	0	
12.7749	-2.84652	186.079	0	
148.483	-4.32001	199.582	0	
187.308	-1.93891	260.545	0	
147.862	-1.54577	204.742	0	
148.712	-3.13655	206.352	0	
133.929	-3.08731	201.581	0	
138.713	-3.24559	200.437	0	
90.6555	-3.51902	195.597	0	
102.455	-2.8545	188.256	0	
-152.829	-5.21478	234.324	0	
-131.801	-4.25718	211.607	0	
-122.157	-4.23242	202.605	0	
-96.2875	-3.24559	197.298	0	
-46.1052	-3.88818	216.174	0	
-35.5505	-4.25718	211.41	0	
-25.9071	-4.23242	219.684	0	
13.7125	-3.24559	192.319	0	
-100.639	-4.06622	181.521	0	
-82.5375	-3.24559	186.34	0	
48.6303	-4.31165	225.694	0	
96.2125	-3.24559	193.279	0	
60.6995	-4.25718	222.883	0	
70.3429	-4.23242	215.158	0	
-4.38926	-4.06622	186.793	0	
7.82395	-3.92482	197.737	0	
146.42	-3.14785	196.931	0	
147.178	-4.41078	204.907	0	
34.7917	-2.72654	205.02	0	
33.9583	-2.72654	204.667	0	
126.034	-3.06466	196.131	0	
126.041	-5.36183	201.236	0	
-147.837	-2.94281	200.41	0	
-142.682	-2.77243	206.446	0	
-160.208	-1.16463	145.078	0	
-201.338	-10.2031	131.749	0	
-153.958	-2.72654	213.486	0	
-152.247	-2.80091	200.493	0	
-156.042	-3.47328	207.576	0	
-156.458	-2.72654	204.787	0	
-52.8373	-2.94281	200.144	0	
-49.7917	-3.47328	206.781	0	
-58.9583	-2.72654	200.238	0	
-57.7083	-2.01633	196.116	0	
-56.2946	-2.8545	201.517	0	
-57.2473	-2.80091	197.183	0	
-65.2159	-3.06466	199.973	0	
-65.2085	-5.36053	233.33	0	
-72.7159	-3.06466	188.713	0	
-69.5113	-3.00667	192.175	0	
43.4127	-2.94281	214.471	0	
46.4583	-3.47328	223.202	0	
36.0417	-2.01633	208.424	0	
32.5816	-3.68836	198.944	0	
32.1798	-2.91409	201.578	0	
36.4583	-2.72654	210.63	0	
23.5341	-3.06466	188.88	0	
26.7387	-3.00667	190.136	0	
118.534	-3.06466	193.954	0	
121.739	-3.00667	194.882	0	
-121.466	-3.06466	187.199	0	
-118.261	-3.00667	189.355	0	
-93.9659	-3.06466	185.673	0	
-93.9594	-5.36183	229.113	0	
-109.003	-2.80091	177.502	0	
-107.247	-2.80091	180.189	0	
-146.042	-2.72654	193.229	0	
-147.44	-3.72538	202.453	0	
-25.2159	-3.06466	191.443	0	
-22.0113	-3.00667	191.896	0	
2.28409	-3.06466	196.178	0	
2.29056	-5.36183	201.82	0	
-12.7527	-2.80091	195.237	0	
-10.9973	-2.80091	201.245	0	
-48.9583	-2.01633	196.927	0	
-45.7613	-3.00667	200.811	0	
-52.44	-3.72538	211.033	0	
-48.5417	-2.72654	198.837	0	
-80.2159	-3.06466	180.856	0	
-77.0113	-3.00667	183.981	0	
98.5341	-3.06466	193.576	0	
98.5406	-5.36183	201.614	0	
83.4973	-2.80091	203.023	0	
85.2527	-2.80091	205.04	0	
71.0341	-3.06466	214.131	0	
74.2387	-3.00667	214.908	0	
47.2917	-2.01633	214.939	0	
50.4887	-3.00667	224.574	0	
43.81	-3.72538	219.993	0	
47.7083	-2.72654	220.713	0	
16.0341	-3.06466	190.879	0	
19.2387	-3.00667	188.616	0	
151.132	-3.93062	205.089	0	
152.989	-3.00667	210.563	0	
111.032	-2.99641	191.104	0	
114.239	-3.00667	191.539	0	
-87.7179	-2.99641	177.676	0	
-84.5113	-3.00667	179.241	0	
8.53206	-2.99641	192.47	0	
11.7387	-3.00667	188.027	0	
104.782	-2.99641	192.316	0	
102.997	-3.78292	194.469	0	
-143.54	-2.72962	192.766	0	
-140.951	-3.13784	204.876	0	
-99.9558	-2.85377	191.052	0	
-97.2008	-3.13784	175.481	0	
-3.70582	-2.85377	201.806	0	
-0.950756	-3.13784	192.856	0	
92.5442	-2.85377	197.193	0	
95.2992	-3.13784	194.797	0	
41.5739	-3.92482	212.288	0	
46.0417	-2.72654	217.195	0	
127.582	-3.68916	200.205	0	
132.502	-3.08731	199.82	0	
127.128	-4.98343	201.833	0	
128.572	-3.57598	199.436	0	
-152.662	-3.55114	218.968	0	
-152.231	-4.40508	223.001	0	
-159.148	-3.04538	168.926	0	
-165.564	-17.3854	150.227	0	
-154.373	-3.97501	222.431	0	
-150.753	-3.78292	206.275	0	
-160.293	-8.30276	181.238	0	
-155.208	-3.47328	212.652	0	
-158.057	-10.316	223.942	0	
-143.957	-3.47621	210.258	0	
-58.5398	-3.47677	202.832	0	
-57.2309	-4.40508	225.328	0	
-61.4583	-2.72654	197.612	0	
-57.6621	-3.55114	207.248	0	
-62.7232	-3.50081	200.435	0	
-55.7527	-3.78292	209.224	0	
-64.0702	-2.91409	193.806	0	
-63.6684	-3.68836	210.889	0	
-61.8899	-3.99904	217.077	0	
-60.2083	-3.47328	201.062	0	
-72.8478	-5.56717	217.544	0	
-69.264	-5.46522	240.567	0	
39.9554	-2.8545	210.866	0	
39.0191	-4.40508	216.467	0	
37.2917	-2.72654	208.069	0	
38.5879	-3.55114	210.04	0	
34.3601	-3.99904	205.585	0	
37.7102	-3.47677	212.677	0	
35.2083	-3.47328	207.76	0	
33.5268	-3.50081	205.742	0	
23.4022	-5.56717	194.12	0	
26.986	-5.46522	196.368	0	
118.402	-5.56717	198.555	0	
114.489	-5.47929	197.701	0	
-121.598	-5.56717	210.954	0	
-125.6	-5.31383	218.494	0	
-92.4178	-3.68916	199.907	0	
-89.5027	-3.78292	191.595	0	
-90.9952	-4.42757	208.697	0	
-86.1036	-3.83222	191.229	0	
-109.687	-5.39772	231.265	0	
-106.295	-2.8545	187.122	0	
-110.64	-4.06799	184.901	0	
-98.2818	-3.59669	211.346	0	
-146.478	-3.50911	207.608	0	
-141.985	-3.52613	195.662	0	
-25.3478	-5.56717	228.844	0	
-29.3495	-5.31383	241.933	0	
3.83223	-3.68916	199.028	0	
6.7473	-3.78292	198.636	0	
5.25478	-4.42757	201.118	0	
10.1464	-3.83222	198.575	0	
-13.4371	-5.39772	197.97	0	
-10.0446	-2.8545	196.462	0	
-14.3898	-4.06799	180.183	0	
-2.03178	-3.59669	201.024	0	
-51.4777	-3.50911	210.681	0	
-47.7083	-2.72654	207.132	0	
-51.0637	-4.19254	218.804	0	
-47.2189	-3.60804	207.183	0	
-80.3478	-5.56717	210.987	0	
-84.2613	-5.47929	228.273	0	
100.082	-3.68916	195.213	0	
112.646	-3.83222	193.792	0	
110.324	-3.92482	195.99	0	
107.317	-3.58364	193.21	0	
82.8129	-5.39772	203.826	0	
86.2054	-2.8545	198.836	0	
81.8602	-4.06799	194.113	0	
94.2182	-3.59669	195.983	0	
70.9022	-5.56717	218.408	0	
66.9005	-5.31383	218.751	0	
44.7723	-3.50911	219.242	0	
48.5417	-2.72654	217.709	0	
45.1863	-4.19254	223.693	0	
49.0311	-3.60804	227.884	0	
15.9022	-5.56717	201.878	0	
11.9887	-5.47929	199.45	0	
108.705	-2.8545	191.418	0	
101.072	-3.57598	191.408	0	
-91.4282	-3.57598	190.556	0	
-94.651	-4.21812	197.413	0	
4.82178	-3.57598	192.612	0	
1.59897	-4.21812	195.277	0	
105.913	-2.94281	189.983	0	
106.31	-3.72554	195.02	0	
97.849	-4.21812	192.122	0	
101.505	-4.42757	195.603	0	
-144.792	-3.47313	196.059	0	
-146.064	-4.19253	210.804	0	
-103.124	-4.43041	200.315	0	
-108.125	-4.73217	186.333	0	
-6.87403	-4.43041	180.819	0	
-11.875	-4.73217	179.462	0	
89.376	-4.43041	196.17	0	
84.375	-4.73217	194.601	0	
121.393	-3.89079	199.307	0	
143.936	-3.97268	200.373	0	
125.349	-4.21812	199.098	0	
129.043	-4.50658	202.383	0	
-154.834	-5.62943	232.728	0	
-149.676	-3.92482	222.302	0	
-156.465	-4.16242	210.624	0	
-88.4597	-6.17559	249.419	0	
-157.746	-3.54331	192.404	0	
-157.336	-4.23245	201.982	0	
-155.953	-5.20944	217.482	0	
-151.274	-4.58327	233.569	0	
-87.8931	-5.00841	210.178	0	
-54.6761	-3.92482	218.921	0	
-59.3731	-3.97501	216.771	0	
7.79028	-6.17559	201.949	0	
-65.9011	-4.21822	209.736	0	
-59.3047	-5.11624	232.021	0	
-64.1215	-4.98124	225.162	0	
-60.5387	-5.90518	243.337	0	
8.35687	-5.00841	203.231	0	
92.527	-5.11846	198.24	0	
30.3489	-4.21822	204.899	0	
32.1285	-4.98124	214.243	0	
36.0417	-3.47328	208.164	0	
34.378	-5.06466	218.13	0	
35.7113	-5.90518	212.829	0	
36.8769	-3.97501	212.222	0	
-101.844	-3.51902	185.625	0	
-99.973	-5.11846	237.34	0	
-145.501	-5.7656	255.785	0	
-69.8571	-3.89079	205.365	0	
-156.677	-7.51666	230.623	0	
-49.707	-5.1949	233.989	0	
-148.977	-5.20289	223.526	0	
-147.813	-5.59213	250.895	0	
-5.59449	-3.51902	199.87	0	
-3.72305	-5.11846	197.734	0	
-56.2742	-4.58327	227.752	0	
26.3929	-3.89079	200.181	0	
-39.9676	-3.06872	201.253	0	
46.543	-5.1949	226.474	0	
-53.9766	-5.20289	230.39	0	
-50.211	-4.15672	223.782	0	
-55.8234	-5.70833	239.365	0	
-48.5258	-4.17689	220.126	0	
-52.8132	-5.59213	251.308	0	
-47.2738	-5.38006	235.051	0	
91.8607	-4.06622	196.044	0	
105.879	-5.0575	195.296	0	
36.9453	-5.11624	219.81	0	
130.158	-4.945	204.874	0	
56.2824	-3.06872	224.295	0	
110.29	-6.17488	198.782	0	
42.2734	-5.20289	226.441	0	
46.039	-4.15672	223.822	0	
40.4266	-5.70833	225.473	0	
47.7242	-4.17689	227.945	0	
39.9758	-4.58327	211.444	0	
48.9762	-5.38006	236.014	0	
-90.0224	-4.58092	214.419	0	
-89.5124	-5.89001	229.893	0	
6.22758	-4.58092	200.311	0	
6.73765	-5.89001	201.664	0	
102.928	-5.70651	196.659	0	
107.848	-6.54104	199.13	0	
104.074	-3.92482	193.582	0	
104.773	-5.20318	196.739	0	
99.6281	-4.98343	193.486	0	
102.478	-4.58092	194.508	0	
-150.823	-5.70833	232.664	0	
-143.779	-5.33843	241.273	0	
76.6284	-4.52398	207.333	0	
144.244	-11.4317	208.363	0	
128.127	-5.50143	204.853	0	
128.872	-6.93342	208.163	0	
-158.777	-5.20944	184.137	0	
-143.448	-4.30353	205.922	0	
-161.732	-2.79975	127.337	0	
-207.299	-15.0218	135.423	0	
-182.365	-35.5359	146.409	0	
-79.1691	-5.28353	228.292	0	
-150.997	-8.59138	295.188	0	
-57.1302	-6.3947	268.159	0	
-61.872	-5.06466	230.215	0	
-58.0402	-5.47194	232.458	0	
-115.872	-4.52398	203.37	0	
17.0809	-5.28353	199.689	0	
-19.6216	-4.52398	202.132	0	
108.728	-4.58055	196.759	0	
38.2098	-5.47194	220.122	0	
43.4368	-5.59213	216.258	0	
-139.58	-4.60081	215.635	0	
-145.691	-7.03602	274.281	0	
-96.7489	-6.89898	255.886	0	
-97.1496	-5.26597	244.274	0	
-149.602	-6.18605	262.413	0	
-134.449	-4.25718	207.146	0	
-31.5017	-4.16217	219.15	0	
39.1198	-6.3947	209.438	0	
-0.498874	-6.89898	189.324	0	
-0.89962	-5.26597	195.124	0	
-70.5474	-6.44535	246.285	0	
-54.6024	-6.18605	259.814	0	
-52.4014	-4.79453	225.979	0	
-51.4417	-5.03664	232.464	0	
-52.0429	-7.10465	266.114	0	
-50.5017	-5.76581	249.735	0	
-54.1682	-7.76797	279.508	0	
-36.3389	-2.93321	204.36	0	
-48.8551	-5.21507	234.232	0	
-48.0926	-6.0103	259.719	0	
64.7483	-4.16217	219.383	0	
110.857	-5.00834	195.442	0	
95.7511	-6.89898	203.822	0	
95.3504	-5.26597	194.228	0	
25.7026	-6.44535	205.751	0	
41.6476	-6.18605	210.45	0	
43.8486	-4.79453	225.298	0	
44.8083	-5.03664	222.825	0	
44.2071	-7.10465	223.666	0	
45.7483	-5.76581	224.648	0	
42.0818	-7.76797	226.175	0	
59.9111	-2.93321	220.32	0	
47.3949	-5.21507	232.058	0	
48.1574	-6.0103	221.003	0	
-91.9104	-5.42242	231.892	0	
-90.925	-6.50437	261.271	0	
4.33964	-5.42242	200.607	0	
5.32497	-6.50437	203.989	0	
106.858	-5.46739	197.119	0	
109.237	-5.889	196.265	0	
45.559	-7.03622	218.979	0	
104.147	-6.18687	197.343	0	
100.59	-5.42242	196.965	0	
100.817	-6.41692	198.196	0	
-147.401	-4.79453	220.066	0	
-146.442	-5.03663	225.803	0	
-147.043	-7.10465	261.442	0	
-144.707	-5.19453	217.743	0	
-149.168	-7.76797	270.988	0	
-132.589	-2.93321	197.812	0	
-154.178	-7.28627	247.038	0	
-151.919	-6.13754	254.172	0	
-67.2642	-6.91889	277.646	0	
-50.691	-7.03622	275.147	0	
28.9858	-6.91889	206.056	0	
57.9209	-9.10125	153.717	0	
-165.569	-3.72058	114.563	0	
-124.19	-5.40086	225.269	0	
-65.8105	-6.63734	260.832	0	
-38.3291	-9.10125	363.023	0	
-59.0799	-8.70786	316.394	0	
-25.746	-9.39498	364.806	0	
-36.875	-5.27905	253.885	0	
-45.618	-4.95711	231.814	0	
30.4395	-6.63734	221.937	0	
104.619	-8.07335	196.528	0	
37.1701	-8.70786	207.902	0	
121.986	-5.46522	200.241	0	
59.375	-5.27905	210.847	0	
50.632	-4.95711	235.745	0	
-100.432	-7.15932	243.552	0	
-118.014	-5.46522	215.908	0	
-4.18243	-7.15932	175.502	0	
-21.764	-5.46522	221.289	0	
101.373	-10.8863	190.45	0	
97.6668	-7.08742	190.943	0	
74.486	-5.46522	215.643	0	
92.0676	-7.15932	200.419	0	
-142.782	-6.56075	234.534	0	
-142.334	-4.31064	218.617	0	
-152.527	-7.43868	265.052	0	
-121.996	-9.39498	348.213	0	
-136.218	-3.06872	201.377	0	
-128.568	-3.08143	191.989	0	
-38.1995	-4.25718	206.17	0	
-32.318	-3.08143	192.416	0	
58.0505	-4.25718	228.645	0	
63.932	-3.08143	221.31	0	
133.106	-6.04794	204.878	0	
130.428	-6.60412	207.004	0	
123.985	-6.91734	205.549	0	
150.848	-20.0464	220.547	0	
-155.18	-8.32445	242.249	0	
-52.0799	-10.5411	333.712	0	
-40.8588	-5.44334	241.503	0	
-43.3792	-4.50999	214.614	0	
55.3912	-5.44334	217.847	0	
52.8708	-4.50999	236.01	0	
-87.5848	-7.52916	283.856	0	
-84.8609	-3.89608	200.605	0	
8.66524	-7.52916	202.92	0	
11.3891	-3.89608	201.316	0	
120.703	-6.44535	205.336	0	
113.889	-3.89608	197.234	0	
-94.8332	-7.08742	274.127	0	
-127.752	-4.16217	204.63	0	
-136.015	-9.53859	302.49	0	
-118.607	-3.89079	193.721	0	
-44.375	-6.99919	289.864	0	
-22.3571	-3.89079	209.155	0	
-42.8302	-8.44515	311.451	0	
-40.8536	-7.44458	298.097	0	
51.875	-6.99919	223.607	0	
73.8929	-3.89079	208.439	0	
53.4198	-8.44515	195.293	0	
55.3964	-7.44458	242.546	0	
-45.8903	-7.18841	267.181	0	
-48.1439	-7.56208	276.937	0	
50.3597	-7.18841	231.455	0	
48.1061	-7.56208	225.102	0	
-141.655	-10.9683	429.45	0	
-134.129	-6.10622	229.356	0	
-52.772	-8.29733	313.01	0	
-46.8296	-8.37487	320.515	0	
43.478	-8.29733	188.282	0	
49.4204	-8.37487	186.551	0	
-164	-0.842706	113.333	0	
-160.19	-2.6252	159.221	0	
-171.26	-1.12398	107.784	0	
-163.118	-4.25546	142.643	0	
157.984	-3.31993	235.49	0	
162.75	-0.842706	259.674	0	
160.879	-2.92373	253.201	0	
162.233	-4.81544	251.55	0	
149.806	-4.94504	210.634	0	
157.495	-4.95032	235.094	0	
136.186	-4.14103	201.261	0	
140.456	-4.52612	200.408	0	
-73.4071	-4.23242	208.546	0	
-71.6691	-5.28353	225.866	0	
-80.4167	-10.3326	378.709	0	
-64.8646	-8.3096	297.716	0	
-77.3571	-3.89079	199.946	0	
-74.2262	-6.72899	280.521	0	
22.8429	-4.23242	198.649	0	
24.5809	-5.28353	199.225	0	
15.8333	-10.3326	201.399	0	
31.3854	-8.3096	218.208	0	
18.8929	-3.89079	200.19	0	
22.0238	-6.72899	207.562	0	
117.843	-4.23242	198.523	0	
119.581	-5.28353	200.029	0	
112.877	-7.50462	201.438	0	
125.437	-6.63718	207.335	0	
111.164	-7.52928	200.931	0	
117.03	-6.73778	204.343	0	
-120.419	-5.28353	216.163	0	
-119.297	-6.44535	244.028	0	
-147.08	-10.5411	342.261	0	
-106.019	-7.46803	247.885	0	
-144.559	-9.99967	378.612	0	
-147.772	-8.29733	321.895	0	
-24.1691	-5.28353	231.176	0	
-23.0474	-6.44535	265.324	0	
1.41684	-7.08742	188.928	0	
-9.76913	-7.46803	174.025	0	
-27.9404	-5.40086	256.391	0	
-23.5704	-9.08967	337.508	0	
-80.9071	-4.23242	206.659	0	
-78.0474	-6.44535	242.422	0	
-74.2388	-9.20929	364.46	0	
-76.764	-5.46522	230.998	0	
-81.7196	-6.73778	280.615	0	
-82.2148	-8.98906	375.373	0	
72.0809	-5.28353	215.413	0	
73.2026	-6.44535	210.029	0	
102.182	-6.54766	197.733	0	
86.4809	-7.46803	202.39	0	
68.3096	-5.40086	214.621	0	
93.8488	-8.33358	194.791	0	
15.3429	-4.23242	199.467	0	
18.2026	-6.44535	207.398	0	
22.0112	-9.20929	187.491	0	
19.486	-5.46522	195.587	0	
14.5304	-6.73778	203.592	0	
14.0352	-8.98906	182.051	0	
112.049	-4.96932	198.155	0	
113.194	-6.11121	199.057	0	
107.957	-10.0357	201.039	0	
114.373	-9.53907	201.099	0	
-86.7013	-4.9694	223.51	0	
-85.556	-6.11128	235.212	0	
-85.8729	-7.50385	300.952	0	
-84.3782	-9.53722	360.009	0	
9.54871	-4.9694	201.466	0	
10.694	-6.11128	209.628	0	
10.3771	-7.50385	194.153	0	
11.8718	-9.53722	192.043	0	
132.08	-7.47425	211.403	0	
134.746	-4.16808	201.695	0	
124.075	-4.31071	198.369	0	
123.313	-5.73457	203.122	0	
-67.1755	-4.31081	222.363	0	
-67.9367	-5.73467	227.282	0	
29.0745	-4.31081	193.764	0	
28.3133	-5.73467	210.126	0	
-95.9255	-4.31071	195.621	0	
-98.5926	-4.6597	188.791	0	
-103.786	-7.04865	233.076	0	
-106.563	-5.39772	224.721	0	
0.324502	-4.31071	200.85	0	
-2.3426	-4.6597	189.934	0	
-7.5359	-7.04865	175.458	0	
-10.3129	-5.39772	184.381	0	
96.5745	-4.31071	199.942	0	
93.9074	-4.6597	196.408	0	
88.7141	-7.04865	198.437	0	
103.633	-8.96714	197.781	0	
-62.0477	-8.8546	315.545	0	
34.2023	-8.8546	225.202	0	
-65.6604	-12.2385	398.716	0	
44.1701	-10.5411	188.497	0	
-43.9291	-11.1429	386.251	0	
106.762	-8.25621	197.032	0	
40.691	-8.79126	190.209	0	
126.259	-8.10539	210.441	0	
30.5896	-12.2385	210.897	0	
128.121	-8.37598	213.349	0	
98.349	-8.47005	207.607	0	
102.415	-7.9218	195.16	0	
-155.111	-10.7469	278.098	0	
-60.5733	-7.64358	284.224	0	
138.321	-5.52235	201.632	0	
152.541	-4.03078	213.169	0	
-138.552	-9.35636	353.198	0	
-137.06	-5.53416	228.223	0	
-129.996	-3.08143	201.144	0	
-129.047	-6.04201	233.239	0	
-33.7459	-3.08143	198.07	0	
-32.7973	-6.04201	273.466	0	
62.5041	-3.08143	216.515	0	
63.4527	-6.04201	215.453	0	
131.229	-11.2697	217.314	0	
151.99	-6.88415	217.109	0	
136.941	-5.40234	203.243	0	
141.133	-5.9764	202	0	
-74.6816	-4.325	215.762	0	
-75.4428	-5.74886	219.173	0	
21.5684	-4.325	195.221	0	
20.8072	-5.74886	200.172	0	
116.568	-4.325	197.797	0	
115.814	-5.75765	199.642	0	
-123.432	-4.325	195.297	0	
-126.314	-4.14101	194.979	0	
-115.576	-8.16642	315.437	0	
-113.246	-5.34905	213.506	0	
-27.1816	-4.325	207.114	0	
-30.0644	-4.14101	210.942	0	
-19.3257	-8.16642	293.18	0	
-16.996	-5.34905	186.177	0	
-82.1816	-4.325	212.028	0	
-82.9362	-5.75765	224.505	0	
69.0684	-4.325	218.493	0	
66.1856	-4.14101	223.661	0	
76.9243	-8.16642	229.702	0	
79.254	-5.34905	194.457	0	
14.0684	-4.325	200.27	0	
13.3138	-5.75765	205.353	0	
105.405	-12.0508	198.727	0	
116.536	-8.99008	203.248	0	
-93.9774	-8.66503	338.47	0	
-91.6041	-8.13534	342.51	0	
2.27255	-8.66503	190.136	0	
4.64589	-8.13534	182.82	0	
129.195	-10.2093	215.393	0	
146.046	-6.10183	201.326	0	
134.488	-5.91521	205.699	0	
135.867	-6.69788	204.227	0	
121.43	-8.68418	204.322	0	
123.385	-8.88682	211.587	0	
-69.8214	-8.68669	339.264	0	
-67.8655	-8.89079	298.732	0	
26.4286	-8.68669	195.176	0	
28.3845	-8.89079	220.954	0	
-66.1145	-9.89368	346.473	0	
-95.0051	-12.6851	504.852	0	
-55.559	-8.79126	311.397	0	
1.24494	-12.6851	167.835	0	
85.9371	-5.39772	196.974	0	
70.504	-9.39498	221.301	0	
99.9643	-7.8529	192.196	0	
101.084	-8.78437	201.603	0	
-119.82	-9.08967	353.099	0	
-122.652	-7.0343	276.149	0	
-127.769	-5.79877	218.59	0	
-125.499	-7.54635	280.272	0	
-48.3872	-12.3828	367.418	0	
-26.4019	-7.0343	309.989	0	
-31.5194	-5.79877	241.053	0	
-29.2492	-7.54635	335.199	0	
47.8628	-12.3828	116.984	0	
69.8481	-7.0343	209.109	0	
64.7306	-5.79877	226.988	0	
67.0008	-7.54635	187.534	0	
140.302	-7.00568	203.158	0	
142.7	-6.86574	202.081	0	
125.012	-9.68556	216.051	0	
195.519	-2.32667	256.215	0	
-98.6512	-8.33358	339.355	0	
35.6767	-7.64358	234.669	0	
-2.40124	-8.33358	179.986	0	
103.223	-11.1651	200.622	0	
72.6796	-9.08967	227.009	0	
95.07	-11.0041	215.344	0	
-136.973	-6.98397	265.449	0	
-135.349	-7.69153	281.42	0	
-32.1235	-10.677	442.548	0	
-33.5046	-8.27657	337.373	0	
64.1265	-10.677	142.285	0	
97.6545	-10.9522	188.417	0	
80.0504	-6.99449	221.327	0	
151.079	-11.5903	217.785	0	
-78.2205	-8.73643	360.236	0	
30.1355	-9.89368	237.306	0	
8.79112	-11.9339	180.804	0	
110.443	-9.50362	198.584	0	
-126.434	-6.49884	226.27	0	
-123.97	-6.77541	231.706	0	
-30.1836	-6.49884	254.502	0	
-27.72	-6.77541	257.647	0	
66.0664	-6.49884	229.122	0	
68.53	-6.77541	227.524	0	
150.025	-6.43618	205.959	0	
153.18	-5.49318	216.519	0	
147.57	-7.50219	209.287	0	
142.406	-9.04296	205.733	0	
-113.344	-8.75328	324.447	0	
-118.411	-11.2883	409.637	0	
-114.541	-4.53464	186.555	0	
-111.901	-4.28441	196.929	0	
-17.0944	-8.75328	226.902	0	
-21.2298	-10.3281	345.3	0	
-18.2907	-4.53464	194.222	0	
-15.6508	-4.28441	195.364	0	
79.1556	-8.75328	198.812	0	
75.0202	-10.3281	190.309	0	
77.9593	-4.53464	203.117	0	
80.5992	-4.28441	204.798	0	
-63.1585	-5.8593	249.793	0	
-63.2996	-7.91085	280.125	0	
33.0915	-5.8593	210.302	0	
32.9504	-7.91085	233.726	0	
-205.568	-32.9721	148.362	0	
-158.17	-8.54355	205.936	0	
-42.0494	-4.51844	213.416	0	
-39.5061	-4.39269	205.167	0	
54.2006	-4.51844	238.911	0	
56.7439	-4.39269	232.932	0	
-138.25	-4.60927	207.215	0	
-135.756	-4.39269	205.85	0	
132.732	-9.94285	212.898	0	
140.759	-8.90393	204.735	0	
-131.823	-7.75398	279.85	0	
-88.3496	-9.59591	422.43	0	
-29.7584	-9.79585	388.833	0	
7.90043	-9.59591	177.705	0	
62.7454	-8.27657	222.676	0	
52.3209	-11.1429	130.678	0	
86.5779	-13.8833	222.128	0	
208.99	-5.28426	249.313	0	
-59.5306	-11.2795	349.535	0	
-57.3001	-7.89572	284.842	0	
36.7194	-11.2795	230.849	0	
38.9499	-7.89572	235.88	0	
138.907	-6.71973	203.726	0	
136.37	-8.16582	207.754	0	
138.03	-8.06765	205.35	0	
139.214	-9.60327	206.581	0	
134.987	-10.2845	213.182	0	
161.413	-6.92918	246.505	0	
119.235	-10.2813	221.954	0	
95.7393	-17.4777	220.053	0	
-50.1748	-10.5347	345.038	0	
-46.4132	-10.8834	337.758	0	
46.0752	-10.5347	157.019	0	
49.8368	-10.8834	173.339	0	
-176.012	-1.34606	108.72	0	
-160.335	-6.5477	172.447	0	
-161.831	-10.7403	186.749	0	
-188.999	-19.3034	108.262	0	
158.946	-6.83953	237.513	0	
170.01	-1.12398	266.673	0	
-87.4589	-11.9339	445.474	0	
99.5587	-12.4369	210.507	0	
18.0295	-8.73643	184.096	0	
4.49832	-12.069	170.463	0	
-153.134	-12.2646	308.873	0	
-148.55	-12.2522	364.08	0	
-121.489	-14.4624	519.36	0	
-126.008	-9.79585	409.688	0	
104.932	-18.5916	202.669	0	
112.453	-11.0673	209.337	0	
-91.7517	-12.069	463.021	0	
-71.535	-10.5118	375.397	0	
5.3409	-14.035	177.501	0	
24.715	-10.5118	234.51	0	
-112.45	-6.99449	269.959	0	
-129.168	-15.7527	527.484	0	
-16.1996	-6.99449	239.277	0	
-27.5734	-11.3856	458.811	0	
-144.852	-16.8136	471.952	0	
-124.741	-12.1163	440.897	0	
-37.2846	-13.6039	455.134	0	
-6.7017	-12.0229	186.64	0	
66.4916	-9.79585	222.436	0	
58.9654	-13.6039	103.517	0	
112.419	-14.9051	198.486	0	
127.849	-11.938	220.191	0	
147.347	-10.4774	208.744	0	
153.266	-9.06305	217.5	0	
-122.779	-11.9203	465.132	0	
-102.474	-8.42323	337.734	0	
-20.7162	-13.563	441.093	0	
-6.22447	-8.42323	178.201	0	
75.5338	-13.563	229.38	0	
90.0255	-8.42323	203.91	0	
68.6766	-11.3856	143.616	0	
136.037	-12.2238	210.984	0	
-61.6144	-11.5018	360.881	0	
-55.5379	-10.963	350.226	0	
34.6356	-11.5018	204.764	0	
40.7121	-10.963	192.465	0	
128.852	-14.5637	220.306	0	
235.957	-15.9774	238.386	0	
-178.777	-2.9619	99.8373	0	
-162.755	-6.23594	134.848	0	
-156.495	-11.7116	246.568	0	
-221.912	-14.5162	145.627	0	
-169.141	-4.00209	112.054	0	
-167.19	-4.8303	125.809	0	
164.287	-4.15658	259.34	0	
166.707	-4.43785	262.999	0	
155.354	-8.54876	225.123	0	
132.793	-16.0264	216.424	0	
-53.4549	-12.1835	375.065	0	
-9.67296	-13.8421	269.797	0	
42.7951	-12.1835	131.358	0	
33.1604	-13.2995	217.826	0	
-53.1756	-15.7705	384.163	0	
-138.938	-7.6289	281.427	0	
-134.594	-10.3937	414.231	0	
-155.484	-17.2341	288.761	0	
-127.52	-14.6602	529.549	0	
-47.7993	-19.2086	412.521	0	
-31.0758	-17.4153	510.749	0	
48.4507	-19.2086	38.42	0	
65.1742	-17.4153	49.7368	0	
131.221	-14.31	219.479	0	
153.572	-16.0839	220.888	0	
-157.266	-14.2011	263.817	0	
43.0744	-15.7705	122.608	0	
11.0506	-11.9005	175.169	0	
89.5492	-12.064	219.65	0	
125.528	-11.6848	217.765	0	
119.86	-13.8177	208.998	0	
-167.135	-7.23969	112.567	0	
-192.539	-4.26558	117.658	0	
-133.857	-13.0595	490.426	0	
-129.198	-9.41262	371.252	0	
-228.19	-24.6897	155.213	0	
-128.413	-13.1119	468.379	0	
-132.411	-9.49708	352.486	0	
-132.552	-6.10622	224.526	0	
-166.307	-13.5038	171.804	0	
-108.605	-11.4398	426.434	0	
-130.943	-10.541	362.414	0	
-129.662	-7.54154	269.16	0	
-131.112	-14.0765	483.625	0	
-127.757	-10.8627	390.542	0	
-135.282	-19.8734	607.388	0	
-102.952	-12.0229	435.181	0	
-130.381	-12.4546	472.867	0	
-128.544	-17.3008	610.282	0	
-148.258	-15.1857	417.174	0	
-3.6662	-13.8175	180.78	0	
-125.443	-18.0933	608.48	0	
-125.597	-14.7313	533.522	0	
-62.6835	-17.1843	460.802	0	
-85.1994	-11.9005	489.305	0	
-124.144	-16.6164	584.99	0	
-121.999	-16.5434	588.978	0	
-91.6409	-16.373	601.048	0	
-70.7541	-13.472	461.614	0	
4.6091	-16.373	165.546	0	
25.4959	-13.472	189.522	0	
-110.152	-7.25958	244.731	0	
-116.205	-10.7321	408.017	0	
-13.9017	-7.25958	182.084	0	
-12.3545	-11.4398	211.643	0	
82.3483	-7.25958	196.694	0	
83.8955	-11.4398	215.638	0	
-83.8414	-14.5362	531.031	0	
-76.2546	-10.6507	393.728	0	
12.4086	-14.5362	178.949	0	
19.9954	-10.6507	211.223	0	
-97.6578	-11.3921	432.93	0	
-90.4292	-10.045	373.13	0	
-1.40778	-11.3921	180.952	0	
5.82085	-10.045	187.392	0	
-111.605	-11.7939	412.248	0	
-108.046	-8.66433	344.213	0	
-15.3552	-11.7939	309.884	0	
-11.7958	-8.66433	229.424	0	
80.8948	-11.7939	245.004	0	
84.4542	-8.66433	220.528	0	
-57.7296	-12.6391	378.468	0	
-56.3189	-16.133	425.901	0	
38.5204	-12.6391	148.841	0	
39.9311	-16.133	109.904	0	
-173.564	-2.47004	107.529	0	
-165.151	-8.11045	154.354	0	
157.521	-9.12614	237.443	0	
160.271	-11.5138	236.041	0	
-36.2393	-7.66183	311.116	0	
-40.908	-14.645	439.659	0	
60.0107	-7.66183	224.461	0	
55.342	-14.645	62.1058	0	
92.8124	-13.4707	191.001	0	
138.603	-11.6407	210.919	0	
-114.482	-16.5569	611.476	0	
-119.297	-14.1357	531.535	0	
-106.853	-18.8267	625.153	0	
-90.9091	-14.035	526.881	0	
-63.0896	-13.2995	415.856	0	
-81.2221	-13.5164	531.126	0	
-119.75	-18.497	623.681	0	
-105.923	-13.8421	545.587	0	
-99.9162	-13.8175	550.886	0	
-124.617	-21.7604	656.864	0	
15.0279	-13.5164	176.707	0	
33.5665	-17.1843	160.194	0	
-177.258	-5.78191	114.579	0	
-175.551	-13.7225	138.474	0	
-170.014	-8.10752	130.758	0	
-170.068	-11.6224	106.332	0	
123.346	-14.3333	226.306	0	
130.766	-41.4755	207.056	0	
-117.966	-16.82	579.092	0	
-113.607	-13.3165	500.91	0	
-93.8748	-11.0032	424.934	0	
-93.6138	-16.0889	561.28	0	
2.37524	-11.0032	179.264	0	
2.63623	-16.0889	193.316	0	
-136.481	-15.5337	556.342	0	
46.237	-15.9763	56.5965	0	
-50.013	-15.9763	419.604	0	
-33.8137	-14.565	490.754	0	
-118.828	-25.8063	688.622	0	
62.4363	-14.565	127.102	0	
-89.2433	-18.71	631.35	0	
-88.6959	-14.349	559.264	0	
7.00668	-18.71	192.261	0	
7.55411	-14.349	171.912	0	
-158.473	-25.925	273.976	0	
-57.5305	-27.6829	516.412	0	
-87.3706	-17.1144	601.196	0	
-82.1404	-18.8236	620.676	0	
-17.0729	-14.4419	349.882	0	
125.77	-16.4577	221.552	0	
8.87942	-17.1144	166.329	0	
14.1096	-18.8236	192.145	0	
218.789	-9.67962	244.473	0	
183.637	-7.09149	260.824	0	
135.243	-14.7675	214.992	0	
140.335	-13.8884	209.876	0	
-181.714	-1.61583	112.624	0	
-173.773	-5.29005	106.61	0	
163.087	-10.0309	247.444	0	
180.465	-1.61583	264.249	0	
-76.9341	-14.5113	543.813	0	
-67.81	-14.1067	436.853	0	
19.3159	-14.5113	182.079	0	
28.44	-14.1067	240.701	0	
-162.174	-17.4716	235.028	0	
-121.07	-22.2371	658.231	0	
-58.6684	-18.9989	455.413	0	
0.81144	-18.779	189.082	0	
37.5816	-18.9989	82.5621	0	
107.856	-15.3565	200.601	0	
138.207	-15.8819	211.913	0	
143.531	-14.1381	209.595	0	
99.901	-16.4959	189.119	0	
79.1771	-14.4419	169.216	0	
-111.48	-20.2273	674.159	0	
-99.0883	-17.8006	591.564	0	
-27.2006	-15.1171	514.397	0	
-2.83826	-17.8006	225.923	0	
69.0494	-15.1171	153.308	0	
46.6928	-24.0743	21.0298	0	
-166.112	-27.3981	191.361	0	
-68.8837	-22.4837	559.593	0	
-81.3835	-22.9609	686.648	0	
-67.2534	-16.8341	499.292	0	
14.8665	-22.9609	175.045	0	
28.9966	-16.8341	174.671	0	
125.531	-19.801	217.18	0	
145.65	-18.2045	213.681	0	
136.74	-19.4185	214.022	0	
140.986	-21.4915	208.844	0	
-74.1374	-16.0301	519.422	0	
-64.6977	-18.8508	489.566	0	
22.1126	-16.0301	222.454	0	
31.5523	-18.8508	157.896	0	
-95.4386	-18.779	676.672	0	
2.52004	-23.669	226.133	0	
27.3663	-22.4837	145.738	0	
30.7731	-22.4901	142.808	0	
-84.7755	-17.335	595.507	0	
-79.7054	-15.7809	528.844	0	
11.4745	-17.335	174.115	0	
16.5446	-15.7809	187.721	0	
218.255	-34.6155	239.146	0	
132.745	-19.8694	214.713	0	
-152.736	-16.2622	338.812	0	
-150.381	-17.763	409.568	0	
-144.708	-21.2594	536.434	0	
-141.325	-14.5407	503.699	0	
-62.9905	-26.6887	537.02	0	
-11.2357	-19.2992	296.282	0	
33.2595	-26.6887	76.9733	0	
116.277	-16.8153	229.606	0	
-128.495	-23.6616	644.641	0	
19.247	-23.4473	212.584	0	
-188.557	-1.93891	116.439	0	
-196.769	-2.32667	124.739	0	
172.064	-6.00496	265.42	0	
174.369	-7.9727	261.771	0	
197.421	-9.75588	254.747	0	
191.289	-4.26558	259.354	0	
80.6149	-19.5449	222.072	0	
38.7195	-27.6829	39.59	0	
-73.6736	-19.0863	593.639	0	
-69.7337	-19.2556	548.129	0	
22.5764	-19.0863	171.329	0	
26.5163	-19.2556	195.616	0	
122.174	-26.556	205.308	0	
124.937	-40.2492	195.023	0	
-148.731	-22.1193	409.938	0	
-130.945	-20.0681	626.275	0	
-89.5076	-23.3158	713.257	0	
-77.003	-23.4473	653.444	0	
-71.1732	-25.5223	628.876	0	
-65.4769	-22.4901	558.992	0	
-169.77	-21.2264	191.787	0	
-64.5794	-30.6463	599.142	0	
-139.982	-23.3262	550.023	0	
-137.645	-30.9202	580.768	0	
-75.3526	-26.6553	648.073	0	
25.0768	-25.5223	167.262	0	
-31.4696	-23.2096	513.629	0	
73.7048	-20.502	110.962	0	
-23.6801	-16.4504	476.353	0	
-15.6351	-19.5449	424.759	0	
72.5699	-16.4504	116.371	0	
85.0151	-19.3404	184.261	0	
129.698	-22.0559	216.53	0	
117.076	-20.985	206.904	0	
-103.053	-20.9905	690.438	0	
-93.73	-23.669	667.222	0	
-49.5572	-24.0743	460.333	0	
6.74241	-23.3158	188.964	0	
-184.618	-8.98987	113.235	0	
-185.032	-3.55475	102.782	0	
-206.623	-2.79194	135.476	0	
-179.781	-9.87097	96.5058	0	
180.177	-8.24429	261.75	0	
187.785	-10.442	261.094	0	
170.878	-14.4791	252.432	0	
159.464	-15.8639	233.532	0	
-85.4635	-32.3384	695.189	0	
20.8974	-26.6553	155.857	0	
-7.43655	-21.463	302.329	0	
90.9132	-21.5281	154.216	0	
-85.5482	-26.5803	695.416	0	
-18.107	-29.5111	435.432	0	
10.7018	-26.5803	223.038	0	
111.968	-28.0025	201.387	0	
-18.1435	-22.7175	408.501	0	
-22.5452	-20.502	497.075	0	
78.1065	-22.7175	83.1957	0	
64.7804	-23.2096	33.1125	0	
34.1156	-37.3795	78.6934	0	
121.506	-22.1434	218.253	0	
-24.1065	-30.9545	467.037	0	
-6.83217	-26.5477	320.873	0	
-130.495	-31.0609	621.012	0	
174.884	-12.8846	259.453	0	
178.79	-12.8864	259.815	0	
-76.4692	-32.4504	665.234	0	
-69.3552	-29.4863	613.101	0	
-145.697	-34.3804	425.283	0	
-152.057	-27.6463	416.849	0	
19.7808	-32.4504	180.086	0	
26.8948	-29.4863	117.034	0	
1.24121	-36.2378	256.64	0	
13.9656	-32.8618	194.598	0	
184.118	-14.761	253.768	0	
227.701	-6.85826	244.575	0	
133.014	-34.6533	206.794	0	
-106.794	-33.2356	667.549	0	
31.6706	-30.6463	83.3188	0	
-72.173	-34.0637	647.846	0	
-67.7476	-39.8274	633.986	0	
-22.5359	-47.4922	511.201	0	
127.182	-26.4913	214.152	0	
24.077	-34.0637	122.389	0	
28.5024	-39.8274	91.9233	0	
-113.39	-24.9987	671.444	0	
-108.048	-28.3672	704.589	0	
106.947	-24.7538	190.756	0	
92.4297	-27.5266	187.232	0	
-218.447	-3.35033	145.319	0	
-175.995	-19.4449	103.005	0	
191.912	-9.23189	257.146	0	
201.219	-12.4705	249.405	0	
54.1181	-18.9378	27.4818	0	
69.7905	-24.963	62.4534	0	
-42.1319	-18.9378	451.372	0	
-26.4595	-24.963	462.925	0	
-192.319	-8.83173	119.033	0	
-201.547	-5.11861	125.674	0	
72.1435	-30.9545	32.3171	0	
128.068	-30.7205	202.25	0	
42.4557	-33.5404	42.6781	0	
78.143	-29.5111	100.803	0	
-62.1344	-37.3795	595.562	0	
-0.525287	-27.7753	294.302	0	
84.4836	-32.7829	78.49	0	
208.989	-20.8084	244.647	0	
-28.0097	-38.1045	450.676	0	
123.686	-35.5846	205.523	0	
-53.7943	-33.5404	512.369	0	
-35.3322	-36.6738	473.851	0	
100.921	-29.485	175.373	0	
161.838	-60.3262	228.884	0	
118.807	-29.1208	210.132	0	
116.094	-38.0682	199.279	0	
115.315	-25.5586	201.292	0	
112.121	-35.7127	178.945	0	
60.9178	-36.6738	14.118	0	
119.433	-33.9202	193.93	0	
120.859	-47.2293	180.525	0	
-183.583	-23.2797	160.016	0	
-95.5796	-32.8724	676.848	0	
-114.065	-35.7792	655.871	0	
68.2403	-38.1045	52.8512	0	
32.7098	-63.156	155.465	0	
9.60751	-38.8404	303.822	0	
-225.327	-7.3709	150.068	0	
-187.923	-11.9402	116.183	0	
170.297	-36.5037	236.361	0	
163.474	-19.8544	236.838	0	
-196.34	-11.9773	122.302	0	
-194.679	-18.9528	131.198	0	
73.7994	-47.6214	60.06	0	
207.712	-10.3255	249.019	0	
204.86	-2.4629	251.34	0	
-212.356	-6.14227	140.598	0	
129.252	-50.7796	209.097	0	
133.997	-47.3484	194.428	0	
213.211	-14.7209	246.729	0	
215.594	-2.82136	246.513	0	
-220.733	-37.1938	150.939	0	
103.164	-47.8011	136.152	0	
189.04	-35.7251	245.407	0	
199.849	-18.9164	249.454	0	
169.619	-18.8059	246.501	0	
139.422	-30.3106	205.13	0	
-55.5317	-23.7287	455.474	0	
-37.3685	-24.4061	451.718	0	
-56.8093	-39.2794	567.703	0	
-45.742	-28.3975	447.432	0	
-52.3145	-47.6453	595.145	0	
-39.2206	-29.0001	474.385	0	
-47.9803	-33.9094	492.89	0	
-43.191	-47.72	533.974	0	
40.7183	-23.7287	55.4303	0	
58.8815	-24.4061	20.676	0	
39.4407	-39.2794	33.4066	0	
50.508	-28.3975	20.2911	0	
43.9355	-47.6453	48.4213	0	
57.0294	-29.0001	14.3337	0	
48.2697	-33.9094	12.1651	0	
53.059	-47.72	20.1172	0	
146.739	-35.2634	213.678	0	
141.083	-48.4033	216.046	0	
-171.12	-37.8728	237.784	0	
-73.0349	-48.8114	668.373	0	
-12.6794	-31.8279	337.882	0	
-7.11451	-38.7862	425.731	0	
-126.706	-35.6751	622.564	0	
-120.757	-31.7185	644.818	0	
-116.584	-45.0329	603.043	0	
-102.338	-25.7597	674.571	0	
-126.333	-45.697	559.083	0	
-90.3084	-40.7522	667.201	0	
-232.636	-4.02057	147.818	0	
-213.24	-13.2876	142.996	0	
-83.0809	-48.9441	669.433	0	
112.882	-53.996	175.044	0	
-41.8717	-39.7232	507.25	0	
-36.3206	-55.0703	575.295	0	
-51.4248	-68.4389	606.021	0	
9.79367	-57.9625	297.021	0	
54.3783	-39.7232	24.3439	0	
92.7142	-53.006	125.121	0	
154.638	-31.4481	219.704	0	
162.265	-25.6367	234.574	0	
146.844	-43.5002	211.602	0	
174.146	-25.0927	245.103	0	
-10.5586	-47.7958	374.668	0	
26.2122	-47.5873	147.187	0	
-99.9985	-36.0407	712.074	0	
-96.6648	-27.4598	732.328	0	
-98.8599	-43.4908	628.871	0	
-80.4857	-35.5349	690.681	0	
-163.404	-50.9608	251.174	0	
-107.716	-63.4503	519.01	0	
-90.5028	-35.2672	711.465	0	
-94.2465	-45.8076	686.384	0	
155.531	-25.6086	222.12	0	
162.53	-38.6767	227.133	0	
145.406	-55.4476	208.208	0	
154.317	-46.2331	219.872	0	
-213.385	-66.8866	183.819	0	
-68.9458	-57.4799	634.454	0	
-90.1982	-53.4761	615.086	0	
-83.9074	-41.2679	675.986	0	
162.103	-45.2249	228.76	0	
179.505	-41.8783	234.872	0	
-26.1557	-55.5594	474.735	0	
139.16	-65.0425	221.369	0	
197.836	-37.8736	240.352	0	
182.569	-22.1973	252.7	0	
84.0431	-43.7432	104.123	0	
105.034	-36.7207	185.577	0	
152.77	-54.4151	222.537	0	
130.092	-61.4294	192.905	0	
118.312	-65.1624	211.354	0	
75.0509	-68.8235	132.357	0	
146.414	-81.4576	230.281	0	
-56.4852	-56.245	611.289	0	
36.3201	-53.5053	75.9836	0	
64.865	-77.0726	132.197	0	
112.416	-78.8413	196.363	0	
59.9585	-55.1042	64.8622	0	
70.2087	-55.7224	78.335	0	
190.375	-24.8482	246.15	0	
208.311	-28.8887	243.266	0	
178.328	-52.8869	235.857	0	
191.284	-60.8463	235.669	0	
-88.1029	-75.4263	498.132	0	
201.257	-51.9863	236.895	0	
232.766	-30.613	242.566	0	
-94.3526	-64.6703	581.669	0	
-21.2176	-68.4889	463.874	0	
-136.235	-54.5345	412.595	0	
-75.0762	-70.6121	582.416	0	
-135.57	-69.1305	387.768	0	
17.1658	-67.2349	207.614	0	
-40.3839	-67.1895	517.732	0	
-31.1675	-76.4316	533.715	0	
-40.0545	-114.942	408.725	0	
12.3999	-80.9419	281.425	0	
-62.4004	-77.8089	543.837	0	
87.3127	-69.9851	149.991	0	
42.2377	-72.0126	127.336	0	
55.7444	-67.659	110.224	0	
40.1802	-103.505	240.979	0	
95.4064	-81.6752	200.803	0	
28.0081	-85.7304	244.814	0	
122.096	-92.0535	230.244	0	
161.728	-77.7738	226.14	0	
-193.993	-43.518	165.028	0	
15.2296	-47.9657	180.798	0	
-2.66107	-58.4408	372.726	0	
-9.7003	-71.0667	405.708	0	
-2.01149	-84.2955	374.16	0	
-119.078	-74.1502	426.062	0	
-32.1741	-91.5468	431.141	0	
-46.1975	-98.0428	442.486	0	
174.139	-96.1654	235.577	0	
-93.5477	-95.5998	410.877	0	
177.439	-132.495	234.992	0	
-14.5355	-96.8328	412.176	0	
214.807	-50.7788	238.929	0	
227.722	-62.6715	235.094	0	
-226.174	-52.2763	181.432	0	
140.1	-95.1239	226.876	0	
65.7718	-108.2	254.782	0	
71.1759	-93.9508	208.096	0	
-196.369	-62.35	201.846	0	
-111.16	-95.5437	374.229	0	
-0.0955761	-124.944	323.65	0	
140.341	-120.541	233.708	0	
149.26	-111.77	236.197	0	
224.915	-82.6931	231.232	0	
-149.645	-83.0905	282.202	0	
-181.387	-78.8859	212.996	0	
-223.27	-87.3322	220.218	0	
206.301	-97.3985	234.974	0	
-122.3	-109.469	300.75	0	
89.4554	-97.3917	211.537	0	
115.761	-106.486	227.306	0	
94.5914	-125.39	245.693	0	
100.129	-108.99	231.484	0	
-212.53	-108.31	217.044	0	
-187.663	-104.4	240.884	0	
-61.1884	-90.7965	460.631	0	
-17.3938	-112.921	371.031	0	
118.793	-131.494	239.703	0	
78.5133	-128.04	237.743	0	
145.868	-135.276	237.932	0	
29.3462	-123.276	305.12	0	
-50.7969	-127.592	347.405	0	
124.844	-118.328	237.328	0	
104.171	-136.052	239.532	0	
164.24	-142.504	233.374	0	
167.986	-116.495	232.253	0	
100.66	-156.977	244.231	0	
131.518	-141.125	236.781	0	
68.4008	-148.446	254.695	0	
208.027	-119.4	233.108	0	
190.911	-84.7228	230.355	0	
-79.309	-103.773	381.699	0	
-75.0605	-123.67	385.177	0	
-150.767	-144.01	261.917	0	
-166.751	-116.842	241.869	0	
-117.627	-141.298	292.865	0	
196.992	-135.207	233.189	0	
-237.04	-135.177	231.362	0	
210.321	-157.735	234.248	0	
231.512	-122.086	233.934	0	
233.724	-149.676	232.935	0	
-94.1678	-149.074	296.098	0	
44.8253	-148.377	264.521	0	
