# File: UnstructuredGrid_Inversion_L0_Coarse_Iter05.dat
# (No specific header documentation)

-161.25	-0.496475	98.6997	0	
-159.375	-0.668155	137.37	0	
-65.625	-0.431516	181.819	0	
30.625	-0.431516	224.597	0	
-144.294	-102.036	328.599	0	
126.875	-0.668155	198.415	0	
31.875	-0.668155	209.202	0	
-165.826	-72.3824	326.348	0	
-64.375	-0.668155	186.013	0	
-120.32	-2.91409	190.701	0	
-147.888	-47.073	529.565	0	
-143.958	-2.01633	198.116	0	
-158.741	-19.8395	293.27	0	
-159.808	-14.2913	219.557	0	
-115.104	-1.86538	181.453	0	
-108.175	-49.9394	733.896	0	
-66.354	-1.86538	184.167	0	
-138.854	-1.86538	204.563	0	
-156.794	-6.05848	192.577	0	
-148.75	-1.09967	182.4	0	
-145.208	-2.72654	199.958	0	
-146.458	-2.01633	195.713	0	
-125.881	-3.06027	198.286	0	
-154.094	-4.85908	206.807	0	
-157.708	-2.01633	162.029	0	
-151.071	-10.8319	308.148	0	
-154.792	-2.72654	192.997	0	
-158.77	-3.86216	165.93	0	
125.625	-0.431516	200.884	0	
-24.0702	-2.91409	200.687	0	
-157.76	-5.35468	181.487	0	
-46.4583	-2.01633	190.295	0	
-157.292	-2.72654	172.944	0	
-160.13	-11.9534	194.527	0	
-18.854	-1.86538	202.733	0	
-151.295	-2.8545	199.083	0	
29.896	-1.86538	203.247	0	
-42.604	-1.86538	187.918	0	
-169.22	-2.04966	81.3176	0	
-53.75	-1.09967	180.516	0	
-165.6	-1.76839	94.8544	0	
-167.3	-0.925681	76.4846	0	
-62.2917	-2.72654	196.184	0	
-171.389	-5.89642	79.3499	0	
-61.0417	-3.47328	196.26	0	
-164.269	-10.8597	117.971	0	
-59.7917	-2.72654	192.745	0	
-68.125	-0.36089	183.612	0	
-65.5207	-2.1669	186.495	0	
-87.5	-1.09967	171.73	0	
-158.125	-0.431516	155.69	0	
-156.875	-0.668155	172.758	0	
-80.5207	-2.1669	184.441	0	
-157.5	-1.09967	162.793	0	
-70.625	-0.431516	184.11	0	
79.375	-0.668155	230.394	0	
-154.375	-0.668155	187.808	0	
55.625	-0.668155	200.133	0	
-153.125	-0.431516	184.222	0	
-150.625	-0.366631	177.014	0	
38.5417	-2.01633	212.771	0	
-153.75	-1.09967	192.675	0	
49.7917	-2.01633	206.003	0	
-155.625	-0.431516	180.775	0	
72.1798	-2.91409	208.303	0	
-162.583	-1.33918	112.695	0	
-60	-1.09967	183.141	0	
-149.375	-0.431516	193.998	0	
-155	-1.09967	191.223	0	
31.0415	-5.36053	199.989	0	
-148.125	-0.668155	178.853	0	
31.0341	-3.06466	195.74	0	
-146.875	-0.431516	200.006	0	
-147.5	-1.09967	198.236	0	
36.875	-0.668155	224.311	0	
32.7083	-2.01633	206.577	0	
-144.375	-0.431516	200.055	0	
28.125	-0.36089	208.05	0	
-137.5	-1.09967	189.85	0	
-139.375	-0.366631	219.21	0	
25.625	-0.431516	201.28	0	
-143.125	-0.668155	194.236	0	
33.75	-1.09967	212.205	0	
-143.75	-1.09967	188.136	0	
34.375	-0.668155	216.397	0	
8.75	-1.09967	181.678	0	
-136.875	-0.668155	234.967	0	
183.782	-3.55475	251.832	0	
-135.625	-0.431516	221.652	0	
-135	-0.798148	197.179	0	
135.922	-2.00504	199.962	0	
-136.25	-1.09967	200.587	0	
149.65	-2.73747	196.921	0	
131.936	-4.3008	204.122	0	
-131.25	-0.798148	210.991	0	
129.003	-2.80091	199.386	0	
-122.604	-1.86538	190.465	0	
-128.75	-1.09967	200.466	0	
129.375	-0.668155	193.618	0	
-130.625	-0.431516	220.688	0	
133.125	-0.668155	206.911	0	
-130	-1.09967	205.383	0	
141.875	-0.668155	203.328	0	
-138.125	-0.431516	214.79	0	
15.7293	-2.1669	188.722	0	
128.75	-1.09967	200.113	0	
-121.25	-1.09967	181.855	0	
120.625	-0.431516	191.446	0	
-121.875	-0.431516	192.176	0	
-120.625	-0.668155	211.048	0	
110.744	-2.06993	190.979	0	
-123.125	-0.366631	208.862	0	
123.125	-0.36089	195.704	0	
-116.875	-0.36089	182.073	0	
-120	-1.09967	173.799	0	
-133.661	-2.93321	197.904	0	
-115.625	-0.366631	190.699	0	
-114.375	-0.431516	180.455	0	
-127.5	-0.798148	193.928	0	
-113.75	-1.09967	174.122	0	
-119.375	-0.431516	190.903	0	
-115	-0.798148	187.199	0	
100.625	-0.431516	180.078	0	
-93.125	-0.668155	171.421	0	
-112.5	-1.09967	172.6	0	
-103.125	-0.668155	184.69	0	
-111.25	-0.798148	182.706	0	
-103.75	-1.09967	174.396	0	
-114.271	-2.1669	183.84	0	
-111.875	-0.431516	175.011	0	
-110.328	-2.00504	178.577	0	
-111.994	-2.06993	186.25	0	
-108.125	-0.431516	182.645	0	
-141.875	-0.431516	215.232	0	
-104.375	-0.431516	175.118	0	
-95.104	-1.86538	172.455	0	
-142.5	-1.09967	213.192	0	
-105.625	-0.366631	181.682	0	
-110.625	-0.366631	181.817	0	
-108.75	-1.09967	183.945	0	
-109.375	-0.668155	174.355	0	
-113.125	-0.668155	196.363	0	
-104.405	-3.52006	190.644	0	
-128.125	-0.431516	221.554	0	
127.708	-2.01633	198.369	0	
-102.5	-1.09967	174.186	0	
43.125	-0.668155	225.404	0	
-129.375	-0.668155	213.117	0	
-101.875	-0.431516	172.778	0	
-133.125	-0.668155	228.875	0	
-99.375	-0.668155	171.087	0	
-101.25	-0.798148	174.224	0	
-90.9973	-2.80091	183.352	0	
-134.375	-0.366631	222.54	0	
-95.625	-0.366631	169.045	0	
-150.089	-1.76841	183.364	0	
-73.854	-1.86538	181.407	0	
-92.5	-1.09967	170.871	0	
-148.968	-2.99641	186.767	0	
-94.375	-0.431516	167.109	0	
-151.875	-0.668155	188.477	0	
-93.75	-1.09967	171.206	0	
-135.744	-2.06993	204.816	0	
-149.256	-2.06993	191.74	0	
-88.75	-0.798148	174.9	0	
-147.292	-2.01633	184.141	0	
-81.354	-1.86538	174.744	0	
-86.25	-1.09967	174.88	0	
-146.25	-1.09967	182.972	0	
-88.125	-0.431516	169.901	0	
-145.625	-0.668155	190.596	0	
-156.042	-2.01633	183.214	0	
-81.875	-0.366631	175.968	0	
-150	-0.798148	180.803	0	
-79.375	-0.668155	181.873	0	
-73.75	-0.798148	185.69	0	
-153.542	-2.01633	187.811	0	
-80.625	-0.431516	175.554	0	
-155.208	-2.01633	188.135	0	
-85.625	-0.431516	171.604	0	
-156.25	-1.09967	189.643	0	
-91.875	-0.431516	169.602	0	
-138.75	-0.798148	206.371	0	
-158.75	-1.09967	157.731	0	
-72.5	-1.09967	180.988	0	
-20.625	-0.36089	204.197	0	
-73.125	-0.431516	182.214	0	
-71.875	-0.668155	185.278	0	
-23.125	-0.431516	203.991	0	
-74.375	-0.366631	182.382	0	
-158.542	-2.01633	150.693	0	
-31.25	-0.798148	197.008	0	
-71.25	-1.09967	181.487	0	
3.125	-0.668155	169.772	0	
-66.875	-0.366631	181.899	0	
30.7293	-2.1669	204.216	0	
-14.0777	-2.00504	201.866	0	
-65	-1.09967	183.759	0	
-8.15454	-3.52006	197.747	0	
-66.25	-0.798148	186.143	0	
-37.4111	-2.93321	197.125	0	
-18.0207	-2.1669	197.4	0	
-63.125	-0.431516	183.664	0	
-15.7444	-2.06993	201.455	0	
-60.625	-0.431516	182.979	0	
-59.375	-0.668155	184.377	0	
-14.375	-0.366631	210.968	0	
-61.875	-0.668155	184.563	0	
-13.125	-0.668155	225.656	0	
-46.875	-0.431516	184.799	0	
-58.125	-0.431516	182.065	0	
-33.125	-0.668155	196.923	0	
-54.375	-0.431516	182.534	0	
-53.125	-0.668155	179.241	0	
-41.7707	-2.1669	189.641	0	
-55.625	-0.366631	181.804	0	
-41.4106	-3.16569	195.172	0	
-58.75	-1.09967	182.697	0	
-44.375	-0.36089	186.166	0	
-62.5	-1.09967	186.763	0	
-6.875	-0.668155	192.433	0	
-78.75	-1.09967	176.244	0	
-152.5	-1.09967	181.126	0	
-39.4944	-2.06993	188.296	0	
-51.875	-0.431516	181.063	0	
-56.875	-0.668155	185.303	0	
-49.375	-0.431516	180.693	0	
-48.125	-0.668155	173.966	0	
-55.0889	-1.76841	181.737	0	
-48.75	-1.09967	184.227	0	
-38.125	-0.366631	189.533	0	
-42.5	-0.798148	186.226	0	
-41.25	-1.09967	188.081	0	
-50.625	-0.668155	176.337	0	
-41.875	-0.431516	195.183	0	
-40.625	-0.668155	184.528	0	
-52.2917	-2.01633	186.529	0	
-43.125	-0.366631	178.671	0	
-54.2556	-2.06993	187.583	0	
-47.5	-1.09967	192.265	0	
-53.9679	-2.99641	191.521	0	
-61.25	-1.09967	180.891	0	
-39.375	-0.431516	194.825	0	
-62.7083	-2.01633	183.155	0	
-33.75	-1.09967	185.962	0	
-35	-0.798148	181.096	0	
-55	-0.798148	182.072	0	
-38.75	-0.798148	188.82	0	
-61.0417	-2.01633	186.611	0	
-57.5	-1.09967	177.886	0	
-26.354	-1.86538	194.086	0	
-63.5417	-2.01633	190.96	0	
-31.875	-0.431516	199.296	0	
-25	-1.09967	187.987	0	
-69.375	-0.668155	185.24	0	
-32.5	-1.09967	184.066	0	
-63.75	-1.09967	177.395	0	
-34.375	-0.431516	201.465	0	
-58.5417	-2.01633	184.362	0	
-40	-1.09967	192.689	0	
-51.25	-1.09967	183.751	0	
-73.0207	-2.1669	187.287	0	
-25.625	-0.431516	201.668	0	
-71.0417	-2.01633	185.654	0	
-18.75	-0.798148	203.19	0	
-23.75	-1.09967	196.321	0	
-70	-1.09967	182.519	0	
-24.375	-0.668155	205.612	0	
-67.5054	-1.48403	182.911	0	
-78.125	-0.431516	179.988	0	
-19.375	-0.366631	211.163	0	
-80	-1.09967	173.044	0	
-16.875	-0.668155	214.978	0	
-16.25	-1.09967	198.753	0	
93.5212	-2.84299	195.533	0	
-18.125	-0.431516	210.89	0	
-91.4583	-2.01633	174.168	0	
-17.5	-1.09967	195.811	0	
-75.625	-0.36089	179.696	0	
82.5446	-2.8545	205.862	0	
-15	-0.798148	198.901	0	
101.503	-2.80091	191.792	0	
-12.5	-1.09967	195.151	0	
-11.875	-0.431516	212.392	0	
83.125	-0.668155	209.74	0	
-7.5	-1.09967	229.409	0	
89.375	-0.668155	221.011	0	
81.875	-0.366631	220.688	0	
-8.125	-0.431516	211.412	0	
73.125	-0.431516	225.005	0	
-6.25	-1.09967	213.926	0	
-5.625	-0.431516	207.967	0	
66.6193	-3.06027	210.57	0	
1.14595	-1.86538	184.017	0	
75.625	-0.36089	221.408	0	
-9.375	-0.366631	204.537	0	
80.5056	-2.06993	212.244	0	
-15.625	-0.431516	219.272	0	
99.375	-0.668155	187.483	0	
-26.875	-0.366631	202.173	0	
-67.5	-0.727521	188.688	0	
-52.5	-1.09967	180.394	0	
-36.875	-0.668155	199.84	0	
-137.661	-3.16569	198.079	0	
-5	-0.798148	194.236	0	
-3.125	-0.668155	199.117	0	
63.125	-0.668155	216.655	0	
2.5	-1.09967	188.254	0	
0.625	-0.366631	171.098	0	
58.4223	-2.00504	204.652	0	
59.375	-0.668155	199.16	0	
1.875	-0.431516	175.195	0	
58.125	-0.366631	203.184	0	
3.75	-1.09967	177.555	0	
4.375	-0.431516	172.716	0	
51.875	-0.36089	201.97	0	
22.396	-1.86538	191.012	0	
56.7556	-2.06993	204.704	0	
7.5	-0.798148	187.213	0	
65.9223	-2.00504	207.433	0	
42.2821	-2.99641	216.669	0	
8.125	-0.431516	167.144	0	
41.9944	-2.06993	215.423	0	
10	-1.09967	189.848	0	
10.625	-0.431516	167.611	0	
45.625	-0.668155	211.388	0	
14.896	-1.86538	180.388	0	
53.75	-0.798148	205.635	0	
45	-1.09967	210.046	0	
15.625	-0.431516	179.449	0	
41.1611	-1.76841	219.104	0	
22.5	-0.798148	192.087	0	
17.5	-1.09967	199.412	0	
33.5417	-2.01633	210.322	0	
16.875	-0.668155	167.507	0	
39.375	-0.668155	227.227	0	
14.375	-0.366631	159.963	0	
43.9583	-2.01633	218.125	0	
23.75	-1.09967	193.484	0	
49.375	-0.431516	209.625	0	
37.7083	-2.01633	219.144	0	
21.875	-0.366631	168.894	0	
35	-1.09967	205.401	0	
24.375	-0.668155	180.247	0	
30	-0.798148	195.023	0	
35.2083	-2.01633	213.68	0	
23.125	-0.431516	201.161	0	
38.75	-1.09967	221.565	0	
28.7446	-1.48403	205.197	0	
31.25	-1.09967	201.358	0	
28.75	-0.727521	199.615	0	
125.729	-2.1669	194.629	0	
32.5	-1.09967	204.58	0	
25.2083	-2.01633	190.866	0	
29.375	-0.366631	193.417	0	
23.2293	-2.1669	197.164	0	
25	-1.09967	216.655	0	
26.875	-0.668155	186.468	0	
20.625	-0.36089	185.421	0	
36.25	-1.09967	215.896	0	
4.79167	-2.01633	179.662	0	
42.5	-1.09967	211.497	0	
37.5	-1.09967	200.092	0	
16.25	-1.09967	182.737	0	
35.625	-0.431516	227.049	0	
18.125	-0.431516	176.859	0	
151.875	-0.431516	207.037	0	
40.625	-0.366631	229.146	0	
149.375	-0.431516	197.002	0	
53.646	-1.86538	198.348	0	
43.75	-1.09967	205.551	0	
149.529	-1.8473	205.208	0	
41.875	-0.431516	228.441	0	
144.672	-2.00504	202.125	0	
38.125	-0.431516	228.628	0	
154.375	-0.36089	211.394	0	
33.125	-0.431516	221.977	0	
26.25	-1.09967	199.203	0	
44.375	-0.431516	227.65	0	
41.25	-0.798148	224.158	0	
143.006	-2.06993	201.454	0	
47.5	-1.09967	210.682	0	
138.75	-0.727521	204.337	0	
48.125	-0.668155	202.97	0	
48.75	-1.09967	203.796	0	
136.875	-0.668155	206.697	0	
46.875	-0.431516	217.899	0	
144.375	-0.366631	200.272	0	
140	-0.798148	202.881	0	
53.125	-0.366631	194.232	0	
135.625	-0.366631	205.908	0	
77.396	-1.86538	212.918	0	
56.25	-1.09967	194.882	0	
130.625	-0.366631	200.183	0	
54.375	-0.431516	194.882	0	
134.256	-2.06993	199.942	0	
55	-1.09967	190.053	0	
136.619	-3.06027	200.041	0	
121.875	-0.668155	187.501	0	
57.5	-0.798148	196.827	0	
61.25	-0.798148	209.749	0	
62.5	-1.09967	192.501	0	
61.875	-0.431516	204.936	0	
118.229	-2.1669	195.161	0	
56.875	-0.431516	198.874	0	
123.745	-1.48403	195.774	0	
120.208	-2.01633	193.658	0	
69.896	-1.86538	209.859	0	
115.625	-0.36089	185.714	0	
64.375	-0.431516	209.466	0	
71.25	-1.09967	203.351	0	
113.125	-0.431516	185.454	0	
63.75	-1.09967	194.388	0	
121.25	-1.09967	196.394	0	
69.375	-0.366631	210.361	0	
123.75	-0.727521	193.468	0	
91.25	-0.798148	203.325	0	
131.161	-1.76841	199.495	0	
106.875	-0.431516	179.328	0	
70.625	-0.431516	224.689	0	
-116.255	-1.48403	182.365	0	
77.5	-0.798148	210.771	0	
72.5	-1.09967	195.456	0	
-121.771	-2.1669	194.494	0	
71.875	-0.668155	225.231	0	
-118.125	-0.668155	203.375	0	
-119.792	-2.01633	193.237	0	
76.875	-0.366631	226.278	0	
-123.75	-0.727521	208.366	0	
124.896	-1.86538	194.462	0	
80	-1.09967	205.09	0	
-125.625	-0.668155	220.638	0	
78.125	-0.431516	221.262	0	
-118.75	-1.09967	183.423	0	
78.75	-1.09967	207.753	0	
-116.25	-0.727521	190.763	0	
-86.875	-0.668155	171.867	0	
81.25	-0.798148	216.931	0	
-90.625	-0.668155	171.371	0	
83.75	-1.09967	208.802	0	
84.375	-0.431516	216.719	0	
-92.2917	-2.01633	177.493	0	
88.75	-1.09967	186.126	0	
-98.9788	-2.84299	171.725	0	
-98.125	-0.431516	176.803	0	
88.125	-0.431516	200.835	0	
-109.955	-2.8545	192.056	0	
90	-1.09967	181.985	0	
90.625	-0.431516	192.111	0	
-95	-0.798148	179.556	0	
97.396	-1.86538	187.281	0	
-98.75	-1.09967	170.823	0	
86.875	-0.366631	213.426	0	
-91.25	-1.09967	170.22	0	
80.625	-0.431516	218.351	0	
-94.2707	-2.1669	176.831	0	
101.042	-2.01633	186.606	0	
145.625	-0.668155	210.695	0	
-100.625	-0.366631	176.435	0	
93.125	-0.668155	185.587	0	
-105.089	-1.76841	181.34	0	
96.875	-0.366631	186.374	0	
98.75	-1.09967	185.52	0	
-106.875	-0.668155	172.959	0	
-105	-0.798148	184.646	0	
117.396	-1.86538	190.676	0	
-107.5	-1.09967	190.303	0	
105	-1.09967	190.482	0	
103.75	-0.798148	184.11	0	
-111.161	-1.76841	181.587	0	
100	-1.09967	185.193	0	
-108.542	-2.01633	186.746	0	
98.125	-0.431516	180.025	0	
-113.909	-3.16789	189.73	0	
-140.625	-0.36089	215.32	0	
111.25	-1.09967	188.424	0	
-134.078	-2.00504	203.746	0	
109.375	-0.366631	179.567	0	
110.625	-0.431516	182.032	0	
-122.5	-0.798148	198.297	0	
106.25	-1.09967	186.834	0	
-140.005	-1.48403	209.266	0	
-126.875	-0.366631	202.825	0	
117.5	-0.798148	192.578	0	
-131.339	-1.76841	205.975	0	
118.75	-1.09967	189.963	0	
116.875	-0.366631	181.047	0	
-134.911	-1.76841	204.908	0	
112.5	-1.09967	196.608	0	
-131.875	-0.366631	215.919	0	
111.875	-0.668155	178.92	0	
-128.244	-2.06993	202.308	0	
104.375	-0.431516	180.104	0	
-110	-1.03479	189.48	0	
-151.25	-1.03479	180.359	0	
119.375	-0.668155	190.153	0	
-139.484	-2.19037	198.812	0	
120	-1.09967	197.881	0	
126.25	-1.09967	191.68	0	
-140	-0.727521	197.339	0	
125	-0.798148	189.915	0	
-150.922	-2.00504	184.113	0	
-144.792	-2.01633	186.546	0	
172.314	-2.47004	250.106	0	
-20.0054	-1.48403	203.237	0	
128.125	-0.431516	195.625	0	
132.5	-1.09967	195.38	0	
-25.5207	-2.1669	198.566	0	
127.5	-1.09967	190.798	0	
-21.875	-0.668155	203.471	0	
124.375	-0.366631	190.544	0	
-145	-1.09967	191.291	0	
-23.5417	-2.01633	194.586	0	
131.875	-0.431516	199.452	0	
-27.5	-0.727521	194.918	0	
133.75	-1.09967	198.788	0	
134.375	-0.431516	202.387	0	
-29.375	-0.668155	202.611	0	
139.896	-1.86538	200.926	0	
-22.5	-1.09967	185.433	0	
9.375	-0.668155	164.776	0	
141.25	-1.09967	200.861	0	
5.625	-0.668155	167.242	0	
140.625	-0.431516	203.286	0	
156.146	-1.86538	218.221	0	
3.95833	-2.01633	186.25	0	
139.375	-0.366631	200.112	0	
-2.72879	-2.84299	191.793	0	
135	-0.798148	196.963	0	
1.97929	-2.1669	188.124	0	
131.25	-0.798148	200.445	0	
-20	-0.727521	201.627	0	
118.125	-0.431516	194.583	0	
-133.75	-1.03479	201.686	0	
-1.875	-0.431516	178.964	0	
143.125	-0.431516	200.349	0	
-13.7054	-2.8545	201.752	0	
150	-1.09967	188.651	0	
146.25	-1.09967	191.267	0	
1.25	-0.798148	188.598	0	
143.75	-0.798148	201.967	0	
-2.5	-1.09967	184.148	0	
-4.375	-0.366631	187.46	0	
150.625	-0.668155	206.812	0	
-8.83895	-1.76841	208.359	0	
151.25	-1.09967	202.779	0	
157.5	-1.09967	219.711	0	
-17.6594	-3.16789	190.848	0	
156.25	-0.798148	221.088	0	
-10.625	-0.668155	225.042	0	
148.125	-0.366631	196.742	0	
-5.74439	-2.06993	195.021	0	
-12.2917	-2.01633	208.117	0	
156.875	-0.431516	223.074	0	
-14.9111	-1.76841	204.955	0	
158.958	-1.16463	234.168	0	
160	-0.496475	237.733	0	
-13.75	-1.03479	206.411	0	
158.125	-0.668155	232.313	0	
-11.25	-1.09967	205.281	0	
-43.7554	-1.48403	185.814	0	
159.338	-2.74918	233.022	0	
-26.25	-0.798148	197.125	0	
164.35	-1.76839	245.221	0	
166.05	-0.925681	247.783	0	
-31.9944	-2.06993	197.453	0	
155.521	-4.78762	221.564	0	
-37.8277	-2.00504	190.864	0	
161.333	-1.33918	236.012	0	
-45.625	-0.668155	179.02	0	
155.625	-0.366631	216.825	0	
-8.75	-0.798148	203.918	0	
-35.625	-0.366631	190.401	0	
174.762	-1.34606	251.832	0	
-38.6611	-1.76841	189.527	0	
177.527	-2.9619	251.939	0	
168.496	-7.04709	246.553	0	
-37.5	-1.03479	182.339	0	
166.796	-10.6094	245.46	0	
-35.0889	-1.76841	189.984	0	
-55.9223	-2.00504	184.149	0	
154.805	-6.09945	219.108	0	
-43.75	-0.727521	188.341	0	
119.775	-42.5718	189.953	0	
169.138	-29.3032	229.317	0	
-47.2917	-2.01633	180.705	0	
199.784	-4.78957	245.745	0	
-51.0417	-2.72654	193.272	0	
177.385	-6.05361	251.064	0	
-56.25	-1.03479	178.572	0	
-50	-1.09967	187.982	0	
-68.75	-1.02905	179.723	0	
-66.9845	-2.19037	188.413	0	
-49.7917	-2.01633	184.096	0	
28.7125	-3.24559	200.587	0	
-75.0054	-1.48403	180.794	0	
-79.0702	-2.91409	187.813	0	
-76.875	-0.668155	181.122	0	
-71.5702	-2.91409	190.624	0	
168.693	-54.0604	221.169	0	
-46.25	-1.09967	177.026	0	
167.97	-2.04966	247.193	0	
-30.625	-0.366631	197.357	0	
142.5	-1.09967	198.083	0	
5	-1.09967	190.297	0	
-75	-0.727521	187.556	0	
-101.994	-2.06993	178.841	0	
-78.5417	-2.01633	179.828	0	
65	-0.798148	198.658	0	
-77.5	-1.09967	175.964	0	
-82.5	-0.727521	183.905	0	
-84.375	-0.668155	175.154	0	
98.2293	-2.1669	191.185	0	
105.625	-0.668155	177.837	0	
92.1723	-2.00504	197.057	0	
101.875	-0.668155	185.316	0	
100.208	-2.01633	188.834	0	
101.25	-1.09967	183.262	0	
94.375	-0.431516	195.573	0	
93.75	-1.09967	194.494	0	
88.0955	-3.52006	196.762	0	
97.5	-0.798148	197.131	0	
90.5056	-2.06993	204.004	0	
91.875	-0.366631	198.647	0	
85.625	-0.668155	203.157	0	
87.4111	-1.76841	199.858	0	
82.1723	-2.00504	207.966	0	
87.5	-0.798148	205.112	0	
83.9583	-2.01633	207.743	0	
85	-1.09967	213.38	0	
81.3389	-1.76841	213.44	0	
82.5	-1.03479	216.96	0	
74.375	-0.668155	226.755	0	
76.2446	-1.48403	216.97	0	
70.7293	-2.1669	210.106	0	
76.25	-0.727521	226.651	0	
72.7083	-2.01633	217.034	0	
73.75	-1.09967	217.673	0	
68.75	-0.727521	215.153	0	
66.875	-0.668155	205.442	0	
58.8389	-2.93321	214.2	0	
70	-0.798148	201.934	0	
64.2556	-2.06993	207.108	0	
65.625	-0.366631	209.2	0	
60.625	-0.366631	207.815	0	
61.1611	-1.76841	204.648	0	
57.5889	-1.76841	201.559	0	
58.75	-1.03479	202.992	0	
50.625	-0.668155	195.534	0	
52.4946	-1.48403	199.718	0	
45.2083	-2.72654	218.446	0	
52.5	-0.727521	202.895	0	
48.9583	-2.01633	211.069	0	
50	-1.09967	206.68	0	
46.25	-1.09967	210.327	0	
46.4583	-2.01633	215.261	0	
40	-1.03479	213.353	0	
40.3277	-2.00504	219.788	0	
27.5	-1.02905	220.807	0	
29.2655	-2.19037	197.496	0	
24.6798	-2.91409	202.406	0	
121.042	-2.01633	195.411	0	
19.375	-0.668155	167.122	0	
21.2446	-1.48403	188.41	0	
17.1798	-2.91409	196.231	0	
21.25	-0.727521	184.198	0	
17.7083	-2.01633	182.795	0	
18.75	-1.09967	187.226	0	
13.75	-0.727521	175.206	0	
11.875	-0.668155	165.208	0	
153.125	-0.668155	205.19	0	
154.995	-1.48403	214.489	0	
145.155	-3.05088	200.922	0	
155	-0.727521	212.593	0	
151.458	-2.01633	201.52	0	
152.5	-1.09967	197.964	0	
146.875	-0.431516	210.24	0	
148.696	-1.54577	194.327	0	
147.758	-2.24637	194.135	0	
148.75	-0.798148	203.313	0	
143.839	-1.76841	198.082	0	
145	-1.03479	193.58	0	
138.125	-0.36089	199.257	0	
138.745	-1.48403	199.008	0	
135.089	-1.76841	200.459	0	
136.25	-1.03479	199.185	0	
130	-1.03479	202.216	0	
130.328	-2.00504	198.438	0	
122.5	-1.02905	202.224	0	
124.266	-2.19037	193.694	0	
119.68	-2.91409	197.408	0	
156.979	-2.1669	226.225	0	
114.375	-0.668155	184.967	0	
116.245	-1.48403	188.881	0	
112.163	-2.94281	195.09	0	
116.25	-0.727521	190.747	0	
112.708	-2.01633	186.031	0	
113.75	-1.09967	184.1	0	
108.125	-0.668155	179.288	0	
109.911	-1.76841	186.961	0	
-117.5	-1.02905	172.87	0	
-115.734	-2.19037	187.356	0	
-138.021	-2.1669	204.704	0	
-67.5375	-3.24559	192.157	0	
-124.375	-0.36089	198.486	0	
-123.755	-1.48403	194.77	0	
-88.0056	-2.06993	180.636	0	
-81.25	-0.798148	182.027	0	
-86.0417	-2.01633	173.848	0	
-85	-1.09967	171.86	0	
-89.375	-0.366631	168.04	0	
-88.8389	-1.76841	171.48	0	
-96.875	-0.36089	162.498	0	
-96.2554	-1.48403	170.663	0	
-95.7345	-2.19037	178.635	0	
-96.25	-0.727521	179.681	0	
-101.161	-1.76841	180.045	0	
-100	-1.03479	185.139	0	
-106.25	-1.03479	185.012	0	
-105.922	-2.00504	178.835	0	
-70.2083	-2.01633	186.298	0	
-100.328	-2.00504	170.871	0	
-141.25	-0.792406	196.875	0	
-140.814	-2.07688	192.306	0	
-153.54	-3.47677	197.357	0	
-123.787	-3.24559	199.314	0	
-127.411	-1.76841	200.227	0	
-126.25	-1.03479	195.444	0	
-132.5	-1.03479	193.202	0	
-132.172	-2.00504	206.815	0	
-118.958	-2.01633	186.961	0	
-126.578	-2.00504	195.897	0	
-202.353	-21.532	119.152	0	
-119.833	-3.79821	196.453	0	
-21.25	-1.02905	202.65	0	
-19.4845	-2.19037	197.235	0	
-27.5375	-3.24559	207.059	0	
5.25269	-2.80091	193.866	0	
-28.125	-0.36089	198.971	0	
-27.5054	-1.48403	194.48	0	
8.24439	-2.06993	185.186	0	
15	-0.798148	186.558	0	
10.2083	-2.01633	179.495	0	
11.25	-1.09967	178.067	0	
6.875	-0.366631	170.591	0	
7.41105	-1.76841	179.875	0	
-0.625	-0.36089	180.837	0	
-0.00541199	-1.48403	183.384	0	
0.51554	-2.19037	196.634	0	
0	-0.727521	203.373	0	
-4.91105	-1.76841	204.237	0	
-3.75	-1.03479	198.017	0	
-10	-1.03479	200.113	0	
-9.67228	-2.00504	207.013	0	
26.0417	-2.01633	202.624	0	
-4.07772	-2.00504	192.108	0	
-45	-1.02905	186.606	0	
-43.2345	-2.19037	187.499	0	
-50.2083	-2.72654	195.726	0	
-29.6307	-3.06027	200.237	0	
-31.1611	-1.76841	190.103	0	
-30	-1.03479	186.744	0	
-36.25	-1.03479	187.209	0	
-35.9223	-2.00504	187.146	0	
-22.7083	-2.01633	199.604	0	
-30.3277	-2.00504	194.254	0	
-60.2083	-2.01633	185.295	0	
-51.4583	-2.01633	184.203	0	
-68.3387	-1.78555	186.978	0	
-68.4751	-2.84652	189.01	0	
-76.25	-1.02905	178.17	0	
-74.4845	-2.19037	186.431	0	
-77.7083	-2.01633	182.406	0	
-105.61	-4.06799	187.257	0	
-83.125	-0.36089	173.02	0	
-82.5054	-1.48403	174.823	0	
104.494	-2.06993	187.67	0	
110	-0.798148	191.809	0	
106.458	-2.01633	188.982	0	
107.5	-1.09967	194.059	0	
103.125	-0.366631	176.498	0	
103.661	-1.76841	184.375	0	
95.625	-0.36089	176.272	0	
96.2446	-1.48403	187.536	0	
96.7655	-2.19037	195.974	0	
96.25	-0.727521	194.526	0	
91.3389	-1.76841	196.341	0	
92.5	-1.03479	205.915	0	
86.25	-1.03479	207.961	0	
86.5777	-2.00504	207.086	0	
78.2293	-2.1669	209.621	0	
78.5906	-3.16789	202.251	0	
75	-1.02905	210.482	0	
76.7655	-2.19037	212.496	0	
68.7125	-3.24559	211.961	0	
123.713	-3.24559	196.212	0	
68.125	-0.36089	211.8	0	
68.7446	-1.48403	210.035	0	
65.0889	-1.76841	203.189	0	
66.25	-1.03479	204.65	0	
60	-1.03479	206.692	0	
60.3277	-2.00504	206.587	0	
54.4793	-2.1669	210.128	0	
73.5417	-2.01633	210.674	0	
51.25	-1.02905	197.18	0	
53.0155	-2.19037	210.698	0	
40.4973	-3.78292	219.613	0	
54.8394	-3.16569	220.726	0	
39.0027	-2.80091	217.197	0	
44.7917	-2.01633	211.06	0	
27.9113	-1.78555	195.625	0	
27.7749	-2.84652	200.699	0	
20	-1.02905	202.888	0	
21.7655	-2.19037	192.158	0	
-9.36018	-4.06799	186.305	0	
18.5417	-2.01633	189.792	0	
13.125	-0.36089	170.151	0	
13.7446	-1.48403	175.882	0	
153.75	-1.02905	213.144	0	
155.516	-2.19037	217.661	0	
142.62	-3.22837	199.365	0	
144.069	-5.7607	202.446	0	
147.5	-0.798148	188.515	0	
146.771	-2.1669	204.415	0	
140.729	-2.1669	201.093	0	
150.746	-2.90651	207.339	0	
137.5	-1.02905	193.533	0	
139.266	-2.19037	201.523	0	
130.64	-4.06799	200.442	0	
141.177	-3.32534	200.103	0	
131.994	-2.06993	201.818	0	
129.955	-2.8545	200.546	0	
128.542	-2.01633	195.457	0	
127.18	-2.91409	196.032	0	
122.911	-1.78555	193.352	0	
122.775	-2.84652	196.269	0	
115	-1.02905	191.254	0	
116.766	-2.19037	193.842	0	
86.8898	-4.06799	199.941	0	
113.542	-2.01633	192.401	0	
108.75	-1.03479	186.74	0	
109.078	-2.00504	188.744	0	
-117.089	-1.78555	190.005	0	
-117.225	-2.84652	185.073	0	
-125	-1.02905	181.445	0	
-123.234	-2.19037	196.862	0	
-78.5826	-3.79821	194.615	0	
-143.899	-7.68728	311.066	0	
-90	-1.03479	171.35	0	
-89.6723	-2.00504	175.671	0	
-97.5	-0.792406	187.557	0	
-97.0644	-2.07688	188.077	0	
-116.287	-3.24559	187.754	0	
-108.125	-3.34884	204.049	0	
-104.256	-2.06993	182.631	0	
-112.466	-3.07092	184.551	0	
-107.708	-2.01633	184.073	0	
-116.633	-5.94785	223.973	0	
-141.434	-1.75189	211.545	0	
-142.267	-2.05915	191.588	0	
-130.506	-2.06993	203.011	0	
-141.756	-5.80291	225.497	0	
-140.354	-6.17065	222.926	0	
-130.457	-4.4054	199.091	0	
-20.8387	-1.78555	197.188	0	
-20.9751	-2.84652	197.418	0	
-28.75	-1.02905	188.545	0	
-26.9845	-2.19037	193.503	0	
-43.7875	-3.24559	201.476	0	
-46.3858	-5.74538	259.017	0	
6.25	-1.03479	178.898	0	
6.57772	-2.00504	184.968	0	
-1.25	-0.792406	200.171	0	
-0.814428	-2.07688	202.189	0	
-20.0375	-3.24559	195.437	0	
-11.875	-3.34884	197.613	0	
-8.00561	-2.06993	195.691	0	
-16.2164	-3.07092	186.177	0	
-11.4583	-2.01633	203.455	0	
-20.3828	-5.94785	228.174	0	
-44.5887	-1.78555	188.37	0	
-44.7251	-2.84652	189.599	0	
-34.2556	-2.06993	187.924	0	
-49.5151	-8.22246	316.61	0	
-44.2462	-5.42835	242.008	0	
-34.2075	-4.4054	206.74	0	
-75.0375	-3.24559	189.03	0	
25.1674	-3.79821	194.165	0	
-75.8387	-1.78555	183.535	0	
-75.9751	-2.84652	185.386	0	
-83.75	-1.02905	171.972	0	
-81.9845	-2.19037	182.925	0	
-90.0446	-2.8545	183.373	0	
-86.5873	-2.94281	187.958	0	
102.5	-1.03479	181.804	0	
102.828	-2.00504	188.314	0	
95	-0.792406	197.729	0	
95.4356	-2.07688	196.06	0	
76.2125	-3.24559	206.826	0	
84.375	-3.34884	199.873	0	
88.2444	-2.06993	203.537	0	
80.0336	-3.07092	198.993	0	
84.7917	-2.01633	203.822	0	
75.8672	-5.94785	206.295	0	
75.4113	-1.78555	215.913	0	
75.2749	-2.84652	210.324	0	
67.5	-1.02905	207.383	0	
69.2655	-2.19037	208.828	0	
52.4625	-3.24559	225.32	0	
49.8642	-5.74538	228.424	0	
61.9944	-2.06993	210.636	0	
46.7349	-8.22246	204.846	0	
52.0038	-5.42835	240.844	0	
62.0425	-4.4054	224.429	0	
51.6613	-1.78555	209.972	0	
51.5249	-2.84652	212.15	0	
21.2125	-3.24559	197.024	0	
107.75	-4.43486	196.348	0	
20.4113	-1.78555	186.082	0	
20.2749	-2.84652	194.936	0	
12.5	-1.02905	181.51	0	
14.2655	-2.19037	187.053	0	
6.20541	-2.8545	190.722	0	
9.66268	-2.94281	193.346	0	
154.161	-1.78555	211.344	0	
154.025	-2.84652	213.019	0	
152.292	-2.01633	207.341	0	
139.039	-4.35802	200.772	0	
137.911	-1.78555	202.002	0	
137.775	-2.84652	199.568	0	
116.213	-3.24559	195.623	0	
154.963	-3.24559	215.814	0	
115.411	-1.78555	191.099	0	
115.275	-2.84652	194.123	0	
107.292	-2.01633	186.436	0	
109.247	-3.78292	194.65	0	
-140.037	-3.24559	194.789	0	
-71.0826	-3.79821	200.866	0	
-124.589	-1.78555	202.644	0	
-124.725	-2.84652	189.954	0	
-92.8202	-2.91409	179.438	0	
-85.2083	-2.01633	179.349	0	
-97.684	-1.75189	169.931	0	
-98.5173	-2.05915	187.174	0	
-152.708	-2.01633	193.722	0	
-145.211	-4.15655	216.597	0	
-23.5826	-3.79821	204.975	0	
3.37811	-4.98343	199.708	0	
-28.3387	-1.78555	197.651	0	
-28.4751	-2.84652	190.336	0	
3.42981	-2.91409	190.638	0	
11.0417	-2.01633	183.787	0	
-1.43402	-1.75189	184.692	0	
-2.26735	-2.05915	201.682	0	
-48.9583	-3.47328	205.319	0	
-47.6197	-4.31165	223.036	0	
-88.4261	-3.92482	200.618	0	
-92.8719	-4.98343	205.394	0	
-83.3387	-1.78555	178.944	0	
-83.4751	-2.84652	181.847	0	
99.6798	-2.91409	190.763	0	
107.753	-2.80091	192.839	0	
94.816	-1.75189	191.929	0	
93.9827	-2.05915	194.966	0	
72.6674	-3.79821	212.339	0	
120.167	-3.79821	197.067	0	
67.9113	-1.78555	209.056	0	
67.7749	-2.84652	211.118	0	
47.2917	-3.47328	218.609	0	
50.1448	-3.88818	223.152	0	
17.6674	-3.79821	198.297	0	
-0.0374544	-3.24559	200.45	0	
12.9113	-1.78555	181.384	0	
12.7749	-2.84652	189.471	0	
148.483	-4.32001	199.585	0	
187.308	-1.93891	249.614	0	
147.862	-1.54577	204.852	0	
148.712	-3.13655	206.145	0	
133.929	-3.08731	201.163	0	
138.713	-3.24559	200.311	0	
90.6555	-3.51902	196.211	0	
102.455	-2.8545	189.808	0	
-152.829	-5.21478	219.913	0	
-131.801	-4.25718	206.868	0	
-122.157	-4.23242	204.549	0	
-96.2875	-3.24559	198.733	0	
-46.1052	-3.88818	211.022	0	
-35.5505	-4.25718	208.5	0	
-25.9071	-4.23242	219.433	0	
13.7125	-3.24559	194.257	0	
-100.639	-4.06622	181.504	0	
-82.5375	-3.24559	186.304	0	
48.6303	-4.31165	225.456	0	
96.2125	-3.24559	193.925	0	
60.6995	-4.25718	222.692	0	
70.3429	-4.23242	214.998	0	
-4.38926	-4.06622	188.601	0	
7.82395	-3.92482	199.149	0	
146.42	-3.14785	196.93	0	
147.178	-4.41078	205.561	0	
34.7917	-2.72654	208.259	0	
33.9583	-2.72654	206.915	0	
126.034	-3.06466	195.956	0	
126.041	-5.36183	200.505	0	
-147.837	-2.94281	197.04	0	
-142.682	-2.77243	204.779	0	
-160.208	-1.16463	109.548	0	
-201.338	-10.2031	103.966	0	
-153.958	-2.72654	197.571	0	
-152.247	-2.80091	191.284	0	
-156.042	-3.47328	186.005	0	
-156.458	-2.72654	179.378	0	
-52.8373	-2.94281	192.374	0	
-49.7917	-3.47328	200.719	0	
-58.9583	-2.72654	193.655	0	
-57.7083	-2.01633	187.269	0	
-56.2946	-2.8545	194.452	0	
-57.2473	-2.80091	190.988	0	
-65.2159	-3.06466	197.121	0	
-65.2085	-5.36053	233.92	0	
-72.7159	-3.06466	188.293	0	
-69.5113	-3.00667	190.201	0	
43.4127	-2.94281	212.105	0	
46.4583	-3.47328	222.605	0	
36.0417	-2.01633	212.628	0	
32.5816	-3.68836	200.652	0	
32.1798	-2.91409	206.463	0	
36.4583	-2.72654	212.85	0	
23.5341	-3.06466	192.626	0	
26.7387	-3.00667	193.133	0	
118.534	-3.06466	194.523	0	
121.739	-3.00667	195.073	0	
-121.466	-3.06466	186.886	0	
-118.261	-3.00667	189.576	0	
-93.9659	-3.06466	184.541	0	
-93.9594	-5.36183	228.944	0	
-109.003	-2.80091	178.55	0	
-107.247	-2.80091	179.707	0	
-146.042	-2.72654	187.048	0	
-147.44	-3.72538	196.491	0	
-25.2159	-3.06466	191.591	0	
-22.0113	-3.00667	193.204	0	
2.28409	-3.06466	196.658	0	
2.29056	-5.36183	199.461	0	
-12.7527	-2.80091	194.761	0	
-10.9973	-2.80091	199.661	0	
-48.9583	-2.01633	187.745	0	
-45.7613	-3.00667	193.844	0	
-52.44	-3.72538	205.824	0	
-48.5417	-2.72654	191.279	0	
-80.2159	-3.06466	181.964	0	
-77.0113	-3.00667	184.7	0	
98.5341	-3.06466	194.151	0	
98.5406	-5.36183	199.699	0	
83.4973	-2.80091	202.161	0	
85.2527	-2.80091	204.603	0	
71.0341	-3.06466	209.966	0	
74.2387	-3.00667	211.18	0	
47.2917	-2.01633	209.234	0	
50.4887	-3.00667	222.111	0	
43.81	-3.72538	219.584	0	
47.7083	-2.72654	218.653	0	
16.0341	-3.06466	193.257	0	
19.2387	-3.00667	192.151	0	
151.132	-3.93062	204.281	0	
152.989	-3.00667	208.307	0	
111.032	-2.99641	192.111	0	
114.239	-3.00667	192.283	0	
-87.7179	-2.99641	178.322	0	
-84.5113	-3.00667	180.036	0	
8.53206	-2.99641	194.257	0	
11.7387	-3.00667	190.536	0	
104.782	-2.99641	193.709	0	
102.997	-3.78292	195.078	0	
-143.54	-2.72962	187.346	0	
-140.951	-3.13784	202.74	0	
-99.9558	-2.85377	192.902	0	
-97.2008	-3.13784	174.987	0	
-3.70582	-2.85377	204.11	0	
-0.950756	-3.13784	195.06	0	
92.5442	-2.85377	197.755	0	
95.2992	-3.13784	195.909	0	
41.5739	-3.92482	210.621	0	
46.0417	-2.72654	214.065	0	
127.582	-3.68916	199.712	0	
132.502	-3.08731	199.409	0	
127.128	-4.98343	201.243	0	
128.572	-3.57598	199.309	0	
-152.662	-3.55114	205.962	0	
-152.231	-4.40508	210.781	0	
-159.148	-3.04538	134.255	0	
-165.564	-17.3854	148.302	0	
-154.373	-3.97501	205.797	0	
-150.753	-3.78292	198.322	0	
-160.293	-8.30276	157.576	0	
-155.208	-3.47328	192.283	0	
-158.057	-10.316	206.396	0	
-143.957	-3.47621	207.558	0	
-58.5398	-3.47677	197.336	0	
-57.2309	-4.40508	222.789	0	
-61.4583	-2.72654	191.636	0	
-57.6621	-3.55114	201.272	0	
-62.7232	-3.50081	194.98	0	
-55.7527	-3.78292	204.032	0	
-64.0702	-2.91409	188.259	0	
-63.6684	-3.68836	208.145	0	
-61.8899	-3.99904	214.335	0	
-60.2083	-3.47328	195.023	0	
-72.8478	-5.56717	216.944	0	
-69.264	-5.46522	241.74	0	
39.9554	-2.8545	210.827	0	
39.0191	-4.40508	218.406	0	
37.2917	-2.72654	209.674	0	
38.5879	-3.55114	210.325	0	
34.3601	-3.99904	207.096	0	
37.7102	-3.47677	214.82	0	
35.2083	-3.47328	210.371	0	
33.5268	-3.50081	209.6	0	
23.4022	-5.56717	198.191	0	
26.986	-5.46522	199.67	0	
118.402	-5.56717	198.926	0	
114.489	-5.47929	198.412	0	
-121.598	-5.56717	207.041	0	
-125.6	-5.31383	214.593	0	
-92.4178	-3.68916	199.714	0	
-89.5027	-3.78292	192.104	0	
-90.9952	-4.42757	209.496	0	
-86.1036	-3.83222	191.691	0	
-109.687	-5.39772	230.826	0	
-106.295	-2.8545	189.048	0	
-110.64	-4.06799	189.081	0	
-98.2818	-3.59669	213.544	0	
-146.478	-3.50911	203.329	0	
-141.985	-3.52613	192.326	0	
-25.3478	-5.56717	229.698	0	
-29.3495	-5.31383	239.948	0	
3.83223	-3.68916	199.305	0	
6.7473	-3.78292	200.108	0	
5.25478	-4.42757	201.667	0	
10.1464	-3.83222	199.581	0	
-13.4371	-5.39772	201.377	0	
-10.0446	-2.8545	198.267	0	
-14.3898	-4.06799	180.05	0	
-2.03178	-3.59669	203.391	0	
-51.4777	-3.50911	204.581	0	
-47.7083	-2.72654	199.929	0	
-51.0637	-4.19254	214.522	0	
-47.2189	-3.60804	201.154	0	
-80.3478	-5.56717	211.296	0	
-84.2613	-5.47929	230.904	0	
100.082	-3.68916	195.072	0	
112.646	-3.83222	194.61	0	
110.324	-3.92482	196.692	0	
107.317	-3.58364	193.988	0	
82.8129	-5.39772	200.824	0	
86.2054	-2.8545	198.663	0	
81.8602	-4.06799	194.957	0	
94.2182	-3.59669	195.839	0	
70.9022	-5.56717	222.053	0	
66.9005	-5.31383	221.813	0	
44.7723	-3.50911	217.765	0	
48.5417	-2.72654	213.418	0	
45.1863	-4.19254	224.38	0	
49.0311	-3.60804	227.4	0	
15.9022	-5.56717	204.735	0	
11.9887	-5.47929	202.17	0	
108.705	-2.8545	192.241	0	
101.072	-3.57598	192.214	0	
-91.4282	-3.57598	191.133	0	
-94.651	-4.21812	198.971	0	
4.82178	-3.57598	194.95	0	
1.59897	-4.21812	198.509	0	
105.913	-2.94281	191.163	0	
106.31	-3.72554	195.908	0	
97.849	-4.21812	192.264	0	
101.505	-4.42757	195.262	0	
-144.792	-3.47313	190.083	0	
-146.064	-4.19253	203.991	0	
-103.124	-4.43041	198.422	0	
-108.125	-4.73217	188.326	0	
-6.87403	-4.43041	182.68	0	
-11.875	-4.73217	177.654	0	
89.376	-4.43041	196.014	0	
84.375	-4.73217	195.282	0	
121.393	-3.89079	199.437	0	
143.936	-3.97268	200.802	0	
125.349	-4.21812	198.758	0	
129.043	-4.50658	201.724	0	
-154.834	-5.62943	213.888	0	
-149.676	-3.92482	214.84	0	
-156.465	-4.16242	184.781	0	
-88.4597	-6.17559	251.403	0	
-157.746	-3.54331	161.888	0	
-157.336	-4.23245	175.893	0	
-155.953	-5.20944	194.975	0	
-151.274	-4.58327	222.16	0	
-87.8931	-5.00841	211.504	0	
-54.6761	-3.92482	214.316	0	
-59.3731	-3.97501	213.175	0	
7.79028	-6.17559	202.169	0	
-65.9011	-4.21822	206.331	0	
-59.3047	-5.11624	229.61	0	
-64.1215	-4.98124	222.24	0	
-60.5387	-5.90518	244.343	0	
8.35687	-5.00841	203.644	0	
92.527	-5.11846	197	0	
30.3489	-4.21822	208.187	0	
32.1285	-4.98124	217.823	0	
36.0417	-3.47328	210.472	0	
34.378	-5.06466	221.856	0	
35.7113	-5.90518	213.775	0	
36.8769	-3.97501	213.389	0	
-101.844	-3.51902	188.842	0	
-99.973	-5.11846	238.685	0	
-145.501	-5.7656	245.935	0	
-69.8571	-3.89079	203.57	0	
-156.677	-7.51666	210.404	0	
-49.707	-5.1949	232.032	0	
-148.977	-5.20289	215.593	0	
-147.813	-5.59213	240.464	0	
-5.59449	-3.51902	202.267	0	
-3.72305	-5.11846	200.438	0	
-56.2742	-4.58327	224.925	0	
26.3929	-3.89079	203.316	0	
-39.9676	-3.06872	195.782	0	
46.543	-5.1949	228.783	0	
-53.9766	-5.20289	227.747	0	
-50.211	-4.15672	219.675	0	
-55.8234	-5.70833	238.184	0	
-48.5258	-4.17689	216.091	0	
-52.8132	-5.59213	252.308	0	
-47.2738	-5.38006	232.147	0	
91.8607	-4.06622	196.56	0	
105.879	-5.0575	195.42	0	
36.9453	-5.11624	223.009	0	
130.158	-4.945	204.16	0	
56.2824	-3.06872	220.759	0	
110.29	-6.17488	199.029	0	
42.2734	-5.20289	228.82	0	
46.039	-4.15672	223.87	0	
40.4266	-5.70833	228.1	0	
47.7242	-4.17689	229.14	0	
39.9758	-4.58327	211.118	0	
48.9762	-5.38006	239.919	0	
-90.0224	-4.58092	215.678	0	
-89.5124	-5.89001	232.256	0	
6.22758	-4.58092	200.909	0	
6.73765	-5.89001	201.993	0	
102.928	-5.70651	195.786	0	
107.848	-6.54104	198.442	0	
104.074	-3.92482	193.989	0	
104.773	-5.20318	196.618	0	
99.6281	-4.98343	193.019	0	
102.478	-4.58092	194.316	0	
-150.823	-5.70833	221.868	0	
-143.779	-5.33843	233.867	0	
76.6284	-4.52398	206.449	0	
144.244	-11.4317	210.418	0	
128.127	-5.50143	203.948	0	
128.872	-6.93342	206.706	0	
-158.777	-5.20944	155.844	0	
-143.448	-4.30353	200.442	0	
-161.732	-2.79975	94.4601	0	
-207.299	-15.0218	110.012	0	
-182.365	-35.5359	158.225	0	
-79.1691	-5.28353	229.035	0	
-150.997	-8.59138	282.436	0	
-57.1302	-6.3947	273.479	0	
-61.872	-5.06466	227.748	0	
-58.0402	-5.47194	230.6	0	
-115.872	-4.52398	204.005	0	
17.0809	-5.28353	203.58	0	
-19.6216	-4.52398	202.546	0	
108.728	-4.58055	197.124	0	
38.2098	-5.47194	221.266	0	
43.4368	-5.59213	217.096	0	
-139.58	-4.60081	212.183	0	
-145.691	-7.03602	260.802	0	
-96.7489	-6.89898	260.601	0	
-97.1496	-5.26597	247.134	0	
-149.602	-6.18605	250.887	0	
-134.449	-4.25718	205.059	0	
-31.5017	-4.16217	217.504	0	
39.1198	-6.3947	211.439	0	
-0.498874	-6.89898	186.282	0	
-0.89962	-5.26597	197.162	0	
-70.5474	-6.44535	249.385	0	
-54.6024	-6.18605	262.991	0	
-52.4014	-4.79453	222.359	0	
-51.4417	-5.03664	229.962	0	
-52.0429	-7.10465	269.554	0	
-50.5017	-5.76581	250.481	0	
-54.1682	-7.76797	284.362	0	
-36.3389	-2.93321	200.404	0	
-48.8551	-5.21507	231.484	0	
-48.0926	-6.0103	262.721	0	
64.7483	-4.16217	218.928	0	
110.857	-5.00834	196.272	0	
95.7511	-6.89898	201.568	0	
95.3504	-5.26597	193.15	0	
25.7026	-6.44535	206.734	0	
41.6476	-6.18605	211.074	0	
43.8486	-4.79453	226.932	0	
44.8083	-5.03664	223.769	0	
44.2071	-7.10465	228.783	0	
45.7483	-5.76581	228.469	0	
42.0818	-7.76797	231.285	0	
59.9111	-2.93321	213.778	0	
47.3949	-5.21507	234.524	0	
48.1574	-6.0103	224.663	0	
-91.9104	-5.42242	233.028	0	
-90.925	-6.50437	264.135	0	
4.33964	-5.42242	200.291	0	
5.32497	-6.50437	202.292	0	
106.858	-5.46739	197.523	0	
109.237	-5.889	196.888	0	
45.559	-7.03622	224.223	0	
104.147	-6.18687	196.161	0	
100.59	-5.42242	195.573	0	
100.817	-6.41692	196.398	0	
-147.401	-4.79453	213.235	0	
-146.442	-5.03663	218.017	0	
-147.043	-7.10465	250.709	0	
-144.707	-5.19453	210.311	0	
-149.168	-7.76797	258.587	0	
-132.589	-2.93321	196.547	0	
-154.178	-7.28627	230.123	0	
-151.919	-6.13754	240.432	0	
-67.2642	-6.91889	283.519	0	
-50.691	-7.03622	279.658	0	
28.9858	-6.91889	207.158	0	
57.9209	-9.10125	165.697	0	
-165.569	-3.72058	82.6659	0	
-124.19	-5.40086	223.758	0	
-65.8105	-6.63734	262.954	0	
-38.3291	-9.10125	378.154	0	
-59.0799	-8.70786	329.904	0	
-25.746	-9.39498	368.254	0	
-36.875	-5.27905	255.496	0	
-45.618	-4.95711	228.092	0	
30.4395	-6.63734	223.061	0	
104.619	-8.07335	194.754	0	
37.1701	-8.70786	210.321	0	
121.986	-5.46522	200.014	0	
59.375	-5.27905	220.227	0	
50.632	-4.95711	238.895	0	
-100.432	-7.15932	250.845	0	
-118.014	-5.46522	215.316	0	
-4.18243	-7.15932	176.214	0	
-21.764	-5.46522	221.505	0	
101.373	-10.8863	189.387	0	
97.6668	-7.08742	189.231	0	
74.486	-5.46522	214.802	0	
92.0676	-7.15932	199.066	0	
-142.782	-6.56075	226.186	0	
-142.334	-4.31064	214.194	0	
-152.527	-7.43868	250.103	0	
-121.996	-9.39498	321.676	0	
-136.218	-3.06872	199.243	0	
-128.568	-3.08143	190.75	0	
-38.1995	-4.25718	201.8	0	
-32.318	-3.08143	187.683	0	
58.0505	-4.25718	228.737	0	
63.932	-3.08143	212.337	0	
133.106	-6.04794	203.848	0	
130.428	-6.60412	205.941	0	
123.985	-6.91734	204.28	0	
150.848	-20.0464	218.565	0	
-155.18	-8.32445	223.407	0	
-52.0799	-10.5411	352.209	0	
-40.8588	-5.44334	240.633	0	
-43.3792	-4.50999	209.901	0	
55.3912	-5.44334	227.319	0	
52.8708	-4.50999	239.759	0	
-87.5848	-7.52916	290.428	0	
-84.8609	-3.89608	200.756	0	
8.66524	-7.52916	201.639	0	
11.3891	-3.89608	202.175	0	
120.703	-6.44535	204.447	0	
113.889	-3.89608	198.012	0	
-94.8332	-7.08742	280.026	0	
-127.752	-4.16217	202.574	0	
-136.015	-9.53859	285.712	0	
-118.607	-3.89079	196.396	0	
-44.375	-6.99919	291.858	0	
-22.3571	-3.89079	210.346	0	
-42.8302	-8.44515	319.13	0	
-40.8536	-7.44458	294.812	0	
51.875	-6.99919	226.065	0	
73.8929	-3.89079	208.53	0	
53.4198	-8.44515	204.741	0	
55.3964	-7.44458	246.476	0	
-45.8903	-7.18841	268.454	0	
-48.1439	-7.56208	280.399	0	
50.3597	-7.18841	239.29	0	
48.1061	-7.56208	232.637	0	
-141.655	-10.9683	410.498	0	
-134.129	-6.10622	221.059	0	
-52.772	-8.29733	326.694	0	
-46.8296	-8.37487	336.237	0	
43.478	-8.29733	193.432	0	
49.4204	-8.37487	188.973	0	
-164	-0.842706	80.13	0	
-160.19	-2.6252	128.379	0	
-171.26	-1.12398	74.4002	0	
-163.118	-4.25546	113.793	0	
157.984	-3.31993	227.236	0	
162.75	-0.842706	244.227	0	
160.879	-2.92373	239.724	0	
162.233	-4.81544	238.988	0	
149.806	-4.94504	210.145	0	
157.495	-4.95032	227.243	0	
136.186	-4.14103	200.668	0	
140.456	-4.52612	200.256	0	
-73.4071	-4.23242	207.772	0	
-71.6691	-5.28353	225.93	0	
-80.4167	-10.3326	396.856	0	
-64.8646	-8.3096	306.063	0	
-77.3571	-3.89079	199.124	0	
-74.2262	-6.72899	285.885	0	
22.8429	-4.23242	202.559	0	
24.5809	-5.28353	202.704	0	
15.8333	-10.3326	202.389	0	
31.3854	-8.3096	220.043	0	
18.8929	-3.89079	202.987	0	
22.0238	-6.72899	207.999	0	
117.843	-4.23242	198.978	0	
119.581	-5.28353	200.175	0	
112.877	-7.50462	201.407	0	
125.437	-6.63718	206.05	0	
111.164	-7.52928	200.943	0	
117.03	-6.73778	204.116	0	
-120.419	-5.28353	217.414	0	
-119.297	-6.44535	237.858	0	
-147.08	-10.5411	327.094	0	
-106.019	-7.46803	244.908	0	
-144.559	-9.99967	353.883	0	
-147.772	-8.29733	305.445	0	
-24.1691	-5.28353	231.642	0	
-23.0474	-6.44535	268.772	0	
1.41684	-7.08742	190.835	0	
-9.76913	-7.46803	174.592	0	
-27.9404	-5.40086	255.285	0	
-23.5704	-9.08967	337.169	0	
-80.9071	-4.23242	207.094	0	
-78.0474	-6.44535	244.835	0	
-74.2388	-9.20929	364.986	0	
-76.764	-5.46522	232.503	0	
-81.7196	-6.73778	286.561	0	
-82.2148	-8.98906	377.074	0	
72.0809	-5.28353	216.272	0	
73.2026	-6.44535	216.835	0	
102.182	-6.54766	195.931	0	
86.4809	-7.46803	201.801	0	
68.3096	-5.40086	219.521	0	
93.8488	-8.33358	194.383	0	
15.3429	-4.23242	202.1	0	
18.2026	-6.44535	209.503	0	
22.0112	-9.20929	193.521	0	
19.486	-5.46522	200.668	0	
14.5304	-6.73778	205.445	0	
14.0352	-8.98906	186.907	0	
112.049	-4.96932	198.764	0	
113.194	-6.11121	199.624	0	
107.957	-10.0357	199.521	0	
114.373	-9.53907	201.246	0	
-86.7013	-4.9694	225.245	0	
-85.556	-6.11128	238.055	0	
-85.8729	-7.50385	305.61	0	
-84.3782	-9.53722	378.076	0	
9.54871	-4.9694	202.638	0	
10.694	-6.11128	208.626	0	
10.3771	-7.50385	196.291	0	
11.8718	-9.53722	193.274	0	
132.08	-7.47425	210.073	0	
134.746	-4.16808	200.924	0	
124.075	-4.31071	198.128	0	
123.313	-5.73457	202.418	0	
-67.1755	-4.31081	222.492	0	
-67.9367	-5.73467	227	0	
29.0745	-4.31081	196.609	0	
28.3133	-5.73467	211.633	0	
-95.9255	-4.31071	194.457	0	
-98.5926	-4.6597	189.198	0	
-103.786	-7.04865	239.757	0	
-106.563	-5.39772	228.007	0	
0.324502	-4.31071	199.764	0	
-2.3426	-4.6597	191.238	0	
-7.5359	-7.04865	178.275	0	
-10.3129	-5.39772	186.951	0	
96.5745	-4.31071	199.008	0	
93.9074	-4.6597	196.07	0	
88.7141	-7.04865	197.544	0	
103.633	-8.96714	196.287	0	
-62.0477	-8.8546	326.733	0	
34.2023	-8.8546	224.515	0	
-65.6604	-12.2385	409.269	0	
44.1701	-10.5411	194.336	0	
-43.9291	-11.1429	409.758	0	
106.762	-8.25621	197.036	0	
40.691	-8.79126	193.11	0	
126.259	-8.10539	208.473	0	
30.5896	-12.2385	215.934	0	
128.121	-8.37598	211.547	0	
98.349	-8.47005	205.57	0	
102.415	-7.9218	193.173	0	
-155.111	-10.7469	263.432	0	
-60.5733	-7.64358	288.331	0	
138.321	-5.52235	201.259	0	
152.541	-4.03078	211.019	0	
-138.552	-9.35636	329.972	0	
-137.06	-5.53416	222.696	0	
-129.996	-3.08143	198.996	0	
-129.047	-6.04201	226.743	0	
-33.7459	-3.08143	195.786	0	
-32.7973	-6.04201	268.759	0	
62.5041	-3.08143	210.526	0	
63.4527	-6.04201	221.735	0	
131.229	-11.2697	215.37	0	
151.99	-6.88415	215.383	0	
136.941	-5.40234	202.674	0	
141.133	-5.9764	202.595	0	
-74.6816	-4.325	216.611	0	
-75.4428	-5.74886	216.963	0	
21.5684	-4.325	199.538	0	
20.8072	-5.74886	205.109	0	
116.568	-4.325	198.474	0	
115.814	-5.75765	200.131	0	
-123.432	-4.325	194.147	0	
-126.314	-4.14101	194.748	0	
-115.576	-8.16642	298.98	0	
-113.246	-5.34905	216.565	0	
-27.1816	-4.325	206.741	0	
-30.0644	-4.14101	208.254	0	
-19.3257	-8.16642	292.892	0	
-16.996	-5.34905	188.122	0	
-82.1816	-4.325	213.533	0	
-82.9362	-5.75765	223.096	0	
69.0684	-4.325	218.799	0	
66.1856	-4.14101	222.158	0	
76.9243	-8.16642	225.146	0	
79.254	-5.34905	197.319	0	
14.0684	-4.325	203.02	0	
13.3138	-5.75765	207.189	0	
105.405	-12.0508	200.731	0	
116.536	-8.99008	202.592	0	
-93.9774	-8.66503	341.727	0	
-91.6041	-8.13534	350.407	0	
2.27255	-8.66503	189.085	0	
4.64589	-8.13534	185.133	0	
129.195	-10.2093	213.234	0	
146.046	-6.10183	202.133	0	
134.488	-5.91521	204.884	0	
135.867	-6.69788	203.573	0	
121.43	-8.68418	203.257	0	
123.385	-8.88682	209.525	0	
-69.8214	-8.68669	344.52	0	
-67.8655	-8.89079	307.332	0	
26.4286	-8.68669	201.637	0	
28.3845	-8.89079	221.433	0	
-66.1145	-9.89368	360.924	0	
-95.0051	-12.6851	508.514	0	
-55.559	-8.79126	325.735	0	
1.24494	-12.6851	178.618	0	
85.9371	-5.39772	195.614	0	
70.504	-9.39498	226.944	0	
99.9643	-7.8529	190.184	0	
101.084	-8.78437	199.517	0	
-119.82	-9.08967	339.439	0	
-122.652	-7.0343	271.04	0	
-127.769	-5.79877	214.667	0	
-125.499	-7.54635	269.362	0	
-48.3872	-12.3828	398.632	0	
-26.4019	-7.0343	309.493	0	
-31.5194	-5.79877	237.788	0	
-29.2492	-7.54635	331.53	0	
47.8628	-12.3828	118.091	0	
69.8481	-7.0343	214.442	0	
64.7306	-5.79877	228.732	0	
67.0008	-7.54635	195.659	0	
140.302	-7.00568	203.563	0	
142.7	-6.86574	202.696	0	
125.012	-9.68556	213.712	0	
195.519	-2.32667	247.358	0	
-98.6512	-8.33358	339.768	0	
35.6767	-7.64358	238.44	0	
-2.40124	-8.33358	185.121	0	
103.223	-11.1651	198.948	0	
72.6796	-9.08967	225.636	0	
95.07	-11.0041	217.913	0	
-136.973	-6.98397	252.45	0	
-135.349	-7.69153	268.259	0	
-32.1235	-10.677	439.105	0	
-33.5046	-8.27657	341.1	0	
64.1265	-10.677	148.116	0	
97.6545	-10.9522	188.181	0	
80.0504	-6.99449	216.672	0	
151.079	-11.5903	217.215	0	
-78.2205	-8.73643	363.14	0	
30.1355	-9.89368	231.39	0	
8.79112	-11.9339	183.988	0	
110.443	-9.50362	198.943	0	
-126.434	-6.49884	221.421	0	
-123.97	-6.77541	224.39	0	
-30.1836	-6.49884	252.51	0	
-27.72	-6.77541	256.34	0	
66.0664	-6.49884	234.244	0	
68.53	-6.77541	232.363	0	
150.025	-6.43618	206.527	0	
153.18	-5.49318	214.266	0	
147.57	-7.50219	210.28	0	
142.406	-9.04296	207.177	0	
-113.344	-8.75328	320.88	0	
-118.411	-11.2883	373.527	0	
-114.541	-4.53464	190.048	0	
-111.901	-4.28441	197.305	0	
-17.0944	-8.75328	235.034	0	
-21.2298	-10.3281	354.658	0	
-18.2907	-4.53464	195.792	0	
-15.6508	-4.28441	196.11	0	
79.1556	-8.75328	207.729	0	
75.0202	-10.3281	203.884	0	
77.9593	-4.53464	202.772	0	
80.5992	-4.28441	202.808	0	
-63.1585	-5.8593	251.651	0	
-63.2996	-7.91085	283.301	0	
33.0915	-5.8593	211.329	0	
32.9504	-7.91085	237.08	0	
-205.568	-32.9721	144.932	0	
-158.17	-8.54355	183.306	0	
-42.0494	-4.51844	207.634	0	
-39.5061	-4.39269	200.115	0	
54.2006	-4.51844	238.884	0	
56.7439	-4.39269	233.043	0	
-138.25	-4.60927	203.319	0	
-135.756	-4.39269	201.215	0	
132.732	-9.94285	211.858	0	
140.759	-8.90393	205.463	0	
-131.823	-7.75398	265.202	0	
-88.3496	-9.59591	429.673	0	
-29.7584	-9.79585	395.842	0	
7.90043	-9.59591	182.684	0	
62.7454	-8.27657	230.15	0	
52.3209	-11.1429	130.224	0	
86.5779	-13.8833	221.467	0	
208.99	-5.28426	242.854	0	
-59.5306	-11.2795	364.22	0	
-57.3001	-7.89572	289.862	0	
36.7194	-11.2795	232.397	0	
38.9499	-7.89572	240.159	0	
138.907	-6.71973	203.856	0	
136.37	-8.16582	207.406	0	
138.03	-8.06765	205.436	0	
139.214	-9.60327	207.229	0	
134.987	-10.2845	212.592	0	
161.413	-6.92918	236.336	0	
119.235	-10.2813	218.592	0	
95.7393	-17.4777	233.526	0	
-50.1748	-10.5347	363.069	0	
-46.4132	-10.8834	350.534	0	
46.0752	-10.5347	166.262	0	
49.8368	-10.8834	182.084	0	
-176.012	-1.34606	76.6864	0	
-160.335	-6.5477	146.086	0	
-161.831	-10.7403	166.346	0	
-188.999	-19.3034	89.6726	0	
158.946	-6.83953	229.799	0	
170.01	-1.12398	250.951	0	
-87.4589	-11.9339	470.462	0	
99.5587	-12.4369	212.708	0	
18.0295	-8.73643	189.986	0	
4.49832	-12.069	178.462	0	
-153.134	-12.2646	299.963	0	
-148.55	-12.2522	351.777	0	
-121.489	-14.4624	494.253	0	
-126.008	-9.79585	378.902	0	
104.932	-18.5916	210.652	0	
112.453	-11.0673	208.405	0	
-91.7517	-12.069	469.81	0	
-71.535	-10.5118	394.269	0	
5.3409	-14.035	185.172	0	
24.715	-10.5118	226.78	0	
-112.45	-6.99449	262.86	0	
-129.168	-15.7527	506.513	0	
-16.1996	-6.99449	240.534	0	
-27.5734	-11.3856	458.271	0	
-144.852	-16.8136	480.037	0	
-124.741	-12.1163	407.953	0	
-37.2846	-13.6039	471.815	0	
-6.7017	-12.0229	191.319	0	
66.4916	-9.79585	225.229	0	
58.9654	-13.6039	113.195	0	
112.419	-14.9051	199.583	0	
127.849	-11.938	217.578	0	
147.347	-10.4774	211.005	0	
153.266	-9.06305	216.789	0	
-122.779	-11.9203	436.687	0	
-102.474	-8.42323	335.225	0	
-20.7162	-13.563	446.89	0	
-6.22447	-8.42323	185.885	0	
75.5338	-13.563	215.395	0	
90.0255	-8.42323	203.472	0	
68.6766	-11.3856	148.685	0	
136.037	-12.2238	210.832	0	
-61.6144	-11.5018	374.986	0	
-55.5379	-10.963	366.287	0	
34.6356	-11.5018	210.432	0	
40.7121	-10.963	197.176	0	
128.852	-14.5637	217.105	0	
235.957	-15.9774	237.276	0	
-178.777	-2.9619	66.1846	0	
-162.755	-6.23594	106.736	0	
-156.495	-11.7116	232.912	0	
-221.912	-14.5162	115.935	0	
-169.141	-4.00209	79.7776	0	
-167.19	-4.8303	94.9769	0	
164.287	-4.15658	244.468	0	
166.707	-4.43785	248.047	0	
155.354	-8.54876	221.195	0	
132.793	-16.0264	214.545	0	
-53.4549	-12.1835	400.185	0	
-9.67296	-13.8421	286.027	0	
42.7951	-12.1835	137.831	0	
33.1604	-13.2995	208.181	0	
-53.1756	-15.7705	414.373	0	
-138.938	-7.6289	269.378	0	
-134.594	-10.3937	384.913	0	
-155.484	-17.2341	287.155	0	
-127.52	-14.6602	506.524	0	
-47.7993	-19.2086	444.101	0	
-31.0758	-17.4153	536.448	0	
48.4507	-19.2086	28.3337	0	
65.1742	-17.4153	45.2277	0	
131.221	-14.31	217.971	0	
153.572	-16.0839	220.188	0	
-157.266	-14.2011	257.778	0	
43.0744	-15.7705	116.752	0	
11.0506	-11.9005	181.971	0	
89.5492	-12.064	219.85	0	
125.528	-11.6848	214.427	0	
119.86	-13.8177	206.394	0	
-167.135	-7.23969	85.4449	0	
-192.539	-4.26558	88.1496	0	
-133.857	-13.0595	463.567	0	
-129.198	-9.41262	345.211	0	
-228.19	-24.6897	144.998	0	
-128.413	-13.1119	437.807	0	
-132.411	-9.49708	331.285	0	
-132.552	-6.10622	220.397	0	
-166.307	-13.5038	152.783	0	
-108.605	-11.4398	428.939	0	
-130.943	-10.541	337.761	0	
-129.662	-7.54154	258.081	0	
-131.112	-14.0765	452.713	0	
-127.757	-10.8627	363.042	0	
-135.282	-19.8734	617.535	0	
-102.952	-12.0229	457.111	0	
-130.381	-12.4546	444.442	0	
-128.544	-17.3008	620.638	0	
-148.258	-15.1857	411.972	0	
-3.6662	-13.8175	196.181	0	
-125.443	-18.0933	630.364	0	
-125.597	-14.7313	516.061	0	
-62.6835	-17.1843	461.557	0	
-85.1994	-11.9005	496.35	0	
-124.144	-16.6164	569.313	0	
-121.999	-16.5434	591.922	0	
-91.6409	-16.373	621.147	0	
-70.7541	-13.472	466.997	0	
4.6091	-16.373	180.872	0	
25.4959	-13.472	193.766	0	
-110.152	-7.25958	246.667	0	
-116.205	-10.7321	396.757	0	
-13.9017	-7.25958	184.515	0	
-12.3545	-11.4398	225.32	0	
82.3483	-7.25958	199.468	0	
83.8955	-11.4398	216.965	0	
-83.8414	-14.5362	559.771	0	
-76.2546	-10.6507	412.515	0	
12.4086	-14.5362	183.117	0	
19.9954	-10.6507	206.403	0	
-97.6578	-11.3921	460.787	0	
-90.4292	-10.045	387.899	0	
-1.40778	-11.3921	179.703	0	
5.82085	-10.045	187.056	0	
-111.605	-11.7939	406.321	0	
-108.046	-8.66433	343.142	0	
-15.3552	-11.7939	315.687	0	
-11.7958	-8.66433	238.003	0	
80.8948	-11.7939	233.73	0	
84.4542	-8.66433	214.554	0	
-57.7296	-12.6391	404.05	0	
-56.3189	-16.133	434.861	0	
38.5204	-12.6391	149.129	0	
39.9311	-16.133	119.749	0	
-173.564	-2.47004	76.1885	0	
-165.151	-8.11045	127.969	0	
157.521	-9.12614	230.343	0	
160.271	-11.5138	230.168	0	
-36.2393	-7.66183	303.796	0	
-40.908	-14.645	471.048	0	
60.0107	-7.66183	234.694	0	
55.342	-14.645	49.6171	0	
92.8124	-13.4707	201.687	0	
138.603	-11.6407	211.19	0	
-114.482	-16.5569	646.651	0	
-119.297	-14.1357	526.957	0	
-106.853	-18.8267	693.407	0	
-90.9091	-14.035	569.181	0	
-63.0896	-13.2995	438.846	0	
-81.2221	-13.5164	538.498	0	
-119.75	-18.497	646.421	0	
-105.923	-13.8421	568.738	0	
-99.9162	-13.8175	560.257	0	
-124.617	-21.7604	691.656	0	
15.0279	-13.5164	180.173	0	
33.5665	-17.1843	169.463	0	
-177.258	-5.78191	85.9784	0	
-175.551	-13.7225	120.993	0	
-170.014	-8.10752	103.054	0	
-170.068	-11.6224	88.7217	0	
123.346	-14.3333	222.198	0	
130.766	-41.4755	197.313	0	
-117.966	-16.82	575.714	0	
-113.607	-13.3165	490.873	0	
-93.8748	-11.0032	453.635	0	
-93.6138	-16.0889	627.085	0	
2.37524	-11.0032	180.363	0	
2.63623	-16.0889	200.721	0	
-136.481	-15.5337	544.506	0	
46.237	-15.9763	68.6893	0	
-50.013	-15.9763	443.621	0	
-33.8137	-14.565	530.33	0	
-118.828	-25.8063	792.124	0	
62.4363	-14.565	121.772	0	
-89.2433	-18.71	702.208	0	
-88.6959	-14.349	585.332	0	
7.00668	-18.71	204.473	0	
7.55411	-14.349	183.139	0	
-158.473	-25.925	291.405	0	
-57.5305	-27.6829	502.861	0	
-87.3706	-17.1144	627.572	0	
-82.1404	-18.8236	646.568	0	
-17.0729	-14.4419	374.077	0	
125.77	-16.4577	216.961	0	
8.87942	-17.1144	177.437	0	
14.1096	-18.8236	194.038	0	
218.789	-9.67962	240.474	0	
183.637	-7.09149	249.492	0	
135.243	-14.7675	214.804	0	
140.335	-13.8884	211.265	0	
-181.714	-1.61583	80.9147	0	
-173.773	-5.29005	73.4813	0	
163.087	-10.0309	237.691	0	
180.465	-1.61583	251.257	0	
-76.9341	-14.5113	535.043	0	
-67.81	-14.1067	463.841	0	
19.3159	-14.5113	184.687	0	
28.44	-14.1067	225.398	0	
-162.174	-17.4716	227.346	0	
-121.07	-22.2371	734.507	0	
-58.6684	-18.9989	475.225	0	
0.81144	-18.779	210.626	0	
37.5816	-18.9989	84.5091	0	
107.856	-15.3565	200.894	0	
138.207	-15.8819	211.102	0	
143.531	-14.1381	210.6	0	
99.901	-16.4959	191.817	0	
79.1771	-14.4419	183.993	0	
-111.48	-20.2273	742.602	0	
-99.0883	-17.8006	665.674	0	
-27.2006	-15.1171	542.703	0	
-2.83826	-17.8006	234.454	0	
69.0494	-15.1171	150.52	0	
46.6928	-24.0743	26.3899	0	
-166.112	-27.3981	217.599	0	
-68.8837	-22.4837	558.026	0	
-81.3835	-22.9609	720.288	0	
-67.2534	-16.8341	503.439	0	
14.8665	-22.9609	187.355	0	
28.9966	-16.8341	180.068	0	
125.531	-19.801	211.889	0	
145.65	-18.2045	214.625	0	
136.74	-19.4185	213.688	0	
140.986	-21.4915	206.476	0	
-74.1374	-16.0301	546.416	0	
-64.6977	-18.8508	509.313	0	
22.1126	-16.0301	211.653	0	
31.5523	-18.8508	153.887	0	
-95.4386	-18.779	719.259	0	
2.52004	-23.669	241.045	0	
27.3663	-22.4837	149.325	0	
30.7731	-22.4901	146.776	0	
-84.7755	-17.335	630.233	0	
-79.7054	-15.7809	564.573	0	
11.4745	-17.335	183.954	0	
16.5446	-15.7809	187.998	0	
218.255	-34.6155	236.493	0	
132.745	-19.8694	212.34	0	
-152.736	-16.2622	337.504	0	
-150.381	-17.763	415.111	0	
-144.708	-21.2594	552.82	0	
-141.325	-14.5407	477.896	0	
-62.9905	-26.6887	513.605	0	
-11.2357	-19.2992	326.356	0	
33.2595	-26.6887	80.3842	0	
116.277	-16.8153	224.428	0	
-128.495	-23.6616	719.913	0	
19.247	-23.4473	201.715	0	
-188.557	-1.93891	85.125	0	
-196.769	-2.32667	94.4009	0	
172.064	-6.00496	250.538	0	
174.369	-7.9727	249.228	0	
197.421	-9.75588	246.64	0	
191.289	-4.26558	249.372	0	
80.6149	-19.5449	223.912	0	
38.7195	-27.6829	45.7181	0	
-73.6736	-19.0863	593.934	0	
-69.7337	-19.2556	564.057	0	
22.5764	-19.0863	173.098	0	
26.5163	-19.2556	187.395	0	
122.174	-26.556	198.565	0	
124.937	-40.2492	186.528	0	
-148.731	-22.1193	438.401	0	
-130.945	-20.0681	645.568	0	
-89.5076	-23.3158	758.95	0	
-77.003	-23.4473	664.697	0	
-71.1732	-25.5223	627.587	0	
-65.4769	-22.4901	557.32	0	
-169.77	-21.2264	188.569	0	
-64.5794	-30.6463	585.107	0	
-139.982	-23.3262	612.476	0	
-137.645	-30.9202	692.185	0	
-75.3526	-26.6553	656.364	0	
25.0768	-25.5223	165.299	0	
-31.4696	-23.2096	549.688	0	
73.7048	-20.502	109.979	0	
-23.6801	-16.4504	499.527	0	
-15.6351	-19.5449	436.538	0	
72.5699	-16.4504	117.868	0	
85.0151	-19.3404	189.874	0	
129.698	-22.0559	210.626	0	
117.076	-20.985	202.73	0	
-103.053	-20.9905	760.157	0	
-93.73	-23.669	788.927	0	
-49.5572	-24.0743	464.072	0	
6.74241	-23.3158	204.496	0	
-184.618	-8.98987	84.6319	0	
-185.032	-3.55475	76.6839	0	
-206.623	-2.79194	106.213	0	
-179.781	-9.87097	74.5606	0	
180.177	-8.24429	249.795	0	
187.785	-10.442	250.282	0	
170.878	-14.4791	242.796	0	
159.464	-15.8639	228.877	0	
-85.4635	-32.3384	760.695	0	
20.8974	-26.6553	165.96	0	
-7.43655	-21.463	316.758	0	
90.9132	-21.5281	176.805	0	
-85.5482	-26.5803	777.643	0	
-18.107	-29.5111	476.369	0	
10.7018	-26.5803	224.041	0	
111.968	-28.0025	202.532	0	
-18.1435	-22.7175	444.802	0	
-22.5452	-20.502	520.706	0	
78.1065	-22.7175	87.6119	0	
64.7804	-23.2096	41.0533	0	
34.1156	-37.3795	88.9679	0	
121.506	-22.1434	212.077	0	
-24.1065	-30.9545	473.716	0	
-6.83217	-26.5477	343.976	0	
-130.495	-31.0609	750.629	0	
174.884	-12.8846	247.508	0	
178.79	-12.8864	249.053	0	
-76.4692	-32.4504	669.024	0	
-69.3552	-29.4863	600.146	0	
-145.697	-34.3804	497.792	0	
-152.057	-27.6463	494.227	0	
19.7808	-32.4504	184.569	0	
26.8948	-29.4863	124.831	0	
1.24121	-36.2378	316.603	0	
13.9656	-32.8618	230.896	0	
184.118	-14.761	244.993	0	
227.701	-6.85826	240.226	0	
133.014	-34.6533	197.856	0	
-106.794	-33.2356	868.936	0	
31.6706	-30.6463	93.7068	0	
-72.173	-34.0637	641.871	0	
-67.7476	-39.8274	638.072	0	
-22.5359	-47.4922	458.324	0	
127.182	-26.4913	207.134	0	
24.077	-34.0637	135.32	0	
28.5024	-39.8274	113.172	0	
-113.39	-24.9987	784.298	0	
-108.048	-28.3672	821.229	0	
106.947	-24.7538	191.568	0	
92.4297	-27.5266	206.87	0	
-218.447	-3.35033	117.422	0	
-175.995	-19.4449	92.3515	0	
191.912	-9.23189	247.685	0	
201.219	-12.4705	243.016	0	
54.1181	-18.9378	31.2058	0	
69.7905	-24.963	59.4058	0	
-42.1319	-18.9378	490.36	0	
-26.4595	-24.963	509.916	0	
-192.319	-8.83173	90.2151	0	
-201.547	-5.11861	95.9847	0	
72.1435	-30.9545	29.5701	0	
128.068	-30.7205	193.892	0	
42.4557	-33.5404	42.8433	0	
78.143	-29.5111	115.289	0	
-62.1344	-37.3795	545.423	0	
-0.525287	-27.7753	311.026	0	
84.4836	-32.7829	86.8947	0	
208.989	-20.8084	240.153	0	
-28.0097	-38.1045	489.352	0	
123.686	-35.5846	196.726	0	
-53.7943	-33.5404	472.417	0	
-35.3322	-36.6738	460.736	0	
100.921	-29.485	191.263	0	
161.838	-60.3262	220.219	0	
118.807	-29.1208	204.245	0	
116.094	-38.0682	191.329	0	
115.315	-25.5586	196.809	0	
112.121	-35.7127	179.493	0	
60.9178	-36.6738	9.03979	0	
119.433	-33.9202	186.958	0	
120.859	-47.2293	175.225	0	
-183.583	-23.2797	155.868	0	
-95.5796	-32.8724	831.093	0	
-114.065	-35.7792	808.974	0	
68.2403	-38.1045	69.7494	0	
32.7098	-63.156	186.14	0	
9.60751	-38.8404	303.004	0	
-225.327	-7.3709	129.765	0	
-187.923	-11.9402	91.9919	0	
170.297	-36.5037	230.862	0	
163.474	-19.8544	231.018	0	
-196.34	-11.9773	96.8545	0	
-194.679	-18.9528	109.017	0	
73.7994	-47.6214	56.3352	0	
207.712	-10.3255	243.051	0	
204.86	-2.4629	244.492	0	
-212.356	-6.14227	112.03	0	
129.252	-50.7796	198.608	0	
133.997	-47.3484	185.605	0	
213.211	-14.7209	241.658	0	
215.594	-2.82136	241.496	0	
-220.733	-37.1938	137.312	0	
103.164	-47.8011	143.497	0	
189.04	-35.7251	240.717	0	
199.849	-18.9164	243.626	0	
169.619	-18.8059	238.383	0	
139.422	-30.3106	201.135	0	
-55.5317	-23.7287	446.363	0	
-37.3685	-24.4061	474.64	0	
-56.8093	-39.2794	547.967	0	
-45.742	-28.3975	445.891	0	
-52.3145	-47.6453	518.583	0	
-39.2206	-29.0001	481.747	0	
-47.9803	-33.9094	478.25	0	
-43.191	-47.72	525.741	0	
40.7183	-23.7287	54.6806	0	
58.8815	-24.4061	11.4115	0	
39.4407	-39.2794	41.0474	0	
50.508	-28.3975	13.9449	0	
43.9355	-47.6453	62.1476	0	
57.0294	-29.0001	17.7391	0	
48.2697	-33.9094	12.3026	0	
53.059	-47.72	20.5823	0	
146.739	-35.2634	206.985	0	
141.083	-48.4033	207.062	0	
-171.12	-37.8728	274.734	0	
-73.0349	-48.8114	677.86	0	
-12.6794	-31.8279	381.915	0	
-7.11451	-38.7862	407.762	0	
-126.706	-35.6751	772.634	0	
-120.757	-31.7185	810.691	0	
-116.584	-45.0329	809.93	0	
-102.338	-25.7597	825.571	0	
-126.333	-45.697	730.908	0	
-90.3084	-40.7522	786.461	0	
-232.636	-4.02057	118.361	0	
-213.24	-13.2876	117.498	0	
-83.0809	-48.9441	717.294	0	
112.882	-53.996	170.107	0	
-41.8717	-39.7232	474.749	0	
-36.3206	-55.0703	504.482	0	
-51.4248	-68.4389	546.445	0	
9.79367	-57.9625	342.706	0	
54.3783	-39.7232	31.3812	0	
92.7142	-53.006	126.713	0	
154.638	-31.4481	214.897	0	
162.265	-25.6367	228.992	0	
146.844	-43.5002	204.982	0	
174.146	-25.0927	238.175	0	
-10.5586	-47.7958	456.335	0	
26.2122	-47.5873	168.61	0	
-99.9985	-36.0407	818.25	0	
-96.6648	-27.4598	818.086	0	
-98.8599	-43.4908	819.509	0	
-80.4857	-35.5349	764.764	0	
-163.404	-50.9608	296.951	0	
-107.716	-63.4503	702.033	0	
-90.5028	-35.2672	798.489	0	
-94.2465	-45.8076	758.857	0	
155.531	-25.6086	218.659	0	
162.53	-38.6767	220.691	0	
145.406	-55.4476	198.846	0	
154.317	-46.2331	211.698	0	
-213.385	-66.8866	184.287	0	
-68.9458	-57.4799	635.495	0	
-90.1982	-53.4761	742.101	0	
-83.9074	-41.2679	741.497	0	
162.103	-45.2249	222.148	0	
179.505	-41.8783	229.348	0	
-26.1557	-55.5594	511.985	0	
139.16	-65.0425	211.899	0	
197.836	-37.8736	236.114	0	
182.569	-22.1973	245.396	0	
84.0431	-43.7432	120.99	0	
105.034	-36.7207	182.787	0	
152.77	-54.4151	215.046	0	
130.092	-61.4294	183.371	0	
118.312	-65.1624	198.21	0	
75.0509	-68.8235	134.076	0	
146.414	-81.4576	219.586	0	
-56.4852	-56.245	605.695	0	
36.3201	-53.5053	92.3275	0	
64.865	-77.0726	135.259	0	
112.416	-78.8413	184.667	0	
59.9585	-55.1042	71.225	0	
70.2087	-55.7224	91.2791	0	
190.375	-24.8482	240.222	0	
208.311	-28.8887	239.76	0	
178.328	-52.8869	231.539	0	
191.284	-60.8463	231.72	0	
-88.1029	-75.4263	593.966	0	
201.257	-51.9863	234.324	0	
232.766	-30.613	239.076	0	
-94.3526	-64.6703	626.937	0	
-21.2176	-68.4889	467.863	0	
-136.235	-54.5345	484.419	0	
-75.0762	-70.6121	572.737	0	
-135.57	-69.1305	508.782	0	
17.1658	-67.2349	241.641	0	
-40.3839	-67.1895	529.04	0	
-31.1675	-76.4316	504.526	0	
-40.0545	-114.942	393.566	0	
12.3999	-80.9419	324.035	0	
-62.4004	-77.8089	575.838	0	
87.3127	-69.9851	148.023	0	
42.2377	-72.0126	148.253	0	
55.7444	-67.659	120.639	0	
40.1802	-103.505	240.622	0	
95.4064	-81.6752	194.155	0	
28.0081	-85.7304	251.666	0	
122.096	-92.0535	218.167	0	
161.728	-77.7738	220.05	0	
-193.993	-43.518	163.161	0	
15.2296	-47.9657	230.545	0	
-2.66107	-58.4408	393.743	0	
-9.7003	-71.0667	442.752	0	
-2.01149	-84.2955	376.59	0	
-119.078	-74.1502	470.806	0	
-32.1741	-91.5468	427.185	0	
-46.1975	-98.0428	457.433	0	
174.139	-96.1654	229.534	0	
-93.5477	-95.5998	416.01	0	
177.439	-132.495	231.519	0	
-14.5355	-96.8328	407.923	0	
214.807	-50.7788	236.305	0	
227.722	-62.6715	233.425	0	
-226.174	-52.2763	178.963	0	
140.1	-95.1239	217.209	0	
65.7718	-108.2	237.794	0	
71.1759	-93.9508	204.868	0	
-196.369	-62.35	211.91	0	
-111.16	-95.5437	452.33	0	
-0.0955761	-124.944	309.729	0	
140.341	-120.541	224.918	0	
149.26	-111.77	227.395	0	
224.915	-82.6931	230.072	0	
-149.645	-83.0905	309.564	0	
-181.387	-78.8859	223.409	0	
-223.27	-87.3322	223.07	0	
206.301	-97.3985	231.694	0	
-122.3	-109.469	309.099	0	
89.4554	-97.3917	200.069	0	
115.761	-106.486	214.392	0	
94.5914	-125.39	229.596	0	
100.129	-108.99	221.363	0	
-212.53	-108.31	218.156	0	
-187.663	-104.4	251.892	0	
-61.1884	-90.7965	442.653	0	
-17.3938	-112.921	383.678	0	
118.793	-131.494	227.063	0	
78.5133	-128.04	228.51	0	
145.868	-135.276	228.982	0	
29.3462	-123.276	276.323	0	
-50.7969	-127.592	374.44	0	
124.844	-118.328	227.325	0	
104.171	-136.052	229.756	0	
164.24	-142.504	228.855	0	
167.986	-116.495	227.379	0	
100.66	-156.977	231.965	0	
131.518	-141.125	228.121	0	
68.4008	-148.446	239.143	0	
208.027	-119.4	231.552	0	
190.911	-84.7228	228.188	0	
-79.309	-103.773	431.337	0	
-75.0605	-123.67	368.772	0	
-150.767	-144.01	270.778	0	
-166.751	-116.842	248.472	0	
-117.627	-141.298	303.46	0	
196.992	-135.207	230.582	0	
-237.04	-135.177	234.977	0	
210.321	-157.735	232.405	0	
231.512	-122.086	231.71	0	
233.724	-149.676	231.811	0	
-94.1678	-149.074	305.217	0	
44.8253	-148.377	252.096	0	
