# File: UnstructuredGrid_Inversion_L0_Coarse_Iter04.dat
# (No specific header documentation)

-161.25	-0.496475	139.842	0	
-159.375	-0.668155	247.457	0	
-65.625	-0.431516	193.562	0	
30.625	-0.431516	208.158	0	
-144.294	-102.036	474.472	0	
126.875	-0.668155	163.852	0	
31.875	-0.668155	201.777	0	
-165.826	-72.3824	444.179	0	
-64.375	-0.668155	210.085	0	
-120.32	-2.91409	180.624	0	
-147.888	-47.073	1048.34	0	
-143.958	-2.01633	192.011	0	
-158.741	-19.8395	797.894	0	
-159.808	-14.2913	612.276	0	
-115.104	-1.86538	167.245	0	
-108.175	-49.9394	1203.86	0	
-66.354	-1.86538	188.531	0	
-138.854	-1.86538	201.916	0	
-156.794	-6.05848	275.424	0	
-148.75	-1.09967	193.236	0	
-145.208	-2.72654	187.596	0	
-146.458	-2.01633	196.267	0	
-125.881	-3.06027	191.813	0	
-154.094	-4.85908	227.921	0	
-157.708	-2.01633	245.96	0	
-151.071	-10.8319	430.861	0	
-154.792	-2.72654	204.223	0	
-158.77	-3.86216	227.103	0	
125.625	-0.431516	170.831	0	
-24.0702	-2.91409	218.65	0	
-157.76	-5.35468	250.694	0	
-46.4583	-2.01633	194.177	0	
-157.292	-2.72654	208.542	0	
-160.13	-11.9534	508.964	0	
-18.854	-1.86538	227.356	0	
-151.295	-2.8545	208.295	0	
29.896	-1.86538	192.914	0	
-42.604	-1.86538	198.237	0	
-169.22	-2.04966	423.466	0	
-53.75	-1.09967	188.59	0	
-165.6	-1.76839	333.994	0	
-167.3	-0.925681	320.278	0	
-62.2917	-2.72654	198.94	0	
-171.389	-5.89642	462.715	0	
-61.0417	-3.47328	203.1	0	
-164.269	-10.8597	506.194	0	
-59.7917	-2.72654	197.6	0	
-68.125	-0.36089	189.179	0	
-65.5207	-2.1669	196.971	0	
-87.5	-1.09967	169.871	0	
-158.125	-0.431516	240.609	0	
-156.875	-0.668155	284.514	0	
-80.5207	-2.1669	194.097	0	
-157.5	-1.09967	157.932	0	
-70.625	-0.431516	194.342	0	
79.375	-0.668155	253.9	0	
-154.375	-0.668155	282.547	0	
55.625	-0.668155	214.419	0	
-153.125	-0.431516	258.908	0	
-150.625	-0.366631	248.782	0	
38.5417	-2.01633	196.731	0	
-153.75	-1.09967	227.262	0	
49.7917	-2.01633	200.34	0	
-155.625	-0.431516	259.591	0	
72.1798	-2.91409	207.031	0	
-162.583	-1.33918	200.575	0	
-60	-1.09967	172.745	0	
-149.375	-0.431516	231.789	0	
-155	-1.09967	149.665	0	
31.0415	-5.36053	202.188	0	
-148.125	-0.668155	268.71	0	
31.0341	-3.06466	191.802	0	
-146.875	-0.431516	237.532	0	
-147.5	-1.09967	145.175	0	
36.875	-0.668155	203.637	0	
32.7083	-2.01633	201.315	0	
-144.375	-0.431516	222.803	0	
28.125	-0.36089	194.501	0	
-137.5	-1.09967	214.344	0	
-139.375	-0.366631	184.071	0	
25.625	-0.431516	192.282	0	
-143.125	-0.668155	243.174	0	
33.75	-1.09967	205.589	0	
-143.75	-1.09967	208.174	0	
34.375	-0.668155	202.621	0	
8.75	-1.09967	188.868	0	
-136.875	-0.668155	180.328	0	
183.782	-3.55475	376.955	0	
-135.625	-0.431516	210.055	0	
-135	-0.798148	180.959	0	
135.922	-2.00504	192.957	0	
-136.25	-1.09967	194.25	0	
149.65	-2.73747	221.425	0	
131.936	-4.3008	211.276	0	
-131.25	-0.798148	181.649	0	
129.003	-2.80091	184.382	0	
-122.604	-1.86538	169.016	0	
-128.75	-1.09967	180.553	0	
129.375	-0.668155	159.102	0	
-130.625	-0.431516	188.846	0	
133.125	-0.668155	191.622	0	
-130	-1.09967	199.007	0	
141.875	-0.668155	193.431	0	
-138.125	-0.431516	206.064	0	
15.7293	-2.1669	192.024	0	
128.75	-1.09967	183.126	0	
-121.25	-1.09967	167.067	0	
120.625	-0.431516	160.716	0	
-121.875	-0.431516	162.275	0	
-120.625	-0.668155	171.43	0	
110.744	-2.06993	187.494	0	
-123.125	-0.366631	171.126	0	
123.125	-0.36089	165.351	0	
-116.875	-0.36089	159.64	0	
-120	-1.09967	172.368	0	
-133.661	-2.93321	195.685	0	
-115.625	-0.366631	159.219	0	
-114.375	-0.431516	162.963	0	
-127.5	-0.798148	185.838	0	
-113.75	-1.09967	166.757	0	
-119.375	-0.431516	161.019	0	
-115	-0.798148	180.117	0	
100.625	-0.431516	179.162	0	
-93.125	-0.668155	157.874	0	
-112.5	-1.09967	172.37	0	
-103.125	-0.668155	165.799	0	
-111.25	-0.798148	170.005	0	
-103.75	-1.09967	174.646	0	
-114.271	-2.1669	173.74	0	
-111.875	-0.431516	159.13	0	
-110.328	-2.00504	170.067	0	
-111.994	-2.06993	173.629	0	
-108.125	-0.431516	163.288	0	
-141.875	-0.431516	209.778	0	
-104.375	-0.431516	173.063	0	
-95.104	-1.86538	172.334	0	
-142.5	-1.09967	176.241	0	
-105.625	-0.366631	163.187	0	
-110.625	-0.366631	159.202	0	
-108.75	-1.09967	172.25	0	
-109.375	-0.668155	166.762	0	
-113.125	-0.668155	165.404	0	
-104.405	-3.52006	182.458	0	
-128.125	-0.431516	189.122	0	
127.708	-2.01633	177.21	0	
-102.5	-1.09967	182.068	0	
43.125	-0.668155	204.445	0	
-129.375	-0.668155	168.438	0	
-101.875	-0.431516	171.405	0	
-133.125	-0.668155	208.053	0	
-99.375	-0.668155	175.058	0	
-101.25	-0.798148	169.771	0	
-90.9973	-2.80091	181.795	0	
-134.375	-0.366631	178.402	0	
-95.625	-0.366631	154.579	0	
-150.089	-1.76841	212.036	0	
-73.854	-1.86538	185.11	0	
-92.5	-1.09967	187.532	0	
-148.968	-2.99641	197.973	0	
-94.375	-0.431516	170.74	0	
-151.875	-0.668155	259.296	0	
-93.75	-1.09967	176.529	0	
-135.744	-2.06993	193.343	0	
-149.256	-2.06993	205.894	0	
-88.75	-0.798148	178.252	0	
-147.292	-2.01633	223.496	0	
-81.354	-1.86538	176.498	0	
-86.25	-1.09967	169.426	0	
-146.25	-1.09967	212.475	0	
-88.125	-0.431516	164.896	0	
-145.625	-0.668155	264.899	0	
-156.042	-2.01633	212.198	0	
-81.875	-0.366631	194.114	0	
-150	-0.798148	195.72	0	
-79.375	-0.668155	206.204	0	
-73.75	-0.798148	195.787	0	
-153.542	-2.01633	214.606	0	
-80.625	-0.431516	178.973	0	
-155.208	-2.01633	244.9	0	
-85.625	-0.431516	171.617	0	
-156.25	-1.09967	235.824	0	
-91.875	-0.431516	172.253	0	
-138.75	-0.798148	190.572	0	
-158.75	-1.09967	236.443	0	
-72.5	-1.09967	175.5	0	
-20.625	-0.36089	235.091	0	
-73.125	-0.431516	190.777	0	
-71.875	-0.668155	211.212	0	
-23.125	-0.431516	242.913	0	
-74.375	-0.366631	203.281	0	
-158.542	-2.01633	204.715	0	
-31.25	-0.798148	219.124	0	
-71.25	-1.09967	176.103	0	
3.125	-0.668155	181.731	0	
-66.875	-0.366631	201.799	0	
30.7293	-2.1669	195.274	0	
-14.0777	-2.00504	215.815	0	
-65	-1.09967	178.234	0	
-8.15454	-3.52006	212.857	0	
-66.25	-0.798148	198.001	0	
-37.4111	-2.93321	193.829	0	
-18.0207	-2.1669	205.413	0	
-63.125	-0.431516	196.118	0	
-15.7444	-2.06993	214.924	0	
-60.625	-0.431516	195.763	0	
-59.375	-0.668155	205.375	0	
-14.375	-0.366631	235.063	0	
-61.875	-0.668155	206.391	0	
-13.125	-0.668155	282.612	0	
-46.875	-0.431516	196.423	0	
-58.125	-0.431516	194.324	0	
-33.125	-0.668155	205.123	0	
-54.375	-0.431516	197.009	0	
-53.125	-0.668155	181.792	0	
-41.7707	-2.1669	195.776	0	
-55.625	-0.366631	189.323	0	
-41.4106	-3.16569	205.13	0	
-58.75	-1.09967	182.866	0	
-44.375	-0.36089	195.482	0	
-62.5	-1.09967	174.007	0	
-6.875	-0.668155	196.95	0	
-78.75	-1.09967	167.61	0	
-152.5	-1.09967	164.137	0	
-39.4944	-2.06993	200.432	0	
-51.875	-0.431516	191.819	0	
-56.875	-0.668155	206.317	0	
-49.375	-0.431516	190.403	0	
-48.125	-0.668155	171.618	0	
-55.0889	-1.76841	185.313	0	
-48.75	-1.09967	195.034	0	
-38.125	-0.366631	206.569	0	
-42.5	-0.798148	183.566	0	
-41.25	-1.09967	204.487	0	
-50.625	-0.668155	176.818	0	
-41.875	-0.431516	216.856	0	
-40.625	-0.668155	180.543	0	
-52.2917	-2.01633	193.714	0	
-43.125	-0.366631	178.031	0	
-54.2556	-2.06993	191.418	0	
-47.5	-1.09967	195.462	0	
-53.9679	-2.99641	198.174	0	
-61.25	-1.09967	179.339	0	
-39.375	-0.431516	218.589	0	
-62.7083	-2.01633	191.766	0	
-33.75	-1.09967	200.29	0	
-35	-0.798148	172.717	0	
-55	-0.798148	175.671	0	
-38.75	-0.798148	205.088	0	
-61.0417	-2.01633	191.856	0	
-57.5	-1.09967	161.865	0	
-26.354	-1.86538	215.934	0	
-63.5417	-2.01633	194.647	0	
-31.875	-0.431516	235.537	0	
-25	-1.09967	172.054	0	
-69.375	-0.668155	210.164	0	
-32.5	-1.09967	212.846	0	
-63.75	-1.09967	174.373	0	
-34.375	-0.431516	243.171	0	
-58.5417	-2.01633	187.972	0	
-40	-1.09967	216.178	0	
-51.25	-1.09967	193.494	0	
-73.0207	-2.1669	197.187	0	
-25.625	-0.431516	243.729	0	
-71.0417	-2.01633	189.301	0	
-18.75	-0.798148	227.158	0	
-23.75	-1.09967	244.122	0	
-70	-1.09967	170.461	0	
-24.375	-0.668155	254.537	0	
-67.5054	-1.48403	187.534	0	
-78.125	-0.431516	186.338	0	
-19.375	-0.366631	252.673	0	
-80	-1.09967	167.454	0	
-16.875	-0.668155	257.823	0	
-16.25	-1.09967	200.677	0	
93.5212	-2.84299	202.145	0	
-18.125	-0.431516	252.632	0	
-91.4583	-2.01633	177.483	0	
-17.5	-1.09967	188.538	0	
-75.625	-0.36089	181.151	0	
82.5446	-2.8545	211.018	0	
-15	-0.798148	194.335	0	
101.503	-2.80091	197.488	0	
-12.5	-1.09967	164.522	0	
-11.875	-0.431516	244.511	0	
83.125	-0.668155	218.257	0	
-7.5	-1.09967	248.473	0	
89.375	-0.668155	254.405	0	
81.875	-0.366631	239.304	0	
-8.125	-0.431516	238.949	0	
73.125	-0.431516	236.273	0	
-6.25	-1.09967	233.642	0	
-5.625	-0.431516	235.858	0	
66.6193	-3.06027	212.432	0	
1.14595	-1.86538	193.986	0	
75.625	-0.36089	231.948	0	
-9.375	-0.366631	227.608	0	
80.5056	-2.06993	218.955	0	
-15.625	-0.431516	263.657	0	
99.375	-0.668155	201.527	0	
-26.875	-0.366631	249.055	0	
-67.5	-0.727521	198.708	0	
-52.5	-1.09967	181.56	0	
-36.875	-0.668155	249.631	0	
-137.661	-3.16569	203.988	0	
-5	-0.798148	185.102	0	
-3.125	-0.668155	225.985	0	
63.125	-0.668155	229.303	0	
2.5	-1.09967	194.475	0	
0.625	-0.366631	187.1	0	
58.4223	-2.00504	208.656	0	
59.375	-0.668155	202.582	0	
1.875	-0.431516	195.416	0	
58.125	-0.366631	213.612	0	
3.75	-1.09967	193.463	0	
4.375	-0.431516	195.301	0	
51.875	-0.36089	189.737	0	
22.396	-1.86538	188.556	0	
56.7556	-2.06993	205.141	0	
7.5	-0.798148	198.275	0	
65.9223	-2.00504	205.353	0	
42.2821	-2.99641	202.655	0	
8.125	-0.431516	174.612	0	
41.9944	-2.06993	202.177	0	
10	-1.09967	184.059	0	
10.625	-0.431516	179.253	0	
45.625	-0.668155	194.069	0	
14.896	-1.86538	185.597	0	
53.75	-0.798148	205.137	0	
45	-1.09967	190.539	0	
15.625	-0.431516	185.057	0	
41.1611	-1.76841	197.958	0	
22.5	-0.798148	193.731	0	
17.5	-1.09967	187.499	0	
33.5417	-2.01633	194.644	0	
16.875	-0.668155	187.251	0	
39.375	-0.668155	200.912	0	
14.375	-0.366631	177.511	0	
43.9583	-2.01633	200.17	0	
23.75	-1.09967	184.843	0	
49.375	-0.431516	193.302	0	
37.7083	-2.01633	204.158	0	
21.875	-0.366631	175.2	0	
35	-1.09967	188.786	0	
24.375	-0.668155	189.23	0	
30	-0.798148	191.72	0	
35.2083	-2.01633	203.091	0	
23.125	-0.431516	196.598	0	
38.75	-1.09967	204.34	0	
28.7446	-1.48403	195.199	0	
31.25	-1.09967	185.862	0	
28.75	-0.727521	205.176	0	
125.729	-2.1669	182.272	0	
32.5	-1.09967	181.731	0	
25.2083	-2.01633	193.9	0	
29.375	-0.366631	185.995	0	
23.2293	-2.1669	194.51	0	
25	-1.09967	192.981	0	
26.875	-0.668155	188.692	0	
20.625	-0.36089	182.68	0	
36.25	-1.09967	202.155	0	
4.79167	-2.01633	189.043	0	
42.5	-1.09967	191.233	0	
37.5	-1.09967	188.188	0	
16.25	-1.09967	180.219	0	
35.625	-0.431516	204.503	0	
18.125	-0.431516	180.175	0	
151.875	-0.431516	253.389	0	
40.625	-0.366631	201.418	0	
149.375	-0.431516	230.276	0	
53.646	-1.86538	194.517	0	
43.75	-1.09967	185.643	0	
149.529	-1.8473	225.184	0	
41.875	-0.431516	198.728	0	
144.672	-2.00504	217.513	0	
38.125	-0.431516	202.309	0	
154.375	-0.36089	251.546	0	
33.125	-0.431516	203.933	0	
26.25	-1.09967	199.641	0	
44.375	-0.431516	202.332	0	
41.25	-0.798148	205.159	0	
143.006	-2.06993	206.526	0	
47.5	-1.09967	192.64	0	
138.75	-0.727521	193.677	0	
48.125	-0.668155	192.325	0	
48.75	-1.09967	193.388	0	
136.875	-0.668155	177.946	0	
46.875	-0.431516	195.685	0	
144.375	-0.366631	216.948	0	
140	-0.798148	198.348	0	
53.125	-0.366631	199.808	0	
135.625	-0.366631	195.808	0	
77.396	-1.86538	214.536	0	
56.25	-1.09967	189.284	0	
130.625	-0.366631	171.933	0	
54.375	-0.431516	192.123	0	
134.256	-2.06993	186.792	0	
55	-1.09967	176.299	0	
136.619	-3.06027	191.735	0	
121.875	-0.668155	161.165	0	
57.5	-0.798148	191.783	0	
61.25	-0.798148	220.12	0	
62.5	-1.09967	185.155	0	
61.875	-0.431516	209.135	0	
118.229	-2.1669	186.768	0	
56.875	-0.431516	202.132	0	
123.745	-1.48403	172.479	0	
120.208	-2.01633	178.345	0	
69.896	-1.86538	207.084	0	
115.625	-0.36089	160.95	0	
64.375	-0.431516	212.49	0	
71.25	-1.09967	192.898	0	
113.125	-0.431516	164.399	0	
63.75	-1.09967	186.35	0	
121.25	-1.09967	182.15	0	
69.375	-0.366631	209.714	0	
123.75	-0.727521	170.797	0	
91.25	-0.798148	215.72	0	
131.161	-1.76841	179.228	0	
106.875	-0.431516	173.848	0	
70.625	-0.431516	234.205	0	
-116.255	-1.48403	165.391	0	
77.5	-0.798148	210.379	0	
72.5	-1.09967	173.311	0	
-121.771	-2.1669	178.325	0	
71.875	-0.668155	233.845	0	
-118.125	-0.668155	168.07	0	
-119.792	-2.01633	173.631	0	
76.875	-0.366631	240.788	0	
-123.75	-0.727521	177.19	0	
124.896	-1.86538	173.608	0	
80	-1.09967	201.792	0	
-125.625	-0.668155	182.727	0	
78.125	-0.431516	232.542	0	
-118.75	-1.09967	167.586	0	
78.75	-1.09967	199.657	0	
-116.25	-0.727521	171.185	0	
-86.875	-0.668155	186.814	0	
81.25	-0.798148	229.607	0	
-90.625	-0.668155	161.807	0	
83.75	-1.09967	216.971	0	
84.375	-0.431516	236.952	0	
-92.2917	-2.01633	173.605	0	
88.75	-1.09967	168.2	0	
-98.9788	-2.84299	168.698	0	
-98.125	-0.431516	164.662	0	
88.125	-0.431516	201.926	0	
-109.955	-2.8545	185.064	0	
90	-1.09967	180.662	0	
90.625	-0.431516	196.022	0	
-95	-0.798148	183.604	0	
97.396	-1.86538	191.716	0	
-98.75	-1.09967	163.133	0	
86.875	-0.366631	235.706	0	
-91.25	-1.09967	174.33	0	
80.625	-0.431516	234.309	0	
-94.2707	-2.1669	178.401	0	
101.042	-2.01633	189.282	0	
145.625	-0.668155	256.448	0	
-100.625	-0.366631	164.068	0	
93.125	-0.668155	185.622	0	
-105.089	-1.76841	174.163	0	
96.875	-0.366631	196.878	0	
98.75	-1.09967	185.471	0	
-106.875	-0.668155	170.337	0	
-105	-0.798148	184.016	0	
117.396	-1.86538	175.394	0	
-107.5	-1.09967	180.564	0	
105	-1.09967	203.229	0	
103.75	-0.798148	181.546	0	
-111.161	-1.76841	170.011	0	
100	-1.09967	184.57	0	
-108.542	-2.01633	178.874	0	
98.125	-0.431516	179.191	0	
-113.909	-3.16789	183.931	0	
-140.625	-0.36089	236.896	0	
111.25	-1.09967	180.832	0	
-134.078	-2.00504	180.845	0	
109.375	-0.366631	172.703	0	
110.625	-0.431516	163.248	0	
-122.5	-0.798148	186.605	0	
106.25	-1.09967	187.92	0	
-140.005	-1.48403	202.202	0	
-126.875	-0.366631	164.149	0	
117.5	-0.798148	194.013	0	
-131.339	-1.76841	180.003	0	
118.75	-1.09967	175.763	0	
116.875	-0.366631	158.647	0	
-134.911	-1.76841	187.345	0	
112.5	-1.09967	190.945	0	
-131.875	-0.366631	176.014	0	
111.875	-0.668155	171.773	0	
-128.244	-2.06993	192.186	0	
104.375	-0.431516	180.61	0	
-110	-1.03479	175.307	0	
-151.25	-1.03479	217.181	0	
119.375	-0.668155	167.633	0	
-139.484	-2.19037	194.177	0	
120	-1.09967	196.005	0	
126.25	-1.09967	174.297	0	
-140	-0.727521	208.581	0	
125	-0.798148	184.823	0	
-150.922	-2.00504	213.859	0	
-144.792	-2.01633	224.134	0	
172.314	-2.47004	366.996	0	
-20.0054	-1.48403	230.347	0	
128.125	-0.431516	164.31	0	
132.5	-1.09967	174.431	0	
-25.5207	-2.1669	216.125	0	
127.5	-1.09967	194.14	0	
-21.875	-0.668155	242.445	0	
124.375	-0.366631	153.876	0	
-145	-1.09967	150.403	0	
-23.5417	-2.01633	193.599	0	
131.875	-0.431516	163.721	0	
-27.5	-0.727521	192.028	0	
133.75	-1.09967	174.604	0	
134.375	-0.431516	167.178	0	
-29.375	-0.668155	256.775	0	
139.896	-1.86538	200.682	0	
-22.5	-1.09967	127.588	0	
9.375	-0.668155	191.071	0	
141.25	-1.09967	204.122	0	
5.625	-0.668155	174.733	0	
140.625	-0.431516	217.459	0	
156.146	-1.86538	239.478	0	
3.95833	-2.01633	192.717	0	
139.375	-0.366631	179.311	0	
-2.72879	-2.84299	194.944	0	
135	-0.798148	194.424	0	
1.97929	-2.1669	192.219	0	
131.25	-0.798148	179.594	0	
-20	-0.727521	196.362	0	
118.125	-0.431516	166.679	0	
-133.75	-1.03479	172.44	0	
-1.875	-0.431516	189.279	0	
143.125	-0.431516	224.888	0	
-13.7054	-2.8545	214.613	0	
150	-1.09967	185.161	0	
146.25	-1.09967	180.045	0	
1.25	-0.798148	193.582	0	
143.75	-0.798148	212.192	0	
-2.5	-1.09967	185.675	0	
-4.375	-0.366631	195.675	0	
150.625	-0.668155	262.509	0	
-8.83895	-1.76841	220.102	0	
151.25	-1.09967	212.907	0	
157.5	-1.09967	254.151	0	
-17.6594	-3.16789	196.792	0	
156.25	-0.798148	205.711	0	
-10.625	-0.668155	275.238	0	
148.125	-0.366631	239.967	0	
-5.74439	-2.06993	196.965	0	
-12.2917	-2.01633	230.431	0	
156.875	-0.431516	213.581	0	
-14.9111	-1.76841	216.425	0	
158.958	-1.16463	196.203	0	
160	-0.496475	171.612	0	
-13.75	-1.03479	215.327	0	
158.125	-0.668155	148.984	0	
-11.25	-1.09967	224.529	0	
-43.7554	-1.48403	192.628	0	
159.338	-2.74918	168.277	0	
-26.25	-0.798148	228.932	0	
164.35	-1.76839	265.057	0	
166.05	-0.925681	283.201	0	
-31.9944	-2.06993	205.345	0	
155.521	-4.78762	216.222	0	
-37.8277	-2.00504	208.936	0	
161.333	-1.33918	168.244	0	
-45.625	-0.668155	177.446	0	
155.625	-0.366631	223.184	0	
-8.75	-0.798148	221.789	0	
-35.625	-0.366631	198.55	0	
174.762	-1.34606	356.556	0	
-38.6611	-1.76841	196.015	0	
177.527	-2.9619	392.674	0	
168.496	-7.04709	314.498	0	
-37.5	-1.03479	167.468	0	
166.796	-10.6094	316.51	0	
-35.0889	-1.76841	194.167	0	
-55.9223	-2.00504	187.434	0	
154.805	-6.09945	185.301	0	
-43.75	-0.727521	196.168	0	
119.775	-42.5718	214.582	0	
169.138	-29.3032	297.557	0	
-47.2917	-2.01633	186.364	0	
199.784	-4.78957	236.241	0	
-51.0417	-2.72654	202.5	0	
177.385	-6.05361	354.179	0	
-56.25	-1.03479	172.941	0	
-50	-1.09967	189.638	0	
-68.75	-1.02905	170.185	0	
-66.9845	-2.19037	196.449	0	
-49.7917	-2.01633	190.922	0	
28.7125	-3.24559	197.991	0	
-75.0054	-1.48403	184.672	0	
-79.0702	-2.91409	193.862	0	
-76.875	-0.668155	205.218	0	
-71.5702	-2.91409	196.565	0	
168.693	-54.0604	222.915	0	
-46.25	-1.09967	185.695	0	
167.97	-2.04966	284.495	0	
-30.625	-0.366631	227.02	0	
142.5	-1.09967	223.337	0	
5	-1.09967	195.495	0	
-75	-0.727521	199.612	0	
-101.994	-2.06993	174.609	0	
-78.5417	-2.01633	182.879	0	
65	-0.798148	184.644	0	
-77.5	-1.09967	165.635	0	
-82.5	-0.727521	197.164	0	
-84.375	-0.668155	193.533	0	
98.2293	-2.1669	198.661	0	
105.625	-0.668155	165.159	0	
92.1723	-2.00504	204.681	0	
101.875	-0.668155	195.428	0	
100.208	-2.01633	194.649	0	
101.25	-1.09967	180.859	0	
94.375	-0.431516	210.221	0	
93.75	-1.09967	204.49	0	
88.0955	-3.52006	201.29	0	
97.5	-0.798148	211.315	0	
90.5056	-2.06993	214.556	0	
91.875	-0.366631	211.691	0	
85.625	-0.668155	207.278	0	
87.4111	-1.76841	202.897	0	
82.1723	-2.00504	214.516	0	
87.5	-0.798148	215.218	0	
83.9583	-2.01633	214.645	0	
85	-1.09967	222.069	0	
81.3389	-1.76841	223.174	0	
82.5	-1.03479	227.153	0	
74.375	-0.668155	239.311	0	
76.2446	-1.48403	222.012	0	
70.7293	-2.1669	210.946	0	
76.25	-0.727521	245.786	0	
72.7083	-2.01633	218.357	0	
73.75	-1.09967	218.277	0	
68.75	-0.727521	228.16	0	
66.875	-0.668155	204.022	0	
58.8389	-2.93321	220.144	0	
70	-0.798148	195.176	0	
64.2556	-2.06993	203.759	0	
65.625	-0.366631	213.589	0	
60.625	-0.366631	217.166	0	
61.1611	-1.76841	207.823	0	
57.5889	-1.76841	205.015	0	
58.75	-1.03479	209.516	0	
50.625	-0.668155	191.452	0	
52.4946	-1.48403	196.185	0	
45.2083	-2.72654	204.317	0	
52.5	-0.727521	195.881	0	
48.9583	-2.01633	197.49	0	
50	-1.09967	189.862	0	
46.25	-1.09967	196.19	0	
46.4583	-2.01633	198.965	0	
40	-1.03479	197.161	0	
40.3277	-2.00504	203.54	0	
27.5	-1.02905	204.116	0	
29.2655	-2.19037	195.545	0	
24.6798	-2.91409	194.705	0	
121.042	-2.01633	182.49	0	
19.375	-0.668155	181.917	0	
21.2446	-1.48403	187.743	0	
17.1798	-2.91409	192.905	0	
21.25	-0.727521	196.933	0	
17.7083	-2.01633	193.463	0	
18.75	-1.09967	195.221	0	
13.75	-0.727521	196.372	0	
11.875	-0.668155	188.899	0	
153.125	-0.668155	243.178	0	
154.995	-1.48403	236.943	0	
145.155	-3.05088	201.737	0	
155	-0.727521	210.596	0	
151.458	-2.01633	223.406	0	
152.5	-1.09967	190.091	0	
146.875	-0.431516	227.134	0	
148.696	-1.54577	223.955	0	
147.758	-2.24637	213.518	0	
148.75	-0.798148	240.425	0	
143.839	-1.76841	205.757	0	
145	-1.03479	177.141	0	
138.125	-0.36089	194.869	0	
138.745	-1.48403	195.642	0	
135.089	-1.76841	182.537	0	
136.25	-1.03479	187.14	0	
130	-1.03479	195.124	0	
130.328	-2.00504	177.448	0	
122.5	-1.02905	186.69	0	
124.266	-2.19037	182.424	0	
119.68	-2.91409	191.111	0	
156.979	-2.1669	183.422	0	
114.375	-0.668155	173.162	0	
116.245	-1.48403	172.346	0	
112.163	-2.94281	192.676	0	
116.25	-0.727521	177.293	0	
112.708	-2.01633	178.39	0	
113.75	-1.09967	172.27	0	
108.125	-0.668155	163.713	0	
109.911	-1.76841	180.995	0	
-117.5	-1.02905	167.769	0	
-115.734	-2.19037	175.823	0	
-138.021	-2.1669	186.239	0	
-67.5375	-3.24559	198.838	0	
-124.375	-0.36089	164.91	0	
-123.755	-1.48403	169.119	0	
-88.0056	-2.06993	185.214	0	
-81.25	-0.798148	190.804	0	
-86.0417	-2.01633	176.554	0	
-85	-1.09967	167.935	0	
-89.375	-0.366631	172.183	0	
-88.8389	-1.76841	174.082	0	
-96.875	-0.36089	165.823	0	
-96.2554	-1.48403	167.338	0	
-95.7345	-2.19037	179.253	0	
-96.25	-0.727521	181.742	0	
-101.161	-1.76841	175.217	0	
-100	-1.03479	174.884	0	
-106.25	-1.03479	172.399	0	
-105.922	-2.00504	174.065	0	
-70.2083	-2.01633	193.317	0	
-100.328	-2.00504	169.115	0	
-141.25	-0.792406	199.974	0	
-140.814	-2.07688	195.119	0	
-153.54	-3.47677	210.467	0	
-123.787	-3.24559	190.616	0	
-127.411	-1.76841	176.366	0	
-126.25	-1.03479	171.008	0	
-132.5	-1.03479	165.968	0	
-132.172	-2.00504	194.268	0	
-118.958	-2.01633	173.104	0	
-126.578	-2.00504	178.81	0	
-202.353	-21.532	280.672	0	
-119.833	-3.79821	195.082	0	
-21.25	-1.02905	236.043	0	
-19.4845	-2.19037	206.552	0	
-27.5375	-3.24559	212.155	0	
5.25269	-2.80091	196.247	0	
-28.125	-0.36089	219.979	0	
-27.5054	-1.48403	211.187	0	
8.24439	-2.06993	189.966	0	
15	-0.798148	194.061	0	
10.2083	-2.01633	195.116	0	
11.25	-1.09967	187.213	0	
6.875	-0.366631	195.073	0	
7.41105	-1.76841	191.612	0	
-0.625	-0.36089	205.155	0	
-0.00541199	-1.48403	197.002	0	
0.51554	-2.19037	201.339	0	
0	-0.727521	202.469	0	
-4.91105	-1.76841	213.915	0	
-3.75	-1.03479	194.684	0	
-10	-1.03479	193.501	0	
-9.67228	-2.00504	229.634	0	
26.0417	-2.01633	193.365	0	
-4.07772	-2.00504	193.394	0	
-45	-1.02905	196.484	0	
-43.2345	-2.19037	190.352	0	
-50.2083	-2.72654	202.596	0	
-29.6307	-3.06027	196.393	0	
-31.1611	-1.76841	207.63	0	
-30	-1.03479	167.185	0	
-36.25	-1.03479	173.883	0	
-35.9223	-2.00504	191.237	0	
-22.7083	-2.01633	225.629	0	
-30.3277	-2.00504	205.95	0	
-60.2083	-2.01633	194.42	0	
-51.4583	-2.01633	188.228	0	
-68.3387	-1.78555	195.909	0	
-68.4751	-2.84652	192.352	0	
-76.25	-1.02905	168.204	0	
-74.4845	-2.19037	194.124	0	
-77.7083	-2.01633	188.562	0	
-105.61	-4.06799	186.64	0	
-83.125	-0.36089	169.44	0	
-82.5054	-1.48403	176.555	0	
104.494	-2.06993	185.598	0	
110	-0.798148	197.741	0	
106.458	-2.01633	191.259	0	
107.5	-1.09967	210.364	0	
103.125	-0.366631	168.929	0	
103.661	-1.76841	185.386	0	
95.625	-0.36089	170.93	0	
96.2446	-1.48403	192.974	0	
96.7655	-2.19037	206.562	0	
96.25	-0.727521	204.723	0	
91.3389	-1.76841	205.106	0	
92.5	-1.03479	224.759	0	
86.25	-1.03479	221.195	0	
86.5777	-2.00504	218.878	0	
78.2293	-2.1669	213.328	0	
78.5906	-3.16789	200.958	0	
75	-1.02905	201.671	0	
76.7655	-2.19037	217.695	0	
68.7125	-3.24559	215.623	0	
123.713	-3.24559	188.613	0	
68.125	-0.36089	214.568	0	
68.7446	-1.48403	208.945	0	
65.0889	-1.76841	202.366	0	
66.25	-1.03479	204.595	0	
60	-1.03479	210.452	0	
60.3277	-2.00504	213.505	0	
54.4793	-2.1669	212.596	0	
73.5417	-2.01633	208.771	0	
51.25	-1.02905	190.725	0	
53.0155	-2.19037	208.618	0	
40.4973	-3.78292	208.747	0	
54.8394	-3.16569	219.931	0	
39.0027	-2.80091	205.12	0	
44.7917	-2.01633	196.666	0	
27.9113	-1.78555	195.929	0	
27.7749	-2.84652	194.357	0	
20	-1.02905	196.493	0	
21.7655	-2.19037	194.896	0	
-9.36018	-4.06799	195.141	0	
18.5417	-2.01633	188.878	0	
13.125	-0.36089	178.122	0	
13.7446	-1.48403	184.46	0	
153.75	-1.02905	246.679	0	
155.516	-2.19037	206.747	0	
142.62	-3.22837	208.223	0	
144.069	-5.7607	201.747	0	
147.5	-0.798148	209.756	0	
146.771	-2.1669	214.284	0	
140.729	-2.1669	204.809	0	
150.746	-2.90651	206.204	0	
137.5	-1.02905	206.654	0	
139.266	-2.19037	195.832	0	
130.64	-4.06799	192.266	0	
141.177	-3.32534	197.958	0	
131.994	-2.06993	190.065	0	
129.955	-2.8545	195.935	0	
128.542	-2.01633	182.241	0	
127.18	-2.91409	188.4	0	
122.911	-1.78555	177.049	0	
122.775	-2.84652	185.73	0	
115	-1.02905	177.242	0	
116.766	-2.19037	189.212	0	
86.8898	-4.06799	205.312	0	
113.542	-2.01633	184.35	0	
108.75	-1.03479	185.104	0	
109.078	-2.00504	188.235	0	
-117.089	-1.78555	174.064	0	
-117.225	-2.84652	174.817	0	
-125	-1.02905	166.304	0	
-123.234	-2.19037	180.875	0	
-78.5826	-3.79821	196.864	0	
-143.899	-7.68728	349.825	0	
-90	-1.03479	182.776	0	
-89.6723	-2.00504	174.62	0	
-97.5	-0.792406	194.641	0	
-97.0644	-2.07688	191.407	0	
-116.287	-3.24559	182.168	0	
-108.125	-3.34884	204.513	0	
-104.256	-2.06993	180.795	0	
-112.466	-3.07092	180.493	0	
-107.708	-2.01633	177.447	0	
-116.633	-5.94785	236.808	0	
-141.434	-1.75189	196.698	0	
-142.267	-2.05915	211.741	0	
-130.506	-2.06993	178.609	0	
-141.756	-5.80291	237.788	0	
-140.354	-6.17065	200.704	0	
-130.457	-4.4054	186.332	0	
-20.8387	-1.78555	207.03	0	
-20.9751	-2.84652	216.375	0	
-28.75	-1.02905	183.386	0	
-26.9845	-2.19037	201.458	0	
-43.7875	-3.24559	213.114	0	
-46.3858	-5.74538	280.018	0	
6.25	-1.03479	195.196	0	
6.57772	-2.00504	192.964	0	
-1.25	-0.792406	207.769	0	
-0.814428	-2.07688	205.348	0	
-20.0375	-3.24559	195.975	0	
-11.875	-3.34884	205.467	0	
-8.00561	-2.06993	204.225	0	
-16.2164	-3.07092	184.894	0	
-11.4583	-2.01633	211.126	0	
-20.3828	-5.94785	227.904	0	
-44.5887	-1.78555	193.377	0	
-44.7251	-2.84652	194.983	0	
-34.2556	-2.06993	201.968	0	
-49.5151	-8.22246	346.108	0	
-44.2462	-5.42835	264.029	0	
-34.2075	-4.4054	220.62	0	
-75.0375	-3.24559	194.587	0	
25.1674	-3.79821	195.293	0	
-75.8387	-1.78555	192.112	0	
-75.9751	-2.84652	189.246	0	
-83.75	-1.02905	161.912	0	
-81.9845	-2.19037	190.089	0	
-90.0446	-2.8545	187.716	0	
-86.5873	-2.94281	192.108	0	
102.5	-1.03479	178.289	0	
102.828	-2.00504	191.862	0	
95	-0.792406	210.169	0	
95.4356	-2.07688	204.481	0	
76.2125	-3.24559	207.13	0	
84.375	-3.34884	199.295	0	
88.2444	-2.06993	212.359	0	
80.0336	-3.07092	198.334	0	
84.7917	-2.01633	209.07	0	
75.8672	-5.94785	198.051	0	
75.4113	-1.78555	221.877	0	
75.2749	-2.84652	212.322	0	
67.5	-1.02905	197.852	0	
69.2655	-2.19037	210.61	0	
52.4625	-3.24559	222.938	0	
49.8642	-5.74538	224.983	0	
61.9944	-2.06993	220.313	0	
46.7349	-8.22246	205.342	0	
52.0038	-5.42835	238.483	0	
62.0425	-4.4054	238.146	0	
51.6613	-1.78555	204.207	0	
51.5249	-2.84652	209.177	0	
21.2125	-3.24559	198.718	0	
107.75	-4.43486	204.517	0	
20.4113	-1.78555	193.594	0	
20.2749	-2.84652	193.067	0	
12.5	-1.02905	186.844	0	
14.2655	-2.19037	195.176	0	
6.20541	-2.8545	192.529	0	
9.66268	-2.94281	190.505	0	
154.161	-1.78555	221.481	0	
154.025	-2.84652	223.22	0	
152.292	-2.01633	224.631	0	
139.039	-4.35802	199.021	0	
137.911	-1.78555	191.32	0	
137.775	-2.84652	196.286	0	
116.213	-3.24559	191.314	0	
154.963	-3.24559	205.275	0	
115.411	-1.78555	182.37	0	
115.275	-2.84652	189.278	0	
107.292	-2.01633	180.435	0	
109.247	-3.78292	200.048	0	
-140.037	-3.24559	189.744	0	
-71.0826	-3.79821	203.628	0	
-124.589	-1.78555	183.149	0	
-124.725	-2.84652	175.953	0	
-92.8202	-2.91409	182.571	0	
-85.2083	-2.01633	184.065	0	
-97.684	-1.75189	164.479	0	
-98.5173	-2.05915	186.734	0	
-152.708	-2.01633	230.472	0	
-145.211	-4.15655	205.985	0	
-23.5826	-3.79821	201.375	0	
3.37811	-4.98343	193.893	0	
-28.3387	-1.78555	208.024	0	
-28.4751	-2.84652	194.943	0	
3.42981	-2.91409	191.458	0	
11.0417	-2.01633	187.643	0	
-1.43402	-1.75189	194.646	0	
-2.26735	-2.05915	210.207	0	
-48.9583	-3.47328	214.709	0	
-47.6197	-4.31165	236.484	0	
-88.4261	-3.92482	205.547	0	
-92.8719	-4.98343	207.74	0	
-83.3387	-1.78555	186.466	0	
-83.4751	-2.84652	184.854	0	
99.6798	-2.91409	195.576	0	
107.753	-2.80091	197.363	0	
94.816	-1.75189	200.381	0	
93.9827	-2.05915	201.66	0	
72.6674	-3.79821	210.109	0	
120.167	-3.79821	197.045	0	
67.9113	-1.78555	212.025	0	
67.7749	-2.84652	212.396	0	
47.2917	-3.47328	212.977	0	
50.1448	-3.88818	221.573	0	
17.6674	-3.79821	200.332	0	
-0.0374544	-3.24559	199.6	0	
12.9113	-1.78555	195.28	0	
12.7749	-2.84652	191.643	0	
148.483	-4.32001	222.101	0	
187.308	-1.93891	308.429	0	
147.862	-1.54577	226.745	0	
148.712	-3.13655	207.242	0	
133.929	-3.08731	195.877	0	
138.713	-3.24559	202.198	0	
90.6555	-3.51902	201.485	0	
102.455	-2.8545	191.499	0	
-152.829	-5.21478	222.757	0	
-131.801	-4.25718	222.618	0	
-122.157	-4.23242	200.251	0	
-96.2875	-3.24559	202.811	0	
-46.1052	-3.88818	221.942	0	
-35.5505	-4.25718	201.268	0	
-25.9071	-4.23242	227.36	0	
13.7125	-3.24559	198.731	0	
-100.639	-4.06622	180.65	0	
-82.5375	-3.24559	192.49	0	
48.6303	-4.31165	222.067	0	
96.2125	-3.24559	198.163	0	
60.6995	-4.25718	220.567	0	
70.3429	-4.23242	218.826	0	
-4.38926	-4.06622	192.15	0	
7.82395	-3.92482	192.396	0	
146.42	-3.14785	212.742	0	
147.178	-4.41078	195.065	0	
34.7917	-2.72654	197.434	0	
33.9583	-2.72654	202.328	0	
126.034	-3.06466	186.294	0	
126.041	-5.36183	203.369	0	
-147.837	-2.94281	190.952	0	
-142.682	-2.77243	187.181	0	
-160.208	-1.16463	150.636	0	
-201.338	-10.2031	276.275	0	
-153.958	-2.72654	223.049	0	
-152.247	-2.80091	201.978	0	
-156.042	-3.47328	214.012	0	
-156.458	-2.72654	238.584	0	
-52.8373	-2.94281	198.544	0	
-49.7917	-3.47328	211.732	0	
-58.9583	-2.72654	202.394	0	
-57.7083	-2.01633	196.818	0	
-56.2946	-2.8545	201.035	0	
-57.2473	-2.80091	194.007	0	
-65.2159	-3.06466	196.162	0	
-65.2085	-5.36053	240.292	0	
-72.7159	-3.06466	187.671	0	
-69.5113	-3.00667	193.116	0	
43.4127	-2.94281	201.993	0	
46.4583	-3.47328	211.337	0	
36.0417	-2.01633	196.987	0	
32.5816	-3.68836	200.064	0	
32.1798	-2.91409	194.566	0	
36.4583	-2.72654	203.631	0	
23.5341	-3.06466	190.115	0	
26.7387	-3.00667	194.72	0	
118.534	-3.06466	190.34	0	
121.739	-3.00667	186.733	0	
-121.466	-3.06466	179.236	0	
-118.261	-3.00667	179.465	0	
-93.9659	-3.06466	182.231	0	
-93.9594	-5.36183	225.732	0	
-109.003	-2.80091	173.02	0	
-107.247	-2.80091	174.333	0	
-146.042	-2.72654	214.928	0	
-147.44	-3.72538	204.624	0	
-25.2159	-3.06466	188.565	0	
-22.0113	-3.00667	185.437	0	
2.28409	-3.06466	199.686	0	
2.29056	-5.36183	208.755	0	
-12.7527	-2.80091	200.337	0	
-10.9973	-2.80091	216.674	0	
-48.9583	-2.01633	191.285	0	
-45.7613	-3.00667	201.786	0	
-52.44	-3.72538	217.495	0	
-48.5417	-2.72654	200.055	0	
-80.2159	-3.06466	181.101	0	
-77.0113	-3.00667	187.6	0	
98.5341	-3.06466	202.413	0	
98.5406	-5.36183	210.244	0	
83.4973	-2.80091	206.833	0	
85.2527	-2.80091	213.035	0	
71.0341	-3.06466	206.729	0	
74.2387	-3.00667	211.847	0	
47.2917	-2.01633	199.229	0	
50.4887	-3.00667	214.066	0	
43.81	-3.72538	209.455	0	
47.7083	-2.72654	205.922	0	
16.0341	-3.06466	193.768	0	
19.2387	-3.00667	197.747	0	
151.132	-3.93062	215.707	0	
152.989	-3.00667	216.147	0	
111.032	-2.99641	192.227	0	
114.239	-3.00667	188.973	0	
-87.7179	-2.99641	178.587	0	
-84.5113	-3.00667	183.288	0	
8.53206	-2.99641	200.572	0	
11.7387	-3.00667	200.235	0	
104.782	-2.99641	200.675	0	
102.997	-3.78292	203.74	0	
-143.54	-2.72962	211.038	0	
-140.951	-3.13784	195.114	0	
-99.9558	-2.85377	188.371	0	
-97.2008	-3.13784	171.568	0	
-3.70582	-2.85377	209.237	0	
-0.950756	-3.13784	202.509	0	
92.5442	-2.85377	204.756	0	
95.2992	-3.13784	205.258	0	
41.5739	-3.92482	205.548	0	
46.0417	-2.72654	205.262	0	
127.582	-3.68916	194.169	0	
132.502	-3.08731	187.582	0	
127.128	-4.98343	201.557	0	
128.572	-3.57598	196.886	0	
-152.662	-3.55114	213.229	0	
-152.231	-4.40508	216.826	0	
-159.148	-3.04538	209.037	0	
-165.564	-17.3854	664.3	0	
-154.373	-3.97501	218.086	0	
-150.753	-3.78292	203.153	0	
-160.293	-8.30276	380.805	0	
-155.208	-3.47328	226.882	0	
-158.057	-10.316	451.727	0	
-143.957	-3.47621	192.904	0	
-58.5398	-3.47677	204.464	0	
-57.2309	-4.40508	236.329	0	
-61.4583	-2.72654	198.708	0	
-57.6621	-3.55114	211.555	0	
-62.7232	-3.50081	203.577	0	
-55.7527	-3.78292	213.21	0	
-64.0702	-2.91409	195.843	0	
-63.6684	-3.68836	210.703	0	
-61.8899	-3.99904	221.848	0	
-60.2083	-3.47328	203.41	0	
-72.8478	-5.56717	222.501	0	
-69.264	-5.46522	250.951	0	
39.9554	-2.8545	199.294	0	
39.0191	-4.40508	211.084	0	
37.2917	-2.72654	198.659	0	
38.5879	-3.55114	201.233	0	
34.3601	-3.99904	204.667	0	
37.7102	-3.47677	205.116	0	
35.2083	-3.47328	202.988	0	
33.5268	-3.50081	198.892	0	
23.4022	-5.56717	198.203	0	
26.986	-5.46522	199.905	0	
118.402	-5.56717	206.311	0	
114.489	-5.47929	206.106	0	
-121.598	-5.56717	217.353	0	
-125.6	-5.31383	221.425	0	
-92.4178	-3.68916	197.88	0	
-89.5027	-3.78292	191.461	0	
-90.9952	-4.42757	209.295	0	
-86.1036	-3.83222	193.973	0	
-109.687	-5.39772	237.773	0	
-106.295	-2.8545	183.159	0	
-110.64	-4.06799	187.301	0	
-98.2818	-3.59669	216.913	0	
-146.478	-3.50911	196.347	0	
-141.985	-3.52613	203.583	0	
-25.3478	-5.56717	225.514	0	
-29.3495	-5.31383	239.824	0	
3.83223	-3.68916	198.638	0	
6.7473	-3.78292	200.621	0	
5.25478	-4.42757	199.491	0	
10.1464	-3.83222	204.111	0	
-13.4371	-5.39772	205.468	0	
-10.0446	-2.8545	204.204	0	
-14.3898	-4.06799	183.439	0	
-2.03178	-3.59669	203.425	0	
-51.4777	-3.50911	214.992	0	
-47.7083	-2.72654	206.714	0	
-51.0637	-4.19254	228.823	0	
-47.2189	-3.60804	211.225	0	
-80.3478	-5.56717	214.807	0	
-84.2613	-5.47929	234.452	0	
100.082	-3.68916	202.96	0	
112.646	-3.83222	197.878	0	
110.324	-3.92482	198.183	0	
107.317	-3.58364	194.619	0	
82.8129	-5.39772	197.158	0	
86.2054	-2.8545	202.057	0	
81.8602	-4.06799	193.584	0	
94.2182	-3.59669	197.653	0	
70.9022	-5.56717	218.886	0	
66.9005	-5.31383	222.345	0	
44.7723	-3.50911	209.423	0	
48.5417	-2.72654	207.887	0	
45.1863	-4.19254	215.141	0	
49.0311	-3.60804	218.374	0	
15.9022	-5.56717	202.381	0	
11.9887	-5.47929	197.227	0	
108.705	-2.8545	190.539	0	
101.072	-3.57598	196.203	0	
-91.4282	-3.57598	194.017	0	
-94.651	-4.21812	202.158	0	
4.82178	-3.57598	193.226	0	
1.59897	-4.21812	193.63	0	
105.913	-2.94281	190.242	0	
106.31	-3.72554	203.11	0	
97.849	-4.21812	196.592	0	
101.505	-4.42757	203.97	0	
-144.792	-3.47313	209.567	0	
-146.064	-4.19253	211.94	0	
-103.124	-4.43041	206.354	0	
-108.125	-4.73217	188.804	0	
-6.87403	-4.43041	173.368	0	
-11.875	-4.73217	188.39	0	
89.376	-4.43041	191.258	0	
84.375	-4.73217	197.461	0	
121.393	-3.89079	199.687	0	
143.936	-3.97268	210.695	0	
125.349	-4.21812	196.919	0	
129.043	-4.50658	199.588	0	
-154.834	-5.62943	244.251	0	
-149.676	-3.92482	202.894	0	
-156.465	-4.16242	242.287	0	
-88.4597	-6.17559	256.205	0	
-157.746	-3.54331	235.92	0	
-157.336	-4.23245	236.669	0	
-155.953	-5.20944	246.145	0	
-151.274	-4.58327	218.009	0	
-87.8931	-5.00841	212.587	0	
-54.6761	-3.92482	225.816	0	
-59.3731	-3.97501	224.525	0	
7.79028	-6.17559	192.775	0	
-65.9011	-4.21822	216.024	0	
-59.3047	-5.11624	246.596	0	
-64.1215	-4.98124	236.91	0	
-60.5387	-5.90518	259.616	0	
8.35687	-5.00841	204.992	0	
92.527	-5.11846	193.708	0	
30.3489	-4.21822	201.222	0	
32.1285	-4.98124	208.061	0	
36.0417	-3.47328	200.4	0	
34.378	-5.06466	212.779	0	
35.7113	-5.90518	215.131	0	
36.8769	-3.97501	207.731	0	
-101.844	-3.51902	181.206	0	
-99.973	-5.11846	245.193	0	
-145.501	-5.7656	247.968	0	
-69.8571	-3.89079	208.97	0	
-156.677	-7.51666	319.906	0	
-49.707	-5.1949	251.688	0	
-148.977	-5.20289	213.109	0	
-147.813	-5.59213	222.367	0	
-5.59449	-3.51902	217.622	0	
-3.72305	-5.11846	200.811	0	
-56.2742	-4.58327	239.511	0	
26.3929	-3.89079	198.003	0	
-39.9676	-3.06872	205.596	0	
46.543	-5.1949	221.501	0	
-53.9766	-5.20289	245.561	0	
-50.211	-4.15672	233.97	0	
-55.8234	-5.70833	258.325	0	
-48.5258	-4.17689	230.358	0	
-52.8132	-5.59213	275.952	0	
-47.2738	-5.38006	251.106	0	
91.8607	-4.06622	199.331	0	
105.879	-5.0575	200.705	0	
36.9453	-5.11624	214.736	0	
130.158	-4.945	212.611	0	
56.2824	-3.06872	224.688	0	
110.29	-6.17488	206.772	0	
42.2734	-5.20289	219.667	0	
46.039	-4.15672	218.017	0	
40.4266	-5.70833	219.974	0	
47.7242	-4.17689	220.654	0	
39.9758	-4.58327	206.576	0	
48.9762	-5.38006	231.938	0	
-90.0224	-4.58092	219.418	0	
-89.5124	-5.89001	233.04	0	
6.22758	-4.58092	195.741	0	
6.73765	-5.89001	203.021	0	
102.928	-5.70651	206.857	0	
107.848	-6.54104	214.888	0	
104.074	-3.92482	196.33	0	
104.773	-5.20318	207.822	0	
99.6281	-4.98343	198.852	0	
102.478	-4.58092	197.961	0	
-150.823	-5.70833	220.86	0	
-143.779	-5.33843	226.83	0	
76.6284	-4.52398	207.506	0	
144.244	-11.4317	154.044	0	
128.127	-5.50143	211.643	0	
128.872	-6.93342	214.569	0	
-158.777	-5.20944	281.056	0	
-143.448	-4.30353	206.001	0	
-161.732	-2.79975	182.752	0	
-207.299	-15.0218	265.294	0	
-182.365	-35.5359	516.337	0	
-79.1691	-5.28353	237.19	0	
-150.997	-8.59138	330.189	0	
-57.1302	-6.3947	297.401	0	
-61.872	-5.06466	244.192	0	
-58.0402	-5.47194	247.45	0	
-115.872	-4.52398	200.863	0	
17.0809	-5.28353	197.675	0	
-19.6216	-4.52398	214.073	0	
108.728	-4.58055	202.53	0	
38.2098	-5.47194	216.013	0	
43.4368	-5.59213	214.649	0	
-139.58	-4.60081	221.391	0	
-145.691	-7.03602	246.555	0	
-96.7489	-6.89898	257.674	0	
-97.1496	-5.26597	255.803	0	
-149.602	-6.18605	239.102	0	
-134.449	-4.25718	193.103	0	
-31.5017	-4.16217	214.635	0	
39.1198	-6.3947	212.382	0	
-0.498874	-6.89898	223.016	0	
-0.89962	-5.26597	197.004	0	
-70.5474	-6.44535	260.841	0	
-54.6024	-6.18605	286.967	0	
-52.4014	-4.79453	238.211	0	
-51.4417	-5.03664	248.525	0	
-52.0429	-7.10465	294.92	0	
-50.5017	-5.76581	272.601	0	
-54.1682	-7.76797	312.615	0	
-36.3389	-2.93321	205.423	0	
-48.8551	-5.21507	249.465	0	
-48.0926	-6.0103	285.057	0	
64.7483	-4.16217	218.798	0	
110.857	-5.00834	204.682	0	
95.7511	-6.89898	207.667	0	
95.3504	-5.26597	188.792	0	
25.7026	-6.44535	209.607	0	
41.6476	-6.18605	210.666	0	
43.8486	-4.79453	217.974	0	
44.8083	-5.03664	217.241	0	
44.2071	-7.10465	223.91	0	
45.7483	-5.76581	224.306	0	
42.0818	-7.76797	224.971	0	
59.9111	-2.93321	221.204	0	
47.3949	-5.21507	228.686	0	
48.1574	-6.0103	221.551	0	
-91.9104	-5.42242	233.8	0	
-90.925	-6.50437	265.223	0	
4.33964	-5.42242	199.899	0	
5.32497	-6.50437	205.758	0	
106.858	-5.46739	205.14	0	
109.237	-5.889	206.428	0	
45.559	-7.03622	217.261	0	
104.147	-6.18687	200.274	0	
100.59	-5.42242	201.364	0	
100.817	-6.41692	206.336	0	
-147.401	-4.79453	212.4	0	
-146.442	-5.03663	209.596	0	
-147.043	-7.10465	261.736	0	
-144.707	-5.19453	207.136	0	
-149.168	-7.76797	280.527	0	
-132.589	-2.93321	175.965	0	
-154.178	-7.28627	280.299	0	
-151.919	-6.13754	256.874	0	
-67.2642	-6.91889	298.336	0	
-50.691	-7.03622	313.242	0	
28.9858	-6.91889	210.51	0	
57.9209	-9.10125	164.681	0	
-165.569	-3.72058	274.021	0	
-124.19	-5.40086	230.466	0	
-65.8105	-6.63734	282.711	0	
-38.3291	-9.10125	347.839	0	
-59.0799	-8.70786	360.232	0	
-25.746	-9.39498	384.078	0	
-36.875	-5.27905	248.228	0	
-45.618	-4.95711	245.263	0	
30.4395	-6.63734	217.758	0	
104.619	-8.07335	209.003	0	
37.1701	-8.70786	216.14	0	
121.986	-5.46522	201.19	0	
59.375	-5.27905	224.91	0	
50.632	-4.95711	231.078	0	
-100.432	-7.15932	248.934	0	
-118.014	-5.46522	213.441	0	
-4.18243	-7.15932	214.127	0	
-21.764	-5.46522	234.502	0	
101.373	-10.8863	172.683	0	
97.6668	-7.08742	182.398	0	
74.486	-5.46522	219.022	0	
92.0676	-7.15932	198.031	0	
-142.782	-6.56075	204.116	0	
-142.334	-4.31064	193.969	0	
-152.527	-7.43868	273.358	0	
-121.996	-9.39498	374.652	0	
-136.218	-3.06872	187.069	0	
-128.568	-3.08143	176.104	0	
-38.1995	-4.25718	205.537	0	
-32.318	-3.08143	206.268	0	
58.0505	-4.25718	231.789	0	
63.932	-3.08143	220.941	0	
133.106	-6.04794	207.628	0	
130.428	-6.60412	212.537	0	
123.985	-6.91734	210.554	0	
150.848	-20.0464	197.998	0	
-155.18	-8.32445	338.798	0	
-52.0799	-10.5411	374.179	0	
-40.8588	-5.44334	249.984	0	
-43.3792	-4.50999	223.786	0	
55.3912	-5.44334	227.731	0	
52.8708	-4.50999	235.463	0	
-87.5848	-7.52916	296.442	0	
-84.8609	-3.89608	205.282	0	
8.66524	-7.52916	213.066	0	
11.3891	-3.89608	197.14	0	
120.703	-6.44535	220.793	0	
113.889	-3.89608	200.865	0	
-94.8332	-7.08742	287.588	0	
-127.752	-4.16217	209.927	0	
-136.015	-9.53859	300.519	0	
-118.607	-3.89079	197.167	0	
-44.375	-6.99919	318.9	0	
-22.3571	-3.89079	220.703	0	
-42.8302	-8.44515	333.904	0	
-40.8536	-7.44458	311.904	0	
51.875	-6.99919	214.66	0	
73.8929	-3.89079	206.467	0	
53.4198	-8.44515	202.203	0	
55.3964	-7.44458	225.198	0	
-45.8903	-7.18841	295.898	0	
-48.1439	-7.56208	313.3	0	
50.3597	-7.18841	231.171	0	
48.1061	-7.56208	222.22	0	
-141.655	-10.9683	521.952	0	
-134.129	-6.10622	236.907	0	
-52.772	-8.29733	362.353	0	
-46.8296	-8.37487	362.67	0	
43.478	-8.29733	190.535	0	
49.4204	-8.37487	186.855	0	
-164	-0.842706	215.421	0	
-160.19	-2.6252	201.013	0	
-171.26	-1.12398	421.712	0	
-163.118	-4.25546	293.855	0	
157.984	-3.31993	216.973	0	
162.75	-0.842706	226.221	0	
160.879	-2.92373	206.743	0	
162.233	-4.81544	221.516	0	
149.806	-4.94504	185.381	0	
157.495	-4.95032	178.876	0	
136.186	-4.14103	207.272	0	
140.456	-4.52612	211.993	0	
-73.4071	-4.23242	214.387	0	
-71.6691	-5.28353	233.008	0	
-80.4167	-10.3326	408.574	0	
-64.8646	-8.3096	330.241	0	
-77.3571	-3.89079	204.153	0	
-74.2262	-6.72899	296.846	0	
22.8429	-4.23242	199.468	0	
24.5809	-5.28353	199.306	0	
15.8333	-10.3326	222.611	0	
31.3854	-8.3096	222.79	0	
18.8929	-3.89079	198.487	0	
22.0238	-6.72899	213.316	0	
117.843	-4.23242	199.236	0	
119.581	-5.28353	200.481	0	
112.877	-7.50462	209.236	0	
125.437	-6.63718	217.253	0	
111.164	-7.52928	218.168	0	
117.03	-6.73778	220.453	0	
-120.419	-5.28353	216.568	0	
-119.297	-6.44535	261.671	0	
-147.08	-10.5411	412.301	0	
-106.019	-7.46803	255.482	0	
-144.559	-9.99967	366.515	0	
-147.772	-8.29733	314.272	0	
-24.1691	-5.28353	243.622	0	
-23.0474	-6.44535	272.638	0	
1.41684	-7.08742	196.824	0	
-9.76913	-7.46803	180.401	0	
-27.9404	-5.40086	260.052	0	
-23.5704	-9.08967	363.991	0	
-80.9071	-4.23242	214.48	0	
-78.0474	-6.44535	249.336	0	
-74.2388	-9.20929	387.238	0	
-76.764	-5.46522	239.347	0	
-81.7196	-6.73778	292.808	0	
-82.2148	-8.98906	396.143	0	
72.0809	-5.28353	220.23	0	
73.2026	-6.44535	207.834	0	
102.182	-6.54766	200.933	0	
86.4809	-7.46803	193.326	0	
68.3096	-5.40086	220.459	0	
93.8488	-8.33358	177.143	0	
15.3429	-4.23242	198.625	0	
18.2026	-6.44535	211.67	0	
22.0112	-9.20929	201.866	0	
19.486	-5.46522	197.645	0	
14.5304	-6.73778	210.508	0	
14.0352	-8.98906	190.784	0	
112.049	-4.96932	203.674	0	
113.194	-6.11121	213.075	0	
107.957	-10.0357	221.356	0	
114.373	-9.53907	214.021	0	
-86.7013	-4.9694	230.935	0	
-85.556	-6.11128	241.771	0	
-85.8729	-7.50385	314.153	0	
-84.3782	-9.53722	391.173	0	
9.54871	-4.9694	193.806	0	
10.694	-6.11128	210.277	0	
10.3771	-7.50385	191.441	0	
11.8718	-9.53722	216.049	0	
132.08	-7.47425	232.632	0	
134.746	-4.16808	199.142	0	
124.075	-4.31071	197.914	0	
123.313	-5.73457	210.383	0	
-67.1755	-4.31081	226.96	0	
-67.9367	-5.73467	237.168	0	
29.0745	-4.31081	196.259	0	
28.3133	-5.73467	207.287	0	
-95.9255	-4.31071	190.262	0	
-98.5926	-4.6597	187.383	0	
-103.786	-7.04865	236.195	0	
-106.563	-5.39772	236.804	0	
0.324502	-4.31071	210.936	0	
-2.3426	-4.6597	201.393	0	
-7.5359	-7.04865	205.048	0	
-10.3129	-5.39772	192.375	0	
96.5745	-4.31071	209.35	0	
93.9074	-4.6597	199.695	0	
88.7141	-7.04865	194.848	0	
103.633	-8.96714	193.932	0	
-62.0477	-8.8546	354.815	0	
34.2023	-8.8546	228.692	0	
-65.6604	-12.2385	445.37	0	
44.1701	-10.5411	196.958	0	
-43.9291	-11.1429	432.408	0	
106.762	-8.25621	196.876	0	
40.691	-8.79126	197.721	0	
126.259	-8.10539	215.384	0	
30.5896	-12.2385	215.304	0	
128.121	-8.37598	230.425	0	
98.349	-8.47005	215.38	0	
102.415	-7.9218	198.567	0	
-155.111	-10.7469	442.945	0	
-60.5733	-7.64358	319.496	0	
138.321	-5.52235	217.127	0	
152.541	-4.03078	200.186	0	
-138.552	-9.35636	347.094	0	
-137.06	-5.53416	226.201	0	
-129.996	-3.08143	202.835	0	
-129.047	-6.04201	247.392	0	
-33.7459	-3.08143	192.142	0	
-32.7973	-6.04201	266.86	0	
62.5041	-3.08143	209.838	0	
63.4527	-6.04201	208.867	0	
131.229	-11.2697	224.881	0	
151.99	-6.88415	179.175	0	
136.941	-5.40234	203.84	0	
141.133	-5.9764	204.229	0	
-74.6816	-4.325	220.56	0	
-75.4428	-5.74886	221.608	0	
21.5684	-4.325	197.756	0	
20.8072	-5.74886	201.899	0	
116.568	-4.325	205.726	0	
115.814	-5.75765	205.831	0	
-123.432	-4.325	196.472	0	
-126.314	-4.14101	190.568	0	
-115.576	-8.16642	329.008	0	
-113.246	-5.34905	221.824	0	
-27.1816	-4.325	201.653	0	
-30.0644	-4.14101	213.402	0	
-19.3257	-8.16642	322.246	0	
-16.996	-5.34905	187.274	0	
-82.1816	-4.325	216.202	0	
-82.9362	-5.75765	228.55	0	
69.0684	-4.325	219.534	0	
66.1856	-4.14101	229.224	0	
76.9243	-8.16642	228.698	0	
79.254	-5.34905	190.296	0	
14.0684	-4.325	200.473	0	
13.3138	-5.75765	200.994	0	
105.405	-12.0508	182.187	0	
116.536	-8.99008	199.402	0	
-93.9774	-8.66503	350.289	0	
-91.6041	-8.13534	359.647	0	
2.27255	-8.66503	207.799	0	
4.64589	-8.13534	196.49	0	
129.195	-10.2093	209.247	0	
146.046	-6.10183	218.21	0	
134.488	-5.91521	214.57	0	
135.867	-6.69788	220.392	0	
121.43	-8.68418	196.973	0	
123.385	-8.88682	218.928	0	
-69.8214	-8.68669	366.006	0	
-67.8655	-8.89079	330.475	0	
26.4286	-8.68669	207.457	0	
28.3845	-8.89079	222.462	0	
-66.1145	-9.89368	391.426	0	
-95.0051	-12.6851	560.53	0	
-55.559	-8.79126	356.414	0	
1.24494	-12.6851	167.14	0	
85.9371	-5.39772	188.596	0	
70.504	-9.39498	220.502	0	
99.9643	-7.8529	186.54	0	
101.084	-8.78437	206.704	0	
-119.82	-9.08967	373.736	0	
-122.652	-7.0343	288.509	0	
-127.769	-5.79877	211.317	0	
-125.499	-7.54635	294.182	0	
-48.3872	-12.3828	393.314	0	
-26.4019	-7.0343	324.045	0	
-31.5194	-5.79877	250.085	0	
-29.2492	-7.54635	342.362	0	
47.8628	-12.3828	132.246	0	
69.8481	-7.0343	209.598	0	
64.7306	-5.79877	238.081	0	
67.0008	-7.54635	181.442	0	
140.302	-7.00568	215.216	0	
142.7	-6.86574	213.988	0	
125.012	-9.68556	230.798	0	
195.519	-2.32667	260.606	0	
-98.6512	-8.33358	365.406	0	
35.6767	-7.64358	229.829	0	
-2.40124	-8.33358	179.652	0	
103.223	-11.1651	206.239	0	
72.6796	-9.08967	225.941	0	
95.07	-11.0041	229.076	0	
-136.973	-6.98397	253.717	0	
-135.349	-7.69153	282.087	0	
-32.1235	-10.677	449.822	0	
-33.5046	-8.27657	351.414	0	
64.1265	-10.677	117.705	0	
97.6545	-10.9522	166.512	0	
80.0504	-6.99449	220.203	0	
151.079	-11.5903	164.189	0	
-78.2205	-8.73643	381.323	0	
30.1355	-9.89368	232.554	0	
8.79112	-11.9339	216.79	0	
110.443	-9.50362	201.517	0	
-126.434	-6.49884	232.607	0	
-123.97	-6.77541	237.935	0	
-30.1836	-6.49884	252.267	0	
-27.72	-6.77541	254.904	0	
66.0664	-6.49884	236.351	0	
68.53	-6.77541	232.04	0	
150.025	-6.43618	215.677	0	
153.18	-5.49318	210.312	0	
147.57	-7.50219	168.832	0	
142.406	-9.04296	216.232	0	
-113.344	-8.75328	358.541	0	
-118.411	-11.2883	452.164	0	
-114.541	-4.53464	189.076	0	
-111.901	-4.28441	193.151	0	
-17.0944	-8.75328	226.688	0	
-21.2298	-10.3281	363.754	0	
-18.2907	-4.53464	195.116	0	
-15.6508	-4.28441	203.806	0	
79.1556	-8.75328	194.919	0	
75.0202	-10.3281	184.882	0	
77.9593	-4.53464	202.859	0	
80.5992	-4.28441	204.584	0	
-63.1585	-5.8593	264.078	0	
-63.2996	-7.91085	312.81	0	
33.0915	-5.8593	213.772	0	
32.9504	-7.91085	228.127	0	
-205.568	-32.9721	236.568	0	
-158.17	-8.54355	364.559	0	
-42.0494	-4.51844	223.412	0	
-39.5061	-4.39269	207.943	0	
54.2006	-4.51844	239.316	0	
56.7439	-4.39269	235.093	0	
-138.25	-4.60927	192.229	0	
-135.756	-4.39269	204.009	0	
132.732	-9.94285	209.75	0	
140.759	-8.90393	209.224	0	
-131.823	-7.75398	293.123	0	
-88.3496	-9.59591	445.993	0	
-29.7584	-9.79585	411.456	0	
7.90043	-9.59591	188.41	0	
62.7454	-8.27657	237.278	0	
52.3209	-11.1429	113.064	0	
86.5779	-13.8833	212.769	0	
208.99	-5.28426	191.055	0	
-59.5306	-11.2795	400.48	0	
-57.3001	-7.89572	323.241	0	
36.7194	-11.2795	227.095	0	
38.9499	-7.89572	232.255	0	
138.907	-6.71973	204.876	0	
136.37	-8.16582	207.377	0	
138.03	-8.06765	220.967	0	
139.214	-9.60327	199.778	0	
134.987	-10.2845	228.783	0	
161.413	-6.92918	219.632	0	
119.235	-10.2813	247.253	0	
95.7393	-17.4777	280.877	0	
-50.1748	-10.5347	407.109	0	
-46.4132	-10.8834	384.089	0	
46.0752	-10.5347	151.808	0	
49.8368	-10.8834	167.45	0	
-176.012	-1.34606	477.314	0	
-160.335	-6.5477	322.428	0	
-161.831	-10.7403	475.006	0	
-188.999	-19.3034	436.462	0	
158.946	-6.83953	213.782	0	
170.01	-1.12398	334.902	0	
-87.4589	-11.9339	493.216	0	
99.5587	-12.4369	219.914	0	
18.0295	-8.73643	194.506	0	
4.49832	-12.069	184.807	0	
-153.134	-12.2646	506.891	0	
-148.55	-12.2522	470.575	0	
-121.489	-14.4624	628.757	0	
-126.008	-9.79585	425.885	0	
104.932	-18.5916	201.91	0	
112.453	-11.0673	223.101	0	
-91.7517	-12.069	499.98	0	
-71.535	-10.5118	419.209	0	
5.3409	-14.035	222.891	0	
24.715	-10.5118	237.251	0	
-112.45	-6.99449	276.183	0	
-129.168	-15.7527	643.337	0	
-16.1996	-6.99449	257.156	0	
-27.5734	-11.3856	487.14	0	
-144.852	-16.8136	786.502	0	
-124.741	-12.1163	500.981	0	
-37.2846	-13.6039	477.9	0	
-6.7017	-12.0229	234.32	0	
66.4916	-9.79585	231.329	0	
58.9654	-13.6039	74.6729	0	
112.419	-14.9051	155.298	0	
127.849	-11.938	222.221	0	
147.347	-10.4774	209.747	0	
153.266	-9.06305	192.296	0	
-122.779	-11.9203	515.044	0	
-102.474	-8.42323	370.013	0	
-20.7162	-13.563	493.252	0	
-6.22447	-8.42323	163.697	0	
75.5338	-13.563	228.431	0	
90.0255	-8.42323	182.36	0	
68.6766	-11.3856	126.527	0	
136.037	-12.2238	190.504	0	
-61.6144	-11.5018	411.86	0	
-55.5379	-10.963	390.534	0	
34.6356	-11.5018	211.751	0	
40.7121	-10.963	198.184	0	
128.852	-14.5637	194.805	0	
235.957	-15.9774	122.105	0	
-178.777	-2.9619	498.508	0	
-162.755	-6.23594	304.32	0	
-156.495	-11.7116	471.587	0	
-221.912	-14.5162	198.316	0	
-169.141	-4.00209	393.361	0	
-167.19	-4.8303	408.231	0	
164.287	-4.15658	245.414	0	
166.707	-4.43785	305.662	0	
155.354	-8.54876	193.512	0	
132.793	-16.0264	178.363	0	
-53.4549	-12.1835	419.199	0	
-9.67296	-13.8421	211.273	0	
42.7951	-12.1835	134.868	0	
33.1604	-13.2995	209.639	0	
-53.1756	-15.7705	381.556	0	
-138.938	-7.6289	286.717	0	
-134.594	-10.3937	457.623	0	
-155.484	-17.2341	681.788	0	
-127.52	-14.6602	655.069	0	
-47.7993	-19.2086	211.1	0	
-31.0758	-17.4153	580.358	0	
48.4507	-19.2086	63.423	0	
65.1742	-17.4153	44.9612	0	
131.221	-14.31	205.048	0	
153.572	-16.0839	187.387	0	
-157.266	-14.2011	611.626	0	
43.0744	-15.7705	135.467	0	
11.0506	-11.9005	189.439	0	
89.5492	-12.064	219.806	0	
125.528	-11.6848	200.841	0	
119.86	-13.8177	162.562	0	
-167.135	-7.23969	429.143	0	
-192.539	-4.26558	383.654	0	
-133.857	-13.0595	584.998	0	
-129.198	-9.41262	389.61	0	
-228.19	-24.6897	166.196	0	
-128.413	-13.1119	527.977	0	
-132.411	-9.49708	364.651	0	
-132.552	-6.10622	214.947	0	
-166.307	-13.5038	591.88	0	
-108.605	-11.4398	489.032	0	
-130.943	-10.541	388.325	0	
-129.662	-7.54154	267.382	0	
-131.112	-14.0765	565.853	0	
-127.757	-10.8627	430.714	0	
-135.282	-19.8734	900.069	0	
-102.952	-12.0229	510.953	0	
-130.381	-12.4546	545.196	0	
-128.544	-17.3008	868.115	0	
-148.258	-15.1857	673.557	0	
-3.6662	-13.8175	138.891	0	
-125.443	-18.0933	858.46	0	
-125.597	-14.7313	647.92	0	
-62.6835	-17.1843	465.033	0	
-85.1994	-11.9005	522.653	0	
-124.144	-16.6164	754.548	0	
-121.999	-16.5434	767.908	0	
-91.6409	-16.373	693.259	0	
-70.7541	-13.472	501.832	0	
4.6091	-16.373	163.858	0	
25.4959	-13.472	202.494	0	
-110.152	-7.25958	257.091	0	
-116.205	-10.7321	455.581	0	
-13.9017	-7.25958	185.247	0	
-12.3545	-11.4398	227.126	0	
82.3483	-7.25958	189.569	0	
83.8955	-11.4398	209.738	0	
-83.8414	-14.5362	601.424	0	
-76.2546	-10.6507	435.484	0	
12.4086	-14.5362	201.551	0	
19.9954	-10.6507	226.697	0	
-97.6578	-11.3921	495.691	0	
-90.4292	-10.045	397.991	0	
-1.40778	-11.3921	249.614	0	
5.82085	-10.045	217.486	0	
-111.605	-11.7939	469.448	0	
-108.046	-8.66433	384.127	0	
-15.3552	-11.7939	311.37	0	
-11.7958	-8.66433	223.953	0	
80.8948	-11.7939	237.277	0	
84.4542	-8.66433	204.36	0	
-57.7296	-12.6391	423.308	0	
-56.3189	-16.133	392.986	0	
38.5204	-12.6391	163.263	0	
39.9311	-16.133	129.635	0	
-173.564	-2.47004	484.845	0	
-165.151	-8.11045	426.284	0	
157.521	-9.12614	205.767	0	
160.271	-11.5138	225.216	0	
-36.2393	-7.66183	299.038	0	
-40.908	-14.645	358.981	0	
60.0107	-7.66183	203.952	0	
55.342	-14.645	75.1977	0	
92.8124	-13.4707	178.143	0	
138.603	-11.6407	208.658	0	
-114.482	-16.5569	825.141	0	
-119.297	-14.1357	663.023	0	
-106.853	-18.8267	862.423	0	
-90.9091	-14.035	619.862	0	
-63.0896	-13.2995	470.506	0	
-81.2221	-13.5164	581.497	0	
-119.75	-18.497	869.81	0	
-105.923	-13.8421	700.027	0	
-99.9162	-13.8175	655.407	0	
-124.617	-21.7604	958.811	0	
15.0279	-13.5164	187.503	0	
33.5665	-17.1843	162.463	0	
-177.258	-5.78191	498.807	0	
-175.551	-13.7225	598.399	0	
-170.014	-8.10752	495.95	0	
-170.068	-11.6224	548.946	0	
123.346	-14.3333	212.589	0	
130.766	-41.4755	215.815	0	
-117.966	-16.82	741.435	0	
-113.607	-13.3165	606.227	0	
-93.8748	-11.0032	480.323	0	
-93.6138	-16.0889	705.247	0	
2.37524	-11.0032	233.931	0	
2.63623	-16.0889	250.975	0	
-136.481	-15.5337	762.742	0	
46.237	-15.9763	42.7718	0	
-50.013	-15.9763	519.156	0	
-33.8137	-14.565	569.618	0	
-118.828	-25.8063	1107.31	0	
62.4363	-14.565	137.82	0	
-89.2433	-18.71	792.594	0	
-88.6959	-14.349	638.335	0	
7.00668	-18.71	209.254	0	
7.55411	-14.349	186.872	0	
-158.473	-25.925	909.417	0	
-57.5305	-27.6829	498.093	0	
-87.3706	-17.1144	689.121	0	
-82.1404	-18.8236	714.387	0	
-17.0729	-14.4419	370.189	0	
125.77	-16.4577	194.499	0	
8.87942	-17.1144	180.28	0	
14.1096	-18.8236	176.42	0	
218.789	-9.67962	172.03	0	
183.637	-7.09149	326.768	0	
135.243	-14.7675	187.651	0	
140.335	-13.8884	161.856	0	
-181.714	-1.61583	455.221	0	
-173.773	-5.29005	467.637	0	
163.087	-10.0309	250.835	0	
180.465	-1.61583	347.576	0	
-76.9341	-14.5113	578.012	0	
-67.81	-14.1067	503.893	0	
19.3159	-14.5113	190.618	0	
28.44	-14.1067	223.126	0	
-162.174	-17.4716	683.712	0	
-121.07	-22.2371	997.997	0	
-58.6684	-18.9989	490.031	0	
0.81144	-18.779	154.288	0	
37.5816	-18.9989	79.2731	0	
107.856	-15.3565	195.948	0	
138.207	-15.8819	178.639	0	
143.531	-14.1381	199.592	0	
99.901	-16.4959	167.622	0	
79.1771	-14.4419	184.893	0	
-111.48	-20.2273	981.106	0	
-99.0883	-17.8006	782.82	0	
-27.2006	-15.1171	620.105	0	
-2.83826	-17.8006	266.86	0	
69.0494	-15.1171	158.24	0	
46.6928	-24.0743	12.9977	0	
-166.112	-27.3981	765.961	0	
-68.8837	-22.4837	513.821	0	
-81.3835	-22.9609	779.569	0	
-67.2534	-16.8341	519.853	0	
14.8665	-22.9609	182.679	0	
28.9966	-16.8341	179.169	0	
125.531	-19.801	138.954	0	
145.65	-18.2045	153.382	0	
136.74	-19.4185	167.337	0	
140.986	-21.4915	171.347	0	
-74.1374	-16.0301	599.205	0	
-64.6977	-18.8508	513.176	0	
22.1126	-16.0301	207.082	0	
31.5523	-18.8508	160.34	0	
-95.4386	-18.779	849.174	0	
2.52004	-23.669	260.692	0	
27.3663	-22.4837	167.664	0	
30.7731	-22.4901	125.499	0	
-84.7755	-17.335	691.165	0	
-79.7054	-15.7809	609.058	0	
11.4745	-17.335	193.843	0	
16.5446	-15.7809	211.023	0	
218.255	-34.6155	172.776	0	
132.745	-19.8694	150.411	0	
-152.736	-16.2622	663.657	0	
-150.381	-17.763	741.258	0	
-144.708	-21.2594	875.132	0	
-141.325	-14.5407	619.707	0	
-62.9905	-26.6887	267.315	0	
-11.2357	-19.2992	302.909	0	
33.2595	-26.6887	133.176	0	
116.277	-16.8153	223.729	0	
-128.495	-23.6616	1062.32	0	
19.247	-23.4473	156.102	0	
-188.557	-1.93891	394.484	0	
-196.769	-2.32667	313.857	0	
172.064	-6.00496	341.376	0	
174.369	-7.9727	363.375	0	
197.421	-9.75588	253.623	0	
191.289	-4.26558	300.729	0	
80.6149	-19.5449	268.491	0	
38.7195	-27.6829	29.1459	0	
-73.6736	-19.0863	617.944	0	
-69.7337	-19.2556	605.028	0	
22.5764	-19.0863	182.446	0	
26.5163	-19.2556	171.62	0	
122.174	-26.556	141.609	0	
124.937	-40.2492	207.924	0	
-148.731	-22.1193	927.639	0	
-130.945	-20.0681	916.797	0	
-89.5076	-23.3158	875.594	0	
-77.003	-23.4473	739.857	0	
-71.1732	-25.5223	637.819	0	
-65.4769	-22.4901	590.064	0	
-169.77	-21.2264	728.161	0	
-64.5794	-30.6463	547.807	0	
-139.982	-23.3262	1038.64	0	
-137.645	-30.9202	1122.96	0	
-75.3526	-26.6553	616.068	0	
25.0768	-25.5223	140.162	0	
-31.4696	-23.2096	739.499	0	
73.7048	-20.502	125.339	0	
-23.6801	-16.4504	528.021	0	
-15.6351	-19.5449	435.131	0	
72.5699	-16.4504	108.28	0	
85.0151	-19.3404	217.674	0	
129.698	-22.0559	157.081	0	
117.076	-20.985	138.715	0	
-103.053	-20.9905	972.81	0	
-93.73	-23.669	917.925	0	
-49.5572	-24.0743	487.868	0	
6.74241	-23.3158	152.756	0	
-184.618	-8.98987	454.701	0	
-185.032	-3.55475	489.242	0	
-206.623	-2.79194	239.304	0	
-179.781	-9.87097	523.193	0	
180.177	-8.24429	363.385	0	
187.785	-10.442	338.766	0	
170.878	-14.4791	331.308	0	
159.464	-15.8639	233.421	0	
-85.4635	-32.3384	864.064	0	
20.8974	-26.6553	179.524	0	
-7.43655	-21.463	196.38	0	
90.9132	-21.5281	192.88	0	
-85.5482	-26.5803	887.157	0	
-18.107	-29.5111	610.885	0	
10.7018	-26.5803	178.073	0	
111.968	-28.0025	218.176	0	
-18.1435	-22.7175	483.725	0	
-22.5452	-20.502	618.959	0	
78.1065	-22.7175	102.07	0	
64.7804	-23.2096	33.2778	0	
34.1156	-37.3795	147.737	0	
121.506	-22.1434	170.894	0	
-24.1065	-30.9545	622.873	0	
-6.83217	-26.5477	370.086	0	
-130.495	-31.0609	1104.41	0	
174.884	-12.8846	357.113	0	
178.79	-12.8864	350.119	0	
-76.4692	-32.4504	633.243	0	
-69.3552	-29.4863	443.363	0	
-145.697	-34.3804	1154.27	0	
-152.057	-27.6463	981.423	0	
19.7808	-32.4504	157.846	0	
26.8948	-29.4863	153.384	0	
1.24121	-36.2378	383.89	0	
13.9656	-32.8618	277.551	0	
184.118	-14.761	313.132	0	
227.701	-6.85826	198.572	0	
133.014	-34.6533	198.121	0	
-106.794	-33.2356	1102.26	0	
31.6706	-30.6463	93.1496	0	
-72.173	-34.0637	545.98	0	
-67.7476	-39.8274	582.715	0	
-22.5359	-47.4922	649.011	0	
127.182	-26.4913	157.961	0	
24.077	-34.0637	164.194	0	
28.5024	-39.8274	162.476	0	
-113.39	-24.9987	1028.23	0	
-108.048	-28.3672	1120.65	0	
106.947	-24.7538	186.468	0	
92.4297	-27.5266	313.426	0	
-218.447	-3.35033	192.881	0	
-175.995	-19.4449	582.989	0	
191.912	-9.23189	274.988	0	
201.219	-12.4705	214.016	0	
54.1181	-18.9378	18.6777	0	
69.7905	-24.963	71.2366	0	
-42.1319	-18.9378	533.177	0	
-26.4595	-24.963	590.645	0	
-192.319	-8.83173	369.54	0	
-201.547	-5.11861	313.672	0	
72.1435	-30.9545	40.5209	0	
128.068	-30.7205	171.287	0	
42.4557	-33.5404	87.3003	0	
78.143	-29.5111	140.999	0	
-62.1344	-37.3795	294.469	0	
-0.525287	-27.7753	224.623	0	
84.4836	-32.7829	109.393	0	
208.989	-20.8084	186.987	0	
-28.0097	-38.1045	656.03	0	
123.686	-35.5846	201.497	0	
-53.7943	-33.5404	204.368	0	
-35.3322	-36.6738	641.689	0	
100.921	-29.485	262.192	0	
161.838	-60.3262	220.524	0	
118.807	-29.1208	184.869	0	
116.094	-38.0682	225.227	0	
115.315	-25.5586	161.411	0	
112.121	-35.7127	202.172	0	
60.9178	-36.6738	10.5009	0	
119.433	-33.9202	188.644	0	
120.859	-47.2293	215.042	0	
-183.583	-23.2797	556.459	0	
-95.5796	-32.8724	1017.44	0	
-114.065	-35.7792	1200.11	0	
68.2403	-38.1045	57.5603	0	
32.7098	-63.156	267.755	0	
9.60751	-38.8404	221.535	0	
-225.327	-7.3709	176.051	0	
-187.923	-11.9402	422.166	0	
170.297	-36.5037	294.565	0	
163.474	-19.8544	280.047	0	
-196.34	-11.9773	348.931	0	
-194.679	-18.9528	338.685	0	
73.7994	-47.6214	92.516	0	
207.712	-10.3255	203.745	0	
204.86	-2.4629	215.132	0	
-212.356	-6.14227	222.694	0	
129.252	-50.7796	223.282	0	
133.997	-47.3484	227.037	0	
213.211	-14.7209	198.986	0	
215.594	-2.82136	192.168	0	
-220.733	-37.1938	233.593	0	
103.164	-47.8011	181.592	0	
189.04	-35.7251	271.997	0	
199.849	-18.9164	237.626	0	
169.619	-18.8059	322.776	0	
139.422	-30.3106	196.974	0	
-55.5317	-23.7287	198.886	0	
-37.3685	-24.4061	443.12	0	
-56.8093	-39.2794	581.015	0	
-45.742	-28.3975	301.361	0	
-52.3145	-47.6453	465.794	0	
-39.2206	-29.0001	636.837	0	
-47.9803	-33.9094	595.812	0	
-43.191	-47.72	726.724	0	
40.7183	-23.7287	102.605	0	
58.8815	-24.4061	29.0276	0	
39.4407	-39.2794	36.4845	0	
50.508	-28.3975	37.6913	0	
43.9355	-47.6453	102.667	0	
57.0294	-29.0001	10.1721	0	
48.2697	-33.9094	6.25505	0	
53.059	-47.72	5.01083	0	
146.739	-35.2634	243.557	0	
141.083	-48.4033	241.045	0	
-171.12	-37.8728	776.048	0	
-73.0349	-48.8114	799.825	0	
-12.6794	-31.8279	398.885	0	
-7.11451	-38.7862	556.739	0	
-126.706	-35.6751	1180.85	0	
-120.757	-31.7185	1123.6	0	
-116.584	-45.0329	1155.29	0	
-102.338	-25.7597	1007.05	0	
-126.333	-45.697	1166.16	0	
-90.3084	-40.7522	971.221	0	
-232.636	-4.02057	184.538	0	
-213.24	-13.2876	201.878	0	
-83.0809	-48.9441	831.742	0	
112.882	-53.996	222.692	0	
-41.8717	-39.7232	529.802	0	
-36.3206	-55.0703	610.795	0	
-51.4248	-68.4389	698.413	0	
9.79367	-57.9625	473.568	0	
54.3783	-39.7232	38.5141	0	
92.7142	-53.006	204.314	0	
154.638	-31.4481	260.992	0	
162.265	-25.6367	292.101	0	
146.844	-43.5002	236.862	0	
174.146	-25.0927	317.593	0	
-10.5586	-47.7958	673.19	0	
26.2122	-47.5873	226.594	0	
-99.9985	-36.0407	1089.09	0	
-96.6648	-27.4598	1023.37	0	
-98.8599	-43.4908	1095.52	0	
-80.4857	-35.5349	819.438	0	
-163.404	-50.9608	933.64	0	
-107.716	-63.4503	1094.82	0	
-90.5028	-35.2672	974.508	0	
-94.2465	-45.8076	1016.68	0	
155.531	-25.6086	242.088	0	
162.53	-38.6767	275.321	0	
145.406	-55.4476	225.402	0	
154.317	-46.2331	251.7	0	
-213.385	-66.8866	279.884	0	
-68.9458	-57.4799	713.195	0	
-90.1982	-53.4761	1033.94	0	
-83.9074	-41.2679	914.801	0	
162.103	-45.2249	260.872	0	
179.505	-41.8783	241.082	0	
-26.1557	-55.5594	686.826	0	
139.16	-65.0425	181.619	0	
197.836	-37.8736	210.388	0	
182.569	-22.1973	323.658	0	
84.0431	-43.7432	128.57	0	
105.034	-36.7207	280.819	0	
152.77	-54.4151	231.725	0	
130.092	-61.4294	203.057	0	
118.312	-65.1624	238.888	0	
75.0509	-68.8235	143.46	0	
146.414	-81.4576	155.813	0	
-56.4852	-56.245	783.748	0	
36.3201	-53.5053	180.544	0	
64.865	-77.0726	121.48	0	
112.416	-78.8413	138.065	0	
59.9585	-55.1042	91.2918	0	
70.2087	-55.7224	29.2769	0	
190.375	-24.8482	257.224	0	
208.311	-28.8887	205.362	0	
178.328	-52.8869	213.634	0	
191.284	-60.8463	182.531	0	
-88.1029	-75.4263	1048.13	0	
201.257	-51.9863	176.36	0	
232.766	-30.613	211.249	0	
-94.3526	-64.6703	1099.68	0	
-21.2176	-68.4889	757.263	0	
-136.235	-54.5345	1204.45	0	
-75.0762	-70.6121	904.694	0	
-135.57	-69.1305	931.106	0	
17.1658	-67.2349	448.656	0	
-40.3839	-67.1895	794.862	0	
-31.1675	-76.4316	688.744	0	
-40.0545	-114.942	704.253	0	
12.3999	-80.9419	598.521	0	
-62.4004	-77.8089	913.928	0	
87.3127	-69.9851	96.347	0	
42.2377	-72.0126	311.503	0	
55.7444	-67.659	93.1655	0	
40.1802	-103.505	561.055	0	
95.4064	-81.6752	228.713	0	
28.0081	-85.7304	404.449	0	
122.096	-92.0535	197.47	0	
161.728	-77.7738	103.449	0	
-193.993	-43.518	354.691	0	
15.2296	-47.9657	356.533	0	
-2.66107	-58.4408	666.149	0	
-9.7003	-71.0667	717.338	0	
-2.01149	-84.2955	712.925	0	
-119.078	-74.1502	1097.05	0	
-32.1741	-91.5468	827.37	0	
-46.1975	-98.0428	819.948	0	
174.139	-96.1654	125.975	0	
-93.5477	-95.5998	812.361	0	
177.439	-132.495	11.8216	0	
-14.5355	-96.8328	641.376	0	
214.807	-50.7788	187.75	0	
227.722	-62.6715	179.842	0	
-226.174	-52.2763	163.212	0	
140.1	-95.1239	133.227	0	
65.7718	-108.2	156.836	0	
71.1759	-93.9508	305.303	0	
-196.369	-62.35	187.244	0	
-111.16	-95.5437	896.623	0	
-0.0955761	-124.944	471.028	0	
140.341	-120.541	101.958	0	
149.26	-111.77	88.2197	0	
224.915	-82.6931	42.5167	0	
-149.645	-83.0905	815.202	0	
-181.387	-78.8859	368.34	0	
-223.27	-87.3322	51.9695	0	
206.301	-97.3985	125.594	0	
-122.3	-109.469	664.585	0	
89.4554	-97.3917	160.461	0	
115.761	-106.486	142.657	0	
94.5914	-125.39	178.86	0	
100.129	-108.99	248.852	0	
-212.53	-108.31	213.8	0	
-187.663	-104.4	74.6482	0	
-61.1884	-90.7965	752.418	0	
-17.3938	-112.921	940.635	0	
118.793	-131.494	130.177	0	
78.5133	-128.04	274.838	0	
145.868	-135.276	90.0746	0	
29.3462	-123.276	494.125	0	
-50.7969	-127.592	804.671	0	
124.844	-118.328	159.974	0	
104.171	-136.052	235.932	0	
164.24	-142.504	82.4984	0	
167.986	-116.495	74.9871	0	
100.66	-156.977	153.345	0	
131.518	-141.125	140.148	0	
68.4008	-148.446	508.517	0	
208.027	-119.4	5.93869	0	
190.911	-84.7228	63.4456	0	
-79.309	-103.773	1020.05	0	
-75.0605	-123.67	458.248	0	
-150.767	-144.01	383.439	0	
-166.751	-116.842	538.479	0	
-117.627	-141.298	703.588	0	
196.992	-135.207	41.4809	0	
-237.04	-135.177	7.16608	0	
210.321	-157.735	26.3134	0	
231.512	-122.086	100.876	0	
233.724	-149.676	1.89793	0	
-94.1678	-149.074	849.888	0	
44.8253	-148.377	592.453	0	
