# File: UnstructuredGrid_Inversion_L0_Coarse_Iter02.dat
# (No specific header documentation)

-161.25	-0.496475	141.36	0	
-159.375	-0.668155	277.39	0	
-65.625	-0.431516	187.06	0	
30.625	-0.431516	232.286	0	
-144.294	-102.036	194.672	0	
126.875	-0.668155	158.42	0	
31.875	-0.668155	275.951	0	
-165.826	-72.3824	380.986	0	
-64.375	-0.668155	233.482	0	
-120.32	-2.91409	195.793	0	
-147.888	-47.073	1128.14	0	
-143.958	-2.01633	226.258	0	
-158.741	-19.8395	710.638	0	
-159.808	-14.2913	460.078	0	
-115.104	-1.86538	181.15	0	
-108.175	-49.9394	1252.19	0	
-66.354	-1.86538	193.952	0	
-138.854	-1.86538	227.423	0	
-156.794	-6.05848	239.959	0	
-148.75	-1.09967	225.463	0	
-145.208	-2.72654	220.303	0	
-146.458	-2.01633	231.704	0	
-125.881	-3.06027	215.099	0	
-154.094	-4.85908	234.161	0	
-157.708	-2.01633	259.68	0	
-151.071	-10.8319	321.453	0	
-154.792	-2.72654	233.28	0	
-158.77	-3.86216	226.428	0	
125.625	-0.431516	182.897	0	
-24.0702	-2.91409	231.764	0	
-157.76	-5.35468	242.138	0	
-46.4583	-2.01633	210.902	0	
-157.292	-2.72654	227.667	0	
-160.13	-11.9534	362.494	0	
-18.854	-1.86538	275.314	0	
-151.295	-2.8545	233.855	0	
29.896	-1.86538	219.246	0	
-42.604	-1.86538	220.759	0	
-169.22	-2.04966	351.035	0	
-53.75	-1.09967	221.881	0	
-165.6	-1.76839	289.754	0	
-167.3	-0.925681	298.321	0	
-62.2917	-2.72654	210.008	0	
-171.389	-5.89642	404.444	0	
-61.0417	-3.47328	215.129	0	
-164.269	-10.8597	420.395	0	
-59.7917	-2.72654	210.304	0	
-68.125	-0.36089	183.438	0	
-65.5207	-2.1669	209.49	0	
-87.5	-1.09967	172.439	0	
-158.125	-0.431516	257.999	0	
-156.875	-0.668155	329.745	0	
-80.5207	-2.1669	195.669	0	
-157.5	-1.09967	183.996	0	
-70.625	-0.431516	187.592	0	
79.375	-0.668155	248.839	0	
-154.375	-0.668155	324.24	0	
55.625	-0.668155	209.384	0	
-153.125	-0.431516	302.204	0	
-150.625	-0.366631	300.515	0	
38.5417	-2.01633	215.299	0	
-153.75	-1.09967	247.729	0	
49.7917	-2.01633	210.068	0	
-155.625	-0.431516	291.727	0	
72.1798	-2.91409	208.93	0	
-162.583	-1.33918	198.278	0	
-60	-1.09967	177.332	0	
-149.375	-0.431516	275.056	0	
-155	-1.09967	195.065	0	
31.0415	-5.36053	206.894	0	
-148.125	-0.668155	312.362	0	
31.0341	-3.06466	205.375	0	
-146.875	-0.431516	273.646	0	
-147.5	-1.09967	179.286	0	
36.875	-0.668155	265.26	0	
32.7083	-2.01633	228.319	0	
-144.375	-0.431516	251.934	0	
28.125	-0.36089	235.807	0	
-137.5	-1.09967	238.842	0	
-139.375	-0.366631	202.85	0	
25.625	-0.431516	239.789	0	
-143.125	-0.668155	291.198	0	
33.75	-1.09967	212.265	0	
-143.75	-1.09967	220.505	0	
34.375	-0.668155	272.265	0	
8.75	-1.09967	219.778	0	
-136.875	-0.668155	192.766	0	
183.782	-3.55475	342.516	0	
-135.625	-0.431516	252.341	0	
-135	-0.798148	197.973	0	
135.922	-2.00504	207.676	0	
-136.25	-1.09967	226.005	0	
149.65	-2.73747	248.431	0	
131.936	-4.3008	238.282	0	
-131.25	-0.798148	205.095	0	
129.003	-2.80091	200.64	0	
-122.604	-1.86538	187.7	0	
-128.75	-1.09967	213.488	0	
129.375	-0.668155	156.052	0	
-130.625	-0.431516	222.538	0	
133.125	-0.668155	213.99	0	
-130	-1.09967	227.7	0	
141.875	-0.668155	195.2	0	
-138.125	-0.431516	243.737	0	
15.7293	-2.1669	222.723	0	
128.75	-1.09967	199.378	0	
-121.25	-1.09967	179.273	0	
120.625	-0.431516	169.018	0	
-121.875	-0.431516	171.253	0	
-120.625	-0.668155	200.781	0	
110.744	-2.06993	193.488	0	
-123.125	-0.366631	203.152	0	
123.125	-0.36089	174.582	0	
-116.875	-0.36089	167.834	0	
-120	-1.09967	181.289	0	
-133.661	-2.93321	222.882	0	
-115.625	-0.366631	180.554	0	
-114.375	-0.431516	167.8	0	
-127.5	-0.798148	198.796	0	
-113.75	-1.09967	176.842	0	
-119.375	-0.431516	171.204	0	
-115	-0.798148	199.595	0	
100.625	-0.431516	175.835	0	
-93.125	-0.668155	154.229	0	
-112.5	-1.09967	181.418	0	
-103.125	-0.668155	178.397	0	
-111.25	-0.798148	186.02	0	
-103.75	-1.09967	187.938	0	
-114.271	-2.1669	188.153	0	
-111.875	-0.431516	162.551	0	
-110.328	-2.00504	186.312	0	
-111.994	-2.06993	190.469	0	
-108.125	-0.431516	171.563	0	
-141.875	-0.431516	233.999	0	
-104.375	-0.431516	177.329	0	
-95.104	-1.86538	176.083	0	
-142.5	-1.09967	196.208	0	
-105.625	-0.366631	175.115	0	
-110.625	-0.366631	170.914	0	
-108.75	-1.09967	189.524	0	
-109.375	-0.668155	168.046	0	
-113.125	-0.668155	182.942	0	
-104.405	-3.52006	179.622	0	
-128.125	-0.431516	226.854	0	
127.708	-2.01633	189.233	0	
-102.5	-1.09967	191.254	0	
43.125	-0.668155	207.868	0	
-129.375	-0.668155	176.333	0	
-101.875	-0.431516	174.303	0	
-133.125	-0.668155	249.355	0	
-99.375	-0.668155	172.434	0	
-101.25	-0.798148	185.492	0	
-90.9973	-2.80091	192.609	0	
-134.375	-0.366631	196.126	0	
-95.625	-0.366631	155.573	0	
-150.089	-1.76841	248.527	0	
-73.854	-1.86538	187.183	0	
-92.5	-1.09967	194.892	0	
-148.968	-2.99641	228.525	0	
-94.375	-0.431516	166.048	0	
-151.875	-0.668155	297.118	0	
-93.75	-1.09967	182.225	0	
-135.744	-2.06993	218.052	0	
-149.256	-2.06993	233.572	0	
-88.75	-0.798148	179.731	0	
-147.292	-2.01633	248.733	0	
-81.354	-1.86538	175.922	0	
-86.25	-1.09967	170.213	0	
-146.25	-1.09967	223.75	0	
-88.125	-0.431516	153.467	0	
-145.625	-0.668155	312.655	0	
-156.042	-2.01633	246.075	0	
-81.875	-0.366631	196.053	0	
-150	-0.798148	217.577	0	
-79.375	-0.668155	206.588	0	
-73.75	-0.798148	201.367	0	
-153.542	-2.01633	250.301	0	
-80.625	-0.431516	165.4	0	
-155.208	-2.01633	264.871	0	
-85.625	-0.431516	159.843	0	
-156.25	-1.09967	243.66	0	
-91.875	-0.431516	164.396	0	
-138.75	-0.798148	220.285	0	
-158.75	-1.09967	230.029	0	
-72.5	-1.09967	177.356	0	
-20.625	-0.36089	289.882	0	
-73.125	-0.431516	180.719	0	
-71.875	-0.668155	222.956	0	
-23.125	-0.431516	302.741	0	
-74.375	-0.366631	216.32	0	
-158.542	-2.01633	223.848	0	
-31.25	-0.798148	240.014	0	
-71.25	-1.09967	178.136	0	
3.125	-0.668155	259.084	0	
-66.875	-0.366631	225.744	0	
30.7293	-2.1669	214.936	0	
-14.0777	-2.00504	243.465	0	
-65	-1.09967	180.627	0	
-8.15454	-3.52006	236.179	0	
-66.25	-0.798148	208.723	0	
-37.4111	-2.93321	197.994	0	
-18.0207	-2.1669	243.751	0	
-63.125	-0.431516	193.305	0	
-15.7444	-2.06993	239.073	0	
-60.625	-0.431516	195.594	0	
-59.375	-0.668155	240.79	0	
-14.375	-0.366631	315.284	0	
-61.875	-0.668155	235.843	0	
-13.125	-0.668155	331.749	0	
-46.875	-0.431516	230.781	0	
-58.125	-0.431516	195.702	0	
-33.125	-0.668155	213.166	0	
-54.375	-0.431516	238.31	0	
-53.125	-0.668155	173.261	0	
-41.7707	-2.1669	217.05	0	
-55.625	-0.366631	187.531	0	
-41.4106	-3.16569	202.614	0	
-58.75	-1.09967	182.43	0	
-44.375	-0.36089	233.876	0	
-62.5	-1.09967	179.1	0	
-6.875	-0.668155	256.82	0	
-78.75	-1.09967	170.354	0	
-152.5	-1.09967	209.084	0	
-39.4944	-2.06993	213.095	0	
-51.875	-0.431516	221.079	0	
-56.875	-0.668155	246.064	0	
-49.375	-0.431516	220.715	0	
-48.125	-0.668155	168.649	0	
-55.0889	-1.76841	203.783	0	
-48.75	-1.09967	228.284	0	
-38.125	-0.366631	222.852	0	
-42.5	-0.798148	201.863	0	
-41.25	-1.09967	241.099	0	
-50.625	-0.668155	170.695	0	
-41.875	-0.431516	270.163	0	
-40.625	-0.668155	186.156	0	
-52.2917	-2.01633	206.118	0	
-43.125	-0.366631	180.333	0	
-54.2556	-2.06993	208.161	0	
-47.5	-1.09967	229.26	0	
-53.9679	-2.99641	206.235	0	
-61.25	-1.09967	181.602	0	
-39.375	-0.431516	272.713	0	
-62.7083	-2.01633	207.949	0	
-33.75	-1.09967	243.518	0	
-35	-0.798148	191.514	0	
-55	-0.798148	190.667	0	
-38.75	-0.798148	225.035	0	
-61.0417	-2.01633	205.721	0	
-57.5	-1.09967	170.167	0	
-26.354	-1.86538	248.15	0	
-63.5417	-2.01633	205.007	0	
-31.875	-0.431516	302.296	0	
-25	-1.09967	186.033	0	
-69.375	-0.668155	226.821	0	
-32.5	-1.09967	252.301	0	
-63.75	-1.09967	179.263	0	
-34.375	-0.431516	318.087	0	
-58.5417	-2.01633	203.819	0	
-40	-1.09967	253.361	0	
-51.25	-1.09967	225.288	0	
-73.0207	-2.1669	203.524	0	
-25.625	-0.431516	291.623	0	
-71.0417	-2.01633	196.738	0	
-18.75	-0.798148	279.069	0	
-23.75	-1.09967	232.039	0	
-70	-1.09967	178.413	0	
-24.375	-0.668155	366.167	0	
-67.5054	-1.48403	196.384	0	
-78.125	-0.431516	175.4	0	
-19.375	-0.366631	364.653	0	
-80	-1.09967	169.002	0	
-16.875	-0.668155	359.428	0	
-16.25	-1.09967	227.034	0	
93.5212	-2.84299	207.857	0	
-18.125	-0.431516	327.228	0	
-91.4583	-2.01633	181.235	0	
-17.5	-1.09967	209.64	0	
-75.625	-0.36089	173.323	0	
82.5446	-2.8545	218.416	0	
-15	-0.798148	203.926	0	
101.503	-2.80091	207.074	0	
-12.5	-1.09967	181.723	0	
-11.875	-0.431516	307.845	0	
83.125	-0.668155	198.538	0	
-7.5	-1.09967	249.359	0	
89.375	-0.668155	245.3	0	
81.875	-0.366631	231.747	0	
-8.125	-0.431516	302.228	0	
73.125	-0.431516	220.493	0	
-6.25	-1.09967	250.972	0	
-5.625	-0.431516	286.581	0	
66.6193	-3.06027	218.187	0	
1.14595	-1.86538	240.657	0	
75.625	-0.36089	215.035	0	
-9.375	-0.366631	288.707	0	
80.5056	-2.06993	220.881	0	
-15.625	-0.431516	325.341	0	
99.375	-0.668155	203.971	0	
-26.875	-0.366631	354.087	0	
-67.5	-0.727521	208.141	0	
-52.5	-1.09967	223.673	0	
-36.875	-0.668155	315.144	0	
-137.661	-3.16569	228.185	0	
-5	-0.798148	197.3	0	
-3.125	-0.668155	280.067	0	
63.125	-0.668155	215.734	0	
2.5	-1.09967	209.965	0	
0.625	-0.366631	274.103	0	
58.4223	-2.00504	216.306	0	
59.375	-0.668155	238.724	0	
1.875	-0.431516	273.88	0	
58.125	-0.366631	213.865	0	
3.75	-1.09967	241.603	0	
4.375	-0.431516	276.764	0	
51.875	-0.36089	221.608	0	
22.396	-1.86538	222.929	0	
56.7556	-2.06993	212.334	0	
7.5	-0.798148	213.919	0	
65.9223	-2.00504	213.654	0	
42.2821	-2.99641	212.981	0	
8.125	-0.431516	238.857	0	
41.9944	-2.06993	215.604	0	
10	-1.09967	188.229	0	
10.625	-0.431516	254.133	0	
45.625	-0.668155	196.259	0	
14.896	-1.86538	230.196	0	
53.75	-0.798148	215.717	0	
45	-1.09967	212.678	0	
15.625	-0.431516	243.16	0	
41.1611	-1.76841	216.479	0	
22.5	-0.798148	214.365	0	
17.5	-1.09967	184.208	0	
33.5417	-2.01633	215.886	0	
16.875	-0.668155	283.712	0	
39.375	-0.668155	254.758	0	
14.375	-0.366631	280.19	0	
43.9583	-2.01633	213.664	0	
23.75	-1.09967	201.594	0	
49.375	-0.431516	218.619	0	
37.7083	-2.01633	227.984	0	
21.875	-0.366631	268.535	0	
35	-1.09967	182.073	0	
24.375	-0.668155	275.138	0	
30	-0.798148	210.904	0	
35.2083	-2.01633	230.744	0	
23.125	-0.431516	236.556	0	
38.75	-1.09967	208.772	0	
28.7446	-1.48403	229.731	0	
31.25	-1.09967	195.454	0	
28.75	-0.727521	252.738	0	
125.729	-2.1669	192.604	0	
32.5	-1.09967	174.587	0	
25.2083	-2.01633	227.633	0	
29.375	-0.366631	268.966	0	
23.2293	-2.1669	217.537	0	
25	-1.09967	181.924	0	
26.875	-0.668155	270.511	0	
20.625	-0.36089	237.912	0	
36.25	-1.09967	209.036	0	
4.79167	-2.01633	232.725	0	
42.5	-1.09967	220.412	0	
37.5	-1.09967	182.196	0	
16.25	-1.09967	208.336	0	
35.625	-0.431516	234.584	0	
18.125	-0.431516	242.699	0	
151.875	-0.431516	293.122	0	
40.625	-0.366631	224.281	0	
149.375	-0.431516	258.524	0	
53.646	-1.86538	212.933	0	
43.75	-1.09967	219.474	0	
149.529	-1.8473	248.615	0	
41.875	-0.431516	238.633	0	
144.672	-2.00504	236.8	0	
38.125	-0.431516	228.641	0	
154.375	-0.36089	292.07	0	
33.125	-0.431516	236.445	0	
26.25	-1.09967	217.051	0	
44.375	-0.431516	232.84	0	
41.25	-0.798148	224.35	0	
143.006	-2.06993	219.469	0	
47.5	-1.09967	216.159	0	
138.75	-0.727521	214.36	0	
48.125	-0.668155	193.486	0	
48.75	-1.09967	219.939	0	
136.875	-0.668155	174.57	0	
46.875	-0.431516	223.317	0	
144.375	-0.366631	228.502	0	
140	-0.798148	208.651	0	
53.125	-0.366631	202.435	0	
135.625	-0.366631	222.838	0	
77.396	-1.86538	214.676	0	
56.25	-1.09967	216.389	0	
130.625	-0.366631	187.058	0	
54.375	-0.431516	218.034	0	
134.256	-2.06993	195.485	0	
55	-1.09967	206.955	0	
136.619	-3.06027	205.127	0	
121.875	-0.668155	159.34	0	
57.5	-0.798148	201.637	0	
61.25	-0.798148	225.986	0	
62.5	-1.09967	215.203	0	
61.875	-0.431516	235.594	0	
118.229	-2.1669	194.156	0	
56.875	-0.431516	235.342	0	
123.745	-1.48403	179.174	0	
120.208	-2.01633	189.608	0	
69.896	-1.86538	214.495	0	
115.625	-0.36089	168.154	0	
64.375	-0.431516	247.555	0	
71.25	-1.09967	193.31	0	
113.125	-0.431516	168.522	0	
63.75	-1.09967	216.956	0	
121.25	-1.09967	192.87	0	
69.375	-0.366631	245.221	0	
123.75	-0.727521	182.188	0	
91.25	-0.798148	218.187	0	
131.161	-1.76841	188.682	0	
106.875	-0.431516	171.693	0	
70.625	-0.431516	218.112	0	
-116.255	-1.48403	179.877	0	
77.5	-0.798148	220.092	0	
72.5	-1.09967	183.707	0	
-121.771	-2.1669	194.687	0	
71.875	-0.668155	254.931	0	
-118.125	-0.668155	194.633	0	
-119.792	-2.01633	197.168	0	
76.875	-0.366631	249.018	0	
-123.75	-0.727521	196.274	0	
124.896	-1.86538	182.267	0	
80	-1.09967	200.518	0	
-125.625	-0.668155	218.357	0	
78.125	-0.431516	209.545	0	
-118.75	-1.09967	178.973	0	
78.75	-1.09967	198.809	0	
-116.25	-0.727521	187.014	0	
-86.875	-0.668155	179.242	0	
81.25	-0.798148	225.987	0	
-90.625	-0.668155	154.382	0	
83.75	-1.09967	227.253	0	
84.375	-0.431516	228.789	0	
-92.2917	-2.01633	181.299	0	
88.75	-1.09967	185.062	0	
-98.9788	-2.84299	185.7	0	
-98.125	-0.431516	169.301	0	
88.125	-0.431516	192.169	0	
-109.955	-2.8545	199.458	0	
90	-1.09967	186.807	0	
90.625	-0.431516	185.864	0	
-95	-0.798148	193.466	0	
97.396	-1.86538	194.524	0	
-98.75	-1.09967	176.477	0	
86.875	-0.366631	234.059	0	
-91.25	-1.09967	182.341	0	
80.625	-0.431516	210.34	0	
-94.2707	-2.1669	183.397	0	
101.042	-2.01633	194.876	0	
145.625	-0.668155	293.427	0	
-100.625	-0.366631	172.224	0	
93.125	-0.668155	178.268	0	
-105.089	-1.76841	185.208	0	
96.875	-0.366631	202.597	0	
98.75	-1.09967	185.583	0	
-106.875	-0.668155	171.132	0	
-105	-0.798148	203.638	0	
117.396	-1.86538	182.852	0	
-107.5	-1.09967	202.134	0	
105	-1.09967	206.493	0	
103.75	-0.798148	186.122	0	
-111.161	-1.76841	180.967	0	
100	-1.09967	188.476	0	
-108.542	-2.01633	191.276	0	
98.125	-0.431516	174.614	0	
-113.909	-3.16789	198.308	0	
-140.625	-0.36089	287.03	0	
111.25	-1.09967	185.654	0	
-134.078	-2.00504	203.251	0	
109.375	-0.366631	171.587	0	
110.625	-0.431516	166.361	0	
-122.5	-0.798148	206.421	0	
106.25	-1.09967	195.098	0	
-140.005	-1.48403	230.098	0	
-126.875	-0.366631	175.715	0	
117.5	-0.798148	198.042	0	
-131.339	-1.76841	202.05	0	
118.75	-1.09967	184.502	0	
116.875	-0.366631	158.428	0	
-134.911	-1.76841	212.456	0	
112.5	-1.09967	194.977	0	
-131.875	-0.366631	192.657	0	
111.875	-0.668155	170.377	0	
-128.244	-2.06993	211.536	0	
104.375	-0.431516	179.638	0	
-110	-1.03479	194.179	0	
-151.25	-1.03479	256.23	0	
119.375	-0.668155	164.474	0	
-139.484	-2.19037	222.079	0	
120	-1.09967	204.537	0	
126.25	-1.09967	186.795	0	
-140	-0.727521	226.922	0	
125	-0.798148	191.532	0	
-150.922	-2.00504	242.986	0	
-144.792	-2.01633	248.019	0	
172.314	-2.47004	395.789	0	
-20.0054	-1.48403	274.26	0	
128.125	-0.431516	176.356	0	
132.5	-1.09967	175.893	0	
-25.5207	-2.1669	246.524	0	
127.5	-1.09967	209.838	0	
-21.875	-0.668155	355.209	0	
124.375	-0.366631	150.807	0	
-145	-1.09967	178.24	0	
-23.5417	-2.01633	231.593	0	
131.875	-0.431516	164.036	0	
-27.5	-0.727521	218.226	0	
133.75	-1.09967	184.084	0	
134.375	-0.431516	166.756	0	
-29.375	-0.668155	340.594	0	
139.896	-1.86538	219.044	0	
-22.5	-1.09967	161.028	0	
9.375	-0.668155	282.702	0	
141.25	-1.09967	229.18	0	
5.625	-0.668155	243.946	0	
140.625	-0.431516	252.958	0	
156.146	-1.86538	255.611	0	
3.95833	-2.01633	225.676	0	
139.375	-0.366631	181.697	0	
-2.72879	-2.84299	218.717	0	
135	-0.798148	208.851	0	
1.97929	-2.1669	227.555	0	
131.25	-0.798148	195.878	0	
-20	-0.727521	226.513	0	
118.125	-0.431516	175.305	0	
-133.75	-1.03479	191.338	0	
-1.875	-0.431516	256.009	0	
143.125	-0.431516	257.532	0	
-13.7054	-2.8545	224.588	0	
150	-1.09967	208.707	0	
146.25	-1.09967	207.291	0	
1.25	-0.798148	241.075	0	
143.75	-0.798148	228.684	0	
-2.5	-1.09967	209	0	
-4.375	-0.366631	258.612	0	
150.625	-0.668155	311.945	0	
-8.83895	-1.76841	253.078	0	
151.25	-1.09967	235.04	0	
157.5	-1.09967	260.755	0	
-17.6594	-3.16789	209.973	0	
156.25	-0.798148	230.262	0	
-10.625	-0.668155	326.028	0	
148.125	-0.366631	287.034	0	
-5.74439	-2.06993	216.798	0	
-12.2917	-2.01633	255.367	0	
156.875	-0.431516	253.71	0	
-14.9111	-1.76841	255.15	0	
158.958	-1.16463	216.981	0	
160	-0.496475	196.264	0	
-13.75	-1.03479	265.944	0	
158.125	-0.668155	149.248	0	
-11.25	-1.09967	257.153	0	
-43.7554	-1.48403	216.097	0	
159.338	-2.74918	197.689	0	
-26.25	-0.798148	264.592	0	
164.35	-1.76839	326.462	0	
166.05	-0.925681	338.433	0	
-31.9944	-2.06993	214.242	0	
155.521	-4.78762	217.452	0	
-37.8277	-2.00504	232.996	0	
161.333	-1.33918	225.7	0	
-45.625	-0.668155	176.055	0	
155.625	-0.366631	256.424	0	
-8.75	-0.798148	268.113	0	
-35.625	-0.366631	214.398	0	
174.762	-1.34606	373.72	0	
-38.6611	-1.76841	219.641	0	
177.527	-2.9619	369.093	0	
168.496	-7.04709	410.877	0	
-37.5	-1.03479	177.627	0	
166.796	-10.6094	406.564	0	
-35.0889	-1.76841	223.744	0	
-55.9223	-2.00504	202.078	0	
154.805	-6.09945	176.309	0	
-43.75	-0.727521	224.941	0	
119.775	-42.5718	324.29	0	
169.138	-29.3032	389.425	0	
-47.2917	-2.01633	204.794	0	
199.784	-4.78957	228.419	0	
-51.0417	-2.72654	215.248	0	
177.385	-6.05361	375.229	0	
-56.25	-1.03479	178.749	0	
-50	-1.09967	225.935	0	
-68.75	-1.02905	173.971	0	
-66.9845	-2.19037	205.645	0	
-49.7917	-2.01633	206.306	0	
28.7125	-3.24559	207.225	0	
-75.0054	-1.48403	189.281	0	
-79.0702	-2.91409	196.534	0	
-76.875	-0.668155	211.12	0	
-71.5702	-2.91409	202.517	0	
168.693	-54.0604	209.188	0	
-46.25	-1.09967	226.629	0	
167.97	-2.04966	356.675	0	
-30.625	-0.366631	252.916	0	
142.5	-1.09967	250.665	0	
5	-1.09967	198.793	0	
-75	-0.727521	204.501	0	
-101.994	-2.06993	192.927	0	
-78.5417	-2.01633	187.619	0	
65	-0.798148	198.104	0	
-77.5	-1.09967	173.403	0	
-82.5	-0.727521	199.61	0	
-84.375	-0.668155	188.536	0	
98.2293	-2.1669	201.992	0	
105.625	-0.668155	163.794	0	
92.1723	-2.00504	207.03	0	
101.875	-0.668155	196.048	0	
100.208	-2.01633	202.218	0	
101.25	-1.09967	182.746	0	
94.375	-0.431516	214.146	0	
93.75	-1.09967	210.858	0	
88.0955	-3.52006	203.012	0	
97.5	-0.798148	214.389	0	
90.5056	-2.06993	219.499	0	
91.875	-0.366631	213.646	0	
85.625	-0.668155	191.834	0	
87.4111	-1.76841	208.509	0	
82.1723	-2.00504	214.52	0	
87.5	-0.798148	217.051	0	
83.9583	-2.01633	215.917	0	
85	-1.09967	230.331	0	
81.3389	-1.76841	218.404	0	
82.5	-1.03479	232.396	0	
74.375	-0.668155	254.816	0	
76.2446	-1.48403	218.88	0	
70.7293	-2.1669	214.973	0	
76.25	-0.727521	231.87	0	
72.7083	-2.01633	222.361	0	
73.75	-1.09967	203.586	0	
68.75	-0.727521	232.584	0	
66.875	-0.668155	243.292	0	
58.8389	-2.93321	217.601	0	
70	-0.798148	210.938	0	
64.2556	-2.06993	214.064	0	
65.625	-0.366631	210.721	0	
60.625	-0.366631	221.092	0	
61.1611	-1.76841	220.245	0	
57.5889	-1.76841	216.134	0	
58.75	-1.03479	208.316	0	
50.625	-0.668155	190.457	0	
52.4946	-1.48403	215.717	0	
45.2083	-2.72654	216.263	0	
52.5	-0.727521	212.461	0	
48.9583	-2.01633	211.289	0	
50	-1.09967	217.109	0	
46.25	-1.09967	222.936	0	
46.4583	-2.01633	213.355	0	
40	-1.03479	197.511	0	
40.3277	-2.00504	224.601	0	
27.5	-1.02905	206.684	0	
29.2655	-2.19037	219.389	0	
24.6798	-2.91409	202.281	0	
121.042	-2.01633	191.535	0	
19.375	-0.668155	273.76	0	
21.2446	-1.48403	232.628	0	
17.1798	-2.91409	206.762	0	
21.25	-0.727521	255.617	0	
17.7083	-2.01633	233.514	0	
18.75	-1.09967	224.643	0	
13.75	-0.727521	265.3	0	
11.875	-0.668155	284.475	0	
153.125	-0.668155	293.707	0	
154.995	-1.48403	258.591	0	
145.155	-3.05088	221.099	0	
155	-0.727521	231.675	0	
151.458	-2.01633	248.218	0	
152.5	-1.09967	209.077	0	
146.875	-0.431516	242.2	0	
148.696	-1.54577	257.284	0	
147.758	-2.24637	244.138	0	
148.75	-0.798148	267.113	0	
143.839	-1.76841	227.337	0	
145	-1.03479	187.479	0	
138.125	-0.36089	220.192	0	
138.745	-1.48403	213.248	0	
135.089	-1.76841	198.436	0	
136.25	-1.03479	211.638	0	
130	-1.03479	212.673	0	
130.328	-2.00504	189.665	0	
122.5	-1.02905	195.988	0	
124.266	-2.19037	193.135	0	
119.68	-2.91409	202.222	0	
156.979	-2.1669	197.528	0	
114.375	-0.668155	171.082	0	
116.245	-1.48403	178.261	0	
112.163	-2.94281	201.051	0	
116.25	-0.727521	184.256	0	
112.708	-2.01633	189.366	0	
113.75	-1.09967	180.769	0	
108.125	-0.668155	163.363	0	
109.911	-1.76841	187.139	0	
-117.5	-1.02905	175.342	0	
-115.734	-2.19037	195.194	0	
-138.021	-2.1669	209.643	0	
-67.5375	-3.24559	209.393	0	
-124.375	-0.36089	176.417	0	
-123.755	-1.48403	187.693	0	
-88.0056	-2.06993	186.313	0	
-81.25	-0.798148	192.159	0	
-86.0417	-2.01633	180.817	0	
-85	-1.09967	176.531	0	
-89.375	-0.366631	164.444	0	
-88.8389	-1.76841	172.993	0	
-96.875	-0.36089	162.911	0	
-96.2554	-1.48403	172.97	0	
-95.7345	-2.19037	189.826	0	
-96.25	-0.727521	181.231	0	
-101.161	-1.76841	182.039	0	
-100	-1.03479	189.269	0	
-106.25	-1.03479	187.098	0	
-105.922	-2.00504	189.899	0	
-70.2083	-2.01633	202.101	0	
-100.328	-2.00504	183.518	0	
-141.25	-0.792406	231.911	0	
-140.814	-2.07688	221.393	0	
-153.54	-3.47677	233.92	0	
-123.787	-3.24559	207.475	0	
-127.411	-1.76841	200.205	0	
-126.25	-1.03479	183.757	0	
-132.5	-1.03479	177.788	0	
-132.172	-2.00504	219.855	0	
-118.958	-2.01633	190.415	0	
-126.578	-2.00504	197.197	0	
-202.353	-21.532	275.828	0	
-119.833	-3.79821	220.754	0	
-21.25	-1.02905	245.688	0	
-19.4845	-2.19037	232.863	0	
-27.5375	-3.24559	220.307	0	
5.25269	-2.80091	216.595	0	
-28.125	-0.36089	245.218	0	
-27.5054	-1.48403	246.959	0	
8.24439	-2.06993	223.182	0	
15	-0.798148	218.931	0	
10.2083	-2.01633	237.142	0	
11.25	-1.09967	227.078	0	
6.875	-0.366631	279.632	0	
7.41105	-1.76841	234.437	0	
-0.625	-0.36089	278.992	0	
-0.00541199	-1.48403	249.197	0	
0.51554	-2.19037	225.395	0	
0	-0.727521	225.491	0	
-4.91105	-1.76841	241.953	0	
-3.75	-1.03479	233.359	0	
-10	-1.03479	214.1	0	
-9.67228	-2.00504	257.877	0	
26.0417	-2.01633	214.958	0	
-4.07772	-2.00504	224.173	0	
-45	-1.02905	238.218	0	
-43.2345	-2.19037	207.938	0	
-50.2083	-2.72654	220.25	0	
-29.6307	-3.06027	197.889	0	
-31.1611	-1.76841	233.182	0	
-30	-1.03479	180.907	0	
-36.25	-1.03479	194.092	0	
-35.9223	-2.00504	210.626	0	
-22.7083	-2.01633	254.856	0	
-30.3277	-2.00504	232.325	0	
-60.2083	-2.01633	211.887	0	
-51.4583	-2.01633	208.443	0	
-68.3387	-1.78555	205.38	0	
-68.4751	-2.84652	198.629	0	
-76.25	-1.02905	169.869	0	
-74.4845	-2.19037	199.558	0	
-77.7083	-2.01633	193.821	0	
-105.61	-4.06799	198.843	0	
-83.125	-0.36089	160.684	0	
-82.5054	-1.48403	178.836	0	
104.494	-2.06993	194.223	0	
110	-0.798148	202.994	0	
106.458	-2.01633	196.025	0	
107.5	-1.09967	213.295	0	
103.125	-0.366631	168.003	0	
103.661	-1.76841	186.697	0	
95.625	-0.36089	166.567	0	
96.2446	-1.48403	196.473	0	
96.7655	-2.19037	210.604	0	
96.25	-0.727521	201.687	0	
91.3389	-1.76841	207.436	0	
92.5	-1.03479	232.076	0	
86.25	-1.03479	228.834	0	
86.5777	-2.00504	217.013	0	
78.2293	-2.1669	215.025	0	
78.5906	-3.16789	210.961	0	
75	-1.02905	197.716	0	
76.7655	-2.19037	220.535	0	
68.7125	-3.24559	216.449	0	
123.713	-3.24559	206.103	0	
68.125	-0.36089	214.765	0	
68.7446	-1.48403	218.789	0	
65.0889	-1.76841	216.925	0	
66.25	-1.03479	204.747	0	
60	-1.03479	210.264	0	
60.3277	-2.00504	222.335	0	
54.4793	-2.1669	216.109	0	
73.5417	-2.01633	213.985	0	
51.25	-1.02905	228.37	0	
53.0155	-2.19037	214.615	0	
40.4973	-3.78292	215.685	0	
54.8394	-3.16569	218.449	0	
39.0027	-2.80091	218.077	0	
44.7917	-2.01633	211.684	0	
27.9113	-1.78555	230.647	0	
27.7749	-2.84652	211.657	0	
20	-1.02905	210.735	0	
21.7655	-2.19037	221.912	0	
-9.36018	-4.06799	208.425	0	
18.5417	-2.01633	218.302	0	
13.125	-0.36089	247.023	0	
13.7446	-1.48403	240.422	0	
153.75	-1.02905	260.796	0	
155.516	-2.19037	226.16	0	
142.62	-3.22837	237.747	0	
144.069	-5.7607	225.518	0	
147.5	-0.798148	237.103	0	
146.771	-2.1669	230.018	0	
140.729	-2.1669	226.18	0	
150.746	-2.90651	223.275	0	
137.5	-1.02905	231.678	0	
139.266	-2.19037	212.832	0	
130.64	-4.06799	204.635	0	
141.177	-3.32534	210.848	0	
131.994	-2.06993	206.764	0	
129.955	-2.8545	214.723	0	
128.542	-2.01633	194.736	0	
127.18	-2.91409	203.685	0	
122.911	-1.78555	188.573	0	
122.775	-2.84652	195.27	0	
115	-1.02905	184.36	0	
116.766	-2.19037	197.419	0	
86.8898	-4.06799	215.094	0	
113.542	-2.01633	190.362	0	
108.75	-1.03479	189.404	0	
109.078	-2.00504	193.266	0	
-117.089	-1.78555	195.211	0	
-117.225	-2.84652	191.513	0	
-125	-1.02905	174.117	0	
-123.234	-2.19037	202.919	0	
-78.5826	-3.79821	203.086	0	
-143.899	-7.68728	254.905	0	
-90	-1.03479	185.937	0	
-89.6723	-2.00504	179.979	0	
-97.5	-0.792406	198.425	0	
-97.0644	-2.07688	195.618	0	
-116.287	-3.24559	201.017	0	
-108.125	-3.34884	209.021	0	
-104.256	-2.06993	196.248	0	
-112.466	-3.07092	190.987	0	
-107.708	-2.01633	188.603	0	
-116.633	-5.94785	234.712	0	
-141.434	-1.75189	226.103	0	
-142.267	-2.05915	239.986	0	
-130.506	-2.06993	200.778	0	
-141.756	-5.80291	241.572	0	
-140.354	-6.17065	219.189	0	
-130.457	-4.4054	204.441	0	
-20.8387	-1.78555	244.952	0	
-20.9751	-2.84652	232.751	0	
-28.75	-1.02905	205.296	0	
-26.9845	-2.19037	220.996	0	
-43.7875	-3.24559	217.918	0	
-46.3858	-5.74538	253.9	0	
6.25	-1.03479	246.12	0	
6.57772	-2.00504	229.343	0	
-1.25	-0.792406	249.484	0	
-0.814428	-2.07688	223.913	0	
-20.0375	-3.24559	217.822	0	
-11.875	-3.34884	210.491	0	
-8.00561	-2.06993	229.726	0	
-16.2164	-3.07092	208.168	0	
-11.4583	-2.01633	237.124	0	
-20.3828	-5.94785	213.219	0	
-44.5887	-1.78555	207.183	0	
-44.7251	-2.84652	208.493	0	
-34.2556	-2.06993	227.103	0	
-49.5151	-8.22246	272.499	0	
-44.2462	-5.42835	238.909	0	
-34.2075	-4.4054	226.644	0	
-75.0375	-3.24559	203.113	0	
25.1674	-3.79821	200.348	0	
-75.8387	-1.78555	197.445	0	
-75.9751	-2.84652	192.96	0	
-83.75	-1.02905	164.729	0	
-81.9845	-2.19037	193.458	0	
-90.0446	-2.8545	194.378	0	
-86.5873	-2.94281	194.461	0	
102.5	-1.03479	181.085	0	
102.828	-2.00504	200.119	0	
95	-0.792406	209.107	0	
95.4356	-2.07688	209.328	0	
76.2125	-3.24559	212.813	0	
84.375	-3.34884	211.121	0	
88.2444	-2.06993	213.32	0	
80.0336	-3.07092	204.708	0	
84.7917	-2.01633	212.343	0	
75.8672	-5.94785	204.727	0	
75.4113	-1.78555	225.387	0	
75.2749	-2.84652	214.57	0	
67.5	-1.02905	199.477	0	
69.2655	-2.19037	218.637	0	
52.4625	-3.24559	220.6	0	
49.8642	-5.74538	221.636	0	
61.9944	-2.06993	221.253	0	
46.7349	-8.22246	216.065	0	
52.0038	-5.42835	231.538	0	
62.0425	-4.4054	220.544	0	
51.6613	-1.78555	212.111	0	
51.5249	-2.84652	215.425	0	
21.2125	-3.24559	208.561	0	
107.75	-4.43486	219.403	0	
20.4113	-1.78555	233.966	0	
20.2749	-2.84652	214.56	0	
12.5	-1.02905	213.543	0	
14.2655	-2.19037	227.933	0	
6.20541	-2.8545	217.144	0	
9.66268	-2.94281	208.725	0	
154.161	-1.78555	241.991	0	
154.025	-2.84652	241.447	0	
152.292	-2.01633	251.268	0	
139.039	-4.35802	212.821	0	
137.911	-1.78555	205.489	0	
137.775	-2.84652	214.192	0	
116.213	-3.24559	207.486	0	
154.963	-3.24559	208.341	0	
115.411	-1.78555	192.631	0	
115.275	-2.84652	196.237	0	
107.292	-2.01633	189.432	0	
109.247	-3.78292	212.482	0	
-140.037	-3.24559	214.134	0	
-71.0826	-3.79821	207.739	0	
-124.589	-1.78555	205.449	0	
-124.725	-2.84652	195.992	0	
-92.8202	-2.91409	189.22	0	
-85.2083	-2.01633	185.602	0	
-97.684	-1.75189	175.625	0	
-98.5173	-2.05915	189.896	0	
-152.708	-2.01633	256.572	0	
-145.211	-4.15655	225.688	0	
-23.5826	-3.79821	205.797	0	
3.37811	-4.98343	206.095	0	
-28.3387	-1.78555	230.49	0	
-28.4751	-2.84652	212.368	0	
3.42981	-2.91409	217.705	0	
11.0417	-2.01633	223.116	0	
-1.43402	-1.75189	241.971	0	
-2.26735	-2.05915	236.237	0	
-48.9583	-3.47328	225.216	0	
-47.6197	-4.31165	232.551	0	
-88.4261	-3.92482	209.23	0	
-92.8719	-4.98343	209.216	0	
-83.3387	-1.78555	189.5	0	
-83.4751	-2.84652	186.916	0	
99.6798	-2.91409	201.136	0	
107.753	-2.80091	206.073	0	
94.816	-1.75189	204.898	0	
93.9827	-2.05915	206.378	0	
72.6674	-3.79821	215.763	0	
120.167	-3.79821	216.428	0	
67.9113	-1.78555	222.969	0	
67.7749	-2.84652	215.818	0	
47.2917	-3.47328	217.015	0	
50.1448	-3.88818	218.29	0	
17.6674	-3.79821	201.054	0	
-0.0374544	-3.24559	209.273	0	
12.9113	-1.78555	240.094	0	
12.7749	-2.84652	220.325	0	
148.483	-4.32001	240.329	0	
187.308	-1.93891	305.977	0	
147.862	-1.54577	247.932	0	
148.712	-3.13655	220.756	0	
133.929	-3.08731	215.947	0	
138.713	-3.24559	224.964	0	
90.6555	-3.51902	202.979	0	
102.455	-2.8545	200.991	0	
-152.829	-5.21478	230.494	0	
-131.801	-4.25718	245.714	0	
-122.157	-4.23242	208.889	0	
-96.2875	-3.24559	203.088	0	
-46.1052	-3.88818	222.747	0	
-35.5505	-4.25718	190.947	0	
-25.9071	-4.23242	232.435	0	
13.7125	-3.24559	212.26	0	
-100.639	-4.06622	193.28	0	
-82.5375	-3.24559	198.96	0	
48.6303	-4.31165	220.449	0	
96.2125	-3.24559	207.074	0	
60.6995	-4.25718	220.682	0	
70.3429	-4.23242	214.517	0	
-4.38926	-4.06622	202.532	0	
7.82395	-3.92482	203.536	0	
146.42	-3.14785	239.416	0	
147.178	-4.41078	204.047	0	
34.7917	-2.72654	210.234	0	
33.9583	-2.72654	218.207	0	
126.034	-3.06466	199.658	0	
126.041	-5.36183	221.182	0	
-147.837	-2.94281	221.479	0	
-142.682	-2.77243	217.823	0	
-160.208	-1.16463	150.044	0	
-201.338	-10.2031	302.525	0	
-153.958	-2.72654	242.165	0	
-152.247	-2.80091	233.956	0	
-156.042	-3.47328	232.429	0	
-156.458	-2.72654	248.077	0	
-52.8373	-2.94281	215.653	0	
-49.7917	-3.47328	218.991	0	
-58.9583	-2.72654	216.03	0	
-57.7083	-2.01633	213.88	0	
-56.2946	-2.8545	214.672	0	
-57.2473	-2.80091	204.384	0	
-65.2159	-3.06466	200.239	0	
-65.2085	-5.36053	226.936	0	
-72.7159	-3.06466	192.517	0	
-69.5113	-3.00667	199.29	0	
43.4127	-2.94281	210.839	0	
46.4583	-3.47328	219.682	0	
36.0417	-2.01633	217.887	0	
32.5816	-3.68836	209.92	0	
32.1798	-2.91409	204.464	0	
36.4583	-2.72654	219.103	0	
23.5341	-3.06466	202.535	0	
26.7387	-3.00667	213.14	0	
118.534	-3.06466	203.428	0	
121.739	-3.00667	201.259	0	
-121.466	-3.06466	205.204	0	
-118.261	-3.00667	203.003	0	
-93.9659	-3.06466	192.335	0	
-93.9594	-5.36183	225.808	0	
-109.003	-2.80091	190.9	0	
-107.247	-2.80091	193.067	0	
-146.042	-2.72654	235.69	0	
-147.44	-3.72538	227.584	0	
-25.2159	-3.06466	198.295	0	
-22.0113	-3.00667	211.241	0	
2.28409	-3.06466	212.136	0	
2.29056	-5.36183	204.503	0	
-12.7527	-2.80091	224.892	0	
-10.9973	-2.80091	237.409	0	
-48.9583	-2.01633	210.086	0	
-45.7613	-3.00667	208.923	0	
-52.44	-3.72538	219.203	0	
-48.5417	-2.72654	214.244	0	
-80.2159	-3.06466	186.229	0	
-77.0113	-3.00667	192.086	0	
98.5341	-3.06466	210.219	0	
98.5406	-5.36183	223.325	0	
83.4973	-2.80091	213.082	0	
85.2527	-2.80091	217.975	0	
71.0341	-3.06466	212.923	0	
74.2387	-3.00667	217.493	0	
47.2917	-2.01633	211.585	0	
50.4887	-3.00667	218.421	0	
43.81	-3.72538	214.601	0	
47.7083	-2.72654	216.995	0	
16.0341	-3.06466	208.287	0	
19.2387	-3.00667	217.402	0	
151.132	-3.93062	223.338	0	
152.989	-3.00667	226.786	0	
111.032	-2.99641	203.298	0	
114.239	-3.00667	202.58	0	
-87.7179	-2.99641	185.359	0	
-84.5113	-3.00667	188.63	0	
8.53206	-2.99641	218.211	0	
11.7387	-3.00667	221.689	0	
104.782	-2.99641	207.072	0	
102.997	-3.78292	212.594	0	
-143.54	-2.72962	233.986	0	
-140.951	-3.13784	225.281	0	
-99.9558	-2.85377	192.644	0	
-97.2008	-3.13784	185.487	0	
-3.70582	-2.85377	222.17	0	
-0.950756	-3.13784	226.742	0	
92.5442	-2.85377	212.973	0	
95.2992	-3.13784	210.141	0	
41.5739	-3.92482	207.633	0	
46.0417	-2.72654	214.852	0	
127.582	-3.68916	212.833	0	
132.502	-3.08731	196.044	0	
127.128	-4.98343	220.866	0	
128.572	-3.57598	216.774	0	
-152.662	-3.55114	232.395	0	
-152.231	-4.40508	232.321	0	
-159.148	-3.04538	213.852	0	
-165.564	-17.3854	634.852	0	
-154.373	-3.97501	231.071	0	
-150.753	-3.78292	230.841	0	
-160.293	-8.30276	289.544	0	
-155.208	-3.47328	241.315	0	
-158.057	-10.316	330.423	0	
-143.957	-3.47621	221.324	0	
-58.5398	-3.47677	214.386	0	
-57.2309	-4.40508	226.591	0	
-61.4583	-2.72654	213.771	0	
-57.6621	-3.55114	223.712	0	
-62.7232	-3.50081	216.265	0	
-55.7527	-3.78292	212.802	0	
-64.0702	-2.91409	208.673	0	
-63.6684	-3.68836	215.7	0	
-61.8899	-3.99904	227.417	0	
-60.2083	-3.47328	219.183	0	
-72.8478	-5.56717	222.033	0	
-69.264	-5.46522	228.175	0	
39.9554	-2.8545	208.927	0	
39.0191	-4.40508	215.231	0	
37.2917	-2.72654	210.618	0	
38.5879	-3.55114	210.556	0	
34.3601	-3.99904	211.698	0	
37.7102	-3.47677	216.963	0	
35.2083	-3.47328	216.586	0	
33.5268	-3.50081	208.257	0	
23.4022	-5.56717	192.597	0	
26.986	-5.46522	208.822	0	
118.402	-5.56717	230.033	0	
114.489	-5.47929	221.496	0	
-121.598	-5.56717	243.173	0	
-125.6	-5.31383	239.102	0	
-92.4178	-3.68916	207.83	0	
-89.5027	-3.78292	200.635	0	
-90.9952	-4.42757	215.725	0	
-86.1036	-3.83222	201.068	0	
-109.687	-5.39772	240.228	0	
-106.295	-2.8545	189.61	0	
-110.64	-4.06799	192.631	0	
-98.2818	-3.59669	215.498	0	
-146.478	-3.50911	224.995	0	
-141.985	-3.52613	228.795	0	
-25.3478	-5.56717	213.045	0	
-29.3495	-5.31383	225.648	0	
3.83223	-3.68916	206.989	0	
6.7473	-3.78292	212.875	0	
5.25478	-4.42757	206.848	0	
10.1464	-3.83222	208.311	0	
-13.4371	-5.39772	195.107	0	
-10.0446	-2.8545	222.54	0	
-14.3898	-4.06799	210.174	0	
-2.03178	-3.59669	206.454	0	
-51.4777	-3.50911	223.161	0	
-47.7083	-2.72654	221.557	0	
-51.0637	-4.19254	226.09	0	
-47.2189	-3.60804	213.821	0	
-80.3478	-5.56717	220.072	0	
-84.2613	-5.47929	224.01	0	
100.082	-3.68916	215.476	0	
112.646	-3.83222	215.071	0	
110.324	-3.92482	211.864	0	
107.317	-3.58364	209.365	0	
82.8129	-5.39772	219.974	0	
86.2054	-2.8545	208.728	0	
81.8602	-4.06799	201.219	0	
94.2182	-3.59669	212.204	0	
70.9022	-5.56717	221.416	0	
66.9005	-5.31383	221.577	0	
44.7723	-3.50911	214.223	0	
48.5417	-2.72654	214.993	0	
45.1863	-4.19254	219.897	0	
49.0311	-3.60804	220.449	0	
15.9022	-5.56717	187.989	0	
11.9887	-5.47929	199.221	0	
108.705	-2.8545	203.4	0	
101.072	-3.57598	207.098	0	
-91.4282	-3.57598	202.669	0	
-94.651	-4.21812	201.845	0	
4.82178	-3.57598	209.892	0	
1.59897	-4.21812	206.925	0	
105.913	-2.94281	201.338	0	
106.31	-3.72554	215.365	0	
97.849	-4.21812	204.594	0	
101.505	-4.42757	215.884	0	
-144.792	-3.47313	233.774	0	
-146.064	-4.19253	231.862	0	
-103.124	-4.43041	237.275	0	
-108.125	-4.73217	192.925	0	
-6.87403	-4.43041	163.482	0	
-11.875	-4.73217	213.592	0	
89.376	-4.43041	221.757	0	
84.375	-4.73217	207.288	0	
121.393	-3.89079	219.269	0	
143.936	-3.97268	226.039	0	
125.349	-4.21812	215.571	0	
129.043	-4.50658	216.482	0	
-154.834	-5.62943	233.813	0	
-149.676	-3.92482	219.212	0	
-156.465	-4.16242	240.764	0	
-88.4597	-6.17559	247.301	0	
-157.746	-3.54331	238.322	0	
-157.336	-4.23245	233.495	0	
-155.953	-5.20944	239.454	0	
-151.274	-4.58327	225.863	0	
-87.8931	-5.00841	215.474	0	
-54.6761	-3.92482	229.327	0	
-59.3731	-3.97501	228.702	0	
7.79028	-6.17559	193.532	0	
-65.9011	-4.21822	220.78	0	
-59.3047	-5.11624	230.866	0	
-64.1215	-4.98124	230.965	0	
-60.5387	-5.90518	249.644	0	
8.35687	-5.00841	206.122	0	
92.527	-5.11846	221.723	0	
30.3489	-4.21822	201.424	0	
32.1285	-4.98124	206.122	0	
36.0417	-3.47328	212.103	0	
34.378	-5.06466	211.175	0	
35.7113	-5.90518	213.012	0	
36.8769	-3.97501	213.426	0	
-101.844	-3.51902	177.4	0	
-99.973	-5.11846	250.892	0	
-145.501	-5.7656	236.195	0	
-69.8571	-3.89079	215.807	0	
-156.677	-7.51666	267.833	0	
-49.707	-5.1949	235.841	0	
-148.977	-5.20289	235.435	0	
-147.813	-5.59213	223.565	0	
-5.59449	-3.51902	235.138	0	
-3.72305	-5.11846	189.437	0	
-56.2742	-4.58327	235.89	0	
26.3929	-3.89079	195.005	0	
-39.9676	-3.06872	216.215	0	
46.543	-5.1949	222.748	0	
-53.9766	-5.20289	226.757	0	
-50.211	-4.15672	232.371	0	
-55.8234	-5.70833	235.31	0	
-48.5258	-4.17689	225.784	0	
-52.8132	-5.59213	252.295	0	
-47.2738	-5.38006	233.959	0	
91.8607	-4.06622	205.555	0	
105.879	-5.0575	215.933	0	
36.9453	-5.11624	213.266	0	
130.158	-4.945	236.914	0	
56.2824	-3.06872	218.926	0	
110.29	-6.17488	225.785	0	
42.2734	-5.20289	221.301	0	
46.039	-4.15672	219.621	0	
40.4266	-5.70833	220.232	0	
47.7242	-4.17689	222.972	0	
39.9758	-4.58327	209.598	0	
48.9762	-5.38006	227.99	0	
-90.0224	-4.58092	223.156	0	
-89.5124	-5.89001	228.993	0	
6.22758	-4.58092	201.962	0	
6.73765	-5.89001	206.886	0	
102.928	-5.70651	217.635	0	
107.848	-6.54104	237.374	0	
104.074	-3.92482	210.703	0	
104.773	-5.20318	218.12	0	
99.6281	-4.98343	209.759	0	
102.478	-4.58092	213.885	0	
-150.823	-5.70833	236.277	0	
-143.779	-5.33843	229.219	0	
76.6284	-4.52398	216.921	0	
144.244	-11.4317	127.872	0	
128.127	-5.50143	234.7	0	
128.872	-6.93342	229.155	0	
-158.777	-5.20944	246.381	0	
-143.448	-4.30353	230.778	0	
-161.732	-2.79975	174.333	0	
-207.299	-15.0218	292.292	0	
-182.365	-35.5359	714.928	0	
-79.1691	-5.28353	223.297	0	
-150.997	-8.59138	242.56	0	
-57.1302	-6.3947	260.408	0	
-61.872	-5.06466	231.043	0	
-58.0402	-5.47194	240.237	0	
-115.872	-4.52398	212.326	0	
17.0809	-5.28353	195.382	0	
-19.6216	-4.52398	213.32	0	
108.728	-4.58055	220.318	0	
38.2098	-5.47194	215.329	0	
43.4368	-5.59213	211.848	0	
-139.58	-4.60081	237.252	0	
-145.691	-7.03602	238.441	0	
-96.7489	-6.89898	234.678	0	
-97.1496	-5.26597	243.897	0	
-149.602	-6.18605	224.414	0	
-134.449	-4.25718	203.708	0	
-31.5017	-4.16217	197.62	0	
39.1198	-6.3947	214.745	0	
-0.498874	-6.89898	236.377	0	
-0.89962	-5.26597	192.318	0	
-70.5474	-6.44535	257.878	0	
-54.6024	-6.18605	258.775	0	
-52.4014	-4.79453	227.333	0	
-51.4417	-5.03664	237.725	0	
-52.0429	-7.10465	246.286	0	
-50.5017	-5.76581	242.159	0	
-54.1682	-7.76797	254.596	0	
-36.3389	-2.93321	216.951	0	
-48.8551	-5.21507	236.944	0	
-48.0926	-6.0103	250.906	0	
64.7483	-4.16217	219.289	0	
110.857	-5.00834	221.915	0	
95.7511	-6.89898	218.265	0	
95.3504	-5.26597	209.384	0	
25.7026	-6.44535	194.184	0	
41.6476	-6.18605	209.146	0	
43.8486	-4.79453	220.797	0	
44.8083	-5.03664	217.629	0	
44.2071	-7.10465	226.843	0	
45.7483	-5.76581	225.049	0	
42.0818	-7.76797	228.284	0	
59.9111	-2.93321	217.271	0	
47.3949	-5.21507	225.696	0	
48.1574	-6.0103	221.979	0	
-91.9104	-5.42242	232.192	0	
-90.925	-6.50437	256.471	0	
4.33964	-5.42242	201.452	0	
5.32497	-6.50437	202.144	0	
106.858	-5.46739	222.728	0	
109.237	-5.889	223.287	0	
45.559	-7.03622	216.82	0	
104.147	-6.18687	221.252	0	
100.59	-5.42242	217.389	0	
100.817	-6.41692	223.641	0	
-147.401	-4.79453	235.497	0	
-146.442	-5.03663	228.388	0	
-147.043	-7.10465	250.46	0	
-144.707	-5.19453	231.479	0	
-149.168	-7.76797	260.749	0	
-132.589	-2.93321	197.725	0	
-154.178	-7.28627	249.407	0	
-151.919	-6.13754	233.515	0	
-67.2642	-6.91889	258.669	0	
-50.691	-7.03622	267.955	0	
28.9858	-6.91889	218.082	0	
57.9209	-9.10125	199.597	0	
-165.569	-3.72058	253.825	0	
-124.19	-5.40086	231.26	0	
-65.8105	-6.63734	263.922	0	
-38.3291	-9.10125	287.157	0	
-59.0799	-8.70786	299.178	0	
-25.746	-9.39498	349.811	0	
-36.875	-5.27905	226.936	0	
-45.618	-4.95711	228.984	0	
30.4395	-6.63734	209.657	0	
104.619	-8.07335	221.389	0	
37.1701	-8.70786	221.034	0	
121.986	-5.46522	214.277	0	
59.375	-5.27905	217.747	0	
50.632	-4.95711	225.742	0	
-100.432	-7.15932	213.608	0	
-118.014	-5.46522	217.425	0	
-4.18243	-7.15932	255.515	0	
-21.764	-5.46522	239.831	0	
101.373	-10.8863	190.882	0	
97.6668	-7.08742	202.712	0	
74.486	-5.46522	219.997	0	
92.0676	-7.15932	199.05	0	
-142.782	-6.56075	224.274	0	
-142.334	-4.31064	218.634	0	
-152.527	-7.43868	246.439	0	
-121.996	-9.39498	331.104	0	
-136.218	-3.06872	205.876	0	
-128.568	-3.08143	198.616	0	
-38.1995	-4.25718	209.291	0	
-32.318	-3.08143	220.347	0	
58.0505	-4.25718	221.114	0	
63.932	-3.08143	216.346	0	
133.106	-6.04794	220.551	0	
130.428	-6.60412	228.315	0	
123.985	-6.91734	223.817	0	
150.848	-20.0464	241.029	0	
-155.18	-8.32445	255.419	0	
-52.0799	-10.5411	276.484	0	
-40.8588	-5.44334	224.191	0	
-43.3792	-4.50999	207.021	0	
55.3912	-5.44334	224.756	0	
52.8708	-4.50999	225.765	0	
-87.5848	-7.52916	272.813	0	
-84.8609	-3.89608	210.931	0	
8.66524	-7.52916	202.705	0	
11.3891	-3.89608	198.401	0	
120.703	-6.44535	255.686	0	
113.889	-3.89608	217.114	0	
-94.8332	-7.08742	253.311	0	
-127.752	-4.16217	231.936	0	
-136.015	-9.53859	270.267	0	
-118.607	-3.89079	213.238	0	
-44.375	-6.99919	289.905	0	
-22.3571	-3.89079	218.667	0	
-42.8302	-8.44515	268.215	0	
-40.8536	-7.44458	271.388	0	
51.875	-6.99919	217.751	0	
73.8929	-3.89079	209.839	0	
53.4198	-8.44515	231.019	0	
55.3964	-7.44458	229.616	0	
-45.8903	-7.18841	249.101	0	
-48.1439	-7.56208	262.971	0	
50.3597	-7.18841	232.812	0	
48.1061	-7.56208	225.152	0	
-141.655	-10.9683	280.712	0	
-134.129	-6.10622	260.461	0	
-52.772	-8.29733	300.375	0	
-46.8296	-8.37487	311.374	0	
43.478	-8.29733	199.012	0	
49.4204	-8.37487	199.811	0	
-164	-0.842706	213.109	0	
-160.19	-2.6252	205.821	0	
-171.26	-1.12398	372.385	0	
-163.118	-4.25546	257.297	0	
157.984	-3.31993	224.678	0	
162.75	-0.842706	277.886	0	
160.879	-2.92373	242.235	0	
162.233	-4.81544	281.13	0	
149.806	-4.94504	187.75	0	
157.495	-4.95032	180.576	0	
136.186	-4.14103	232.514	0	
140.456	-4.52612	241.407	0	
-73.4071	-4.23242	217.65	0	
-71.6691	-5.28353	223.092	0	
-80.4167	-10.3326	398.911	0	
-64.8646	-8.3096	280.084	0	
-77.3571	-3.89079	212.449	0	
-74.2262	-6.72899	295.423	0	
22.8429	-4.23242	196.206	0	
24.5809	-5.28353	196.3	0	
15.8333	-10.3326	190.583	0	
31.3854	-8.3096	228.821	0	
18.8929	-3.89079	194.33	0	
22.0238	-6.72899	195.719	0	
117.843	-4.23242	216.265	0	
119.581	-5.28353	216.592	0	
112.877	-7.50462	227.646	0	
125.437	-6.63718	239.37	0	
111.164	-7.52928	243.027	0	
117.03	-6.73778	250.187	0	
-120.419	-5.28353	216.257	0	
-119.297	-6.44535	275.36	0	
-147.08	-10.5411	306.308	0	
-106.019	-7.46803	248.728	0	
-144.559	-9.99967	298.718	0	
-147.772	-8.29733	251.465	0	
-24.1691	-5.28353	247.14	0	
-23.0474	-6.44535	235.364	0	
1.41684	-7.08742	199.465	0	
-9.76913	-7.46803	199.021	0	
-27.9404	-5.40086	242.484	0	
-23.5704	-9.08967	357.137	0	
-80.9071	-4.23242	213.782	0	
-78.0474	-6.44535	262.04	0	
-74.2388	-9.20929	291.804	0	
-76.764	-5.46522	222.797	0	
-81.7196	-6.73778	281.815	0	
-82.2148	-8.98906	314.957	0	
72.0809	-5.28353	215.807	0	
73.2026	-6.44535	215.983	0	
102.182	-6.54766	221.616	0	
86.4809	-7.46803	220.447	0	
68.3096	-5.40086	217.966	0	
93.8488	-8.33358	212.703	0	
15.3429	-4.23242	197.819	0	
18.2026	-6.44535	179.522	0	
22.0112	-9.20929	252.695	0	
19.486	-5.46522	200.426	0	
14.5304	-6.73778	190.38	0	
14.0352	-8.98906	212.363	0	
112.049	-4.96932	219.393	0	
113.194	-6.11121	238.87	0	
107.957	-10.0357	241.449	0	
114.373	-9.53907	231.122	0	
-86.7013	-4.9694	225.783	0	
-85.556	-6.11128	240.105	0	
-85.8729	-7.50385	280.556	0	
-84.3782	-9.53722	335.915	0	
9.54871	-4.9694	195.512	0	
10.694	-6.11128	193.823	0	
10.3771	-7.50385	192.565	0	
11.8718	-9.53722	209.604	0	
132.08	-7.47425	264.292	0	
134.746	-4.16808	212.428	0	
124.075	-4.31071	211.499	0	
123.313	-5.73457	236.163	0	
-67.1755	-4.31081	214.879	0	
-67.9367	-5.73467	237.479	0	
29.0745	-4.31081	204.69	0	
28.3133	-5.73467	192.984	0	
-95.9255	-4.31071	200.838	0	
-98.5926	-4.6597	195.041	0	
-103.786	-7.04865	199.333	0	
-106.563	-5.39772	227.467	0	
0.324502	-4.31071	213.144	0	
-2.3426	-4.6597	212.401	0	
-7.5359	-7.04865	248.375	0	
-10.3129	-5.39772	193.674	0	
96.5745	-4.31071	216.646	0	
93.9074	-4.6597	205.281	0	
88.7141	-7.04865	193.745	0	
103.633	-8.96714	218.281	0	
-62.0477	-8.8546	306.094	0	
34.2023	-8.8546	224.334	0	
-65.6604	-12.2385	321.605	0	
44.1701	-10.5411	215.682	0	
-43.9291	-11.1429	449.858	0	
106.762	-8.25621	217.264	0	
40.691	-8.79126	205.351	0	
126.259	-8.10539	222.653	0	
30.5896	-12.2385	274.866	0	
128.121	-8.37598	256.793	0	
98.349	-8.47005	237.473	0	
102.415	-7.9218	213.973	0	
-155.111	-10.7469	326.697	0	
-60.5733	-7.64358	269.215	0	
138.321	-5.52235	245.754	0	
152.541	-4.03078	208.79	0	
-138.552	-9.35636	314.062	0	
-137.06	-5.53416	230.538	0	
-129.996	-3.08143	225.742	0	
-129.047	-6.04201	257.252	0	
-33.7459	-3.08143	189.577	0	
-32.7973	-6.04201	222.44	0	
62.5041	-3.08143	216.684	0	
63.4527	-6.04201	220.335	0	
131.229	-11.2697	233.363	0	
151.99	-6.88415	175.521	0	
136.941	-5.40234	216.905	0	
141.133	-5.9764	216.816	0	
-74.6816	-4.325	217.161	0	
-75.4428	-5.74886	229.302	0	
21.5684	-4.325	196.226	0	
20.8072	-5.74886	187.425	0	
116.568	-4.325	222.99	0	
115.814	-5.75765	230.484	0	
-123.432	-4.325	224.493	0	
-126.314	-4.14101	208.593	0	
-115.576	-8.16642	291.604	0	
-113.246	-5.34905	220.471	0	
-27.1816	-4.325	198.959	0	
-30.0644	-4.14101	218.216	0	
-19.3257	-8.16642	296.843	0	
-16.996	-5.34905	198.85	0	
-82.1816	-4.325	214.379	0	
-82.9362	-5.75765	231.392	0	
69.0684	-4.325	219.899	0	
66.1856	-4.14101	218.268	0	
76.9243	-8.16642	244.904	0	
79.254	-5.34905	202.068	0	
14.0684	-4.325	196.762	0	
13.3138	-5.75765	186.819	0	
105.405	-12.0508	200.928	0	
116.536	-8.99008	203.757	0	
-93.9774	-8.66503	314.092	0	
-91.6041	-8.13534	300.808	0	
2.27255	-8.66503	198.436	0	
4.64589	-8.13534	206.209	0	
129.195	-10.2093	200.785	0	
146.046	-6.10183	232.181	0	
134.488	-5.91521	238.305	0	
135.867	-6.69788	245.478	0	
121.43	-8.68418	195.426	0	
123.385	-8.88682	233.145	0	
-69.8214	-8.68669	285.524	0	
-67.8655	-8.89079	291.506	0	
26.4286	-8.68669	254.002	0	
28.3845	-8.89079	219.747	0	
-66.1145	-9.89368	355.76	0	
-95.0051	-12.6851	471.542	0	
-55.559	-8.79126	295.823	0	
1.24494	-12.6851	158.554	0	
85.9371	-5.39772	206.712	0	
70.504	-9.39498	226.838	0	
99.9643	-7.8529	204.977	0	
101.084	-8.78437	230.455	0	
-119.82	-9.08967	270.935	0	
-122.652	-7.0343	247.766	0	
-127.769	-5.79877	223.117	0	
-125.499	-7.54635	280.029	0	
-48.3872	-12.3828	330.43	0	
-26.4019	-7.0343	288.638	0	
-31.5194	-5.79877	248.346	0	
-29.2492	-7.54635	285.325	0	
47.8628	-12.3828	161.993	0	
69.8481	-7.0343	216.872	0	
64.7306	-5.79877	221.757	0	
67.0008	-7.54635	207.518	0	
140.302	-7.00568	231.057	0	
142.7	-6.86574	226.396	0	
125.012	-9.68556	253.227	0	
195.519	-2.32667	253.089	0	
-98.6512	-8.33358	359.418	0	
35.6767	-7.64358	226.05	0	
-2.40124	-8.33358	158.737	0	
103.223	-11.1651	222.17	0	
72.6796	-9.08967	230.99	0	
95.07	-11.0041	232.627	0	
-136.973	-6.98397	261.165	0	
-135.349	-7.69153	251.73	0	
-32.1235	-10.677	354.915	0	
-33.5046	-8.27657	349.671	0	
64.1265	-10.677	174.575	0	
97.6545	-10.9522	185.265	0	
80.0504	-6.99449	238.233	0	
151.079	-11.5903	164.213	0	
-78.2205	-8.73643	295.346	0	
30.1355	-9.89368	224.872	0	
8.79112	-11.9339	230.795	0	
110.443	-9.50362	216.95	0	
-126.434	-6.49884	239.378	0	
-123.97	-6.77541	252.145	0	
-30.1836	-6.49884	242.838	0	
-27.72	-6.77541	246.505	0	
66.0664	-6.49884	223.579	0	
68.53	-6.77541	226.926	0	
150.025	-6.43618	211.269	0	
153.18	-5.49318	205.033	0	
147.57	-7.50219	158.323	0	
142.406	-9.04296	225.807	0	
-113.344	-8.75328	287.289	0	
-118.411	-11.2883	370.353	0	
-114.541	-4.53464	202.288	0	
-111.901	-4.28441	208.986	0	
-17.0944	-8.75328	232.724	0	
-21.2298	-10.3281	276.423	0	
-18.2907	-4.53464	208.311	0	
-15.6508	-4.28441	202.236	0	
79.1556	-8.75328	196.363	0	
75.0202	-10.3281	194.964	0	
77.9593	-4.53464	209.243	0	
80.5992	-4.28441	217.015	0	
-63.1585	-5.8593	250.06	0	
-63.2996	-7.91085	272.129	0	
33.0915	-5.8593	212.503	0	
32.9504	-7.91085	223.796	0	
-205.568	-32.9721	278.511	0	
-158.17	-8.54355	274.97	0	
-42.0494	-4.51844	221.391	0	
-39.5061	-4.39269	198.387	0	
54.2006	-4.51844	225.619	0	
56.7439	-4.39269	222.218	0	
-138.25	-4.60927	216.123	0	
-135.756	-4.39269	234.598	0	
132.732	-9.94285	205.441	0	
140.759	-8.90393	215.174	0	
-131.823	-7.75398	279.668	0	
-88.3496	-9.59591	363.256	0	
-29.7584	-9.79585	427.2	0	
7.90043	-9.59591	199.226	0	
62.7454	-8.27657	216.946	0	
52.3209	-11.1429	146.478	0	
86.5779	-13.8833	253.314	0	
208.99	-5.28426	186.213	0	
-59.5306	-11.2795	324.339	0	
-57.3001	-7.89572	267.502	0	
36.7194	-11.2795	229.035	0	
38.9499	-7.89572	228.721	0	
138.907	-6.71973	211.915	0	
136.37	-8.16582	207.725	0	
138.03	-8.06765	237.986	0	
139.214	-9.60327	195.471	0	
134.987	-10.2845	245.567	0	
161.413	-6.92918	257.558	0	
119.235	-10.2813	301.534	0	
95.7393	-17.4777	272.855	0	
-50.1748	-10.5347	344.337	0	
-46.4132	-10.8834	305.95	0	
46.0752	-10.5347	176.068	0	
49.8368	-10.8834	208.612	0	
-176.012	-1.34606	427.92	0	
-160.335	-6.5477	264.163	0	
-161.831	-10.7403	363.734	0	
-188.999	-19.3034	516.465	0	
158.946	-6.83953	240.103	0	
170.01	-1.12398	369.501	0	
-87.4589	-11.9339	393.952	0	
99.5587	-12.4369	247.532	0	
18.0295	-8.73643	226.671	0	
4.49832	-12.069	193.885	0	
-153.134	-12.2646	307.97	0	
-148.55	-12.2522	283.101	0	
-121.489	-14.4624	406.551	0	
-126.008	-9.79585	290.206	0	
104.932	-18.5916	245.559	0	
112.453	-11.0673	245.221	0	
-91.7517	-12.069	402.793	0	
-71.535	-10.5118	424.484	0	
5.3409	-14.035	264.007	0	
24.715	-10.5118	208.964	0	
-112.45	-6.99449	257.79	0	
-129.168	-15.7527	349.682	0	
-16.1996	-6.99449	240.459	0	
-27.5734	-11.3856	365.954	0	
-144.852	-16.8136	453.057	0	
-124.741	-12.1163	369.844	0	
-37.2846	-13.6039	443.963	0	
-6.7017	-12.0229	369.938	0	
66.4916	-9.79585	216.962	0	
58.9654	-13.6039	119.553	0	
112.419	-14.9051	137.156	0	
127.849	-11.938	229.217	0	
147.347	-10.4774	199.838	0	
153.266	-9.06305	174.265	0	
-122.779	-11.9203	308.379	0	
-102.474	-8.42323	391.911	0	
-20.7162	-13.563	466.277	0	
-6.22447	-8.42323	154.748	0	
75.5338	-13.563	253.46	0	
90.0255	-8.42323	232.391	0	
68.6766	-11.3856	174.555	0	
136.037	-12.2238	179.496	0	
-61.6144	-11.5018	306.106	0	
-55.5379	-10.963	298.13	0	
34.6356	-11.5018	248.022	0	
40.7121	-10.963	222.438	0	
128.852	-14.5637	181.795	0	
235.957	-15.9774	33.7228	0	
-178.777	-2.9619	439.932	0	
-162.755	-6.23594	251.32	0	
-156.495	-11.7116	312.925	0	
-221.912	-14.5162	216.936	0	
-169.141	-4.00209	351.359	0	
-167.19	-4.8303	346.075	0	
164.287	-4.15658	307.356	0	
166.707	-4.43785	369.351	0	
155.354	-8.54876	198.559	0	
132.793	-16.0264	167.411	0	
-53.4549	-12.1835	352.166	0	
-9.67296	-13.8421	173.299	0	
42.7951	-12.1835	163.521	0	
33.1604	-13.2995	212.186	0	
-53.1756	-15.7705	315.798	0	
-138.938	-7.6289	255.165	0	
-134.594	-10.3937	308.927	0	
-155.484	-17.2341	454.34	0	
-127.52	-14.6602	387.794	0	
-47.7993	-19.2086	220.926	0	
-31.0758	-17.4153	419.203	0	
48.4507	-19.2086	126.731	0	
65.1742	-17.4153	90.4453	0	
131.221	-14.31	197.254	0	
153.572	-16.0839	174.344	0	
-157.266	-14.2011	436.385	0	
43.0744	-15.7705	155.202	0	
11.0506	-11.9005	209.273	0	
89.5492	-12.064	199.252	0	
125.528	-11.6848	190.27	0	
119.86	-13.8177	133.725	0	
-167.135	-7.23969	376.416	0	
-192.539	-4.26558	378.308	0	
-133.857	-13.0595	420.21	0	
-129.198	-9.41262	297.829	0	
-228.19	-24.6897	171.671	0	
-128.413	-13.1119	313.248	0	
-132.411	-9.49708	292.684	0	
-132.552	-6.10622	215.388	0	
-166.307	-13.5038	492.868	0	
-108.605	-11.4398	318.502	0	
-130.943	-10.541	299.293	0	
-129.662	-7.54154	247.352	0	
-131.112	-14.0765	321.045	0	
-127.757	-10.8627	335.807	0	
-135.282	-19.8734	604.964	0	
-102.952	-12.0229	313.86	0	
-130.381	-12.4546	352.522	0	
-128.544	-17.3008	528.88	0	
-148.258	-15.1857	457.778	0	
-3.6662	-13.8175	121.276	0	
-125.443	-18.0933	474.762	0	
-125.597	-14.7313	347.495	0	
-62.6835	-17.1843	319.664	0	
-85.1994	-11.9005	426.426	0	
-124.144	-16.6164	426.726	0	
-121.999	-16.5434	413.068	0	
-91.6409	-16.373	507.38	0	
-70.7541	-13.472	343.268	0	
4.6091	-16.373	212.588	0	
25.4959	-13.472	302.088	0	
-110.152	-7.25958	236.084	0	
-116.205	-10.7321	312.355	0	
-13.9017	-7.25958	221.42	0	
-12.3545	-11.4398	335.354	0	
82.3483	-7.25958	200.17	0	
83.8955	-11.4398	188.929	0	
-83.8414	-14.5362	472.848	0	
-76.2546	-10.6507	425.618	0	
12.4086	-14.5362	246.467	0	
19.9954	-10.6507	208.031	0	
-97.6578	-11.3921	328.208	0	
-90.4292	-10.045	325.31	0	
-1.40778	-11.3921	321.001	0	
5.82085	-10.045	223.151	0	
-111.605	-11.7939	355.663	0	
-108.046	-8.66433	347.948	0	
-15.3552	-11.7939	286.236	0	
-11.7958	-8.66433	207.605	0	
80.8948	-11.7939	265.965	0	
84.4542	-8.66433	237.218	0	
-57.7296	-12.6391	365.788	0	
-56.3189	-16.133	323.745	0	
38.5204	-12.6391	183.341	0	
39.9311	-16.133	225.784	0	
-173.564	-2.47004	415.45	0	
-165.151	-8.11045	347.872	0	
157.521	-9.12614	229.425	0	
160.271	-11.5138	253.246	0	
-36.2393	-7.66183	252.251	0	
-40.908	-14.645	290.531	0	
60.0107	-7.66183	226.067	0	
55.342	-14.645	180.679	0	
92.8124	-13.4707	194.541	0	
138.603	-11.6407	215.048	0	
-114.482	-16.5569	414.943	0	
-119.297	-14.1357	362.751	0	
-106.853	-18.8267	441.364	0	
-90.9091	-14.035	429.622	0	
-63.0896	-13.2995	411.057	0	
-81.2221	-13.5164	440.178	0	
-119.75	-18.497	498.127	0	
-105.923	-13.8421	639.785	0	
-99.9162	-13.8175	579.378	0	
-124.617	-21.7604	528.56	0	
15.0279	-13.5164	251.777	0	
33.5665	-17.1843	268.306	0	
-177.258	-5.78191	473.351	0	
-175.551	-13.7225	618.447	0	
-170.014	-8.10752	432.746	0	
-170.068	-11.6224	537.952	0	
123.346	-14.3333	225.453	0	
130.766	-41.4755	342.984	0	
-117.966	-16.82	461.577	0	
-113.607	-13.3165	447.188	0	
-93.8748	-11.0032	336.648	0	
-93.6138	-16.0889	450.876	0	
2.37524	-11.0032	273.459	0	
2.63623	-16.0889	293.969	0	
-136.481	-15.5337	360.006	0	
46.237	-15.9763	69.2041	0	
-50.013	-15.9763	592.904	0	
-33.8137	-14.565	616.44	0	
-118.828	-25.8063	838.945	0	
62.4363	-14.565	144.618	0	
-89.2433	-18.71	566.189	0	
-88.6959	-14.349	484.886	0	
7.00668	-18.71	254.519	0	
7.55411	-14.349	223.335	0	
-158.473	-25.925	899.039	0	
-57.5305	-27.6829	670.36	0	
-87.3706	-17.1144	481.356	0	
-82.1404	-18.8236	588.722	0	
-17.0729	-14.4419	301.802	0	
125.77	-16.4577	186.32	0	
8.87942	-17.1144	257.988	0	
14.1096	-18.8236	232.498	0	
218.789	-9.67962	116.289	0	
183.637	-7.09149	329.415	0	
135.243	-14.7675	178.811	0	
140.335	-13.8884	136.234	0	
-181.714	-1.61583	429.705	0	
-173.773	-5.29005	409.158	0	
163.087	-10.0309	331.87	0	
180.465	-1.61583	349.658	0	
-76.9341	-14.5113	419.777	0	
-67.81	-14.1067	462.642	0	
19.3159	-14.5113	288.779	0	
28.44	-14.1067	224.883	0	
-162.174	-17.4716	527.717	0	
-121.07	-22.2371	548.488	0	
-58.6684	-18.9989	565.794	0	
0.81144	-18.779	180.832	0	
37.5816	-18.9989	82.9161	0	
107.856	-15.3565	169.465	0	
138.207	-15.8819	176.336	0	
143.531	-14.1381	203.99	0	
99.901	-16.4959	145.338	0	
79.1771	-14.4419	172.314	0	
-111.48	-20.2273	745.444	0	
-99.0883	-17.8006	434.453	0	
-27.2006	-15.1171	656.037	0	
-2.83826	-17.8006	314.03	0	
69.0494	-15.1171	178.135	0	
46.6928	-24.0743	21.5752	0	
-166.112	-27.3981	870.115	0	
-68.8837	-22.4837	371.415	0	
-81.3835	-22.9609	478.291	0	
-67.2534	-16.8341	347.287	0	
14.8665	-22.9609	392.656	0	
28.9966	-16.8341	281.722	0	
125.531	-19.801	116.735	0	
145.65	-18.2045	122.498	0	
136.74	-19.4185	150.195	0	
140.986	-21.4915	182.8	0	
-74.1374	-16.0301	558.458	0	
-64.6977	-18.8508	447.168	0	
22.1126	-16.0301	238.946	0	
31.5523	-18.8508	195.661	0	
-95.4386	-18.779	657.526	0	
2.52004	-23.669	344.508	0	
27.3663	-22.4837	288.861	0	
30.7731	-22.4901	158.266	0	
-84.7755	-17.335	521.197	0	
-79.7054	-15.7809	510.378	0	
11.4745	-17.335	264.863	0	
16.5446	-15.7809	259.64	0	
218.255	-34.6155	66.8746	0	
132.745	-19.8694	133.828	0	
-152.736	-16.2622	471.735	0	
-150.381	-17.763	443.826	0	
-144.708	-21.2594	571.073	0	
-141.325	-14.5407	436.86	0	
-62.9905	-26.6887	271.667	0	
-11.2357	-19.2992	385.554	0	
33.2595	-26.6887	293.634	0	
116.277	-16.8153	250.492	0	
-128.495	-23.6616	813.538	0	
19.247	-23.4473	214.734	0	
-188.557	-1.93891	399.423	0	
-196.769	-2.32667	340.149	0	
172.064	-6.00496	398.736	0	
174.369	-7.9727	396.659	0	
197.421	-9.75588	237.115	0	
191.289	-4.26558	288.478	0	
80.6149	-19.5449	276.582	0	
38.7195	-27.6829	29.167	0	
-73.6736	-19.0863	388.831	0	
-69.7337	-19.2556	539.122	0	
22.5764	-19.0863	327.962	0	
26.5163	-19.2556	215.038	0	
122.174	-26.556	117.985	0	
124.937	-40.2492	262.773	0	
-148.731	-22.1193	744.302	0	
-130.945	-20.0681	465.709	0	
-89.5076	-23.3158	530.594	0	
-77.003	-23.4473	606.024	0	
-71.1732	-25.5223	556.871	0	
-65.4769	-22.4901	548.514	0	
-169.77	-21.2264	742.953	0	
-64.5794	-30.6463	631.01	0	
-139.982	-23.3262	708.574	0	
-137.645	-30.9202	996.283	0	
-75.3526	-26.6553	468.744	0	
25.0768	-25.5223	167.416	0	
-31.4696	-23.2096	852.974	0	
73.7048	-20.502	170.639	0	
-23.6801	-16.4504	392.847	0	
-15.6351	-19.5449	382.004	0	
72.5699	-16.4504	138.578	0	
85.0151	-19.3404	164.964	0	
129.698	-22.0559	140.362	0	
117.076	-20.985	115.707	0	
-103.053	-20.9905	805.495	0	
-93.73	-23.669	556.732	0	
-49.5572	-24.0743	701.638	0	
6.74241	-23.3158	289.81	0	
-184.618	-8.98987	462.506	0	
-185.032	-3.55475	479.241	0	
-206.623	-2.79194	272.354	0	
-179.781	-9.87097	553.987	0	
180.177	-8.24429	366.918	0	
187.785	-10.442	336.04	0	
170.878	-14.4791	428.947	0	
159.464	-15.8639	331.78	0	
-85.4635	-32.3384	452.174	0	
20.8974	-26.6553	287.459	0	
-7.43655	-21.463	99.9406	0	
90.9132	-21.5281	189.235	0	
-85.5482	-26.5803	711.507	0	
-18.107	-29.5111	669.399	0	
10.7018	-26.5803	169.802	0	
111.968	-28.0025	316.325	0	
-18.1435	-22.7175	303.191	0	
-22.5452	-20.502	572.08	0	
78.1065	-22.7175	142.145	0	
64.7804	-23.2096	58.32	0	
34.1156	-37.3795	223.739	0	
121.506	-22.1434	172.234	0	
-24.1065	-30.9545	377.446	0	
-6.83217	-26.5477	302.17	0	
-130.495	-31.0609	778.4	0	
174.884	-12.8846	431.865	0	
178.79	-12.8864	383.932	0	
-76.4692	-32.4504	358.98	0	
-69.3552	-29.4863	351.856	0	
-145.697	-34.3804	1148.91	0	
-152.057	-27.6463	873.098	0	
19.7808	-32.4504	243.271	0	
26.8948	-29.4863	252.648	0	
1.24121	-36.2378	725.822	0	
13.9656	-32.8618	505.515	0	
184.118	-14.761	327.671	0	
227.701	-6.85826	122.371	0	
133.014	-34.6533	252.146	0	
-106.794	-33.2356	637.559	0	
31.6706	-30.6463	88.7987	0	
-72.173	-34.0637	603.227	0	
-67.7476	-39.8274	498.431	0	
-22.5359	-47.4922	127.735	0	
127.182	-26.4913	165.392	0	
24.077	-34.0637	147.228	0	
28.5024	-39.8274	141.688	0	
-113.39	-24.9987	531.94	0	
-108.048	-28.3672	989.041	0	
106.947	-24.7538	127.395	0	
92.4297	-27.5266	222.169	0	
-218.447	-3.35033	216.927	0	
-175.995	-19.4449	680.325	0	
191.912	-9.23189	273.486	0	
201.219	-12.4705	183.685	0	
54.1181	-18.9378	34.3827	0	
69.7905	-24.963	69.9845	0	
-42.1319	-18.9378	684.787	0	
-26.4595	-24.963	506.434	0	
-192.319	-8.83173	393.402	0	
-201.547	-5.11861	321.501	0	
72.1435	-30.9545	158.311	0	
128.068	-30.7205	165.132	0	
42.4557	-33.5404	175.029	0	
78.143	-29.5111	83.8114	0	
-62.1344	-37.3795	396.071	0	
-0.525287	-27.7753	174.054	0	
84.4836	-32.7829	182.247	0	
208.989	-20.8084	115.544	0	
-28.0097	-38.1045	858.382	0	
123.686	-35.5846	282.072	0	
-53.7943	-33.5404	251.721	0	
-35.3322	-36.6738	532.828	0	
100.921	-29.485	342.167	0	
161.838	-60.3262	288.457	0	
118.807	-29.1208	232.8	0	
116.094	-38.0682	335.679	0	
115.315	-25.5586	134.921	0	
112.121	-35.7127	231.354	0	
60.9178	-36.6738	70.4744	0	
119.433	-33.9202	211.342	0	
120.859	-47.2293	281.735	0	
-183.583	-23.2797	662.598	0	
-95.5796	-32.8724	538.672	0	
-114.065	-35.7792	1146.2	0	
68.2403	-38.1045	53.265	0	
32.7098	-63.156	59.5217	0	
9.60751	-38.8404	128.798	0	
-225.327	-7.3709	201.133	0	
-187.923	-11.9402	451.43	0	
170.297	-36.5037	409.66	0	
163.474	-19.8544	354.81	0	
-196.34	-11.9773	370.043	0	
-194.679	-18.9528	382.481	0	
73.7994	-47.6214	403.08	0	
207.712	-10.3255	167.672	0	
204.86	-2.4629	195.15	0	
-212.356	-6.14227	249.636	0	
129.252	-50.7796	427.652	0	
133.997	-47.3484	311.002	0	
213.211	-14.7209	140.315	0	
215.594	-2.82136	140.153	0	
-220.733	-37.1938	172.547	0	
103.164	-47.8011	185.49	0	
189.04	-35.7251	257.697	0	
199.849	-18.9164	204.645	0	
169.619	-18.8059	459.221	0	
139.422	-30.3106	210.819	0	
-55.5317	-23.7287	214.17	0	
-37.3685	-24.4061	330.365	0	
-56.8093	-39.2794	890.103	0	
-45.742	-28.3975	312.377	0	
-52.3145	-47.6453	417.959	0	
-39.2206	-29.0001	757.344	0	
-47.9803	-33.9094	852.49	0	
-43.191	-47.72	1040.61	0	
40.7183	-23.7287	233.312	0	
58.8815	-24.4061	92.7683	0	
39.4407	-39.2794	31.5764	0	
50.508	-28.3975	97.3497	0	
43.9355	-47.6453	157.596	0	
57.0294	-29.0001	20.3367	0	
48.2697	-33.9094	18.1932	0	
53.059	-47.72	18.0206	0	
146.739	-35.2634	389.485	0	
141.083	-48.4033	397.166	0	
-171.12	-37.8728	946.735	0	
-73.0349	-48.8114	1088.26	0	
-12.6794	-31.8279	196.268	0	
-7.11451	-38.7862	272.047	0	
-126.706	-35.6751	1048.25	0	
-120.757	-31.7185	763.946	0	
-116.584	-45.0329	988.504	0	
-102.338	-25.7597	589.281	0	
-126.333	-45.697	1123.7	0	
-90.3084	-40.7522	668.098	0	
-232.636	-4.02057	203.293	0	
-213.24	-13.2876	228.156	0	
-83.0809	-48.9441	539.829	0	
112.882	-53.996	378.493	0	
-41.8717	-39.7232	598.927	0	
-36.3206	-55.0703	196.072	0	
-51.4248	-68.4389	425.116	0	
9.79367	-57.9625	259.644	0	
54.3783	-39.7232	79.7456	0	
92.7142	-53.006	623.764	0	
154.638	-31.4481	407.849	0	
162.265	-25.6367	449.423	0	
146.844	-43.5002	319.414	0	
174.146	-25.0927	417.307	0	
-10.5586	-47.7958	691.136	0	
26.2122	-47.5873	65.5181	0	
-99.9985	-36.0407	900.433	0	
-96.6648	-27.4598	803.791	0	
-98.8599	-43.4908	922.395	0	
-80.4857	-35.5349	594.19	0	
-163.404	-50.9608	1111.87	0	
-107.716	-63.4503	990.614	0	
-90.5028	-35.2672	752.994	0	
-94.2465	-45.8076	819.109	0	
155.531	-25.6086	294.518	0	
162.53	-38.6767	360.956	0	
145.406	-55.4476	320.734	0	
154.317	-46.2331	345.444	0	
-213.385	-66.8866	222.503	0	
-68.9458	-57.4799	371.212	0	
-90.1982	-53.4761	914.058	0	
-83.9074	-41.2679	826.078	0	
162.103	-45.2249	361.472	0	
179.505	-41.8783	208.237	0	
-26.1557	-55.5594	693.896	0	
139.16	-65.0425	308.869	0	
197.836	-37.8736	124.984	0	
182.569	-22.1973	400.695	0	
84.0431	-43.7432	118.601	0	
105.034	-36.7207	471.809	0	
152.77	-54.4151	306.089	0	
130.092	-61.4294	320.82	0	
118.312	-65.1624	583.443	0	
75.0509	-68.8235	276.331	0	
146.414	-81.4576	193.332	0	
-56.4852	-56.245	998.819	0	
36.3201	-53.5053	83.7228	0	
64.865	-77.0726	131.182	0	
112.416	-78.8413	146.259	0	
59.9585	-55.1042	182.112	0	
70.2087	-55.7224	31.6024	0	
190.375	-24.8482	219.632	0	
208.311	-28.8887	111.711	0	
178.328	-52.8869	167.315	0	
191.284	-60.8463	81.2462	0	
-88.1029	-75.4263	716.736	0	
201.257	-51.9863	67.7124	0	
232.766	-30.613	100.123	0	
-94.3526	-64.6703	1113.1	0	
-21.2176	-68.4889	727.174	0	
-136.235	-54.5345	1251.86	0	
-75.0762	-70.6121	842.745	0	
-135.57	-69.1305	939.366	0	
17.1658	-67.2349	223.905	0	
-40.3839	-67.1895	954.641	0	
-31.1675	-76.4316	436.516	0	
-40.0545	-114.942	636.48	0	
12.3999	-80.9419	445.637	0	
-62.4004	-77.8089	702.046	0	
87.3127	-69.9851	81.8666	0	
42.2377	-72.0126	208.091	0	
55.7444	-67.659	72.1938	0	
40.1802	-103.505	508.13	0	
95.4064	-81.6752	540.49	0	
28.0081	-85.7304	50.4158	0	
122.096	-92.0535	358.187	0	
161.728	-77.7738	65.4266	0	
-193.993	-43.518	336.811	0	
15.2296	-47.9657	444.757	0	
-2.66107	-58.4408	439.566	0	
-9.7003	-71.0667	498.469	0	
-2.01149	-84.2955	428.223	0	
-119.078	-74.1502	1137.71	0	
-32.1741	-91.5468	986.085	0	
-46.1975	-98.0428	556.124	0	
174.139	-96.1654	73.5089	0	
-93.5477	-95.5998	623.547	0	
177.439	-132.495	13.4894	0	
-14.5355	-96.8328	485.065	0	
214.807	-50.7788	78.5152	0	
227.722	-62.6715	33.8838	0	
-226.174	-52.2763	129.427	0	
140.1	-95.1239	128.569	0	
65.7718	-108.2	13.4027	0	
71.1759	-93.9508	609.104	0	
-196.369	-62.35	182.779	0	
-111.16	-95.5437	358.784	0	
-0.0955761	-124.944	250.587	0	
140.341	-120.541	63.9161	0	
149.26	-111.77	83.6289	0	
224.915	-82.6931	12.5186	0	
-149.645	-83.0905	809.03	0	
-181.387	-78.8859	386.421	0	
-223.27	-87.3322	43.1637	0	
206.301	-97.3985	40.7787	0	
-122.3	-109.469	465.654	0	
89.4554	-97.3917	56.212	0	
115.761	-106.486	77.2071	0	
94.5914	-125.39	34.6775	0	
100.129	-108.99	392.816	0	
-212.53	-108.31	92.459	0	
-187.663	-104.4	49.7107	0	
-61.1884	-90.7965	610.651	0	
-17.3938	-112.921	1149.93	0	
118.793	-131.494	48.7436	0	
78.5133	-128.04	334.362	0	
145.868	-135.276	74.2534	0	
29.3462	-123.276	77.6615	0	
-50.7969	-127.592	1014.9	0	
124.844	-118.328	175.388	0	
104.171	-136.052	235.842	0	
164.24	-142.504	32.1059	0	
167.986	-116.495	33.6037	0	
100.66	-156.977	58.5861	0	
131.518	-141.125	103.381	0	
68.4008	-148.446	23.5325	0	
208.027	-119.4	7.69588	0	
190.911	-84.7228	18.5007	0	
-79.309	-103.773	911.21	0	
-75.0605	-123.67	165.887	0	
-150.767	-144.01	79.7238	0	
-166.751	-116.842	394.183	0	
-117.627	-141.298	40.5784	0	
196.992	-135.207	14.7954	0	
-237.04	-135.177	34.1763	0	
210.321	-157.735	10.322	0	
231.512	-122.086	16.9558	0	
233.724	-149.676	6.38124	0	
-94.1678	-149.074	680.23	0	
44.8253	-148.377	344.919	0	
