# File: UnstructuredGrid_Inversion_L0_Coarse_Iter01.dat
# (No specific header documentation)

-161.25	-0.496475	211.238	0	
-159.375	-0.668155	261.798	0	
-65.625	-0.431516	229.585	0	
30.625	-0.431516	253.099	0	
-144.294	-102.036	202.88	0	
126.875	-0.668155	214.626	0	
31.875	-0.668155	266.271	0	
-165.826	-72.3824	244.716	0	
-64.375	-0.668155	248.061	0	
-120.32	-2.91409	233.58	0	
-147.888	-47.073	359.428	0	
-143.958	-2.01633	245.845	0	
-158.741	-19.8395	348.406	0	
-159.808	-14.2913	299.915	0	
-115.104	-1.86538	229.071	0	
-108.175	-49.9394	592.329	0	
-66.354	-1.86538	234.367	0	
-138.854	-1.86538	245.181	0	
-156.794	-6.05848	244.291	0	
-148.75	-1.09967	247.091	0	
-145.208	-2.72654	243.69	0	
-146.458	-2.01633	248.245	0	
-125.881	-3.06027	240.464	0	
-154.094	-4.85908	245.564	0	
-157.708	-2.01633	255.176	0	
-151.071	-10.8319	263.991	0	
-154.792	-2.72654	247.637	0	
-158.77	-3.86216	241.788	0	
125.625	-0.431516	223.343	0	
-24.0702	-2.91409	248.706	0	
-157.76	-5.35468	246.528	0	
-46.4583	-2.01633	238.767	0	
-157.292	-2.72654	244.185	0	
-160.13	-11.9534	276.344	0	
-18.854	-1.86538	261.067	0	
-151.295	-2.8545	248.612	0	
29.896	-1.86538	247.09	0	
-42.604	-1.86538	241.8	0	
-169.22	-2.04966	284.742	0	
-53.75	-1.09967	245.479	0	
-165.6	-1.76839	266.739	0	
-167.3	-0.925681	270.193	0	
-62.2917	-2.72654	239.577	0	
-171.389	-5.89642	301.083	0	
-61.0417	-3.47328	241.018	0	
-164.269	-10.8597	301.513	0	
-59.7917	-2.72654	239.465	0	
-68.125	-0.36089	227.56	0	
-65.5207	-2.1669	240.177	0	
-87.5	-1.09967	226.583	0	
-158.125	-0.431516	256.035	0	
-156.875	-0.668155	278.232	0	
-80.5207	-2.1669	234.559	0	
-157.5	-1.09967	230.977	0	
-70.625	-0.431516	229.314	0	
79.375	-0.668155	250.902	0	
-154.375	-0.668155	276.407	0	
55.625	-0.668155	233.488	0	
-153.125	-0.431516	272.164	0	
-150.625	-0.366631	271.91	0	
38.5417	-2.01633	244.438	0	
-153.75	-1.09967	254.54	0	
49.7917	-2.01633	239.842	0	
-155.625	-0.431516	268.492	0	
72.1798	-2.91409	239.216	0	
-162.583	-1.33918	234.449	0	
-60	-1.09967	228.316	0	
-149.375	-0.431516	261.865	0	
-155	-1.09967	238.541	0	
31.0415	-5.36053	237.747	0	
-148.125	-0.668155	273.842	0	
31.0341	-3.06466	240.564	0	
-146.875	-0.431516	260.319	0	
-147.5	-1.09967	230.899	0	
36.875	-0.668155	264.815	0	
32.7083	-2.01633	248.991	0	
-144.375	-0.431516	252.797	0	
28.125	-0.36089	253.843	0	
-137.5	-1.09967	249.971	0	
-139.375	-0.366631	234.725	0	
25.625	-0.431516	254.983	0	
-143.125	-0.668155	266.41	0	
33.75	-1.09967	243.209	0	
-143.75	-1.09967	243.273	0	
34.375	-0.668155	266.5	0	
8.75	-1.09967	246.669	0	
-136.875	-0.668155	229.971	0	
183.782	-3.55475	283.639	0	
-135.625	-0.431516	252.273	0	
-135	-0.798148	234.825	0	
135.922	-2.00504	238.284	0	
-136.25	-1.09967	245.448	0	
149.65	-2.73747	253.77	0	
131.936	-4.3008	251.089	0	
-131.25	-0.798148	235.933	0	
129.003	-2.80091	235.389	0	
-122.604	-1.86538	230.578	0	
-128.75	-1.09967	240.966	0	
129.375	-0.668155	212.862	0	
-130.625	-0.431516	241.265	0	
133.125	-0.668155	236.49	0	
-130	-1.09967	245.464	0	
141.875	-0.668155	228.304	0	
-138.125	-0.431516	250.051	0	
15.7293	-2.1669	246.072	0	
128.75	-1.09967	233.761	0	
-121.25	-1.09967	227.597	0	
120.625	-0.431516	219.225	0	
-121.875	-0.431516	222.32	0	
-120.625	-0.668155	233.414	0	
110.744	-2.06993	234.301	0	
-123.125	-0.366631	234.147	0	
123.125	-0.36089	220.784	0	
-116.875	-0.36089	222.676	0	
-120	-1.09967	230.326	0	
-133.661	-2.93321	243.388	0	
-115.625	-0.366631	226.059	0	
-114.375	-0.431516	222.698	0	
-127.5	-0.798148	234.864	0	
-113.75	-1.09967	227.744	0	
-119.375	-0.431516	222.933	0	
-115	-0.798148	236.607	0	
100.625	-0.431516	227.75	0	
-93.125	-0.668155	217.954	0	
-112.5	-1.09967	231.272	0	
-103.125	-0.668155	230.435	0	
-111.25	-0.798148	230.121	0	
-103.75	-1.09967	232.903	0	
-114.271	-2.1669	232.101	0	
-111.875	-0.431516	222.03	0	
-110.328	-2.00504	231.965	0	
-111.994	-2.06993	232.703	0	
-108.125	-0.431516	225.408	0	
-141.875	-0.431516	245.931	0	
-104.375	-0.431516	228.71	0	
-95.104	-1.86538	227.361	0	
-142.5	-1.09967	234.459	0	
-105.625	-0.366631	227.644	0	
-110.625	-0.366631	224.117	0	
-108.75	-1.09967	232.641	0	
-109.375	-0.668155	225.246	0	
-113.125	-0.668155	227.356	0	
-104.405	-3.52006	230.434	0	
-128.125	-0.431516	242.743	0	
127.708	-2.01633	230.249	0	
-102.5	-1.09967	234.702	0	
43.125	-0.668155	240.09	0	
-129.375	-0.668155	223.201	0	
-101.875	-0.431516	227.105	0	
-133.125	-0.668155	250.634	0	
-99.375	-0.668155	225.043	0	
-101.25	-0.798148	231.521	0	
-90.9973	-2.80091	233.31	0	
-134.375	-0.366631	231.179	0	
-95.625	-0.366631	219.515	0	
-150.089	-1.76841	254.869	0	
-73.854	-1.86538	231.961	0	
-92.5	-1.09967	235.659	0	
-148.968	-2.99641	248.112	0	
-94.375	-0.431516	219.365	0	
-151.875	-0.668155	268.49	0	
-93.75	-1.09967	229.215	0	
-135.744	-2.06993	241.837	0	
-149.256	-2.06993	249.261	0	
-88.75	-0.798148	225.693	0	
-147.292	-2.01633	253.826	0	
-81.354	-1.86538	226.365	0	
-86.25	-1.09967	223.486	0	
-146.25	-1.09967	244.87	0	
-88.125	-0.431516	214.599	0	
-145.625	-0.668155	272.744	0	
-156.042	-2.01633	252.847	0	
-81.875	-0.366631	232.165	0	
-150	-0.798148	244.711	0	
-79.375	-0.668155	237.307	0	
-73.75	-0.798148	236.599	0	
-153.542	-2.01633	255.161	0	
-80.625	-0.431516	219.312	0	
-155.208	-2.01633	258.239	0	
-85.625	-0.431516	216.387	0	
-156.25	-1.09967	251.905	0	
-91.875	-0.431516	218.448	0	
-138.75	-0.798148	242.557	0	
-158.75	-1.09967	244.762	0	
-72.5	-1.09967	228.196	0	
-20.625	-0.36089	266.451	0	
-73.125	-0.431516	226.678	0	
-71.875	-0.668155	244.505	0	
-23.125	-0.431516	268.057	0	
-74.375	-0.366631	241.674	0	
-158.542	-2.01633	243.247	0	
-31.25	-0.798148	247.884	0	
-71.25	-1.09967	228.194	0	
3.125	-0.668155	260.448	0	
-66.875	-0.366631	245.117	0	
30.7293	-2.1669	244.532	0	
-14.0777	-2.00504	252.46	0	
-65	-1.09967	229.015	0	
-8.15454	-3.52006	249.648	0	
-66.25	-0.798148	239.354	0	
-37.4111	-2.93321	234.527	0	
-18.0207	-2.1669	254.293	0	
-63.125	-0.431516	231.986	0	
-15.7444	-2.06993	251.033	0	
-60.625	-0.431516	233.18	0	
-59.375	-0.668155	250.786	0	
-14.375	-0.366631	277.691	0	
-61.875	-0.668155	249.182	0	
-13.125	-0.668155	274.294	0	
-46.875	-0.431516	244.185	0	
-58.125	-0.431516	233.446	0	
-33.125	-0.668155	237.672	0	
-54.375	-0.431516	249.003	0	
-53.125	-0.668155	225.416	0	
-41.7707	-2.1669	240.019	0	
-55.625	-0.366631	230.391	0	
-41.4106	-3.16569	235.417	0	
-58.75	-1.09967	230.333	0	
-44.375	-0.36089	245.09	0	
-62.5	-1.09967	228.99	0	
-6.875	-0.668155	259.89	0	
-78.75	-1.09967	224.6	0	
-152.5	-1.09967	244.256	0	
-39.4944	-2.06993	239.206	0	
-51.875	-0.431516	242.48	0	
-56.875	-0.668155	252.144	0	
-49.375	-0.431516	241.882	0	
-48.125	-0.668155	224.362	0	
-55.0889	-1.76841	237.775	0	
-48.75	-1.09967	246.614	0	
-38.125	-0.366631	239.83	0	
-42.5	-0.798148	235.933	0	
-41.25	-1.09967	249.314	0	
-50.625	-0.668155	224.79	0	
-41.875	-0.431516	254.417	0	
-40.625	-0.668155	229.168	0	
-52.2917	-2.01633	237.724	0	
-43.125	-0.366631	227.434	0	
-54.2556	-2.06993	238.929	0	
-47.5	-1.09967	246.048	0	
-53.9679	-2.99641	238.017	0	
-61.25	-1.09967	230.049	0	
-39.375	-0.431516	255.436	0	
-62.7083	-2.01633	239.144	0	
-33.75	-1.09967	250.334	0	
-35	-0.798148	232.976	0	
-55	-0.798148	233.557	0	
-38.75	-0.798148	242.472	0	
-61.0417	-2.01633	238.185	0	
-57.5	-1.09967	225.839	0	
-26.354	-1.86538	251.776	0	
-63.5417	-2.01633	238.002	0	
-31.875	-0.431516	266.147	0	
-25	-1.09967	232.171	0	
-69.375	-0.668155	246.181	0	
-32.5	-1.09967	252.717	0	
-63.75	-1.09967	229.035	0	
-34.375	-0.431516	268.361	0	
-58.5417	-2.01633	237.548	0	
-40	-1.09967	251.22	0	
-51.25	-1.09967	246.076	0	
-73.0207	-2.1669	238.228	0	
-25.625	-0.431516	262.703	0	
-71.0417	-2.01633	235.314	0	
-18.75	-0.798148	261.83	0	
-23.75	-1.09967	246.444	0	
-70	-1.09967	229.192	0	
-24.375	-0.668155	286.548	0	
-67.5054	-1.48403	234.583	0	
-78.125	-0.431516	223.391	0	
-19.375	-0.366631	290.66	0	
-80	-1.09967	224.595	0	
-16.875	-0.668155	286.661	0	
-16.25	-1.09967	247.663	0	
93.5212	-2.84299	239.808	0	
-18.125	-0.431516	275.479	0	
-91.4583	-2.01633	228.248	0	
-17.5	-1.09967	241.089	0	
-75.625	-0.36089	222.95	0	
82.5446	-2.8545	242.081	0	
-15	-0.798148	239.6	0	
101.503	-2.80091	239.667	0	
-12.5	-1.09967	235.992	0	
-11.875	-0.431516	273.233	0	
83.125	-0.668155	236.453	0	
-7.5	-1.09967	251.739	0	
89.375	-0.668155	253.488	0	
81.875	-0.366631	246.695	0	
-8.125	-0.431516	269.321	0	
73.125	-0.431516	241.006	0	
-6.25	-1.09967	252.541	0	
-5.625	-0.431516	264.333	0	
66.6193	-3.06027	242.392	0	
1.14595	-1.86538	252.556	0	
75.625	-0.36089	240.311	0	
-9.375	-0.366631	267.861	0	
80.5056	-2.06993	242.84	0	
-15.625	-0.431516	274.853	0	
99.375	-0.668155	243.487	0	
-26.875	-0.366631	284.425	0	
-67.5	-0.727521	238.991	0	
-52.5	-1.09967	245.866	0	
-36.875	-0.668155	266.372	0	
-137.661	-3.16569	245.915	0	
-5	-0.798148	237.541	0	
-3.125	-0.668155	262.544	0	
63.125	-0.668155	236.184	0	
2.5	-1.09967	241.773	0	
0.625	-0.366631	264.81	0	
58.4223	-2.00504	240.524	0	
59.375	-0.668155	248.685	0	
1.875	-0.431516	263.279	0	
58.125	-0.366631	235.446	0	
3.75	-1.09967	251.055	0	
4.375	-0.431516	264.532	0	
51.875	-0.36089	247.136	0	
22.396	-1.86538	247.682	0	
56.7556	-2.06993	240.701	0	
7.5	-0.798148	241.318	0	
65.9223	-2.00504	240.219	0	
42.2821	-2.99641	243.015	0	
8.125	-0.431516	255.035	0	
41.9944	-2.06993	243.228	0	
10	-1.09967	234.884	0	
10.625	-0.431516	258.444	0	
45.625	-0.668155	234.561	0	
14.896	-1.86538	249.506	0	
53.75	-0.798148	240.532	0	
45	-1.09967	243.739	0	
15.625	-0.431516	255.037	0	
41.1611	-1.76841	245.381	0	
22.5	-0.798148	241.753	0	
17.5	-1.09967	232.861	0	
33.5417	-2.01633	245.388	0	
16.875	-0.668155	264.809	0	
39.375	-0.668155	261.679	0	
14.375	-0.366631	265.826	0	
43.9583	-2.01633	243.131	0	
23.75	-1.09967	240.761	0	
49.375	-0.431516	245.625	0	
37.7083	-2.01633	249.301	0	
21.875	-0.366631	263.228	0	
35	-1.09967	230.388	0	
24.375	-0.668155	263.524	0	
30	-0.798148	240.927	0	
35.2083	-2.01633	250.231	0	
23.125	-0.431516	253.759	0	
38.75	-1.09967	241.442	0	
28.7446	-1.48403	250.887	0	
31.25	-1.09967	238.594	0	
28.75	-0.727521	257.54	0	
125.729	-2.1669	232.66	0	
32.5	-1.09967	228.431	0	
25.2083	-2.01633	248.371	0	
29.375	-0.366631	265.707	0	
23.2293	-2.1669	244.946	0	
25	-1.09967	231.934	0	
26.875	-0.668155	263.429	0	
20.625	-0.36089	253.311	0	
36.25	-1.09967	242.108	0	
4.79167	-2.01633	250.413	0	
42.5	-1.09967	247.109	0	
37.5	-1.09967	229.814	0	
16.25	-1.09967	242.907	0	
35.625	-0.431516	253.558	0	
18.125	-0.431516	254.659	0	
151.875	-0.431516	268.591	0	
40.625	-0.366631	248.811	0	
149.375	-0.431516	256.467	0	
53.646	-1.86538	241.234	0	
43.75	-1.09967	247.407	0	
149.529	-1.8473	253.674	0	
41.875	-0.431516	256.008	0	
144.672	-2.00504	249.781	0	
38.125	-0.431516	251.191	0	
154.375	-0.36089	268.896	0	
33.125	-0.431516	254.255	0	
26.25	-1.09967	245.138	0	
44.375	-0.431516	252.527	0	
41.25	-0.798148	247.285	0	
143.006	-2.06993	242.262	0	
47.5	-1.09967	245.621	0	
138.75	-0.727521	237.732	0	
48.125	-0.668155	231.869	0	
48.75	-1.09967	246.658	0	
136.875	-0.668155	218.742	0	
46.875	-0.431516	248.451	0	
144.375	-0.366631	242.499	0	
140	-0.798148	237.399	0	
53.125	-0.366631	231.822	0	
135.625	-0.366631	239.983	0	
77.396	-1.86538	240.835	0	
56.25	-1.09967	243.998	0	
130.625	-0.366631	224.83	0	
54.375	-0.431516	243.215	0	
134.256	-2.06993	232.822	0	
55	-1.09967	243.081	0	
136.619	-3.06027	237.481	0	
121.875	-0.668155	218.925	0	
57.5	-0.798148	236.518	0	
61.25	-0.798148	242.043	0	
62.5	-1.09967	242.937	0	
61.875	-0.431516	245.372	0	
118.229	-2.1669	234.062	0	
56.875	-0.431516	248.768	0	
123.745	-1.48403	225.266	0	
120.208	-2.01633	232.172	0	
69.896	-1.86538	240.02	0	
115.625	-0.36089	221.364	0	
64.375	-0.431516	248.905	0	
71.25	-1.09967	233.699	0	
113.125	-0.431516	221.591	0	
63.75	-1.09967	242.933	0	
121.25	-1.09967	230.86	0	
69.375	-0.366631	248.196	0	
123.75	-0.727521	224.8	0	
91.25	-0.798148	244.126	0	
131.161	-1.76841	228.606	0	
106.875	-0.431516	227.918	0	
70.625	-0.431516	239.618	0	
-116.255	-1.48403	227.656	0	
77.5	-0.798148	243.023	0	
72.5	-1.09967	232.151	0	
-121.771	-2.1669	233.231	0	
71.875	-0.668155	250.742	0	
-118.125	-0.668155	231.362	0	
-119.792	-2.01633	233.743	0	
76.875	-0.366631	250.059	0	
-123.75	-0.727521	232.344	0	
124.896	-1.86538	227.957	0	
80	-1.09967	237.315	0	
-125.625	-0.668155	240.12	0	
78.125	-0.431516	239.135	0	
-118.75	-1.09967	227.38	0	
78.75	-1.09967	236.012	0	
-116.25	-0.727521	229.27	0	
-86.875	-0.668155	224.357	0	
81.25	-0.798148	244.893	0	
-90.625	-0.668155	216.274	0	
83.75	-1.09967	246.772	0	
84.375	-0.431516	246.66	0	
-92.2917	-2.01633	228.856	0	
88.75	-1.09967	232.24	0	
-98.9788	-2.84299	232.234	0	
-98.125	-0.431516	225.711	0	
88.125	-0.431516	234.279	0	
-109.955	-2.8545	235.994	0	
90	-1.09967	232.232	0	
90.625	-0.431516	232.838	0	
-95	-0.798148	235.509	0	
97.396	-1.86538	236.035	0	
-98.75	-1.09967	229.395	0	
86.875	-0.366631	249.296	0	
-91.25	-1.09967	228.261	0	
80.625	-0.431516	239.92	0	
-94.2707	-2.1669	229.921	0	
101.042	-2.01633	235.589	0	
145.625	-0.668155	268.168	0	
-100.625	-0.366631	227.365	0	
93.125	-0.668155	228.935	0	
-105.089	-1.76841	232.258	0	
96.875	-0.366631	242.661	0	
98.75	-1.09967	231.607	0	
-106.875	-0.668155	226.941	0	
-105	-0.798148	239.421	0	
117.396	-1.86538	229.878	0	
-107.5	-1.09967	239.089	0	
105	-1.09967	243.05	0	
103.75	-0.798148	231.694	0	
-111.161	-1.76841	229.244	0	
100	-1.09967	231.93	0	
-108.542	-2.01633	233.578	0	
98.125	-0.431516	226.598	0	
-113.909	-3.16789	235.7	0	
-140.625	-0.36089	264.27	0	
111.25	-1.09967	230.06	0	
-134.078	-2.00504	236.157	0	
109.375	-0.366631	228.897	0	
110.625	-0.431516	220.026	0	
-122.5	-0.798148	238.248	0	
106.25	-1.09967	237.141	0	
-140.005	-1.48403	245.803	0	
-126.875	-0.366631	223.643	0	
117.5	-0.798148	237.951	0	
-131.339	-1.76841	235.084	0	
118.75	-1.09967	229.791	0	
116.875	-0.366631	221.214	0	
-134.911	-1.76841	239.378	0	
112.5	-1.09967	234.317	0	
-131.875	-0.366631	230.093	0	
111.875	-0.668155	229.163	0	
-128.244	-2.06993	238.807	0	
104.375	-0.431516	231.596	0	
-110	-1.03479	234.524	0	
-151.25	-1.03479	257.675	0	
119.375	-0.668155	222.391	0	
-139.484	-2.19037	243.623	0	
120	-1.09967	238.441	0	
126.25	-1.09967	230.801	0	
-140	-0.727521	243.845	0	
125	-0.798148	234.533	0	
-150.922	-2.00504	252.992	0	
-144.792	-2.01633	252.804	0	
172.314	-2.47004	305.221	0	
-20.0054	-1.48403	261.975	0	
128.125	-0.431516	221.133	0	
132.5	-1.09967	225.01	0	
-25.5207	-2.1669	253.547	0	
127.5	-1.09967	242.331	0	
-21.875	-0.668155	285.83	0	
124.375	-0.366631	212.766	0	
-145	-1.09967	229.399	0	
-23.5417	-2.01633	248.419	0	
131.875	-0.431516	215.376	0	
-27.5	-0.727521	241.47	0	
133.75	-1.09967	228.12	0	
134.375	-0.431516	215.889	0	
-29.375	-0.668155	277.032	0	
139.896	-1.86538	241.511	0	
-22.5	-1.09967	225.182	0	
9.375	-0.668155	264.589	0	
141.25	-1.09967	247.239	0	
5.625	-0.668155	256.483	0	
140.625	-0.431516	253.254	0	
156.146	-1.86538	255.961	0	
3.95833	-2.01633	247.342	0	
139.375	-0.366631	222.045	0	
-2.72879	-2.84299	245.484	0	
135	-0.798148	240.255	0	
1.97929	-2.1669	248.81	0	
131.25	-0.798148	231.088	0	
-20	-0.727521	245.599	0	
118.125	-0.431516	221.665	0	
-133.75	-1.03479	231.55	0	
-1.875	-0.431516	258.815	0	
143.125	-0.431516	255.445	0	
-13.7054	-2.8545	246.191	0	
150	-1.09967	239.717	0	
146.25	-1.09967	239.402	0	
1.25	-0.798148	252.243	0	
143.75	-0.798148	244.839	0	
-2.5	-1.09967	243.373	0	
-4.375	-0.366631	259.894	0	
150.625	-0.668155	276.295	0	
-8.83895	-1.76841	255.483	0	
151.25	-1.09967	248.748	0	
157.5	-1.09967	254.531	0	
-17.6594	-3.16789	241.592	0	
156.25	-0.798148	246.772	0	
-10.625	-0.668155	272.937	0	
148.125	-0.366631	268.763	0	
-5.74439	-2.06993	244.126	0	
-12.2917	-2.01633	255.63	0	
156.875	-0.431516	258.32	0	
-14.9111	-1.76841	257.108	0	
158.958	-1.16463	244.713	0	
160	-0.496475	238.352	0	
-13.75	-1.03479	260.602	0	
158.125	-0.668155	214.137	0	
-11.25	-1.09967	256.808	0	
-43.7554	-1.48403	240.254	0	
159.338	-2.74918	238.583	0	
-26.25	-0.798148	256.546	0	
164.35	-1.76839	287.013	0	
166.05	-0.925681	289.702	0	
-31.9944	-2.06993	240.053	0	
155.521	-4.78762	240.881	0	
-37.8277	-2.00504	245.434	0	
161.333	-1.33918	252.133	0	
-45.625	-0.668155	226.841	0	
155.625	-0.366631	260.042	0	
-8.75	-0.798148	259.741	0	
-35.625	-0.366631	237.979	0	
174.762	-1.34606	296.219	0	
-38.6611	-1.76841	240.793	0	
177.527	-2.9619	292.892	0	
168.496	-7.04709	316.091	0	
-37.5	-1.03479	227.313	0	
166.796	-10.6094	311.884	0	
-35.0889	-1.76841	243.091	0	
-55.9223	-2.00504	237.169	0	
154.805	-6.09945	225.405	0	
-43.75	-0.727521	243.171	0	
119.775	-42.5718	279.638	0	
169.138	-29.3032	287.366	0	
-47.2917	-2.01633	237.21	0	
199.784	-4.78957	243.649	0	
-51.0417	-2.72654	240.277	0	
177.385	-6.05361	297.054	0	
-56.25	-1.03479	228.843	0	
-50	-1.09967	245.695	0	
-68.75	-1.02905	225.969	0	
-66.9845	-2.19037	238.653	0	
-49.7917	-2.01633	237.657	0	
28.7125	-3.24559	241.203	0	
-75.0054	-1.48403	231.839	0	
-79.0702	-2.91409	235.511	0	
-76.875	-0.668155	240.443	0	
-71.5702	-2.91409	238.334	0	
168.693	-54.0604	225.517	0	
-46.25	-1.09967	246.057	0	
167.97	-2.04966	295.965	0	
-30.625	-0.366631	250	0	
142.5	-1.09967	255.635	0	
5	-1.09967	237.106	0	
-75	-0.727521	237.827	0	
-101.994	-2.06993	235.221	0	
-78.5417	-2.01633	231.432	0	
65	-0.798148	236.167	0	
-77.5	-1.09967	227.461	0	
-82.5	-0.727521	235.803	0	
-84.375	-0.668155	229.167	0	
98.2293	-2.1669	238.007	0	
105.625	-0.668155	219.993	0	
92.1723	-2.00504	239.682	0	
101.875	-0.668155	240.122	0	
100.208	-2.01633	238.73	0	
101.25	-1.09967	230.347	0	
94.375	-0.431516	245.441	0	
93.75	-1.09967	243.269	0	
88.0955	-3.52006	238.718	0	
97.5	-0.798148	242.994	0	
90.5056	-2.06993	243.596	0	
91.875	-0.366631	244.175	0	
85.625	-0.668155	234.453	0	
87.4111	-1.76841	240.425	0	
82.1723	-2.00504	241.503	0	
87.5	-0.798148	242.562	0	
83.9583	-2.01633	241.777	0	
85	-1.09967	246.866	0	
81.3389	-1.76841	242.731	0	
82.5	-1.03479	246.941	0	
74.375	-0.668155	251.066	0	
76.2446	-1.48403	241.841	0	
70.7293	-2.1669	240.917	0	
76.25	-0.727521	245.298	0	
72.7083	-2.01633	242.391	0	
73.75	-1.09967	236.832	0	
68.75	-0.727521	244.563	0	
66.875	-0.668155	248.281	0	
58.8389	-2.93321	242.279	0	
70	-0.798148	240.56	0	
64.2556	-2.06993	240.63	0	
65.625	-0.366631	236.099	0	
60.625	-0.366631	238.479	0	
61.1611	-1.76841	240.773	0	
57.5889	-1.76841	240.681	0	
58.75	-1.03479	235.847	0	
50.625	-0.668155	229.172	0	
52.4946	-1.48403	242.27	0	
45.2083	-2.72654	243.198	0	
52.5	-0.727521	240.75	0	
48.9583	-2.01633	242.002	0	
50	-1.09967	246.532	0	
46.25	-1.09967	248.004	0	
46.4583	-2.01633	242.831	0	
40	-1.03479	235.807	0	
40.3277	-2.00504	247.834	0	
27.5	-1.02905	241.756	0	
29.2655	-2.19037	245.389	0	
24.6798	-2.91409	240.078	0	
121.042	-2.01633	232.085	0	
19.375	-0.668155	262.868	0	
21.2446	-1.48403	250.843	0	
17.1798	-2.91409	241.231	0	
21.25	-0.727521	257.435	0	
17.7083	-2.01633	249.687	0	
18.75	-1.09967	247.273	0	
13.75	-0.727521	259.635	0	
11.875	-0.668155	265.152	0	
153.125	-0.668155	272.38	0	
154.995	-1.48403	257.318	0	
145.155	-3.05088	243.252	0	
155	-0.727521	247.537	0	
151.458	-2.01633	253.557	0	
152.5	-1.09967	239.652	0	
146.875	-0.431516	247.59	0	
148.696	-1.54577	257.146	0	
147.758	-2.24637	253.012	0	
148.75	-0.798148	259.257	0	
143.839	-1.76841	245.036	0	
145	-1.03479	228.916	0	
138.125	-0.36089	240.294	0	
138.745	-1.48403	238.613	0	
135.089	-1.76841	233.477	0	
136.25	-1.03479	240.018	0	
130	-1.03479	240.28	0	
130.328	-2.00504	230.43	0	
122.5	-1.02905	232.706	0	
124.266	-2.19037	233.074	0	
119.68	-2.91409	236.907	0	
156.979	-2.1669	234.671	0	
114.375	-0.668155	228.177	0	
116.245	-1.48403	227.462	0	
112.163	-2.94281	236.652	0	
116.25	-0.727521	228.104	0	
112.708	-2.01633	233.85	0	
113.75	-1.09967	228.017	0	
108.125	-0.668155	219.019	0	
109.911	-1.76841	232.613	0	
-117.5	-1.02905	227.281	0	
-115.734	-2.19037	233.916	0	
-138.021	-2.1669	238.656	0	
-67.5375	-3.24559	240.585	0	
-124.375	-0.36089	224.502	0	
-123.755	-1.48403	229.717	0	
-88.0056	-2.06993	230.074	0	
-81.25	-0.798148	231.933	0	
-86.0417	-2.01633	228.01	0	
-85	-1.09967	229.388	0	
-89.375	-0.366631	218.477	0	
-88.8389	-1.76841	224.296	0	
-96.875	-0.36089	219.129	0	
-96.2554	-1.48403	225.797	0	
-95.7345	-2.19037	233.041	0	
-96.25	-0.727521	227.231	0	
-101.161	-1.76841	231.594	0	
-100	-1.03479	236.355	0	
-106.25	-1.03479	232.679	0	
-105.922	-2.00504	234.029	0	
-70.2083	-2.01633	237.277	0	
-100.328	-2.00504	231.559	0	
-141.25	-0.792406	247.071	0	
-140.814	-2.07688	243.761	0	
-153.54	-3.47677	247.276	0	
-123.787	-3.24559	237.89	0	
-127.411	-1.76841	234.668	0	
-126.25	-1.03479	228.144	0	
-132.5	-1.03479	225.981	0	
-132.172	-2.00504	241.824	0	
-118.958	-2.01633	231.776	0	
-126.578	-2.00504	233.741	0	
-202.353	-21.532	274.167	0	
-119.833	-3.79821	242.162	0	
-21.25	-1.02905	252.254	0	
-19.4845	-2.19037	249.535	0	
-27.5375	-3.24559	244.341	0	
5.25269	-2.80091	243.884	0	
-28.125	-0.36089	250.121	0	
-27.5054	-1.48403	252.284	0	
8.24439	-2.06993	246.728	0	
15	-0.798148	242.888	0	
10.2083	-2.01633	251.044	0	
11.25	-1.09967	248.306	0	
6.875	-0.366631	265.171	0	
7.41105	-1.76841	250.657	0	
-0.625	-0.36089	263.893	0	
-0.00541199	-1.48403	255.308	0	
0.51554	-2.19037	247.076	0	
0	-0.727521	246.34	0	
-4.91105	-1.76841	252.106	0	
-3.75	-1.03479	251.057	0	
-10	-1.03479	245.437	0	
-9.67228	-2.00504	256.437	0	
26.0417	-2.01633	244.725	0	
-4.07772	-2.00504	247.257	0	
-45	-1.02905	247.962	0	
-43.2345	-2.19037	237.716	0	
-50.2083	-2.72654	241.961	0	
-29.6307	-3.06027	235.783	0	
-31.1611	-1.76841	246.21	0	
-30	-1.03479	229.607	0	
-36.25	-1.03479	234.031	0	
-35.9223	-2.00504	239.068	0	
-22.7083	-2.01633	256.467	0	
-30.3277	-2.00504	247.957	0	
-60.2083	-2.01633	240.411	0	
-51.4583	-2.01633	238.798	0	
-68.3387	-1.78555	238.359	0	
-68.4751	-2.84652	236.888	0	
-76.25	-1.02905	223.808	0	
-74.4845	-2.19037	236.587	0	
-77.7083	-2.01633	233.903	0	
-105.61	-4.06799	237.554	0	
-83.125	-0.36089	216.705	0	
-82.5054	-1.48403	226.764	0	
104.494	-2.06993	234.797	0	
110	-0.798148	240.058	0	
106.458	-2.01633	235.97	0	
107.5	-1.09967	246.038	0	
103.125	-0.366631	224.463	0	
103.661	-1.76841	232.702	0	
95.625	-0.36089	224.395	0	
96.2446	-1.48403	237.133	0	
96.7655	-2.19037	241.177	0	
96.25	-0.727521	238.269	0	
91.3389	-1.76841	240.853	0	
92.5	-1.03479	249.42	0	
86.25	-1.03479	247.881	0	
86.5777	-2.00504	242.494	0	
78.2293	-2.1669	241.597	0	
78.5906	-3.16789	239.636	0	
75	-1.02905	235.884	0	
76.7655	-2.19037	242.519	0	
68.7125	-3.24559	241.606	0	
123.713	-3.24559	238.815	0	
68.125	-0.36089	238.519	0	
68.7446	-1.48403	240.809	0	
65.0889	-1.76841	240.581	0	
66.25	-1.03479	235.913	0	
60	-1.03479	236.297	0	
60.3277	-2.00504	243.123	0	
54.4793	-2.1669	240.367	0	
73.5417	-2.01633	240.63	0	
51.25	-1.02905	250.099	0	
53.0155	-2.19037	241.502	0	
40.4973	-3.78292	242.903	0	
54.8394	-3.16569	243.885	0	
39.0027	-2.80091	244.523	0	
44.7917	-2.01633	241.95	0	
27.9113	-1.78555	249.639	0	
27.7749	-2.84652	243.428	0	
20	-1.02905	242.924	0	
21.7655	-2.19037	245.679	0	
-9.36018	-4.06799	240.958	0	
18.5417	-2.01633	245.138	0	
13.125	-0.36089	255.874	0	
13.7446	-1.48403	252.801	0	
153.75	-1.02905	256.422	0	
155.516	-2.19037	244.932	0	
142.62	-3.22837	251.62	0	
144.069	-5.7607	243.997	0	
147.5	-0.798148	251.225	0	
146.771	-2.1669	245.771	0	
140.729	-2.1669	245.728	0	
150.746	-2.90651	244.737	0	
137.5	-1.02905	248.895	0	
139.266	-2.19037	239.428	0	
130.64	-4.06799	236.73	0	
141.177	-3.32534	239.364	0	
131.994	-2.06993	237.631	0	
129.955	-2.8545	240.932	0	
128.542	-2.01633	232.469	0	
127.18	-2.91409	237.139	0	
122.911	-1.78555	231.133	0	
122.775	-2.84652	233.709	0	
115	-1.02905	229.158	0	
116.766	-2.19037	236.173	0	
86.8898	-4.06799	241.62	0	
113.542	-2.01633	233.075	0	
108.75	-1.03479	235.556	0	
109.078	-2.00504	235.173	0	
-117.089	-1.78555	233.469	0	
-117.225	-2.84652	232.507	0	
-125	-1.02905	224.768	0	
-123.234	-2.19037	236.148	0	
-78.5826	-3.79821	237.863	0	
-143.899	-7.68728	245.75	0	
-90	-1.03479	230.812	0	
-89.6723	-2.00504	228.393	0	
-97.5	-0.792406	236.723	0	
-97.0644	-2.07688	235.236	0	
-116.287	-3.24559	236.563	0	
-108.125	-3.34884	239.302	0	
-104.256	-2.06993	236.447	0	
-112.466	-3.07092	233.934	0	
-107.708	-2.01633	232.849	0	
-116.633	-5.94785	246.288	0	
-141.434	-1.75189	244.793	0	
-142.267	-2.05915	250.156	0	
-130.506	-2.06993	234.913	0	
-141.756	-5.80291	248.828	0	
-140.354	-6.17065	240.61	0	
-130.457	-4.4054	235.584	0	
-20.8387	-1.78555	253.107	0	
-20.9751	-2.84652	248.933	0	
-28.75	-1.02905	239.722	0	
-26.9845	-2.19037	244.668	0	
-43.7875	-3.24559	239.775	0	
-46.3858	-5.74538	249.775	0	
6.25	-1.03479	252.792	0	
6.57772	-2.00504	248.366	0	
-1.25	-0.792406	254.136	0	
-0.814428	-2.07688	246.15	0	
-20.0375	-3.24559	245.156	0	
-11.875	-3.34884	240.346	0	
-8.00561	-2.06993	248.426	0	
-16.2164	-3.07092	243.215	0	
-11.4583	-2.01633	250.786	0	
-20.3828	-5.94785	241.6	0	
-44.5887	-1.78555	237.586	0	
-44.7251	-2.84652	237.798	0	
-34.2556	-2.06993	244.054	0	
-49.5151	-8.22246	252.885	0	
-44.2462	-5.42835	244.066	0	
-34.2075	-4.4054	243.611	0	
-75.0375	-3.24559	238.563	0	
25.1674	-3.79821	237.258	0	
-75.8387	-1.78555	235.46	0	
-75.9751	-2.84652	234.759	0	
-83.75	-1.02905	220.829	0	
-81.9845	-2.19037	233.658	0	
-90.0446	-2.8545	233.283	0	
-86.5873	-2.94281	233.657	0	
102.5	-1.03479	228.796	0	
102.828	-2.00504	238.151	0	
95	-0.792406	239.473	0	
95.4356	-2.07688	240.077	0	
76.2125	-3.24559	240.625	0	
84.375	-3.34884	240.058	0	
88.2444	-2.06993	241.315	0	
80.0336	-3.07092	238.661	0	
84.7917	-2.01633	241.06	0	
75.8672	-5.94785	238.967	0	
75.4113	-1.78555	243.742	0	
75.2749	-2.84652	240.792	0	
67.5	-1.02905	235.066	0	
69.2655	-2.19037	241.823	0	
52.4625	-3.24559	242.521	0	
49.8642	-5.74538	240.877	0	
61.9944	-2.06993	241.554	0	
46.7349	-8.22246	241.173	0	
52.0038	-5.42835	244.846	0	
62.0425	-4.4054	241.149	0	
51.6613	-1.78555	240.577	0	
51.5249	-2.84652	242.25	0	
21.2125	-3.24559	241.327	0	
107.75	-4.43486	243.365	0	
20.4113	-1.78555	249.984	0	
20.2749	-2.84652	243.758	0	
12.5	-1.02905	243.888	0	
14.2655	-2.19037	247.193	0	
6.20541	-2.8545	244.53	0	
9.66268	-2.94281	242.232	0	
154.161	-1.78555	251.058	0	
154.025	-2.84652	250.446	0	
152.292	-2.01633	255.315	0	
139.039	-4.35802	239.356	0	
137.911	-1.78555	236.003	0	
137.775	-2.84652	240.84	0	
116.213	-3.24559	239.902	0	
154.963	-3.24559	238.041	0	
115.411	-1.78555	234.527	0	
115.275	-2.84652	235.662	0	
107.292	-2.01633	232.708	0	
109.247	-3.78292	241.91	0	
-140.037	-3.24559	240.773	0	
-71.0826	-3.79821	239.479	0	
-124.589	-1.78555	236.711	0	
-124.725	-2.84652	233.295	0	
-92.8202	-2.91409	231.935	0	
-85.2083	-2.01633	229.558	0	
-97.684	-1.75189	228.129	0	
-98.5173	-2.05915	233.205	0	
-152.708	-2.01633	256.383	0	
-145.211	-4.15655	243.957	0	
-23.5826	-3.79821	238.331	0	
3.37811	-4.98343	240.269	0	
-28.3387	-1.78555	247.08	0	
-28.4751	-2.84652	242	0	
3.42981	-2.91409	245.403	0	
11.0417	-2.01633	246.729	0	
-1.43402	-1.75189	253.36	0	
-2.26735	-2.05915	250.234	0	
-48.9583	-3.47328	242.906	0	
-47.6197	-4.31165	244.489	0	
-88.4261	-3.92482	238.574	0	
-92.8719	-4.98343	237.723	0	
-83.3387	-1.78555	231.58	0	
-83.4751	-2.84652	231.28	0	
99.6798	-2.91409	237.059	0	
107.753	-2.80091	239.864	0	
94.816	-1.75189	240.111	0	
93.9827	-2.05915	239.541	0	
72.6674	-3.79821	241.243	0	
120.167	-3.79821	243.924	0	
67.9113	-1.78555	243.068	0	
67.7749	-2.84652	240.593	0	
47.2917	-3.47328	241.461	0	
50.1448	-3.88818	241.322	0	
17.6674	-3.79821	237.638	0	
-0.0374544	-3.24559	241.37	0	
12.9113	-1.78555	251.482	0	
12.7749	-2.84652	245.52	0	
148.483	-4.32001	250.37	0	
187.308	-1.93891	272.25	0	
147.862	-1.54577	252.291	0	
148.712	-3.13655	242.96	0	
133.929	-3.08731	243.091	0	
138.713	-3.24559	245.752	0	
90.6555	-3.51902	239.105	0	
102.455	-2.8545	236.695	0	
-152.829	-5.21478	243.848	0	
-131.801	-4.25718	250.766	0	
-122.157	-4.23242	237.288	0	
-96.2875	-3.24559	237.324	0	
-46.1052	-3.88818	241.478	0	
-35.5505	-4.25718	231.047	0	
-25.9071	-4.23242	248.068	0	
13.7125	-3.24559	242.497	0	
-100.639	-4.06622	234.676	0	
-82.5375	-3.24559	236.298	0	
48.6303	-4.31165	241.699	0	
96.2125	-3.24559	238.724	0	
60.6995	-4.25718	243.716	0	
70.3429	-4.23242	240.718	0	
-4.38926	-4.06622	239.424	0	
7.82395	-3.92482	239.86	0	
146.42	-3.14785	251.721	0	
147.178	-4.41078	236.183	0	
34.7917	-2.72654	241.526	0	
33.9583	-2.72654	244.071	0	
126.034	-3.06466	236.743	0	
126.041	-5.36183	244.024	0	
-147.837	-2.94281	244.928	0	
-142.682	-2.77243	242.493	0	
-160.208	-1.16463	212.763	0	
-201.338	-10.2031	282.229	0	
-153.958	-2.72654	250.238	0	
-152.247	-2.80091	249.169	0	
-156.042	-3.47328	245.563	0	
-156.458	-2.72654	250.967	0	
-52.8373	-2.94281	241.04	0	
-49.7917	-3.47328	240.897	0	
-58.9583	-2.72654	241.467	0	
-57.7083	-2.01633	240.897	0	
-56.2946	-2.8545	240.918	0	
-57.2473	-2.80091	237.29	0	
-65.2159	-3.06466	237.302	0	
-65.2085	-5.36053	244.261	0	
-72.7159	-3.06466	235.041	0	
-69.5113	-3.00667	236.643	0	
43.4127	-2.94281	241.103	0	
46.4583	-3.47328	243.568	0	
36.0417	-2.01633	245.696	0	
32.5816	-3.68836	240.246	0	
32.1798	-2.91409	240.847	0	
36.4583	-2.72654	244.493	0	
23.5341	-3.06466	239.472	0	
26.7387	-3.00667	242.987	0	
118.534	-3.06466	239.658	0	
121.739	-3.00667	237.614	0	
-121.466	-3.06466	237.525	0	
-118.261	-3.00667	236.537	0	
-93.9659	-3.06466	234.644	0	
-93.9594	-5.36183	244.266	0	
-109.003	-2.80091	233.659	0	
-107.247	-2.80091	234.689	0	
-146.042	-2.72654	248.738	0	
-147.44	-3.72538	246.097	0	
-25.2159	-3.06466	237.105	0	
-22.0113	-3.00667	242.302	0	
2.28409	-3.06466	242.554	0	
2.29056	-5.36183	237.262	0	
-12.7527	-2.80091	247.757	0	
-10.9973	-2.80091	250.638	0	
-48.9583	-2.01633	238.944	0	
-45.7613	-3.00667	237.935	0	
-52.44	-3.72538	241.063	0	
-48.5417	-2.72654	239.8	0	
-80.2159	-3.06466	232.053	0	
-77.0113	-3.00667	233.916	0	
98.5341	-3.06466	241.087	0	
98.5406	-5.36183	243.888	0	
83.4973	-2.80091	241.045	0	
85.2527	-2.80091	242.375	0	
71.0341	-3.06466	240.153	0	
74.2387	-3.00667	241.523	0	
47.2917	-2.01633	240.997	0	
50.4887	-3.00667	243.782	0	
43.81	-3.72538	241.479	0	
47.7083	-2.72654	243.563	0	
16.0341	-3.06466	241.255	0	
19.2387	-3.00667	244.105	0	
151.132	-3.93062	242.89	0	
152.989	-3.00667	244.467	0	
111.032	-2.99641	239.54	0	
114.239	-3.00667	239.271	0	
-87.7179	-2.99641	230.889	0	
-84.5113	-3.00667	232.168	0	
8.53206	-2.99641	244.863	0	
11.7387	-3.00667	245.549	0	
104.782	-2.99641	240.15	0	
102.997	-3.78292	241.202	0	
-143.54	-2.72962	248.089	0	
-140.951	-3.13784	245.131	0	
-99.9558	-2.85377	235.307	0	
-97.2008	-3.13784	232.301	0	
-3.70582	-2.85377	245.564	0	
-0.950756	-3.13784	247.501	0	
92.5442	-2.85377	241.789	0	
95.2992	-3.13784	241.03	0	
41.5739	-3.92482	238.006	0	
46.0417	-2.72654	241.846	0	
127.582	-3.68916	240.967	0	
132.502	-3.08731	233.838	0	
127.128	-4.98343	242.236	0	
128.572	-3.57598	241.937	0	
-152.662	-3.55114	246.668	0	
-152.231	-4.40508	245.74	0	
-159.148	-3.04538	238.253	0	
-165.564	-17.3854	357.924	0	
-154.373	-3.97501	244.816	0	
-150.753	-3.78292	247.348	0	
-160.293	-8.30276	259.196	0	
-155.208	-3.47328	248.809	0	
-158.057	-10.316	268.618	0	
-143.957	-3.47621	243.341	0	
-58.5398	-3.47677	240.447	0	
-57.2309	-4.40508	243.557	0	
-61.4583	-2.72654	240.933	0	
-57.6621	-3.55114	243.723	0	
-62.7232	-3.50081	241.885	0	
-55.7527	-3.78292	239.36	0	
-64.0702	-2.91409	240.063	0	
-63.6684	-3.68836	241.689	0	
-61.8899	-3.99904	245.046	0	
-60.2083	-3.47328	242.481	0	
-72.8478	-5.56717	242.937	0	
-69.264	-5.46522	243.011	0	
39.9554	-2.8545	240.604	0	
39.0191	-4.40508	241.198	0	
37.2917	-2.72654	241.318	0	
38.5879	-3.55114	240.437	0	
34.3601	-3.99904	239.58	0	
37.7102	-3.47677	243.344	0	
35.2083	-3.47328	243.322	0	
33.5268	-3.50081	241.017	0	
23.4022	-5.56717	233.105	0	
26.986	-5.46522	239.712	0	
118.402	-5.56717	248.065	0	
114.489	-5.47929	243.652	0	
-121.598	-5.56717	248.864	0	
-125.6	-5.31383	246.902	0	
-92.4178	-3.68916	238.688	0	
-89.5027	-3.78292	235.91	0	
-90.9952	-4.42757	240.539	0	
-86.1036	-3.83222	236.46	0	
-109.687	-5.39772	248.252	0	
-106.295	-2.8545	233.956	0	
-110.64	-4.06799	234.072	0	
-98.2818	-3.59669	241.485	0	
-146.478	-3.50911	244.953	0	
-141.985	-3.52613	246.312	0	
-25.3478	-5.56717	238.125	0	
-29.3495	-5.31383	241.207	0	
3.83223	-3.68916	240.038	0	
6.7473	-3.78292	242.137	0	
5.25478	-4.42757	239.532	0	
10.1464	-3.83222	240.752	0	
-13.4371	-5.39772	232.624	0	
-10.0446	-2.8545	246.216	0	
-14.3898	-4.06799	242.867	0	
-2.03178	-3.59669	238.849	0	
-51.4777	-3.50911	242.421	0	
-47.7083	-2.72654	241.96	0	
-51.0637	-4.19254	242.633	0	
-47.2189	-3.60804	239.115	0	
-80.3478	-5.56717	242.533	0	
-84.2613	-5.47929	241.857	0	
100.082	-3.68916	241.76	0	
112.646	-3.83222	243.66	0	
110.324	-3.92482	240.028	0	
107.317	-3.58364	239.388	0	
82.8129	-5.39772	242.213	0	
86.2054	-2.8545	240.117	0	
81.8602	-4.06799	237.76	0	
94.2182	-3.59669	240.36	0	
70.9022	-5.56717	242.848	0	
66.9005	-5.31383	243.038	0	
44.7723	-3.50911	241.082	0	
48.5417	-2.72654	241.364	0	
45.1863	-4.19254	242.856	0	
49.0311	-3.60804	244.124	0	
15.9022	-5.56717	232.315	0	
11.9887	-5.47929	237.143	0	
108.705	-2.8545	237.875	0	
101.072	-3.57598	238.507	0	
-91.4282	-3.57598	236.255	0	
-94.651	-4.21812	235.874	0	
4.82178	-3.57598	241.845	0	
1.59897	-4.21812	241.187	0	
105.913	-2.94281	237.042	0	
106.31	-3.72554	241.965	0	
97.849	-4.21812	237.375	0	
101.505	-4.42757	241.364	0	
-144.792	-3.47313	247.833	0	
-146.064	-4.19253	246.52	0	
-103.124	-4.43041	249.989	0	
-108.125	-4.73217	234.658	0	
-6.87403	-4.43041	223.136	0	
-11.875	-4.73217	242.974	0	
89.376	-4.43041	242.14	0	
84.375	-4.73217	239.544	0	
121.393	-3.89079	243.402	0	
143.936	-3.97268	246.268	0	
125.349	-4.21812	241.158	0	
129.043	-4.50658	241.197	0	
-154.834	-5.62943	243.533	0	
-149.676	-3.92482	242.473	0	
-156.465	-4.16242	246.742	0	
-88.4597	-6.17559	248.904	0	
-157.746	-3.54331	246.252	0	
-157.336	-4.23245	244.075	0	
-155.953	-5.20944	245.942	0	
-151.274	-4.58327	243.13	0	
-87.8931	-5.00841	239.967	0	
-54.6761	-3.92482	244.885	0	
-59.3731	-3.97501	245.113	0	
7.79028	-6.17559	234.871	0	
-65.9011	-4.21822	243.977	0	
-59.3047	-5.11624	245.199	0	
-64.1215	-4.98124	245.985	0	
-60.5387	-5.90518	251.06	0	
8.35687	-5.00841	239.139	0	
92.527	-5.11846	242.815	0	
30.3489	-4.21822	238.53	0	
32.1285	-4.98124	239.287	0	
36.0417	-3.47328	241.655	0	
34.378	-5.06466	240.886	0	
35.7113	-5.90518	237.493	0	
36.8769	-3.97501	240.252	0	
-101.844	-3.51902	230.214	0	
-99.973	-5.11846	252.767	0	
-145.501	-5.7656	245.059	0	
-69.8571	-3.89079	242.935	0	
-156.677	-7.51666	252.588	0	
-49.707	-5.1949	245.154	0	
-148.977	-5.20289	247.516	0	
-147.813	-5.59213	241.495	0	
-5.59449	-3.51902	249.458	0	
-3.72305	-5.11846	229.289	0	
-56.2742	-4.58327	246.734	0	
26.3929	-3.89079	236.041	0	
-39.9676	-3.06872	239.404	0	
46.543	-5.1949	242.965	0	
-53.9766	-5.20289	242.336	0	
-50.211	-4.15672	244.595	0	
-55.8234	-5.70833	245.146	0	
-48.5258	-4.17689	242.491	0	
-52.8132	-5.59213	250.356	0	
-47.2738	-5.38006	244.039	0	
91.8607	-4.06622	238.338	0	
105.879	-5.0575	241.071	0	
36.9453	-5.11624	241.264	0	
130.158	-4.945	249.895	0	
56.2824	-3.06872	241.898	0	
110.29	-6.17488	242.913	0	
42.2734	-5.20289	243.611	0	
46.039	-4.15672	241.864	0	
40.4266	-5.70833	242.35	0	
47.7242	-4.17689	243.885	0	
39.9758	-4.58327	238.174	0	
48.9762	-5.38006	244.748	0	
-90.0224	-4.58092	242.641	0	
-89.5124	-5.89001	243.105	0	
6.22758	-4.58092	238.075	0	
6.73765	-5.89001	238.702	0	
102.928	-5.70651	241.567	0	
107.848	-6.54104	249.389	0	
104.074	-3.92482	239.513	0	
104.773	-5.20318	242.253	0	
99.6281	-4.98343	238.66	0	
102.478	-4.58092	240.101	0	
-150.823	-5.70833	246.576	0	
-143.779	-5.33843	243.932	0	
76.6284	-4.52398	240.933	0	
144.244	-11.4317	200.515	0	
128.127	-5.50143	247.909	0	
128.872	-6.93342	244.495	0	
-158.777	-5.20944	247.318	0	
-143.448	-4.30353	246.458	0	
-161.732	-2.79975	225.248	0	
-207.299	-15.0218	282.849	0	
-182.365	-35.5359	412.639	0	
-79.1691	-5.28353	242.726	0	
-150.997	-8.59138	240.855	0	
-57.1302	-6.3947	252.806	0	
-61.872	-5.06466	245.594	0	
-58.0402	-5.47194	247.813	0	
-115.872	-4.52398	239.341	0	
17.0809	-5.28353	236.508	0	
-19.6216	-4.52398	241.053	0	
108.728	-4.58055	242.851	0	
38.2098	-5.47194	239.917	0	
43.4368	-5.59213	237.388	0	
-139.58	-4.60081	248.232	0	
-145.691	-7.03602	244.861	0	
-96.7489	-6.89898	242.55	0	
-97.1496	-5.26597	248.899	0	
-149.602	-6.18605	240.443	0	
-134.449	-4.25718	235.468	0	
-31.5017	-4.16217	232.984	0	
39.1198	-6.3947	237.73	0	
-0.498874	-6.89898	243.793	0	
-0.89962	-5.26597	232.535	0	
-70.5474	-6.44535	253.68	0	
-54.6024	-6.18605	252.557	0	
-52.4014	-4.79453	242.645	0	
-51.4417	-5.03664	246.014	0	
-52.0429	-7.10465	246.695	0	
-50.5017	-5.76581	246.074	0	
-54.1682	-7.76797	248.914	0	
-36.3389	-2.93321	240.724	0	
-48.8551	-5.21507	245.3	0	
-48.0926	-6.0103	249.127	0	
64.7483	-4.16217	243.355	0	
110.857	-5.00834	244.88	0	
95.7511	-6.89898	243.271	0	
95.3504	-5.26597	238.079	0	
25.7026	-6.44535	231.071	0	
41.6476	-6.18605	235.859	0	
43.8486	-4.79453	243.331	0	
44.8083	-5.03664	240.857	0	
44.2071	-7.10465	244.648	0	
45.7483	-5.76581	243.489	0	
42.0818	-7.76797	244.976	0	
59.9111	-2.93321	240.587	0	
47.3949	-5.21507	243.424	0	
48.1574	-6.0103	241.694	0	
-91.9104	-5.42242	244.823	0	
-90.925	-6.50437	252.186	0	
4.33964	-5.42242	237.073	0	
5.32497	-6.50437	235.703	0	
106.858	-5.46739	243.018	0	
109.237	-5.889	244.309	0	
45.559	-7.03622	239.75	0	
104.147	-6.18687	241.872	0	
100.59	-5.42242	240.932	0	
100.817	-6.41692	242.893	0	
-147.401	-4.79453	247.575	0	
-146.442	-5.03663	244.593	0	
-147.043	-7.10465	249.301	0	
-144.707	-5.19453	246.027	0	
-149.168	-7.76797	251.359	0	
-132.589	-2.93321	233.828	0	
-154.178	-7.28627	247.634	0	
-151.919	-6.13754	242.805	0	
-67.2642	-6.91889	250.584	0	
-50.691	-7.03622	253.523	0	
28.9858	-6.91889	239.99	0	
57.9209	-9.10125	238.462	0	
-165.569	-3.72058	255.307	0	
-124.19	-5.40086	244.132	0	
-65.8105	-6.63734	254.399	0	
-38.3291	-9.10125	258.14	0	
-59.0799	-8.70786	261.551	0	
-25.746	-9.39498	269.454	0	
-36.875	-5.27905	243.845	0	
-45.618	-4.95711	242.376	0	
30.4395	-6.63734	237.269	0	
104.619	-8.07335	243.783	0	
37.1701	-8.70786	237.749	0	
121.986	-5.46522	240.004	0	
59.375	-5.27905	242.766	0	
50.632	-4.95711	244.569	0	
-100.432	-7.15932	233.14	0	
-118.014	-5.46522	238.929	0	
-4.18243	-7.15932	250.499	0	
-21.764	-5.46522	248.179	0	
101.373	-10.8863	232.677	0	
97.6668	-7.08742	234.664	0	
74.486	-5.46522	241.79	0	
92.0676	-7.15932	236.314	0	
-142.782	-6.56075	243.016	0	
-142.334	-4.31064	241.867	0	
-152.527	-7.43868	246.059	0	
-121.996	-9.39498	271.339	0	
-136.218	-3.06872	237.369	0	
-128.568	-3.08143	234.539	0	
-38.1995	-4.25718	237.262	0	
-32.318	-3.08143	242.743	0	
58.0505	-4.25718	242.259	0	
63.932	-3.08143	240.755	0	
133.106	-6.04794	241.135	0	
130.428	-6.60412	243.349	0	
123.985	-6.91734	243.579	0	
150.848	-20.0464	265.03	0	
-155.18	-8.32445	246.29	0	
-52.0799	-10.5411	253.974	0	
-40.8588	-5.44334	239.881	0	
-43.3792	-4.50999	235.397	0	
55.3912	-5.44334	244.756	0	
52.8708	-4.50999	245.892	0	
-87.5848	-7.52916	255.03	0	
-84.8609	-3.89608	239.907	0	
8.66524	-7.52916	234.777	0	
11.3891	-3.89608	237.584	0	
120.703	-6.44535	256.129	0	
113.889	-3.89608	242.73	0	
-94.8332	-7.08742	248.166	0	
-127.752	-4.16217	245.905	0	
-136.015	-9.53859	253.725	0	
-118.607	-3.89079	239.745	0	
-44.375	-6.99919	258.693	0	
-22.3571	-3.89079	243.6	0	
-42.8302	-8.44515	247.59	0	
-40.8536	-7.44458	253.659	0	
51.875	-6.99919	238.946	0	
73.8929	-3.89079	239.851	0	
53.4198	-8.44515	245.635	0	
55.3964	-7.44458	243.298	0	
-45.8903	-7.18841	246.209	0	
-48.1439	-7.56208	250.917	0	
50.3597	-7.18841	245.827	0	
48.1061	-7.56208	243.085	0	
-141.655	-10.9683	246.376	0	
-134.129	-6.10622	255.353	0	
-52.772	-8.29733	263.29	0	
-46.8296	-8.37487	265.934	0	
43.478	-8.29733	232.901	0	
49.4204	-8.37487	233.215	0	
-164	-0.842706	241.863	0	
-160.19	-2.6252	236.153	0	
-171.26	-1.12398	291.686	0	
-163.118	-4.25546	254.721	0	
157.984	-3.31993	245.339	0	
162.75	-0.842706	270.802	0	
160.879	-2.92373	256.992	0	
162.233	-4.81544	273.191	0	
149.806	-4.94504	230.542	0	
157.495	-4.95032	229.744	0	
136.186	-4.14103	249.272	0	
140.456	-4.52612	252.615	0	
-73.4071	-4.23242	243.296	0	
-71.6691	-5.28353	243.943	0	
-80.4167	-10.3326	287.559	0	
-64.8646	-8.3096	255.192	0	
-77.3571	-3.89079	241.686	0	
-74.2262	-6.72899	264.509	0	
22.8429	-4.23242	236.335	0	
24.5809	-5.28353	236.501	0	
15.8333	-10.3326	223.233	0	
31.3854	-8.3096	241.849	0	
18.8929	-3.89079	235.649	0	
22.0238	-6.72899	229.291	0	
117.843	-4.23242	241.96	0	
119.581	-5.28353	240.986	0	
112.877	-7.50462	242.595	0	
125.437	-6.63718	248.138	0	
111.164	-7.52928	251.095	0	
117.03	-6.73778	252.197	0	
-120.419	-5.28353	238.115	0	
-119.297	-6.44535	258.04	0	
-147.08	-10.5411	260.119	0	
-106.019	-7.46803	250.331	0	
-144.559	-9.99967	258.556	0	
-147.772	-8.29733	244.758	0	
-24.1691	-5.28353	250.941	0	
-23.0474	-6.44535	242.63	0	
1.41684	-7.08742	235.315	0	
-9.76913	-7.46803	232.773	0	
-27.9404	-5.40086	248.119	0	
-23.5704	-9.08967	273.343	0	
-80.9071	-4.23242	240.941	0	
-78.0474	-6.44535	257.024	0	
-74.2388	-9.20929	246.781	0	
-76.764	-5.46522	241.746	0	
-81.7196	-6.73778	259.546	0	
-82.2148	-8.98906	257.631	0	
72.0809	-5.28353	240.903	0	
73.2026	-6.44535	242.211	0	
102.182	-6.54766	241.828	0	
86.4809	-7.46803	243.572	0	
68.3096	-5.40086	242.221	0	
93.8488	-8.33358	238.685	0	
15.3429	-4.23242	237.312	0	
18.2026	-6.44535	226.281	0	
22.0112	-9.20929	254.595	0	
19.486	-5.46522	237.133	0	
14.5304	-6.73778	229.997	0	
14.0352	-8.98906	242.399	0	
112.049	-4.96932	242.17	0	
113.194	-6.11121	250.284	0	
107.957	-10.0357	254.743	0	
114.373	-9.53907	244.002	0	
-86.7013	-4.9694	242.973	0	
-85.556	-6.11128	248.308	0	
-85.8729	-7.50385	255.191	0	
-84.3782	-9.53722	268.187	0	
9.54871	-4.9694	236.571	0	
10.694	-6.11128	234.068	0	
10.3771	-7.50385	234.233	0	
11.8718	-9.53722	233.965	0	
132.08	-7.47425	258.921	0	
134.746	-4.16808	240.339	0	
124.075	-4.31071	240.948	0	
123.313	-5.73457	248.177	0	
-67.1755	-4.31081	241.029	0	
-67.9367	-5.73467	249.499	0	
29.0745	-4.31081	238.613	0	
28.3133	-5.73467	233.849	0	
-95.9255	-4.31071	237.565	0	
-98.5926	-4.6597	234.478	0	
-103.786	-7.04865	230.376	0	
-106.563	-5.39772	244.563	0	
0.324502	-4.31071	241.095	0	
-2.3426	-4.6597	241.402	0	
-7.5359	-7.04865	251.863	0	
-10.3129	-5.39772	233.127	0	
96.5745	-4.31071	242.734	0	
93.9074	-4.6597	238.234	0	
88.7141	-7.04865	234.639	0	
103.633	-8.96714	241.158	0	
-62.0477	-8.8546	263.586	0	
34.2023	-8.8546	237.73	0	
-65.6604	-12.2385	256.375	0	
44.1701	-10.5411	242.93	0	
-43.9291	-11.1429	304.648	0	
106.762	-8.25621	238.304	0	
40.691	-8.79126	233.437	0	
126.259	-8.10539	242.015	0	
30.5896	-12.2385	260.577	0	
128.121	-8.37598	252.857	0	
98.349	-8.47005	248.24	0	
102.415	-7.9218	239.95	0	
-155.111	-10.7469	266.082	0	
-60.5733	-7.64358	253.678	0	
138.321	-5.52235	253.311	0	
152.541	-4.03078	238.649	0	
-138.552	-9.35636	264.566	0	
-137.06	-5.53416	244.72	0	
-129.996	-3.08143	244.296	0	
-129.047	-6.04201	253.291	0	
-33.7459	-3.08143	231.772	0	
-32.7973	-6.04201	235.986	0	
62.5041	-3.08143	242.48	0	
63.4527	-6.04201	244.788	0	
131.229	-11.2697	249.13	0	
151.99	-6.88415	225.824	0	
136.941	-5.40234	240.696	0	
141.133	-5.9764	239.721	0	
-74.6816	-4.325	242.491	0	
-75.4428	-5.74886	246.056	0	
21.5684	-4.325	234.965	0	
20.8072	-5.74886	231.828	0	
116.568	-4.325	245.902	0	
115.814	-5.75765	245.305	0	
-123.432	-4.325	243.332	0	
-126.314	-4.14101	237.408	0	
-115.576	-8.16642	261.324	0	
-113.246	-5.34905	242.116	0	
-27.1816	-4.325	235.522	0	
-30.0644	-4.14101	242.783	0	
-19.3257	-8.16642	258.197	0	
-16.996	-5.34905	238.129	0	
-82.1816	-4.325	240.867	0	
-82.9362	-5.75765	245.775	0	
69.0684	-4.325	242.252	0	
66.1856	-4.14101	241.421	0	
76.9243	-8.16642	249.985	0	
79.254	-5.34905	237.639	0	
14.0684	-4.325	235.91	0	
13.3138	-5.75765	232.867	0	
105.405	-12.0508	234.175	0	
116.536	-8.99008	229.097	0	
-93.9774	-8.66503	265.933	0	
-91.6041	-8.13534	257.684	0	
2.27255	-8.66503	230.095	0	
4.64589	-8.13534	235.626	0	
129.195	-10.2093	232.706	0	
146.046	-6.10183	247.61	0	
134.488	-5.91521	249.491	0	
135.867	-6.69788	252.207	0	
121.43	-8.68418	228.711	0	
123.385	-8.88682	245.611	0	
-69.8214	-8.68669	247.438	0	
-67.8655	-8.89079	259.452	0	
26.4286	-8.68669	253.572	0	
28.3845	-8.89079	239.161	0	
-66.1145	-9.89368	275.722	0	
-95.0051	-12.6851	303.129	0	
-55.559	-8.79126	262.147	0	
1.24494	-12.6851	214.98	0	
85.9371	-5.39772	238.494	0	
70.504	-9.39498	243.978	0	
99.9643	-7.8529	235.855	0	
101.084	-8.78437	245.238	0	
-119.82	-9.08967	247.01	0	
-122.652	-7.0343	246.083	0	
-127.769	-5.79877	241.409	0	
-125.499	-7.54635	258.287	0	
-48.3872	-12.3828	265.838	0	
-26.4019	-7.0343	258.418	0	
-31.5194	-5.79877	249.342	0	
-29.2492	-7.54635	251.218	0	
47.8628	-12.3828	225.944	0	
69.8481	-7.0343	242.54	0	
64.7306	-5.79877	241.291	0	
67.0008	-7.54635	241.203	0	
140.302	-7.00568	246.34	0	
142.7	-6.86574	244.488	0	
125.012	-9.68556	252.126	0	
195.519	-2.32667	253.105	0	
-98.6512	-8.33358	280.175	0	
35.6767	-7.64358	243.087	0	
-2.40124	-8.33358	213.529	0	
103.223	-11.1651	244.615	0	
72.6796	-9.08967	246.675	0	
95.07	-11.0041	250.376	0	
-136.973	-6.98397	252.854	0	
-135.349	-7.69153	249.243	0	
-32.1235	-10.677	262.493	0	
-33.5046	-8.27657	274.932	0	
64.1265	-10.677	233.417	0	
97.6545	-10.9522	230.181	0	
80.0504	-6.99449	248.105	0	
151.079	-11.5903	227.449	0	
-78.2205	-8.73643	251.434	0	
30.1355	-9.89368	235.026	0	
8.79112	-11.9339	237.8	0	
110.443	-9.50362	235.055	0	
-126.434	-6.49884	246.109	0	
-123.97	-6.77541	250.096	0	
-30.1836	-6.49884	246.203	0	
-27.72	-6.77541	246.564	0	
66.0664	-6.49884	243.473	0	
68.53	-6.77541	243.98	0	
150.025	-6.43618	237.196	0	
153.18	-5.49318	234.985	0	
147.57	-7.50219	218.122	0	
142.406	-9.04296	242.726	0	
-113.344	-8.75328	257.811	0	
-118.411	-11.2883	285.295	0	
-114.541	-4.53464	237.082	0	
-111.901	-4.28441	239.187	0	
-17.0944	-8.75328	246.999	0	
-21.2298	-10.3281	250.669	0	
-18.2907	-4.53464	242.343	0	
-15.6508	-4.28441	238.526	0	
79.1556	-8.75328	237.449	0	
75.0202	-10.3281	237.743	0	
77.9593	-4.53464	239.713	0	
80.5992	-4.28441	241.44	0	
-63.1585	-5.8593	250.782	0	
-63.2996	-7.91085	254.385	0	
33.0915	-5.8593	237.475	0	
32.9504	-7.91085	241.696	0	
-205.568	-32.9721	291.299	0	
-158.17	-8.54355	253.354	0	
-42.0494	-4.51844	239.997	0	
-39.5061	-4.39269	233.598	0	
54.2006	-4.51844	243.161	0	
56.7439	-4.39269	244.299	0	
-138.25	-4.60927	240.667	0	
-135.756	-4.39269	247.595	0	
132.732	-9.94285	231.045	0	
140.759	-8.90393	238.61	0	
-131.823	-7.75398	259.418	0	
-88.3496	-9.59591	272.3	0	
-29.7584	-9.79585	289.506	0	
7.90043	-9.59591	233.049	0	
62.7454	-8.27657	239.527	0	
52.3209	-11.1429	213.147	0	
86.5779	-13.8833	253.929	0	
208.99	-5.28426	225.684	0	
-59.5306	-11.2795	266.28	0	
-57.3001	-7.89572	252.823	0	
36.7194	-11.2795	242.226	0	
38.9499	-7.89572	243.693	0	
138.907	-6.71973	237.602	0	
136.37	-8.16582	235.52	0	
138.03	-8.06765	248.32	0	
139.214	-9.60327	231.282	0	
134.987	-10.2845	251.995	0	
161.413	-6.92918	261.905	0	
119.235	-10.2813	267.347	0	
95.7393	-17.4777	265.65	0	
-50.1748	-10.5347	272.959	0	
-46.4132	-10.8834	257.962	0	
46.0752	-10.5347	228.688	0	
49.8368	-10.8834	238.92	0	
-176.012	-1.34606	307.99	0	
-160.335	-6.5477	252.979	0	
-161.831	-10.7403	280.453	0	
-188.999	-19.3034	350.048	0	
158.946	-6.83953	254.159	0	
170.01	-1.12398	296.709	0	
-87.4589	-11.9339	277.816	0	
99.5587	-12.4369	252.582	0	
18.0295	-8.73643	247.541	0	
4.49832	-12.069	227.826	0	
-153.134	-12.2646	254.472	0	
-148.55	-12.2522	246.803	0	
-121.489	-14.4624	288.059	0	
-126.008	-9.79585	252.633	0	
104.932	-18.5916	247.476	0	
112.453	-11.0673	250.81	0	
-91.7517	-12.069	282.715	0	
-71.535	-10.5118	294.041	0	
5.3409	-14.035	249.98	0	
24.715	-10.5118	227.249	0	
-112.45	-6.99449	251.61	0	
-129.168	-15.7527	267.786	0	
-16.1996	-6.99449	244.93	0	
-27.5734	-11.3856	264.784	0	
-144.852	-16.8136	286.359	0	
-124.741	-12.1163	281.649	0	
-37.2846	-13.6039	312.755	0	
-6.7017	-12.0229	281.942	0	
66.4916	-9.79585	239.986	0	
58.9654	-13.6039	209.347	0	
112.419	-14.9051	202.283	0	
127.849	-11.938	245.523	0	
147.347	-10.4774	233.202	0	
153.266	-9.06305	221.406	0	
-122.779	-11.9203	256.504	0	
-102.474	-8.42323	288.91	0	
-20.7162	-13.563	292.523	0	
-6.22447	-8.42323	208.146	0	
75.5338	-13.563	254.075	0	
90.0255	-8.42323	246.163	0	
68.6766	-11.3856	233.772	0	
136.037	-12.2238	227.445	0	
-61.6144	-11.5018	257.164	0	
-55.5379	-10.963	258.565	0	
34.6356	-11.5018	250.298	0	
40.7121	-10.963	243.475	0	
128.852	-14.5637	228.919	0	
235.957	-15.9774	134.025	0	
-178.777	-2.9619	311.254	0	
-162.755	-6.23594	251.497	0	
-156.495	-11.7116	260.442	0	
-221.912	-14.5162	254.458	0	
-169.141	-4.00209	285.063	0	
-167.19	-4.8303	282.35	0	
164.287	-4.15658	281.257	0	
166.707	-4.43785	299.72	0	
155.354	-8.54876	236.793	0	
132.793	-16.0264	226.028	0	
-53.4549	-12.1835	277.639	0	
-9.67296	-13.8421	210.548	0	
42.7951	-12.1835	224.541	0	
33.1604	-13.2995	233.537	0	
-53.1756	-15.7705	269.59	0	
-138.938	-7.6289	249.455	0	
-134.594	-10.3937	262.156	0	
-155.484	-17.2341	292.756	0	
-127.52	-14.6602	282.405	0	
-47.7993	-19.2086	232.126	0	
-31.0758	-17.4153	271.075	0	
48.4507	-19.2086	217.804	0	
65.1742	-17.4153	202.364	0	
131.221	-14.31	233.086	0	
153.572	-16.0839	213.67	0	
-157.266	-14.2011	291.25	0	
43.0744	-15.7705	224.558	0	
11.0506	-11.9005	235.778	0	
89.5492	-12.064	238.936	0	
125.528	-11.6848	232.001	0	
119.86	-13.8177	206.138	0	
-167.135	-7.23969	292.514	0	
-192.539	-4.26558	300.788	0	
-133.857	-13.0595	292.882	0	
-129.198	-9.41262	259.182	0	
-228.19	-24.6897	247.541	0	
-128.413	-13.1119	261.002	0	
-132.411	-9.49708	259.918	0	
-132.552	-6.10622	238.31	0	
-166.307	-13.5038	314.47	0	
-108.605	-11.4398	249.325	0	
-130.943	-10.541	262.007	0	
-129.662	-7.54154	248.445	0	
-131.112	-14.0765	262.656	0	
-127.757	-10.8627	272.51	0	
-135.282	-19.8734	335.112	0	
-102.952	-12.0229	239.774	0	
-130.381	-12.4546	273.416	0	
-128.544	-17.3008	311.687	0	
-148.258	-15.1857	294.208	0	
-3.6662	-13.8175	201.267	0	
-125.443	-18.0933	290.165	0	
-125.597	-14.7313	267.472	0	
-62.6835	-17.1843	252.125	0	
-85.1994	-11.9005	284.323	0	
-124.144	-16.6164	289.54	0	
-121.999	-16.5434	279.865	0	
-91.6409	-16.373	301.755	0	
-70.7541	-13.472	254.556	0	
4.6091	-16.373	237.36	0	
25.4959	-13.472	273.465	0	
-110.152	-7.25958	243.505	0	
-116.205	-10.7321	258.995	0	
-13.9017	-7.25958	243.044	0	
-12.3545	-11.4398	271.266	0	
82.3483	-7.25958	237.634	0	
83.8955	-11.4398	235.374	0	
-83.8414	-14.5362	293.548	0	
-76.2546	-10.6507	293.683	0	
12.4086	-14.5362	245.289	0	
19.9954	-10.6507	226.877	0	
-97.6578	-11.3921	249.195	0	
-90.4292	-10.045	263.742	0	
-1.40778	-11.3921	267.349	0	
5.82085	-10.045	238.286	0	
-111.605	-11.7939	272.828	0	
-108.046	-8.66433	274.832	0	
-15.3552	-11.7939	249.493	0	
-11.7958	-8.66433	227.64	0	
80.8948	-11.7939	257.981	0	
84.4542	-8.66433	248.225	0	
-57.7296	-12.6391	277.446	0	
-56.3189	-16.133	250.384	0	
38.5204	-12.6391	226.578	0	
39.9311	-16.133	248.205	0	
-173.564	-2.47004	303.55	0	
-165.151	-8.11045	279.636	0	
157.521	-9.12614	253.222	0	
160.271	-11.5138	251.947	0	
-36.2393	-7.66183	246.771	0	
-40.908	-14.645	241.424	0	
60.0107	-7.66183	244.125	0	
55.342	-14.645	231.915	0	
92.8124	-13.4707	236.159	0	
138.603	-11.6407	241.952	0	
-114.482	-16.5569	265.958	0	
-119.297	-14.1357	270.008	0	
-106.853	-18.8267	250.342	0	
-90.9091	-14.035	279.42	0	
-63.0896	-13.2995	289.64	0	
-81.2221	-13.5164	281.56	0	
-119.75	-18.497	298.524	0	
-105.923	-13.8421	345.018	0	
-99.9162	-13.8175	332.03	0	
-124.617	-21.7604	298.293	0	
15.0279	-13.5164	255.741	0	
33.5665	-17.1843	266.762	0	
-177.258	-5.78191	321.38	0	
-175.551	-13.7225	354.54	0	
-170.014	-8.10752	305.364	0	
-170.068	-11.6224	342.521	0	
123.346	-14.3333	245.47	0	
130.766	-41.4755	278.265	0	
-117.966	-16.82	300.54	0	
-113.607	-13.3165	298.932	0	
-93.8748	-11.0032	257.226	0	
-93.6138	-16.0889	276.189	0	
2.37524	-11.0032	253.863	0	
2.63623	-16.0889	264.118	0	
-136.481	-15.5337	264.519	0	
46.237	-15.9763	185.404	0	
-50.013	-15.9763	339.153	0	
-33.8137	-14.565	333.859	0	
-118.828	-25.8063	399.603	0	
62.4363	-14.565	219.236	0	
-89.2433	-18.71	308.108	0	
-88.6959	-14.349	295.45	0	
7.00668	-18.71	252.182	0	
7.55411	-14.349	238.811	0	
-158.473	-25.925	412.665	0	
-57.5305	-27.6829	374.005	0	
-87.3706	-17.1144	290.894	0	
-82.1404	-18.8236	320.624	0	
-17.0729	-14.4419	259.842	0	
125.77	-16.4577	235.491	0	
8.87942	-17.1144	252.567	0	
14.1096	-18.8236	249.391	0	
218.789	-9.67962	187.667	0	
183.637	-7.09149	280.328	0	
135.243	-14.7675	227.706	0	
140.335	-13.8884	207.39	0	
-181.714	-1.61583	310.34	0	
-173.773	-5.29005	302.028	0	
163.087	-10.0309	293.796	0	
180.465	-1.61583	287.265	0	
-76.9341	-14.5113	273.071	0	
-67.81	-14.1067	301.061	0	
19.3159	-14.5113	270.575	0	
28.44	-14.1067	235.852	0	
-162.174	-17.4716	314.791	0	
-121.07	-22.2371	278.856	0	
-58.6684	-18.9989	331.673	0	
0.81144	-18.779	228.65	0	
37.5816	-18.9989	190.287	0	
107.856	-15.3565	240.07	0	
138.207	-15.8819	232.447	0	
143.531	-14.1381	240.675	0	
99.901	-16.4959	222.948	0	
79.1771	-14.4419	230.065	0	
-111.48	-20.2273	384.171	0	
-99.0883	-17.8006	262.562	0	
-27.2006	-15.1171	334.024	0	
-2.83826	-17.8006	284.4	0	
69.0494	-15.1171	230.86	0	
46.6928	-24.0743	146.365	0	
-166.112	-27.3981	420.318	0	
-68.8837	-22.4837	257.795	0	
-81.3835	-22.9609	269.776	0	
-67.2534	-16.8341	258.676	0	
14.8665	-22.9609	307.627	0	
28.9966	-16.8341	273.316	0	
125.531	-19.801	204.721	0	
145.65	-18.2045	193.104	0	
136.74	-19.4185	213.183	0	
140.986	-21.4915	240.713	0	
-74.1374	-16.0301	318.811	0	
-64.6977	-18.8508	291.984	0	
22.1126	-16.0301	241.197	0	
31.5523	-18.8508	236.625	0	
-95.4386	-18.779	335.909	0	
2.52004	-23.669	288.889	0	
27.3663	-22.4837	273.776	0	
30.7731	-22.4901	224.298	0	
-84.7755	-17.335	296.425	0	
-79.7054	-15.7809	300.123	0	
11.4745	-17.335	254.056	0	
16.5446	-15.7809	245.492	0	
218.255	-34.6155	152.938	0	
132.745	-19.8694	212	0	
-152.736	-16.2622	299.52	0	
-150.381	-17.763	280.29	0	
-144.708	-21.2594	308.948	0	
-141.325	-14.5407	294.437	0	
-62.9905	-26.6887	225.099	0	
-11.2357	-19.2992	295.081	0	
33.2595	-26.6887	258.008	0	
116.277	-16.8153	257.265	0	
-128.495	-23.6616	366.557	0	
19.247	-23.4473	255.434	0	
-188.557	-1.93891	305.415	0	
-196.769	-2.32667	291.825	0	
172.064	-6.00496	307.413	0	
174.369	-7.9727	304.862	0	
197.421	-9.75588	246.401	0	
191.289	-4.26558	265.792	0	
80.6149	-19.5449	258.485	0	
38.7195	-27.6829	153.566	0	
-73.6736	-19.0863	261.77	0	
-69.7337	-19.2556	314.169	0	
22.5764	-19.0863	292.885	0	
26.5163	-19.2556	242.282	0	
122.174	-26.556	202.262	0	
124.937	-40.2492	253.893	0	
-148.731	-22.1193	360.33	0	
-130.945	-20.0681	277.575	0	
-89.5076	-23.3158	298.034	0	
-77.003	-23.4473	332.419	0	
-71.1732	-25.5223	324.387	0	
-65.4769	-22.4901	315.724	0	
-169.77	-21.2264	370.723	0	
-64.5794	-30.6463	339.832	0	
-139.982	-23.3262	335.056	0	
-137.645	-30.9202	410.333	0	
-75.3526	-26.6553	284.426	0	
25.0768	-25.5223	234.94	0	
-31.4696	-23.2096	379.395	0	
73.7048	-20.502	228.244	0	
-23.6801	-16.4504	274.24	0	
-15.6351	-19.5449	273.884	0	
72.5699	-16.4504	219.467	0	
85.0151	-19.3404	224.332	0	
129.698	-22.0559	222.546	0	
117.076	-20.985	204.243	0	
-103.053	-20.9905	393.223	0	
-93.73	-23.669	286.595	0	
-49.5572	-24.0743	385.037	0	
6.74241	-23.3158	280.648	0	
-184.618	-8.98987	323.053	0	
-185.032	-3.55475	328.511	0	
-206.623	-2.79194	273.283	0	
-179.781	-9.87097	352.885	0	
180.177	-8.24429	293.535	0	
187.785	-10.442	282.61	0	
170.878	-14.4791	314.265	0	
159.464	-15.8639	296.94	0	
-85.4635	-32.3384	283.681	0	
20.8974	-26.6553	276.112	0	
-7.43655	-21.463	207.53	0	
90.9132	-21.5281	240.202	0	
-85.5482	-26.5803	367.08	0	
-18.107	-29.5111	348.267	0	
10.7018	-26.5803	230.049	0	
111.968	-28.0025	277.516	0	
-18.1435	-22.7175	256.404	0	
-22.5452	-20.502	311.144	0	
78.1065	-22.7175	218.944	0	
64.7804	-23.2096	178.249	0	
34.1156	-37.3795	233.553	0	
121.506	-22.1434	232.198	0	
-24.1065	-30.9545	242.465	0	
-6.83217	-26.5477	286.02	0	
-130.495	-31.0609	294.69	0	
174.884	-12.8846	318.245	0	
178.79	-12.8864	299.171	0	
-76.4692	-32.4504	264.724	0	
-69.3552	-29.4863	255.488	0	
-145.697	-34.3804	488.057	0	
-152.057	-27.6463	346.054	0	
19.7808	-32.4504	258.764	0	
26.8948	-29.4863	253.748	0	
1.24121	-36.2378	384.01	0	
13.9656	-32.8618	331.281	0	
184.118	-14.761	278.733	0	
227.701	-6.85826	184.896	0	
133.014	-34.6533	267.872	0	
-106.794	-33.2356	267.929	0	
31.6706	-30.6463	179.473	0	
-72.173	-34.0637	323.637	0	
-67.7476	-39.8274	284.487	0	
-22.5359	-47.4922	171.074	0	
127.182	-26.4913	230.502	0	
24.077	-34.0637	218.822	0	
28.5024	-39.8274	186.157	0	
-113.39	-24.9987	271.861	0	
-108.048	-28.3672	439.957	0	
106.947	-24.7538	216.078	0	
92.4297	-27.5266	241.01	0	
-218.447	-3.35033	255.925	0	
-175.995	-19.4449	390.909	0	
191.912	-9.23189	260.531	0	
201.219	-12.4705	223.694	0	
54.1181	-18.9378	154.674	0	
69.7905	-24.963	173.825	0	
-42.1319	-18.9378	386.494	0	
-26.4595	-24.963	308.53	0	
-192.319	-8.83173	306.947	0	
-201.547	-5.11861	287.16	0	
72.1435	-30.9545	231.638	0	
128.068	-30.7205	218.154	0	
42.4557	-33.5404	223.974	0	
78.143	-29.5111	170.851	0	
-62.1344	-37.3795	235.932	0	
-0.525287	-27.7753	208.562	0	
84.4836	-32.7829	258.8	0	
208.989	-20.8084	188.615	0	
-28.0097	-38.1045	409.01	0	
123.686	-35.5846	268.165	0	
-53.7943	-33.5404	208.355	0	
-35.3322	-36.6738	286.229	0	
100.921	-29.485	265.232	0	
161.838	-60.3262	247.493	0	
118.807	-29.1208	255.493	0	
116.094	-38.0682	282.826	0	
115.315	-25.5586	203.907	0	
112.121	-35.7127	210.095	0	
60.9178	-36.6738	188.386	0	
119.433	-33.9202	228.435	0	
120.859	-47.2293	250.5	0	
-183.583	-23.2797	355.283	0	
-95.5796	-32.8724	266.051	0	
-114.065	-35.7792	482.176	0	
68.2403	-38.1045	130.826	0	
32.7098	-63.156	178.116	0	
9.60751	-38.8404	189.076	0	
-225.327	-7.3709	252.168	0	
-187.923	-11.9402	323.466	0	
170.297	-36.5037	294.795	0	
163.474	-19.8544	279.821	0	
-196.34	-11.9773	303.048	0	
-194.679	-18.9528	307.197	0	
73.7994	-47.6214	342.678	0	
207.712	-10.3255	215.823	0	
204.86	-2.4629	229.163	0	
-212.356	-6.14227	266.915	0	
129.252	-50.7796	304.396	0	
133.997	-47.3484	251.88	0	
213.211	-14.7209	201.192	0	
215.594	-2.82136	199.985	0	
-220.733	-37.1938	236.391	0	
103.164	-47.8011	148.612	0	
189.04	-35.7251	249.51	0	
199.849	-18.9164	231.31	0	
169.619	-18.8059	324.966	0	
139.422	-30.3106	215.069	0	
-55.5317	-23.7287	211.319	0	
-37.3685	-24.4061	225.022	0	
-56.8093	-39.2794	419.193	0	
-45.742	-28.3975	217.789	0	
-52.3145	-47.6453	196.008	0	
-39.2206	-29.0001	374.12	0	
-47.9803	-33.9094	398.594	0	
-43.191	-47.72	487.723	0	
40.7183	-23.7287	249.571	0	
58.8815	-24.4061	203.789	0	
39.4407	-39.2794	131.307	0	
50.508	-28.3975	195.684	0	
43.9355	-47.6453	202.71	0	
57.0294	-29.0001	132.379	0	
48.2697	-33.9094	126.678	0	
53.059	-47.72	121.127	0	
146.739	-35.2634	295.539	0	
141.083	-48.4033	286.252	0	
-171.12	-37.8728	367.198	0	
-73.0349	-48.8114	504.607	0	
-12.6794	-31.8279	277.795	0	
-7.11451	-38.7862	182.89	0	
-126.706	-35.6751	419.334	0	
-120.757	-31.7185	285.017	0	
-116.584	-45.0329	293.043	0	
-102.338	-25.7597	276.466	0	
-126.333	-45.697	423.503	0	
-90.3084	-40.7522	284.791	0	
-232.636	-4.02057	249.935	0	
-213.24	-13.2876	260.361	0	
-83.0809	-48.9441	273.454	0	
112.882	-53.996	327.142	0	
-41.8717	-39.7232	228.328	0	
-36.3206	-55.0703	196.097	0	
-51.4248	-68.4389	232.289	0	
9.79367	-57.9625	250.399	0	
54.3783	-39.7232	176.033	0	
92.7142	-53.006	464.21	0	
154.638	-31.4481	289.574	0	
162.265	-25.6367	318.63	0	
146.844	-43.5002	253.007	0	
174.146	-25.0927	306.441	0	
-10.5586	-47.7958	390.184	0	
26.2122	-47.5873	181.258	0	
-99.9985	-36.0407	416.608	0	
-96.6648	-27.4598	387.94	0	
-98.8599	-43.4908	276.315	0	
-80.4857	-35.5349	343.05	0	
-163.404	-50.9608	513.805	0	
-107.716	-63.4503	294.813	0	
-90.5028	-35.2672	386.835	0	
-94.2465	-45.8076	398.704	0	
155.531	-25.6086	248.626	0	
162.53	-38.6767	273.071	0	
145.406	-55.4476	253.599	0	
154.317	-46.2331	268.308	0	
-213.385	-66.8866	235.008	0	
-68.9458	-57.4799	264.254	0	
-90.1982	-53.4761	369.741	0	
-83.9074	-41.2679	379.462	0	
162.103	-45.2249	274.53	0	
179.505	-41.8783	223.979	0	
-26.1557	-55.5594	401.39	0	
139.16	-65.0425	257.299	0	
197.836	-37.8736	187.076	0	
182.569	-22.1973	302.228	0	
84.0431	-43.7432	147.171	0	
105.034	-36.7207	325.361	0	
152.77	-54.4151	255.098	0	
130.092	-61.4294	253.403	0	
118.312	-65.1624	356.756	0	
75.0509	-68.8235	326.88	0	
146.414	-81.4576	217.762	0	
-56.4852	-56.245	530.818	0	
36.3201	-53.5053	145.139	0	
64.865	-77.0726	198.467	0	
112.416	-78.8413	182.519	0	
59.9585	-55.1042	258.389	0	
70.2087	-55.7224	138.966	0	
190.375	-24.8482	234.985	0	
208.311	-28.8887	182.172	0	
178.328	-52.8869	211.284	0	
191.284	-60.8463	160.291	0	
-88.1029	-75.4263	355.832	0	
201.257	-51.9863	157.511	0	
232.766	-30.613	170.896	0	
-94.3526	-64.6703	540.191	0	
-21.2176	-68.4889	339.997	0	
-136.235	-54.5345	572.474	0	
-75.0762	-70.6121	428.422	0	
-135.57	-69.1305	316.78	0	
17.1658	-67.2349	176.328	0	
-40.3839	-67.1895	489.712	0	
-31.1675	-76.4316	239.96	0	
-40.0545	-114.942	244.688	0	
12.3999	-80.9419	320.194	0	
-62.4004	-77.8089	419.268	0	
87.3127	-69.9851	145.286	0	
42.2377	-72.0126	234.798	0	
55.7444	-67.659	206.16	0	
40.1802	-103.505	324.28	0	
95.4064	-81.6752	393.48	0	
28.0081	-85.7304	118.087	0	
122.096	-92.0535	277.911	0	
161.728	-77.7738	162.089	0	
-193.993	-43.518	273.161	0	
15.2296	-47.9657	251.306	0	
-2.66107	-58.4408	215.687	0	
-9.7003	-71.0667	312.49	0	
-2.01149	-84.2955	226.777	0	
-119.078	-74.1502	537.671	0	
-32.1741	-91.5468	374.747	0	
-46.1975	-98.0428	291.571	0	
174.139	-96.1654	160.869	0	
-93.5477	-95.5998	328.59	0	
177.439	-132.495	119.316	0	
-14.5355	-96.8328	229.144	0	
214.807	-50.7788	154.791	0	
227.722	-62.6715	124.775	0	
-226.174	-52.2763	219.978	0	
140.1	-95.1239	177.493	0	
65.7718	-108.2	112.194	0	
71.1759	-93.9508	365.684	0	
-196.369	-62.35	234.078	0	
-111.16	-95.5437	237.623	0	
-0.0955761	-124.944	147.247	0	
140.341	-120.541	147.409	0	
149.26	-111.77	167.723	0	
224.915	-82.6931	105.446	0	
-149.645	-83.0905	371.374	0	
-181.387	-78.8859	287.17	0	
-223.27	-87.3322	161.669	0	
206.301	-97.3985	137.821	0	
-122.3	-109.469	301.241	0	
89.4554	-97.3917	142.615	0	
115.761	-106.486	148.486	0	
94.5914	-125.39	122.754	0	
100.129	-108.99	267.562	0	
-212.53	-108.31	188.448	0	
-187.663	-104.4	159.382	0	
-61.1884	-90.7965	285.644	0	
-17.3938	-112.921	415.162	0	
118.793	-131.494	133.062	0	
78.5133	-128.04	252.939	0	
145.868	-135.276	157.326	0	
29.3462	-123.276	113.899	0	
-50.7969	-127.592	317.178	0	
124.844	-118.328	197.544	0	
104.171	-136.052	205.899	0	
164.24	-142.504	134.24	0	
167.986	-116.495	134.62	0	
100.66	-156.977	149.002	0	
131.518	-141.125	164.639	0	
68.4008	-148.446	114.006	0	
208.027	-119.4	108.114	0	
190.911	-84.7228	117.435	0	
-79.309	-103.773	390.176	0	
-75.0605	-123.67	161.053	0	
-150.767	-144.01	163.677	0	
-166.751	-116.842	251.316	0	
-117.627	-141.298	148.423	0	
196.992	-135.207	120.956	0	
-237.04	-135.177	165.565	0	
210.321	-157.735	121.945	0	
231.512	-122.086	129.042	0	
233.724	-149.676	109.55	0	
-94.1678	-149.074	305.453	0	
44.8253	-148.377	261.964	0	
