# ============================================================
# DC Primary-Propagated Resistivity Section
# Paper: A Comparative Study of Pseudo-diode Arrays and Standard Arrays
# Based on High-density DC Resistivity Method
# ============================================================
# Column 1: X_Coord (m)       - Horizontal coordinate
# Column 2: Y_Coord           - Profile offset (Y = 0 for 2D)
# Column 3: Z_Coord (m)       - Depth (negative downward)
# Column 4: App_Resistivity   - Primary-propagated resistivity (Ohm-m)

-153.75	0	-1.25	208.298
-151.25	0	-1.25	206.488
-148.75	0	-1.25	204.664
-146.25	0	-1.25	230.772
-143.75	0	-1.25	178.952
-141.25	0	-1.25	238.363
-138.75	0	-1.25	191.316
-136.25	0	-1.25	206.14
-133.75	0	-1.25	226.361
-131.25	0	-1.25	197.779
-128.75	0	-1.25	220.757
-126.25	0	-1.25	206.517
-123.75	0	-1.25	218.507
-121.25	0	-1.25	213.5
-118.75	0	-1.25	214.446
-116.25	0	-1.25	199.634
-113.75	0	-1.25	231.759
-111.25	0	-1.25	195.593
-108.75	0	-1.25	218.2
-106.25	0	-1.25	214.838
-103.75	0	-1.25	199.434
-101.25	0	-1.25	228.635
-98.75	0	-1.25	197.333
-96.25	0	-1.25	220.679
-93.75	0	-1.25	192.019
-91.25	0	-1.25	235.968
-88.75	0	-1.25	194.952
-86.25	0	-1.25	217.877
-83.75	0	-1.25	214.67
-81.25	0	-1.25	199.403
-78.75	0	-1.25	228.682
-76.25	0	-1.25	199.772
-73.75	0	-1.25	214.438
-71.25	0	-1.25	211.646
-68.75	0	-1.25	219.951
-66.25	0	-1.25	206.422
-63.75	0	-1.25	218.183
-61.25	0	-1.25	214.538
-58.75	0	-1.25	199.169
-56.25	0	-1.25	228.324
-53.75	0	-1.25	196.974
-51.25	0	-1.25	220.35
-48.75	0	-1.25	191.691
-46.25	0	-1.25	235.651
-43.75	0	-1.25	194.644
-41.25	0	-1.25	217.562
-38.75	0	-1.25	214.332
-36.25	0	-1.25	199.028
-33.75	0	-1.25	228.25
-31.25	0	-1.25	199.26
-28.75	0	-1.25	213.825
-26.25	0	-1.25	210.906
-23.75	0	-1.25	218.965
-21.25	0	-1.25	206.267
-18.75	0	-1.25	202.631
-16.25	0	-1.25	226.662
-13.75	0	-1.25	197.516
-11.25	0	-1.25	211.948
-8.75	0	-1.25	209.415
-6.25	0	-1.25	198.774
-3.75	0	-1.25	226.477
-1.25	0	-1.25	176.086
1.25	0	-1.25	215.634
3.75	0	-1.25	196.585
6.25	0	-1.25	212.06
8.75	0	-1.25	189.025
11.25	0	-1.25	217.09
13.75	0	-1.25	192.317
16.25	0	-1.25	228.33
18.75	0	-1.25	188.239
21.25	0	-1.25	202.533
23.75	0	-1.25	224.948
26.25	0	-1.25	192.614
28.75	0	-1.25	199.856
31.25	0	-1.25	224.514
33.75	0	-1.25	193.753
36.25	0	-1.25	216.874
38.75	0	-1.25	203.54
41.25	0	-1.25	200.227
43.75	0	-1.25	224.421
46.25	0	-1.25	195.385
48.75	0	-1.25	214.347
51.25	0	-1.25	201.687
53.75	0	-1.25	201.615
56.25	0	-1.25	224.54
58.75	0	-1.25	192.015
61.25	0	-1.25	198.15
63.75	0	-1.25	227.275
66.25	0	-1.25	188.371
68.75	0	-1.25	200.448
71.25	0	-1.25	222.153
73.75	0	-1.25	193.799
76.25	0	-1.25	217.019
78.75	0	-1.25	202.785
81.25	0	-1.25	214.864
83.75	0	-1.25	211.549
86.25	0	-1.25	191.926
88.75	0	-1.25	233.092
91.25	0	-1.25	187.869
93.75	0	-1.25	215
96.25	0	-1.25	209.986
98.75	0	-1.25	198.525
101.25	0	-1.25	208.818
103.75	0	-1.25	212.19
106.25	0	-1.25	194.146
108.75	0	-1.25	217.259
111.25	0	-1.25	188.357
113.75	0	-1.25	227.686
116.25	0	-1.25	183.301
118.75	0	-1.25	227.238
121.25	0	-1.25	175.732
123.75	0	-1.25	214.615
126.25	0	-1.25	215.573
128.75	0	-1.25	174.663
131.25	0	-1.25	228.191
133.75	0	-1.25	184.162
136.25	0	-1.25	222.761
138.75	0	-1.25	196.889
141.25	0	-1.25	208.643
143.75	0	-1.25	216.523
146.25	0	-1.25	188.449
148.75	0	-1.25	227.315
151.25	0	-1.25	181.248
-150	0	-2.5	215.105
-147.5	0	-2.5	223.375
-145	0	-2.5	221.85
-142.5	0	-2.5	223.11
-140	0	-2.5	220.613
-137.5	0	-2.5	215.384
-135	0	-2.5	222.418
-132.5	0	-2.5	229.347
-130	0	-2.5	220.232
-127.5	0	-2.5	217.113
-125	0	-2.5	219.869
-122.5	0	-2.5	224.728
-120	0	-2.5	221.997
-117.5	0	-2.5	220.082
-115	0	-2.5	223.329
-112.5	0	-2.5	222.008
-110	0	-2.5	219.056
-107.5	0	-2.5	218.787
-105	0	-2.5	220.841
-102.5	0	-2.5	223.185
-100	0	-2.5	225.37
-97.5	0	-2.5	218.145
-95	0	-2.5	215.578
-92.5	0	-2.5	222.212
-90	0	-2.5	224.148
-87.5	0	-2.5	219.495
-85	0	-2.5	217.899
-82.5	0	-2.5	220.079
-80	0	-2.5	222.638
-77.5	0	-2.5	221.486
-75	0	-2.5	217.531
-72.5	0	-2.5	221.99
-70	0	-2.5	222.176
-67.5	0	-2.5	216.599
-65	0	-2.5	218.255
-62.5	0	-2.5	220.202
-60	0	-2.5	218.978
-57.5	0	-2.5	221.083
-55	0	-2.5	223.288
-52.5	0	-2.5	215.917
-50	0	-2.5	213.3
-47.5	0	-2.5	219.906
-45	0	-2.5	221.837
-42.5	0	-2.5	217.153
-40	0	-2.5	215.429
-37.5	0	-2.5	217.358
-35	0	-2.5	219.536
-32.5	0	-2.5	217.865
-30	0	-2.5	213.288
-27.5	0	-2.5	217.078
-25	0	-2.5	217.215
-22.5	0	-2.5	208.43
-20	0	-2.5	208.972
-17.5	0	-2.5	216.476
-15	0	-2.5	212.703
-12.5	0	-2.5	205.49
-10	0	-2.5	205.094
-7.5	0	-2.5	205.78
-5	0	-2.5	203.554
-2.5	0	-2.5	197.805
0	0	-2.5	199.036
2.5	0	-2.5	207.421
5	0	-2.5	207.917
7.5	0	-2.5	196.586
10	0	-2.5	192.223
12.5	0	-2.5	200.471
15	0	-2.5	208.941
17.5	0	-2.5	198.483
20	0	-2.5	193.359
22.5	0	-2.5	202.97
25	0	-2.5	201.516
27.5	0	-2.5	194.489
30	0	-2.5	200.629
32.5	0	-2.5	204.431
35	0	-2.5	198.443
37.5	0	-2.5	192.58
40	0	-2.5	195.016
42.5	0	-2.5	202.673
45	0	-2.5	202.062
47.5	0	-2.5	197.493
50	0	-2.5	191.523
52.5	0	-2.5	191.19
55	0	-2.5	199.238
57.5	0	-2.5	197.504
60	0	-2.5	193.565
62.5	0	-2.5	201.41
65	0	-2.5	194.869
67.5	0	-2.5	189.716
70	0	-2.5	201.309
72.5	0	-2.5	206.541
75	0	-2.5	197.508
77.5	0	-2.5	194.683
80	0	-2.5	198.883
82.5	0	-2.5	199.648
85	0	-2.5	199.87
87.5	0	-2.5	203.66
90	0	-2.5	200.651
92.5	0	-2.5	196.05
95	0	-2.5	198.726
97.5	0	-2.5	200.197
100	0	-2.5	200.545
102.5	0	-2.5	202.605
105	0	-2.5	203.064
107.5	0	-2.5	198.605
110	0	-2.5	194.38
112.5	0	-2.5	200.945
115	0	-2.5	206.153
117.5	0	-2.5	201.012
120	0	-2.5	194.391
122.5	0	-2.5	201.172
125	0	-2.5	207.663
127.5	0	-2.5	200.168
130	0	-2.5	195.84
132.5	0	-2.5	201.308
135	0	-2.5	202.93
137.5	0	-2.5	200.869
140	0	-2.5	204.191
142.5	0	-2.5	200.426
145	0	-2.5	196.078
147.5	0	-2.5	199.638
-146.25	0	-3.75	246.99
-143.75	0	-3.75	248.845
-141.25	0	-3.75	246.499
-138.75	0	-3.75	247.312
-136.25	0	-3.75	248.126
-133.75	0	-3.75	250.242
-131.25	0	-3.75	249.535
-128.75	0	-3.75	247.958
-126.25	0	-3.75	247.006
-123.75	0	-3.75	248.005
-121.25	0	-3.75	250.078
-118.75	0	-3.75	248.964
-116.25	0	-3.75	248.372
-113.75	0	-3.75	246.71
-111.25	0	-3.75	246.819
-108.75	0	-3.75	246.927
-106.25	0	-3.75	248.226
-103.75	0	-3.75	250.139
-101.25	0	-3.75	249.457
-98.75	0	-3.75	247.745
-96.25	0	-3.75	244.512
-93.75	0	-3.75	245.134
-91.25	0	-3.75	245.456
-88.75	0	-3.75	247.142
-86.25	0	-3.75	246.383
-83.75	0	-3.75	246.784
-81.25	0	-3.75	246.443
-78.75	0	-3.75	245.818
-76.25	0	-3.75	245.71
-73.75	0	-3.75	245.09
-71.25	0	-3.75	244.873
-68.75	0	-3.75	243.398
-66.25	0	-3.75	242.244
-63.75	0	-3.75	241.801
-61.25	0	-3.75	243.348
-58.75	0	-3.75	245.098
-56.25	0	-3.75	243.402
-53.75	0	-3.75	241.445
-51.25	0	-3.75	238.114
-48.75	0	-3.75	238.525
-46.25	0	-3.75	238.655
-43.75	0	-3.75	240.087
-41.25	0	-3.75	238.895
-38.75	0	-3.75	238.568
-36.25	0	-3.75	237.159
-33.75	0	-3.75	235.171
-31.25	0	-3.75	233.623
-28.75	0	-3.75	232.129
-26.25	0	-3.75	230.409
-23.75	0	-3.75	227.685
-21.25	0	-3.75	225.93
-18.75	0	-3.75	224.737
-16.25	0	-3.75	223.909
-13.75	0	-3.75	221.859
-11.25	0	-3.75	218.333
-8.75	0	-3.75	212.902
-6.25	0	-3.75	209.521
-3.75	0	-3.75	205.681
-1.25	0	-3.75	205.199
1.25	0	-3.75	205.978
3.75	0	-3.75	207.289
6.25	0	-3.75	203.17
8.75	0	-3.75	201.494
11.25	0	-3.75	200.514
13.75	0	-3.75	200.902
16.25	0	-3.75	199.27
18.75	0	-3.75	197.826
21.25	0	-3.75	195.495
23.75	0	-3.75	195.899
26.25	0	-3.75	196.502
28.75	0	-3.75	196.576
31.25	0	-3.75	195.887
33.75	0	-3.75	194.665
36.25	0	-3.75	192.251
38.75	0	-3.75	191.13
41.25	0	-3.75	192.674
43.75	0	-3.75	194.138
46.25	0	-3.75	191.777
48.75	0	-3.75	186.639
51.25	0	-3.75	182.888
53.75	0	-3.75	183.184
56.25	0	-3.75	187.035
58.75	0	-3.75	190.894
61.25	0	-3.75	190.046
63.75	0	-3.75	186.486
66.25	0	-3.75	186.298
68.75	0	-3.75	190.469
71.25	0	-3.75	195.293
73.75	0	-3.75	196.793
76.25	0	-3.75	194.523
78.75	0	-3.75	191.524
81.25	0	-3.75	193.456
83.75	0	-3.75	195.131
86.25	0	-3.75	196.238
88.75	0	-3.75	194.794
91.25	0	-3.75	195.108
93.75	0	-3.75	195.235
96.25	0	-3.75	197.369
98.75	0	-3.75	198.54
101.25	0	-3.75	200.522
103.75	0	-3.75	199.849
106.25	0	-3.75	198.914
108.75	0	-3.75	197.25
111.25	0	-3.75	199.002
113.75	0	-3.75	198.665
116.25	0	-3.75	201.414
118.75	0	-3.75	200.104
121.25	0	-3.75	201.496
123.75	0	-3.75	201.888
126.25	0	-3.75	201.99
128.75	0	-3.75	200.228
131.25	0	-3.75	198.885
133.75	0	-3.75	200.505
136.25	0	-3.75	201.715
138.75	0	-3.75	203.471
141.25	0	-3.75	201.063
143.75	0	-3.75	199.913
-142.5	0	-5	279.08
-140	0	-5	279.379
-137.5	0	-5	280.856
-135	0	-5	280.134
-132.5	0	-5	281.305
-130	0	-5	281.388
-127.5	0	-5	281.159
-125	0	-5	281.833
-122.5	0	-5	280.736
-120	0	-5	281.23
-117.5	0	-5	280.947
-115	0	-5	279.781
-112.5	0	-5	279.591
-110	0	-5	279.576
-107.5	0	-5	280.658
-105	0	-5	281.259
-102.5	0	-5	280.542
-100	0	-5	279.643
-97.5	0	-5	278.029
-95	0	-5	276.994
-92.5	0	-5	275.954
-90	0	-5	276.032
-87.5	0	-5	277.171
-85	0	-5	277.073
-82.5	0	-5	277.195
-80	0	-5	276.707
-77.5	0	-5	276.102
-75	0	-5	275.645
-72.5	0	-5	274.444
-70	0	-5	272.965
-67.5	0	-5	272.064
-65	0	-5	271.495
-62.5	0	-5	271.509
-60	0	-5	270.856
-57.5	0	-5	269.463
-55	0	-5	267.792
-52.5	0	-5	265.335
-50	0	-5	263.853
-47.5	0	-5	262.345
-45	0	-5	261.645
-42.5	0	-5	261.656
-40	0	-5	259.956
-37.5	0	-5	258.004
-35	0	-5	255.208
-32.5	0	-5	252.718
-30	0	-5	250.473
-27.5	0	-5	247.837
-25	0	-5	245.771
-22.5	0	-5	244.464
-20	0	-5	243.022
-17.5	0	-5	240.602
-15	0	-5	237.919
-12.5	0	-5	233.182
-10	0	-5	227.814
-7.5	0	-5	223.345
-5	0	-5	217.101
-2.5	0	-5	213.802
0	0	-5	211.845
2.5	0	-5	208.727
5	0	-5	207.236
7.5	0	-5	205.293
10	0	-5	202.13
12.5	0	-5	200.616
15	0	-5	197.531
17.5	0	-5	194.831
20	0	-5	193.481
22.5	0	-5	191.453
25	0	-5	190.652
27.5	0	-5	190.299
30	0	-5	189.389
32.5	0	-5	189.289
35	0	-5	187.578
37.5	0	-5	187.83
40	0	-5	187.8
42.5	0	-5	185.201
45	0	-5	183.366
47.5	0	-5	178.721
50	0	-5	174.701
52.5	0	-5	173.953
55	0	-5	173.332
57.5	0	-5	175.757
60	0	-5	177.699
62.5	0	-5	176.917
65	0	-5	179.472
67.5	0	-5	181.15
70	0	-5	183.671
72.5	0	-5	187.951
75	0	-5	187.771
77.5	0	-5	188.05
80	0	-5	187.451
82.5	0	-5	186.018
85	0	-5	187.888
87.5	0	-5	187.999
90	0	-5	189.227
92.5	0	-5	190.215
95	0	-5	191.125
97.5	0	-5	194.224
100	0	-5	195.376
102.5	0	-5	196.662
105	0	-5	197.185
107.5	0	-5	195.987
110	0	-5	196.117
112.5	0	-5	196.275
115	0	-5	198.197
117.5	0	-5	199.149
120	0	-5	199.792
122.5	0	-5	200.421
125	0	-5	198.376
127.5	0	-5	199.157
130	0	-5	198.892
132.5	0	-5	199.116
135	0	-5	201.129
137.5	0	-5	200.383
140	0	-5	200.837
-138.75	0	-6.25	313.228
-136.25	0	-6.25	313.882
-133.75	0	-6.25	314.085
-131.25	0	-6.25	314.586
-128.75	0	-6.25	315.023
-126.25	0	-6.25	314.83
-123.75	0	-6.25	314.611
-121.25	0	-6.25	314.962
-118.75	0	-6.25	314.343
-116.25	0	-6.25	313.59
-113.75	0	-6.25	313.528
-111.25	0	-6.25	313.711
-108.75	0	-6.25	313.593
-106.25	0	-6.25	313.059
-103.75	0	-6.25	312.639
-101.25	0	-6.25	311.767
-98.75	0	-6.25	310.524
-96.25	0	-6.25	309.719
-93.75	0	-6.25	308.588
-91.25	0	-6.25	307.718
-88.75	0	-6.25	307.321
-86.25	0	-6.25	307.622
-83.75	0	-6.25	307.757
-81.25	0	-6.25	307.497
-78.75	0	-6.25	306.903
-76.25	0	-6.25	306.545
-73.75	0	-6.25	305.558
-71.25	0	-6.25	304.013
-68.75	0	-6.25	302.723
-66.25	0	-6.25	301.618
-63.75	0	-6.25	299.951
-61.25	0	-6.25	298.21
-58.75	0	-6.25	296.233
-56.25	0	-6.25	293.642
-53.75	0	-6.25	291.139
-51.25	0	-6.25	288.892
-48.75	0	-6.25	286.257
-46.25	0	-6.25	283.79
-43.75	0	-6.25	281.287
-41.25	0	-6.25	278.837
-38.75	0	-6.25	275.871
-36.25	0	-6.25	272.753
-33.75	0	-6.25	269.581
-31.25	0	-6.25	267.223
-28.75	0	-6.25	265.463
-26.25	0	-6.25	264.014
-23.75	0	-6.25	262.862
-21.25	0	-6.25	261.291
-18.75	0	-6.25	258.623
-16.25	0	-6.25	254.824
-13.75	0	-6.25	250.328
-11.25	0	-6.25	244.613
-8.75	0	-6.25	238.713
-6.25	0	-6.25	232.578
-3.75	0	-6.25	227.051
-1.25	0	-6.25	221.861
1.25	0	-6.25	217.574
3.75	0	-6.25	213.066
6.25	0	-6.25	208.937
8.75	0	-6.25	204.977
11.25	0	-6.25	201.257
13.75	0	-6.25	197.073
16.25	0	-6.25	193.793
18.75	0	-6.25	190.407
21.25	0	-6.25	187.118
23.75	0	-6.25	185.06
26.25	0	-6.25	184.32
28.75	0	-6.25	183.198
31.25	0	-6.25	182.73
33.75	0	-6.25	183.268
36.25	0	-6.25	183.843
38.75	0	-6.25	182.341
41.25	0	-6.25	180.037
43.75	0	-6.25	176.947
46.25	0	-6.25	172.768
48.75	0	-6.25	168.762
51.25	0	-6.25	165.998
53.75	0	-6.25	163.872
56.25	0	-6.25	163.685
58.75	0	-6.25	165.079
61.25	0	-6.25	167.07
63.75	0	-6.25	169.806
66.25	0	-6.25	173.107
68.75	0	-6.25	176.126
71.25	0	-6.25	178.106
73.75	0	-6.25	180.157
76.25	0	-6.25	180.4
78.75	0	-6.25	179.802
81.25	0	-6.25	179.615
83.75	0	-6.25	179.482
86.25	0	-6.25	179.174
88.75	0	-6.25	180.164
91.25	0	-6.25	181.829
93.75	0	-6.25	184.507
96.25	0	-6.25	186.671
98.75	0	-6.25	188.58
101.25	0	-6.25	190.398
103.75	0	-6.25	191.891
106.25	0	-6.25	192.135
108.75	0	-6.25	193.179
111.25	0	-6.25	194.354
113.75	0	-6.25	195.217
116.25	0	-6.25	195.408
118.75	0	-6.25	197.258
121.25	0	-6.25	197.684
123.75	0	-6.25	197.182
126.25	0	-6.25	197.3
128.75	0	-6.25	198.432
131.25	0	-6.25	198.191
133.75	0	-6.25	198.159
136.25	0	-6.25	199.658
-135	0	-7.5	346.33
-132.5	0	-7.5	346.038
-130	0	-7.5	346.513
-127.5	0	-7.5	346.626
-125	0	-7.5	346.789
-122.5	0	-7.5	346.718
-120	0	-7.5	346.269
-117.5	0	-7.5	346.34
-115	0	-7.5	345.925
-112.5	0	-7.5	345.476
-110	0	-7.5	344.787
-107.5	0	-7.5	343.89
-105	0	-7.5	343.27
-102.5	0	-7.5	342.461
-100	0	-7.5	341.062
-97.5	0	-7.5	339.792
-95	0	-7.5	338.574
-92.5	0	-7.5	337.994
-90	0	-7.5	337.392
-87.5	0	-7.5	336.704
-85	0	-7.5	336.425
-82.5	0	-7.5	336.166
-80	0	-7.5	336.263
-77.5	0	-7.5	335.69
-75	0	-7.5	334.658
-72.5	0	-7.5	333.465
-70	0	-7.5	332.346
-67.5	0	-7.5	330.42
-65	0	-7.5	327.632
-62.5	0	-7.5	324.605
-60	0	-7.5	321.646
-57.5	0	-7.5	318.859
-55	0	-7.5	315.111
-52.5	0	-7.5	311.178
-50	0	-7.5	307.259
-47.5	0	-7.5	303.398
-45	0	-7.5	299.124
-42.5	0	-7.5	294.613
-40	0	-7.5	290.693
-37.5	0	-7.5	287.069
-35	0	-7.5	284.417
-32.5	0	-7.5	282.444
-30	0	-7.5	281.346
-27.5	0	-7.5	280.724
-25	0	-7.5	280.269
-22.5	0	-7.5	278.857
-20	0	-7.5	275.682
-17.5	0	-7.5	271.774
-15	0	-7.5	267.103
-12.5	0	-7.5	261.285
-10	0	-7.5	254.706
-7.5	0	-7.5	247.622
-5	0	-7.5	241.305
-2.5	0	-7.5	235.291
0	0	-7.5	228.972
2.5	0	-7.5	222.255
5	0	-7.5	216.224
7.5	0	-7.5	210.775
10	0	-7.5	204.751
12.5	0	-7.5	198.419
15	0	-7.5	193.229
17.5	0	-7.5	189.052
20	0	-7.5	185.235
22.5	0	-7.5	181.715
25	0	-7.5	179.241
27.5	0	-7.5	179.014
30	0	-7.5	179.713
32.5	0	-7.5	179.521
35	0	-7.5	179.413
37.5	0	-7.5	178.74
40	0	-7.5	177.111
42.5	0	-7.5	174.307
45	0	-7.5	170.198
47.5	0	-7.5	165.874
50	0	-7.5	161.768
52.5	0	-7.5	158.899
55	0	-7.5	157.85
57.5	0	-7.5	157.775
60	0	-7.5	159.016
62.5	0	-7.5	162.258
65	0	-7.5	166.28
67.5	0	-7.5	169.501
70	0	-7.5	171.547
72.5	0	-7.5	173.09
75	0	-7.5	174.509
77.5	0	-7.5	174.17
80	0	-7.5	172.848
82.5	0	-7.5	171.883
85	0	-7.5	171.245
87.5	0	-7.5	172.002
90	0	-7.5	172.772
92.5	0	-7.5	174.702
95	0	-7.5	177.127
97.5	0	-7.5	179.672
100	0	-7.5	182.483
102.5	0	-7.5	184.123
105	0	-7.5	185.82
107.5	0	-7.5	188.222
110	0	-7.5	190.191
112.5	0	-7.5	191.661
115	0	-7.5	192.356
117.5	0	-7.5	193.537
120	0	-7.5	195.115
122.5	0	-7.5	195.511
125	0	-7.5	196.583
127.5	0	-7.5	196.978
130	0	-7.5	197.359
132.5	0	-7.5	197.736
-131.25	0	-8.75	374.999
-128.75	0	-8.75	375.418
-126.25	0	-8.75	375.547
-123.75	0	-8.75	375.339
-121.25	0	-8.75	375.214
-118.75	0	-8.75	375.03
-116.25	0	-8.75	374.73
-113.75	0	-8.75	374.096
-111.25	0	-8.75	372.924
-108.75	0	-8.75	371.9
-106.25	0	-8.75	370.852
-103.75	0	-8.75	369.663
-101.25	0	-8.75	368.313
-98.75	0	-8.75	366.843
-96.25	0	-8.75	365.544
-93.75	0	-8.75	364.574
-91.25	0	-8.75	363.762
-88.75	0	-8.75	363.289
-86.25	0	-8.75	362.924
-83.75	0	-8.75	362.62
-81.25	0	-8.75	362.311
-78.75	0	-8.75	361.905
-76.25	0	-8.75	361.302
-73.75	0	-8.75	360.214
-71.25	0	-8.75	358.449
-68.75	0	-8.75	356.105
-66.25	0	-8.75	353.164
-63.75	0	-8.75	349.615
-61.25	0	-8.75	345.487
-58.75	0	-8.75	341.022
-56.25	0	-8.75	336.1
-53.75	0	-8.75	330.933
-51.25	0	-8.75	325.275
-48.75	0	-8.75	319.329
-46.25	0	-8.75	313.5
-43.75	0	-8.75	308.128
-41.25	0	-8.75	303.426
-38.75	0	-8.75	299.658
-36.25	0	-8.75	297.256
-33.75	0	-8.75	296.227
-31.25	0	-8.75	296.023
-28.75	0	-8.75	295.969
-26.25	0	-8.75	295.482
-23.75	0	-8.75	294.087
-21.25	0	-8.75	291.753
-18.75	0	-8.75	288.197
-16.25	0	-8.75	282.816
-13.75	0	-8.75	276.314
-11.25	0	-8.75	269.264
-8.75	0	-8.75	261.736
-6.25	0	-8.75	254.53
-3.75	0	-8.75	247.369
-1.25	0	-8.75	239.877
1.25	0	-8.75	232.462
3.75	0	-8.75	225.367
6.25	0	-8.75	218.036
8.75	0	-8.75	210.831
11.25	0	-8.75	203.021
13.75	0	-8.75	195.648
16.25	0	-8.75	189.821
18.75	0	-8.75	185.081
21.25	0	-8.75	181.237
23.75	0	-8.75	178.886
26.25	0	-8.75	177.849
28.75	0	-8.75	178.088
31.25	0	-8.75	178.192
33.75	0	-8.75	178.083
36.25	0	-8.75	177.331
38.75	0	-8.75	176.237
41.25	0	-8.75	174.251
43.75	0	-8.75	170.494
46.25	0	-8.75	165.691
48.75	0	-8.75	161.796
51.25	0	-8.75	158.538
53.75	0	-8.75	156.626
56.25	0	-8.75	155.613
58.75	0	-8.75	155.509
61.25	0	-8.75	158.245
63.75	0	-8.75	161.833
66.25	0	-8.75	164.861
68.75	0	-8.75	167.439
71.25	0	-8.75	168.742
73.75	0	-8.75	169.648
76.25	0	-8.75	170.379
78.75	0	-8.75	169.25
81.25	0	-8.75	167.218
83.75	0	-8.75	165.427
86.25	0	-8.75	164.693
88.75	0	-8.75	164.94
91.25	0	-8.75	165.636
93.75	0	-8.75	166.751
96.25	0	-8.75	169.013
98.75	0	-8.75	171.619
101.25	0	-8.75	174.782
103.75	0	-8.75	177.744
106.25	0	-8.75	180.667
108.75	0	-8.75	183.209
111.25	0	-8.75	185.731
113.75	0	-8.75	187.794
116.25	0	-8.75	189.852
118.75	0	-8.75	191.734
121.25	0	-8.75	193.421
123.75	0	-8.75	194.549
126.25	0	-8.75	195.399
128.75	0	-8.75	196.327
-127.5	0	-10	400.1
-125	0	-10	400.091
-122.5	0	-10	399.94
-120	0	-10	399.442
-117.5	0	-10	398.837
-115	0	-10	398.105
-112.5	0	-10	397.122
-110	0	-10	396.09
-107.5	0	-10	394.539
-105	0	-10	392.925
-102.5	0	-10	391.391
-100	0	-10	389.986
-97.5	0	-10	388.712
-95	0	-10	387.586
-92.5	0	-10	386.659
-90	0	-10	386.119
-87.5	0	-10	385.804
-85	0	-10	385.717
-82.5	0	-10	385.569
-80	0	-10	385.135
-77.5	0	-10	384.539
-75	0	-10	383.185
-72.5	0	-10	381.313
-70	0	-10	378.602
-67.5	0	-10	375.22
-65	0	-10	371.229
-62.5	0	-10	366.381
-60	0	-10	360.611
-57.5	0	-10	354.022
-55	0	-10	347.098
-52.5	0	-10	339.717
-50	0	-10	332.477
-47.5	0	-10	325.585
-45	0	-10	319.48
-42.5	0	-10	314.558
-40	0	-10	311.205
-37.5	0	-10	309.514
-35	0	-10	308.941
-32.5	0	-10	309.294
-30	0	-10	309.531
-27.5	0	-10	309.282
-25	0	-10	308.135
-22.5	0	-10	305.937
-20	0	-10	302.302
-17.5	0	-10	297.175
-15	0	-10	290.406
-12.5	0	-10	282.425
-10	0	-10	273.992
-7.5	0	-10	265.658
-5	0	-10	257.356
-2.5	0	-10	248.996
0	0	-10	240.717
2.5	0	-10	232.753
5	0	-10	224.916
7.5	0	-10	217.034
10	0	-10	208.919
12.5	0	-10	201.141
15	0	-10	194.207
17.5	0	-10	188.311
20	0	-10	184.206
22.5	0	-10	181.797
25	0	-10	180.532
27.5	0	-10	179.863
30	0	-10	179.565
32.5	0	-10	179.428
35	0	-10	179.167
37.5	0	-10	178.291
40	0	-10	176.097
42.5	0	-10	172.567
45	0	-10	168.445
47.5	0	-10	164.661
50	0	-10	161.326
52.5	0	-10	158.854
55	0	-10	157.206
57.5	0	-10	156.47
60	0	-10	157.495
62.5	0	-10	160.11
65	0	-10	163.034
67.5	0	-10	165.484
70	0	-10	166.994
72.5	0	-10	167.68
75	0	-10	167.81
77.5	0	-10	167.223
80	0	-10	165.682
82.5	0	-10	163.371
85	0	-10	161.041
87.5	0	-10	159.006
90	0	-10	158.166
92.5	0	-10	158.296
95	0	-10	159.106
97.5	0	-10	160.789
100	0	-10	163.724
102.5	0	-10	167.024
105	0	-10	170.553
107.5	0	-10	174.271
110	0	-10	177.588
112.5	0	-10	180.698
115	0	-10	184.012
117.5	0	-10	187.168
120	0	-10	189.33
122.5	0	-10	191.357
125	0	-10	193.096
-123.75	0	-11.25	419.875
-121.25	0	-11.25	419.159
-118.75	0	-11.25	418.413
-116.25	0	-11.25	417.521
-113.75	0	-11.25	416.612
-111.25	0	-11.25	415.337
-108.75	0	-11.25	413.762
-106.25	0	-11.25	412.255
-103.75	0	-11.25	410.475
-101.25	0	-11.25	409.028
-98.75	0	-11.25	407.768
-96.25	0	-11.25	406.707
-93.75	0	-11.25	406.05
-91.25	0	-11.25	405.598
-88.75	0	-11.25	405.336
-86.25	0	-11.25	405.151
-83.75	0	-11.25	405.082
-81.25	0	-11.25	405.072
-78.75	0	-11.25	404.378
-76.25	0	-11.25	402.763
-73.75	0	-11.25	400.523
-71.25	0	-11.25	397.615
-68.75	0	-11.25	393.927
-66.25	0	-11.25	389.132
-63.75	0	-11.25	383.182
-61.25	0	-11.25	376.39
-58.75	0	-11.25	368.611
-56.25	0	-11.25	360.144
-53.75	0	-11.25	351.374
-51.25	0	-11.25	343.13
-48.75	0	-11.25	335.811
-46.25	0	-11.25	329.723
-43.75	0	-11.25	325.177
-41.25	0	-11.25	322.231
-38.75	0	-11.25	320.924
-36.25	0	-11.25	320.976
-33.75	0	-11.25	321.588
-31.25	0	-11.25	321.982
-28.75	0	-11.25	321.927
-26.25	0	-11.25	321.007
-23.75	0	-11.25	318.736
-21.25	0	-11.25	314.969
-18.75	0	-11.25	309.545
-16.25	0	-11.25	302.659
-13.75	0	-11.25	294.473
-11.25	0	-11.25	285.135
-8.75	0	-11.25	275.251
-6.25	0	-11.25	265.466
-3.75	0	-11.25	255.926
-1.25	0	-11.25	246.673
1.25	0	-11.25	237.743
3.75	0	-11.25	229.318
6.25	0	-11.25	221.523
8.75	0	-11.25	214.028
11.25	0	-11.25	207.102
13.75	0	-11.25	200.644
16.25	0	-11.25	195.213
18.75	0	-11.25	191.173
21.25	0	-11.25	188.288
23.75	0	-11.25	186.307
26.25	0	-11.25	185.211
28.75	0	-11.25	184.499
31.25	0	-11.25	184.416
33.75	0	-11.25	183.797
36.25	0	-11.25	182.379
38.75	0	-11.25	180.314
41.25	0	-11.25	177.155
43.75	0	-11.25	173.239
46.25	0	-11.25	169.498
48.75	0	-11.25	165.995
51.25	0	-11.25	163.411
53.75	0	-11.25	161.342
56.25	0	-11.25	159.831
58.75	0	-11.25	159.92
61.25	0	-11.25	161.115
63.75	0	-11.25	163.316
66.25	0	-11.25	165.626
68.75	0	-11.25	167.133
71.25	0	-11.25	168.059
73.75	0	-11.25	167.783
76.25	0	-11.25	167.076
78.75	0	-11.25	166.008
81.25	0	-11.25	163.452
83.75	0	-11.25	160.455
86.25	0	-11.25	157.37
88.75	0	-11.25	154.575
91.25	0	-11.25	152.541
93.75	0	-11.25	151.713
96.25	0	-11.25	152.314
98.75	0	-11.25	153.833
101.25	0	-11.25	155.739
103.75	0	-11.25	159.161
106.25	0	-11.25	163.002
108.75	0	-11.25	167.312
111.25	0	-11.25	171.62
113.75	0	-11.25	175.918
116.25	0	-11.25	179.77
118.75	0	-11.25	182.952
121.25	0	-11.25	186.235
-120	0	-12.5	433.357
-117.5	0	-12.5	432.387
-115	0	-12.5	431.259
-112.5	0	-12.5	429.885
-110	0	-12.5	428.473
-107.5	0	-12.5	427.014
-105	0	-12.5	425.529
-102.5	0	-12.5	424.255
-100	0	-12.5	423.053
-97.5	0	-12.5	422.309
-95	0	-12.5	421.842
-92.5	0	-12.5	421.585
-90	0	-12.5	421.499
-87.5	0	-12.5	421.524
-85	0	-12.5	421.546
-82.5	0	-12.5	421.205
-80	0	-12.5	420.319
-77.5	0	-12.5	418.836
-75	0	-12.5	416.583
-72.5	0	-12.5	413.181
-70	0	-12.5	408.733
-67.5	0	-12.5	403.054
-65	0	-12.5	396.313
-62.5	0	-12.5	388.34
-60	0	-12.5	379.308
-57.5	0	-12.5	369.931
-55	0	-12.5	360.812
-52.5	0	-12.5	352.455
-50	0	-12.5	345.016
-47.5	0	-12.5	339.262
-45	0	-12.5	335.259
-42.5	0	-12.5	332.969
-40	0	-12.5	332.085
-37.5	0	-12.5	332.144
-35	0	-12.5	332.904
-32.5	0	-12.5	333.736
-30	0	-12.5	333.968
-27.5	0	-12.5	332.774
-25	0	-12.5	330.32
-22.5	0	-12.5	326.331
-20	0	-12.5	320.806
-17.5	0	-12.5	313.61
-15	0	-12.5	304.879
-12.5	0	-12.5	294.86
-10	0	-12.5	284.108
-7.5	0	-12.5	272.92
-5	0	-12.5	261.633
-2.5	0	-12.5	250.845
0	0	-12.5	240.925
2.5	0	-12.5	232.099
5	0	-12.5	224.321
7.5	0	-12.5	217.435
10	0	-12.5	211.648
12.5	0	-12.5	207.071
15	0	-12.5	203.269
17.5	0	-12.5	200.074
20	0	-12.5	197.463
22.5	0	-12.5	195.565
25	0	-12.5	194.125
27.5	0	-12.5	193.114
30	0	-12.5	192.22
32.5	0	-12.5	191.116
35	0	-12.5	189.444
37.5	0	-12.5	186.865
40	0	-12.5	183.507
42.5	0	-12.5	179.854
45	0	-12.5	176.14
47.5	0	-12.5	172.36
50	0	-12.5	169.315
52.5	0	-12.5	166.79
55	0	-12.5	164.795
57.5	0	-12.5	164.063
60	0	-12.5	164.448
62.5	0	-12.5	165.522
65	0	-12.5	167.189
67.5	0	-12.5	168.773
70	0	-12.5	169.626
72.5	0	-12.5	169.857
75	0	-12.5	169.175
77.5	0	-12.5	167.594
80	0	-12.5	165.437
82.5	0	-12.5	162.291
85	0	-12.5	158.417
87.5	0	-12.5	154.623
90	0	-12.5	151.309
92.5	0	-12.5	148.791
95	0	-12.5	147.079
97.5	0	-12.5	146.453
100	0	-12.5	147.188
102.5	0	-12.5	149.119
105	0	-12.5	151.939
107.5	0	-12.5	155.94
110	0	-12.5	160.593
112.5	0	-12.5	165.42
115	0	-12.5	170.129
117.5	0	-12.5	174.511
-116.25	0	-13.75	441.342
-113.75	0	-13.75	440.059
-111.25	0	-13.75	438.841
-108.75	0	-13.75	437.616
-106.25	0	-13.75	436.484
-103.75	0	-13.75	435.537
-101.25	0	-13.75	434.833
-98.75	0	-13.75	434.584
-96.25	0	-13.75	434.363
-93.75	0	-13.75	434.324
-91.25	0	-13.75	434.505
-88.75	0	-13.75	434.705
-86.25	0	-13.75	434.712
-83.75	0	-13.75	434.185
-81.25	0	-13.75	433.11
-78.75	0	-13.75	431.364
-76.25	0	-13.75	428.739
-73.75	0	-13.75	425.038
-71.25	0	-13.75	419.905
-68.75	0	-13.75	413.334
-66.25	0	-13.75	405.487
-63.75	0	-13.75	396.577
-61.25	0	-13.75	386.987
-58.75	0	-13.75	377.386
-56.25	0	-13.75	368.278
-53.75	0	-13.75	360.257
-51.25	0	-13.75	353.697
-48.75	0	-13.75	348.633
-46.25	0	-13.75	345.056
-43.75	0	-13.75	343.092
-41.25	0	-13.75	342.423
-38.75	0	-13.75	342.772
-36.25	0	-13.75	343.803
-33.75	0	-13.75	344.775
-31.25	0	-13.75	344.866
-28.75	0	-13.75	343.739
-26.25	0	-13.75	341.116
-23.75	0	-13.75	336.823
-21.25	0	-13.75	330.906
-18.75	0	-13.75	323.383
-16.25	0	-13.75	314.268
-13.75	0	-13.75	303.768
-11.25	0	-13.75	292.186
-8.75	0	-13.75	279.82
-6.25	0	-13.75	267.172
-3.75	0	-13.75	255.035
-1.25	0	-13.75	243.98
1.25	0	-13.75	234.423
3.75	0	-13.75	226.516
6.25	0	-13.75	220.162
8.75	0	-13.75	215.493
11.25	0	-13.75	212.347
13.75	0	-13.75	210.191
16.25	0	-13.75	208.419
18.75	0	-13.75	207.203
21.25	0	-13.75	206.337
23.75	0	-13.75	205.625
26.25	0	-13.75	204.536
28.75	0	-13.75	202.991
31.25	0	-13.75	201.042
33.75	0	-13.75	198.771
36.25	0	-13.75	195.863
38.75	0	-13.75	192.16
41.25	0	-13.75	187.98
43.75	0	-13.75	183.921
46.25	0	-13.75	180.137
48.75	0	-13.75	176.611
51.25	0	-13.75	173.343
53.75	0	-13.75	170.676
56.25	0	-13.75	169.319
58.75	0	-13.75	168.991
61.25	0	-13.75	169.254
63.75	0	-13.75	170.092
66.25	0	-13.75	171.182
68.75	0	-13.75	172.25
71.25	0	-13.75	172.727
73.75	0	-13.75	172.307
76.25	0	-13.75	170.814
78.75	0	-13.75	168.597
81.25	0	-13.75	165.762
83.75	0	-13.75	161.859
86.25	0	-13.75	157.627
88.75	0	-13.75	153.414
91.25	0	-13.75	149.545
93.75	0	-13.75	146.275
96.25	0	-13.75	143.836
98.75	0	-13.75	142.28
101.25	0	-13.75	142.229
103.75	0	-13.75	143.666
106.25	0	-13.75	146.403
108.75	0	-13.75	149.629
111.25	0	-13.75	153.969
113.75	0	-13.75	158.937
-112.5	0	-15	445.161
-110	0	-15	444.336
-107.5	0	-15	443.677
-105	0	-15	443.277
-102.5	0	-15	443.2
-100	0	-15	443.343
-97.5	0	-15	443.613
-95	0	-15	444.149
-92.5	0	-15	444.54
-90	0	-15	444.763
-87.5	0	-15	444.617
-85	0	-15	443.996
-82.5	0	-15	442.806
-80	0	-15	440.664
-77.5	0	-15	437.468
-75	0	-15	432.941
-72.5	0	-15	427.067
-70	0	-15	419.843
-67.5	0	-15	411.338
-65	0	-15	401.86
-62.5	0	-15	392.231
-60	0	-15	382.998
-57.5	0	-15	374.555
-55	0	-15	367.336
-52.5	0	-15	361.495
-50	0	-15	357.207
-47.5	0	-15	354.339
-45	0	-15	352.687
-42.5	0	-15	352.096
-40	0	-15	352.682
-37.5	0	-15	353.927
-35	0	-15	354.92
-32.5	0	-15	355.024
-30	0	-15	353.701
-27.5	0	-15	350.936
-25	0	-15	346.45
-22.5	0	-15	340.242
-20	0	-15	332.24
-17.5	0	-15	322.754
-15	0	-15	311.926
-12.5	0	-15	299.95
-10	0	-15	286.845
-7.5	0	-15	273.202
-5	0	-15	260.09
-2.5	0	-15	248.281
0	0	-15	238.128
2.5	0	-15	229.791
5	0	-15	223.592
7.5	0	-15	219.533
10	0	-15	217.222
12.5	0	-15	215.933
15	0	-15	215.523
17.5	0	-15	215.742
20	0	-15	216.419
22.5	0	-15	216.937
25	0	-15	216.644
27.5	0	-15	215.444
30	0	-15	213.299
32.5	0	-15	210.336
35	0	-15	206.804
37.5	0	-15	202.513
40	0	-15	197.822
42.5	0	-15	193.348
45	0	-15	188.876
47.5	0	-15	184.781
50	0	-15	181.05
52.5	0	-15	177.723
55	0	-15	175.494
57.5	0	-15	174.287
60	0	-15	173.883
62.5	0	-15	174.007
65	0	-15	174.475
67.5	0	-15	175.313
70	0	-15	175.858
72.5	0	-15	175.651
75	0	-15	174.73
77.5	0	-15	172.735
80	0	-15	169.983
82.5	0	-15	166.846
85	0	-15	162.742
87.5	0	-15	158.116
90	0	-15	153.371
92.5	0	-15	148.925
95	0	-15	145.134
97.5	0	-15	142.105
100	0	-15	140.168
102.5	0	-15	139.392
105	0	-15	139.844
107.5	0	-15	141.588
110	0	-15	144.576
-108.75	0	-16.25	447.444
-106.25	0	-16.25	447.715
-103.75	0	-16.25	448.226
-101.25	0	-16.25	448.884
-98.75	0	-16.25	449.752
-96.25	0	-16.25	450.707
-93.75	0	-16.25	451.393
-91.25	0	-16.25	451.761
-88.75	0	-16.25	451.55
-86.25	0	-16.25	450.786
-83.75	0	-16.25	449.225
-81.25	0	-16.25	446.537
-78.75	0	-16.25	442.662
-76.25	0	-16.25	437.398
-73.75	0	-16.25	430.721
-71.25	0	-16.25	422.78
-68.75	0	-16.25	413.924
-66.25	0	-16.25	404.883
-63.75	0	-16.25	395.914
-61.25	0	-16.25	387.387
-58.75	0	-16.25	379.891
-56.25	0	-16.25	373.664
-53.75	0	-16.25	368.703
-51.25	0	-16.25	365.015
-48.75	0	-16.25	362.475
-46.25	0	-16.25	361.159
-43.75	0	-16.25	361.108
-41.25	0	-16.25	361.961
-38.75	0	-16.25	363.088
-36.25	0	-16.25	364.008
-33.75	0	-16.25	364.004
-31.25	0	-16.25	362.714
-28.75	0	-16.25	359.798
-26.25	0	-16.25	355.042
-23.75	0	-16.25	348.493
-21.25	0	-16.25	340.343
-18.75	0	-16.25	330.676
-16.25	0	-16.25	319.592
-13.75	0	-16.25	307.354
-11.25	0	-16.25	294.207
-8.75	0	-16.25	280.574
-6.25	0	-16.25	267.107
-3.75	0	-16.25	254.615
-1.25	0	-16.25	243.947
1.25	0	-16.25	235.505
3.75	0	-16.25	229.173
6.25	0	-16.25	224.917
8.75	0	-16.25	222.484
11.25	0	-16.25	221.64
13.75	0	-16.25	222.066
16.25	0	-16.25	223.343
18.75	0	-16.25	224.894
21.25	0	-16.25	226.381
23.75	0	-16.25	227.272
26.25	0	-16.25	227.155
28.75	0	-16.25	225.741
31.25	0	-16.25	223.057
33.75	0	-16.25	219.173
36.25	0	-16.25	214.362
38.75	0	-16.25	209.166
41.25	0	-16.25	203.902
43.75	0	-16.25	198.811
46.25	0	-16.25	194.145
48.75	0	-16.25	189.747
51.25	0	-16.25	185.649
53.75	0	-16.25	182.654
56.25	0	-16.25	180.65
58.75	0	-16.25	179.273
61.25	0	-16.25	178.672
63.75	0	-16.25	178.545
66.25	0	-16.25	178.694
68.75	0	-16.25	178.969
71.25	0	-16.25	179.074
73.75	0	-16.25	178.451
76.25	0	-16.25	177.054
78.75	0	-16.25	174.952
81.25	0	-16.25	172.127
83.75	0	-16.25	168.744
86.25	0	-16.25	164.402
88.75	0	-16.25	159.503
91.25	0	-16.25	154.471
93.75	0	-16.25	149.698
96.25	0	-16.25	145.469
98.75	0	-16.25	142.154
101.25	0	-16.25	139.612
103.75	0	-16.25	138.045
106.25	0	-16.25	137.628
-105	0	-17.5	450.048
-102.5	0	-17.5	451.384
-100	0	-17.5	452.803
-97.5	0	-17.5	454.009
-95	0	-17.5	454.943
-92.5	0	-17.5	455.458
-90	0	-17.5	455.332
-87.5	0	-17.5	454.447
-85	0	-17.5	452.346
-82.5	0	-17.5	449.002
-80	0	-17.5	444.382
-77.5	0	-17.5	438.354
-75	0	-17.5	431.151
-72.5	0	-17.5	422.976
-70	0	-17.5	414.484
-67.5	0	-17.5	406.062
-65	0	-17.5	398.003
-62.5	0	-17.5	390.845
-60	0	-17.5	384.61
-57.5	0	-17.5	379.262
-55	0	-17.5	375.004
-52.5	0	-17.5	371.775
-50	0	-17.5	369.655
-47.5	0	-17.5	368.775
-45	0	-17.5	368.93
-42.5	0	-17.5	369.866
-40	0	-17.5	371.187
-37.5	0	-17.5	372.105
-35	0	-17.5	371.921
-32.5	0	-17.5	370.378
-30	0	-17.5	367.313
-27.5	0	-17.5	362.448
-25	0	-17.5	355.825
-22.5	0	-17.5	347.533
-20	0	-17.5	337.807
-17.5	0	-17.5	326.84
-15	0	-17.5	314.967
-12.5	0	-17.5	302.268
-10	0	-17.5	289.174
-7.5	0	-17.5	276.194
-5	0	-17.5	263.861
-2.5	0	-17.5	252.945
0	0	-17.5	244.015
2.5	0	-17.5	237.216
5	0	-17.5	232.376
7.5	0	-17.5	229.575
10	0	-17.5	228.503
12.5	0	-17.5	228.952
15	0	-17.5	230.463
17.5	0	-17.5	232.489
20	0	-17.5	234.402
22.5	0	-17.5	235.874
25	0	-17.5	236.645
27.5	0	-17.5	236.262
30	0	-17.5	234.506
32.5	0	-17.5	231.259
35	0	-17.5	226.703
37.5	0	-17.5	221.293
40	0	-17.5	215.559
42.5	0	-17.5	209.794
45	0	-17.5	204.434
47.5	0	-17.5	199.43
50	0	-17.5	194.737
52.5	0	-17.5	190.878
55	0	-17.5	187.834
57.5	0	-17.5	185.697
60	0	-17.5	184.272
62.5	0	-17.5	183.222
65	0	-17.5	182.585
67.5	0	-17.5	182.331
70	0	-17.5	182.259
72.5	0	-17.5	181.923
75	0	-17.5	181.136
77.5	0	-17.5	179.764
80	0	-17.5	177.532
82.5	0	-17.5	174.597
85	0	-17.5	171.166
87.5	0	-17.5	166.75
90	0	-17.5	161.84
92.5	0	-17.5	156.735
95	0	-17.5	151.758
97.5	0	-17.5	147.225
100	0	-17.5	143.299
102.5	0	-17.5	140.338
-101.25	0	-18.75	452.59
-98.75	0	-18.75	454.089
-96.25	0	-18.75	455.227
-93.75	0	-18.75	455.843
-91.25	0	-18.75	455.697
-88.75	0	-18.75	454.469
-86.25	0	-18.75	451.936
-83.75	0	-18.75	448.088
-81.25	0	-18.75	442.771
-78.75	0	-18.75	436.233
-76.25	0	-18.75	428.825
-73.75	0	-18.75	421.092
-71.25	0	-18.75	413.455
-68.75	0	-18.75	406.051
-66.25	0	-18.75	399.26
-63.75	0	-18.75	393.304
-61.25	0	-18.75	388.131
-58.75	0	-18.75	383.895
-56.25	0	-18.75	380.338
-53.75	0	-18.75	377.536
-51.25	0	-18.75	375.841
-48.75	0	-18.75	375.271
-46.25	0	-18.75	375.594
-43.75	0	-18.75	376.577
-41.25	0	-18.75	377.811
-38.75	0	-18.75	378.716
-36.25	0	-18.75	378.541
-33.75	0	-18.75	376.843
-31.25	0	-18.75	373.461
-28.75	0	-18.75	368.467
-26.25	0	-18.75	361.858
-23.75	0	-18.75	353.767
-21.25	0	-18.75	344.28
-18.75	0	-18.75	333.818
-16.25	0	-18.75	322.742
-13.75	0	-18.75	311.137
-11.25	0	-18.75	299.188
-8.75	0	-18.75	287.234
-6.25	0	-18.75	275.737
-3.75	0	-18.75	265.106
-1.25	0	-18.75	255.792
1.25	0	-18.75	248.093
3.75	0	-18.75	242.429
6.25	0	-18.75	238.874
8.75	0	-18.75	237.262
11.25	0	-18.75	237.14
13.75	0	-18.75	238.125
16.25	0	-18.75	239.875
18.75	0	-18.75	241.789
21.25	0	-18.75	243.371
23.75	0	-18.75	244.358
26.25	0	-18.75	244.449
28.75	0	-18.75	243.429
31.25	0	-18.75	241.149
33.75	0	-18.75	237.451
36.25	0	-18.75	232.647
38.75	0	-18.75	227.224
41.25	0	-18.75	221.394
43.75	0	-18.75	215.536
46.25	0	-18.75	209.945
48.75	0	-18.75	204.657
51.25	0	-18.75	200.122
53.75	0	-18.75	196.328
56.25	0	-18.75	193.171
58.75	0	-18.75	190.657
61.25	0	-18.75	188.715
63.75	0	-18.75	187.309
66.25	0	-18.75	186.234
68.75	0	-18.75	185.546
71.25	0	-18.75	185.232
73.75	0	-18.75	184.835
76.25	0	-18.75	183.95
78.75	0	-18.75	182.49
81.25	0	-18.75	180.322
83.75	0	-18.75	177.444
86.25	0	-18.75	174.093
88.75	0	-18.75	169.849
91.25	0	-18.75	165.012
93.75	0	-18.75	159.83
96.25	0	-18.75	154.652
98.75	0	-18.75	149.928
-97.5	0	-20	452.179
-95	0	-20	452.765
-92.5	0	-20	452.398
-90	0	-20	450.787
-87.5	0	-20	447.864
-85	0	-20	443.537
-82.5	0	-20	437.948
-80	0	-20	431.496
-77.5	0	-20	424.574
-75	0	-20	417.7
-72.5	0	-20	411.113
-70	0	-20	405.051
-67.5	0	-20	399.654
-65	0	-20	394.834
-62.5	0	-20	390.692
-60	0	-20	387.146
-57.5	0	-20	384.225
-55	0	-20	382.214
-52.5	0	-20	381.052
-50	0	-20	380.581
-47.5	0	-20	380.95
-45	0	-20	381.96
-42.5	0	-20	383.184
-40	0	-20	383.927
-37.5	0	-20	383.504
-35	0	-20	381.644
-32.5	0	-20	378.267
-30	0	-20	373.256
-27.5	0	-20	366.698
-25	0	-20	358.864
-22.5	0	-20	350.077
-20	0	-20	340.683
-17.5	0	-20	330.887
-15	0	-20	320.677
-12.5	0	-20	310.267
-10	0	-20	299.937
-7.5	0	-20	289.764
-5	0	-20	279.806
-2.5	0	-20	270.32
0	0	-20	262.006
2.5	0	-20	255.476
5	0	-20	250.909
7.5	0	-20	248.061
10	0	-20	246.888
12.5	0	-20	247.05
15	0	-20	248.045
17.5	0	-20	249.383
20	0	-20	250.557
22.5	0	-20	251.206
25	0	-20	251.24
27.5	0	-20	250.458
30	0	-20	248.54
32.5	0	-20	245.546
35	0	-20	241.642
37.5	0	-20	237.1
40	0	-20	231.972
42.5	0	-20	226.523
45	0	-20	220.878
47.5	0	-20	215.198
50	0	-20	210.198
52.5	0	-20	205.766
55	0	-20	201.741
57.5	0	-20	198.231
60	0	-20	195.249
62.5	0	-20	192.788
65	0	-20	190.908
67.5	0	-20	189.618
70	0	-20	188.722
72.5	0	-20	188.169
75	0	-20	187.632
77.5	0	-20	186.769
80	0	-20	185.387
82.5	0	-20	183.38
85	0	-20	180.728
87.5	0	-20	177.545
90	0	-20	173.399
92.5	0	-20	168.56
95	0	-20	163.495
-93.75	0	-21.25	445.304
-91.25	0	-21.25	443.367
-88.75	0	-21.25	440.122
-86.25	0	-21.25	435.611
-83.75	0	-21.25	430.261
-81.25	0	-21.25	424.512
-78.75	0	-21.25	418.686
-76.25	0	-21.25	413.069
-73.75	0	-21.25	407.825
-71.25	0	-21.25	403.145
-68.75	0	-21.25	398.919
-66.25	0	-21.25	395.211
-63.75	0	-21.25	391.95
-61.25	0	-21.25	389.136
-58.75	0	-21.25	386.977
-56.25	0	-21.25	385.525
-53.75	0	-21.25	384.655
-51.25	0	-21.25	384.592
-48.75	0	-21.25	385.134
-46.25	0	-21.25	386.073
-43.75	0	-21.25	387.137
-41.25	0	-21.25	387.662
-38.75	0	-21.25	387.039
-36.25	0	-21.25	385.008
-33.75	0	-21.25	381.519
-31.25	0	-21.25	376.594
-28.75	0	-21.25	370.405
-26.25	0	-21.25	363.299
-23.75	0	-21.25	355.484
-21.25	0	-21.25	347.407
-18.75	0	-21.25	339.19
-16.25	0	-21.25	330.795
-13.75	0	-21.25	322.277
-11.25	0	-21.25	313.699
-8.75	0	-21.25	304.965
-6.25	0	-21.25	296.013
-3.75	0	-21.25	287.139
-1.25	0	-21.25	278.662
1.25	0	-21.25	271.275
3.75	0	-21.25	265.478
6.25	0	-21.25	261.334
8.75	0	-21.25	258.695
11.25	0	-21.25	257.472
13.75	0	-21.25	257.373
16.25	0	-21.25	257.797
18.75	0	-21.25	258.205
21.25	0	-21.25	258.2
23.75	0	-21.25	257.62
26.25	0	-21.25	256.415
28.75	0	-21.25	254.492
31.25	0	-21.25	251.664
33.75	0	-21.25	248.195
36.25	0	-21.25	244.335
38.75	0	-21.25	240.093
41.25	0	-21.25	235.616
43.75	0	-21.25	230.758
46.25	0	-21.25	225.542
48.75	0	-21.25	220.566
51.25	0	-21.25	215.775
53.75	0	-21.25	211.185
56.25	0	-21.25	206.891
58.75	0	-21.25	202.919
61.25	0	-21.25	199.448
63.75	0	-21.25	196.621
66.25	0	-21.25	194.437
68.75	0	-21.25	192.829
71.25	0	-21.25	191.736
73.75	0	-21.25	191.079
76.25	0	-21.25	190.495
78.75	0	-21.25	189.717
81.25	0	-21.25	188.565
83.75	0	-21.25	186.758
86.25	0	-21.25	184.252
88.75	0	-21.25	181.165
91.25	0	-21.25	177.202
-90	0	-22.5	428.912
-87.5	0	-22.5	424.756
-85	0	-22.5	420.278
-82.5	0	-22.5	415.709
-80	0	-22.5	411.257
-77.5	0	-22.5	407.162
-75	0	-22.5	403.443
-72.5	0	-22.5	400.092
-70	0	-22.5	396.997
-67.5	0	-22.5	394.205
-65	0	-22.5	391.74
-62.5	0	-22.5	389.767
-60	0	-22.5	388.36
-57.5	0	-22.5	387.357
-55	0	-22.5	386.927
-52.5	0	-22.5	387.072
-50	0	-22.5	387.741
-47.5	0	-22.5	388.796
-45	0	-22.5	389.774
-42.5	0	-22.5	390.044
-40	0	-22.5	389.17
-37.5	0	-22.5	387.004
-35	0	-22.5	383.554
-32.5	0	-22.5	378.832
-30	0	-22.5	373.182
-27.5	0	-22.5	367.061
-25	0	-22.5	360.693
-22.5	0	-22.5	354.227
-20	0	-22.5	347.729
-17.5	0	-22.5	341.224
-15	0	-22.5	334.642
-12.5	0	-22.5	327.879
-10	0	-22.5	320.635
-7.5	0	-22.5	312.996
-5	0	-22.5	305.092
-2.5	0	-22.5	297.108
0	0	-22.5	289.371
2.5	0	-22.5	282.432
5	0	-22.5	276.798
7.5	0	-22.5	272.644
10	0	-22.5	269.888
12.5	0	-22.5	268.286
15	0	-22.5	267.35
17.5	0	-22.5	266.65
20	0	-22.5	265.83
22.5	0	-22.5	264.448
25	0	-22.5	262.431
27.5	0	-22.5	259.874
30	0	-22.5	256.793
32.5	0	-22.5	253.308
35	0	-22.5	249.654
37.5	0	-22.5	245.854
40	0	-22.5	242.06
42.5	0	-22.5	238.208
45	0	-22.5	234.064
47.5	0	-22.5	229.83
50	0	-22.5	225.465
52.5	0	-22.5	220.948
55	0	-22.5	216.284
57.5	0	-22.5	211.623
60	0	-22.5	207.3
62.5	0	-22.5	203.49
65	0	-22.5	200.317
67.5	0	-22.5	197.775
70	0	-22.5	195.922
72.5	0	-22.5	194.727
75	0	-22.5	194.076
77.5	0	-22.5	193.579
80	0	-22.5	192.919
82.5	0	-22.5	191.866
85	0	-22.5	190.189
87.5	0	-22.5	187.913
-86.25	0	-23.75	408.357
-83.75	0	-23.75	405.251
-81.25	0	-23.75	402.442
-78.75	0	-23.75	399.912
-76.25	0	-23.75	397.62
-73.75	0	-23.75	395.515
-71.25	0	-23.75	393.472
-68.75	0	-23.75	391.664
-66.25	0	-23.75	390.1
-63.75	0	-23.75	388.931
-61.25	0	-23.75	388.045
-58.75	0	-23.75	387.593
-56.25	0	-23.75	387.634
-53.75	0	-23.75	388.105
-51.25	0	-23.75	388.927
-48.75	0	-23.75	389.956
-46.25	0	-23.75	390.804
-43.75	0	-23.75	391.067
-41.25	0	-23.75	390.171
-38.75	0	-23.75	387.907
-36.25	0	-23.75	384.545
-33.75	0	-23.75	380.333
-31.25	0	-23.75	375.599
-28.75	0	-23.75	370.655
-26.25	0	-23.75	365.688
-23.75	0	-23.75	360.961
-21.25	0	-23.75	356.443
-18.75	0	-23.75	351.864
-16.25	0	-23.75	346.99
-13.75	0	-23.75	341.781
-11.25	0	-23.75	336.16
-8.75	0	-23.75	330.053
-6.25	0	-23.75	323.375
-3.75	0	-23.75	316.138
-1.25	0	-23.75	308.606
1.25	0	-23.75	301.166
3.75	0	-23.75	294.332
6.25	0	-23.75	288.623
8.75	0	-23.75	284.218
11.25	0	-23.75	280.936
13.75	0	-23.75	278.497
16.25	0	-23.75	276.427
18.75	0	-23.75	274.29
21.25	0	-23.75	271.937
23.75	0	-23.75	269.104
26.25	0	-23.75	265.682
28.75	0	-23.75	261.857
31.25	0	-23.75	257.918
33.75	0	-23.75	254.012
36.25	0	-23.75	250.236
38.75	0	-23.75	246.7
41.25	0	-23.75	243.337
43.75	0	-23.75	239.962
46.25	0	-23.75	236.751
48.75	0	-23.75	233.401
51.25	0	-23.75	229.661
53.75	0	-23.75	225.463
56.25	0	-23.75	220.876
58.75	0	-23.75	216.065
61.25	0	-23.75	211.426
63.75	0	-23.75	207.273
66.25	0	-23.75	203.786
68.75	0	-23.75	201.037
71.25	0	-23.75	199.075
73.75	0	-23.75	197.848
76.25	0	-23.75	197.227
78.75	0	-23.75	196.783
81.25	0	-23.75	196.151
83.75	0	-23.75	195.26
-82.5	0	-25	392.117
-80	0	-25	391.067
-77.5	0	-25	390.127
-75	0	-25	389.127
-72.5	0	-25	388.128
-70	0	-25	387.331
-67.5	0	-25	386.733
-65	0	-25	386.304
-62.5	0	-25	386.06
-60	0	-25	386.152
-57.5	0	-25	386.622
-55	0	-25	387.439
-52.5	0	-25	388.541
-50	0	-25	389.63
-47.5	0	-25	390.523
-45	0	-25	390.756
-42.5	0	-25	389.867
-40	0	-25	387.91
-37.5	0	-25	385.073
-35	0	-25	381.596
-32.5	0	-25	377.909
-30	0	-25	374.294
-27.5	0	-25	370.868
-25	0	-25	367.819
-22.5	0	-25	365.024
-20	0	-25	362.137
-17.5	0	-25	358.893
-15	0	-25	355.304
-12.5	0	-25	351.177
-10	0	-25	346.48
-7.5	0	-25	341.065
-5	0	-25	334.868
-2.5	0	-25	327.969
0	0	-25	320.629
2.5	0	-25	313.228
5	0	-25	306.3
7.5	0	-25	300.352
10	0	-25	295.427
12.5	0	-25	291.273
15	0	-25	287.607
17.5	0	-25	284.117
20	0	-25	280.469
22.5	0	-25	276.545
25	0	-25	272.218
27.5	0	-25	267.537
30	0	-25	262.832
32.5	0	-25	258.354
35	0	-25	254.157
37.5	0	-25	250.446
40	0	-25	247.138
42.5	0	-25	244.053
45	0	-25	241.422
47.5	0	-25	238.921
50	0	-25	236.177
52.5	0	-25	233.052
55	0	-25	229.272
57.5	0	-25	224.832
60	0	-25	219.99
62.5	0	-25	215.205
65	0	-25	210.819
67.5	0	-25	207.157
70	0	-25	204.328
72.5	0	-25	202.323
75	0	-25	201.049
77.5	0	-25	200.376
80	0	-25	200.02
-78.75	0	-26.25	380.652
-76.25	0	-26.25	380.753
-73.75	0	-26.25	380.877
-71.25	0	-26.25	381.059
-68.75	0	-26.25	381.27
-66.25	0	-26.25	381.635
-63.75	0	-26.25	382.135
-61.25	0	-26.25	382.892
-58.75	0	-26.25	383.819
-56.25	0	-26.25	385.03
-53.75	0	-26.25	386.389
-51.25	0	-26.25	387.762
-48.75	0	-26.25	388.896
-46.25	0	-26.25	389.323
-43.75	0	-26.25	388.736
-41.25	0	-26.25	387.287
-38.75	0	-26.25	385.261
-36.25	0	-26.25	382.921
-33.75	0	-26.25	380.503
-31.25	0	-26.25	378.227
-28.75	0	-26.25	376.294
-26.25	0	-26.25	374.758
-23.75	0	-26.25	373.422
-21.25	0	-26.25	371.893
-18.75	0	-26.25	370.071
-16.25	0	-26.25	367.956
-13.75	0	-26.25	365.307
-11.25	0	-26.25	361.938
-8.75	0	-26.25	357.678
-6.25	0	-26.25	352.534
-3.75	0	-26.25	346.533
-1.25	0	-26.25	339.831
1.25	0	-26.25	332.549
3.75	0	-26.25	325.042
6.25	0	-26.25	317.889
8.75	0	-26.25	311.481
11.25	0	-26.25	305.724
13.75	0	-26.25	300.364
16.25	0	-26.25	295.277
18.75	0	-26.25	290.247
21.25	0	-26.25	285.093
23.75	0	-26.25	279.71
26.25	0	-26.25	274.049
28.75	0	-26.25	268.423
31.25	0	-26.25	263.205
33.75	0	-26.25	258.427
36.25	0	-26.25	254.154
38.75	0	-26.25	250.489
41.25	0	-26.25	247.306
43.75	0	-26.25	244.811
46.25	0	-26.25	242.702
48.75	0	-26.25	240.684
51.25	0	-26.25	238.417
53.75	0	-26.25	235.639
56.25	0	-26.25	232.17
58.75	0	-26.25	228.005
61.25	0	-26.25	223.332
63.75	0	-26.25	218.584
66.25	0	-26.25	214.188
68.75	0	-26.25	210.477
71.25	0	-26.25	207.564
73.75	0	-26.25	205.487
76.25	0	-26.25	204.264
-75	0	-27.5	371.503
-72.5	0	-27.5	372.566
-70	0	-27.5	373.65
-67.5	0	-27.5	374.789
-65	0	-27.5	376.064
-62.5	0	-27.5	377.472
-60	0	-27.5	379.023
-57.5	0	-27.5	380.739
-55	0	-27.5	382.531
-52.5	0	-27.5	384.351
-50	0	-27.5	385.911
-47.5	0	-27.5	386.847
-45	0	-27.5	387.032
-42.5	0	-27.5	386.509
-40	0	-27.5	385.588
-37.5	0	-27.5	384.46
-35	0	-27.5	383.323
-32.5	0	-27.5	382.534
-30	0	-27.5	382.015
-27.5	0	-27.5	381.693
-25	0	-27.5	381.418
-22.5	0	-27.5	381.076
-20	0	-27.5	380.522
-17.5	0	-27.5	379.622
-15	0	-27.5	378.123
-12.5	0	-27.5	375.91
-10	0	-27.5	372.841
-7.5	0	-27.5	368.812
-5	0	-27.5	363.81
-2.5	0	-27.5	357.941
0	0	-27.5	351.252
2.5	0	-27.5	343.947
5	0	-27.5	336.308
7.5	0	-27.5	328.711
10	0	-27.5	321.491
12.5	0	-27.5	314.602
15	0	-27.5	307.899
17.5	0	-27.5	301.33
20	0	-27.5	294.81
22.5	0	-27.5	288.203
25	0	-27.5	281.567
27.5	0	-27.5	275.023
30	0	-27.5	268.829
32.5	0	-27.5	263.231
35	0	-27.5	258.377
37.5	0	-27.5	254.163
40	0	-27.5	250.547
42.5	0	-27.5	247.791
45	0	-27.5	245.708
47.5	0	-27.5	243.964
50	0	-27.5	242.211
52.5	0	-27.5	240.097
55	0	-27.5	237.499
57.5	0	-27.5	234.264
60	0	-27.5	230.415
62.5	0	-27.5	226.038
65	0	-27.5	221.518
67.5	0	-27.5	217.24
70	0	-27.5	213.541
72.5	0	-27.5	210.685
-71.25	0	-28.75	363.716
-68.75	0	-28.75	365.666
-66.25	0	-28.75	367.684
-63.75	0	-28.75	369.802
-61.25	0	-28.75	372.019
-58.75	0	-28.75	374.393
-56.25	0	-28.75	376.869
-53.75	0	-28.75	379.389
-51.25	0	-28.75	381.695
-48.75	0	-28.75	383.639
-46.25	0	-28.75	384.943
-43.75	0	-28.75	385.72
-41.25	0	-28.75	386.186
-38.75	0	-28.75	386.399
-36.25	0	-28.75	386.66
-33.75	0	-28.75	387.097
-31.25	0	-28.75	387.655
-28.75	0	-28.75	388.365
-26.25	0	-28.75	389.128
-23.75	0	-28.75	389.698
-21.25	0	-28.75	390.049
-18.75	0	-28.75	390.104
-16.25	0	-28.75	389.572
-13.75	0	-28.75	388.32
-11.25	0	-28.75	386.228
-8.75	0	-28.75	383.285
-6.25	0	-28.75	379.41
-3.75	0	-28.75	374.589
-1.25	0	-28.75	368.766
1.25	0	-28.75	362.064
3.75	0	-28.75	354.608
6.25	0	-28.75	346.603
8.75	0	-28.75	338.293
11.25	0	-28.75	329.988
13.75	0	-28.75	321.798
16.25	0	-28.75	313.688
18.75	0	-28.75	305.726
21.25	0	-28.75	297.826
23.75	0	-28.75	290.019
26.25	0	-28.75	282.529
28.75	0	-28.75	275.469
31.25	0	-28.75	268.939
33.75	0	-28.75	263.238
36.25	0	-28.75	258.41
38.75	0	-28.75	254.271
41.25	0	-28.75	251.119
43.75	0	-28.75	248.72
46.25	0	-28.75	246.837
48.75	0	-28.75	245.192
51.25	0	-28.75	243.487
53.75	0	-28.75	241.385
56.25	0	-28.75	238.838
58.75	0	-28.75	235.771
61.25	0	-28.75	232.13
63.75	0	-28.75	228.041
66.25	0	-28.75	223.814
68.75	0	-28.75	219.837
-67.5	0	-30	356.92
-65	0	-30	359.762
-62.5	0	-30	362.783
-60	0	-30	365.975
-57.5	0	-30	369.344
-55	0	-30	372.842
-52.5	0	-30	376.406
-50	0	-30	379.813
-47.5	0	-30	382.678
-45	0	-30	385.033
-42.5	0	-30	387.011
-40	0	-30	388.718
-37.5	0	-30	390.308
-35	0	-30	391.818
-32.5	0	-30	393.207
-30	0	-30	394.709
-27.5	0	-30	396.228
-25	0	-30	397.61
-22.5	0	-30	398.671
-20	0	-30	399.348
-17.5	0	-30	399.518
-15	0	-30	399.063
-12.5	0	-30	397.896
-10	0	-30	395.91
-7.5	0	-30	393.056
-5	0	-30	389.348
-2.5	0	-30	384.649
0	0	-30	378.878
2.5	0	-30	372.051
5	0	-30	364.245
7.5	0	-30	355.54
10	0	-30	346.239
12.5	0	-30	336.721
15	0	-30	327.178
17.5	0	-30	317.724
20	0	-30	308.479
22.5	0	-30	299.496
25	0	-30	290.897
27.5	0	-30	282.922
30	0	-30	275.569
32.5	0	-30	269.024
35	0	-30	263.414
37.5	0	-30	258.678
40	0	-30	254.988
42.5	0	-30	252.192
45	0	-30	249.99
47.5	0	-30	248.171
50	0	-30	246.448
52.5	0	-30	244.604
55	0	-30	242.433
57.5	0	-30	239.854
60	0	-30	236.757
62.5	0	-30	233.213
65	0	-30	229.399
-63.75	0	-31.25	351.301
-61.25	0	-31.25	355.5
-58.75	0	-31.25	360.032
-56.25	0	-31.25	364.948
-53.75	0	-31.25	370.162
-51.25	0	-31.25	375.366
-48.75	0	-31.25	380.139
-46.25	0	-31.25	384.365
-43.75	0	-31.25	388.038
-41.25	0	-31.25	391.23
-38.75	0	-31.25	393.967
-36.25	0	-31.25	396.348
-33.75	0	-31.25	398.572
-31.25	0	-31.25	400.705
-28.75	0	-31.25	402.772
-26.25	0	-31.25	404.615
-23.75	0	-31.25	406.111
-21.25	0	-31.25	407.305
-18.75	0	-31.25	408.031
-16.25	0	-31.25	408.213
-13.75	0	-31.25	407.771
-11.25	0	-31.25	406.665
-8.75	0	-31.25	404.823
-6.25	0	-31.25	402.178
-3.75	0	-31.25	398.552
-1.25	0	-31.25	393.888
1.25	0	-31.25	388.063
3.75	0	-31.25	380.959
6.25	0	-31.25	372.493
8.75	0	-31.25	362.821
11.25	0	-31.25	352.331
13.75	0	-31.25	341.544
16.25	0	-31.25	330.75
18.75	0	-31.25	320.079
21.25	0	-31.25	309.797
23.75	0	-31.25	300.105
26.25	0	-31.25	291.141
28.75	0	-31.25	282.959
31.25	0	-31.25	275.635
33.75	0	-31.25	269.262
36.25	0	-31.25	263.857
38.75	0	-31.25	259.609
41.25	0	-31.25	256.25
43.75	0	-31.25	253.663
46.25	0	-31.25	251.56
48.75	0	-31.25	249.672
51.25	0	-31.25	247.762
53.75	0	-31.25	245.693
56.25	0	-31.25	243.292
58.75	0	-31.25	240.523
61.25	0	-31.25	237.395
-60	0	-32.5	349.166
-57.5	0	-32.5	355.871
-55	0	-32.5	363.076
-52.5	0	-32.5	370.339
-50	0	-32.5	377.184
-47.5	0	-32.5	383.423
-45	0	-32.5	388.917
-42.5	0	-32.5	393.542
-40	0	-32.5	397.322
-37.5	0	-32.5	400.605
-35	0	-32.5	403.479
-32.5	0	-32.5	406.142
-30	0	-32.5	408.591
-27.5	0	-32.5	410.686
-25	0	-32.5	412.448
-22.5	0	-32.5	413.93
-20	0	-32.5	415.024
-17.5	0	-32.5	415.754
-15	0	-32.5	416.003
-12.5	0	-32.5	415.655
-10	0	-32.5	414.688
-7.5	0	-32.5	413.029
-5	0	-32.5	410.51
-2.5	0	-32.5	406.96
0	0	-32.5	402.213
2.5	0	-32.5	396.103
5	0	-32.5	388.405
7.5	0	-32.5	379.051
10	0	-32.5	368.237
12.5	0	-32.5	356.514
15	0	-32.5	344.509
17.5	0	-32.5	332.562
20	0	-32.5	320.932
22.5	0	-32.5	310.015
25	0	-32.5	300.021
27.5	0	-32.5	290.935
30	0	-32.5	282.918
32.5	0	-32.5	275.868
35	0	-32.5	269.749
37.5	0	-32.5	264.875
40	0	-32.5	261.074
42.5	0	-32.5	258.003
45	0	-32.5	255.512
47.5	0	-32.5	253.349
50	0	-32.5	251.28
52.5	0	-32.5	249.099
55	0	-32.5	246.711
57.5	0	-32.5	244.03
-56.25	0	-33.75	355.156
-53.75	0	-33.75	364.646
-51.25	0	-33.75	373.694
-48.75	0	-33.75	381.928
-46.25	0	-33.75	389.141
-43.75	0	-33.75	395.135
-41.25	0	-33.75	400.081
-38.75	0	-33.75	404.26
-36.25	0	-33.75	407.745
-33.75	0	-33.75	410.809
-31.25	0	-33.75	413.477
-28.75	0	-33.75	415.709
-26.25	0	-33.75	417.63
-23.75	0	-33.75	419.309
-21.25	0	-33.75	420.686
-18.75	0	-33.75	421.772
-16.25	0	-33.75	422.529
-13.75	0	-33.75	422.928
-11.25	0	-33.75	422.783
-8.75	0	-33.75	422.017
-6.25	0	-33.75	420.479
-3.75	0	-33.75	418.017
-1.25	0	-33.75	414.425
1.25	0	-33.75	409.423
3.75	0	-33.75	402.702
6.25	0	-33.75	394.119
8.75	0	-33.75	383.703
11.25	0	-33.75	371.744
13.75	0	-33.75	358.838
16.25	0	-33.75	345.699
18.75	0	-33.75	332.83
21.25	0	-33.75	320.64
23.75	0	-33.75	309.492
26.25	0	-33.75	299.463
28.75	0	-33.75	290.616
31.25	0	-33.75	282.949
33.75	0	-33.75	276.263
36.25	0	-33.75	270.788
38.75	0	-33.75	266.435
41.25	0	-33.75	262.987
43.75	0	-33.75	260.125
46.25	0	-33.75	257.631
48.75	0	-33.75	255.248
51.25	0	-33.75	252.882
53.75	0	-33.75	250.433
-52.5	0	-35	369.385
-50	0	-35	379.498
-47.5	0	-35	388.29
-45	0	-35	395.707
-42.5	0	-35	401.84
-40	0	-35	406.881
-37.5	0	-35	410.999
-35	0	-35	414.442
-32.5	0	-35	417.279
-30	0	-35	419.641
-27.5	0	-35	421.629
-25	0	-35	423.423
-22.5	0	-35	425.04
-20	0	-35	426.444
-17.5	0	-35	427.616
-15	0	-35	428.526
-12.5	0	-35	429.077
-10	0	-35	429.177
-7.5	0	-35	428.591
-5	0	-35	427.128
-2.5	0	-35	424.61
0	0	-35	420.747
2.5	0	-35	415.178
5	0	-35	407.619
7.5	0	-35	397.974
10	0	-35	386.418
12.5	0	-35	373.344
15	0	-35	359.393
17.5	0	-35	345.376
20	0	-35	331.961
22.5	0	-35	319.582
25	0	-35	308.474
27.5	0	-35	298.739
30	0	-35	290.303
32.5	0	-35	283.089
35	0	-35	277.141
37.5	0	-35	272.307
40	0	-35	268.426
42.5	0	-35	265.248
45	0	-35	262.42
47.5	0	-35	259.787
50	0	-35	257.205
-48.75	0	-36.25	386.129
-46.25	0	-36.25	394.905
-43.75	0	-36.25	402.188
-41.25	0	-36.25	408.129
-38.75	0	-36.25	412.853
-36.25	0	-36.25	416.689
-33.75	0	-36.25	419.803
-31.25	0	-36.25	422.34
-28.75	0	-36.25	424.439
-26.25	0	-36.25	426.353
-23.75	0	-36.25	428.12
-21.25	0	-36.25	429.788
-18.75	0	-36.25	431.33
-16.25	0	-36.25	432.678
-13.75	0	-36.25	433.786
-11.25	0	-36.25	434.58
-8.75	0	-36.25	434.81
-6.25	0	-36.25	434.33
-3.75	0	-36.25	432.862
-1.25	0	-36.25	430.087
1.25	0	-36.25	425.656
3.75	0	-36.25	419.251
6.25	0	-36.25	410.675
8.75	0	-36.25	399.934
11.25	0	-36.25	387.276
13.75	0	-36.25	373.179
16.25	0	-36.25	358.414
18.75	0	-36.25	343.936
21.25	0	-36.25	330.367
23.75	0	-36.25	318.028
26.25	0	-36.25	307.229
28.75	0	-36.25	297.985
31.25	0	-36.25	290.08
33.75	0	-36.25	283.67
36.25	0	-36.25	278.449
38.75	0	-36.25	274.179
41.25	0	-36.25	270.664
43.75	0	-36.25	267.612
46.25	0	-36.25	264.748
-45	0	-37.5	400.786
-42.5	0	-37.5	407.59
-40	0	-37.5	413.007
-37.5	0	-37.5	417.328
-35	0	-37.5	420.819
-32.5	0	-37.5	423.615
-30	0	-37.5	425.939
-27.5	0	-37.5	428.073
-25	0	-37.5	430.004
-22.5	0	-37.5	431.885
-20	0	-37.5	433.711
-17.5	0	-37.5	435.443
-15	0	-37.5	437.032
-12.5	0	-37.5	438.397
-10	0	-37.5	439.35
-7.5	0	-37.5	439.679
-5	0	-37.5	439.141
-2.5	0	-37.5	437.449
0	0	-37.5	434.165
2.5	0	-37.5	428.917
5	0	-37.5	421.499
7.5	0	-37.5	411.844
10	0	-37.5	400.062
12.5	0	-37.5	386.427
15	0	-37.5	371.543
17.5	0	-37.5	356.337
20	0	-37.5	341.742
22.5	0	-37.5	328.261
25	0	-37.5	316.269
27.5	0	-37.5	305.978
30	0	-37.5	297.293
32.5	0	-37.5	290.264
35	0	-37.5	284.644
37.5	0	-37.5	280.038
40	0	-37.5	276.207
42.5	0	-37.5	272.949
-41.25	0	-38.75	411.168
-38.75	0	-38.75	416.14
-36.25	0	-38.75	420.13
-33.75	0	-38.75	423.34
-31.25	0	-38.75	426.021
-28.75	0	-38.75	428.424
-26.25	0	-38.75	430.633
-23.75	0	-38.75	432.767
-21.25	0	-38.75	434.839
-18.75	0	-38.75	436.907
-16.25	0	-38.75	438.893
-13.75	0	-38.75	440.736
-11.25	0	-38.75	442.292
-8.75	0	-38.75	443.348
-6.25	0	-38.75	443.646
-3.75	0	-38.75	442.88
-1.25	0	-38.75	440.632
1.25	0	-38.75	436.565
3.75	0	-38.75	430.376
6.25	0	-38.75	421.917
8.75	0	-38.75	411.237
11.25	0	-38.75	398.51
13.75	0	-38.75	384.149
16.25	0	-38.75	368.852
18.75	0	-38.75	353.526
21.25	0	-38.75	339.035
23.75	0	-38.75	325.942
26.25	0	-38.75	314.509
28.75	0	-38.75	304.818
31.25	0	-38.75	297.017
33.75	0	-38.75	290.788
36.25	0	-38.75	285.841
38.75	0	-38.75	281.772
-37.5	0	-40	417.58
-35	0	-40	421.364
-32.5	0	-40	424.536
-30	0	-40	427.339
-27.5	0	-40	429.894
-25	0	-40	432.338
-22.5	0	-40	434.711
-20	0	-40	437.101
-17.5	0	-40	439.439
-15	0	-40	441.716
-12.5	0	-40	443.754
-10	0	-40	445.411
-7.5	0	-40	446.465
-5	0	-40	446.533
-2.5	0	-40	445.234
0	0	-40	442.215
2.5	0	-40	437.184
5	0	-40	430.001
7.5	0	-40	420.601
10	0	-40	409.021
12.5	0	-40	395.575
15	0	-40	380.809
17.5	0	-40	365.443
20	0	-40	350.253
22.5	0	-40	336.148
25	0	-40	323.627
27.5	0	-40	312.831
30	0	-40	304.054
32.5	0	-40	297.076
35	0	-40	291.566
-33.75	0	-41.25	421.337
-31.25	0	-41.25	424.686
-28.75	0	-41.25	427.703
-26.25	0	-41.25	430.526
-23.75	0	-41.25	433.272
-21.25	0	-41.25	435.982
-18.75	0	-41.25	438.676
-16.25	0	-41.25	441.366
-13.75	0	-41.25	443.851
-11.25	0	-41.25	446.024
-8.75	0	-41.25	447.672
-6.25	0	-41.25	448.484
-3.75	0	-41.25	448.055
-1.25	0	-41.25	446.002
1.25	0	-41.25	442.056
3.75	0	-41.25	436.064
6.25	0	-41.25	427.93
8.75	0	-41.25	417.672
11.25	0	-41.25	405.437
13.75	0	-41.25	391.627
16.25	0	-41.25	376.798
18.75	0	-41.25	361.575
21.25	0	-41.25	346.814
23.75	0	-41.25	333.302
26.25	0	-41.25	321.407
28.75	0	-41.25	311.526
31.25	0	-41.25	303.634
-30	0	-42.5	423.927
-27.5	0	-42.5	427.254
-25	0	-42.5	430.426
-22.5	0	-42.5	433.53
-20	0	-42.5	436.595
-17.5	0	-42.5	439.655
-15	0	-42.5	442.584
-12.5	0	-42.5	445.251
-10	0	-42.5	447.417
-7.5	0	-42.5	448.858
-5	0	-42.5	449.18
-2.5	0	-42.5	447.997
0	0	-42.5	445.07
2.5	0	-42.5	440.191
5	0	-42.5	433.284
7.5	0	-42.5	424.314
10	0	-42.5	413.4
12.5	0	-42.5	400.844
15	0	-42.5	387.023
17.5	0	-42.5	372.367
20	0	-42.5	357.57
22.5	0	-42.5	343.396
25	0	-42.5	330.544
27.5	0	-42.5	319.607
-26.25	0	-43.75	426.099
-23.75	0	-43.75	429.661
-21.25	0	-43.75	433.161
-18.75	0	-43.75	436.61
-16.25	0	-43.75	439.947
-13.75	0	-43.75	443.06
-11.25	0	-43.75	445.749
-8.75	0	-43.75	447.76
-6.25	0	-43.75	448.718
-3.75	0	-43.75	448.335
-1.25	0	-43.75	446.296
1.25	0	-43.75	442.44
3.75	0	-43.75	436.69
6.25	0	-43.75	428.986
8.75	0	-43.75	419.405
11.25	0	-43.75	408.187
13.75	0	-43.75	395.61
16.25	0	-43.75	381.989
18.75	0	-43.75	367.791
21.25	0	-43.75	353.599
23.75	0	-43.75	340.11
-22.5	0	-45	428.291
-20	0	-45	432.195
-17.5	0	-45	435.949
-15	0	-45	439.488
-12.5	0	-45	442.663
-10	0	-45	445.199
-7.5	0	-45	446.766
-5	0	-45	447.078
-2.5	0	-45	445.848
0	0	-45	442.921
2.5	0	-45	438.223
5	0	-45	431.695
7.5	0	-45	423.426
10	0	-45	413.572
12.5	0	-45	402.361
15	0	-45	389.984
17.5	0	-45	376.799
20	0	-45	363.249
-18.75	0	-46.25	430.567
-16.25	0	-46.25	434.547
-13.75	0	-46.25	438.173
-11.25	0	-46.25	441.219
-8.75	0	-46.25	443.355
-6.25	0	-46.25	444.279
-3.75	0	-46.25	443.775
-1.25	0	-46.25	441.723
1.25	0	-46.25	437.978
3.75	0	-46.25	432.548
6.25	0	-46.25	425.486
8.75	0	-46.25	416.953
11.25	0	-46.25	407.132
13.75	0	-46.25	396.138
16.25	0	-46.25	384.236
-15	0	-47.5	432.309
-12.5	0	-47.5	435.831
-10	0	-47.5	438.497
-7.5	0	-47.5	440.006
-5	0	-47.5	440.166
-2.5	0	-47.5	438.859
0	0	-47.5	436.025
2.5	0	-47.5	431.614
5	0	-47.5	425.671
7.5	0	-47.5	418.378
10	0	-47.5	409.894
12.5	0	-47.5	400.309
-11.25	0	-48.75	432.215
-8.75	0	-48.75	434.286
-6.25	0	-48.75	435.065
-3.75	0	-48.75	434.445
-1.25	0	-48.75	432.41
1.25	0	-48.75	428.927
3.75	0	-48.75	424.031
6.25	0	-48.75	417.912
8.75	0	-48.75	410.698
-7.5	0	-50	428.504
-5	0	-50	428.537
-2.5	0	-50	427.221
0	0	-50	424.555
2.5	0	-50	420.634
5	0	-50	415.593
-3.75	0	-51.25	420.518
-1.25	0	-51.25	418.603
1.25	0	-51.25	415.547
