# ============================================================
# DC Voltage Distribution Along Pseudosection
# Paper: A Comparative Study of Pseudo-diode Arrays and Standard Arrays
# Based on High-density DC Resistivity Method
# ============================================================
# First row: NX  NY  NPoints
# Subsequent rows: X  Y  Z  Voltage
#   X/Z: Spatial coordinates (m)
#   Voltage: Electric potential in Volts

312	126	2583
0	0	0	-3112.2	0	0
1	0	0	-2617.67	0	0
2	0	0	-2205.56	0	0
3	0	0	-1862.13	0	0
4	0	0	-1575.94	0	0
5	0	0	-1337.45	0	0
6	0	0	-1138.71	0	0
7	0	0	-973.092	0	0
8	0	0	-835.077	0	0
9	0	0	-720.064	0	0
10	0	0	-624.22	0	0
11	0	0	-544.35	0	0
12	0	0	-477.792	0	0
13	0	0	-422.326	0	0
14	0	0	-376.105	0	0
15	0	0	-337.588	0	0
16	0	0	-305.49	0	0
17	0	0	-278.742	0	0
18	0	0	-256.451	0	0
19	0	0	-237.876	0	0
20	0	0	-222.397	0	0
21	0	0	-209.497	0	0
22	0	0	-198.748	0	0
23	0	0	-189.79	0	0
24	0	0	-182.325	0	0
25	0	0	-176.104	0	0
26	0	0	-170.92	0	0
27	0	0	-166.6	0	0
28	0	0	-163	0	0
29	0	0	-160	0	0
30	0	1	-157.5	0	0
31	0	0	-156.25	0	0
32	0	1	-155	0	0
33	0	0	-153.75	0	0
34	0	1	-152.5	0	0
35	0	0	-151.25	0	0
36	0	1	-150	0	0
37	0	0	-148.75	0	0
38	0	1	-147.5	0	0
39	0	0	-146.25	0	0
40	0	1	-145	0	0
41	0	0	-143.75	0	0
42	0	1	-142.5	0	0
43	0	0	-141.25	0	0
44	0	1	-140	0	0
45	0	0	-138.75	0	0
46	0	1	-137.5	0	0
47	0	0	-136.25	0	0
48	0	1	-135	0	0
49	0	0	-133.75	0	0
50	0	1	-132.5	0	0
51	0	0	-131.25	0	0
52	0	1	-130	0	0
53	0	0	-128.75	0	0
54	0	1	-127.5	0	0
55	0	0	-126.25	0	0
56	0	1	-125	0	0
57	0	0	-123.75	0	0
58	0	1	-122.5	0	0
59	0	0	-121.25	0	0
60	0	1	-120	0	0
61	0	0	-118.75	0	0
62	0	1	-117.5	0	0
63	0	0	-116.25	0	0
64	0	1	-115	0	0
65	0	0	-113.75	0	0
66	0	1	-112.5	0	0
67	0	0	-111.25	0	0
68	0	1	-110	0	0
69	0	0	-108.75	0	0
70	0	1	-107.5	0	0
71	0	0	-106.25	0	0
72	0	1	-105	0	0
73	0	0	-103.75	0	0
74	0	1	-102.5	0	0
75	0	0	-101.25	0	0
76	0	1	-100	0	0
77	0	0	-98.75	0	0
78	0	1	-97.5	0	0
79	0	0	-96.25	0	0
80	0	1	-95	0	0
81	0	0	-93.75	0	0
82	0	1	-92.5	0	0
83	0	0	-91.25	0	0
84	0	1	-90	0	0
85	0	0	-88.75	0	0
86	0	1	-87.5	0	0
87	0	0	-86.25	0	0
88	0	1	-85	0	0
89	0	0	-83.75	0	0
90	0	1	-82.5	0	0
91	0	0	-81.25	0	0
92	0	1	-80	0	0
93	0	0	-78.75	0	0
94	0	1	-77.5	0	0
95	0	0	-76.25	0	0
96	0	1	-75	0	0
97	0	0	-73.75	0	0
98	0	1	-72.5	0	0
99	0	0	-71.25	0	0
100	0	1	-70	0	0
101	0	0	-68.75	0	0
102	0	1	-67.5	0	0
103	0	0	-66.25	0	0
104	0	1	-65	0	0
105	0	0	-63.75	0	0
106	0	1	-62.5	0	0
107	0	0	-61.25	0	0
108	0	1	-60	0	0
109	0	0	-58.75	0	0
110	0	1	-57.5	0	0
111	0	0	-56.25	0	0
112	0	1	-55	0	0
113	0	0	-53.75	0	0
114	0	1	-52.5	0	0
115	0	0	-51.25	0	0
116	0	1	-50	0	0
117	0	0	-48.75	0	0
118	0	1	-47.5	0	0
119	0	0	-46.25	0	0
120	0	1	-45	0	0
121	0	0	-43.75	0	0
122	0	1	-42.5	0	0
123	0	0	-41.25	0	0
124	0	1	-40	0	0
125	0	0	-38.75	0	0
126	0	1	-37.5	0	0
127	0	0	-36.25	0	0
128	0	1	-35	0	0
129	0	0	-33.75	0	0
130	0	1	-32.5	0	0
131	0	0	-31.25	0	0
132	0	1	-30	0	0
133	0	0	-28.75	0	0
134	0	1	-27.5	0	0
135	0	0	-26.25	0	0
136	0	1	-25	0	0
137	0	0	-23.75	0	0
138	0	1	-22.5	0	0
139	0	0	-21.25	0	0
140	0	1	-20	0	0
141	0	0	-18.75	0	0
142	0	1	-17.5	0	0
143	0	0	-16.25	0	0
144	0	1	-15	0	0
145	0	0	-13.75	0	0
146	0	1	-12.5	0	0
147	0	0	-11.25	0	0
148	0	1	-10	0	0
149	0	0	-8.75	0	0
150	0	1	-7.5	0	0
151	0	0	-6.25	0	0
152	0	1	-5	0	0
153	0	0	-3.75	0	0
154	0	1	-2.5	0	0
155	0	0	-1.25	0	0
156	0	1	0	0	0
157	0	0	1.25	0	0
158	0	1	2.5	0	0
159	0	0	3.75	0	0
160	0	1	5	0	0
161	0	0	6.25	0	0
162	0	1	7.5	0	0
163	0	0	8.75	0	0
164	0	1	10	0	0
165	0	0	11.25	0	0
166	0	1	12.5	0	0
167	0	0	13.75	0	0
168	0	1	15	0	0
169	0	0	16.25	0	0
170	0	1	17.5	0	0
171	0	0	18.75	0	0
172	0	1	20	0	0
173	0	0	21.25	0	0
174	0	1	22.5	0	0
175	0	0	23.75	0	0
176	0	1	25	0	0
177	0	0	26.25	0	0
178	0	1	27.5	0	0
179	0	0	28.75	0	0
180	0	1	30	0	0
181	0	0	31.25	0	0
182	0	1	32.5	0	0
183	0	0	33.75	0	0
184	0	1	35	0	0
185	0	0	36.25	0	0
186	0	1	37.5	0	0
187	0	0	38.75	0	0
188	0	1	40	0	0
189	0	0	41.25	0	0
190	0	1	42.5	0	0
191	0	0	43.75	0	0
192	0	1	45	0	0
193	0	0	46.25	0	0
194	0	1	47.5	0	0
195	0	0	48.75	0	0
196	0	1	50	0	0
197	0	0	51.25	0	0
198	0	1	52.5	0	0
199	0	0	53.75	0	0
200	0	1	55	0	0
201	0	0	56.25	0	0
202	0	1	57.5	0	0
203	0	0	58.75	0	0
204	0	1	60	0	0
205	0	0	61.25	0	0
206	0	1	62.5	0	0
207	0	0	63.75	0	0
208	0	1	65	0	0
209	0	0	66.25	0	0
210	0	1	67.5	0	0
211	0	0	68.75	0	0
212	0	1	70	0	0
213	0	0	71.25	0	0
214	0	1	72.5	0	0
215	0	0	73.75	0	0
216	0	1	75	0	0
217	0	0	76.25	0	0
218	0	1	77.5	0	0
219	0	0	78.75	0	0
220	0	1	80	0	0
221	0	0	81.25	0	0
222	0	1	82.5	0	0
223	0	0	83.75	0	0
224	0	1	85	0	0
225	0	0	86.25	0	0
226	0	1	87.5	0	0
227	0	0	88.75	0	0
228	0	1	90	0	0
229	0	0	91.25	0	0
230	0	1	92.5	0	0
231	0	0	93.75	0	0
232	0	1	95	0	0
233	0	0	96.25	0	0
234	0	1	97.5	0	0
235	0	0	98.75	0	0
236	0	1	100	0	0
237	0	0	101.25	0	0
238	0	1	102.5	0	0
239	0	0	103.75	0	0
240	0	1	105	0	0
241	0	0	106.25	0	0
242	0	1	107.5	0	0
243	0	0	108.75	0	0
244	0	1	110	0	0
245	0	0	111.25	0	0
246	0	1	112.5	0	0
247	0	0	113.75	0	0
248	0	1	115	0	0
249	0	0	116.25	0	0
250	0	1	117.5	0	0
251	0	0	118.75	0	0
252	0	1	120	0	0
253	0	0	121.25	0	0
254	0	1	122.5	0	0
255	0	0	123.75	0	0
256	0	1	125	0	0
257	0	0	126.25	0	0
258	0	1	127.5	0	0
259	0	0	128.75	0	0
260	0	1	130	0	0
261	0	0	131.25	0	0
262	0	1	132.5	0	0
263	0	0	133.75	0	0
264	0	1	135	0	0
265	0	0	136.25	0	0
266	0	1	137.5	0	0
267	0	0	138.75	0	0
268	0	1	140	0	0
269	0	0	141.25	0	0
270	0	1	142.5	0	0
271	0	0	143.75	0	0
272	0	1	145	0	0
273	0	0	146.25	0	0
274	0	1	147.5	0	0
275	0	0	148.75	0	0
276	0	1	150	0	0
277	0	0	151.25	0	0
278	0	1	152.5	0	0
279	0	0	153.75	0	0
280	0	1	155	0	0
281	0	0	156.25	0	0
282	0	0	158.75	0	0
283	0	0	161.75	0	0
284	0	0	165.35	0	0
285	0	0	169.67	0	0
286	0	0	174.854	0	0
287	0	0	181.075	0	0
288	0	0	188.54	0	0
289	0	0	197.498	0	0
290	0	0	208.247	0	0
291	0	0	221.147	0	0
292	0	0	236.626	0	0
293	0	0	255.201	0	0
294	0	0	277.492	0	0
295	0	0	304.24	0	0
296	0	0	336.338	0	0
297	0	0	374.855	0	0
298	0	0	421.076	0	0
299	0	0	476.542	0	0
300	0	0	543.1	0	0
301	0	0	622.97	0	0
302	0	0	718.814	0	0
303	0	0	833.827	0	0
304	0	0	971.842	0	0
305	0	0	1137.46	0	0
306	0	0	1336.2	0	0
307	0	0	1574.69	0	0
308	0	0	1860.88	0	0
309	0	0	2204.31	0	0
310	0	0	2616.42	0	0
311	0	0	3110.95	0	0
30	34	32	36	23.5619	8.94666	100
32	36	34	38	23.5619	8.78796	100
34	38	36	40	23.5619	8.4723	100
36	40	38	42	23.5619	9.8607	100
38	42	40	44	23.5619	7.45214	100
40	44	42	46	23.5619	10.3378	100
42	46	44	48	23.5619	8.31087	100
44	48	46	50	23.5619	8.62914	100
46	50	48	52	23.5619	9.44288	100
48	52	50	54	23.5619	8.20578	100
50	54	52	56	23.5619	9.37293	100
52	56	54	58	23.5619	8.7876	100
54	58	56	60	23.5619	9.30441	100
56	60	58	62	23.5619	9.05378	100
58	62	60	64	23.5619	8.99092	100
60	64	62	66	23.5619	8.31158	100
62	66	64	68	23.5619	9.73412	100
64	68	66	70	23.5619	8.38848	100
66	70	68	72	23.5619	9.25068	100
68	72	70	74	23.5619	9.24345	100
70	74	72	76	23.5619	8.60957	100
72	76	74	78	23.5619	9.82415	100
74	78	76	80	23.5619	8.53368	100
76	80	78	82	23.5619	9.22606	100
78	82	80	84	23.5619	8.11441	100
80	84	82	86	23.5619	10.225	100
82	86	84	88	23.5619	8.13488	100
84	88	86	90	23.5619	9.33927	100
86	90	88	92	23.5619	8.92908	100
88	92	90	94	23.5619	8.37842	100
90	94	92	96	23.5619	9.79585	100
92	96	94	98	23.5619	8.62325	100
94	98	96	100	23.5619	9.26293	100
96	100	98	102	23.5619	9.06945	100
98	102	100	104	23.5619	9.32424	100
100	104	102	106	23.5619	8.97093	100
102	106	104	108	23.5619	9.32069	100
104	108	106	110	23.5619	9.08153	100
106	110	108	112	23.5619	8.32872	100
108	112	110	114	23.5619	9.83054	100
110	114	112	116	23.5619	8.35958	100
112	116	114	118	23.5619	9.45199	100
114	118	116	120	23.5619	8.07103	100
116	120	118	122	23.5619	9.78409	100
118	122	120	124	23.5619	8.136	100
120	124	122	126	23.5619	9.27907	100
122	126	124	128	23.5619	8.95335	100
124	128	126	130	23.5619	8.44278	100
126	130	128	132	23.5619	9.5946	100
128	132	130	134	23.5619	8.52603	100
130	134	132	136	23.5619	8.96846	100
132	136	134	138	23.5619	8.79542	100
134	138	136	140	23.5619	9.25232	100
136	140	138	142	23.5619	8.59836	100
138	142	140	144	23.5619	8.53694	100
140	144	142	146	23.5619	9.77659	100
142	146	144	148	23.5619	8.19996	100
144	148	146	150	23.5619	9.00308	100
146	150	148	152	23.5619	8.89919	100
148	152	150	154	23.5619	8.29478	100
150	154	152	156	23.5619	9.76453	100
152	156	154	158	23.5619	7.36552	100
154	158	156	160	23.5619	8.92571	100
156	160	158	162	23.5619	8.41559	100
158	162	160	164	23.5619	9.18239	100
160	164	162	166	23.5619	8.01559	100
162	166	164	168	23.5619	9.28403	100
164	168	166	170	23.5619	8.17697	100
166	170	168	172	23.5619	9.89928	100
168	172	170	174	23.5619	8.13248	100
170	174	172	176	23.5619	8.52075	100
172	176	174	178	23.5619	9.51366	100
174	178	176	180	23.5619	8.20459	100
176	180	178	182	23.5619	8.55282	100
178	182	180	184	23.5619	9.52659	100
180	184	182	186	23.5619	8.33429	100
182	186	184	188	23.5619	9.09634	100
184	188	186	190	23.5619	8.71661	100
186	190	188	192	23.5619	8.39606	100
188	192	190	194	23.5619	9.55992	100
190	194	192	196	23.5619	8.22787	100
192	196	194	198	23.5619	9.10877	100
194	198	196	200	23.5619	8.65658	100
196	200	198	202	23.5619	8.66653	100
198	202	200	204	23.5619	9.6105	100
200	204	202	206	23.5619	7.97805	100
202	206	204	208	23.5619	8.44438	100
204	208	206	210	23.5619	9.75825	100
206	210	208	212	23.5619	8.03338	100
208	212	210	214	23.5619	8.34047	100
210	214	212	216	23.5619	9.61596	100
212	216	214	218	23.5619	8.18976	100
214	218	216	220	23.5619	9.12741	100
216	220	218	222	23.5619	8.78016	100
218	222	220	224	23.5619	8.93094	100
220	224	222	226	23.5619	8.85475	100
222	226	224	228	23.5619	8.09934	100
224	228	226	230	23.5619	10.0116	100
226	230	228	232	23.5619	8.07735	100
228	232	230	234	23.5619	9.04142	100
230	234	232	236	23.5619	8.95628	100
232	236	234	238	23.5619	8.25132	100
234	238	236	240	23.5619	8.972	100
236	240	238	242	23.5619	8.85796	100
238	242	240	244	23.5619	8.34397	100
240	244	242	246	23.5619	9.10211	100
242	246	244	248	23.5619	8.17098	100
244	248	246	250	23.5619	9.43042	100
246	250	248	252	23.5619	7.94427	100
248	252	250	254	23.5619	9.50099	100
250	254	252	256	23.5619	7.49255	100
252	256	254	258	23.5619	9.00279	100
254	258	256	260	23.5619	9.25366	100
256	260	258	262	23.5619	7.34541	100
258	262	260	264	23.5619	9.45433	100
260	264	262	266	23.5619	7.77609	100
262	266	264	268	23.5619	9.40579	100
264	268	266	270	23.5619	8.40076	100
266	270	268	272	23.5619	8.6916	100
268	272	270	274	23.5619	9.41658	100
270	274	272	276	23.5619	8.08381	100
272	276	274	278	23.5619	9.42011	100
274	278	276	280	23.5619	7.65709	100
30	38	34	42	47.1239	4.45828	100
32	40	36	44	47.1239	4.84257	100
34	42	38	46	47.1239	4.70676	100
36	44	40	48	47.1239	4.67735	100
38	46	42	50	47.1239	4.63906	100
40	48	44	52	47.1239	4.51022	100
42	50	46	54	47.1239	4.60637	100
44	52	48	56	47.1239	4.89989	100
46	54	50	58	47.1239	4.75176	100
48	56	52	60	47.1239	4.51634	100
50	58	54	62	47.1239	4.63838	100
52	60	56	64	47.1239	4.65134	100
54	62	58	66	47.1239	4.79528	100
56	64	60	68	47.1239	4.69952	100
58	66	62	70	47.1239	4.84571	100
60	68	64	72	47.1239	4.79976	100
62	70	66	74	47.1239	4.65983	100
64	72	68	76	47.1239	4.5621	100
66	74	70	78	47.1239	4.67889	100
68	76	72	80	47.1239	4.81107	100
70	78	74	82	47.1239	4.87351	100
72	80	76	84	47.1239	4.69535	100
74	82	78	86	47.1239	4.65264	100
76	84	80	88	47.1239	4.66323	100
78	86	82	90	47.1239	4.68125	100
80	88	84	92	47.1239	4.64556	100
82	90	86	94	47.1239	4.60293	100
84	92	88	96	47.1239	4.59492	100
86	94	90	98	47.1239	4.64463	100
88	96	92	100	47.1239	4.68541	100
90	98	94	102	47.1239	4.63593	100
92	100	96	104	47.1239	4.6391	100
94	102	98	106	47.1239	4.684	100
96	104	100	108	47.1239	4.50015	100
98	106	102	110	47.1239	4.6209	100
100	108	104	112	47.1239	4.71681	100
102	110	106	114	47.1239	4.60437	100
104	112	108	116	47.1239	4.68525	100
106	114	110	118	47.1239	4.69657	100
108	116	112	120	47.1239	4.5022	100
110	118	114	122	47.1239	4.54412	100
112	120	116	124	47.1239	4.71469	100
114	122	118	126	47.1239	4.62731	100
116	124	120	128	47.1239	4.59352	100
118	126	122	130	47.1239	4.53304	100
120	128	124	132	47.1239	4.52225	100
122	130	126	134	47.1239	4.61509	100
124	132	128	136	47.1239	4.71115	100
126	134	130	138	47.1239	4.47206	100
128	136	132	140	47.1239	4.67122	100
130	138	134	142	47.1239	4.6548	100
132	140	136	144	47.1239	4.34378	100
134	142	138	146	47.1239	4.44932	100
136	144	140	148	47.1239	4.60237	100
138	146	142	150	47.1239	4.49566	100
140	148	144	152	47.1239	4.41515	100
142	150	146	154	47.1239	4.45774	100
144	152	148	156	47.1239	4.43865	100
146	154	150	158	47.1239	4.41187	100
148	156	152	160	47.1239	4.12339	100
150	158	154	162	47.1239	4.1744	100
152	160	156	164	47.1239	4.40453	100
154	162	158	166	47.1239	4.37734	100
156	164	160	168	47.1239	4.20012	100
158	166	162	170	47.1239	4.09837	100
160	168	164	172	47.1239	4.31718	100
162	170	166	174	47.1239	4.39497	100
164	172	168	176	47.1239	4.29863	100
166	174	170	178	47.1239	4.05595	100
168	176	172	180	47.1239	4.33911	100
170	178	174	182	47.1239	4.18302	100
172	180	176	184	47.1239	4.19902	100
174	182	178	186	47.1239	4.22655	100
176	184	180	188	47.1239	4.27808	100
178	186	182	190	47.1239	4.16577	100
180	188	184	192	47.1239	4.12475	100
182	190	186	194	47.1239	4.10355	100
184	192	188	196	47.1239	4.32183	100
186	194	190	198	47.1239	4.30216	100
188	196	192	200	47.1239	4.2104	100
190	198	194	202	47.1239	4.03952	100
192	200	196	204	47.1239	4.00916	100
194	202	198	206	47.1239	4.27755	100
196	204	200	208	47.1239	4.28441	100
198	206	202	210	47.1239	4.16936	100
200	208	204	212	47.1239	4.20024	100
202	210	206	214	47.1239	4.17557	100
204	212	208	216	47.1239	4.08338	100
206	214	210	218	47.1239	4.37525	100
208	216	212	220	47.1239	4.4098	100
210	218	214	222	47.1239	4.28182	100
212	220	216	224	47.1239	4.07977	100
214	222	218	226	47.1239	4.14358	100
216	224	220	228	47.1239	4.18888	100
218	226	222	230	47.1239	4.32341	100
220	228	224	232	47.1239	4.37157	100
222	230	226	234	47.1239	4.1666	100
224	232	228	236	47.1239	4.10029	100
226	234	230	238	47.1239	4.24702	100
228	236	232	240	47.1239	4.21445	100
230	238	234	242	47.1239	4.33227	100
232	240	236	244	47.1239	4.34363	100
234	242	238	246	47.1239	4.24208	100
236	244	240	248	47.1239	4.15437	100
238	246	242	250	47.1239	4.21329	100
240	248	244	252	47.1239	4.25852	100
242	250	246	254	47.1239	4.46237	100
244	252	248	256	47.1239	4.21453	100
246	254	250	258	47.1239	4.03661	100
248	256	252	260	47.1239	4.26204	100
250	258	254	262	47.1239	4.4846	100
252	260	256	264	47.1239	4.23692	100
254	262	258	266	47.1239	4.20377	100
256	264	260	268	47.1239	4.29068	100
258	266	262	270	47.1239	4.28354	100
260	268	264	272	47.1239	4.26926	100
262	270	266	274	47.1239	4.38562	100
264	272	268	276	47.1239	4.16585	100
266	274	270	278	47.1239	4.12283	100
268	276	272	280	47.1239	4.28441	100
30	42	36	48	70.6858	3.53121	100
32	44	38	50	70.6858	3.47627	100
34	46	40	52	70.6858	3.57041	100
36	48	42	54	70.6858	3.55957	100
38	50	44	56	70.6858	3.51441	100
40	52	46	58	70.6858	3.6046	100
42	54	48	60	70.6858	3.54397	100
44	56	50	62	70.6858	3.52447	100
46	58	52	64	70.6858	3.42022	100
48	60	54	66	70.6858	3.45943	100
50	62	56	68	70.6858	3.61485	100
52	64	58	70	70.6858	3.59876	100
54	66	60	72	70.6858	3.58853	100
56	68	62	74	70.6858	3.42458	100
58	70	64	76	70.6858	3.43061	100
60	72	66	78	70.6858	3.5552	100
62	74	68	80	70.6858	3.52876	100
64	76	70	82	70.6858	3.45921	100
66	78	72	84	70.6858	3.46114	100
68	80	74	86	70.6858	3.53435	100
70	82	76	88	70.6858	3.46223	100
72	84	78	90	70.6858	3.54912	100
74	86	80	92	70.6858	3.40608	100
76	88	82	94	70.6858	3.45238	100
78	90	84	96	70.6858	3.4954	100
80	92	86	98	70.6858	3.49334	100
82	94	88	100	70.6858	3.53526	100
84	96	90	102	70.6858	3.44262	100
86	98	92	104	70.6858	3.49367	100
88	100	94	106	70.6858	3.39742	100
90	102	96	108	70.6858	3.382	100
92	104	98	110	70.6858	3.4112	100
94	106	100	112	70.6858	3.40066	100
96	108	102	114	70.6858	3.33562	100
98	110	104	116	70.6858	3.38428	100
100	112	106	118	70.6858	3.53152	100
102	114	108	120	70.6858	3.50644	100
104	116	110	122	70.6858	3.45654	100
106	118	112	124	70.6858	3.36259	100
108	120	114	126	70.6858	3.4489	100
110	122	116	128	70.6858	3.45372	100
112	124	118	130	70.6858	3.37943	100
114	126	120	132	70.6858	3.44329	100
116	128	122	134	70.6858	3.43992	100
118	130	124	136	70.6858	3.35898	100
120	132	126	138	70.6858	3.24817	100
122	134	128	140	70.6858	3.34455	100
124	136	130	142	70.6858	3.22161	100
126	138	132	144	70.6858	3.19062	100
128	140	134	146	70.6858	3.27803	100
130	142	136	148	70.6858	3.24236	100
132	144	138	150	70.6858	3.19441	100
134	146	140	152	70.6858	3.21864	100
136	148	142	154	70.6858	3.20238	100
138	150	144	156	70.6858	3.14176	100
140	152	146	158	70.6858	2.99356	100
142	154	148	160	70.6858	2.95195	100
144	156	150	162	70.6858	2.92769	100
146	158	152	164	70.6858	2.92862	100
148	160	154	166	70.6858	2.84392	100
150	162	156	168	70.6858	2.96477	100
152	164	158	170	70.6858	2.90327	100
154	166	160	172	70.6858	2.82663	100
156	168	162	174	70.6858	2.77513	100
158	170	164	176	70.6858	2.87117	100
160	172	166	178	70.6858	2.81809	100
162	174	168	180	70.6858	2.85962	100
164	176	170	182	70.6858	2.77537	100
166	178	172	184	70.6858	2.73423	100
168	180	174	186	70.6858	2.766	100
170	182	176	188	70.6858	2.78254	100
172	184	178	190	70.6858	2.72834	100
174	186	180	192	70.6858	2.79512	100
176	188	182	194	70.6858	2.70453	100
178	190	184	196	70.6858	2.64647	100
180	192	186	198	70.6858	2.70153	100
182	194	188	200	70.6858	2.73467	100
184	196	190	202	70.6858	2.75564	100
186	198	192	204	70.6858	2.63279	100
188	200	194	206	70.6858	2.58612	100
190	202	196	208	70.6858	2.6132	100
192	204	198	210	70.6858	2.61041	100
194	206	200	212	70.6858	2.64457	100
196	208	202	214	70.6858	2.68714	100
198	210	204	216	70.6858	2.59035	100
200	212	206	218	70.6858	2.69201	100
202	214	208	220	70.6858	2.74404	100
204	216	210	222	70.6858	2.77042	100
206	218	212	224	70.6858	2.79118	100
208	220	214	226	70.6858	2.75797	100
210	222	216	228	70.6858	2.71952	100
212	224	218	230	70.6858	2.70552	100
214	226	220	232	70.6858	2.72544	100
216	228	222	234	70.6858	2.83256	100
218	230	224	236	70.6858	2.7333	100
220	232	226	238	70.6858	2.82227	100
222	234	228	240	70.6858	2.74806	100
224	236	230	242	70.6858	2.76043	100
226	238	232	244	70.6858	2.81153	100
228	240	234	246	70.6858	2.85535	100
230	242	236	248	70.6858	2.85161	100
232	244	238	250	70.6858	2.74806	100
234	246	240	252	70.6858	2.83533	100
236	248	242	254	70.6858	2.81123	100
238	250	244	256	70.6858	2.79911	100
240	252	246	258	70.6858	2.90586	100
242	254	248	260	70.6858	2.87239	100
244	256	250	262	70.6858	2.89799	100
246	258	252	264	70.6858	2.88609	100
248	260	254	266	70.6858	2.8198	100
250	262	256	268	70.6858	2.8076	100
252	264	258	270	70.6858	2.79637	100
254	266	260	272	70.6858	2.83182	100
256	268	262	274	70.6858	2.8406	100
258	270	264	276	70.6858	2.93125	100
260	272	266	278	70.6858	2.85918	100
262	274	268	280	70.6858	2.80507	100
30	46	38	54	94.2478	2.99569	100
32	48	40	56	94.2478	2.91367	100
34	50	42	58	94.2478	3.03774	100
36	52	44	60	94.2478	2.9392	100
38	54	46	62	94.2478	3.01941	100
40	56	48	64	94.2478	2.93468	100
42	58	50	66	94.2478	2.9866	100
44	60	52	68	94.2478	3.01103	100
46	62	54	70	94.2478	2.97805	100
48	64	56	72	94.2478	2.97984	100
50	66	58	74	94.2478	2.91199	100
52	68	60	76	94.2478	3.00836	100
54	70	62	78	94.2478	3.03955	100
56	72	64	80	94.2478	2.99133	100
58	74	66	82	94.2478	2.96898	100
60	76	68	84	94.2478	2.91308	100
62	78	70	86	94.2478	2.97506	100
64	80	72	88	94.2478	3.02814	100
66	82	74	90	94.2478	2.94138	100
68	84	76	92	94.2478	2.92216	100
70	86	78	94	94.2478	2.95791	100
72	88	80	96	94.2478	2.89574	100
74	90	82	98	94.2478	2.88136	100
76	92	84	100	94.2478	3.00454	100
78	94	86	102	94.2478	2.95547	100
80	96	88	104	94.2478	2.9319	100
82	98	90	106	94.2478	2.91586	100
84	100	92	108	94.2478	2.85241	100
86	102	94	110	94.2478	2.88845	100
88	104	96	112	94.2478	2.82532	100
90	106	98	114	94.2478	2.86392	100
92	108	100	116	94.2478	2.81901	100
94	110	102	118	94.2478	2.83305	100
96	112	104	120	94.2478	2.83506	100
98	114	106	122	94.2478	2.83754	100
100	116	108	124	94.2478	2.8983	100
102	118	110	126	94.2478	2.79962	100
104	120	112	128	94.2478	2.85165	100
106	122	114	130	94.2478	2.78903	100
108	124	116	132	94.2478	2.82948	100
110	126	118	134	94.2478	2.75469	100
112	128	120	136	94.2478	2.76877	100
114	130	122	138	94.2478	2.75836	100
116	132	124	140	94.2478	2.68575	100
118	134	126	142	94.2478	2.64718	100
120	136	128	144	94.2478	2.60346	100
122	138	130	146	94.2478	2.6112	100
124	140	132	148	94.2478	2.63821	100
126	142	134	150	94.2478	2.52951	100
128	144	136	152	94.2478	2.61743	100
130	146	138	154	94.2478	2.50429	100
132	148	140	156	94.2478	2.55072	100
134	150	142	158	94.2478	2.42167	100
136	152	144	160	94.2478	2.38269	100
138	154	146	162	94.2478	2.38738	100
140	156	148	164	94.2478	2.32347	100
142	158	150	166	94.2478	2.28972	100
144	160	152	168	94.2478	2.19777	100
146	162	154	170	94.2478	2.2345	100
148	164	156	172	94.2478	2.1467	100
150	166	158	174	94.2478	2.1309	100
152	168	160	176	94.2478	2.09334	100
154	170	162	178	94.2478	2.08579	100
156	172	164	180	94.2478	2.068	100
158	174	166	182	94.2478	2.04151	100
160	176	168	184	94.2478	2.04745	100
162	178	170	186	94.2478	1.99429	100
164	180	172	188	94.2478	2.03703	100
166	182	174	190	94.2478	2.00086	100
168	184	176	192	94.2478	2.02696	100
170	186	178	194	94.2478	2.01085	100
172	188	180	196	94.2478	2.00655	100
174	190	182	198	94.2478	1.96808	100
176	192	184	200	94.2478	1.9604	100
178	194	186	202	94.2478	1.91596	100
180	196	188	204	94.2478	1.94511	100
182	198	190	206	94.2478	1.87441	100
184	200	192	208	94.2478	1.84068	100
186	202	194	210	94.2478	1.8207	100
188	204	196	212	94.2478	1.81825	100
190	206	198	214	94.2478	1.83331	100
192	208	200	216	94.2478	1.87116	100
194	210	202	218	94.2478	1.92236	100
196	212	204	220	94.2478	1.87929	100
198	214	206	222	94.2478	1.92813	100
200	216	208	224	94.2478	1.96152	100
202	218	210	226	94.2478	2.03521	100
204	220	212	228	94.2478	1.96742	100
206	222	214	230	94.2478	2.0138	100
208	224	216	232	94.2478	1.99789	100
210	226	218	234	94.2478	1.95159	100
212	228	220	236	94.2478	2.01859	100
214	230	222	238	94.2478	2.00585	100
216	232	224	240	94.2478	1.99506	100
218	234	226	242	94.2478	2.0672	100
220	236	228	244	94.2478	2.06469	100
222	238	230	246	94.2478	2.0938	100
224	240	232	248	94.2478	2.03362	100
226	242	234	250	94.2478	2.08694	100
228	244	236	252	94.2478	2.05448	100
230	246	238	254	94.2478	2.11006	100
232	248	240	256	94.2478	2.03165	100
234	250	242	258	94.2478	2.11411	100
236	252	244	260	94.2478	2.05506	100
238	254	246	262	94.2478	2.08172	100
240	256	248	264	94.2478	2.15203	100
242	258	250	266	94.2478	2.13076	100
244	260	252	268	94.2478	2.10197	100
246	262	254	270	94.2478	2.0776	100
248	264	256	272	94.2478	2.1387	100
250	266	258	274	94.2478	2.13867	100
252	268	260	276	94.2478	2.11544	100
254	270	262	278	94.2478	2.08547	100
256	272	264	280	94.2478	2.1552	100
30	50	40	60	117.81	2.66718	100
32	52	42	62	117.81	2.68837	100
34	54	44	64	117.81	2.64711	100
36	56	46	66	117.81	2.66688	100
38	58	48	68	117.81	2.73158	100
40	60	50	70	117.81	2.61139	100
42	62	52	72	117.81	2.61238	100
44	64	54	74	117.81	2.63426	100
46	66	56	76	117.81	2.70757	100
48	68	58	78	117.81	2.68529	100
50	70	60	80	117.81	2.67197	100
52	72	62	82	117.81	2.70016	100
54	74	64	84	117.81	2.66706	100
56	76	66	86	117.81	2.64411	100
58	78	68	88	117.81	2.70687	100
60	80	70	90	117.81	2.58573	100
62	82	72	92	117.81	2.64109	100
64	84	74	94	117.81	2.65451	100
66	86	76	96	117.81	2.5629	100
68	88	78	98	117.81	2.59151	100
70	90	80	100	117.81	2.63978	100
72	92	82	102	117.81	2.58145	100
74	94	84	104	117.81	2.56617	100
76	96	86	106	117.81	2.58124	100
78	98	88	108	117.81	2.637	100
80	100	90	110	117.81	2.57737	100
82	102	92	112	117.81	2.53501	100
84	104	94	114	117.81	2.57939	100
86	106	96	116	117.81	2.58707	100
88	108	98	118	117.81	2.51736	100
90	110	100	120	117.81	2.51026	100
92	112	102	122	117.81	2.49324	100
94	114	104	124	117.81	2.55799	100
96	116	106	126	117.81	2.50208	100
98	118	108	128	117.81	2.49275	100
100	120	110	130	117.81	2.48611	100
102	122	112	132	117.81	2.44447	100
104	124	114	134	117.81	2.43762	100
106	126	116	136	117.81	2.44532	100
108	128	118	138	117.81	2.35683	100
110	130	120	140	117.81	2.33169	100
112	132	122	142	117.81	2.32252	100
114	134	124	144	117.81	2.25345	100
116	136	126	146	117.81	2.31973	100
118	138	128	148	117.81	2.30557	100
120	140	130	150	117.81	2.19573	100
122	142	132	152	117.81	2.28654	100
124	144	134	154	117.81	2.21833	100
126	146	136	156	117.81	2.2271	100
128	148	138	158	117.81	2.11591	100
130	150	140	160	117.81	2.16171	100
132	152	142	162	117.81	2.07935	100
134	154	144	164	117.81	2.00973	100
136	156	146	166	117.81	2.02291	100
138	158	148	168	117.81	1.95693	100
140	160	150	170	117.81	1.84386	100
142	162	152	172	117.81	1.82874	100
144	164	154	174	117.81	1.84071	100
146	166	156	176	117.81	1.77998	100
148	168	158	178	117.81	1.77819	100
150	170	160	180	117.81	1.66739	100
152	172	162	182	117.81	1.69721	100
154	174	164	184	117.81	1.61532	100
156	176	166	186	117.81	1.64586	100
158	178	168	188	117.81	1.57786	100
160	180	170	190	117.81	1.59545	100
162	182	172	192	117.81	1.57577	100
164	184	174	194	117.81	1.59306	100
166	186	176	196	117.81	1.55509	100
168	188	178	198	117.81	1.56547	100
170	190	180	200	117.81	1.55306	100
172	192	182	202	117.81	1.58388	100
174	194	184	204	117.81	1.50449	100
176	196	186	206	117.81	1.50949	100
178	198	188	208	117.81	1.49734	100
180	200	190	210	117.81	1.40767	100
182	202	192	212	117.81	1.42283	100
184	204	194	214	117.81	1.41994	100
186	206	196	216	117.81	1.40033	100
188	208	198	218	117.81	1.40025	100
190	210	200	220	117.81	1.45221	100
192	212	202	222	117.81	1.44166	100
194	214	204	224	117.81	1.43374	100
196	216	206	226	117.81	1.48136	100
198	218	208	228	117.81	1.51165	100
200	220	210	230	117.81	1.5539	100
202	222	212	232	117.81	1.52358	100
204	224	214	234	117.81	1.54925	100
206	226	216	236	117.81	1.53822	100
208	228	218	238	117.81	1.55948	100
210	230	220	240	117.81	1.53928	100
212	232	222	242	117.81	1.54451	100
214	234	224	244	117.81	1.5638	100
216	236	226	246	117.81	1.59603	100
218	238	228	248	117.81	1.58974	100
220	240	230	250	117.81	1.57133	100
222	242	232	252	117.81	1.6319	100
224	244	234	254	117.81	1.60514	100
226	246	236	256	117.81	1.60006	100
228	248	238	258	117.81	1.61901	100
230	250	240	260	117.81	1.67742	100
232	252	242	262	117.81	1.65923	100
234	254	244	264	117.81	1.63492	100
236	256	246	266	117.81	1.63465	100
238	258	248	268	117.81	1.64664	100
240	260	250	270	117.81	1.64312	100
242	262	252	272	117.81	1.64784	100
244	264	254	274	117.81	1.71147	100
246	266	256	276	117.81	1.64447	100
248	268	258	278	117.81	1.71029	100
250	270	260	280	117.81	1.67849	100
30	54	42	66	141.372	2.39234	100
32	56	44	68	141.372	2.42818	100
34	58	46	70	141.372	2.4294	100
36	60	48	72	141.372	2.43331	100
38	62	50	74	141.372	2.49451	100
40	64	52	76	141.372	2.40911	100
42	66	54	78	141.372	2.47971	100
44	68	56	80	141.372	2.46703	100
46	70	58	82	141.372	2.48659	100
48	72	60	84	141.372	2.47068	100
50	74	62	86	141.372	2.42451	100
52	76	64	88	141.372	2.43538	100
54	78	66	90	141.372	2.42628	100
56	80	68	92	141.372	2.39381	100
58	82	70	94	141.372	2.36299	100
60	84	72	96	141.372	2.41765	100
62	86	74	98	141.372	2.44986	100
64	88	76	100	141.372	2.36674	100
66	90	78	102	141.372	2.4151	100
68	92	80	104	141.372	2.34665	100
70	94	82	106	141.372	2.3362	100
72	96	84	108	141.372	2.35001	100
74	98	86	110	141.372	2.36897	100
76	100	88	112	141.372	2.33411	100
78	102	90	114	141.372	2.35442	100
80	104	92	116	141.372	2.36509	100
82	106	94	118	141.372	2.33188	100
84	108	96	120	141.372	2.30383	100
86	110	98	122	141.372	2.32955	100
88	112	100	124	141.372	2.25875	100
90	114	102	126	141.372	2.2777	100
92	116	104	128	141.372	2.27067	100
94	118	106	130	141.372	2.23062	100
96	120	108	132	141.372	2.23914	100
98	122	110	134	141.372	2.22594	100
100	124	112	136	141.372	2.13034	100
102	126	114	138	141.372	2.16783	100
104	128	116	140	141.372	2.10806	100
106	130	118	142	141.372	2.10695	100
108	132	120	144	141.372	2.06263	100
110	134	122	146	141.372	2.00698	100
112	136	124	148	141.372	1.98545	100
114	138	126	150	141.372	1.97409	100
116	140	128	152	141.372	2.02904	100
118	142	130	154	141.372	1.99631	100
120	144	132	156	141.372	1.96544	100
122	146	134	158	141.372	1.95529	100
124	148	136	160	141.372	1.93184	100
126	150	138	162	141.372	1.9108	100
128	152	140	164	141.372	1.82908	100
130	154	142	166	141.372	1.82904	100
132	156	144	168	141.372	1.7832	100
134	158	146	170	141.372	1.71188	100
136	160	148	172	141.372	1.6413	100
138	162	150	174	141.372	1.58083	100
140	164	152	176	141.372	1.60753	100
142	166	154	178	141.372	1.55062	100
144	168	156	180	141.372	1.48043	100
146	170	158	182	141.372	1.42401	100
148	172	160	184	141.372	1.39513	100
150	174	162	186	141.372	1.36912	100
152	176	164	188	141.372	1.34974	100
154	178	166	190	141.372	1.27851	100
156	180	168	192	141.372	1.25637	100
158	182	170	194	141.372	1.26989	100
160	184	172	196	141.372	1.29783	100
162	186	174	198	141.372	1.26497	100
164	188	176	200	141.372	1.27132	100
166	190	178	202	141.372	1.28368	100
168	192	180	204	141.372	1.2577	100
170	194	182	206	141.372	1.24269	100
172	196	184	208	141.372	1.21334	100
174	198	186	210	141.372	1.22019	100
176	200	188	212	141.372	1.18374	100
178	202	190	214	141.372	1.12241	100
180	204	192	216	141.372	1.11892	100
182	206	194	218	141.372	1.09456	100
184	208	196	220	141.372	1.12561	100
186	210	198	222	141.372	1.09714	100
188	212	200	224	141.372	1.16684	100
190	214	202	226	141.372	1.20353	100
192	216	204	228	141.372	1.21766	100
194	218	206	230	141.372	1.22521	100
196	220	208	232	141.372	1.22579	100
198	222	210	234	141.372	1.20569	100
200	224	212	236	141.372	1.24522	100
202	226	214	238	141.372	1.22104	100
204	228	216	240	141.372	1.23476	100
206	230	218	242	141.372	1.18551	100
208	232	220	244	141.372	1.22506	100
210	234	222	246	141.372	1.20328	100
212	236	224	248	141.372	1.24242	100
214	238	226	250	141.372	1.24193	100
216	240	228	252	141.372	1.2523	100
218	242	230	254	141.372	1.3009	100
220	244	232	256	141.372	1.32562	100
222	246	234	258	141.372	1.29506	100
224	248	236	260	141.372	1.30199	100
226	250	238	262	141.372	1.33723	100
228	252	240	264	141.372	1.38524	100
230	254	242	266	141.372	1.35746	100
232	256	244	268	141.372	1.38393	100
234	258	246	270	141.372	1.35373	100
236	260	248	272	141.372	1.36387	100
238	262	250	274	141.372	1.3833	100
240	264	252	276	141.372	1.37488	100
242	266	254	278	141.372	1.40537	100
244	268	256	280	141.372	1.39881	100
30	58	44	72	164.934	2.31989	100
32	60	46	74	164.934	2.29232	100
34	62	48	76	164.934	2.2581	100
36	64	50	78	164.934	2.31798	100
38	66	52	80	164.934	2.26967	100
40	68	54	82	164.934	2.2202	100
42	70	56	84	164.934	2.26007	100
44	72	58	86	164.934	2.26686	100
46	74	60	88	164.934	2.28853	100
48	76	62	90	164.934	2.29641	100
50	78	64	92	164.934	2.226	100
52	80	66	94	164.934	2.2768	100
54	82	68	96	164.934	2.23384	100
56	84	70	98	164.934	2.22327	100
58	86	72	100	164.934	2.20796	100
60	88	74	102	164.934	2.24705	100
62	90	76	104	164.934	2.22743	100
64	92	78	106	164.934	2.15651	100
66	94	80	108	164.934	2.22109	100
68	96	82	110	164.934	2.24304	100
70	98	84	112	164.934	2.15709	100
72	100	86	114	164.934	2.14679	100
74	102	88	116	164.934	2.22782	100
76	104	90	118	164.934	2.19411	100
78	106	92	120	164.934	2.20433	100
80	108	94	122	164.934	2.20842	100
82	110	96	124	164.934	2.17514	100
84	112	98	126	164.934	2.08596	100
86	114	100	128	164.934	2.06245	100
88	116	102	130	164.934	2.0625	100
90	118	104	132	164.934	2.05644	100
92	120	106	134	164.934	1.96622	100
94	122	108	136	164.934	1.93194	100
96	124	110	138	164.934	1.88939	100
98	126	112	140	164.934	1.94549	100
100	128	114	142	164.934	1.87248	100
102	130	116	144	164.934	1.7979	100
104	132	118	146	164.934	1.80462	100
106	134	120	148	164.934	1.76032	100
108	136	122	150	164.934	1.82197	100
110	138	124	152	164.934	1.77094	100
112	140	126	154	164.934	1.77961	100
114	142	128	156	164.934	1.80099	100
116	144	130	158	164.934	1.80453	100
118	146	132	160	164.934	1.79775	100
120	148	134	162	164.934	1.70632	100
122	150	136	164	164.934	1.7209	100
124	152	138	166	164.934	1.67739	100
126	154	140	168	164.934	1.60084	100
128	156	142	170	164.934	1.56786	100
130	158	144	172	164.934	1.53777	100
132	160	146	174	164.934	1.48112	100
134	162	148	176	164.934	1.44183	100
136	164	150	178	164.934	1.39317	100
138	166	152	180	164.934	1.38987	100
140	168	154	182	164.934	1.29638	100
142	170	156	184	164.934	1.26078	100
144	172	158	186	164.934	1.24077	100
146	174	160	188	164.934	1.17403	100
148	176	162	190	164.934	1.1462	100
150	178	164	192	164.934	1.10029	100
152	180	166	194	164.934	1.12508	100
154	182	168	196	164.934	1.08553	100
156	184	170	198	164.934	1.06227	100
158	186	172	200	164.934	1.10647	100
160	188	174	202	164.934	1.07973	100
162	190	176	204	164.934	1.09313	100
164	192	178	206	164.934	1.05047	100
166	194	180	208	164.934	1.08741	100
168	196	182	210	164.934	1.07143	100
170	198	184	212	164.934	1.05073	100
172	200	186	214	164.934	0.983874	100
174	202	188	216	164.934	0.962197	100
176	204	190	218	164.934	0.958098	100
178	206	192	220	164.934	0.965216	100
180	208	194	222	164.934	0.964397	100
182	210	196	224	164.934	0.941228	100
184	212	198	226	164.934	0.954666	100
186	214	200	228	164.934	0.979635	100
188	216	202	230	164.934	1.0034	100
190	218	204	232	164.934	1.02332	100
192	220	206	234	164.934	1.04342	100
194	222	208	236	164.934	1.04543	100
196	224	210	238	164.934	1.0582	100
198	226	212	240	164.934	1.00907	100
200	228	214	242	164.934	1.02252	100
202	230	216	244	164.934	0.982962	100
204	232	218	246	164.934	0.993204	100
206	234	220	248	164.934	0.991585	100
208	236	222	250	164.934	0.998982	100
210	238	224	252	164.934	1.02676	100
212	240	226	254	164.934	1.02173	100
214	242	228	256	164.934	1.03389	100
216	244	230	258	164.934	1.05064	100
218	246	232	260	164.934	1.08542	100
220	248	234	262	164.934	1.08811	100
222	250	236	264	164.934	1.12839	100
224	252	238	266	164.934	1.12003	100
226	254	240	268	164.934	1.13335	100
228	256	242	270	164.934	1.16087	100
230	258	244	272	164.934	1.1436	100
232	260	246	274	164.934	1.1573	100
234	262	248	276	164.934	1.19475	100
236	264	250	278	164.934	1.1724	100
238	266	252	280	164.934	1.20058	100
30	62	46	78	188.496	2.13171	100
32	64	48	80	188.496	2.09446	100
34	66	50	82	188.496	2.08328	100
36	68	52	84	188.496	2.17063	100
38	70	54	86	188.496	2.13742	100
40	72	56	88	188.496	2.13463	100
42	74	58	90	188.496	2.12223	100
44	76	60	92	188.496	2.11193	100
46	78	62	94	188.496	2.09747	100
48	80	64	96	188.496	2.09852	100
50	82	66	98	188.496	2.10418	100
52	84	68	100	188.496	2.03924	100
54	86	70	102	188.496	2.08638	100
56	88	72	104	188.496	2.02133	100
58	90	74	106	188.496	2.05578	100
60	92	76	108	188.496	2.01049	100
62	94	78	110	188.496	2.09508	100
64	96	80	112	188.496	2.09593	100
66	98	82	114	188.496	2.04571	100
68	100	84	116	188.496	2.02288	100
70	102	86	118	188.496	2.0532	100
72	104	88	120	188.496	2.07037	100
74	106	90	122	188.496	1.98426	100
76	108	92	124	188.496	1.96047	100
78	110	94	126	188.496	1.96838	100
80	112	96	128	188.496	1.99777	100
82	114	98	130	188.496	1.91419	100
84	116	100	132	188.496	1.91441	100
86	118	102	134	188.496	1.8824	100
88	120	104	136	188.496	1.84034	100
90	122	106	138	188.496	1.77393	100
92	124	108	140	188.496	1.73133	100
94	126	110	142	188.496	1.7466	100
96	128	112	144	188.496	1.6799	100
98	130	114	146	188.496	1.63687	100
100	132	116	148	188.496	1.64498	100
102	134	118	150	188.496	1.60403	100
104	136	120	152	188.496	1.66063	100
106	138	122	154	188.496	1.60214	100
108	140	124	156	188.496	1.64861	100
110	142	126	158	188.496	1.63245	100
112	144	128	160	188.496	1.65888	100
114	146	130	162	188.496	1.64674	100
116	148	132	164	188.496	1.57433	100
118	150	134	166	188.496	1.61255	100
120	152	136	168	188.496	1.52801	100
122	154	138	170	188.496	1.48052	100
124	156	140	172	188.496	1.48473	100
126	158	142	174	188.496	1.39674	100
128	160	144	176	188.496	1.38337	100
130	162	146	178	188.496	1.30312	100
132	164	148	180	188.496	1.30577	100
134	166	150	182	188.496	1.24304	100
136	168	152	184	188.496	1.18411	100
138	170	154	186	188.496	1.17853	100
140	172	156	188	188.496	1.13109	100
142	174	158	190	188.496	1.04762	100
144	176	160	192	188.496	1.01317	100
146	178	162	194	188.496	0.995225	100
148	180	164	196	188.496	0.986066	100
150	182	166	198	188.496	0.971979	100
152	184	168	200	188.496	0.96301	100
154	186	170	202	188.496	0.96908	100
156	188	172	204	188.496	0.946887	100
158	190	174	206	188.496	0.972496	100
160	192	176	208	188.496	0.97092	100
162	194	178	210	188.496	0.960372	100
164	196	180	212	188.496	0.956185	100
166	198	182	214	188.496	0.924356	100
168	200	184	216	188.496	0.90859	100
170	202	186	218	188.496	0.875708	100
172	204	188	220	188.496	0.838395	100
174	206	190	222	188.496	0.848248	100
176	208	192	224	188.496	0.827387	100
178	210	194	226	188.496	0.81868	100
180	212	196	228	188.496	0.839171	100
182	214	198	230	188.496	0.856933	100
184	216	200	232	188.496	0.864379	100
186	218	202	234	188.496	0.878613	100
188	220	204	236	188.496	0.907995	100
190	222	206	238	188.496	0.878538	100
192	224	208	240	188.496	0.901186	100
194	226	210	242	188.496	0.907023	100
196	228	212	244	188.496	0.895913	100
198	230	214	246	188.496	0.849068	100
200	232	216	248	188.496	0.87226	100
202	234	218	250	188.496	0.856031	100
204	236	220	252	188.496	0.827689	100
206	238	222	254	188.496	0.822436	100
208	240	224	256	188.496	0.83226	100
210	242	226	258	188.496	0.870442	100
212	244	228	260	188.496	0.879123	100
214	246	230	262	188.496	0.900692	100
216	248	232	264	188.496	0.914787	100
218	250	234	266	188.496	0.907078	100
220	252	236	268	188.496	0.954499	100
222	254	238	270	188.496	0.96582	100
224	256	240	272	188.496	0.997157	100
226	258	242	274	188.496	1.00451	100
228	260	244	276	188.496	0.996564	100
230	262	246	278	188.496	1.02857	100
232	264	248	280	188.496	1.01324	100
30	66	48	84	212.058	1.9736	100
32	68	50	86	212.058	1.96619	100
34	70	52	88	212.058	1.98528	100
36	72	54	90	212.058	1.98467	100
38	74	56	92	212.058	2.01191	100
40	76	58	94	212.058	1.93907	100
42	78	60	96	212.058	1.91679	100
44	80	62	98	212.058	1.9438	100
46	82	64	100	212.058	1.91619	100
48	84	66	102	212.058	1.91916	100
50	86	68	104	212.058	1.89818	100
52	88	70	106	212.058	1.89363	100
54	90	72	108	212.058	1.89422	100
56	92	74	110	212.058	1.89696	100
58	94	76	112	212.058	1.87953	100
60	96	78	114	212.058	1.87052	100
62	98	80	116	212.058	1.91633	100
64	100	82	118	212.058	1.8866	100
66	102	84	120	212.058	1.88792	100
68	104	86	122	212.058	1.89668	100
70	106	88	124	212.058	1.93556	100
72	108	90	126	212.058	1.84037	100
74	110	92	128	212.058	1.82911	100
76	112	94	130	212.058	1.79998	100
78	114	96	132	212.058	1.84246	100
80	116	98	134	212.058	1.80536	100
82	118	100	136	212.058	1.69889	100
84	120	102	138	212.058	1.70899	100
86	122	104	140	212.058	1.63098	100
88	124	106	142	212.058	1.64325	100
90	126	108	144	212.058	1.61585	100
92	128	110	146	212.058	1.56432	100
94	130	112	148	212.058	1.51085	100
96	132	114	150	212.058	1.52189	100
98	134	116	152	212.058	1.49686	100
100	136	118	154	212.058	1.48993	100
102	138	120	156	212.058	1.54164	100
104	140	122	158	212.058	1.51299	100
106	142	124	160	212.058	1.53208	100
108	144	126	162	212.058	1.48577	100
110	146	128	164	212.058	1.52776	100
112	148	130	166	212.058	1.517	100
114	150	132	168	212.058	1.45073	100
116	152	134	170	212.058	1.39967	100
118	154	136	172	212.058	1.37215	100
120	156	138	174	212.058	1.3475	100
122	158	140	176	212.058	1.27816	100
124	160	142	178	212.058	1.27227	100
126	162	144	180	212.058	1.22473	100
128	164	146	182	212.058	1.16294	100
130	166	148	184	212.058	1.10983	100
132	168	150	186	212.058	1.09716	100
134	170	152	188	212.058	1.05118	100
136	172	154	190	212.058	1.00885	100
138	174	156	192	212.058	0.996631	100
140	176	158	194	212.058	0.947029	100
142	178	160	196	212.058	0.912927	100
144	180	162	198	212.058	0.922099	100
146	182	164	200	212.058	0.872081	100
148	184	166	202	212.058	0.879458	100
150	186	168	204	212.058	0.885086	100
152	188	170	206	212.058	0.850509	100
154	190	172	208	212.058	0.854074	100
156	192	174	210	212.058	0.887225	100
158	194	176	212	212.058	0.863564	100
160	196	178	214	212.058	0.847047	100
162	198	180	216	212.058	0.821199	100
164	200	182	218	212.058	0.813403	100
166	202	184	220	212.058	0.813388	100
168	204	186	222	212.058	0.796238	100
170	206	188	224	212.058	0.772269	100
172	208	190	226	212.058	0.767728	100
174	210	192	228	212.058	0.763911	100
176	212	194	230	212.058	0.76998	100
178	214	196	232	212.058	0.770961	100
180	216	198	234	212.058	0.752165	100
182	218	200	236	212.058	0.779607	100
184	220	202	238	212.058	0.807416	100
186	222	204	240	212.058	0.806744	100
188	224	206	242	212.058	0.781684	100
190	226	208	244	212.058	0.787246	100
192	228	210	246	212.058	0.769437	100
194	230	212	248	212.058	0.753476	100
196	232	214	250	212.058	0.741867	100
198	234	216	252	212.058	0.74763	100
200	236	218	254	212.058	0.745706	100
202	238	220	256	212.058	0.723908	100
204	240	222	258	212.058	0.732702	100
206	242	224	260	212.058	0.733244	100
208	244	226	262	212.058	0.735244	100
210	246	228	264	212.058	0.734527	100
212	248	230	266	212.058	0.757481	100
214	250	232	268	212.058	0.781027	100
216	252	234	270	212.058	0.7947	100
218	254	236	272	212.058	0.81568	100
220	256	238	274	212.058	0.825571	100
222	258	240	276	212.058	0.829433	100
224	260	242	278	212.058	0.876431	100
226	262	244	280	212.058	0.892135	100
30	70	50	90	235.619	1.87789	100
32	72	52	92	235.619	1.84988	100
34	74	54	94	235.619	1.81751	100
36	76	56	96	235.619	1.83376	100
38	78	58	98	235.619	1.81228	100
40	80	60	100	235.619	1.79239	100
42	82	62	102	235.619	1.79663	100
44	84	64	104	235.619	1.79741	100
46	86	66	106	235.619	1.81734	100
48	88	68	108	235.619	1.78205	100
50	90	70	110	235.619	1.77457	100
52	92	72	112	235.619	1.74476	100
54	94	74	114	235.619	1.82191	100
56	96	76	116	235.619	1.78732	100
58	98	78	118	235.619	1.74914	100
60	100	80	120	235.619	1.83039	100
62	102	82	122	235.619	1.75088	100
64	104	84	124	235.619	1.73437	100
66	106	86	126	235.619	1.77733	100
68	108	88	128	235.619	1.71962	100
70	110	90	130	235.619	1.77207	100
72	112	92	132	235.619	1.69999	100
74	114	94	134	235.619	1.69172	100
76	116	96	136	235.619	1.65766	100
78	118	98	138	235.619	1.58547	100
80	120	100	140	235.619	1.55121	100
82	122	102	142	235.619	1.51393	100
84	124	104	144	235.619	1.5034	100
86	126	106	146	235.619	1.45172	100
88	128	108	148	235.619	1.41035	100
90	130	110	150	235.619	1.41701	100
92	132	112	152	235.619	1.39541	100
94	134	114	154	235.619	1.4271	100
96	136	116	156	235.619	1.42922	100
98	138	118	158	235.619	1.43763	100
100	140	120	160	235.619	1.39395	100
102	142	122	162	235.619	1.38606	100
104	144	124	164	235.619	1.39444	100
106	146	126	166	235.619	1.41225	100
108	148	128	168	235.619	1.40584	100
110	150	130	170	235.619	1.37051	100
112	152	132	172	235.619	1.36235	100
114	154	134	174	235.619	1.31359	100
116	156	136	176	235.619	1.25147	100
118	158	138	178	235.619	1.20291	100
120	160	140	180	235.619	1.17898	100
122	162	142	182	235.619	1.10923	100
124	164	144	184	235.619	1.06899	100
126	166	146	186	235.619	1.04146	100
128	168	148	188	235.619	0.964573	100
130	170	150	190	235.619	0.961313	100
132	172	152	192	235.619	0.936721	100
134	174	154	194	235.619	0.896454	100
136	176	156	196	235.619	0.87049	100
138	178	158	198	235.619	0.859095	100
140	180	160	200	235.619	0.855811	100
142	182	162	202	235.619	0.841005	100
144	184	164	204	235.619	0.837849	100
146	186	166	206	235.619	0.813911	100
148	188	168	208	235.619	0.835932	100
150	190	170	210	235.619	0.82719	100
152	192	172	212	235.619	0.818224	100
154	194	174	214	235.619	0.789843	100
156	196	176	216	235.619	0.794272	100
158	198	178	218	235.619	0.776983	100
160	200	180	220	235.619	0.782309	100
162	202	182	222	235.619	0.755512	100
164	204	184	224	235.619	0.731896	100
166	206	186	226	235.619	0.709395	100
168	208	188	228	235.619	0.702923	100
170	210	190	230	235.619	0.69282	100
172	212	192	232	235.619	0.709383	100
174	214	194	234	235.619	0.692045	100
176	216	196	236	235.619	0.68898	100
178	218	198	238	235.619	0.705185	100
180	220	200	240	235.619	0.72644	100
182	222	202	242	235.619	0.736906	100
184	224	204	244	235.619	0.733701	100
186	226	206	246	235.619	0.713163	100
188	228	208	248	235.619	0.723475	100
190	230	210	250	235.619	0.717558	100
192	232	212	252	235.619	0.673626	100
194	234	214	254	235.619	0.677177	100
196	236	216	256	235.619	0.65293	100
198	238	218	258	235.619	0.637999	100
200	240	220	260	235.619	0.617603	100
202	242	222	262	235.619	0.610369	100
204	244	224	264	235.619	0.635247	100
206	246	226	266	235.619	0.632472	100
208	248	228	268	235.619	0.62699	100
210	250	230	270	235.619	0.655768	100
212	252	232	272	235.619	0.662767	100
214	254	234	274	235.619	0.698243	100
216	256	236	276	235.619	0.71912	100
218	258	238	278	235.619	0.706104	100
220	260	240	280	235.619	0.738489	100
30	74	52	96	259.181	1.74398	100
32	76	54	98	259.181	1.72089	100
34	78	56	100	259.181	1.73145	100
36	80	58	102	259.181	1.66543	100
38	82	60	104	259.181	1.65302	100
40	84	62	106	259.181	1.66056	100
42	86	64	108	259.181	1.64441	100
44	88	66	110	259.181	1.67358	100
46	90	68	112	259.181	1.66573	100
48	92	70	114	259.181	1.67402	100
50	94	72	116	259.181	1.65511	100
52	96	74	118	259.181	1.6647	100
54	98	76	120	259.181	1.66338	100
56	100	78	122	259.181	1.68448	100
58	102	80	124	259.181	1.64545	100
60	104	82	126	259.181	1.64551	100
62	106	84	128	259.181	1.6683	100
64	108	86	130	259.181	1.66757	100
66	110	88	132	259.181	1.63413	100
68	112	90	134	259.181	1.55812	100
70	114	92	136	259.181	1.59557	100
72	116	94	138	259.181	1.54763	100
74	118	96	140	259.181	1.52899	100
76	120	98	142	259.181	1.46674	100
78	122	100	144	259.181	1.38845	100
80	124	102	146	259.181	1.41217	100
82	126	104	148	259.181	1.34249	100
84	128	106	150	259.181	1.31365	100
86	130	108	152	259.181	1.35164	100
88	132	110	154	259.181	1.30609	100
90	134	112	156	259.181	1.31943	100
92	136	114	158	259.181	1.34159	100
94	138	116	160	259.181	1.29361	100
96	140	118	162	259.181	1.3253	100
98	142	120	164	259.181	1.29838	100
100	144	122	166	259.181	1.30206	100
102	146	124	168	259.181	1.32857	100
104	148	126	170	259.181	1.27479	100
106	150	128	172	259.181	1.28296	100
108	152	130	174	259.181	1.22074	100
110	154	132	176	259.181	1.21849	100
112	156	134	178	259.181	1.19212	100
114	158	136	180	259.181	1.12275	100
116	160	138	182	259.181	1.10298	100
118	162	140	184	259.181	1.02843	100
120	164	142	186	259.181	0.989502	100
122	166	144	188	259.181	0.927532	100
124	168	146	190	259.181	0.887466	100
126	170	148	192	259.181	0.871739	100
128	172	150	194	259.181	0.865562	100
130	174	152	196	259.181	0.81748	100
132	176	154	198	259.181	0.813004	100
134	178	156	200	259.181	0.815374	100
136	180	158	202	259.181	0.789865	100
138	182	160	204	259.181	0.819157	100
140	184	162	206	259.181	0.802131	100
142	186	164	208	259.181	0.811772	100
144	188	166	210	259.181	0.776056	100
146	190	168	212	259.181	0.790373	100
148	192	170	214	259.181	0.786121	100
150	194	172	216	259.181	0.763125	100
152	196	174	218	259.181	0.742729	100
154	198	176	220	259.181	0.743549	100
156	200	178	222	259.181	0.721849	100
158	202	180	224	259.181	0.712546	100
160	204	182	226	259.181	0.697575	100
162	206	184	228	259.181	0.682801	100
164	208	186	230	259.181	0.661168	100
166	210	188	232	259.181	0.664845	100
168	212	190	234	259.181	0.641459	100
170	214	192	236	259.181	0.646776	100
172	216	194	238	259.181	0.64618	100
174	218	196	240	259.181	0.672042	100
176	220	198	242	259.181	0.66898	100
178	222	200	244	259.181	0.655383	100
180	224	202	246	259.181	0.664243	100
182	226	204	248	259.181	0.660476	100
184	228	206	250	259.181	0.656718	100
186	230	208	252	259.181	0.652388	100
188	232	210	254	259.181	0.649745	100
190	234	212	256	259.181	0.618523	100
192	236	214	258	259.181	0.614932	100
194	238	216	260	259.181	0.581995	100
196	240	218	262	259.181	0.589018	100
198	242	220	264	259.181	0.574735	100
200	244	222	266	259.181	0.545464	100
202	246	224	268	259.181	0.550828	100
204	248	226	270	259.181	0.557853	100
206	250	228	272	259.181	0.549472	100
208	252	230	274	259.181	0.557842	100
210	254	232	276	259.181	0.580213	100
212	256	234	278	259.181	0.600787	100
214	258	236	280	259.181	0.610408	100
30	78	54	102	282.743	1.54752	100
32	80	56	104	282.743	1.54259	100
34	82	58	106	282.743	1.60766	100
36	84	60	108	282.743	1.58592	100
38	86	62	110	282.743	1.58102	100
40	88	64	112	282.743	1.54934	100
42	90	66	114	282.743	1.56297	100
44	92	68	116	282.743	1.59524	100
46	94	70	118	282.743	1.58018	100
48	96	72	120	282.743	1.58984	100
50	98	74	122	282.743	1.59541	100
52	100	76	124	282.743	1.55923	100
54	102	78	126	282.743	1.60029	100
56	104	80	128	282.743	1.53714	100
58	106	82	130	282.743	1.56489	100
60	108	84	132	282.743	1.52094	100
62	110	86	134	282.743	1.53186	100
64	112	88	136	282.743	1.48836	100
66	114	90	138	282.743	1.46749	100
68	116	92	140	282.743	1.42171	100
70	118	94	142	282.743	1.40191	100
72	120	96	144	282.743	1.36076	100
74	122	98	146	282.743	1.31631	100
76	124	100	148	282.743	1.32317	100
78	126	102	150	282.743	1.25675	100
80	128	104	152	282.743	1.24469	100
82	130	106	154	282.743	1.23409	100
84	132	108	156	282.743	1.2418	100
86	134	110	158	282.743	1.26426	100
88	136	112	160	282.743	1.27364	100
90	138	114	162	282.743	1.27171	100
92	140	116	164	282.743	1.28433	100
94	142	118	166	282.743	1.22759	100
96	144	120	168	282.743	1.27029	100
98	146	122	170	282.743	1.25325	100
100	148	124	172	282.743	1.23914	100
102	150	126	174	282.743	1.17754	100
104	152	128	176	282.743	1.15262	100
106	154	130	178	282.743	1.14357	100
108	156	132	180	282.743	1.1127	100
110	158	134	182	282.743	1.07846	100
112	160	136	184	282.743	1.00575	100
114	162	138	186	282.743	0.943583	100
116	164	140	188	282.743	0.932226	100
118	166	142	190	282.743	0.880439	100
120	168	144	192	282.743	0.853115	100
122	170	146	194	282.743	0.797855	100
124	172	148	196	282.743	0.784334	100
126	174	150	198	282.743	0.768899	100
128	176	152	200	282.743	0.780119	100
130	178	154	202	282.743	0.776786	100
132	180	156	204	282.743	0.743859	100
134	182	158	206	282.743	0.759211	100
136	184	160	208	282.743	0.754545	100
138	186	162	210	282.743	0.782087	100
140	188	164	212	282.743	0.768491	100
142	190	166	214	282.743	0.75893	100
144	192	168	216	282.743	0.738599	100
146	194	170	218	282.743	0.761389	100
148	196	172	220	282.743	0.721358	100
150	198	174	222	282.743	0.698433	100
152	200	176	224	282.743	0.709746	100
154	202	178	226	282.743	0.673154	100
156	204	180	228	282.743	0.65318	100
158	206	182	230	282.743	0.656719	100
160	208	184	232	282.743	0.652571	100
162	210	186	234	282.743	0.637418	100
164	212	188	236	282.743	0.625911	100
166	214	190	238	282.743	0.601012	100
168	216	192	240	282.743	0.609381	100
170	218	194	242	282.743	0.610516	100
172	220	196	244	282.743	0.627327	100
174	222	198	246	282.743	0.624545	100
176	224	200	248	282.743	0.617964	100
178	226	202	250	282.743	0.624361	100
180	228	204	252	282.743	0.608656	100
182	230	206	254	282.743	0.59963	100
184	232	208	256	282.743	0.608247	100
186	234	210	258	282.743	0.591122	100
188	236	212	260	282.743	0.573742	100
190	238	214	262	282.743	0.560429	100
192	240	216	264	282.743	0.53911	100
194	242	218	266	282.743	0.525485	100
196	244	220	268	282.743	0.524676	100
198	246	222	270	282.743	0.504932	100
200	248	224	272	282.743	0.491772	100
202	250	226	274	282.743	0.493055	100
204	252	228	276	282.743	0.482556	100
206	254	230	278	282.743	0.498791	100
208	256	232	280	282.743	0.510621	100
30	82	56	108	306.305	1.44164	100
32	84	58	110	306.305	1.4561	100
34	86	60	112	306.305	1.44582	100
36	88	62	114	306.305	1.46004	100
38	90	64	116	306.305	1.46683	100
40	92	66	118	306.305	1.49779	100
42	94	68	120	306.305	1.45953	100
44	96	70	122	306.305	1.45728	100
46	98	72	124	306.305	1.47615	100
48	100	74	126	306.305	1.45758	100
50	102	76	128	306.305	1.4724	100
52	104	78	130	306.305	1.48458	100
54	106	80	132	306.305	1.41918	100
56	108	82	134	306.305	1.4083	100
58	110	84	136	306.305	1.38779	100
60	112	86	138	306.305	1.39688	100
62	114	88	140	306.305	1.34611	100
64	116	90	142	306.305	1.31314	100
66	118	92	144	306.305	1.29097	100
68	120	94	146	306.305	1.29362	100
70	122	96	148	306.305	1.25913	100
72	124	98	150	306.305	1.19056	100
74	126	100	152	306.305	1.19376	100
76	128	102	154	306.305	1.17725	100
78	130	104	156	306.305	1.21071	100
80	132	106	158	306.305	1.20429	100
82	134	108	160	306.305	1.18468	100
84	136	110	162	306.305	1.17958	100
86	138	112	164	306.305	1.2115	100
88	140	114	166	306.305	1.1598	100
90	142	116	168	306.305	1.21429	100
92	144	118	170	306.305	1.16513	100
94	146	120	172	306.305	1.17128	100
96	148	122	174	306.305	1.14155	100
98	150	124	176	306.305	1.14367	100
100	152	126	178	306.305	1.1346	100
102	154	128	180	306.305	1.05555	100
104	156	130	182	306.305	1.0649	100
106	158	132	184	306.305	0.987573	100
108	160	134	186	306.305	0.964432	100
110	162	136	188	306.305	0.903211	100
112	164	138	190	306.305	0.883506	100
114	166	140	192	306.305	0.829126	100
116	168	142	194	306.305	0.790894	100
118	170	144	196	306.305	0.7876	100
120	172	146	198	306.305	0.755196	100
122	174	148	200	306.305	0.719686	100
124	176	150	202	306.305	0.72308	100
126	178	152	204	306.305	0.707526	100
128	180	154	206	306.305	0.7278	100
130	182	156	208	306.305	0.724314	100
132	184	158	210	306.305	0.747453	100
134	186	160	212	306.305	0.742639	100
136	188	162	214	306.305	0.749469	100
138	190	164	216	306.305	0.727451	100
140	192	166	218	306.305	0.739134	100
142	194	168	220	306.305	0.732935	100
144	196	170	222	306.305	0.723275	100
146	198	172	224	306.305	0.683126	100
148	200	174	226	306.305	0.685265	100
150	202	176	228	306.305	0.67351	100
152	204	178	230	306.305	0.663951	100
154	206	180	232	306.305	0.641717	100
156	208	182	234	306.305	0.609497	100
158	210	184	236	306.305	0.595656	100
160	212	186	238	306.305	0.591941	100
162	214	188	240	306.305	0.577995	100
164	216	190	242	306.305	0.576813	100
166	218	192	244	306.305	0.576483	100
168	220	194	246	306.305	0.576625	100
170	222	196	248	306.305	0.591922	100
172	224	198	250	306.305	0.583893	100
174	226	200	252	306.305	0.57141	100
176	228	202	254	306.305	0.575068	100
178	230	204	256	306.305	0.588089	100
180	232	206	258	306.305	0.557902	100
182	234	208	260	306.305	0.574001	100
184	236	210	262	306.305	0.5633	100
186	238	212	264	306.305	0.535265	100
188	240	214	266	306.305	0.533361	100
190	242	216	268	306.305	0.505007	100
192	244	218	270	306.305	0.496367	100
194	246	220	272	306.305	0.483122	100
196	248	222	274	306.305	0.45538	100
198	250	224	276	306.305	0.45613	100
200	252	226	278	306.305	0.461134	100
202	254	228	280	306.305	0.453427	100
30	86	58	114	329.867	1.34007	100
32	88	60	116	329.867	1.38071	100
34	90	62	118	329.867	1.38679	100
36	92	64	120	329.867	1.3911	100
38	94	66	122	329.867	1.37334	100
40	96	68	124	329.867	1.39207	100
42	98	70	126	329.867	1.37782	100
44	100	72	128	329.867	1.38411	100
46	102	74	130	329.867	1.39324	100
48	104	76	132	329.867	1.38272	100
50	106	78	134	329.867	1.36023	100
52	108	80	136	329.867	1.2977	100
54	110	82	138	329.867	1.27977	100
56	112	84	140	329.867	1.31296	100
58	114	86	142	329.867	1.27684	100
60	116	88	144	329.867	1.23525	100
62	118	90	146	329.867	1.17801	100
64	120	92	148	329.867	1.15909	100
66	122	94	150	329.867	1.16113	100
68	124	96	152	329.867	1.12458	100
70	126	98	154	329.867	1.16492	100
72	128	100	156	329.867	1.11958	100
74	130	102	158	329.867	1.12106	100
76	132	104	160	329.867	1.14473	100
78	134	106	162	329.867	1.14053	100
80	136	108	164	329.867	1.11121	100
82	138	110	166	329.867	1.14353	100
84	140	112	168	329.867	1.10097	100
86	142	114	170	329.867	1.14641	100
88	144	116	172	329.867	1.13902	100
90	146	118	174	329.867	1.12481	100
92	148	120	176	329.867	1.12514	100
94	150	122	178	329.867	1.07702	100
96	152	124	180	329.867	1.04873	100
98	154	126	182	329.867	1.03403	100
100	156	128	184	329.867	1.00987	100
102	158	130	186	329.867	0.934425	100
104	160	132	188	329.867	0.900658	100
106	162	134	190	329.867	0.875671	100
108	164	136	192	329.867	0.853723	100
110	166	138	194	329.867	0.818883	100
112	168	140	196	329.867	0.754237	100
114	170	142	198	329.867	0.755394	100
116	172	144	200	329.867	0.703204	100
118	174	146	202	329.867	0.69216	100
120	176	148	204	329.867	0.704547	100
122	178	150	206	329.867	0.697095	100
124	180	152	208	329.867	0.682896	100
126	182	154	210	329.867	0.709545	100
128	184	156	212	329.867	0.688718	100
130	186	158	214	329.867	0.701366	100
132	188	160	216	329.867	0.725996	100
134	190	162	218	329.867	0.714211	100
136	192	164	220	329.867	0.725119	100
138	194	166	222	329.867	0.72104	100
140	196	168	224	329.867	0.694287	100
142	198	170	226	329.867	0.672442	100
144	200	172	228	329.867	0.674532	100
146	202	174	230	329.867	0.647801	100
148	204	176	232	329.867	0.648857	100
150	206	178	234	329.867	0.616596	100
152	208	180	236	329.867	0.590348	100
154	210	182	238	329.867	0.601697	100
156	212	184	240	329.867	0.589279	100
158	214	186	242	329.867	0.567649	100
160	216	188	244	329.867	0.565166	100
162	218	190	246	329.867	0.565657	100
164	220	192	248	329.867	0.555727	100
166	222	194	250	329.867	0.560064	100
168	224	196	252	329.867	0.545271	100
170	226	198	254	329.867	0.54984	100
172	228	200	256	329.867	0.557332	100
174	230	202	258	329.867	0.546423	100
176	232	204	260	329.867	0.540224	100
178	234	206	262	329.867	0.54542	100
180	236	208	264	329.867	0.530696	100
182	238	210	266	329.867	0.507816	100
184	240	212	268	329.867	0.502855	100
186	242	214	270	329.867	0.496282	100
188	244	216	272	329.867	0.484288	100
190	246	218	274	329.867	0.458653	100
192	248	220	276	329.867	0.456827	100
194	250	222	278	329.867	0.438556	100
196	252	224	280	329.867	0.432885	100
30	90	60	120	353.429	1.2946	100
32	92	62	122	353.429	1.28325	100
34	94	64	124	353.429	1.26592	100
36	96	66	126	353.429	1.30834	100
38	98	68	128	353.429	1.26263	100
40	100	70	130	353.429	1.28481	100
42	102	72	132	353.429	1.29103	100
44	104	74	134	353.429	1.2668	100
46	106	76	136	353.429	1.25357	100
48	108	78	138	353.429	1.23903	100
50	110	80	140	353.429	1.20429	100
52	112	82	142	353.429	1.21827	100
54	114	84	144	353.429	1.1497	100
56	116	86	146	353.429	1.12607	100
58	118	88	148	353.429	1.12744	100
60	120	90	150	353.429	1.13467	100
62	122	92	152	353.429	1.08899	100
64	124	94	154	353.429	1.10593	100
66	126	96	156	353.429	1.08173	100
68	128	98	158	353.429	1.08072	100
70	130	100	160	353.429	1.04691	100
72	132	102	162	353.429	1.05504	100
74	134	104	164	353.429	1.05141	100
76	136	106	166	353.429	1.05285	100
78	138	108	168	353.429	1.0833	100
80	140	110	170	353.429	1.04572	100
82	142	112	172	353.429	1.05217	100
84	144	114	174	353.429	1.05061	100
86	146	116	176	353.429	1.08252	100
88	148	118	178	353.429	1.06017	100
90	150	120	180	353.429	1.00116	100
92	152	122	182	353.429	1.01137	100
94	154	124	184	353.429	0.965043	100
96	156	126	186	353.429	0.930984	100
98	158	128	188	353.429	0.912995	100
100	160	130	190	353.429	0.875899	100
102	162	132	192	353.429	0.854856	100
104	164	134	194	353.429	0.800052	100
106	166	136	196	353.429	0.795112	100
108	168	138	198	353.429	0.739193	100
110	170	140	200	353.429	0.73335	100
112	172	142	202	353.429	0.692621	100
114	174	144	204	353.429	0.674254	100
116	176	146	206	353.429	0.69011	100
118	178	148	208	353.429	0.665833	100
120	180	150	210	353.429	0.674994	100
122	182	152	212	353.429	0.684329	100
124	184	154	214	353.429	0.684448	100
126	186	156	216	353.429	0.683553	100
128	188	158	218	353.429	0.685769	100
130	190	160	220	353.429	0.688056	100
132	192	162	222	353.429	0.69763	100
134	194	164	224	353.429	0.698763	100
136	196	166	226	353.429	0.68882	100
138	198	168	228	353.429	0.686479	100
140	200	170	230	353.429	0.660169	100
142	202	172	232	353.429	0.649623	100
144	204	174	234	353.429	0.613354	100
146	206	176	236	353.429	0.617917	100
148	208	178	238	353.429	0.599895	100
150	210	180	240	353.429	0.591251	100
152	212	182	242	353.429	0.575335	100
154	214	184	244	353.429	0.55288	100
156	216	186	246	353.429	0.539316	100
158	218	188	248	353.429	0.526911	100
160	220	190	250	353.429	0.544685	100
162	222	192	252	353.429	0.533527	100
164	224	194	254	353.429	0.533045	100
166	226	196	256	353.429	0.514241	100
168	228	198	258	353.429	0.524543	100
170	230	200	260	353.429	0.534513	100
172	232	202	262	353.429	0.529736	100
174	234	204	264	353.429	0.522817	100
176	236	206	266	353.429	0.50002	100
178	238	208	268	353.429	0.509026	100
180	240	210	270	353.429	0.482423	100
182	242	212	272	353.429	0.485877	100
184	244	214	274	353.429	0.469015	100
186	246	216	276	353.429	0.458029	100
188	248	218	278	353.429	0.431101	100
190	250	220	280	353.429	0.413794	100
30	94	62	126	376.991	1.17906	100
32	96	64	128	376.991	1.22364	100
34	98	66	130	376.991	1.21798	100
36	100	68	132	376.991	1.21673	100
38	102	70	134	376.991	1.20656	100
40	104	72	136	376.991	1.16813	100
42	106	74	138	376.991	1.16516	100
44	108	76	140	376.991	1.16721	100
46	110	78	142	376.991	1.10494	100
48	112	80	144	376.991	1.09454	100
50	114	82	146	376.991	1.10777	100
52	116	84	148	376.991	1.09828	100
54	118	86	150	376.991	1.06877	100
56	120	88	152	376.991	1.02384	100
58	122	90	154	376.991	1.06116	100
60	124	92	156	376.991	1.03028	100
62	126	94	158	376.991	1.02863	100
64	128	96	160	376.991	1.02455	100
66	130	98	162	376.991	1.01864	100
68	132	100	164	376.991	0.994493	100
70	134	102	166	376.991	1.01819	100
72	136	104	168	376.991	1.01378	100
74	138	106	170	376.991	1.03945	100
76	140	108	172	376.991	1.03127	100
78	142	110	174	376.991	1.00655	100
80	144	112	176	376.991	0.989084	100
82	146	114	178	376.991	1.00205	100
84	148	116	180	376.991	1.00891	100
86	150	118	182	376.991	0.98715	100
88	152	120	184	376.991	0.960366	100
90	154	122	186	376.991	0.946678	100
92	156	124	188	376.991	0.924355	100
94	158	126	190	376.991	0.880098	100
96	160	128	192	376.991	0.85864	100
98	162	130	194	376.991	0.835696	100
100	164	132	196	376.991	0.790321	100
102	166	134	198	376.991	0.751171	100
104	168	136	200	376.991	0.737308	100
106	170	138	202	376.991	0.708533	100
108	172	140	204	376.991	0.683462	100
110	174	142	206	376.991	0.681917	100
112	176	144	208	376.991	0.651548	100
114	178	146	210	376.991	0.645237	100
116	180	148	212	376.991	0.647968	100
118	182	150	214	376.991	0.643212	100
120	184	152	216	376.991	0.644503	100
122	186	154	218	376.991	0.673212	100
124	188	156	220	376.991	0.675116	100
126	190	158	222	376.991	0.676404	100
128	192	160	224	376.991	0.666753	100
130	194	162	226	376.991	0.64835	100
132	196	164	228	376.991	0.657757	100
134	198	166	230	376.991	0.635741	100
136	200	168	232	376.991	0.656073	100
138	202	170	234	376.991	0.619708	100
140	204	172	236	376.991	0.609491	100
142	206	174	238	376.991	0.586199	100
144	208	176	240	376.991	0.59118	100
146	210	178	242	376.991	0.562	100
148	212	180	244	376.991	0.566178	100
150	214	182	246	376.991	0.541934	100
152	216	184	248	376.991	0.52389	100
154	218	186	250	376.991	0.532823	100
156	220	188	252	376.991	0.528593	100
158	222	190	254	376.991	0.518245	100
160	224	192	256	376.991	0.508285	100
162	226	194	258	376.991	0.49743	100
164	228	196	260	376.991	0.508466	100
166	230	198	262	376.991	0.510174	100
168	232	200	264	376.991	0.498755	100
170	234	202	266	376.991	0.507369	100
172	236	204	268	376.991	0.493419	100
174	238	206	270	376.991	0.489376	100
176	240	208	272	376.991	0.469672	100
178	242	210	274	376.991	0.479342	100
180	244	212	276	376.991	0.46574	100
182	246	214	278	376.991	0.440084	100
184	248	216	280	376.991	0.438239	100
30	98	64	132	400.553	1.11546	100
32	100	66	134	400.553	1.13385	100
34	102	68	136	400.553	1.08338	100
36	104	70	138	400.553	1.09217	100
38	106	72	140	400.553	1.07101	100
40	108	74	142	400.553	1.04609	100
42	110	76	144	400.553	1.04822	100
44	112	78	146	400.553	1.03888	100
46	114	80	148	400.553	1.02077	100
48	116	82	150	400.553	1.0099	100
50	118	84	152	400.553	0.987378	100
52	120	86	154	400.553	0.998603	100
54	122	88	156	400.553	0.9725	100
56	124	90	158	400.553	0.980547	100
58	126	92	160	400.553	0.981651	100
60	128	94	162	400.553	0.945307	100
62	130	96	164	400.553	0.965051	100
64	132	98	166	400.553	0.964475	100
66	134	100	168	400.553	0.971967	100
68	136	102	170	400.553	0.982076	100
70	138	104	172	400.553	0.961878	100
72	140	106	174	400.553	0.975559	100
74	142	108	176	400.553	0.962409	100
76	144	110	178	400.553	0.955741	100
78	146	112	180	400.553	0.939515	100
80	148	114	182	400.553	0.918625	100
82	150	116	184	400.553	0.923852	100
84	152	118	186	400.553	0.888131	100
86	154	120	188	400.553	0.900479	100
88	156	122	190	400.553	0.874529	100
90	158	124	192	400.553	0.859258	100
92	160	126	194	400.553	0.820073	100
94	162	128	196	400.553	0.810754	100
96	164	130	198	400.553	0.764127	100
98	166	132	200	400.553	0.778321	100
100	168	134	202	400.553	0.724035	100
102	170	136	204	400.553	0.708067	100
104	172	138	206	400.553	0.695763	100
106	174	140	208	400.553	0.685473	100
108	176	142	210	400.553	0.672924	100
110	178	144	212	400.553	0.638409	100
112	180	146	214	400.553	0.632	100
114	182	148	216	400.553	0.644341	100
116	184	150	218	400.553	0.640844	100
118	186	152	220	400.553	0.651892	100
120	188	154	222	400.553	0.640431	100
122	190	156	224	400.553	0.647515	100
124	192	158	226	400.553	0.63854	100
126	194	160	228	400.553	0.654879	100
128	196	162	230	400.553	0.629246	100
130	198	164	232	400.553	0.619949	100
132	200	166	234	400.553	0.615427	100
134	202	168	236	400.553	0.62426	100
136	204	170	238	400.553	0.604043	100
138	206	172	240	400.553	0.595607	100
140	208	174	242	400.553	0.567328	100
142	210	176	244	400.553	0.568598	100
144	212	178	246	400.553	0.543271	100
146	214	180	248	400.553	0.532754	100
148	216	182	250	400.553	0.526944	100
150	218	184	252	400.553	0.526794	100
152	220	186	254	400.553	0.495799	100
154	222	188	256	400.553	0.506625	100
156	224	190	258	400.553	0.492139	100
158	226	192	260	400.553	0.47541	100
160	228	194	262	400.553	0.488502	100
162	230	196	264	400.553	0.48218	100
164	232	198	266	400.553	0.473275	100
166	234	200	268	400.553	0.470747	100
168	236	202	270	400.553	0.471012	100
170	238	204	272	400.553	0.462487	100
172	240	206	274	400.553	0.463148	100
174	242	208	276	400.553	0.459082	100
176	244	210	278	400.553	0.456733	100
178	246	212	280	400.553	0.449339	100
30	102	66	138	424.115	0.997049	100
32	104	68	140	424.115	0.979811	100
34	106	70	142	424.115	0.986205	100
36	108	72	144	424.115	0.983819	100
38	110	74	146	424.115	0.946735	100
40	112	76	148	424.115	0.9702	100
42	114	78	150	424.115	0.965945	100
44	116	80	152	424.115	0.938215	100
46	118	82	154	424.115	0.94447	100
48	120	84	156	424.115	0.92778	100
50	122	86	158	424.115	0.907128	100
52	124	88	160	424.115	0.936254	100
54	126	90	162	424.115	0.90011	100
56	128	92	164	424.115	0.907566	100
58	130	94	166	424.115	0.896568	100
60	132	96	168	424.115	0.919439	100
62	134	98	170	424.115	0.903807	100
64	136	100	172	424.115	0.904276	100
66	138	102	174	424.115	0.918927	100
68	140	104	176	424.115	0.934537	100
70	142	106	178	424.115	0.909162	100
72	144	108	180	424.115	0.903033	100
74	146	110	182	424.115	0.902995	100
76	148	112	184	424.115	0.900298	100
78	150	114	186	424.115	0.883838	100
80	152	116	188	424.115	0.881004	100
82	154	118	190	424.115	0.863502	100
84	156	120	192	424.115	0.85427	100
86	158	122	194	424.115	0.812483	100
88	160	124	196	424.115	0.804689	100
90	162	126	198	424.115	0.799699	100
92	164	128	200	424.115	0.774528	100
94	166	130	202	424.115	0.758654	100
96	168	132	204	424.115	0.725984	100
98	170	134	206	424.115	0.705388	100
100	172	136	208	424.115	0.703922	100
102	174	138	210	424.115	0.695475	100
104	176	140	212	424.115	0.679926	100
106	178	142	214	424.115	0.668564	100
108	180	144	216	424.115	0.644978	100
110	182	146	218	424.115	0.632656	100
112	184	148	220	424.115	0.620864	100
114	186	150	222	424.115	0.62852	100
116	188	152	224	424.115	0.630084	100
118	190	154	226	424.115	0.626892	100
120	192	156	228	424.115	0.626522	100
122	194	158	230	424.115	0.609241	100
124	196	160	232	424.115	0.621175	100
126	198	162	234	424.115	0.615304	100
128	200	164	236	424.115	0.602928	100
130	202	166	238	424.115	0.59155	100
132	204	168	240	424.115	0.569267	100
134	206	170	242	424.115	0.584504	100
136	208	172	244	424.115	0.549536	100
138	210	174	246	424.115	0.56013	100
140	212	176	248	424.115	0.543845	100
142	214	178	250	424.115	0.542969	100
144	216	180	252	424.115	0.523709	100
146	218	182	254	424.115	0.510677	100
148	220	184	256	424.115	0.49265	100
150	222	186	258	424.115	0.479221	100
152	224	188	260	424.115	0.474957	100
154	226	190	262	424.115	0.479017	100
156	228	192	264	424.115	0.470493	100
158	230	194	266	424.115	0.461323	100
160	232	196	268	424.115	0.468208	100
162	234	198	270	424.115	0.452465	100
164	236	200	272	424.115	0.453212	100
166	238	202	274	424.115	0.462048	100
168	240	204	276	424.115	0.447033	100
170	242	206	278	424.115	0.457967	100
172	244	208	280	424.115	0.436407	100
30	106	68	144	447.677	0.907278	100
32	108	70	146	447.677	0.899179	100
34	110	72	148	447.677	0.909857	100
36	112	74	150	447.677	0.910997	100
38	114	76	152	447.677	0.908718	100
40	116	78	154	447.677	0.902674	100
42	118	80	156	447.677	0.886449	100
44	120	82	158	447.677	0.887428	100
46	122	84	160	447.677	0.876798	100
48	124	86	162	447.677	0.858783	100
50	126	88	164	447.677	0.885317	100
52	128	90	166	447.677	0.870396	100
54	130	92	168	447.677	0.858879	100
56	132	94	170	447.677	0.876728	100
58	134	96	172	447.677	0.854784	100
60	136	98	174	447.677	0.860853	100
62	138	100	176	447.677	0.865603	100
64	140	102	178	447.677	0.882545	100
66	142	104	180	447.677	0.872066	100
68	144	106	182	447.677	0.8639	100
70	146	108	184	447.677	0.837683	100
72	148	110	186	447.677	0.840889	100
74	150	112	188	447.677	0.823015	100
76	152	114	190	447.677	0.826991	100
78	154	116	192	447.677	0.804228	100
80	156	118	194	447.677	0.802045	100
82	158	120	196	447.677	0.809572	100
84	160	122	198	447.677	0.766571	100
86	162	124	200	447.677	0.7812	100
88	164	126	202	447.677	0.773407	100
90	166	128	204	447.677	0.739836	100
92	168	130	206	447.677	0.720682	100
94	170	132	208	447.677	0.708872	100
96	172	134	210	447.677	0.721987	100
98	174	136	212	447.677	0.704739	100
100	176	138	214	447.677	0.658921	100
102	178	140	216	447.677	0.670033	100
104	180	142	218	447.677	0.64851	100
106	182	144	220	447.677	0.646817	100
108	184	146	222	447.677	0.627745	100
110	186	148	224	447.677	0.634153	100
112	188	150	226	447.677	0.626841	100
114	190	152	228	447.677	0.600839	100
116	192	154	230	447.677	0.599118	100
118	194	156	232	447.677	0.602002	100
120	196	158	234	447.677	0.587268	100
122	198	160	236	447.677	0.584676	100
124	200	162	238	447.677	0.586526	100
126	202	164	240	447.677	0.581503	100
128	204	166	242	447.677	0.545088	100
130	206	168	244	447.677	0.545593	100
132	208	170	246	447.677	0.53	100
134	210	172	248	447.677	0.530633	100
136	212	174	250	447.677	0.526736	100
138	214	176	252	447.677	0.520788	100
140	216	178	254	447.677	0.512746	100
142	218	180	256	447.677	0.511555	100
144	220	182	258	447.677	0.488788	100
146	222	184	260	447.677	0.482542	100
148	224	186	262	447.677	0.471621	100
150	226	188	264	447.677	0.453147	100
152	228	190	266	447.677	0.459792	100
154	230	192	268	447.677	0.449579	100
156	232	194	270	447.677	0.43805	100
158	234	196	272	447.677	0.445242	100
160	236	198	274	447.677	0.43988	100
162	238	200	276	447.677	0.434971	100
164	240	202	278	447.677	0.438844	100
166	242	204	280	447.677	0.427158	100
30	110	70	150	471.239	0.818255	100
32	112	72	152	471.239	0.810702	100
34	114	74	154	471.239	0.847529	100
36	116	76	156	471.239	0.845192	100
38	118	78	158	471.239	0.809262	100
40	120	80	160	471.239	0.809646	100
42	122	82	162	471.239	0.82069	100
44	124	84	164	471.239	0.817389	100
46	126	86	166	471.239	0.827124	100
48	128	88	168	471.239	0.813764	100
50	130	90	170	471.239	0.817941	100
52	132	92	172	471.239	0.830221	100
54	134	94	174	471.239	0.831218	100
56	136	96	176	471.239	0.824358	100
58	138	98	178	471.239	0.849225	100
60	140	100	180	471.239	0.811921	100
62	142	102	182	471.239	0.844633	100
64	144	104	184	471.239	0.822546	100
66	146	106	186	471.239	0.833404	100
68	148	108	188	471.239	0.798929	100
70	150	110	190	471.239	0.821232	100
72	152	112	192	471.239	0.789124	100
74	154	114	194	471.239	0.7794	100
76	156	116	196	471.239	0.787655	100
78	158	118	198	471.239	0.789827	100
80	160	120	200	471.239	0.768797	100
82	162	122	202	471.239	0.755184	100
84	164	124	204	471.239	0.748788	100
86	166	126	206	471.239	0.756373	100
88	168	128	208	471.239	0.748607	100
90	170	130	210	471.239	0.721929	100
92	172	132	212	471.239	0.72719	100
94	174	134	214	471.239	0.709937	100
96	176	136	216	471.239	0.677817	100
98	178	138	218	471.239	0.679226	100
100	180	140	220	471.239	0.63544	100
102	182	142	222	471.239	0.64135	100
104	184	144	224	471.239	0.624966	100
106	186	146	226	471.239	0.617929	100
108	188	148	228	471.239	0.604747	100
110	190	150	230	471.239	0.611936	100
112	192	152	232	471.239	0.608077	100
114	194	154	234	471.239	0.572562	100
116	196	156	236	471.239	0.576565	100
118	198	158	238	471.239	0.564155	100
120	200	160	240	471.239	0.54403	100
122	202	162	242	471.239	0.549478	100
124	204	164	244	471.239	0.533741	100
126	206	166	246	471.239	0.531276	100
128	208	168	248	471.239	0.522943	100
130	210	170	250	471.239	0.518535	100
132	212	172	252	471.239	0.511646	100
134	214	174	254	471.239	0.51494	100
136	216	176	256	471.239	0.509487	100
138	218	178	258	471.239	0.486053	100
140	220	180	260	471.239	0.491543	100
142	222	182	262	471.239	0.473282	100
144	224	184	264	471.239	0.466552	100
146	226	186	266	471.239	0.446822	100
148	228	188	268	471.239	0.439296	100
150	230	190	270	471.239	0.436329	100
152	232	192	272	471.239	0.433981	100
154	234	194	274	471.239	0.420874	100
156	236	196	276	471.239	0.42136	100
158	238	198	278	471.239	0.434605	100
160	240	200	280	471.239	0.414754	100
30	114	72	156	494.801	0.761797	100
32	116	74	158	494.801	0.772078	100
34	118	76	160	494.801	0.769015	100
36	120	78	162	494.801	0.78165	100
38	122	80	164	494.801	0.785352	100
40	124	82	166	494.801	0.762803	100
42	126	84	168	494.801	0.781292	100
44	128	86	170	494.801	0.789202	100
46	130	88	172	494.801	0.785084	100
48	132	90	174	494.801	0.762856	100
50	134	92	176	494.801	0.796726	100
52	136	94	178	494.801	0.775319	100
54	138	96	180	494.801	0.782007	100
56	140	98	182	494.801	0.782828	100
58	142	100	184	494.801	0.794659	100
60	144	102	186	494.801	0.799303	100
62	146	104	188	494.801	0.793111	100
64	148	106	190	494.801	0.775537	100
66	150	108	192	494.801	0.778816	100
68	152	110	194	494.801	0.746383	100
70	154	112	196	494.801	0.750937	100
72	156	114	198	494.801	0.742051	100
74	158	116	200	494.801	0.755313	100
76	160	118	202	494.801	0.744723	100
78	162	120	204	494.801	0.737965	100
80	164	122	206	494.801	0.757315	100
82	166	124	208	494.801	0.750644	100
84	168	126	210	494.801	0.725604	100
86	170	128	212	494.801	0.709144	100
88	172	130	214	494.801	0.722325	100
90	174	132	216	494.801	0.696222	100
92	176	134	218	494.801	0.684228	100
94	178	136	220	494.801	0.66682	100
96	180	138	222	494.801	0.668832	100
98	182	140	224	494.801	0.633599	100
100	184	142	226	494.801	0.620929	100
102	186	144	228	494.801	0.606836	100
104	188	146	230	494.801	0.620914	100
106	190	148	232	494.801	0.585562	100
108	192	150	234	494.801	0.597874	100
110	194	152	236	494.801	0.563615	100
112	196	154	238	494.801	0.552017	100
114	198	156	240	494.801	0.544757	100
116	200	158	242	494.801	0.541489	100
118	202	160	244	494.801	0.530039	100
120	204	162	246	494.801	0.532755	100
122	206	164	248	494.801	0.510752	100
124	208	166	250	494.801	0.501197	100
126	210	168	252	494.801	0.498398	100
128	212	170	254	494.801	0.485921	100
130	214	172	256	494.801	0.486318	100
132	216	174	258	494.801	0.4911	100
134	218	176	260	494.801	0.475514	100
136	220	178	262	494.801	0.484464	100
138	222	180	264	494.801	0.457703	100
140	224	182	266	494.801	0.460137	100
142	226	184	268	494.801	0.456173	100
144	228	186	270	494.801	0.449355	100
146	230	188	272	494.801	0.439595	100
148	232	190	274	494.801	0.432473	100
150	234	192	276	494.801	0.422012	100
152	236	194	278	494.801	0.408908	100
154	238	196	280	494.801	0.407837	100
30	118	74	162	518.363	0.733295	100
32	120	76	164	518.363	0.702759	100
34	122	78	166	518.363	0.720206	100
36	124	80	168	518.363	0.711851	100
38	126	82	170	518.363	0.714535	100
40	128	84	172	518.363	0.726009	100
42	130	86	174	518.363	0.724453	100
44	132	88	176	518.363	0.719178	100
46	134	90	178	518.363	0.738099	100
48	136	92	180	518.363	0.735754	100
50	138	94	182	518.363	0.735327	100
52	140	96	184	518.363	0.763711	100
54	142	98	186	518.363	0.756882	100
56	144	100	188	518.363	0.732774	100
58	146	102	190	518.363	0.738433	100
60	148	104	192	518.363	0.725921	100
62	150	106	194	518.363	0.743135	100
64	152	108	196	518.363	0.737839	100
66	154	110	198	518.363	0.733438	100
68	156	112	200	518.363	0.728642	100
70	158	114	202	518.363	0.744418	100
72	160	116	204	518.363	0.725965	100
74	162	118	206	518.363	0.726743	100
76	164	120	208	518.363	0.721544	100
78	166	122	210	518.363	0.74636	100
80	168	124	212	518.363	0.71227	100
82	170	126	214	518.363	0.701838	100
84	172	128	216	518.363	0.722062	100
86	174	130	218	518.363	0.711108	100
88	176	132	220	518.363	0.680439	100
90	178	134	222	518.363	0.662561	100
92	180	136	224	518.363	0.671074	100
94	182	138	226	518.363	0.641113	100
96	184	140	228	518.363	0.635348	100
98	186	142	230	518.363	0.633181	100
100	188	144	232	518.363	0.605748	100
102	190	146	234	518.363	0.608185	100
104	192	148	236	518.363	0.573585	100
106	194	150	238	518.363	0.569993	100
108	196	152	240	518.363	0.555485	100
110	198	154	242	518.363	0.545357	100
112	200	156	244	518.363	0.538475	100
114	202	158	246	518.363	0.517289	100
116	204	160	248	518.363	0.504111	100
118	206	162	250	518.363	0.509748	100
120	208	164	252	518.363	0.497749	100
122	210	166	254	518.363	0.481633	100
124	212	168	256	518.363	0.47927	100
126	214	170	258	518.363	0.469259	100
128	216	172	260	518.363	0.478493	100
130	218	174	262	518.363	0.475273	100
132	220	176	264	518.363	0.45238	100
134	222	178	266	518.363	0.448631	100
136	224	180	268	518.363	0.443861	100
138	226	182	270	518.363	0.438694	100
140	228	184	272	518.363	0.426186	100
142	230	186	274	518.363	0.422781	100
144	232	188	276	518.363	0.413931	100
146	234	190	278	518.363	0.419041	100
148	236	192	280	518.363	0.39731	100
30	122	76	168	541.925	0.669875	100
32	124	78	170	541.925	0.688239	100
34	126	80	172	541.925	0.687913	100
36	128	82	174	541.925	0.690072	100
38	130	84	176	541.925	0.68435	100
40	132	86	178	541.925	0.69765	100
42	134	88	180	541.925	0.684537	100
44	136	90	182	541.925	0.697146	100
46	138	92	184	541.925	0.719503	100
48	140	94	186	541.925	0.716097	100
50	142	96	188	541.925	0.724469	100
52	144	98	190	541.925	0.712142	100
54	146	100	192	541.925	0.713667	100
56	148	102	194	541.925	0.707563	100
58	150	104	196	541.925	0.726514	100
60	152	106	198	541.925	0.713688	100
62	154	108	200	541.925	0.702821	100
64	156	110	202	541.925	0.709266	100
66	158	112	204	541.925	0.701351	100
68	160	114	206	541.925	0.717299	100
70	162	116	208	541.925	0.70635	100
72	164	118	210	541.925	0.733447	100
74	166	120	212	541.925	0.718273	100
76	168	122	214	541.925	0.706214	100
78	170	124	216	541.925	0.695615	100
80	172	126	218	541.925	0.715114	100
82	174	128	220	541.925	0.691658	100
84	176	130	222	541.925	0.684558	100
86	178	132	224	541.925	0.696663	100
88	180	134	226	541.925	0.654829	100
90	182	136	228	541.925	0.649698	100
92	184	138	230	541.925	0.637585	100
94	186	140	232	541.925	0.608706	100
96	188	142	234	541.925	0.597834	100
98	190	144	236	541.925	0.583798	100
100	192	146	238	541.925	0.577113	100
102	194	148	240	541.925	0.573529	100
104	196	150	242	541.925	0.545441	100
106	198	152	244	541.925	0.544704	100
108	200	154	246	541.925	0.528207	100
110	202	156	248	541.925	0.497661	100
112	204	158	250	541.925	0.502587	100
114	206	160	252	541.925	0.480258	100
116	208	162	254	541.925	0.479465	100
118	210	164	256	541.925	0.45986	100
120	212	166	258	541.925	0.45502	100
122	214	168	260	541.925	0.449618	100
124	216	170	262	541.925	0.449837	100
126	218	172	264	541.925	0.450936	100
128	220	174	266	541.925	0.440942	100
130	222	176	268	541.925	0.449922	100
132	224	178	270	541.925	0.442064	100
134	226	180	272	541.925	0.42431	100
136	228	182	274	541.925	0.421608	100
138	230	184	276	541.925	0.426527	100
140	232	186	278	541.925	0.403219	100
142	234	188	280	541.925	0.413924	100
30	126	78	174	565.487	0.616361	100
32	128	80	176	565.487	0.630906	100
34	130	82	178	565.487	0.653835	100
36	132	84	180	565.487	0.635314	100
38	134	86	182	565.487	0.659396	100
40	136	88	184	565.487	0.653425	100
42	138	90	186	565.487	0.653496	100
44	140	92	188	565.487	0.682653	100
46	142	94	190	565.487	0.676177	100
48	144	96	192	565.487	0.683463	100
50	146	98	194	565.487	0.689861	100
52	148	100	196	565.487	0.698869	100
54	150	102	198	565.487	0.687874	100
56	152	104	200	565.487	0.690228	100
58	154	106	202	565.487	0.709748	100
60	156	108	204	565.487	0.68707	100
62	158	110	206	565.487	0.707599	100
64	160	112	208	565.487	0.703993	100
66	162	114	210	565.487	0.697558	100
68	164	116	212	565.487	0.718079	100
70	166	118	214	565.487	0.710659	100
72	168	120	216	565.487	0.707142	100
74	170	122	218	565.487	0.695528	100
76	172	124	220	565.487	0.70872	100
78	174	126	222	565.487	0.686142	100
80	176	128	224	565.487	0.699897	100
82	178	130	226	565.487	0.688757	100
84	180	132	228	565.487	0.667606	100
86	182	134	230	565.487	0.661311	100
88	184	136	232	565.487	0.653071	100
90	186	138	234	565.487	0.623573	100
92	188	140	236	565.487	0.616369	100
94	190	142	238	565.487	0.583882	100
96	192	144	240	565.487	0.57045	100
98	194	146	242	565.487	0.569349	100
100	196	148	244	565.487	0.553769	100
102	198	150	246	565.487	0.530684	100
104	200	152	248	565.487	0.524756	100
106	202	154	250	565.487	0.503574	100
108	204	156	252	565.487	0.475711	100
110	206	158	254	565.487	0.475205	100
112	208	160	256	565.487	0.460931	100
114	210	162	258	565.487	0.465618	100
116	212	164	260	565.487	0.460154	100
118	214	166	262	565.487	0.450734	100
120	216	168	264	565.487	0.448087	100
122	218	170	266	565.487	0.430009	100
124	220	172	268	565.487	0.433873	100
126	222	174	270	565.487	0.42815	100
128	224	176	272	565.487	0.426257	100
130	226	178	274	565.487	0.418794	100
132	228	180	276	565.487	0.427345	100
134	230	182	278	565.487	0.4212	100
136	232	184	280	565.487	0.406006	100
30	130	80	180	589.049	0.601145	100
32	132	82	182	589.049	0.593531	100
34	134	84	184	589.049	0.606542	100
36	136	86	186	589.049	0.616794	100
38	138	88	188	589.049	0.631472	100
40	140	90	190	589.049	0.65158	100
42	142	92	192	589.049	0.635294	100
44	144	94	194	589.049	0.666658	100
46	146	96	196	589.049	0.661501	100
48	148	98	198	589.049	0.657527	100
50	150	100	200	589.049	0.657196	100
52	152	102	202	589.049	0.667814	100
54	154	104	204	589.049	0.663194	100
56	156	106	206	589.049	0.686803	100
58	158	108	208	589.049	0.675285	100
60	160	110	210	589.049	0.694894	100
62	162	112	212	589.049	0.69689	100
64	164	114	214	589.049	0.699395	100
66	166	116	216	589.049	0.676177	100
68	168	118	218	589.049	0.695557	100
70	170	120	220	589.049	0.697069	100
72	172	122	222	589.049	0.698542	100
74	174	124	224	589.049	0.681939	100
76	176	126	226	589.049	0.690804	100
78	178	128	228	589.049	0.664674	100
80	180	130	230	589.049	0.673428	100
82	182	132	232	589.049	0.646311	100
84	184	134	234	589.049	0.643327	100
86	186	136	236	589.049	0.634128	100
88	188	138	238	589.049	0.601998	100
90	190	140	240	589.049	0.610437	100
92	192	142	242	589.049	0.57157	100
94	194	144	244	589.049	0.553534	100
96	196	146	246	589.049	0.536824	100
98	198	148	248	589.049	0.529246	100
100	200	150	250	589.049	0.517469	100
102	202	152	252	589.049	0.487055	100
104	204	154	254	589.049	0.487925	100
106	206	156	256	589.049	0.473716	100
108	208	158	258	589.049	0.463788	100
110	210	160	260	589.049	0.439305	100
112	212	162	262	589.049	0.449532	100
114	214	164	264	589.049	0.427237	100
116	216	166	266	589.049	0.424545	100
118	218	168	268	589.049	0.429028	100
120	220	170	270	589.049	0.421607	100
122	222	172	272	589.049	0.43008	100
124	224	174	274	589.049	0.413105	100
126	226	176	276	589.049	0.405247	100
128	228	178	278	589.049	0.417986	100
130	230	180	280	589.049	0.410712	100
30	134	82	186	612.611	0.577443	100
32	136	84	188	612.611	0.587001	100
34	138	86	190	612.611	0.584595	100
36	140	88	192	612.611	0.604468	100
38	142	90	194	612.611	0.626695	100
40	144	92	196	612.611	0.637442	100
42	146	94	198	612.611	0.638633	100
44	148	96	200	612.611	0.634428	100
46	150	98	202	612.611	0.646143	100
48	152	100	204	612.611	0.659368	100
50	154	102	206	612.611	0.647527	100
52	156	104	208	612.611	0.667625	100
54	158	106	210	612.611	0.679725	100
56	160	108	212	612.611	0.66776	100
58	162	110	214	612.611	0.665406	100
60	164	112	216	612.611	0.682316	100
62	166	114	218	612.611	0.681881	100
64	168	116	220	612.611	0.664452	100
66	170	118	222	612.611	0.677151	100
68	172	120	224	612.611	0.675862	100
70	174	122	226	612.611	0.666629	100
72	176	124	228	612.611	0.668926	100
74	178	126	230	612.611	0.672254	100
76	180	128	232	612.611	0.661421	100
78	182	130	234	612.611	0.670843	100
80	184	132	236	612.611	0.661394	100
82	186	134	238	612.611	0.629684	100
84	188	136	240	612.611	0.610814	100
86	190	138	242	612.611	0.588517	100
88	192	140	244	612.611	0.577204	100
90	194	142	246	612.611	0.551834	100
92	196	144	248	612.611	0.552196	100
94	198	146	250	612.611	0.511994	100
96	200	148	252	612.611	0.502339	100
98	202	150	254	612.611	0.485875	100
100	204	152	256	612.611	0.484491	100
102	206	154	258	612.611	0.455414	100
104	208	156	260	612.611	0.4607	100
106	210	158	262	612.611	0.432737	100
108	212	160	264	612.611	0.43556	100
110	214	162	266	612.611	0.428883	100
112	216	164	268	612.611	0.417329	100
114	218	166	270	612.611	0.412665	100
116	220	168	272	612.611	0.413764	100
118	222	170	274	612.611	0.415101	100
120	224	172	276	612.611	0.407729	100
122	226	174	278	612.611	0.39681	100
124	228	176	280	612.611	0.39576	100
30	138	84	192	636.173	0.562063	100
32	140	86	194	636.173	0.577486	100
34	142	88	196	636.173	0.596002	100
36	144	90	198	636.173	0.610314	100
38	146	92	200	636.173	0.626776	100
40	148	94	202	636.173	0.616667	100
42	150	96	204	636.173	0.62087	100
44	152	98	206	636.173	0.649069	100
46	154	100	208	636.173	0.635006	100
48	156	102	210	636.173	0.64925	100
50	158	104	212	636.173	0.639287	100
52	160	106	214	636.173	0.650073	100
54	162	108	216	636.173	0.671077	100
56	164	110	218	636.173	0.652443	100
58	166	112	220	636.173	0.652697	100
60	168	114	222	636.173	0.67927	100
62	170	116	224	636.173	0.669178	100
64	172	118	226	636.173	0.667546	100
66	174	120	228	636.173	0.677691	100
68	176	122	230	636.173	0.675744	100
70	178	124	232	636.173	0.662398	100
72	180	126	234	636.173	0.642297	100
74	182	128	236	636.173	0.652106	100
76	184	130	238	636.173	0.632994	100
78	186	132	240	636.173	0.628841	100
80	188	134	242	636.173	0.629074	100
82	190	136	244	636.173	0.60861	100
84	192	138	246	636.173	0.572901	100
86	194	140	248	636.173	0.560197	100
88	196	142	250	636.173	0.55394	100
90	198	144	252	636.173	0.522616	100
92	200	146	254	636.173	0.51659	100
94	202	148	256	636.173	0.487408	100
96	204	150	258	636.173	0.46534	100
98	206	152	260	636.173	0.464376	100
100	208	154	262	636.173	0.445455	100
102	210	156	264	636.173	0.437037	100
104	212	158	266	636.173	0.416625	100
106	214	160	268	636.173	0.417959	100
108	216	162	270	636.173	0.422545	100
110	218	164	272	636.173	0.412657	100
112	220	166	274	636.173	0.407632	100
114	222	168	276	636.173	0.398005	100
116	224	170	278	636.173	0.400073	100
118	226	172	280	636.173	0.402101	100
30	142	86	198	659.734	0.56214	100
32	144	88	200	659.734	0.578692	100
34	146	90	202	659.734	0.590902	100
36	148	92	204	659.734	0.58968	100
38	150	94	206	659.734	0.609557	100
40	152	96	208	659.734	0.615281	100
42	154	98	210	659.734	0.629407	100
44	156	100	212	659.734	0.630246	100
46	158	102	214	659.734	0.647469	100
48	160	104	216	659.734	0.648088	100
50	162	106	218	659.734	0.652946	100
52	164	108	220	659.734	0.65086	100
54	166	110	222	659.734	0.64616	100
56	168	112	224	659.734	0.631586	100
58	170	114	226	659.734	0.636665	100
60	172	116	228	659.734	0.647813	100
62	174	118	230	659.734	0.651049	100
64	176	120	232	659.734	0.638957	100
66	178	122	234	659.734	0.665378	100
68	180	124	236	659.734	0.656869	100
70	182	126	238	659.734	0.658895	100
72	184	128	240	659.734	0.638243	100
74	186	130	242	659.734	0.626785	100
76	188	132	244	659.734	0.603979	100
78	190	134	246	659.734	0.617554	100
80	192	136	248	659.734	0.581696	100
82	194	138	250	659.734	0.572553	100
84	196	140	252	659.734	0.547646	100
86	198	142	254	659.734	0.5288	100
88	200	144	256	659.734	0.49976	100
90	202	146	258	659.734	0.485264	100
92	204	148	260	659.734	0.462482	100
94	206	150	262	659.734	0.463792	100
96	208	152	264	659.734	0.431559	100
98	210	154	266	659.734	0.427913	100
100	212	156	268	659.734	0.420079	100
102	214	158	270	659.734	0.414153	100
104	216	160	272	659.734	0.399778	100
106	218	162	274	659.734	0.393313	100
108	220	164	276	659.734	0.398588	100
110	222	166	278	659.734	0.384503	100
112	224	168	280	659.734	0.399587	100
30	146	88	204	683.296	0.560107	100
32	148	90	206	683.296	0.580486	100
34	150	92	208	683.296	0.575089	100
36	152	94	210	683.296	0.596355	100
38	154	96	212	683.296	0.590155	100
40	156	98	214	683.296	0.611699	100
42	158	100	216	683.296	0.617844	100
44	160	102	218	683.296	0.603236	100
46	162	104	220	683.296	0.616607	100
48	164	106	222	683.296	0.626704	100
50	166	108	224	683.296	0.627639	100
52	168	110	226	683.296	0.637578	100
54	170	112	228	683.296	0.635626	100
56	172	114	230	683.296	0.633521	100
58	174	116	232	683.296	0.62328	100
60	176	118	234	683.296	0.631992	100
62	178	120	236	683.296	0.624113	100
64	180	122	238	683.296	0.646379	100
66	182	124	240	683.296	0.641033	100
68	184	126	242	683.296	0.634178	100
70	186	128	244	683.296	0.611115	100
72	188	130	246	683.296	0.620409	100
74	190	132	248	683.296	0.60901	100
76	192	134	250	683.296	0.587205	100
78	194	136	252	683.296	0.558923	100
80	196	138	254	683.296	0.541604	100
82	198	140	256	683.296	0.530213	100
84	200	142	258	683.296	0.498016	100
86	202	144	260	683.296	0.492557	100
88	204	146	262	683.296	0.471146	100
90	206	148	264	683.296	0.444841	100
92	208	150	266	683.296	0.429523	100
94	210	152	268	683.296	0.420998	100
96	212	154	270	683.296	0.411578	100
98	214	156	272	683.296	0.410912	100
100	216	158	274	683.296	0.39862	100
102	218	160	276	683.296	0.403829	100
104	220	162	278	683.296	0.387337	100
106	222	164	280	683.296	0.385283	100
30	150	90	210	706.858	0.559705	100
32	152	92	212	706.858	0.587221	100
34	154	94	214	706.858	0.596627	100
36	156	96	216	706.858	0.576105	100
38	158	98	218	706.858	0.595525	100
40	160	100	220	706.858	0.597253	100
42	162	102	222	706.858	0.592082	100
44	164	104	224	706.858	0.61711	100
46	166	106	226	706.858	0.609779	100
48	168	108	228	706.858	0.625946	100
50	170	110	230	706.858	0.617205	100
52	172	112	232	706.858	0.606739	100
54	174	114	234	706.858	0.606207	100
56	176	116	236	706.858	0.615279	100
58	178	118	238	706.858	0.635984	100
60	180	120	240	706.858	0.627453	100
62	182	122	242	706.858	0.623247	100
64	184	124	244	706.858	0.612615	100
66	186	126	246	706.858	0.610876	100
68	188	128	248	706.858	0.617478	100
70	190	130	250	706.858	0.586552	100
72	192	132	252	706.858	0.572057	100
74	194	134	254	706.858	0.555763	100
76	196	136	256	706.858	0.543172	100
78	198	138	258	706.858	0.524846	100
80	200	140	260	706.858	0.503287	100
82	202	142	262	706.858	0.472312	100
84	204	144	264	706.858	0.472261	100
86	206	146	266	706.858	0.444224	100
88	208	148	268	706.858	0.42894	100
90	210	150	270	706.858	0.414834	100
92	212	152	272	706.858	0.412684	100
94	214	154	274	706.858	0.396367	100
96	216	156	276	706.858	0.389221	100
98	218	158	278	706.858	0.393008	100
100	220	160	280	706.858	0.389858	100
30	154	92	216	730.42	0.565198	100
32	156	94	218	730.42	0.577331	100
34	158	96	220	730.42	0.577275	100
36	160	98	222	730.42	0.56882	100
38	162	100	224	730.42	0.590732	100
40	164	102	226	730.42	0.577476	100
42	166	104	228	730.42	0.584469	100
44	168	106	230	730.42	0.603335	100
46	170	108	232	730.42	0.596279	100
48	172	110	234	730.42	0.591918	100
50	174	112	236	730.42	0.602103	100
52	176	114	238	730.42	0.591212	100
54	178	116	240	730.42	0.608237	100
56	180	118	242	730.42	0.620087	100
58	182	120	244	730.42	0.620997	100
60	184	122	246	730.42	0.614295	100
62	186	124	248	730.42	0.590248	100
64	188	126	250	730.42	0.585361	100
66	190	128	252	730.42	0.578436	100
68	192	130	254	730.42	0.578763	100
70	194	132	256	730.42	0.564553	100
72	196	134	258	730.42	0.536662	100
74	198	136	260	730.42	0.522716	100
76	200	138	262	730.42	0.515374	100
78	202	140	264	730.42	0.483788	100
80	204	142	266	730.42	0.466586	100
82	206	144	268	730.42	0.446484	100
84	208	146	270	730.42	0.4344	100
86	210	148	272	730.42	0.422606	100
88	212	150	274	730.42	0.399041	100
90	214	152	276	730.42	0.395512	100
92	216	154	278	730.42	0.388095	100
94	218	156	280	730.42	0.393353	100
30	158	94	222	753.982	0.566071	100
32	160	96	224	753.982	0.557813	100
34	162	98	226	753.982	0.567274	100
36	164	100	228	753.982	0.55637	100
38	166	102	230	753.982	0.578428	100
40	168	104	232	753.982	0.573858	100
42	170	106	234	753.982	0.581302	100
44	172	108	236	753.982	0.567585	100
46	174	110	238	753.982	0.569903	100
48	176	112	240	753.982	0.593482	100
50	178	114	242	753.982	0.593568	100
52	180	116	244	753.982	0.605175	100
54	182	118	246	753.982	0.598329	100
56	184	120	248	753.982	0.590252	100
58	186	122	250	753.982	0.577438	100
60	188	124	252	753.982	0.595198	100
62	190	126	254	753.982	0.581782	100
64	192	128	256	753.982	0.573052	100
66	194	130	258	753.982	0.553687	100
68	196	132	260	753.982	0.548988	100
70	198	134	262	753.982	0.537084	100
72	200	136	264	753.982	0.499066	100
74	202	138	266	753.982	0.478165	100
76	204	140	268	753.982	0.46636	100
78	206	142	270	753.982	0.451927	100
80	208	144	272	753.982	0.437983	100
82	210	146	274	753.982	0.411416	100
84	212	148	276	753.982	0.411326	100
86	214	150	278	753.982	0.389628	100
88	216	152	280	753.982	0.389913	100
30	162	96	228	777.544	0.549824	100
32	164	98	230	777.544	0.538531	100
34	166	100	232	777.544	0.539865	100
36	168	102	234	777.544	0.552117	100
38	170	104	236	777.544	0.553118	100
40	172	106	238	777.544	0.572459	100
42	174	108	240	777.544	0.577119	100
44	176	110	242	777.544	0.553935	100
46	178	112	244	777.544	0.556568	100
48	180	114	246	777.544	0.559727	100
50	182	116	248	777.544	0.583749	100
52	184	118	250	777.544	0.581717	100
54	186	120	252	777.544	0.561946	100
56	188	122	254	777.544	0.573225	100
58	190	124	256	777.544	0.557265	100
60	192	126	258	777.544	0.548513	100
62	194	128	260	777.544	0.544396	100
64	196	130	262	777.544	0.541761	100
66	198	132	264	777.544	0.525535	100
68	200	134	266	777.544	0.507055	100
70	202	136	268	777.544	0.48244	100
72	204	138	270	777.544	0.468077	100
74	206	140	272	777.544	0.454889	100
76	208	142	274	777.544	0.431701	100
78	210	144	276	777.544	0.407365	100
80	212	146	278	777.544	0.404067	100
82	214	148	280	777.544	0.39148	100
30	166	98	234	801.106	0.530279	100
32	168	100	236	801.106	0.535203	100
34	170	102	238	801.106	0.54609	100
36	172	104	240	801.106	0.533258	100
38	174	106	242	801.106	0.541267	100
40	176	108	244	801.106	0.536385	100
42	178	110	246	801.106	0.547957	100
44	180	112	248	801.106	0.564305	100
46	182	114	250	801.106	0.555694	100
48	184	116	252	801.106	0.553452	100
50	186	118	254	801.106	0.568124	100
52	188	120	256	801.106	0.556892	100
54	190	122	258	801.106	0.548782	100
56	192	124	260	801.106	0.557173	100
58	194	126	262	801.106	0.532596	100
60	196	128	264	801.106	0.54095	100
62	198	130	266	801.106	0.52336	100
64	200	132	268	801.106	0.504899	100
66	202	134	270	801.106	0.47176	100
68	204	136	272	801.106	0.472831	100
70	206	138	274	801.106	0.456712	100
72	208	140	276	801.106	0.432962	100
74	210	142	278	801.106	0.412654	100
76	212	144	280	801.106	0.40093	100
30	170	100	240	824.668	0.506666	100
32	172	102	242	824.668	0.511466	100
34	174	104	244	824.668	0.525145	100
36	176	106	246	824.668	0.536156	100
38	178	108	248	824.668	0.529308	100
40	180	110	250	824.668	0.528291	100
42	182	112	252	824.668	0.535217	100
44	184	114	254	824.668	0.553414	100
46	186	116	256	824.668	0.55055	100
48	188	118	258	824.668	0.533637	100
50	190	120	260	824.668	0.530169	100
52	192	122	262	824.668	0.52577	100
54	194	124	264	824.668	0.521026	100
56	196	126	266	824.668	0.518365	100
58	198	128	268	824.668	0.518897	100
60	200	130	270	824.668	0.496906	100
62	202	132	272	824.668	0.484167	100
64	204	134	274	824.668	0.467159	100
66	206	136	276	824.668	0.457022	100
68	208	138	278	824.668	0.438233	100
70	210	140	280	824.668	0.411407	100
30	174	102	246	848.23	0.497081	100
32	176	104	248	848.23	0.518885	100
34	178	106	250	848.23	0.507132	100
36	180	108	252	848.23	0.527726	100
38	182	110	254	848.23	0.532237	100
40	184	112	256	848.23	0.513821	100
42	186	114	258	848.23	0.535531	100
44	188	116	260	848.23	0.529668	100
46	190	118	262	848.23	0.527768	100
48	192	120	264	848.23	0.52045	100
50	194	122	266	848.23	0.522069	100
52	196	124	268	848.23	0.514414	100
54	198	126	270	848.23	0.509917	100
56	200	128	272	848.23	0.4867	100
58	202	130	274	848.23	0.463889	100
60	204	132	276	848.23	0.450476	100
62	206	134	278	848.23	0.450173	100
64	208	136	280	848.23	0.437749	100
30	178	104	252	871.792	0.502097	100
32	180	106	254	871.792	0.50841	100
34	182	108	256	871.792	0.490974	100
36	184	110	258	871.792	0.517043	100
38	186	112	260	871.792	0.49783	100
40	188	114	262	871.792	0.508767	100
42	190	116	264	871.792	0.517645	100
44	192	118	266	871.792	0.510646	100
46	194	120	268	871.792	0.493648	100
48	196	122	270	871.792	0.496383	100
50	198	124	272	871.792	0.491749	100
52	200	126	274	871.792	0.46854	100
54	202	128	276	871.792	0.477744	100
56	204	130	278	871.792	0.462132	100
58	206	132	280	871.792	0.450889	100
30	182	106	258	895.354	0.47546	100
32	184	108	260	895.354	0.49191	100
34	186	110	262	895.354	0.498511	100
36	188	112	264	895.354	0.485879	100
38	190	114	266	895.354	0.492752	100
40	192	116	268	895.354	0.489083	100
42	194	118	270	895.354	0.495646	100
44	196	120	272	895.354	0.493641	100
46	198	122	274	895.354	0.467503	100
48	200	124	276	895.354	0.468934	100
50	202	126	278	895.354	0.467194	100
52	204	128	280	895.354	0.450029	100
30	186	108	264	918.916	0.473403	100
32	188	110	266	918.916	0.460943	100
34	190	112	268	918.916	0.471071	100
36	192	114	270	918.916	0.474521	100
38	194	116	272	918.916	0.478536	100
40	196	118	274	918.916	0.46208	100
42	198	120	276	918.916	0.463998	100
44	200	122	278	918.916	0.46095	100
46	202	124	280	918.916	0.44419	100
30	190	110	270	942.478	0.445046	100
32	192	112	272	942.478	0.457174	100
34	194	114	274	942.478	0.442721	100
36	196	116	276	942.478	0.444369	100
38	198	118	278	942.478	0.437787	100
40	200	120	280	942.478	0.445029	100
30	194	112	276	966.04	0.431434	100
32	196	114	278	966.04	0.424176	100
34	198	116	280	966.04	0.430697	100
0	0
