# ============================================================
# Calculated and Observed Apparent Resistivity Data
# Paper: A Comparative Study of Pseudo-diode Arrays and Standard Arrays
# Based on High-density DC Resistivity Method
# ============================================================
# Column 1: X_Coord (m)       - Horizontal coordinate
# Column 2: Z_Coord (m)       - Depth coordinate (negative downward)
# Column 3: App_Resistivity   - Apparent resistivity (Ohm-m)
#            Computed from forward DC resistivity modeling

-153.75	0	-2.5	171.358
-151.25	0	-2.5	191.558
-148.75	0	-2.5	189.874
-146.25	0	-2.5	188.246
-143.75	0	-2.5	200.466
-141.25	0	-2.5	183.872
-138.75	0	-2.5	193.986
-136.25	0	-2.5	222.962
-133.75	0	-2.5	210.992
-131.25	0	-2.5	196.928
-128.75	0	-2.5	198.525
-126.25	0	-2.5	205.945
-123.75	0	-2.5	216.122
-121.25	0	-2.5	212.216
-118.75	0	-2.5	207.296
-116.25	0	-2.5	204.343
-113.75	0	-2.5	202.582
-111.25	0	-2.5	201.227
-108.75	0	-2.5	178.535
-106.25	0	-2.5	197.574
-103.75	0	-2.5	205.23
-101.25	0	-2.5	189.853
-98.75	0	-2.5	198.017
-96.25	0	-2.5	196.308
-93.75	0	-2.5	204.669
-91.25	0	-2.5	189.053
-88.75	0	-2.5	204.751
-86.25	0	-2.5	199.927
-83.75	0	-2.5	197.732
-81.25	0	-2.5	197.262
-78.75	0	-2.5	181.084
-76.25	0	-2.5	200.854
-73.75	0	-2.5	196.715
-71.25	0	-2.5	194.923
-68.75	0	-2.5	199.598
-66.25	0	-2.5	196.708
-63.75	0	-2.5	191.401
-61.25	0	-2.5	190.436
-58.75	0	-2.5	184.448
-56.25	0	-2.5	167.112
-53.75	0	-2.5	171.592
-51.25	0	-2.5	189.342
-48.75	0	-2.5	172.911
-46.25	0	-2.5	173.329
-43.75	0	-2.5	191.475
-41.25	0	-2.5	202.672
-38.75	0	-2.5	203.408
-36.25	0	-2.5	188.872
-33.75	0	-2.5	205.806
-31.25	0	-2.5	216.063
-28.75	0	-2.5	213.725
-26.25	0	-2.5	199.054
-23.75	0	-2.5	226.131
-21.25	0	-2.5	225.913
-18.75	0	-2.5	226.771
-16.25	0	-2.5	216.41
-13.75	0	-2.5	225.728
-11.25	0	-2.5	201.617
-8.75	0	-2.5	217.24
-6.25	0	-2.5	209.164
-3.75	0	-2.5	202.432
-1.25	0	-2.5	205.433
1.25	0	-2.5	176.055
3.75	0	-2.5	191.192
6.25	0	-2.5	182.518
8.75	0	-2.5	187.5
11.25	0	-2.5	185.488
13.75	0	-2.5	185.9
16.25	0	-2.5	182.452
18.75	0	-2.5	187.941
21.25	0	-2.5	195.641
23.75	0	-2.5	196.665
26.25	0	-2.5	207.144
28.75	0	-2.5	209.401
31.25	0	-2.5	209.108
33.75	0	-2.5	218.155
36.25	0	-2.5	202.264
38.75	0	-2.5	217.101
41.25	0	-2.5	198.938
43.75	0	-2.5	192.533
46.25	0	-2.5	191.027
48.75	0	-2.5	213.373
51.25	0	-2.5	197.174
53.75	0	-2.5	184.767
56.25	0	-2.5	203.697
58.75	0	-2.5	195.225
61.25	0	-2.5	205.363
63.75	0	-2.5	189.031
66.25	0	-2.5	221.872
68.75	0	-2.5	207.659
71.25	0	-2.5	193.511
73.75	0	-2.5	226.728
76.25	0	-2.5	204.537
78.75	0	-2.5	216.412
81.25	0	-2.5	227.977
83.75	0	-2.5	221.608
86.25	0	-2.5	233.132
88.75	0	-2.5	210.326
91.25	0	-2.5	215.527
93.75	0	-2.5	189.934
96.25	0	-2.5	208.473
98.75	0	-2.5	184.824
101.25	0	-2.5	193.352
103.75	0	-2.5	193.618
106.25	0	-2.5	205.183
108.75	0	-2.5	192.476
111.25	0	-2.5	180.095
113.75	0	-2.5	191.114
116.25	0	-2.5	196.903
118.75	0	-2.5	194.009
121.25	0	-2.5	201.742
123.75	0	-2.5	196.116
126.25	0	-2.5	187.552
128.75	0	-2.5	197.721
131.25	0	-2.5	201.568
133.75	0	-2.5	212.73
136.25	0	-2.5	208.905
138.75	0	-2.5	207.816
141.25	0	-2.5	210.283
143.75	0	-2.5	212.306
146.25	0	-2.5	204.29
148.75	0	-2.5	210.992
151.25	0	-2.5	201.133
-150	0	-5	199.675
-147.5	0	-5	196.291
-145	0	-5	192.119
-142.5	0	-5	193.038
-140	0	-5	194.242
-137.5	0	-5	200.974
-135	0	-5	197.983
-132.5	0	-5	198.08
-130	0	-5	199.628
-127.5	0	-5	199.274
-125	0	-5	199.52
-122.5	0	-5	197.347
-120	0	-5	196.42
-117.5	0	-5	195.099
-115	0	-5	193.565
-112.5	0	-5	191.772
-110	0	-5	190.09
-107.5	0	-5	190.253
-105	0	-5	188.085
-102.5	0	-5	187.87
-100	0	-5	187.405
-97.5	0	-5	187.866
-95	0	-5	189.501
-92.5	0	-5	188.091
-90	0	-5	188.136
-87.5	0	-5	187.561
-85	0	-5	188.319
-82.5	0	-5	187.808
-80	0	-5	187.297
-77.5	0	-5	187.492
-75	0	-5	189.816
-72.5	0	-5	189.017
-70	0	-5	190.064
-67.5	0	-5	190.527
-65	0	-5	190.381
-62.5	0	-5	188.377
-60	0	-5	186.129
-57.5	0	-5	184.315
-55	0	-5	183.67
-52.5	0	-5	185.675
-50	0	-5	187.307
-47.5	0	-5	188.494
-45	0	-5	187.444
-42.5	0	-5	190.432
-40	0	-5	191.842
-37.5	0	-5	192.35
-35	0	-5	194.511
-32.5	0	-5	193.82
-30	0	-5	197.39
-27.5	0	-5	198.627
-25	0	-5	200.275
-22.5	0	-5	203.686
-20	0	-5	203.904
-17.5	0	-5	201.146
-15	0	-5	201.293
-12.5	0	-5	201.172
-10	0	-5	203.053
-7.5	0	-5	202.209
-5	0	-5	201.293
-2.5	0	-5	201.427
0	0	-5	195.752
2.5	0	-5	189.617
5	0	-5	190.37
7.5	0	-5	191.652
10	0	-5	191.639
12.5	0	-5	190.936
15	0	-5	189.58
17.5	0	-5	192.412
20	0	-5	195.89
22.5	0	-5	196.96
25	0	-5	198.705
27.5	0	-5	201.196
30	0	-5	202.321
32.5	0	-5	203.427
35	0	-5	204.227
37.5	0	-5	208.467
40	0	-5	206.453
42.5	0	-5	203.433
45	0	-5	202.216
47.5	0	-5	201.378
50	0	-5	203.424
52.5	0	-5	203.161
55	0	-5	198.7
57.5	0	-5	196.974
60	0	-5	199.843
62.5	0	-5	201.49
65	0	-5	205.228
67.5	0	-5	208.194
70	0	-5	207.243
72.5	0	-5	204.783
75	0	-5	208.318
77.5	0	-5	212.144
80	0	-5	209.105
82.5	0	-5	208.817
85	0	-5	207.682
87.5	0	-5	206.91
90	0	-5	204.75
92.5	0	-5	202.58
95	0	-5	201.33
97.5	0	-5	197.535
100	0	-5	196.889
102.5	0	-5	195.708
105	0	-5	194.081
107.5	0	-5	197.587
110	0	-5	195.523
112.5	0	-5	195.682
115	0	-5	193.822
117.5	0	-5	196.367
120	0	-5	198.317
122.5	0	-5	196.113
125	0	-5	193.843
127.5	0	-5	198.621
130	0	-5	200.848
132.5	0	-5	200.15
135	0	-5	199.452
137.5	0	-5	198.727
140	0	-5	201.904
142.5	0	-5	202.427
145	0	-5	198.062
147.5	0	-5	200.866
-146.25	0	-7.5	216.264
-143.75	0	-7.5	209.36
-141.25	0	-7.5	207.289
-138.75	0	-7.5	205.421
-136.25	0	-7.5	205.117
-133.75	0	-7.5	205.664
-131.25	0	-7.5	204.989
-128.75	0	-7.5	206.152
-126.25	0	-7.5	204.903
-123.75	0	-7.5	205.895
-121.25	0	-7.5	203.305
-118.75	0	-7.5	203.929
-116.25	0	-7.5	203.125
-113.75	0	-7.5	203.508
-111.25	0	-7.5	201.398
-108.75	0	-7.5	201.664
-106.25	0	-7.5	200.271
-103.75	0	-7.5	198.391
-101.25	0	-7.5	200.069
-98.75	0	-7.5	199.698
-96.25	0	-7.5	201.449
-93.75	0	-7.5	200.7
-91.25	0	-7.5	202.002
-88.75	0	-7.5	200.166
-86.25	0	-7.5	200.232
-83.75	0	-7.5	200.118
-81.25	0	-7.5	200.07
-78.75	0	-7.5	200.514
-76.25	0	-7.5	200.405
-73.75	0	-7.5	201.42
-71.25	0	-7.5	201.661
-68.75	0	-7.5	202.366
-66.25	0	-7.5	202.341
-63.75	0	-7.5	202.443
-61.25	0	-7.5	201.37
-58.75	0	-7.5	200.888
-56.25	0	-7.5	201.98
-53.75	0	-7.5	202.294
-51.25	0	-7.5	203.697
-48.75	0	-7.5	204.658
-46.25	0	-7.5	205.844
-43.75	0	-7.5	204.672
-41.25	0	-7.5	206.06
-38.75	0	-7.5	206.249
-36.25	0	-7.5	207.932
-33.75	0	-7.5	209.501
-31.25	0	-7.5	210.11
-28.75	0	-7.5	211.263
-26.25	0	-7.5	210.951
-23.75	0	-7.5	210.108
-21.25	0	-7.5	207.463
-18.75	0	-7.5	203.44
-16.25	0	-7.5	200.783
-13.75	0	-7.5	196.86
-11.25	0	-7.5	197.052
-8.75	0	-7.5	198.03
-6.25	0	-7.5	199.485
-3.75	0	-7.5	201.389
-1.25	0	-7.5	200.818
1.25	0	-7.5	199.882
3.75	0	-7.5	198.852
6.25	0	-7.5	199.801
8.75	0	-7.5	199.971
11.25	0	-7.5	200.518
13.75	0	-7.5	200.122
16.25	0	-7.5	201.157
18.75	0	-7.5	202.601
21.25	0	-7.5	203.054
23.75	0	-7.5	204.198
26.25	0	-7.5	203.746
28.75	0	-7.5	205.005
31.25	0	-7.5	206.039
33.75	0	-7.5	205.964
36.25	0	-7.5	207.563
38.75	0	-7.5	208.708
41.25	0	-7.5	207.11
43.75	0	-7.5	207.041
46.25	0	-7.5	207.203
48.75	0	-7.5	209.341
51.25	0	-7.5	211.959
53.75	0	-7.5	212.035
56.25	0	-7.5	211.361
58.75	0	-7.5	208.478
61.25	0	-7.5	209.472
63.75	0	-7.5	211.643
66.25	0	-7.5	211.766
68.75	0	-7.5	212.208
71.25	0	-7.5	209.822
73.75	0	-7.5	207.773
76.25	0	-7.5	210.036
78.75	0	-7.5	209.797
81.25	0	-7.5	208.522
83.75	0	-7.5	208.358
86.25	0	-7.5	206.261
88.75	0	-7.5	207.607
91.25	0	-7.5	205.108
93.75	0	-7.5	205.562
96.25	0	-7.5	203.153
98.75	0	-7.5	201.797
101.25	0	-7.5	201.086
103.75	0	-7.5	200.316
106.25	0	-7.5	199.81
108.75	0	-7.5	202.004
111.25	0	-7.5	200.754
113.75	0	-7.5	201.695
116.25	0	-7.5	199.275
118.75	0	-7.5	201.847
121.25	0	-7.5	200.337
123.75	0	-7.5	201.159
126.25	0	-7.5	202.884
128.75	0	-7.5	202.823
131.25	0	-7.5	204.719
133.75	0	-7.5	200.932
136.25	0	-7.5	203.661
138.75	0	-7.5	202.028
141.25	0	-7.5	205.703
143.75	0	-7.5	203.201
-142.5	0	-10	226.673
-140	0	-10	225.312
-137.5	0	-10	217.914
-135	0	-10	219.103
-132.5	0	-10	218.115
-130	0	-10	216.837
-127.5	0	-10	217.546
-125	0	-10	216.826
-122.5	0	-10	217.208
-120	0	-10	216.515
-117.5	0	-10	216.69
-115	0	-10	217.119
-112.5	0	-10	216.345
-110	0	-10	215.912
-107.5	0	-10	215.877
-105	0	-10	215.04
-102.5	0	-10	215.401
-100	0	-10	216.676
-97.5	0	-10	217.224
-95	0	-10	217.513
-92.5	0	-10	218.706
-90	0	-10	218.505
-87.5	0	-10	217.759
-85	0	-10	217.74
-82.5	0	-10	217.279
-80	0	-10	217.073
-77.5	0	-10	216.889
-75	0	-10	216.521
-72.5	0	-10	216.944
-70	0	-10	217.112
-67.5	0	-10	216.857
-65	0	-10	216.89
-62.5	0	-10	216.949
-60	0	-10	216.786
-57.5	0	-10	217.906
-55	0	-10	218.766
-52.5	0	-10	219.492
-50	0	-10	220.658
-47.5	0	-10	222.132
-45	0	-10	223.07
-42.5	0	-10	223.468
-40	0	-10	225.203
-37.5	0	-10	226.398
-35	0	-10	228.246
-32.5	0	-10	229.955
-30	0	-10	228.887
-27.5	0	-10	227.323
-25	0	-10	224.009
-22.5	0	-10	218.858
-20	0	-10	212.573
-17.5	0	-10	207.208
-15	0	-10	201.142
-12.5	0	-10	196.376
-10	0	-10	194.588
-7.5	0	-10	194.052
-5	0	-10	194.851
-2.5	0	-10	195.733
0	0	-10	196.426
2.5	0	-10	197.966
5	0	-10	198.593
7.5	0	-10	199.398
10	0	-10	200.536
12.5	0	-10	201.198
15	0	-10	202.611
17.5	0	-10	203.45
20	0	-10	203.629
22.5	0	-10	204.846
25	0	-10	204.677
27.5	0	-10	204.098
30	0	-10	204.841
32.5	0	-10	203.576
35	0	-10	202.662
37.5	0	-10	201.989
40	0	-10	200.971
42.5	0	-10	200.319
45	0	-10	200.377
47.5	0	-10	202.044
50	0	-10	204.234
52.5	0	-10	205.056
55	0	-10	206.648
57.5	0	-10	205.553
60	0	-10	204.203
62.5	0	-10	205.782
65	0	-10	205.076
67.5	0	-10	205.027
70	0	-10	205.203
72.5	0	-10	203.517
75	0	-10	204.076
77.5	0	-10	204.914
80	0	-10	205.71
82.5	0	-10	206.324
85	0	-10	205.401
87.5	0	-10	205.417
90	0	-10	204.72
92.5	0	-10	203.414
95	0	-10	203.012
97.5	0	-10	201.246
100	0	-10	200.456
102.5	0	-10	200.172
105	0	-10	199.461
107.5	0	-10	199.93
110	0	-10	200.375
112.5	0	-10	200.621
115	0	-10	200.233
117.5	0	-10	199.996
120	0	-10	200.488
122.5	0	-10	200.188
125	0	-10	202.998
127.5	0	-10	201.32
130	0	-10	201.899
132.5	0	-10	201.987
135	0	-10	200.266
137.5	0	-10	202.732
140	0	-10	203.318
-138.75	0	-12.5	242.391
-136.25	0	-12.5	239.874
-133.75	0	-12.5	238.461
-131.25	0	-12.5	236.738
-128.75	0	-12.5	234.54
-126.25	0	-12.5	235.722
-123.75	0	-12.5	235.443
-121.25	0	-12.5	235.377
-118.75	0	-12.5	234.786
-116.25	0	-12.5	236.081
-113.75	0	-12.5	235.263
-111.25	0	-12.5	235.529
-108.75	0	-12.5	235.465
-106.25	0	-12.5	235.683
-103.75	0	-12.5	236.255
-101.25	0	-12.5	236.913
-98.75	0	-12.5	238.289
-96.25	0	-12.5	238.022
-93.75	0	-12.5	239.375
-91.25	0	-12.5	239.653
-88.75	0	-12.5	239.829
-86.25	0	-12.5	239.012
-83.75	0	-12.5	238.75
-81.25	0	-12.5	238.075
-78.75	0	-12.5	237.104
-76.25	0	-12.5	236.152
-73.75	0	-12.5	235.515
-71.25	0	-12.5	235.228
-68.75	0	-12.5	234.395
-66.25	0	-12.5	234.07
-63.75	0	-12.5	234.108
-61.25	0	-12.5	234.289
-58.75	0	-12.5	234.957
-56.25	0	-12.5	235.981
-53.75	0	-12.5	237.209
-51.25	0	-12.5	237.985
-48.75	0	-12.5	240.012
-46.25	0	-12.5	241.791
-43.75	0	-12.5	244.082
-41.25	0	-12.5	245.48
-38.75	0	-12.5	247.74
-36.25	0	-12.5	249.156
-33.75	0	-12.5	250.113
-31.25	0	-12.5	248.968
-28.75	0	-12.5	245.57
-26.25	0	-12.5	241.024
-23.75	0	-12.5	234.196
-21.25	0	-12.5	226.524
-18.75	0	-12.5	219.42
-16.25	0	-12.5	211.89
-13.75	0	-12.5	205.016
-11.25	0	-12.5	199.133
-8.75	0	-12.5	195.437
-6.25	0	-12.5	193.259
-3.75	0	-12.5	191.914
-1.25	0	-12.5	191.836
1.25	0	-12.5	192.886
3.75	0	-12.5	194.416
6.25	0	-12.5	195.41
8.75	0	-12.5	196.596
11.25	0	-12.5	198.073
13.75	0	-12.5	200.268
16.25	0	-12.5	201.506
18.75	0	-12.5	201.858
21.25	0	-12.5	202.955
23.75	0	-12.5	202.898
26.25	0	-12.5	202.048
28.75	0	-12.5	200.426
31.25	0	-12.5	198.494
33.75	0	-12.5	195.558
36.25	0	-12.5	192.419
38.75	0	-12.5	189.723
41.25	0	-12.5	188.261
43.75	0	-12.5	186.731
46.25	0	-12.5	187.152
48.75	0	-12.5	187.877
51.25	0	-12.5	188.561
53.75	0	-12.5	189.937
56.25	0	-12.5	190.272
58.75	0	-12.5	190.288
61.25	0	-12.5	190.519
63.75	0	-12.5	190.781
66.25	0	-12.5	190.818
68.75	0	-12.5	191.575
71.25	0	-12.5	193.173
73.75	0	-12.5	194.325
76.25	0	-12.5	195.883
78.75	0	-12.5	198.891
81.25	0	-12.5	201.419
83.75	0	-12.5	202.067
86.25	0	-12.5	203.363
88.75	0	-12.5	202.915
91.25	0	-12.5	202.831
93.75	0	-12.5	201.446
96.25	0	-12.5	201.082
98.75	0	-12.5	199.938
101.25	0	-12.5	199.234
103.75	0	-12.5	198.669
106.25	0	-12.5	198.897
108.75	0	-12.5	198.072
111.25	0	-12.5	198.82
113.75	0	-12.5	198.597
116.25	0	-12.5	199.464
118.75	0	-12.5	198.038
121.25	0	-12.5	198.99
123.75	0	-12.5	200.15
126.25	0	-12.5	199.558
128.75	0	-12.5	199.481
131.25	0	-12.5	198.708
133.75	0	-12.5	199.717
136.25	0	-12.5	199.335
-135	0	-15	264.078
-132.5	0	-15	265.023
-130	0	-15	261.493
-127.5	0	-15	259.539
-125	0	-15	260.48
-122.5	0	-15	260.195
-120	0	-15	260.598
-117.5	0	-15	259.83
-115	0	-15	260.316
-112.5	0	-15	260.918
-110	0	-15	261.023
-107.5	0	-15	260.893
-105	0	-15	262.042
-102.5	0	-15	262.838
-100	0	-15	263.575
-97.5	0	-15	263.832
-95	0	-15	264.36
-92.5	0	-15	264.978
-90	0	-15	265.043
-87.5	0	-15	264.742
-85	0	-15	263.593
-82.5	0	-15	263.044
-80	0	-15	261.632
-77.5	0	-15	259.942
-75	0	-15	258.304
-72.5	0	-15	257.2
-70	0	-15	256.13
-67.5	0	-15	255.11
-65	0	-15	254.6
-62.5	0	-15	254.488
-60	0	-15	255.45
-57.5	0	-15	256.091
-55	0	-15	257.558
-52.5	0	-15	258.713
-50	0	-15	260.699
-47.5	0	-15	263.312
-45	0	-15	265.97
-42.5	0	-15	268.503
-40	0	-15	269.793
-37.5	0	-15	271.613
-35	0	-15	271.262
-32.5	0	-15	269.12
-30	0	-15	265.224
-27.5	0	-15	259.171
-25	0	-15	252.019
-22.5	0	-15	243.324
-20	0	-15	235.574
-17.5	0	-15	227.347
-15	0	-15	219.545
-12.5	0	-15	212.289
-10	0	-15	205.519
-7.5	0	-15	200.694
-5	0	-15	196.641
-2.5	0	-15	193.791
0	0	-15	192.858
2.5	0	-15	193.006
5	0	-15	193.699
7.5	0	-15	194.384
10	0	-15	195.628
12.5	0	-15	197.864
15	0	-15	199.676
17.5	0	-15	200.214
20	0	-15	200.694
22.5	0	-15	200.31
25	0	-15	198.933
27.5	0	-15	196.288
30	0	-15	192.038
32.5	0	-15	188.075
35	0	-15	183.366
37.5	0	-15	178.4
40	0	-15	174.894
42.5	0	-15	172.328
45	0	-15	170.786
47.5	0	-15	170.253
50	0	-15	169.671
52.5	0	-15	170.417
55	0	-15	170.581
57.5	0	-15	171.472
60	0	-15	172.655
62.5	0	-15	172.551
65	0	-15	173.653
67.5	0	-15	175.204
70	0	-15	177.837
72.5	0	-15	181.566
75	0	-15	184.384
77.5	0	-15	188.481
80	0	-15	193.412
82.5	0	-15	196.796
85	0	-15	199.826
87.5	0	-15	201.334
90	0	-15	202.296
92.5	0	-15	203.014
95	0	-15	202.276
97.5	0	-15	202.321
100	0	-15	201.372
102.5	0	-15	200.586
105	0	-15	200.704
107.5	0	-15	199.233
110	0	-15	199.389
112.5	0	-15	199.107
115	0	-15	199.523
117.5	0	-15	199.083
120	0	-15	197.848
122.5	0	-15	199.701
125	0	-15	198.721
127.5	0	-15	199.029
130	0	-15	197.811
132.5	0	-15	198.539
-131.25	0	-17.5	292.704
-128.75	0	-17.5	292.25
-126.25	0	-17.5	289.483
-123.75	0	-17.5	289.96
-121.25	0	-17.5	289.826
-118.75	0	-17.5	290.273
-116.25	0	-17.5	289.947
-113.75	0	-17.5	290.15
-111.25	0	-17.5	290.575
-108.75	0	-17.5	291.064
-106.25	0	-17.5	291.323
-103.75	0	-17.5	292.317
-101.25	0	-17.5	292.724
-98.75	0	-17.5	292.597
-96.25	0	-17.5	293.154
-93.75	0	-17.5	292.829
-91.25	0	-17.5	292.836
-88.75	0	-17.5	292.316
-86.25	0	-17.5	291.231
-83.75	0	-17.5	289.729
-81.25	0	-17.5	288.358
-78.75	0	-17.5	286.048
-76.25	0	-17.5	283.912
-73.75	0	-17.5	282.008
-71.25	0	-17.5	280.286
-68.75	0	-17.5	279.016
-66.25	0	-17.5	277.923
-63.75	0	-17.5	277.256
-61.25	0	-17.5	277.932
-58.75	0	-17.5	279.003
-56.25	0	-17.5	280.169
-53.75	0	-17.5	281.572
-51.25	0	-17.5	283.866
-48.75	0	-17.5	286.27
-46.25	0	-17.5	289.194
-43.75	0	-17.5	291.314
-41.25	0	-17.5	292.682
-38.75	0	-17.5	292.752
-36.25	0	-17.5	292.095
-33.75	0	-17.5	288.734
-31.25	0	-17.5	283.792
-28.75	0	-17.5	277.448
-26.25	0	-17.5	269.349
-23.75	0	-17.5	260.892
-21.25	0	-17.5	252.728
-18.75	0	-17.5	244.322
-16.25	0	-17.5	236.54
-13.75	0	-17.5	229.092
-11.25	0	-17.5	221.716
-8.75	0	-17.5	214.78
-6.25	0	-17.5	208.729
-3.75	0	-17.5	203.679
-1.25	0	-17.5	200.288
1.25	0	-17.5	198.115
3.75	0	-17.5	196.867
6.25	0	-17.5	196.515
8.75	0	-17.5	196.503
11.25	0	-17.5	197.494
13.75	0	-17.5	198.609
16.25	0	-17.5	198.867
18.75	0	-17.5	198.785
21.25	0	-17.5	197.259
23.75	0	-17.5	194.874
26.25	0	-17.5	191.336
28.75	0	-17.5	186.189
31.25	0	-17.5	180.312
33.75	0	-17.5	174.515
36.25	0	-17.5	168.184
38.75	0	-17.5	162.83
41.25	0	-17.5	158.501
43.75	0	-17.5	155.966
46.25	0	-17.5	153.925
48.75	0	-17.5	152.284
51.25	0	-17.5	151.7
53.75	0	-17.5	151.515
56.25	0	-17.5	152.223
58.75	0	-17.5	153.895
61.25	0	-17.5	154.611
63.75	0	-17.5	155.558
66.25	0	-17.5	157.939
68.75	0	-17.5	161.136
71.25	0	-17.5	165.753
73.75	0	-17.5	170.786
76.25	0	-17.5	175.793
78.75	0	-17.5	181.881
81.25	0	-17.5	187.769
83.75	0	-17.5	193.458
86.25	0	-17.5	197.402
88.75	0	-17.5	200.735
91.25	0	-17.5	202.972
93.75	0	-17.5	204.73
96.25	0	-17.5	205.199
98.75	0	-17.5	205.735
101.25	0	-17.5	205.089
103.75	0	-17.5	204.683
106.25	0	-17.5	203.692
108.75	0	-17.5	202.934
111.25	0	-17.5	201.954
113.75	0	-17.5	202.036
116.25	0	-17.5	200.847
118.75	0	-17.5	200.204
121.25	0	-17.5	200.332
123.75	0	-17.5	199.637
126.25	0	-17.5	199.579
128.75	0	-17.5	199.36
-127.5	0	-20	322.775
-125	0	-20	322.559
-122.5	0	-20	322.444
-120	0	-20	322.298
-117.5	0	-20	322.7
-115	0	-20	322.177
-112.5	0	-20	323.163
-110	0	-20	322.495
-107.5	0	-20	323.33
-105	0	-20	323.705
-102.5	0	-20	323.862
-100	0	-20	323.124
-97.5	0	-20	322.919
-95	0	-20	322.475
-92.5	0	-20	321.335
-90	0	-20	320.576
-87.5	0	-20	318.988
-85	0	-20	317.46
-82.5	0	-20	314.859
-80	0	-20	312.758
-77.5	0	-20	310.003
-75	0	-20	307.85
-72.5	0	-20	305.527
-70	0	-20	303.673
-67.5	0	-20	302.472
-65	0	-20	301.459
-62.5	0	-20	301.9
-60	0	-20	302.557
-57.5	0	-20	304.154
-55	0	-20	305.332
-52.5	0	-20	307.63
-50	0	-20	309.704
-47.5	0	-20	311.702
-45	0	-20	313.471
-42.5	0	-20	313.63
-40	0	-20	313.084
-37.5	0	-20	310.451
-35	0	-20	306.653
-32.5	0	-20	300.621
-30	0	-20	293.626
-27.5	0	-20	285.552
-25	0	-20	276.642
-22.5	0	-20	268.744
-20	0	-20	260.483
-17.5	0	-20	253.114
-15	0	-20	246.101
-12.5	0	-20	239.164
-10	0	-20	232.075
-7.5	0	-20	224.917
-5	0	-20	218.71
-2.5	0	-20	213.342
0	0	-20	209.157
2.5	0	-20	205.89
5	0	-20	203.299
7.5	0	-20	201.52
10	0	-20	200.367
12.5	0	-20	199.379
15	0	-20	198.111
17.5	0	-20	196.76
20	0	-20	194.067
22.5	0	-20	190.258
25	0	-20	185.62
27.5	0	-20	179.742
30	0	-20	172.962
32.5	0	-20	165.699
35	0	-20	158.614
37.5	0	-20	152.052
40	0	-20	146.537
42.5	0	-20	142.711
45	0	-20	139.855
47.5	0	-20	137.104
50	0	-20	135.701
52.5	0	-20	134.679
55	0	-20	134.967
57.5	0	-20	136.265
60	0	-20	137.554
62.5	0	-20	138.924
65	0	-20	140.962
67.5	0	-20	144.575
70	0	-20	149.195
72.5	0	-20	154.87
75	0	-20	161.487
77.5	0	-20	168.183
80	0	-20	175.151
82.5	0	-20	182.909
85	0	-20	189.664
87.5	0	-20	195.394
90	0	-20	200.297
92.5	0	-20	203.861
95	0	-20	206.834
97.5	0	-20	208.604
100	0	-20	209.506
102.5	0	-20	209.927
105	0	-20	208.78
107.5	0	-20	208.205
110	0	-20	206.615
112.5	0	-20	205.74
115	0	-20	204.317
117.5	0	-20	203.324
120	0	-20	203.15
122.5	0	-20	201.204
125	0	-20	201.618
-123.75	0	-22.5	354.189
-121.25	0	-22.5	356.732
-118.75	0	-22.5	355.623
-116.25	0	-22.5	355.658
-113.75	0	-22.5	355.608
-111.25	0	-22.5	355.702
-108.75	0	-22.5	355.924
-106.25	0	-22.5	355.487
-103.75	0	-22.5	355.189
-101.25	0	-22.5	354.435
-98.75	0	-22.5	353.034
-96.25	0	-22.5	351.671
-93.75	0	-22.5	350.15
-91.25	0	-22.5	348.197
-88.75	0	-22.5	346.228
-86.25	0	-22.5	343.957
-83.75	0	-22.5	341.31
-81.25	0	-22.5	338.174
-78.75	0	-22.5	335.673
-76.25	0	-22.5	333.024
-73.75	0	-22.5	330.364
-71.25	0	-22.5	328.232
-68.75	0	-22.5	326.787
-66.25	0	-22.5	325.905
-63.75	0	-22.5	325.887
-61.25	0	-22.5	326.5
-58.75	0	-22.5	327.958
-56.25	0	-22.5	329.097
-53.75	0	-22.5	330.616
-51.25	0	-22.5	332.128
-48.75	0	-22.5	333.266
-46.25	0	-22.5	333.4
-43.75	0	-22.5	332.709
-41.25	0	-22.5	330.802
-38.75	0	-22.5	327.364
-36.25	0	-22.5	321.737
-33.75	0	-22.5	315.344
-31.25	0	-22.5	307.539
-28.75	0	-22.5	299.04
-26.25	0	-22.5	290.339
-23.75	0	-22.5	282.249
-21.25	0	-22.5	274.629
-18.75	0	-22.5	267.594
-16.25	0	-22.5	261.331
-13.75	0	-22.5	255.166
-11.25	0	-22.5	248.837
-8.75	0	-22.5	242.292
-6.25	0	-22.5	235.425
-3.75	0	-22.5	229.401
-1.25	0	-22.5	223.755
1.25	0	-22.5	218.631
3.75	0	-22.5	214.115
6.25	0	-22.5	209.918
8.75	0	-22.5	206.434
11.25	0	-22.5	202.808
13.75	0	-22.5	198.871
16.25	0	-22.5	195.33
18.75	0	-22.5	190.91
21.25	0	-22.5	185.708
23.75	0	-22.5	179.681
26.25	0	-22.5	172.781
28.75	0	-22.5	165.375
31.25	0	-22.5	157.43
33.75	0	-22.5	149.291
36.25	0	-22.5	142.427
38.75	0	-22.5	136.165
41.25	0	-22.5	131.359
43.75	0	-22.5	127.619
46.25	0	-22.5	124.488
48.75	0	-22.5	122.306
51.25	0	-22.5	120.746
53.75	0	-22.5	120.308
56.25	0	-22.5	121.229
58.75	0	-22.5	122.145
61.25	0	-22.5	123.776
63.75	0	-22.5	125.945
66.25	0	-22.5	128.907
68.75	0	-22.5	133.475
71.25	0	-22.5	138.789
73.75	0	-22.5	145.539
76.25	0	-22.5	153.297
78.75	0	-22.5	160.581
81.25	0	-22.5	169.214
83.75	0	-22.5	177.702
86.25	0	-22.5	185.813
88.75	0	-22.5	192.994
91.25	0	-22.5	199.147
93.75	0	-22.5	204.302
96.25	0	-22.5	208.231
98.75	0	-22.5	210.836
101.25	0	-22.5	213.132
103.75	0	-22.5	213.084
106.25	0	-22.5	212.755
108.75	0	-22.5	211.439
111.25	0	-22.5	210.115
113.75	0	-22.5	208.516
116.25	0	-22.5	206.83
118.75	0	-22.5	206.271
121.25	0	-22.5	204.618
-120	0	-25	387.83
-117.5	0	-25	389.036
-115	0	-25	388.739
-112.5	0	-25	387.447
-110	0	-25	388.053
-107.5	0	-25	387.23
-105	0	-25	386.752
-102.5	0	-25	384.157
-100	0	-25	382.869
-97.5	0	-25	380.718
-95	0	-25	377.91
-92.5	0	-25	375.375
-90	0	-25	371.999
-87.5	0	-25	369.51
-85	0	-25	366.138
-82.5	0	-25	363.065
-80	0	-25	359.552
-77.5	0	-25	357.185
-75	0	-25	354.196
-72.5	0	-25	351.999
-70	0	-25	350.393
-67.5	0	-25	349.325
-65	0	-25	349.597
-62.5	0	-25	349.907
-60	0	-25	350.965
-57.5	0	-25	351.616
-55	0	-25	352.733
-52.5	0	-25	352.856
-50	0	-25	352.786
-47.5	0	-25	351.724
-45	0	-25	349.417
-42.5	0	-25	346.461
-40	0	-25	341.68
-37.5	0	-25	335.396
-35	0	-25	327.481
-32.5	0	-25	319.403
-30	0	-25	310.208
-27.5	0	-25	301.317
-25	0	-25	293.49
-22.5	0	-25	286.022
-20	0	-25	279.749
-17.5	0	-25	273.887
-15	0	-25	268.561
-12.5	0	-25	263.42
-10	0	-25	257.871
-7.5	0	-25	251.757
-5	0	-25	245.576
-2.5	0	-25	239.429
0	0	-25	233.051
2.5	0	-25	226.684
5	0	-25	220.384
7.5	0	-25	214.455
10	0	-25	208.392
12.5	0	-25	201.76
15	0	-25	195.386
17.5	0	-25	188.762
20	0	-25	181.818
22.5	0	-25	174.236
25	0	-25	166.07
27.5	0	-25	157.779
30	0	-25	149.391
32.5	0	-25	140.991
35	0	-25	133.428
37.5	0	-25	127.053
40	0	-25	121.767
42.5	0	-25	117.425
45	0	-25	113.797
47.5	0	-25	111.389
50	0	-25	109.377
52.5	0	-25	108.541
55	0	-25	108.713
57.5	0	-25	109.353
60	0	-25	110.558
62.5	0	-25	112.626
65	0	-25	115.397
67.5	0	-25	119.09
70	0	-25	124.037
72.5	0	-25	130.059
75	0	-25	137.458
77.5	0	-25	145.471
80	0	-25	153.96
82.5	0	-25	163.021
85	0	-25	172.506
87.5	0	-25	181.627
90	0	-25	189.887
92.5	0	-25	197.114
95	0	-25	203.416
97.5	0	-25	208.262
100	0	-25	212.047
102.5	0	-25	214.025
105	0	-25	214.992
107.5	0	-25	214.45
110	0	-25	214.031
112.5	0	-25	212.048
115	0	-25	210.381
117.5	0	-25	209.635
-116.25	0	-27.5	418.949
-113.75	0	-27.5	420.036
-111.25	0	-27.5	418.509
-108.75	0	-27.5	417.737
-106.25	0	-27.5	416.447
-103.75	0	-27.5	413.958
-101.25	0	-27.5	411.638
-98.75	0	-27.5	408.338
-96.25	0	-27.5	404.998
-93.75	0	-27.5	401.524
-91.25	0	-27.5	397.408
-88.75	0	-27.5	393.512
-86.25	0	-27.5	390.032
-83.75	0	-27.5	386.369
-81.25	0	-27.5	382.784
-78.75	0	-27.5	379.666
-76.25	0	-27.5	377.103
-73.75	0	-27.5	374.814
-71.25	0	-27.5	373.047
-68.75	0	-27.5	371.971
-66.25	0	-27.5	372.025
-63.75	0	-27.5	372.4
-61.25	0	-27.5	372.85
-58.75	0	-27.5	372.706
-56.25	0	-27.5	372.832
-53.75	0	-27.5	372.136
-51.25	0	-27.5	370.578
-48.75	0	-27.5	368.14
-46.25	0	-27.5	364.519
-43.75	0	-27.5	360.06
-41.25	0	-27.5	354.438
-38.75	0	-27.5	346.934
-36.25	0	-27.5	338.427
-33.75	0	-27.5	329.012
-31.25	0	-27.5	319.776
-28.75	0	-27.5	310.362
-26.25	0	-27.5	302.418
-23.75	0	-27.5	295.325
-21.25	0	-27.5	289.105
-18.75	0	-27.5	284.122
-16.25	0	-27.5	279.415
-13.75	0	-27.5	275.039
-11.25	0	-27.5	270.632
-8.75	0	-27.5	265.688
-6.25	0	-27.5	260.262
-3.75	0	-27.5	253.914
-1.25	0	-27.5	247.064
1.25	0	-27.5	239.344
3.75	0	-27.5	231.29
6.25	0	-27.5	223.229
8.75	0	-27.5	214.783
11.25	0	-27.5	206.009
13.75	0	-27.5	197.279
16.25	0	-27.5	188.246
18.75	0	-27.5	179.188
21.25	0	-27.5	169.98
23.75	0	-27.5	160.447
26.25	0	-27.5	150.986
28.75	0	-27.5	142.022
31.25	0	-27.5	133.412
33.75	0	-27.5	125.699
36.25	0	-27.5	118.897
38.75	0	-27.5	113.603
41.25	0	-27.5	109.034
43.75	0	-27.5	105.121
46.25	0	-27.5	102.37
48.75	0	-27.5	100.314
51.25	0	-27.5	99.0905
53.75	0	-27.5	98.9019
56.25	0	-27.5	98.9699
58.75	0	-27.5	99.7806
61.25	0	-27.5	101.334
63.75	0	-27.5	103.781
66.25	0	-27.5	106.962
68.75	0	-27.5	110.912
71.25	0	-27.5	116.248
73.75	0	-27.5	122.699
76.25	0	-27.5	130.086
78.75	0	-27.5	138.734
81.25	0	-27.5	147.388
83.75	0	-27.5	157.083
86.25	0	-27.5	167.274
88.75	0	-27.5	176.912
91.25	0	-27.5	186.053
93.75	0	-27.5	194.141
96.25	0	-27.5	201
98.75	0	-27.5	206.91
101.25	0	-27.5	210.47
103.75	0	-27.5	213.411
106.25	0	-27.5	214.576
108.75	0	-27.5	215.018
111.25	0	-27.5	214.349
113.75	0	-27.5	212.969
-112.5	0	-30	447.389
-110	0	-30	446.96
-107.5	0	-30	445.063
-105	0	-30	441.64
-102.5	0	-30	439.1
-100	0	-30	435.172
-97.5	0	-30	431.405
-95	0	-30	426.414
-92.5	0	-30	421.772
-90	0	-30	417.745
-87.5	0	-30	412.736
-85	0	-30	408.825
-82.5	0	-30	404.842
-80	0	-30	401.879
-77.5	0	-30	398.689
-75	0	-30	396.799
-72.5	0	-30	394.978
-70	0	-30	393.843
-67.5	0	-30	393.507
-65	0	-30	393.354
-62.5	0	-30	393.348
-60	0	-30	392.283
-57.5	0	-30	391.269
-55	0	-30	389.432
-52.5	0	-30	386.947
-50	0	-30	383.09
-47.5	0	-30	378.366
-45	0	-30	372.591
-42.5	0	-30	365.594
-40	0	-30	357.385
-37.5	0	-30	347.843
-35	0	-30	337.933
-32.5	0	-30	327.58
-30	0	-30	318.286
-27.5	0	-30	309.969
-25	0	-30	302.686
-22.5	0	-30	296.781
-20	0	-30	292.013
-17.5	0	-30	287.948
-15	0	-30	284.164
-12.5	0	-30	280.522
-10	0	-30	276.485
-7.5	0	-30	271.922
-5	0	-30	266.127
-2.5	0	-30	259.002
0	0	-30	250.708
2.5	0	-30	241.359
5	0	-30	231.629
7.5	0	-30	221.378
10	0	-30	210.605
12.5	0	-30	200.099
15	0	-30	189.146
17.5	0	-30	178.134
20	0	-30	167.222
22.5	0	-30	156.323
25	0	-30	145.844
27.5	0	-30	135.994
30	0	-30	126.916
32.5	0	-30	119.077
35	0	-30	112.222
37.5	0	-30	106.645
40	0	-30	102.174
42.5	0	-30	98.1631
45	0	-30	95.2649
47.5	0	-30	93.0186
50	0	-30	91.744
52.5	0	-30	91.2055
55	0	-30	90.9827
57.5	0	-30	91.2805
60	0	-30	92.3778
62.5	0	-30	94.1608
65	0	-30	96.8526
67.5	0	-30	100.109
70	0	-30	104.315
72.5	0	-30	109.856
75	0	-30	116.129
77.5	0	-30	123.864
80	0	-30	132.386
82.5	0	-30	141.394
85	0	-30	151.316
87.5	0	-30	161.833
90	0	-30	171.975
92.5	0	-30	181.529
95	0	-30	189.918
97.5	0	-30	197.494
100	0	-30	203.083
102.5	0	-30	207.774
105	0	-30	210.799
107.5	0	-30	212.887
110	0	-30	213.51
-108.75	0	-32.5	470.445
-106.25	0	-32.5	468.88
-103.75	0	-32.5	464.875
-101.25	0	-32.5	460.558
-98.75	0	-32.5	456.11
-96.25	0	-32.5	451.158
-93.75	0	-32.5	446.02
-91.25	0	-32.5	440.541
-88.75	0	-32.5	435.652
-86.25	0	-32.5	430.916
-83.75	0	-32.5	426.64
-81.25	0	-32.5	423.333
-78.75	0	-32.5	420.225
-76.25	0	-32.5	417.867
-73.75	0	-32.5	416.403
-71.25	0	-32.5	414.931
-68.75	0	-32.5	414.105
-66.25	0	-32.5	413.206
-63.75	0	-32.5	412.239
-61.25	0	-32.5	410.405
-58.75	0	-32.5	408.213
-56.25	0	-32.5	405.31
-53.75	0	-32.5	401.761
-51.25	0	-32.5	397.139
-48.75	0	-32.5	391.068
-46.25	0	-32.5	384.387
-43.75	0	-32.5	376.336
-41.25	0	-32.5	366.758
-38.75	0	-32.5	356.64
-36.25	0	-32.5	345.885
-33.75	0	-32.5	335.276
-31.25	0	-32.5	325.01
-28.75	0	-32.5	316.688
-26.25	0	-32.5	309.125
-23.75	0	-32.5	303.188
-21.25	0	-32.5	298.489
-18.75	0	-32.5	294.475
-16.25	0	-32.5	291.264
-13.75	0	-32.5	287.87
-11.25	0	-32.5	284.343
-8.75	0	-32.5	280.316
-6.25	0	-32.5	275.042
-3.75	0	-32.5	268.232
-1.25	0	-32.5	259.62
1.25	0	-32.5	249.815
3.75	0	-32.5	238.941
6.25	0	-32.5	227.421
8.75	0	-32.5	215.258
11.25	0	-32.5	203.109
13.75	0	-32.5	190.756
16.25	0	-32.5	178.23
18.75	0	-32.5	165.849
21.25	0	-32.5	153.828
23.75	0	-32.5	142.417
26.25	0	-32.5	131.787
28.75	0	-32.5	122.069
31.25	0	-32.5	113.874
33.75	0	-32.5	106.931
36.25	0	-32.5	101.306
38.75	0	-32.5	96.6094
41.25	0	-32.5	92.7741
43.75	0	-32.5	89.7904
46.25	0	-32.5	87.4553
48.75	0	-32.5	86.03
51.25	0	-32.5	85.4096
53.75	0	-32.5	84.9344
56.25	0	-32.5	84.9379
58.75	0	-32.5	85.5
61.25	0	-32.5	86.7923
63.75	0	-32.5	88.7098
66.25	0	-32.5	91.3768
68.75	0	-32.5	94.7448
71.25	0	-32.5	99.0256
73.75	0	-32.5	104.27
76.25	0	-32.5	110.712
78.75	0	-32.5	118.232
81.25	0	-32.5	126.718
83.75	0	-32.5	135.836
86.25	0	-32.5	145.799
88.75	0	-32.5	156.38
91.25	0	-32.5	166.678
93.75	0	-32.5	176.188
96.25	0	-32.5	185.043
98.75	0	-32.5	192.35
101.25	0	-32.5	198.639
103.75	0	-32.5	203.308
106.25	0	-32.5	207.388
-105	0	-35	488.375
-102.5	0	-35	485.163
-100	0	-35	479.935
-97.5	0	-35	474.455
-95	0	-35	469.274
-92.5	0	-35	463.642
-90	0	-35	458.376
-87.5	0	-35	452.958
-85	0	-35	448.3
-82.5	0	-35	445.09
-80	0	-35	441.508
-77.5	0	-35	439.144
-75	0	-35	436.904
-72.5	0	-35	435.483
-70	0	-35	433.836
-67.5	0	-35	432.121
-65	0	-35	430.021
-62.5	0	-35	427.136
-60	0	-35	424.113
-57.5	0	-35	420.127
-55	0	-35	415.565
-52.5	0	-35	410.063
-50	0	-35	403.415
-47.5	0	-35	395.531
-45	0	-35	386.566
-42.5	0	-35	376.163
-40	0	-35	365.003
-37.5	0	-35	353.737
-35	0	-35	342.439
-32.5	0	-35	331.891
-30	0	-35	322.74
-27.5	0	-35	315.264
-25	0	-35	308.855
-22.5	0	-35	304.014
-20	0	-35	300.016
-17.5	0	-35	296.516
-15	0	-35	293.325
-12.5	0	-35	289.688
-10	0	-35	285.714
-7.5	0	-35	280.779
-5	0	-35	274.284
-2.5	0	-35	265.914
0	0	-35	255.875
2.5	0	-35	244.813
5	0	-35	232.581
7.5	0	-35	219.375
10	0	-35	206.187
12.5	0	-35	192.566
15	0	-35	179.006
17.5	0	-35	165.603
20	0	-35	152.582
22.5	0	-35	140.454
25	0	-35	129.27
27.5	0	-35	119.082
30	0	-35	110.425
32.5	0	-35	103.228
35	0	-35	97.4934
37.5	0	-35	92.7491
40	0	-35	88.722
42.5	0	-35	85.8358
45	0	-35	83.4488
47.5	0	-35	81.9039
50	0	-35	81.1172
52.5	0	-35	80.5957
55	0	-35	80.3608
57.5	0	-35	80.614
60	0	-35	81.3173
62.5	0	-35	82.7158
65	0	-35	84.5839
67.5	0	-35	87.2329
70	0	-35	90.5495
72.5	0	-35	94.526
75	0	-35	99.8372
77.5	0	-35	105.893
80	0	-35	113.327
82.5	0	-35	121.723
85	0	-35	130.643
87.5	0	-35	140.506
90	0	-35	150.914
92.5	0	-35	160.949
95	0	-35	170.838
97.5	0	-35	179.126
100	0	-35	186.887
102.5	0	-35	193.186
-101.25	0	-37.5	501.545
-98.75	0	-37.5	497.684
-96.25	0	-37.5	491.52
-93.75	0	-37.5	486.046
-91.25	0	-37.5	480.656
-88.75	0	-37.5	475.371
-86.25	0	-37.5	470.785
-83.75	0	-37.5	466.357
-81.25	0	-37.5	463.153
-78.75	0	-37.5	460.439
-76.25	0	-37.5	457.618
-73.75	0	-37.5	454.944
-71.25	0	-37.5	452.968
-68.75	0	-37.5	450.181
-66.25	0	-37.5	447.066
-63.75	0	-37.5	443.112
-61.25	0	-37.5	439.036
-58.75	0	-37.5	434.398
-56.25	0	-37.5	428.806
-53.75	0	-37.5	422.486
-51.25	0	-37.5	414.984
-48.75	0	-37.5	406.585
-46.25	0	-37.5	396.621
-43.75	0	-37.5	385.487
-41.25	0	-37.5	373.609
-38.75	0	-37.5	361.545
-36.25	0	-37.5	349.867
-33.75	0	-37.5	338.638
-31.25	0	-37.5	329.307
-28.75	0	-37.5	320.916
-26.25	0	-37.5	314.513
-23.75	0	-37.5	309.114
-21.25	0	-37.5	304.652
-18.75	0	-37.5	300.868
-16.25	0	-37.5	297.082
-13.75	0	-37.5	293.221
-11.25	0	-37.5	288.845
-8.75	0	-37.5	283.755
-6.25	0	-37.5	277.432
-3.75	0	-37.5	269.463
-1.25	0	-37.5	259.807
1.25	0	-37.5	248.772
3.75	0	-37.5	236.479
6.25	0	-37.5	222.851
8.75	0	-37.5	208.97
11.25	0	-37.5	194.546
13.75	0	-37.5	180.16
16.25	0	-37.5	166.085
18.75	0	-37.5	152.398
21.25	0	-37.5	139.626
23.75	0	-37.5	128.032
26.25	0	-37.5	117.609
28.75	0	-37.5	108.715
31.25	0	-37.5	101.218
33.75	0	-37.5	95.3005
36.25	0	-37.5	90.4583
38.75	0	-37.5	86.3726
41.25	0	-37.5	83.2644
43.75	0	-37.5	80.9186
46.25	0	-37.5	79.2612
48.75	0	-37.5	78.3179
51.25	0	-37.5	77.6473
53.75	0	-37.5	77.3329
56.25	0	-37.5	77.3104
58.75	0	-37.5	77.716
61.25	0	-37.5	78.4955
63.75	0	-37.5	79.7861
66.25	0	-37.5	81.5917
68.75	0	-37.5	84.1384
71.25	0	-37.5	87.1459
73.75	0	-37.5	91.0318
76.25	0	-37.5	95.9994
78.75	0	-37.5	101.895
81.25	0	-37.5	109.06
83.75	0	-37.5	117.16
86.25	0	-37.5	125.826
88.75	0	-37.5	135.403
91.25	0	-37.5	145.53
93.75	0	-37.5	155.579
96.25	0	-37.5	164.759
98.75	0	-37.5	173.457
-97.5	0	-40	512.348
-95	0	-40	508.271
-92.5	0	-40	502.748
-90	0	-40	497.295
-87.5	0	-40	492.786
-85	0	-40	488.77
-82.5	0	-40	484.854
-80	0	-40	481.272
-77.5	0	-40	477.964
-75	0	-40	474.783
-72.5	0	-40	471.049
-70	0	-40	467.716
-67.5	0	-40	463.553
-65	0	-40	458.72
-62.5	0	-40	453.653
-60	0	-40	448.103
-57.5	0	-40	441.934
-55	0	-40	434.726
-52.5	0	-40	426.372
-50	0	-40	417.277
-47.5	0	-40	406.835
-45	0	-40	394.906
-42.5	0	-40	382.505
-40	0	-40	369.765
-37.5	0	-40	357.361
-35	0	-40	345.978
-32.5	0	-40	335.962
-30	0	-40	327.223
-27.5	0	-40	319.874
-25	0	-40	314.181
-22.5	0	-40	308.944
-20	0	-40	304.347
-17.5	0	-40	299.896
-15	0	-40	295.243
-12.5	0	-40	290.457
-10	0	-40	284.829
-7.5	0	-40	278.354
-5	0	-40	270.68
-2.5	0	-40	261.557
0	0	-40	251.029
2.5	0	-40	238.941
5	0	-40	225.46
7.5	0	-40	211.303
10	0	-40	196.543
12.5	0	-40	181.703
15	0	-40	167.015
17.5	0	-40	152.949
20	0	-40	139.782
22.5	0	-40	127.844
25	0	-40	117.25
27.5	0	-40	108.263
30	0	-40	100.731
32.5	0	-40	94.6368
35	0	-40	89.695
37.5	0	-40	85.5612
40	0	-40	82.3605
42.5	0	-40	79.7956
45	0	-40	78.0847
47.5	0	-40	76.9574
50	0	-40	76.1119
52.5	0	-40	75.5901
55	0	-40	75.4682
57.5	0	-40	75.5523
60	0	-40	75.9831
62.5	0	-40	76.661
65	0	-40	77.8547
67.5	0	-40	79.5462
70	0	-40	81.7039
72.5	0	-40	84.6403
75	0	-40	88.185
77.5	0	-40	92.8702
80	0	-40	98.4983
82.5	0	-40	105.282
85	0	-40	113.019
87.5	0	-40	121.452
90	0	-40	130.598
92.5	0	-40	140.576
95	0	-40	149.991
-93.75	0	-42.5	523.062
-91.25	0	-42.5	519.644
-88.75	0	-42.5	514.57
-86.25	0	-42.5	510.339
-83.75	0	-42.5	506.364
-81.25	0	-42.5	502.031
-78.75	0	-42.5	498.294
-76.25	0	-42.5	493.473
-73.75	0	-42.5	489.342
-71.25	0	-42.5	484.718
-68.75	0	-42.5	479.869
-66.25	0	-42.5	474.072
-63.75	0	-42.5	468.223
-61.25	0	-42.5	461.885
-58.75	0	-42.5	454.832
-56.25	0	-42.5	447.07
-53.75	0	-42.5	437.898
-51.25	0	-42.5	428.083
-48.75	0	-42.5	417.003
-46.25	0	-42.5	404.774
-43.75	0	-42.5	391.539
-41.25	0	-42.5	378.403
-38.75	0	-42.5	365.58
-36.25	0	-42.5	353.428
-33.75	0	-42.5	343.119
-31.25	0	-42.5	333.748
-28.75	0	-42.5	325.88
-26.25	0	-42.5	318.933
-23.75	0	-42.5	313.081
-21.25	0	-42.5	307.4
-18.75	0	-42.5	301.997
-16.25	0	-42.5	296.482
-13.75	0	-42.5	290.79
-11.25	0	-42.5	284.807
-8.75	0	-42.5	277.962
-6.25	0	-42.5	270.284
-3.75	0	-42.5	261.501
-1.25	0	-42.5	251.612
1.25	0	-42.5	240.127
3.75	0	-42.5	227.016
6.25	0	-42.5	213.222
8.75	0	-42.5	198.419
11.25	0	-42.5	183.372
13.75	0	-42.5	168.447
16.25	0	-42.5	154.033
18.75	0	-42.5	140.658
21.25	0	-42.5	128.545
23.75	0	-42.5	117.78
26.25	0	-42.5	108.802
28.75	0	-42.5	101.282
31.25	0	-42.5	95.22
33.75	0	-42.5	90.2481
36.25	0	-42.5	86.1094
38.75	0	-42.5	82.9054
41.25	0	-42.5	80.2608
43.75	0	-42.5	78.311
46.25	0	-42.5	77.0674
48.75	0	-42.5	75.965
51.25	0	-42.5	75.248
53.75	0	-42.5	74.8427
56.25	0	-42.5	74.7412
58.75	0	-42.5	74.8152
61.25	0	-42.5	75.1142
63.75	0	-42.5	75.7056
66.25	0	-42.5	76.715
68.75	0	-42.5	78.0823
71.25	0	-42.5	80.1131
73.75	0	-42.5	82.6656
76.25	0	-42.5	85.9642
78.75	0	-42.5	90.3276
81.25	0	-42.5	95.5542
83.75	0	-42.5	102.045
86.25	0	-42.5	109.419
88.75	0	-42.5	117.377
91.25	0	-42.5	126.419
-90	0	-45	534.898
-87.5	0	-45	531.803
-85	0	-45	526.863
-82.5	0	-45	522.159
-80	0	-45	517.292
-77.5	0	-45	512.249
-75	0	-45	507.263
-72.5	0	-45	501.475
-70	0	-45	495.745
-67.5	0	-45	489.764
-65	0	-45	482.898
-62.5	0	-45	475.798
-60	0	-45	467.953
-57.5	0	-45	459.469
-55	0	-45	449.764
-52.5	0	-45	439.235
-50	0	-45	427.523
-47.5	0	-45	414.689
-45	0	-45	401.166
-42.5	0	-45	387.452
-40	0	-45	374.115
-37.5	0	-45	361.538
-35	0	-45	350.513
-32.5	0	-45	340.637
-30	0	-45	331.855
-27.5	0	-45	324.155
-25	0	-45	316.873
-22.5	0	-45	310.322
-20	0	-45	303.702
-17.5	0	-45	297.173
-15	0	-45	290.713
-12.5	0	-45	283.956
-10	0	-45	276.908
-7.5	0	-45	268.985
-5	0	-45	260.35
-2.5	0	-45	250.885
0	0	-45	240.085
2.5	0	-45	227.753
5	0	-45	214.445
7.5	0	-45	200.108
10	0	-45	185.139
12.5	0	-45	170.152
15	0	-45	155.632
17.5	0	-45	142.087
20	0	-45	129.916
22.5	0	-45	119.111
25	0	-45	110.077
27.5	0	-45	102.642
30	0	-45	96.693
32.5	0	-45	91.8167
35	0	-45	87.734
37.5	0	-45	84.6042
40	0	-45	82.0193
42.5	0	-45	80.0158
45	0	-45	78.5016
47.5	0	-45	77.3046
50	0	-45	76.2735
52.5	0	-45	75.5728
55	0	-45	75.1277
57.5	0	-45	74.9365
60	0	-45	74.8629
62.5	0	-45	74.9874
65	0	-45	75.4277
67.5	0	-45	76.1159
70	0	-45	77.317
72.5	0	-45	78.9868
75	0	-45	81.2489
77.5	0	-45	84.2425
80	0	-45	88.2991
82.5	0	-45	93.1796
85	0	-45	99.2703
87.5	0	-45	106.248
-86.25	0	-47.5	545.387
-83.75	0	-47.5	541.437
-81.25	0	-47.5	535.723
-78.75	0	-47.5	529.631
-76.25	0	-47.5	524.374
-73.75	0	-47.5	518.202
-71.25	0	-47.5	512.133
-68.75	0	-47.5	504.632
-66.25	0	-47.5	497.883
-63.75	0	-47.5	490.149
-61.25	0	-47.5	481.453
-58.75	0	-47.5	472.192
-56.25	0	-47.5	461.836
-53.75	0	-47.5	450.922
-51.25	0	-47.5	438.425
-48.75	0	-47.5	425.039
-46.25	0	-47.5	411.073
-43.75	0	-47.5	397.021
-41.25	0	-47.5	383.044
-38.75	0	-47.5	370.02
-36.25	0	-47.5	358.305
-33.75	0	-47.5	347.548
-31.25	0	-47.5	338.043
-28.75	0	-47.5	329.173
-26.25	0	-47.5	320.932
-23.75	0	-47.5	312.91
-21.25	0	-47.5	305.441
-18.75	0	-47.5	297.725
-16.25	0	-47.5	290.393
-13.75	0	-47.5	283.055
-11.25	0	-47.5	275.401
-8.75	0	-47.5	267.393
-6.25	0	-47.5	258.64
-3.75	0	-47.5	249.419
-1.25	0	-47.5	239.23
1.25	0	-47.5	227.667
3.75	0	-47.5	215.124
6.25	0	-47.5	201.341
8.75	0	-47.5	186.868
11.25	0	-47.5	172.072
13.75	0	-47.5	157.596
16.25	0	-47.5	144.028
18.75	0	-47.5	131.8
21.25	0	-47.5	121.029
23.75	0	-47.5	112.048
26.25	0	-47.5	104.635
28.75	0	-47.5	98.8189
31.25	0	-47.5	94.1149
33.75	0	-47.5	90.2081
36.25	0	-47.5	87.1741
38.75	0	-47.5	84.7077
41.25	0	-47.5	82.7836
43.75	0	-47.5	81.2896
46.25	0	-47.5	79.8615
48.75	0	-47.5	78.6922
51.25	0	-47.5	77.6525
53.75	0	-47.5	76.8602
56.25	0	-47.5	76.2722
58.75	0	-47.5	75.8211
61.25	0	-47.5	75.5685
63.75	0	-47.5	75.4978
66.25	0	-47.5	75.5891
68.75	0	-47.5	76.108
71.25	0	-47.5	76.9464
73.75	0	-47.5	78.3351
76.25	0	-47.5	80.3654
78.75	0	-47.5	83.0172
81.25	0	-47.5	86.7301
83.75	0	-47.5	91.3234
-82.5	0	-50	551.874
-80	0	-50	546.916
-77.5	0	-50	540.421
-75	0	-50	534.101
-72.5	0	-50	527.675
-70	0	-50	520.218
-67.5	0	-50	512.647
-65	0	-50	504.342
-62.5	0	-50	495.301
-60	0	-50	485.613
-57.5	0	-50	474.416
-55	0	-50	462.747
-52.5	0	-50	449.884
-50	0	-50	435.958
-47.5	0	-50	421.328
-45	0	-50	406.81
-42.5	0	-50	392.5
-40	0	-50	378.692
-37.5	0	-50	366.275
-35	0	-50	354.656
-32.5	0	-50	343.981
-30	0	-50	334.263
-27.5	0	-50	324.803
-25	0	-50	315.787
-22.5	0	-50	306.924
-20	0	-50	298.553
-17.5	0	-50	290.307
-15	0	-50	282.173
-12.5	0	-50	274.085
-10	0	-50	265.635
-7.5	0	-50	256.928
-5	0	-50	247.758
-2.5	0	-50	237.922
0	0	-50	227.007
2.5	0	-50	215.259
5	0	-50	202.232
7.5	0	-50	188.32
10	0	-50	174.051
12.5	0	-50	159.783
15	0	-50	146.369
17.5	0	-50	134.176
20	0	-50	123.418
22.5	0	-50	114.526
25	0	-50	107.217
27.5	0	-50	101.501
30	0	-50	96.9589
32.5	0	-50	93.2661
35	0	-50	90.4314
37.5	0	-50	88.082
40	0	-50	86.3289
42.5	0	-50	84.9073
45	0	-50	83.5305
47.5	0	-50	82.1795
50	0	-50	81.0142
52.5	0	-50	79.891
55	0	-50	78.8805
57.5	0	-50	78.051
60	0	-50	77.3426
62.5	0	-50	76.8249
65	0	-50	76.3918
67.5	0	-50	76.2681
70	0	-50	76.4362
72.5	0	-50	77.0635
75	0	-50	78.178
77.5	0	-50	79.887
80	0	-50	82.2889
-78.75	0	-52.5	555.037
-76.25	0	-52.5	549.453
-73.75	0	-52.5	542.619
-71.25	0	-52.5	534.82
-68.75	0	-52.5	527.25
-66.25	0	-52.5	518.483
-63.75	0	-52.5	509.561
-61.25	0	-52.5	498.901
-58.75	0	-52.5	487.436
-56.25	0	-52.5	475.28
-53.75	0	-52.5	461.68
-51.25	0	-52.5	447.248
-48.75	0	-52.5	432.034
-46.25	0	-52.5	416.95
-43.75	0	-52.5	401.966
-41.25	0	-52.5	387.639
-38.75	0	-52.5	374.221
-36.25	0	-52.5	361.7
-33.75	0	-52.5	349.998
-31.25	0	-52.5	339.079
-28.75	0	-52.5	328.696
-26.25	0	-52.5	318.59
-23.75	0	-52.5	308.932
-21.25	0	-52.5	299.398
-18.75	0	-52.5	290.569
-16.25	0	-52.5	281.736
-13.75	0	-52.5	273.08
-11.25	0	-52.5	264.264
-8.75	0	-52.5	255.313
-6.25	0	-52.5	246.307
-3.75	0	-52.5	236.607
-1.25	0	-52.5	226.08
1.25	0	-52.5	214.962
3.75	0	-52.5	202.733
6.25	0	-52.5	189.576
8.75	0	-52.5	175.832
11.25	0	-52.5	162.104
13.75	0	-52.5	148.926
16.25	0	-52.5	136.908
18.75	0	-52.5	126.282
21.25	0	-52.5	117.44
23.75	0	-52.5	110.268
26.25	0	-52.5	104.678
28.75	0	-52.5	100.273
31.25	0	-52.5	96.797
33.75	0	-52.5	94.133
36.25	0	-52.5	92.0413
38.75	0	-52.5	90.3921
41.25	0	-52.5	89.129
43.75	0	-52.5	87.8394
46.25	0	-52.5	86.5371
48.75	0	-52.5	85.2601
51.25	0	-52.5	83.9869
53.75	0	-52.5	82.7306
56.25	0	-52.5	81.4724
58.75	0	-52.5	80.352
61.25	0	-52.5	79.3685
63.75	0	-52.5	78.4264
66.25	0	-52.5	77.755
68.75	0	-52.5	77.336
71.25	0	-52.5	77.2297
73.75	0	-52.5	77.5923
76.25	0	-52.5	78.4524
-75	0	-55	555.641
-72.5	0	-55	549.244
-70	0	-55	541.06
-67.5	0	-55	532.34
-65	0	-55	522.939
-62.5	0	-55	512.587
-60	0	-55	500.773
-57.5	0	-55	487.825
-55	0	-55	473.846
-52.5	0	-55	458.94
-50	0	-55	443.116
-47.5	0	-55	427.238
-45	0	-55	411.514
-42.5	0	-55	396.388
-40	0	-55	382.182
-37.5	0	-55	368.578
-35	0	-55	355.891
-32.5	0	-55	343.956
-30	0	-55	332.451
-27.5	0	-55	321.626
-25	0	-55	311.048
-22.5	0	-55	300.866
-20	0	-55	291.091
-17.5	0	-55	281.826
-15	0	-55	272.569
-12.5	0	-55	263.425
-10	0	-55	254.304
-7.5	0	-55	245.071
-5	0	-55	235.58
-2.5	0	-55	225.23
0	0	-55	214.53
2.5	0	-55	202.914
5	0	-55	190.487
7.5	0	-55	177.497
10	0	-55	164.289
12.5	0	-55	151.62
15	0	-55	139.878
17.5	0	-55	129.461
20	0	-55	120.787
22.5	0	-55	113.731
25	0	-55	108.29
27.5	0	-55	104.039
30	0	-55	100.675
32.5	0	-55	98.2736
35	0	-55	96.3578
37.5	0	-55	94.9011
40	0	-55	93.7358
42.5	0	-55	92.5941
45	0	-55	91.4105
47.5	0	-55	90.1146
50	0	-55	88.7955
52.5	0	-55	87.4245
55	0	-55	85.9464
57.5	0	-55	84.464
60	0	-55	83.0595
62.5	0	-55	81.6754
65	0	-55	80.5594
67.5	0	-55	79.5127
70	0	-55	78.813
72.5	0	-55	78.4869
-71.25	0	-57.5	553.414
-68.75	0	-57.5	545.793
-66.25	0	-57.5	536.041
-63.75	0	-57.5	525.223
-61.25	0	-57.5	513.74
-58.75	0	-57.5	500.584
-56.25	0	-57.5	486.315
-53.75	0	-57.5	470.451
-51.25	0	-57.5	454.174
-48.75	0	-57.5	437.791
-46.25	0	-57.5	420.999
-43.75	0	-57.5	404.901
-41.25	0	-57.5	389.793
-38.75	0	-57.5	375.402
-36.25	0	-57.5	361.606
-33.75	0	-57.5	348.8
-31.25	0	-57.5	336.452
-28.75	0	-57.5	324.74
-26.25	0	-57.5	313.539
-23.75	0	-57.5	302.648
-21.25	0	-57.5	292.333
-18.75	0	-57.5	282.284
-16.25	0	-57.5	272.807
-13.75	0	-57.5	263.22
-11.25	0	-57.5	253.805
-8.75	0	-57.5	244.486
-6.25	0	-57.5	234.867
-3.75	0	-57.5	224.712
-1.25	0	-57.5	214.197
1.25	0	-57.5	202.974
3.75	0	-57.5	191.18
6.25	0	-57.5	178.861
8.75	0	-57.5	166.351
11.25	0	-57.5	154.225
13.75	0	-57.5	142.99
16.25	0	-57.5	132.878
18.75	0	-57.5	124.443
21.25	0	-57.5	117.584
23.75	0	-57.5	112.278
26.25	0	-57.5	108.175
28.75	0	-57.5	105.016
31.25	0	-57.5	102.708
33.75	0	-57.5	100.996
36.25	0	-57.5	99.694
38.75	0	-57.5	98.7092
41.25	0	-57.5	97.6537
43.75	0	-57.5	96.5313
46.25	0	-57.5	95.3945
48.75	0	-57.5	94.0531
51.25	0	-57.5	92.6134
53.75	0	-57.5	91.0572
56.25	0	-57.5	89.3926
58.75	0	-57.5	87.7077
61.25	0	-57.5	86.0506
63.75	0	-57.5	84.4626
66.25	0	-57.5	83.0108
68.75	0	-57.5	81.7536
-67.5	0	-60	547.477
-65	0	-60	537.971
-62.5	0	-60	525.623
-60	0	-60	512.691
-57.5	0	-60	498.145
-55	0	-60	482.05
-52.5	0	-60	465.174
-50	0	-60	447.622
-47.5	0	-60	430.313
-45	0	-60	413.336
-42.5	0	-60	397.121
-40	0	-60	381.81
-37.5	0	-60	367.329
-35	0	-60	353.66
-32.5	0	-60	340.616
-30	0	-60	328.207
-27.5	0	-60	316.294
-25	0	-60	304.948
-22.5	0	-60	294.014
-20	0	-60	283.644
-17.5	0	-60	273.511
-15	0	-60	263.768
-12.5	0	-60	254.004
-10	0	-60	244.432
-7.5	0	-60	234.73
-5	0	-60	224.513
-2.5	0	-60	214.203
0	0	-60	203.166
2.5	0	-60	191.741
5	0	-60	180.015
7.5	0	-60	168.191
10	0	-60	156.715
12.5	0	-60	146.021
15	0	-60	136.436
17.5	0	-60	128.328
20	0	-60	121.73
22.5	0	-60	116.598
25	0	-60	112.697
27.5	0	-60	109.669
30	0	-60	107.537
32.5	0	-60	105.901
35	0	-60	104.765
37.5	0	-60	103.909
40	0	-60	102.935
42.5	0	-60	101.953
45	0	-60	100.814
47.5	0	-60	99.5795
50	0	-60	98.1277
52.5	0	-60	96.5006
55	0	-60	94.7868
57.5	0	-60	93.0373
60	0	-60	91.1246
62.5	0	-60	89.357
65	0	-60	87.5817
-63.75	0	-62.5	536.311
-61.25	0	-62.5	523.976
-58.75	0	-62.5	509.175
-56.25	0	-62.5	492.623
-53.75	0	-62.5	475.277
-51.25	0	-62.5	457.171
-48.75	0	-62.5	439.116
-46.25	0	-62.5	421.097
-43.75	0	-62.5	404.191
-41.25	0	-62.5	388.143
-38.75	0	-62.5	372.848
-36.25	0	-62.5	358.66
-33.75	0	-62.5	344.898
-31.25	0	-62.5	332.013
-28.75	0	-62.5	319.537
-26.25	0	-62.5	307.611
-23.75	0	-62.5	296.395
-21.25	0	-62.5	285.564
-18.75	0	-62.5	275.132
-16.25	0	-62.5	264.841
-13.75	0	-62.5	254.916
-11.25	0	-62.5	245.041
-8.75	0	-62.5	235.138
-6.25	0	-62.5	224.831
-3.75	0	-62.5	214.467
-1.25	0	-62.5	203.651
1.25	0	-62.5	192.442
3.75	0	-62.5	181.079
6.25	0	-62.5	169.82
8.75	0	-62.5	159.013
11.25	0	-62.5	148.973
13.75	0	-62.5	139.914
16.25	0	-62.5	132.328
18.75	0	-62.5	126.046
21.25	0	-62.5	121.246
23.75	0	-62.5	117.511
26.25	0	-62.5	114.652
28.75	0	-62.5	112.642
31.25	0	-62.5	111.151
33.75	0	-62.5	110.103
36.25	0	-62.5	109.291
38.75	0	-62.5	108.475
41.25	0	-62.5	107.503
43.75	0	-62.5	106.436
46.25	0	-62.5	105.216
48.75	0	-62.5	103.797
51.25	0	-62.5	102.165
53.75	0	-62.5	100.476
56.25	0	-62.5	98.6488
58.75	0	-62.5	96.7183
61.25	0	-62.5	94.817
-60	0	-65	518.088
-57.5	0	-65	502.439
-55	0	-65	484.212
-52.5	0	-65	465.57
-50	0	-65	446.894
-47.5	0	-65	428.37
-45	0	-65	410.986
-42.5	0	-65	394.009
-40	0	-65	378.338
-37.5	0	-65	363.689
-35	0	-65	349.499
-32.5	0	-65	336.034
-30	0	-65	323.195
-27.5	0	-65	310.939
-25	0	-65	299.258
-22.5	0	-65	288.194
-20	0	-65	277.356
-17.5	0	-65	266.806
-15	0	-65	256.349
-12.5	0	-65	246.346
-10	0	-65	236.109
-7.5	0	-65	225.653
-5	0	-65	215.212
-2.5	0	-65	204.353
0	0	-65	193.375
2.5	0	-65	182.257
5	0	-65	171.408
7.5	0	-65	161.136
10	0	-65	151.735
12.5	0	-65	143.316
15	0	-65	136.227
17.5	0	-65	130.504
20	0	-65	126.003
22.5	0	-65	122.583
25	0	-65	119.905
27.5	0	-65	118.044
30	0	-65	116.679
32.5	0	-65	115.669
35	0	-65	114.972
37.5	0	-65	114.165
40	0	-65	113.263
42.5	0	-65	112.19
45	0	-65	110.957
47.5	0	-65	109.539
50	0	-65	108.041
52.5	0	-65	106.249
55	0	-65	104.468
57.5	0	-65	102.558
-56.25	0	-67.5	491.308
-53.75	0	-67.5	473.004
-51.25	0	-67.5	453.614
-48.75	0	-67.5	434.616
-46.25	0	-67.5	416.877
-43.75	0	-67.5	399.817
-41.25	0	-67.5	383.759
-38.75	0	-67.5	368.511
-36.25	0	-67.5	354.151
-33.75	0	-67.5	340.554
-31.25	0	-67.5	327.263
-28.75	0	-67.5	314.75
-26.25	0	-67.5	302.781
-23.75	0	-67.5	291.348
-21.25	0	-67.5	280.275
-18.75	0	-67.5	269.348
-16.25	0	-67.5	258.638
-13.75	0	-67.5	248.111
-11.25	0	-67.5	237.745
-8.75	0	-67.5	226.989
-6.25	0	-67.5	216.373
-3.75	0	-67.5	205.496
-1.25	0	-67.5	194.516
1.25	0	-67.5	183.655
3.75	0	-67.5	173.064
6.25	0	-67.5	163.216
8.75	0	-67.5	154.369
11.25	0	-67.5	146.509
13.75	0	-67.5	140.077
16.25	0	-67.5	134.824
18.75	0	-67.5	130.851
21.25	0	-67.5	127.726
23.75	0	-67.5	125.354
26.25	0	-67.5	123.705
28.75	0	-67.5	122.403
31.25	0	-67.5	121.559
33.75	0	-67.5	120.846
36.25	0	-67.5	120.085
38.75	0	-67.5	119.173
41.25	0	-67.5	118.112
43.75	0	-67.5	116.842
46.25	0	-67.5	115.481
48.75	0	-67.5	113.872
51.25	0	-67.5	112.211
53.75	0	-67.5	110.431
-52.5	0	-70	458.625
-50	0	-70	440.219
-47.5	0	-70	422.027
-45	0	-70	404.764
-42.5	0	-70	388.743
-40	0	-70	373.431
-37.5	0	-70	358.939
-35	0	-70	345
-32.5	0	-70	331.82
-30	0	-70	319.074
-27.5	0	-70	306.829
-25	0	-70	295.108
-22.5	0	-70	283.684
-20	0	-70	272.563
-17.5	0	-70	261.438
-15	0	-70	250.677
-12.5	0	-70	239.796
-10	0	-70	228.914
-7.5	0	-70	218.027
-5	0	-70	207.023
-2.5	0	-70	196.046
0	0	-70	185.241
2.5	0	-70	174.937
5	0	-70	165.368
7.5	0	-70	156.887
10	0	-70	149.625
12.5	0	-70	143.729
15	0	-70	139.049
17.5	0	-70	135.524
20	0	-70	132.91
22.5	0	-70	130.874
25	0	-70	129.43
27.5	0	-70	128.399
30	0	-70	127.594
32.5	0	-70	126.988
35	0	-70	126.209
37.5	0	-70	125.269
40	0	-70	124.182
42.5	0	-70	122.987
45	0	-70	121.502
47.5	0	-70	119.93
50	0	-70	118.229
-48.75	0	-72.5	425.904
-46.25	0	-72.5	409.349
-43.75	0	-72.5	393.103
-41.25	0	-72.5	377.93
-38.75	0	-72.5	363.517
-36.25	0	-72.5	349.72
-33.75	0	-72.5	336.553
-31.25	0	-72.5	323.63
-28.75	0	-72.5	311.279
-26.25	0	-72.5	299.442
-23.75	0	-72.5	287.684
-21.25	0	-72.5	276.17
-18.75	0	-72.5	264.86
-16.25	0	-72.5	253.709
-13.75	0	-72.5	242.566
-11.25	0	-72.5	231.233
-8.75	0	-72.5	220.223
-6.25	0	-72.5	209.012
-3.75	0	-72.5	197.945
-1.25	0	-72.5	187.195
1.25	0	-72.5	176.972
3.75	0	-72.5	167.672
6.25	0	-72.5	159.534
8.75	0	-72.5	152.608
11.25	0	-72.5	147.224
13.75	0	-72.5	143.06
16.25	0	-72.5	140.095
18.75	0	-72.5	137.921
21.25	0	-72.5	136.293
23.75	0	-72.5	135.251
26.25	0	-72.5	134.415
28.75	0	-72.5	133.814
31.25	0	-72.5	133.255
33.75	0	-72.5	132.538
36.25	0	-72.5	131.578
38.75	0	-72.5	130.541
41.25	0	-72.5	129.212
43.75	0	-72.5	127.792
46.25	0	-72.5	126.161
-45	0	-75	396.519
-42.5	0	-75	382.174
-40	0	-75	367.856
-37.5	0	-75	354.173
-35	0	-75	341.149
-32.5	0	-75	328.382
-30	0	-75	316.133
-27.5	0	-75	303.908
-25	0	-75	292.094
-22.5	0	-75	280.397
-20	0	-75	268.636
-17.5	0	-75	257.262
-15	0	-75	245.77
-12.5	0	-75	234.217
-10	0	-75	222.794
-7.5	0	-75	211.51
-5	0	-75	200.279
-2.5	0	-75	189.498
0	0	-75	179.314
2.5	0	-75	170.184
5	0	-75	162.281
7.5	0	-75	155.661
10	0	-75	150.594
12.5	0	-75	146.898
15	0	-75	144.425
17.5	0	-75	142.706
20	0	-75	141.603
22.5	0	-75	140.914
25	0	-75	140.421
27.5	0	-75	140.036
30	0	-75	139.648
32.5	0	-75	138.97
35	0	-75	138.164
37.5	0	-75	137.022
40	0	-75	135.747
42.5	0	-75	134.269
-41.25	0	-77.5	371.357
-38.75	0	-77.5	358.581
-36.25	0	-77.5	345.536
-33.75	0	-77.5	332.907
-31.25	0	-77.5	320.773
-28.75	0	-77.5	308.722
-26.25	0	-77.5	296.79
-23.75	0	-77.5	284.756
-21.25	0	-77.5	272.88
-18.75	0	-77.5	261.216
-16.25	0	-77.5	249.462
-13.75	0	-77.5	237.589
-11.25	0	-77.5	225.984
-8.75	0	-77.5	214.369
-6.25	0	-77.5	203.094
-3.75	0	-77.5	192.168
-1.25	0	-77.5	182.039
1.25	0	-77.5	172.96
3.75	0	-77.5	165.188
6.25	0	-77.5	158.803
8.75	0	-77.5	153.992
11.25	0	-77.5	150.616
13.75	0	-77.5	148.489
16.25	0	-77.5	147.305
18.75	0	-77.5	146.598
21.25	0	-77.5	146.38
23.75	0	-77.5	146.286
26.25	0	-77.5	146.172
28.75	0	-77.5	146.001
31.25	0	-77.5	145.604
33.75	0	-77.5	144.764
36.25	0	-77.5	143.768
38.75	0	-77.5	142.477
-37.5	0	-80	349.297
-35	0	-80	337.351
-32.5	0	-80	325.178
-30	0	-80	313.242
-27.5	0	-80	301.423
-25	0	-80	289.357
-22.5	0	-80	277.402
-20	0	-80	265.391
-17.5	0	-80	253.463
-15	0	-80	241.479
-12.5	0	-80	229.552
-10	0	-80	217.79
-7.5	0	-80	206.207
-5	0	-80	195.347
-2.5	0	-80	185.087
0	0	-80	176.054
2.5	0	-80	168.335
5	0	-80	162.077
7.5	0	-80	157.49
10	0	-80	154.261
12.5	0	-80	152.476
15	0	-80	151.591
17.5	0	-80	151.351
20	0	-80	151.534
22.5	0	-80	151.841
25	0	-80	152.139
27.5	0	-80	152.379
30	0	-80	152.09
32.5	0	-80	151.533
35	0	-80	150.606
-33.75	0	-82.5	328.976
-31.25	0	-82.5	317.616
-28.75	0	-82.5	305.762
-26.25	0	-82.5	293.823
-23.75	0	-82.5	281.811
-21.25	0	-82.5	269.841
-18.75	0	-82.5	257.813
-16.25	0	-82.5	245.48
-13.75	0	-82.5	233.552
-11.25	0	-82.5	221.582
-8.75	0	-82.5	209.907
-6.25	0	-82.5	198.766
-3.75	0	-82.5	188.564
-1.25	0	-82.5	179.449
1.25	0	-82.5	171.767
3.75	0	-82.5	165.589
6.25	0	-82.5	161.014
8.75	0	-82.5	158.059
11.25	0	-82.5	156.356
13.75	0	-82.5	155.743
16.25	0	-82.5	155.788
18.75	0	-82.5	156.375
21.25	0	-82.5	157.085
23.75	0	-82.5	157.891
26.25	0	-82.5	158.436
28.75	0	-82.5	158.579
31.25	0	-82.5	158.265
-30	0	-85	309.489
-27.5	0	-85	298.093
-25	0	-85	286.115
-22.5	0	-85	274.118
-20	0	-85	262.131
-17.5	0	-85	249.826
-15	0	-85	237.744
-12.5	0	-85	225.67
-10	0	-85	213.882
-7.5	0	-85	202.741
-5	0	-85	192.269
-2.5	0	-85	183.211
0	0	-85	175.489
2.5	0	-85	169.276
5	0	-85	164.827
7.5	0	-85	161.844
10	0	-85	160.327
12.5	0	-85	159.803
15	0	-85	160.039
17.5	0	-85	160.906
20	0	-85	162.104
22.5	0	-85	163.218
25	0	-85	164.282
27.5	0	-85	164.838
-26.25	0	-87.5	289.81
-23.75	0	-87.5	278.389
-21.25	0	-87.5	266.314
-18.75	0	-87.5	254.042
-16.25	0	-87.5	242.051
-13.75	0	-87.5	229.93
-11.25	0	-87.5	218.206
-8.75	0	-87.5	206.82
-6.25	0	-87.5	196.429
-3.75	0	-87.5	187.246
-1.25	0	-87.5	179.466
1.25	0	-87.5	173.283
3.75	0	-87.5	168.765
6.25	0	-87.5	165.855
8.75	0	-87.5	164.303
11.25	0	-87.5	163.898
13.75	0	-87.5	164.203
16.25	0	-87.5	165.36
18.75	0	-87.5	166.719
21.25	0	-87.5	168.327
23.75	0	-87.5	169.785
-22.5	0	-90	270.065
-20	0	-90	258.269
-17.5	0	-90	246.237
-15	0	-90	234.202
-12.5	0	-90	222.449
-10	0	-90	211.22
-7.5	0	-90	200.8
-5	0	-90	191.47
-2.5	0	-90	183.715
0	0	-90	177.532
2.5	0	-90	172.958
5	0	-90	169.986
7.5	0	-90	168.44
10	0	-90	168.006
12.5	0	-90	168.516
15	0	-90	169.634
17.5	0	-90	171.268
20	0	-90	173.139
-18.75	0	-92.5	250.041
-16.25	0	-92.5	238.427
-13.75	0	-92.5	226.702
-11.25	0	-92.5	215.505
-8.75	0	-92.5	205.156
-6.25	0	-92.5	195.962
-3.75	0	-92.5	188.194
-1.25	0	-92.5	181.853
1.25	0	-92.5	177.353
3.75	0	-92.5	174.348
6.25	0	-92.5	172.704
8.75	0	-92.5	172.369
11.25	0	-92.5	172.744
13.75	0	-92.5	174.071
16.25	0	-92.5	175.751
-15	0	-95	230.608
-12.5	0	-95	219.763
-10	0	-95	209.477
-7.5	0	-95	200.348
-5	0	-95	192.667
-2.5	0	-95	186.412
0	0	-95	181.851
2.5	0	-95	178.78
5	0	-95	177.263
7.5	0	-95	176.802
10	0	-95	177.241
12.5	0	-95	178.519
-11.25	0	-97.5	213.439
-8.75	0	-97.5	204.701
-6.25	0	-97.5	197.061
-3.75	0	-97.5	190.861
-1.25	0	-97.5	186.38
1.25	0	-97.5	183.43
3.75	0	-97.5	181.881
6.25	0	-97.5	181.408
8.75	0	-97.5	181.873
-7.5	0	-100	201.093
-5	0	-100	195.285
-2.5	0	-100	190.924
0	0	-100	187.964
2.5	0	-100	186.527
5	0	-100	186.187
-3.75	0	-102.5	195.079
-1.25	0	-102.5	192.571
1.25	0	-102.5	191.174
