# ============================================================
# DC Resistivity Section with Temperature Correction
# Paper: A Comparative Study of Pseudo-dipole Arrays and Standard Arrays
# Based on High-density DC Resistivity Method
# ============================================================
# Column 1: X_Coord (m)       - Horizontal coordinate
# Column 2: Y_Coord           - Profile offset (Y = 0 for 2D)
# Column 3: Z_Coord (m)       - Depth (negative downward)
# Column 4: App_Resistivity   - Temperature-corrected resistivity (Ohm-m)

312	126	2583
0	0	0	-2359.16	0	0
1	0	0	-1990.55	0	0
2	0	0	-1683.38	0	0
3	0	0	-1427.4	0	0
4	0	0	-1214.08	0	0
5	0	0	-1036.32	0	0
6	0	0	-888.182	0	0
7	0	0	-764.735	0	0
8	0	0	-661.863	0	0
9	0	0	-576.136	0	0
10	0	0	-504.696	0	0
11	0	0	-445.163	0	0
12	0	0	-395.553	0	0
13	0	0	-354.211	0	0
14	0	0	-319.76	0	0
15	0	0	-291.049	0	0
16	0	0	-267.124	0	0
17	0	0	-247.187	0	0
18	0	0	-230.572	0	0
19	0	0	-216.727	0	0
20	0	0	-205.189	0	0
21	0	0	-195.575	0	0
22	0	0	-187.562	0	0
23	0	0	-180.885	0	0
24	0	0	-175.321	0	0
25	0	0	-170.684	0	0
26	0	0	-166.82	0	0
27	0	0	-163.6	0	0
28	0	0	-161.75	0	0
29	0	0	-160	0	0
30	0	1	-157.5	0	0
31	0	0	-156.25	0	0
32	0	1	-155	0	0
33	0	0	-153.75	0	0
34	0	1	-152.5	0	0
35	0	0	-151.25	0	0
36	0	1	-150	0	0
37	0	0	-148.75	0	0
38	0	1	-147.5	0	0
39	0	0	-146.25	0	0
40	0	1	-145	0	0
41	0	0	-143.75	0	0
42	0	1	-142.5	0	0
43	0	0	-141.25	0	0
44	0	1	-140	0	0
45	0	0	-138.75	0	0
46	0	1	-137.5	0	0
47	0	0	-136.25	0	0
48	0	1	-135	0	0
49	0	0	-133.75	0	0
50	0	1	-132.5	0	0
51	0	0	-131.25	0	0
52	0	1	-130	0	0
53	0	0	-128.75	0	0
54	0	1	-127.5	0	0
55	0	0	-126.25	0	0
56	0	1	-125	0	0
57	0	0	-123.75	0	0
58	0	1	-122.5	0	0
59	0	0	-121.25	0	0
60	0	1	-120	0	0
61	0	0	-118.75	0	0
62	0	1	-117.5	0	0
63	0	0	-116.25	0	0
64	0	1	-115	0	0
65	0	0	-113.75	0	0
66	0	1	-112.5	0	0
67	0	0	-111.25	0	0
68	0	1	-110	0	0
69	0	0	-108.75	0	0
70	0	1	-107.5	0	0
71	0	0	-106.25	0	0
72	0	1	-105	0	0
73	0	0	-103.75	0	0
74	0	1	-102.5	0	0
75	0	0	-101.25	0	0
76	0	1	-100	0	0
77	0	0	-98.75	0	0
78	0	1	-97.5	0	0
79	0	0	-96.25	0	0
80	0	1	-95	0	0
81	0	0	-93.75	0	0
82	0	1	-92.5	0	0
83	0	0	-91.25	0	0
84	0	1	-90	0	0
85	0	0	-88.75	0	0
86	0	1	-87.5	0	0
87	0	0	-86.25	0	0
88	0	1	-85	0	0
89	0	0	-83.75	0	0
90	0	1	-82.5	0	0
91	0	0	-81.25	0	0
92	0	1	-80	0	0
93	0	0	-78.75	0	0
94	0	1	-77.5	0	0
95	0	0	-76.25	0	0
96	0	1	-75	0	0
97	0	0	-73.75	0	0
98	0	1	-72.5	0	0
99	0	0	-71.25	0	0
100	0	1	-70	0	0
101	0	0	-68.75	0	0
102	0	1	-67.5	0	0
103	0	0	-66.25	0	0
104	0	1	-65	0	0
105	0	0	-63.75	0	0
106	0	1	-62.5	0	0
107	0	0	-61.25	0	0
108	0	1	-60	0	0
109	0	0	-58.75	0	0
110	0	1	-57.5	0	0
111	0	0	-56.25	0	0
112	0	1	-55	0	0
113	0	0	-53.75	0	0
114	0	1	-52.5	0	0
115	0	0	-51.25	0	0
116	0	1	-50	0	0
117	0	0	-48.75	0	0
118	0	1	-47.5	0	0
119	0	0	-46.25	0	0
120	0	1	-45	0	0
121	0	0	-43.75	0	0
122	0	1	-42.5	0	0
123	0	0	-41.25	0	0
124	0	1	-40	0	0
125	0	0	-38.75	0	0
126	0	1	-37.5	0	0
127	0	0	-36.25	0	0
128	0	1	-35	0	0
129	0	0	-33.75	0	0
130	0	1	-32.5	0	0
131	0	0	-31.25	0	0
132	0	1	-30	0	0
133	0	0	-28.75	0	0
134	0	1	-27.5	0	0
135	0	0	-26.25	0	0
136	0	1	-25	0	0
137	0	0	-23.75	0	0
138	0	1	-22.5	0	0
139	0	0	-21.25	0	0
140	0	1	-20	0	0
141	0	0	-18.75	0	0
142	0	1	-17.5	0	0
143	0	0	-16.25	0	0
144	0	1	-15	0	0
145	0	0	-13.75	0	0
146	0	1	-12.5	0	0
147	0	0	-11.25	0	0
148	0	1	-10	0	0
149	0	0	-8.75	0	0
150	0	1	-7.5	0	0
151	0	0	-6.25	0	0
152	0	1	-5	0	0
153	0	0	-3.75	0	0
154	0	1	-2.5	0	0
155	0	0	-1.25	0	0
156	0	1	0	0	0
157	0	0	1.25	0	0
158	0	1	2.5	0	0
159	0	0	3.75	0	0
160	0	1	5	0	0
161	0	0	6.25	0	0
162	0	1	7.5	0	0
163	0	0	8.75	0	0
164	0	1	10	0	0
165	0	0	11.25	0	0
166	0	1	12.5	0	0
167	0	0	13.75	0	0
168	0	1	15	0	0
169	0	0	16.25	0	0
170	0	1	17.5	0	0
171	0	0	18.75	0	0
172	0	1	20	0	0
173	0	0	21.25	0	0
174	0	1	22.5	0	0
175	0	0	23.75	0	0
176	0	1	25	0	0
177	0	0	26.25	0	0
178	0	1	27.5	0	0
179	0	0	28.75	0	0
180	0	1	30	0	0
181	0	0	31.25	0	0
182	0	1	32.5	0	0
183	0	0	33.75	0	0
184	0	1	35	0	0
185	0	0	36.25	0	0
186	0	1	37.5	0	0
187	0	0	38.75	0	0
188	0	1	40	0	0
189	0	0	41.25	0	0
190	0	1	42.5	0	0
191	0	0	43.75	0	0
192	0	1	45	0	0
193	0	0	46.25	0	0
194	0	1	47.5	0	0
195	0	0	48.75	0	0
196	0	1	50	0	0
197	0	0	51.25	0	0
198	0	1	52.5	0	0
199	0	0	53.75	0	0
200	0	1	55	0	0
201	0	0	56.25	0	0
202	0	1	57.5	0	0
203	0	0	58.75	0	0
204	0	1	60	0	0
205	0	0	61.25	0	0
206	0	1	62.5	0	0
207	0	0	63.75	0	0
208	0	1	65	0	0
209	0	0	66.25	0	0
210	0	1	67.5	0	0
211	0	0	68.75	0	0
212	0	1	70	0	0
213	0	0	71.25	0	0
214	0	1	72.5	0	0
215	0	0	73.75	0	0
216	0	1	75	0	0
217	0	0	76.25	0	0
218	0	1	77.5	0	0
219	0	0	78.75	0	0
220	0	1	80	0	0
221	0	0	81.25	0	0
222	0	1	82.5	0	0
223	0	0	83.75	0	0
224	0	1	85	0	0
225	0	0	86.25	0	0
226	0	1	87.5	0	0
227	0	0	88.75	0	0
228	0	1	90	0	0
229	0	0	91.25	0	0
230	0	1	92.5	0	0
231	0	0	93.75	0	0
232	0	1	95	0	0
233	0	0	96.25	0	0
234	0	1	97.5	0	0
235	0	0	98.75	0	0
236	0	1	100	0	0
237	0	0	101.25	0	0
238	0	1	102.5	0	0
239	0	0	103.75	0	0
240	0	1	105	0	0
241	0	0	106.25	0	0
242	0	1	107.5	0	0
243	0	0	108.75	0	0
244	0	1	110	0	0
245	0	0	111.25	0	0
246	0	1	112.5	0	0
247	0	0	113.75	0	0
248	0	1	115	0	0
249	0	0	116.25	0	0
250	0	1	117.5	0	0
251	0	0	118.75	0	0
252	0	1	120	0	0
253	0	0	121.25	0	0
254	0	1	122.5	0	0
255	0	0	123.75	0	0
256	0	1	125	0	0
257	0	0	126.25	0	0
258	0	1	127.5	0	0
259	0	0	128.75	0	0
260	0	1	130	0	0
261	0	0	131.25	0	0
262	0	1	132.5	0	0
263	0	0	133.75	0	0
264	0	1	135	0	0
265	0	0	136.25	0	0
266	0	1	137.5	0	0
267	0	0	138.75	0	0
268	0	1	140	0	0
269	0	0	141.25	0	0
270	0	1	142.5	0	0
271	0	0	143.75	0	0
272	0	1	145	0	0
273	0	0	146.25	0	0
274	0	1	147.5	0	0
275	0	0	148.75	0	0
276	0	1	150	0	0
277	0	0	151.25	0	0
278	0	1	152.5	0	0
279	0	0	153.75	0	0
280	0	1	155	0	0
281	0	0	156.25	0	0
282	0	0	158.75	0	0
283	0	0	160.5	0	0
284	0	0	162.35	0	0
285	0	0	165.57	0	0
286	0	0	169.434	0	0
287	0	0	174.071	0	0
288	0	0	179.635	0	0
289	0	0	186.312	0	0
290	0	0	194.325	0	0
291	0	0	203.939	0	0
292	0	0	215.477	0	0
293	0	0	229.322	0	0
294	0	0	245.937	0	0
295	0	0	265.874	0	0
296	0	0	289.799	0	0
297	0	0	318.51	0	0
298	0	0	352.961	0	0
299	0	0	394.303	0	0
300	0	0	443.913	0	0
301	0	0	503.446	0	0
302	0	0	574.886	0	0
303	0	0	660.613	0	0
304	0	0	763.485	0	0
305	0	0	886.932	0	0
306	0	0	1035.07	0	0
307	0	0	1212.83	0	0
308	0	0	1426.15	0	0
309	0	0	1682.13	0	0
310	0	0	1989.3	0	0
311	0	0	2357.91	0	0
30	32	34	36	0	215.486	100
32	34	36	38	0	222.924	100
34	36	38	40	0	214.661	100
36	38	40	42	0	191.436	100
38	40	42	44	0	226.951	100
40	42	44	46	0	188.661	100
42	44	46	48	0	225.39	100
44	46	48	50	0	213.745	100
46	48	50	52	0	194.018	100
48	50	52	54	0	219.488	100
50	52	54	56	0	211.06	100
52	54	56	58	0	223.453	100
54	56	58	60	0	216.174	100
56	58	60	62	0	217.584	100
58	60	62	64	0	216.644	100
60	62	64	66	0	219.121	100
62	64	66	68	0	192.937	100
64	66	68	70	0	225.939	100
66	68	70	72	0	216.19	100
68	70	72	74	0	217.032	100
70	72	74	76	0	221.25	100
72	74	76	78	0	194.244	100
74	76	78	80	0	219.519	100
76	78	80	82	0	210.091	100
78	80	82	84	0	224.627	100
80	82	84	86	0	191.3	100
82	84	86	88	0	225.878	100
84	86	88	90	0	216.248	100
86	88	90	92	0	217.095	100
88	90	92	94	0	221.276	100
90	92	94	96	0	194.331	100
92	94	96	98	0	219.512	100
94	96	98	100	0	217.074	100
96	98	100	102	0	217.896	100
98	100	102	104	0	211.793	100
100	102	104	106	0	223.473	100
102	104	106	108	0	216.265	100
104	106	108	110	0	217.268	100
106	108	110	112	0	221.348	100
108	110	112	114	0	194.347	100
110	112	114	116	0	219.664	100
112	114	116	118	0	210.235	100
114	116	118	120	0	224.78	100
116	118	120	122	0	191.454	100
118	120	122	124	0	226.025	100
120	122	124	126	0	216.402	100
122	124	126	128	0	217.253	100
124	126	128	130	0	221.459	100
126	128	130	132	0	194.542	100
128	130	132	134	0	219.761	100
130	132	134	136	0	217.369	100
132	134	136	138	0	218.24	100
134	136	138	140	0	212.205	100
136	138	140	142	0	223.434	100
138	140	142	144	0	220.072	100
140	142	144	146	0	194.887	100
142	144	146	148	0	220.375	100
144	146	148	150	0	217.947	100
146	148	150	152	0	218.452	100
148	150	152	154	0	216.182	100
150	152	154	156	0	193.217	100
152	154	156	158	0	228.516	100
154	156	158	160	0	191.924	100
156	158	160	162	0	196.116	100
158	160	162	164	0	196.484	100
160	162	164	166	0	225.768	100
162	164	166	168	0	210.933	100
164	166	168	170	0	221.5	100
166	168	170	172	0	192.995	100
168	170	172	174	0	225.12	100
170	172	174	176	0	213.166	100
172	174	176	178	0	194.682	100
174	176	178	180	0	226.777	100
176	178	180	182	0	220.84	100
178	180	182	184	0	195.325	100
180	182	184	186	0	221.011	100
182	184	186	188	0	212.492	100
184	186	188	190	0	224.479	100
186	188	190	192	0	221.078	100
188	190	192	194	0	195.784	100
190	192	194	196	0	220.916	100
192	194	196	198	0	216.845	100
194	196	198	200	0	223.992	100
196	198	200	202	0	213.928	100
198	200	202	204	0	194.946	100
200	202	204	206	0	227.132	100
202	204	206	208	0	220.794	100
204	206	208	210	0	191.872	100
206	208	210	212	0	223.061	100
208	210	212	214	0	215.092	100
210	212	214	216	0	195.483	100
212	214	216	218	0	221.016	100
214	216	218	220	0	212.51	100
216	218	220	222	0	224.948	100
218	220	222	224	0	217.669	100
220	222	224	226	0	218.303	100
222	224	226	228	0	223.283	100
224	226	228	230	0	188.261	100
226	228	230	232	0	227.215	100
228	230	232	234	0	216.874	100
230	232	234	236	0	218.637	100
232	234	236	238	0	220.678	100
234	236	238	240	0	199.671	100
236	238	240	242	0	196.156	100
238	240	242	244	0	220.896	100
240	242	244	246	0	211.413	100
242	244	246	248	0	225.852	100
244	246	248	250	0	193.072	100
246	248	250	252	0	219.434	100
248	250	252	254	0	192.662	100
250	252	254	256	0	228.757	100
252	254	256	258	0	192.159	100
254	256	258	260	0	191.609	100
256	258	260	262	0	228.651	100
258	260	262	264	0	190.874	100
260	262	264	266	0	219.228	100
262	264	266	268	0	194.708	100
264	266	268	270	0	218.075	100
266	268	270	272	0	222.594	100
268	270	272	274	0	213.761	100
270	272	274	276	0	193.936	100
272	274	276	278	0	228.232	100
274	276	278	280	0	192.358	100
30	34	38	42	0	202.286	100
32	36	40	44	0	192.831	100
34	38	42	46	0	197.306	100
36	40	44	48	0	196.091	100
38	42	46	50	0	194.207	100
40	44	48	52	0	204.584	100
42	46	50	54	0	193.382	100
44	48	52	56	0	194.525	100
46	50	54	58	0	198.694	100
48	52	56	60	0	203.004	100
50	54	58	62	0	200.916	100
52	56	60	64	0	197.747	100
54	58	62	66	0	197.451	100
56	60	64	68	0	199.017	100
58	62	66	70	0	195.657	100
60	64	68	72	0	196.727	100
62	66	70	74	0	200.351	100
64	68	72	76	0	197.97	100
66	70	74	78	0	198.875	100
68	72	76	80	0	194.435	100
70	74	78	82	0	195.265	100
72	76	80	84	0	198.004	100
74	78	82	86	0	202.504	100
76	80	84	88	0	196.283	100
78	82	86	90	0	195.511	100
80	84	88	92	0	199.687	100
82	86	90	94	0	197.931	100
84	88	92	96	0	199.133	100
86	90	94	98	0	195.043	100
88	92	96	100	0	196.668	100
90	94	98	102	0	199.832	100
92	96	100	104	0	198.038	100
94	98	102	106	0	198.017	100
96	100	104	108	0	203.704	100
98	102	106	110	0	201.244	100
100	104	108	112	0	198.39	100
102	106	110	114	0	199.662	100
104	108	112	116	0	195.076	100
106	110	114	118	0	195.912	100
108	112	116	120	0	198.754	100
110	114	118	122	0	203.354	100
112	116	120	124	0	197.208	100
114	118	122	126	0	196.471	100
116	120	124	128	0	200.681	100
118	122	126	130	0	199	100
120	124	128	132	0	200.336	100
122	126	130	134	0	196.437	100
124	128	132	136	0	198.304	100
126	130	134	138	0	201.702	100
128	132	136	140	0	200.012	100
130	134	138	142	0	199.687	100
132	136	140	144	0	205.111	100
134	138	142	146	0	203.467	100
136	140	144	148	0	195.3	100
138	142	146	150	0	197.183	100
140	144	148	152	0	201.054	100
142	146	150	154	0	199.864	100
144	148	152	156	0	200.073	100
146	150	154	158	0	199.572	100
148	152	156	160	0	200.842	100
150	154	158	162	0	198.616	100
152	156	160	164	0	190.328	100
154	158	162	166	0	192.181	100
156	160	164	168	0	199.12	100
158	162	166	170	0	205.222	100
160	164	168	172	0	199.473	100
162	166	170	174	0	194.824	100
164	168	172	176	0	199.648	100
166	170	174	178	0	206.393	100
168	172	176	180	0	197.153	100
170	174	178	182	0	199.143	100
172	176	180	184	0	204.867	100
174	178	182	186	0	197.794	100
176	180	184	188	0	199.202	100
178	182	186	190	0	202.703	100
180	184	188	192	0	207.077	100
182	186	190	194	0	206.4	100
184	188	192	196	0	198.78	100
186	190	194	198	0	199.843	100
188	192	196	200	0	202.976	100
190	194	198	202	0	204.975	100
192	196	200	204	0	208.158	100
194	198	202	206	0	199.624	100
196	200	204	208	0	200.703	100
198	202	206	210	0	204.501	100
200	204	208	212	0	196.992	100
202	206	210	214	0	200.89	100
204	208	212	216	0	207.808	100
206	210	214	218	0	196.248	100
208	212	216	220	0	198.609	100
210	214	218	222	0	203.447	100
212	216	220	224	0	207.939	100
214	218	222	226	0	205.578	100
216	220	224	228	0	203.04	100
218	222	226	230	0	204.753	100
220	224	228	232	0	198.199	100
222	226	230	234	0	202.144	100
224	228	232	236	0	205.34	100
226	230	234	238	0	201.393	100
228	232	236	240	0	201.891	100
230	234	238	242	0	198.883	100
232	236	240	244	0	198.569	100
234	238	242	246	0	198.847	100
236	240	244	248	0	201.655	100
238	242	246	250	0	206.212	100
240	244	248	252	0	200.072	100
242	246	250	254	0	196.564	100
244	248	252	256	0	200.342	100
246	250	254	258	0	201.162	100
248	252	256	260	0	199.084	100
250	254	258	262	0	190.822	100
252	256	260	264	0	198.134	100
254	258	262	266	0	199.209	100
256	260	264	268	0	195.181	100
258	262	266	270	0	198.521	100
260	264	268	272	0	195.147	100
262	266	270	274	0	201.734	100
264	268	272	276	0	204.207	100
266	270	274	278	0	194.884	100
268	272	276	280	0	197.109	100
30	36	42	48	0	202.892	100
32	38	44	50	0	203.073	100
34	40	46	52	0	203.933	100
36	42	48	54	0	204.02	100
38	44	50	56	0	204.452	100
40	46	52	58	0	201.127	100
42	48	54	60	0	201.805	100
44	50	56	62	0	203.684	100
46	52	58	64	0	203.417	100
48	54	60	66	0	202.372	100
50	56	62	68	0	200.82	100
52	58	64	70	0	202.105	100
54	60	66	72	0	202.399	100
56	62	68	74	0	202.827	100
58	64	70	76	0	202.473	100
60	66	72	78	0	202.853	100
62	68	74	80	0	201.853	100
64	70	76	82	0	200.311	100
66	72	78	84	0	200.56	100
68	74	80	86	0	202.012	100
70	76	82	88	0	205.208	100
72	78	84	90	0	204.175	100
74	80	86	92	0	203.502	100
76	82	88	94	0	202.219	100
78	84	90	96	0	202.839	100
80	86	92	98	0	202.137	100
82	88	94	100	0	201.202	100
84	90	96	102	0	201.575	100
86	92	98	104	0	202.47	100
88	94	100	106	0	202.734	100
90	96	102	108	0	201.893	100
92	98	104	110	0	203.63	100
94	100	106	112	0	204.255	100
96	102	108	114	0	203.626	100
98	104	110	116	0	202.792	100
100	106	112	118	0	201.726	100
102	108	114	120	0	202.161	100
104	110	116	122	0	203.714	100
106	112	118	124	0	207.033	100
108	114	120	126	0	206.174	100
110	116	122	128	0	205.683	100
112	118	124	130	0	204.609	100
114	120	126	132	0	205.526	100
116	122	128	134	0	205.259	100
118	124	130	136	0	204.872	100
120	126	132	138	0	205.834	100
122	128	134	140	0	207.118	100
124	130	136	142	0	207.203	100
126	132	138	144	0	205.59	100
128	134	140	146	0	206.055	100
130	136	142	148	0	205.561	100
132	138	144	150	0	201.887	100
134	140	146	152	0	198.729	100
136	142	148	154	0	198.196	100
138	144	150	156	0	198.373	100
140	146	152	158	0	198.653	100
142	148	154	160	0	200.15	100
144	150	156	162	0	202.358	100
146	152	158	164	0	200.353	100
148	154	160	166	0	200.304	100
150	156	162	168	0	199.087	100
152	158	164	170	0	199.538	100
154	160	166	172	0	202.122	100
156	162	168	174	0	203.811	100
158	164	170	176	0	201.445	100
160	166	172	178	0	203.23	100
162	168	174	180	0	205.851	100
164	170	176	182	0	205.754	100
166	172	178	184	0	204.004	100
168	174	180	186	0	204.425	100
170	176	182	188	0	204.046	100
172	178	184	190	0	202.833	100
174	180	186	192	0	203.082	100
176	182	188	194	0	204.78	100
178	184	190	196	0	205.054	100
180	186	192	198	0	202.968	100
182	188	194	200	0	201.295	100
184	190	196	202	0	202.616	100
186	192	198	204	0	205.807	100
188	194	200	206	0	208.142	100
190	196	202	208	0	207.208	100
192	198	204	210	0	205.037	100
194	200	206	212	0	204.066	100
196	202	208	214	0	203.89	100
198	204	210	216	0	205.965	100
200	206	212	218	0	208.758	100
202	208	214	220	0	206.068	100
204	210	216	222	0	201.865	100
206	212	218	224	0	202.895	100
208	214	220	226	0	205.505	100
210	216	222	228	0	206.234	100
212	218	224	230	0	205.711	100
214	220	226	232	0	205.869	100
216	222	228	234	0	204.251	100
218	224	230	236	0	205.597	100
220	226	232	238	0	205.528	100
222	228	234	240	0	205.061	100
224	230	236	242	0	203.352	100
226	232	238	244	0	202.237	100
228	234	240	246	0	202.195	100
230	236	242	248	0	201.882	100
232	238	244	250	0	202.069	100
234	240	246	252	0	205.094	100
236	242	248	254	0	204.115	100
238	244	250	256	0	203.158	100
240	246	252	258	0	202.664	100
242	248	254	260	0	204.632	100
244	250	256	262	0	201.478	100
246	252	258	264	0	202.106	100
248	254	260	266	0	202.528	100
250	256	262	268	0	202.756	100
252	258	264	270	0	203.099	100
254	260	266	272	0	202.055	100
256	262	268	274	0	202.211	100
258	264	270	276	0	200.891	100
260	266	272	278	0	203.368	100
262	268	274	280	0	200.922	100
30	38	46	54	0	214.41	100
32	40	48	56	0	215.246	100
34	42	50	58	0	213.96	100
36	44	52	60	0	214.609	100
38	46	54	62	0	212.836	100
40	48	56	64	0	213.482	100
42	50	58	66	0	213.26	100
44	52	60	68	0	212.868	100
46	54	62	70	0	212.73	100
48	56	64	72	0	212.747	100
50	58	66	74	0	213.311	100
52	60	68	76	0	213.66	100
54	62	70	78	0	213.1	100
56	64	72	80	0	213.352	100
58	66	74	82	0	213.694	100
60	68	76	84	0	212.436	100
62	70	78	86	0	212.267	100
64	72	80	88	0	212.919	100
66	74	82	90	0	215.237	100
68	76	84	92	0	215.458	100
70	78	86	94	0	215.192	100
72	80	88	96	0	214.644	100
74	82	90	98	0	214.176	100
76	84	92	100	0	214.402	100
78	86	94	102	0	213.149	100
80	88	96	104	0	212.71	100
82	90	98	106	0	212.755	100
84	92	100	108	0	213.243	100
86	94	102	110	0	213.264	100
88	96	104	112	0	213.303	100
90	98	106	114	0	213.486	100
92	100	108	116	0	213.846	100
94	102	110	118	0	214.031	100
96	104	112	120	0	213.36	100
98	106	114	122	0	213.752	100
100	108	116	124	0	214.815	100
102	110	118	126	0	217.467	100
104	112	120	128	0	217.976	100
106	114	122	130	0	218.091	100
108	116	124	132	0	218.08	100
110	118	126	134	0	218.363	100
112	120	128	136	0	219.546	100
114	122	130	138	0	219.384	100
116	124	132	140	0	219.861	100
118	126	134	142	0	220.206	100
120	128	136	144	0	220.123	100
122	130	138	146	0	218.478	100
124	132	140	148	0	215.611	100
126	134	142	150	0	212.434	100
128	136	144	152	0	208.408	100
130	138	146	154	0	203.849	100
132	140	148	156	0	199.594	100
134	142	150	158	0	197.964	100
136	144	152	160	0	197.034	100
138	146	154	162	0	196.403	100
140	148	156	164	0	197.438	100
142	150	158	166	0	197.263	100
144	152	160	168	0	197.142	100
146	154	162	170	0	199.242	100
148	156	164	172	0	198.579	100
150	158	166	174	0	199.077	100
152	160	168	176	0	201.109	100
154	162	170	178	0	202.461	100
156	164	172	180	0	202.787	100
158	166	174	182	0	204.441	100
160	168	176	184	0	204.882	100
162	170	178	186	0	205.383	100
164	172	180	188	0	204.423	100
166	174	182	190	0	203.868	100
168	176	184	192	0	202.91	100
170	178	186	194	0	200.935	100
172	180	188	196	0	200.392	100
174	182	190	198	0	199.237	100
176	184	192	200	0	197.612	100
178	186	194	202	0	196.74	100
180	188	196	204	0	196.118	100
182	190	198	206	0	198.671	100
184	192	200	208	0	201.058	100
186	194	202	210	0	200.59	100
188	196	204	212	0	200.82	100
190	198	206	214	0	199.422	100
192	200	208	216	0	199.057	100
194	202	210	218	0	200.553	100
196	204	212	220	0	201.123	100
198	206	214	222	0	201.157	100
200	208	216	224	0	200.324	100
202	210	218	226	0	198.491	100
204	212	220	228	0	200.83	100
206	214	222	230	0	202.092	100
208	216	224	232	0	203.157	100
210	218	226	234	0	205.181	100
212	220	228	236	0	204.324	100
214	222	230	238	0	204.785	100
216	224	232	240	0	204.496	100
218	226	234	242	0	204.675	100
220	228	236	244	0	204.23	100
222	230	238	246	0	202.385	100
224	232	240	248	0	202.036	100
226	234	242	250	0	200.657	100
228	236	244	252	0	200.746	100
230	238	246	254	0	202.344	100
232	240	248	256	0	202.595	100
234	242	250	258	0	201.755	100
236	244	252	260	0	201.696	100
238	246	254	262	0	201.461	100
240	248	256	264	0	200.997	100
242	250	258	266	0	200.569	100
244	252	260	268	0	203.302	100
246	254	262	270	0	202.384	100
248	256	264	272	0	201.29	100
250	258	266	274	0	202.305	100
252	260	268	276	0	201.18	100
254	262	270	278	0	201.57	100
256	264	272	280	0	200.828	100
30	40	50	60	0	232.609	100
32	42	52	62	0	232.067	100
34	44	54	64	0	232.624	100
36	46	56	66	0	231.703	100
38	48	58	68	0	231.518	100
40	50	60	70	0	231.409	100
42	52	62	72	0	231.158	100
44	54	64	74	0	231.62	100
46	56	66	76	0	231.754	100
48	58	68	78	0	231.884	100
50	60	70	80	0	231.645	100
52	62	72	82	0	231.588	100
54	64	74	84	0	232.278	100
56	66	76	86	0	232.448	100
58	68	78	88	0	231.831	100
60	70	80	90	0	232.172	100
62	72	82	92	0	233.431	100
64	74	84	94	0	234.1	100
66	76	86	96	0	234.078	100
68	78	88	98	0	233.607	100
70	80	90	100	0	233.551	100
72	82	92	102	0	233.471	100
74	84	94	104	0	232.889	100
76	86	96	106	0	231.588	100
78	88	98	108	0	231.018	100
80	90	100	110	0	230.655	100
82	92	102	112	0	230.704	100
84	94	104	114	0	230.653	100
86	96	106	116	0	230.016	100
88	98	108	118	0	230.137	100
90	100	110	120	0	230.81	100
92	102	112	122	0	231.051	100
94	104	114	124	0	231.053	100
96	106	116	126	0	232.149	100
98	108	118	128	0	234.001	100
100	110	120	130	0	235.386	100
102	112	122	132	0	236.208	100
104	114	124	134	0	236.767	100
106	116	126	136	0	238.053	100
108	118	128	138	0	239.592	100
110	120	130	140	0	240.558	100
112	122	132	142	0	240.332	100
114	124	134	144	0	239.941	100
116	126	136	146	0	238.482	100
118	128	138	148	0	235.746	100
120	130	140	150	0	231.337	100
122	132	142	152	0	225.633	100
124	134	144	154	0	219.713	100
126	136	146	156	0	213.727	100
128	138	148	158	0	207.99	100
130	140	150	160	0	202.819	100
132	142	152	162	0	199.652	100
134	144	154	164	0	197.356	100
136	146	156	166	0	195.362	100
138	148	158	168	0	193.845	100
140	150	160	170	0	193.867	100
142	152	162	172	0	194.75	100
144	154	164	174	0	195.821	100
146	156	166	176	0	196.287	100
148	158	168	178	0	197.22	100
150	160	170	180	0	198.987	100
152	162	172	182	0	201.022	100
154	164	174	184	0	201.701	100
156	166	176	186	0	202.056	100
158	168	178	188	0	202.669	100
160	170	180	190	0	202.786	100
162	172	182	192	0	201.027	100
164	174	184	194	0	199.182	100
166	176	186	196	0	196.72	100
168	178	188	198	0	193.464	100
170	180	190	200	0	190.705	100
172	182	192	202	0	188.198	100
174	184	194	204	0	185.948	100
176	186	196	206	0	184.951	100
178	188	198	208	0	185.113	100
180	190	200	210	0	186.674	100
182	192	202	212	0	186.899	100
184	194	204	214	0	186.694	100
186	196	206	216	0	186.903	100
188	198	208	218	0	186.833	100
190	200	210	220	0	187.436	100
192	202	212	222	0	188.07	100
194	204	214	224	0	187.905	100
196	206	216	226	0	188.942	100
198	208	218	228	0	190.237	100
200	210	220	230	0	191.111	100
202	212	222	232	0	193.868	100
204	214	224	234	0	196.78	100
206	216	226	236	0	199.828	100
208	218	228	238	0	201.478	100
210	220	230	240	0	202.589	100
212	222	232	242	0	202.887	100
214	224	234	244	0	203.103	100
216	226	236	246	0	203.369	100
218	228	238	248	0	202.624	100
220	230	240	250	0	201.556	100
222	232	242	252	0	200.192	100
224	234	244	254	0	199.613	100
226	236	246	256	0	200.371	100
228	238	248	258	0	200.082	100
230	240	250	260	0	199.47	100
232	242	252	262	0	199.231	100
234	244	254	264	0	199.306	100
236	246	256	266	0	198.106	100
238	248	258	268	0	198.49	100
240	250	260	270	0	199.59	100
242	252	262	272	0	200.519	100
244	254	264	274	0	198.852	100
246	256	266	276	0	198.191	100
248	258	268	278	0	198.691	100
250	260	270	280	0	199.091	100
30	42	54	66	0	257.913	100
32	44	56	68	0	258.404	100
34	46	58	70	0	257.525	100
36	48	60	72	0	257.395	100
38	50	62	74	0	257.22	100
40	52	64	76	0	257.458	100
42	54	66	78	0	257.967	100
44	56	68	80	0	257.652	100
46	58	70	82	0	257.526	100
48	60	72	84	0	257.751	100
50	62	74	86	0	258.201	100
52	64	76	88	0	258.809	100
54	66	78	90	0	258.961	100
56	68	80	92	0	258.97	100
58	70	82	94	0	259.691	100
60	72	84	96	0	260.094	100
62	74	86	98	0	260.312	100
64	76	88	100	0	259.923	100
66	78	90	102	0	259.469	100
68	80	92	104	0	259.356	100
70	82	94	106	0	258.701	100
72	84	96	108	0	257.538	100
74	86	98	110	0	256.007	100
76	88	100	112	0	254.949	100
78	90	102	114	0	254.22	100
80	92	104	116	0	253.759	100
82	94	106	118	0	252.967	100
84	96	108	120	0	252.403	100
86	98	110	122	0	252.78	100
88	100	112	124	0	253.262	100
90	102	114	126	0	253.71	100
92	104	116	128	0	254.446	100
94	106	118	130	0	256.157	100
96	108	120	132	0	257.699	100
98	110	122	134	0	259.319	100
100	112	124	136	0	260.705	100
102	114	126	138	0	262.307	100
104	116	128	140	0	264.311	100
106	118	130	142	0	265.48	100
108	120	132	144	0	265.41	100
110	122	134	146	0	263.844	100
112	124	136	148	0	261.059	100
114	126	138	150	0	256.707	100
116	128	140	152	0	251.04	100
118	130	142	154	0	244.07	100
120	132	144	156	0	236.397	100
122	134	146	158	0	228.963	100
124	136	148	160	0	221.997	100
126	138	150	162	0	215.551	100
128	140	152	164	0	209.659	100
130	142	154	166	0	205.269	100
132	144	156	168	0	201.373	100
134	146	158	170	0	197.411	100
136	148	160	172	0	195.269	100
138	150	162	174	0	194.895	100
140	152	164	176	0	194.659	100
142	154	166	178	0	195.465	100
144	156	168	180	0	195.938	100
146	158	170	182	0	196.927	100
148	160	172	184	0	198.892	100
150	162	174	186	0	200.565	100
152	164	176	188	0	200.262	100
154	166	178	190	0	200.104	100
156	168	180	192	0	199.77	100
158	170	182	194	0	198.38	100
160	172	184	196	0	194.884	100
162	174	186	198	0	190.955	100
164	176	188	200	0	186.718	100
166	178	190	202	0	182.121	100
168	180	192	204	0	178.009	100
170	182	194	206	0	174.187	100
172	184	196	208	0	171.51	100
174	186	198	210	0	170.67	100
176	188	200	212	0	170.262	100
178	190	202	214	0	169.994	100
180	192	204	216	0	169.853	100
182	194	206	218	0	169.677	100
184	196	208	220	0	170.66	100
186	198	210	222	0	171.381	100
188	200	212	224	0	171.985	100
190	202	214	226	0	172.419	100
192	204	216	228	0	173.669	100
194	206	218	230	0	176.609	100
196	208	220	232	0	179.936	100
198	210	222	234	0	182.451	100
200	212	224	236	0	186.973	100
202	214	226	238	0	192.098	100
204	216	228	240	0	195.919	100
206	218	230	242	0	199.214	100
208	220	232	244	0	200.98	100
210	222	234	246	0	202.422	100
212	224	236	248	0	203.396	100
214	226	238	250	0	203.903	100
216	228	240	252	0	203.574	100
218	230	242	254	0	202.101	100
220	232	244	256	0	201.496	100
222	234	246	258	0	201.246	100
224	236	248	260	0	200.57	100
226	238	250	262	0	199.742	100
228	240	252	264	0	199.617	100
230	242	254	266	0	198.998	100
232	244	256	268	0	198.015	100
234	246	258	270	0	197.731	100
236	248	260	272	0	198.798	100
238	250	262	274	0	198.864	100
240	252	264	276	0	198.202	100
242	254	266	278	0	197.05	100
244	256	268	280	0	196.55	100
30	44	58	72	0	288.955	100
32	46	60	74	0	288.372	100
34	48	62	76	0	288.206	100
36	50	64	78	0	288.464	100
38	52	66	80	0	288.643	100
40	54	68	82	0	288.689	100
42	56	70	84	0	288.497	100
44	58	72	86	0	288.718	100
46	60	74	88	0	289.272	100
48	62	76	90	0	289.624	100
50	64	78	92	0	290.116	100
52	66	80	94	0	290.693	100
54	68	82	96	0	290.963	100
56	70	84	98	0	291.045	100
58	72	86	100	0	290.848	100
60	74	88	102	0	290.587	100
62	76	90	104	0	290.066	100
64	78	92	106	0	289.208	100
66	80	94	108	0	288.166	100
68	82	96	110	0	286.679	100
70	84	98	112	0	285.077	100
72	86	100	114	0	283.141	100
74	88	102	116	0	281.48	100
76	90	104	118	0	280.097	100
78	92	106	120	0	279.128	100
80	94	108	122	0	278.368	100
82	96	110	124	0	277.904	100
84	98	112	126	0	278.002	100
86	100	114	128	0	278.474	100
88	102	116	130	0	279.598	100
90	104	118	132	0	281.126	100
92	106	120	134	0	282.775	100
94	108	122	136	0	284.546	100
96	110	124	138	0	286.676	100
98	112	126	140	0	288.676	100
100	114	128	142	0	290.235	100
102	116	130	144	0	291.11	100
104	118	132	146	0	290.668	100
106	120	134	148	0	288.636	100
108	122	136	150	0	284.497	100
110	124	138	152	0	278.8	100
112	126	140	154	0	271.76	100
114	128	142	156	0	264.134	100
116	130	144	158	0	255.832	100
118	132	146	160	0	247.104	100
120	134	148	162	0	239.206	100
122	136	150	164	0	232.163	100
124	138	152	166	0	225.579	100
126	140	154	168	0	219.304	100
128	142	156	170	0	213.726	100
130	144	158	172	0	208.293	100
132	146	160	174	0	203.877	100
134	148	162	176	0	201.212	100
136	150	164	178	0	199.328	100
138	152	166	180	0	198.237	100
140	154	168	182	0	198.161	100
142	156	170	184	0	198.117	100
144	158	172	186	0	198.656	100
146	160	174	188	0	199.669	100
148	162	176	190	0	199.677	100
150	164	178	192	0	198.466	100
152	166	180	194	0	196.966	100
154	168	182	196	0	194.448	100
156	170	184	198	0	190.581	100
158	172	186	200	0	185.312	100
160	174	188	202	0	179.763	100
162	176	190	204	0	173.963	100
164	178	192	206	0	168.162	100
166	180	194	208	0	162.919	100
168	182	196	210	0	158.834	100
170	184	198	212	0	156.338	100
172	186	200	214	0	154.957	100
174	188	202	216	0	153.253	100
176	190	204	218	0	152.558	100
178	192	206	220	0	152.376	100
180	194	208	222	0	152.93	100
182	196	210	224	0	154.222	100
184	198	212	226	0	155.106	100
186	200	214	228	0	156.04	100
188	202	216	230	0	157.773	100
190	204	218	232	0	160.701	100
192	206	220	234	0	165.226	100
194	208	222	236	0	170.017	100
196	210	224	238	0	174.663	100
198	212	226	240	0	181.145	100
200	214	228	242	0	187.175	100
202	216	230	244	0	192.658	100
204	218	232	246	0	197.185	100
206	220	234	248	0	200.543	100
208	222	236	250	0	203.087	100
210	224	238	252	0	204.935	100
212	226	240	254	0	206.168	100
214	228	242	256	0	205.903	100
216	230	244	258	0	205.247	100
218	232	246	260	0	204.809	100
220	234	248	262	0	203.861	100
222	236	250	264	0	203.017	100
224	238	252	266	0	202.386	100
226	240	254	268	0	201.495	100
228	242	256	270	0	200.081	100
230	244	258	272	0	199.742	100
232	246	260	274	0	200.082	100
234	248	262	276	0	200.058	100
236	250	264	278	0	198.854	100
238	252	266	280	0	198.357	100
30	46	62	78	0	321.527	100
32	48	64	80	0	321.651	100
34	50	66	82	0	321.806	100
36	52	68	84	0	321.717	100
38	54	70	86	0	321.869	100
40	56	72	88	0	322.011	100
42	58	74	90	0	322.4	100
44	60	76	92	0	322.741	100
46	62	78	94	0	323.021	100
48	64	80	96	0	323.737	100
50	66	82	98	0	324.238	100
52	68	84	100	0	323.944	100
54	70	86	102	0	323.293	100
56	72	88	104	0	322.551	100
58	74	90	106	0	321.791	100
60	76	92	108	0	320.6	100
62	78	94	110	0	318.809	100
64	80	96	112	0	316.734	100
66	82	98	114	0	314.626	100
68	84	100	116	0	312.347	100
70	86	102	118	0	309.838	100
72	88	104	120	0	307.703	100
74	90	106	122	0	305.94	100
76	92	108	124	0	304.84	100
78	94	110	126	0	304.138	100
80	96	112	128	0	303.62	100
82	98	114	130	0	303.768	100
84	100	116	132	0	304.832	100
86	102	118	134	0	306.567	100
88	104	120	136	0	308.238	100
90	106	122	138	0	310.07	100
92	108	124	140	0	311.957	100
94	110	126	142	0	313.836	100
96	112	128	144	0	315.034	100
98	114	130	146	0	315.008	100
100	116	132	148	0	313.704	100
102	118	134	150	0	310.898	100
104	120	136	152	0	306.176	100
106	122	138	154	0	299.428	100
108	124	140	156	0	291.489	100
110	126	142	158	0	282.985	100
112	128	144	160	0	274.294	100
114	130	146	162	0	265.427	100
116	132	148	164	0	257.088	100
118	134	150	166	0	249.685	100
120	136	152	168	0	242.918	100
122	138	154	170	0	236.512	100
124	140	156	172	0	229.911	100
126	142	158	174	0	223.555	100
128	144	160	176	0	217.935	100
130	146	162	178	0	213.19	100
132	148	164	180	0	209.265	100
134	150	166	182	0	206.437	100
136	152	168	184	0	204.222	100
138	154	170	186	0	202.74	100
140	156	172	188	0	201.384	100
142	158	174	190	0	200.233	100
144	160	176	192	0	198.914	100
146	162	178	194	0	197.177	100
148	164	180	196	0	194.155	100
150	166	182	198	0	190.257	100
152	168	184	200	0	185.283	100
154	170	186	202	0	179.521	100
156	172	188	204	0	172.758	100
158	174	190	206	0	165.87	100
160	176	192	208	0	158.973	100
162	178	194	210	0	152.418	100
164	180	196	212	0	147.278	100
166	182	198	214	0	143.594	100
168	184	200	216	0	140.862	100
170	186	202	218	0	138.484	100
172	188	204	220	0	136.748	100
174	190	206	222	0	136.119	100
176	192	208	224	0	136.511	100
178	194	210	226	0	137.26	100
180	196	212	228	0	138.622	100
182	198	214	230	0	139.932	100
184	200	216	232	0	141.915	100
186	202	218	234	0	144.92	100
188	204	220	236	0	149.229	100
190	206	222	238	0	154.793	100
192	208	224	240	0	161.191	100
194	210	226	242	0	167.816	100
196	212	228	244	0	175.139	100
198	214	230	246	0	182.5	100
200	216	232	248	0	189.244	100
202	218	234	250	0	195.343	100
204	220	236	252	0	200.177	100
206	222	238	254	0	203.847	100
208	224	240	256	0	206.656	100
210	226	242	258	0	208.355	100
212	228	244	260	0	209.056	100
214	230	246	262	0	209.166	100
216	232	248	264	0	208.676	100
218	234	250	266	0	207.602	100
220	236	252	268	0	206.705	100
222	238	254	270	0	205.498	100
224	240	256	272	0	204.081	100
226	242	258	274	0	203.231	100
228	244	260	276	0	203.199	100
230	246	262	278	0	202.705	100
232	248	264	280	0	201.563	100
30	48	66	84	0	355.384	100
32	50	68	86	0	355.341	100
34	52	70	88	0	355.301	100
36	54	72	90	0	355.6	100
38	56	74	92	0	355.827	100
40	58	76	94	0	356.055	100
42	60	78	96	0	356.235	100
44	62	80	98	0	356.445	100
46	64	82	100	0	356.829	100
48	66	84	102	0	356.576	100
50	68	86	104	0	355.472	100
52	70	88	106	0	354.17	100
54	72	90	108	0	352.681	100
56	74	92	110	0	351.023	100
58	76	94	112	0	348.787	100
60	78	96	114	0	345.982	100
62	80	98	116	0	343.245	100
64	82	100	118	0	340.357	100
66	84	102	120	0	337.487	100
68	86	104	122	0	334.642	100
70	88	106	124	0	332.248	100
72	90	108	126	0	330.472	100
74	92	110	128	0	329.43	100
76	94	112	130	0	328.818	100
78	96	114	132	0	328.627	100
80	98	116	134	0	329.417	100
82	100	118	136	0	330.926	100
84	102	120	138	0	332.613	100
86	104	122	140	0	334.107	100
88	106	124	142	0	335.445	100
90	108	126	144	0	336.44	100
92	110	128	146	0	336.866	100
94	112	130	148	0	335.964	100
96	114	132	150	0	333.488	100
98	116	134	152	0	329.768	100
100	118	136	154	0	324.353	100
102	120	138	156	0	317.155	100
104	122	140	158	0	308.504	100
106	124	142	160	0	299.396	100
108	126	144	162	0	290.253	100
110	128	146	164	0	281.462	100
112	130	148	166	0	273.37	100
114	132	150	168	0	266.05	100
116	134	152	170	0	259.463	100
118	136	154	172	0	253.302	100
120	138	156	174	0	247.061	100
122	140	158	176	0	240.466	100
124	142	160	178	0	234.352	100
126	144	162	180	0	228.664	100
128	146	164	182	0	223.059	100
130	148	166	184	0	218.321	100
132	150	168	186	0	214.22	100
134	152	170	188	0	210.382	100
136	154	172	190	0	206.952	100
138	156	174	192	0	203.299	100
140	158	176	194	0	199.403	100
142	160	178	196	0	195.607	100
144	162	180	198	0	191.375	100
146	164	182	200	0	185.943	100
148	166	184	202	0	179.785	100
150	168	186	204	0	172.988	100
152	170	188	206	0	165.661	100
154	172	190	208	0	157.783	100
156	174	192	210	0	150.169	100
158	176	194	212	0	142.984	100
160	178	196	214	0	136.886	100
162	180	198	216	0	132.309	100
164	182	200	218	0	128.732	100
166	184	202	220	0	125.535	100
168	186	204	222	0	123.359	100
170	188	206	224	0	121.949	100
172	190	208	226	0	121.864	100
174	192	210	228	0	122.4	100
176	194	212	230	0	123.297	100
178	196	214	232	0	124.882	100
180	198	216	234	0	126.954	100
182	200	218	236	0	129.908	100
184	202	220	238	0	133.91	100
186	204	222	240	0	139.002	100
188	206	224	242	0	145.68	100
190	208	226	244	0	153.396	100
192	210	228	246	0	160.82	100
194	212	230	248	0	169.3	100
196	214	232	250	0	177.729	100
198	216	234	252	0	185.693	100
200	218	236	254	0	192.948	100
202	220	238	256	0	198.967	100
204	222	240	258	0	203.798	100
206	224	242	260	0	207.275	100
208	226	244	262	0	210.114	100
210	228	246	264	0	212.024	100
212	230	248	266	0	212.468	100
214	232	250	268	0	212.081	100
216	234	252	270	0	211.265	100
218	236	254	272	0	210.033	100
220	238	256	274	0	208.559	100
222	240	258	276	0	207.649	100
224	242	260	278	0	207.095	100
226	244	262	280	0	206.369	100
30	50	70	90	0	388.163	100
32	52	72	92	0	388.183	100
34	54	74	94	0	388.447	100
36	56	76	96	0	388.495	100
38	58	78	98	0	388.339	100
40	60	80	100	0	388.243	100
42	62	82	102	0	387.954	100
44	64	84	104	0	387.349	100
46	66	86	106	0	386.103	100
48	68	88	108	0	384.152	100
50	70	90	110	0	381.969	100
52	72	92	112	0	379.566	100
54	74	94	114	0	376.807	100
56	76	96	116	0	373.485	100
58	78	98	118	0	369.962	100
60	80	100	120	0	366.595	100
62	82	102	122	0	363.357	100
64	84	104	124	0	360.133	100
66	86	106	126	0	357.105	100
68	88	108	128	0	354.846	100
70	90	110	130	0	353.406	100
72	92	112	132	0	352.693	100
74	94	114	134	0	352.426	100
76	96	116	136	0	352.842	100
78	98	118	138	0	354.022	100
80	100	120	140	0	355.185	100
82	102	122	142	0	356.027	100
84	104	124	144	0	356.368	100
86	106	126	146	0	356.318	100
88	108	128	148	0	355.489	100
90	110	130	150	0	353.589	100
92	112	132	152	0	350.15	100
94	114	134	154	0	345.278	100
96	116	136	156	0	339.093	100
98	118	138	158	0	331.41	100
100	120	140	160	0	322.347	100
102	122	142	162	0	312.712	100
104	124	144	164	0	303.37	100
106	126	146	166	0	294.534	100
108	128	148	168	0	286.774	100
110	130	150	170	0	279.923	100
112	132	152	172	0	273.734	100
114	134	154	174	0	268.209	100
116	136	156	176	0	262.655	100
118	138	158	178	0	256.769	100
120	140	160	180	0	250.753	100
122	142	162	182	0	244.855	100
124	144	164	184	0	238.587	100
126	146	166	186	0	232.272	100
128	148	168	188	0	226.181	100
130	150	170	190	0	220.287	100
132	152	172	192	0	214.39	100
134	154	174	194	0	208.497	100
136	156	176	196	0	201.971	100
138	158	178	198	0	195.377	100
140	160	180	200	0	188.938	100
142	162	182	202	0	182.146	100
144	164	184	204	0	174.423	100
146	166	186	206	0	166.46	100
148	168	188	208	0	158.262	100
150	170	190	210	0	150.052	100
152	172	192	212	0	141.855	100
154	174	194	214	0	134.247	100
156	176	196	216	0	127.744	100
158	178	198	218	0	122.542	100
160	180	200	220	0	118.393	100
162	182	202	222	0	114.718	100
164	184	204	224	0	112.002	100
166	186	206	226	0	110.293	100
168	188	208	228	0	109.583	100
170	190	210	230	0	109.689	100
172	192	212	232	0	110.343	100
174	194	214	234	0	111.445	100
176	196	216	236	0	113.504	100
178	198	218	238	0	116.251	100
180	200	220	240	0	119.893	100
182	202	222	242	0	124.408	100
184	204	224	244	0	130.266	100
186	206	226	246	0	137.731	100
188	208	228	248	0	145.901	100
190	210	230	250	0	154.216	100
192	212	232	252	0	163.42	100
194	214	234	254	0	172.762	100
196	216	236	256	0	181.621	100
198	218	238	258	0	189.668	100
200	220	240	260	0	196.608	100
202	222	242	262	0	202.3	100
204	224	244	264	0	207.195	100
206	226	246	266	0	211.066	100
208	228	248	268	0	213.307	100
210	230	250	270	0	214.31	100
212	232	252	272	0	214.547	100
214	234	254	274	0	213.882	100
216	236	256	276	0	212.723	100
218	238	258	278	0	211.844	100
220	240	260	280	0	211.257	100
30	52	74	96	0	419.632	100
32	54	76	98	0	419.498	100
34	56	78	100	0	418.954	100
36	58	80	102	0	418.351	100
38	60	82	104	0	417.522	100
40	62	84	106	0	416.169	100
42	64	86	108	0	414.389	100
44	66	88	110	0	412.056	100
46	68	90	112	0	409.2	100
48	70	92	114	0	406.078	100
50	72	94	116	0	402.584	100
52	74	96	118	0	398.768	100
54	76	98	120	0	394.833	100
56	78	100	122	0	390.846	100
58	80	102	124	0	387.177	100
60	82	104	126	0	383.728	100
62	84	106	128	0	380.59	100
64	86	108	130	0	377.92	100
66	88	110	132	0	376.161	100
68	90	112	134	0	375.178	100
70	92	114	136	0	374.857	100
72	94	116	138	0	375.105	100
74	96	118	140	0	375.547	100
76	98	120	142	0	375.851	100
78	100	122	144	0	375.711	100
80	102	124	146	0	375.036	100
82	104	126	148	0	373.617	100
84	106	128	150	0	371.48	100
86	108	130	152	0	368.347	100
88	110	132	154	0	363.986	100
90	112	134	156	0	358.291	100
92	114	136	158	0	351.058	100
94	116	138	160	0	342.591	100
96	118	140	162	0	333.141	100
98	120	142	164	0	323.354	100
100	122	144	166	0	313.719	100
102	124	146	168	0	304.827	100
104	126	148	170	0	297.2	100
106	128	150	172	0	290.849	100
108	130	152	174	0	285.33	100
110	132	154	176	0	280.388	100
112	134	156	178	0	275.641	100
114	136	158	180	0	270.693	100
116	138	160	182	0	265.582	100
118	140	162	184	0	259.913	100
120	142	164	186	0	253.441	100
122	144	166	188	0	246.361	100
124	146	168	190	0	238.688	100
126	148	170	192	0	230.831	100
128	150	172	194	0	222.853	100
130	152	174	196	0	214.559	100
132	154	176	198	0	205.944	100
134	156	178	200	0	197.043	100
136	158	180	202	0	188.154	100
138	160	182	204	0	179.252	100
140	162	184	206	0	170.107	100
142	164	186	208	0	160.652	100
144	166	188	210	0	151.446	100
146	168	190	212	0	142.629	100
148	170	192	214	0	134.284	100
150	172	194	216	0	126.381	100
152	174	196	218	0	119.673	100
154	176	198	220	0	114.211	100
156	178	200	222	0	109.718	100
158	180	202	224	0	105.808	100
160	182	204	226	0	102.797	100
162	184	206	228	0	100.713	100
164	186	208	230	0	99.7517	100
166	188	210	232	0	99.3582	100
168	190	212	234	0	99.6309	100
170	192	214	236	0	100.44	100
172	194	216	238	0	101.913	100
174	196	218	240	0	104.375	100
176	198	220	242	0	107.564	100
178	200	222	244	0	111.501	100
180	202	224	246	0	116.476	100
182	204	226	248	0	122.872	100
184	206	228	250	0	130.487	100
186	208	230	252	0	139.06	100
188	210	232	254	0	147.848	100
190	212	234	256	0	157.584	100
192	214	236	258	0	167.426	100
194	216	238	260	0	176.839	100
196	218	240	262	0	185.642	100
198	220	242	264	0	193.315	100
200	222	244	266	0	200.049	100
202	224	246	268	0	205.783	100
204	226	248	270	0	210.174	100
206	228	250	272	0	213.025	100
208	230	252	274	0	214.775	100
210	232	254	276	0	215.524	100
212	234	256	278	0	215.35	100
214	236	258	280	0	215.094	100
30	54	78	102	0	447.966	100
32	56	80	104	0	446.782	100
34	58	82	106	0	445.274	100
36	60	84	108	0	443.26	100
38	62	86	110	0	440.617	100
40	64	88	112	0	437.75	100
42	66	90	114	0	434.473	100
44	68	92	116	0	430.597	100
46	70	94	118	0	426.443	100
48	72	96	120	0	422.046	100
50	74	98	122	0	417.77	100
52	76	100	124	0	413.486	100
54	78	102	126	0	409.326	100
56	80	104	128	0	405.656	100
58	82	106	130	0	402.506	100
60	84	108	132	0	399.944	100
62	86	110	134	0	397.99	100
64	88	112	136	0	396.716	100
66	90	114	138	0	396.001	100
68	92	116	140	0	395.845	100
70	94	118	142	0	395.621	100
72	96	120	144	0	394.787	100
74	98	122	146	0	393.474	100
76	100	124	148	0	391.561	100
78	102	126	150	0	389.012	100
80	104	128	152	0	385.597	100
82	106	130	154	0	381.217	100
84	108	132	156	0	375.73	100
86	110	134	158	0	369.196	100
88	112	136	160	0	361.158	100
90	114	138	162	0	351.76	100
92	116	140	164	0	341.706	100
94	118	142	166	0	331.66	100
96	120	144	168	0	321.943	100
98	122	146	170	0	312.912	100
100	124	148	172	0	305.307	100
102	126	150	174	0	299.146	100
104	128	152	176	0	294.16	100
106	130	154	178	0	289.915	100
108	132	156	180	0	285.804	100
110	134	158	182	0	281.681	100
112	136	160	184	0	277.437	100
114	138	162	186	0	272.565	100
116	140	164	188	0	266.261	100
118	142	166	190	0	258.824	100
120	144	168	192	0	250.302	100
122	146	170	194	0	240.937	100
124	148	172	196	0	231.109	100
126	150	174	198	0	220.943	100
128	152	176	200	0	210.342	100
130	154	178	202	0	199.746	100
132	156	180	204	0	188.926	100
134	158	182	206	0	177.976	100
136	160	184	208	0	167.092	100
138	162	186	210	0	156.435	100
140	164	188	212	0	146.006	100
142	166	190	214	0	136.355	100
144	168	192	216	0	127.54	100
146	170	194	218	0	119.606	100
148	172	196	220	0	112.748	100
150	174	198	222	0	107.209	100
152	176	200	224	0	102.608	100
154	178	202	226	0	98.5519	100
156	180	204	228	0	95.4513	100
158	182	206	230	0	93.2148	100
160	184	208	232	0	91.934	100
162	186	210	234	0	91.3289	100
164	188	212	236	0	91.1876	100
166	190	214	238	0	91.6338	100
168	192	216	240	0	92.7165	100
170	194	218	242	0	94.4804	100
172	196	220	244	0	97.1761	100
174	198	222	246	0	100.479	100
176	200	224	248	0	104.693	100
178	202	226	250	0	109.986	100
180	204	228	252	0	116.354	100
182	206	230	254	0	124.085	100
184	208	232	256	0	132.778	100
186	210	234	258	0	141.781	100
188	212	236	260	0	151.708	100
190	214	238	262	0	161.863	100
192	216	240	264	0	171.805	100
194	218	242	266	0	181.031	100
196	220	244	268	0	189.405	100
198	222	246	270	0	196.755	100
200	224	248	272	0	202.871	100
202	226	250	274	0	207.807	100
204	228	252	276	0	211.467	100
206	230	254	278	0	213.801	100
208	232	256	280	0	215.171	100
30	56	82	108	0	471.456	100
32	58	84	110	0	468.679	100
34	60	86	112	0	465.359	100
36	62	88	114	0	461.676	100
38	64	90	116	0	457.81	100
40	66	92	118	0	453.556	100
42	68	94	120	0	448.816	100
44	70	96	122	0	443.882	100
46	72	98	124	0	439.156	100
48	74	100	126	0	434.657	100
50	76	102	128	0	430.412	100
52	78	104	130	0	426.526	100
54	80	106	132	0	423.349	100
56	82	108	134	0	420.893	100
58	84	110	136	0	419.029	100
60	86	112	138	0	417.5	100
62	88	114	140	0	416.273	100
64	90	116	142	0	415.217	100
66	92	118	144	0	414.097	100
68	94	120	146	0	412.341	100
70	96	122	148	0	409.758	100
72	98	124	150	0	406.637	100
74	100	126	152	0	402.908	100
76	102	128	154	0	398.451	100
78	104	130	156	0	392.993	100
80	106	132	158	0	386.423	100
82	108	134	160	0	378.739	100
84	110	136	162	0	369.874	100
86	112	138	164	0	359.842	100
88	114	140	166	0	349.042	100
90	116	142	168	0	338.5	100
92	118	144	170	0	328.587	100
94	120	146	172	0	319.504	100
96	122	148	174	0	311.799	100
98	124	150	176	0	305.673	100
100	126	152	178	0	300.816	100
102	128	154	180	0	296.966	100
104	130	156	182	0	293.434	100
106	132	158	184	0	289.829	100
108	134	160	186	0	286.158	100
110	136	162	188	0	281.819	100
112	138	164	190	0	276.067	100
114	140	166	192	0	268.739	100
116	142	168	194	0	259.891	100
118	144	170	196	0	249.696	100
120	146	172	198	0	238.528	100
122	148	174	200	0	226.879	100
124	150	176	202	0	214.877	100
126	152	178	204	0	202.675	100
128	154	180	206	0	190.449	100
130	156	182	208	0	178.003	100
132	158	184	210	0	165.605	100
134	160	186	212	0	153.717	100
136	162	188	214	0	142.442	100
138	164	190	216	0	131.853	100
140	166	192	218	0	122.387	100
142	168	194	220	0	114.087	100
144	170	196	222	0	107.196	100
146	172	198	224	0	101.541	100
148	174	200	226	0	96.923	100
150	176	202	228	0	92.8895	100
152	178	204	230	0	89.734	100
154	180	206	232	0	87.4446	100
156	182	208	234	0	86.0353	100
158	184	210	236	0	85.1989	100
160	186	212	238	0	84.8738	100
162	188	214	240	0	84.9313	100
164	190	216	242	0	85.6077	100
166	192	218	244	0	86.8869	100
168	194	220	246	0	88.7985	100
170	196	222	248	0	91.4938	100
172	198	224	250	0	94.922	100
174	200	226	252	0	99.2685	100
176	202	228	254	0	104.426	100
178	204	230	256	0	110.774	100
180	206	232	258	0	118.387	100
182	208	234	260	0	127.019	100
184	210	236	262	0	136.072	100
186	212	238	264	0	146.08	100
188	214	240	266	0	156.413	100
190	216	242	268	0	166.453	100
192	218	244	270	0	176.099	100
194	220	246	272	0	184.896	100
196	222	248	274	0	192.501	100
198	224	250	276	0	198.966	100
200	226	252	278	0	204.478	100
202	228	254	280	0	208.664	100
30	58	86	114	0	488.823	100
32	60	88	116	0	484.467	100
34	62	90	118	0	479.829	100
36	64	92	120	0	475.156	100
38	66	94	122	0	470.163	100
40	68	96	124	0	464.817	100
42	70	98	126	0	459.701	100
44	72	100	128	0	454.913	100
46	74	102	130	0	450.68	100
48	76	104	132	0	446.887	100
50	78	106	134	0	443.634	100
52	80	108	136	0	441.17	100
54	82	110	138	0	439.276	100
56	84	112	140	0	437.519	100
58	86	114	142	0	435.552	100
60	88	116	144	0	433.581	100
62	90	118	146	0	431.396	100
64	92	120	148	0	428.587	100
66	94	122	150	0	425.023	100
68	96	124	152	0	420.766	100
70	98	126	154	0	415.998	100
72	100	128	156	0	410.546	100
74	102	130	158	0	404.151	100
76	104	132	160	0	396.529	100
78	106	134	162	0	387.851	100
80	108	136	164	0	378.034	100
82	110	138	166	0	367.274	100
84	112	140	168	0	355.9	100
86	114	142	170	0	344.724	100
88	116	144	172	0	334.409	100
90	118	146	174	0	325.197	100
92	120	148	176	0	317.404	100
94	122	150	178	0	311.088	100
96	124	152	180	0	306.123	100
98	126	154	182	0	302.254	100
100	128	156	184	0	298.881	100
102	130	158	186	0	295.498	100
104	132	160	188	0	291.962	100
106	134	162	190	0	287.873	100
108	136	164	192	0	282.454	100
110	138	166	194	0	275.541	100
112	140	168	196	0	266.787	100
114	142	170	198	0	256.426	100
116	144	172	200	0	244.739	100
118	146	174	202	0	232.124	100
120	148	176	204	0	218.96	100
122	150	178	206	0	205.631	100
124	152	180	208	0	192.189	100
126	154	182	210	0	178.748	100
128	156	184	212	0	165.322	100
130	158	186	214	0	152.397	100
132	160	188	216	0	140.324	100
134	162	190	218	0	129.239	100
136	164	192	220	0	119.151	100
138	166	194	222	0	110.387	100
140	168	196	224	0	103.181	100
142	170	198	226	0	97.4397	100
144	172	200	228	0	92.7104	100
146	174	202	230	0	88.7004	100
148	176	204	232	0	85.5614	100
150	178	206	234	0	83.2333	100
152	180	208	236	0	81.7572	100
154	182	210	238	0	80.8091	100
156	184	212	240	0	80.2863	100
158	186	214	242	0	80.1742	100
160	188	216	244	0	80.444	100
162	190	218	246	0	81.2532	100
164	192	220	248	0	82.6158	100
166	194	222	250	0	84.4951	100
168	196	224	252	0	87.1918	100
170	198	226	254	0	90.628	100
172	200	228	256	0	94.7664	100
174	202	230	258	0	99.7862	100
176	204	232	260	0	105.934	100
178	206	234	262	0	113.387	100
180	208	236	264	0	121.89	100
182	210	238	266	0	130.84	100
184	212	240	268	0	140.764	100
186	214	242	270	0	150.971	100
188	216	244	272	0	161.184	100
190	218	246	274	0	171.001	100
192	220	248	276	0	179.861	100
194	222	250	278	0	187.668	100
196	224	252	280	0	194.555	100
30	60	90	120	0	501.278	100
32	62	92	122	0	496.007	100
34	64	94	124	0	490.714	100
36	66	96	126	0	485.264	100
38	68	98	128	0	479.907	100
40	70	100	130	0	474.978	100
42	72	102	132	0	470.643	100
44	74	104	134	0	466.921	100
46	76	106	136	0	463.763	100
48	78	108	138	0	461.081	100
50	80	110	140	0	458.866	100
52	82	112	142	0	456.606	100
54	84	114	144	0	453.983	100
56	86	116	146	0	451.055	100
58	88	118	148	0	447.823	100
60	90	120	150	0	443.98	100
62	92	122	152	0	439.566	100
64	94	124	154	0	434.462	100
66	96	126	156	0	428.705	100
68	98	128	158	0	422.349	100
70	100	130	160	0	415.019	100
72	102	132	162	0	406.544	100
74	104	134	164	0	396.944	100
76	106	136	166	0	386.249	100
78	108	138	168	0	374.664	100
80	110	140	170	0	362.691	100
82	112	142	172	0	351.011	100
84	114	144	174	0	340.133	100
86	116	146	176	0	330.553	100
88	118	148	178	0	322.569	100
90	120	150	180	0	316.031	100
92	122	152	182	0	310.705	100
94	124	154	184	0	306.482	100
96	126	156	186	0	302.753	100
98	128	158	188	0	299.144	100
100	130	160	190	0	295.439	100
102	132	162	192	0	291.184	100
104	134	164	194	0	285.849	100
106	136	166	196	0	279.178	100
108	138	168	198	0	270.879	100
110	140	170	200	0	260.82	100
112	142	172	202	0	249.25	100
114	144	174	204	0	236.385	100
116	146	176	206	0	222.54	100
118	148	178	208	0	208.339	100
120	150	180	210	0	194.079	100
122	152	182	212	0	179.819	100
124	154	184	214	0	165.779	100
126	156	186	216	0	152.207	100
128	158	188	218	0	139.471	100
130	160	190	220	0	127.93	100
132	162	192	222	0	117.627	100
134	164	194	224	0	108.513	100
136	166	196	226	0	101.01	100
138	168	198	228	0	95.0184	100
140	170	200	230	0	90.1922	100
142	172	202	232	0	86.0691	100
144	174	204	234	0	82.8932	100
146	176	206	236	0	80.5269	100
148	178	208	238	0	78.9595	100
150	180	210	240	0	77.9307	100
152	182	212	242	0	77.2915	100
154	184	214	244	0	76.9717	100
156	186	216	246	0	77.0322	100
158	188	218	248	0	77.4265	100
160	190	220	250	0	78.2754	100
162	192	222	252	0	79.5523	100
164	194	224	254	0	81.3852	100
166	196	226	256	0	84.0085	100
168	198	228	258	0	87.1805	100
170	200	230	260	0	91.1161	100
172	202	232	262	0	95.9176	100
174	204	234	264	0	101.867	100
176	206	236	266	0	109.066	100
178	208	238	268	0	117.296	100
180	210	240	270	0	126.061	100
182	212	242	272	0	135.73	100
184	214	244	274	0	145.91	100
186	216	246	276	0	156.071	100
188	218	248	278	0	165.768	100
190	220	250	280	0	174.65	100
30	62	94	126	0	511.035	100
32	64	96	128	0	505.476	100
34	66	98	130	0	500.196	100
36	68	100	132	0	495.21	100
38	70	102	134	0	490.805	100
40	72	104	136	0	486.992	100
42	74	106	138	0	483.747	100
44	76	108	140	0	480.781	100
46	78	110	142	0	477.874	100
48	80	112	144	0	474.867	100
50	82	114	146	0	471.536	100
52	84	116	148	0	467.83	100
54	86	118	150	0	463.646	100
56	88	120	152	0	458.925	100
58	90	122	154	0	453.654	100
60	92	124	156	0	447.886	100
62	94	126	158	0	441.466	100
64	96	128	160	0	434.164	100
66	98	130	162	0	425.976	100
68	100	132	164	0	416.708	100
70	102	134	166	0	406.359	100
72	104	136	168	0	394.833	100
74	106	138	170	0	382.465	100
76	108	140	172	0	369.784	100
78	110	142	174	0	357.615	100
80	112	144	176	0	346.309	100
82	114	146	178	0	336.148	100
84	116	148	180	0	327.677	100
86	118	150	182	0	320.789	100
88	120	152	184	0	315.022	100
90	122	154	186	0	310.128	100
92	124	156	188	0	305.672	100
94	126	158	190	0	301.364	100
96	128	160	192	0	297.141	100
98	130	162	194	0	292.524	100
100	132	164	196	0	286.905	100
102	134	166	198	0	280.288	100
104	136	168	200	0	272.365	100
106	138	170	202	0	262.973	100
108	140	172	204	0	251.884	100
110	142	174	206	0	239.276	100
112	144	176	208	0	225.408	100
114	146	178	210	0	210.826	100
116	148	180	212	0	196.027	100
118	150	182	214	0	181.235	100
120	152	184	216	0	166.659	100
122	154	186	218	0	152.739	100
124	156	188	220	0	139.648	100
126	158	190	222	0	127.742	100
128	160	192	224	0	117.226	100
130	162	194	226	0	108.095	100
132	164	196	228	0	100.443	100
134	166	198	230	0	94.3089	100
136	168	200	232	0	89.339	100
138	170	202	234	0	85.1589	100
140	172	204	236	0	81.8418	100
142	174	206	238	0	79.3615	100
144	176	208	240	0	77.6575	100
146	178	210	242	0	76.481	100
148	180	212	244	0	75.7067	100
150	182	214	246	0	75.2311	100
152	184	216	248	0	75.0532	100
154	186	218	250	0	75.1881	100
156	188	220	252	0	75.5863	100
158	190	222	254	0	76.333	100
160	192	224	256	0	77.5206	100
162	194	226	258	0	79.2328	100
164	196	228	260	0	81.5669	100
166	198	230	262	0	84.5235	100
168	200	232	264	0	88.2253	100
170	202	234	266	0	92.7768	100
172	204	236	268	0	98.4274	100
174	206	238	270	0	105.299	100
176	208	240	272	0	113.241	100
178	210	242	274	0	121.71	100
180	212	244	276	0	131.217	100
182	214	246	278	0	141.207	100
184	216	248	280	0	151.122	100
30	64	98	132	0	520.714	100
32	66	100	134	0	515.862	100
34	68	102	136	0	511.362	100
36	70	104	138	0	507.329	100
38	72	106	140	0	503.627	100
40	74	108	142	0	500.084	100
42	76	110	144	0	496.465	100
44	78	112	146	0	492.538	100
46	80	114	148	0	488.365	100
48	82	116	150	0	483.949	100
50	84	118	152	0	479.142	100
52	86	120	154	0	473.665	100
54	88	122	156	0	467.691	100
56	90	124	158	0	461.235	100
58	92	126	160	0	454.187	100
60	94	128	162	0	446.282	100
62	96	130	164	0	437.327	100
64	98	132	166	0	427.286	100
66	100	134	168	0	416.174	100
68	102	136	170	0	403.986	100
70	104	138	172	0	390.908	100
72	106	140	174	0	377.567	100
74	108	142	176	0	364.764	100
76	110	144	178	0	352.97	100
78	112	146	180	0	342.34	100
80	114	148	182	0	333.199	100
82	116	150	184	0	325.611	100
84	118	152	186	0	319.168	100
86	120	154	188	0	313.479	100
88	122	156	190	0	308.065	100
90	124	158	192	0	302.809	100
92	126	160	194	0	297.714	100
94	128	162	196	0	292.448	100
96	130	164	198	0	286.461	100
98	132	166	200	0	279.69	100
100	134	168	202	0	271.993	100
102	136	170	204	0	263.069	100
104	138	172	206	0	252.716	100
106	140	174	208	0	240.752	100
108	142	176	210	0	227.338	100
110	144	178	212	0	212.939	100
112	146	180	214	0	197.985	100
114	148	182	216	0	182.897	100
116	150	184	218	0	168.017	100
118	152	186	220	0	153.768	100
120	154	188	222	0	140.509	100
122	156	190	224	0	128.448	100
124	158	192	226	0	117.783	100
126	160	194	228	0	108.633	100
128	162	196	230	0	101.09	100
130	164	198	232	0	94.939	100
132	166	200	234	0	89.9572	100
134	168	202	236	0	85.7647	100
136	170	204	238	0	82.4386	100
138	172	206	240	0	79.8151	100
140	174	208	242	0	77.9261	100
142	176	210	244	0	76.5349	100
144	178	212	246	0	75.5292	100
146	180	214	248	0	74.8463	100
148	182	216	250	0	74.4427	100
150	184	218	252	0	74.279	100
152	186	220	254	0	74.3649	100
154	188	222	256	0	74.6398	100
156	190	224	258	0	75.2574	100
158	192	226	260	0	76.2985	100
160	194	228	262	0	77.7487	100
162	196	230	264	0	79.8496	100
164	198	232	266	0	82.5383	100
166	200	234	268	0	85.9584	100
168	202	236	270	0	90.21	100
170	204	238	272	0	95.5347	100
172	206	240	274	0	102.089	100
174	208	242	276	0	109.663	100
176	210	244	278	0	117.916	100
178	212	246	280	0	127.162	100
30	66	102	138	0	532.329	100
32	68	104	140	0	527.844	100
34	70	106	142	0	523.419	100
36	72	108	144	0	519.025	100
38	74	110	146	0	514.602	100
40	76	112	148	0	509.88	100
42	78	114	150	0	504.815	100
44	80	116	152	0	499.678	100
46	82	118	154	0	494.313	100
48	84	120	156	0	488.38	100
50	86	122	158	0	481.827	100
52	88	124	160	0	474.743	100
54	90	126	162	0	467.047	100
56	92	128	164	0	458.63	100
58	94	130	166	0	449.14	100
60	96	132	168	0	438.402	100
62	98	134	170	0	426.618	100
64	100	136	172	0	413.742	100
66	102	138	174	0	400.064	100
68	104	140	176	0	386.108	100
70	106	142	178	0	372.692	100
72	108	144	180	0	360.256	100
74	110	146	182	0	349.053	100
76	112	148	184	0	339.263	100
78	114	150	186	0	330.752	100
80	116	152	188	0	323.306	100
82	118	154	190	0	316.637	100
84	120	156	192	0	310.201	100
86	122	158	194	0	303.871	100
88	124	160	196	0	297.752	100
90	126	162	198	0	291.633	100
92	128	164	200	0	285.13	100
94	130	166	202	0	278.16	100
96	132	168	204	0	270.427	100
98	134	170	206	0	261.811	100
100	136	172	208	0	252.033	100
102	138	174	210	0	240.907	100
104	140	176	212	0	228.286	100
106	142	178	214	0	214.485	100
108	144	180	216	0	199.841	100
110	146	182	218	0	184.734	100
112	148	184	220	0	169.708	100
114	150	186	222	0	155.313	100
116	152	188	224	0	141.888	100
118	154	190	226	0	129.786	100
120	156	192	228	0	119.109	100
122	158	194	230	0	109.963	100
124	160	196	232	0	102.517	100
126	162	198	234	0	96.5569	100
128	164	200	236	0	91.6624	100
130	166	202	238	0	87.5699	100
132	168	204	240	0	84.3108	100
134	170	206	242	0	81.7346	100
136	172	208	244	0	79.7322	100
138	174	210	246	0	78.1459	100
140	176	212	248	0	76.8728	100
142	178	214	250	0	75.8805	100
144	180	216	252	0	75.1665	100
146	182	218	254	0	74.6867	100
148	184	220	256	0	74.4098	100
150	186	222	258	0	74.3167	100
152	188	224	260	0	74.4328	100
154	190	226	262	0	74.8909	100
156	192	228	264	0	75.6748	100
158	194	230	266	0	76.8835	100
160	196	232	268	0	78.695	100
162	198	234	270	0	81.0938	100
164	200	236	272	0	84.2144	100
166	202	238	274	0	88.156	100
168	204	240	276	0	93.1673	100
170	206	242	278	0	99.3445	100
172	208	244	280	0	106.642	100
30	68	106	144	0	543.064	100
32	70	108	146	0	537.746	100
34	72	110	148	0	532.378	100
36	74	112	150	0	526.888	100
38	76	114	152	0	521.172	100
40	78	116	154	0	515.323	100
42	80	118	156	0	509.408	100
44	82	120	158	0	503.045	100
46	84	122	160	0	496.089	100
48	86	124	162	0	488.472	100
50	88	126	164	0	480.272	100
52	90	128	166	0	471.292	100
54	92	130	168	0	461.308	100
56	94	132	170	0	450.09	100
58	96	134	172	0	437.664	100
60	98	136	174	0	424.194	100
62	100	138	176	0	409.933	100
64	102	140	178	0	395.404	100
66	104	142	180	0	381.346	100
68	106	144	182	0	368.254	100
70	108	146	184	0	356.298	100
72	110	148	186	0	345.694	100
74	112	150	188	0	336.229	100
76	114	152	190	0	327.603	100
78	116	154	192	0	319.753	100
80	118	156	194	0	312.241	100
82	120	158	196	0	304.825	100
84	122	160	198	0	297.649	100
86	124	162	200	0	290.656	100
88	126	164	202	0	283.517	100
90	128	166	204	0	276.167	100
92	130	168	206	0	268.325	100
94	132	170	208	0	259.803	100
96	134	172	210	0	250.454	100
98	136	174	212	0	240.031	100
100	138	176	214	0	228.332	100
102	140	178	216	0	215.366	100
104	142	180	218	0	201.357	100
106	144	182	220	0	186.624	100
108	146	184	222	0	171.674	100
110	148	186	224	0	157.224	100
112	150	188	226	0	143.757	100
114	152	190	228	0	131.621	100
116	154	192	230	0	121.015	100
118	156	194	232	0	111.95	100
120	158	196	234	0	104.591	100
122	160	198	236	0	98.7929	100
124	162	200	238	0	94.1479	100
126	164	202	240	0	90.2265	100
128	166	204	242	0	87.1252	100
130	168	206	244	0	84.6642	100
132	170	208	246	0	82.7458	100
134	172	210	248	0	81.1125	100
136	174	212	250	0	79.6834	100
138	176	214	252	0	78.4095	100
140	178	216	254	0	77.3235	100
142	180	218	256	0	76.4486	100
144	182	220	258	0	75.7591	100
146	184	222	260	0	75.2388	100
148	186	224	262	0	74.9421	100
150	188	226	264	0	74.8675	100
152	190	228	266	0	75.0447	100
154	192	230	268	0	75.5632	100
156	194	232	270	0	76.4925	100
158	196	234	272	0	78.0147	100
160	198	236	274	0	80.1186	100
162	200	238	276	0	82.9276	100
164	202	240	278	0	86.5694	100
166	204	242	280	0	91.2332	100
30	70	110	150	0	550.023	100
32	72	112	152	0	543.755	100
34	74	114	154	0	537.435	100
36	76	116	156	0	531.108	100
38	78	118	158	0	524.621	100
40	80	120	160	0	517.775	100
42	82	122	162	0	510.444	100
44	84	124	164	0	502.502	100
46	86	126	166	0	493.836	100
48	88	128	168	0	484.365	100
50	90	130	170	0	473.869	100
52	92	132	172	0	462.207	100
54	94	134	174	0	449.321	100
56	96	136	176	0	435.267	100
58	98	138	178	0	420.432	100
60	100	140	180	0	405.322	100
62	102	142	182	0	390.679	100
64	104	144	184	0	376.835	100
66	106	146	186	0	364.006	100
68	108	148	188	0	352.391	100
70	110	150	190	0	341.879	100
72	112	152	192	0	332.133	100
74	114	154	194	0	323.013	100
76	116	156	196	0	314.287	100
78	118	158	198	0	305.856	100
80	120	160	200	0	297.748	100
82	122	162	202	0	289.893	100
84	124	164	204	0	282.031	100
86	126	166	206	0	274.17	100
88	128	168	208	0	266.105	100
90	130	170	210	0	257.618	100
92	132	172	212	0	248.507	100
94	134	174	214	0	238.614	100
96	136	176	216	0	227.664	100
98	138	178	218	0	215.617	100
100	140	180	220	0	202.432	100
102	142	182	222	0	188.322	100
104	144	184	224	0	173.76	100
106	146	186	226	0	159.448	100
108	148	188	228	0	146.017	100
110	150	190	230	0	133.921	100
112	152	192	232	0	123.366	100
114	154	194	234	0	114.448	100
116	156	196	236	0	107.229	100
118	158	198	238	0	101.56	100
120	160	200	240	0	97.1104	100
122	162	202	242	0	93.471	100
124	164	204	244	0	90.5767	100
126	166	206	246	0	88.3055	100
128	168	208	248	0	86.5285	100
130	170	210	250	0	85.0136	100
132	172	212	252	0	83.5835	100
134	174	214	254	0	82.2044	100
136	176	216	256	0	80.8767	100
138	178	218	258	0	79.6192	100
140	180	220	260	0	78.4883	100
142	182	222	262	0	77.5072	100
144	184	224	264	0	76.7192	100
146	186	226	266	0	76.1539	100
148	188	228	268	0	75.7588	100
150	190	230	270	0	75.6466	100
152	192	232	272	0	75.8742	100
154	194	234	274	0	76.52	100
156	196	236	276	0	77.7422	100
158	198	238	278	0	79.5438	100
160	200	240	280	0	82.0611	100
30	72	114	156	0	553.771	100
32	74	116	158	0	546.981	100
34	76	118	160	0	540.056	100
36	78	120	162	0	532.715	100
38	80	122	164	0	525.003	100
40	82	124	166	0	516.744	100
42	84	126	168	0	507.752	100
44	86	128	170	0	497.823	100
46	88	130	172	0	486.87	100
48	90	132	174	0	474.718	100
50	92	134	176	0	461.407	100
52	94	136	178	0	446.896	100
54	96	138	180	0	431.449	100
56	98	140	182	0	415.731	100
58	100	142	184	0	400.405	100
60	102	144	186	0	385.796	100
62	104	146	188	0	372.019	100
64	106	148	190	0	359.322	100
66	108	150	192	0	347.638	100
68	110	152	194	0	336.768	100
70	112	154	196	0	326.511	100
72	114	156	198	0	316.597	100
74	116	158	200	0	307.121	100
76	118	160	202	0	298.188	100
78	120	162	204	0	289.556	100
80	122	164	206	0	280.982	100
82	124	166	208	0	272.557	100
84	126	168	210	0	264.133	100
86	128	170	212	0	255.584	100
88	130	172	214	0	246.636	100
90	132	174	216	0	237.061	100
92	134	176	218	0	226.665	100
94	136	178	220	0	215.349	100
96	138	180	222	0	203.034	100
98	140	182	224	0	189.708	100
100	142	184	226	0	175.753	100
102	144	186	228	0	161.839	100
104	146	188	230	0	148.598	100
106	148	190	232	0	136.606	100
108	150	192	234	0	126.155	100
110	152	194	236	0	117.344	100
112	154	196	238	0	110.298	100
114	156	198	240	0	104.799	100
116	158	200	242	0	100.51	100
118	160	202	244	0	97.0826	100
120	162	204	246	0	94.4599	100
122	164	206	248	0	92.4024	100
124	166	208	250	0	90.8194	100
126	168	210	252	0	89.4624	100
128	170	212	254	0	88.1633	100
130	172	214	256	0	86.8189	100
132	174	216	258	0	85.4255	100
134	176	218	260	0	83.9885	100
136	178	220	262	0	82.5435	100
138	180	222	264	0	81.1474	100
140	182	224	266	0	79.857	100
142	184	226	268	0	78.7424	100
144	186	228	270	0	77.8067	100
146	188	230	272	0	77.0781	100
148	190	232	274	0	76.6462	100
150	192	234	276	0	76.5663	100
152	194	236	278	0	76.9086	100
154	196	238	280	0	77.8279	100
30	74	118	162	0	555.653	100
32	76	120	164	0	547.983	100
34	78	122	166	0	539.838	100
36	80	124	168	0	531.216	100
38	82	126	170	0	521.909	100
40	84	128	172	0	511.666	100
42	86	130	174	0	500.262	100
44	88	132	176	0	487.642	100
46	90	134	178	0	473.818	100
48	92	136	180	0	458.817	100
50	94	138	182	0	442.854	100
52	96	140	184	0	426.44	100
54	98	142	186	0	410.327	100
56	100	144	188	0	394.832	100
58	102	146	190	0	380.109	100
60	104	148	192	0	366.35	100
62	106	150	194	0	353.554	100
64	108	152	196	0	341.51	100
66	110	154	198	0	330.186	100
68	112	156	200	0	319.308	100
70	114	158	202	0	308.874	100
72	116	160	204	0	299.056	100
74	118	162	206	0	289.723	100
76	120	164	208	0	280.537	100
78	122	166	210	0	271.573	100
80	124	168	212	0	262.766	100
82	126	170	214	0	253.996	100
84	128	172	216	0	245.059	100
86	130	174	218	0	235.693	100
88	132	176	220	0	225.636	100
90	134	178	222	0	214.859	100
92	136	180	224	0	203.229	100
94	138	182	226	0	190.724	100
96	140	184	228	0	177.524	100
98	142	186	230	0	164.206	100
100	144	188	232	0	151.372	100
102	146	190	234	0	139.607	100
104	148	192	236	0	129.307	100
106	150	194	238	0	120.644	100
108	152	196	240	0	113.733	100
110	154	198	242	0	108.409	100
112	156	200	244	0	104.292	100
114	158	202	246	0	101.044	100
116	160	204	248	0	98.6293	100
118	162	206	250	0	96.8148	100
120	164	208	252	0	95.4186	100
122	166	210	254	0	94.2454	100
124	168	212	256	0	93.1037	100
126	170	214	258	0	91.888	100
128	172	216	260	0	90.5488	100
130	174	218	262	0	89.0959	100
132	176	220	264	0	87.5411	100
134	178	222	266	0	85.9047	100
136	180	224	268	0	84.2657	100
138	182	226	270	0	82.6815	100
140	184	228	272	0	81.1915	100
142	186	230	274	0	79.8868	100
144	188	232	276	0	78.7951	100
146	190	234	278	0	78.0139	100
148	192	236	280	0	77.6044	100
30	76	122	168	0	555.006	100
32	78	124	170	0	545.974	100
34	80	126	172	0	536.304	100
36	82	128	174	0	525.738	100
38	84	130	176	0	513.993	100
40	86	132	178	0	500.888	100
42	88	134	180	0	486.519	100
44	90	136	182	0	470.912	100
46	92	138	184	0	454.337	100
48	94	140	186	0	437.213	100
50	96	142	188	0	420.215	100
52	98	144	190	0	403.784	100
54	100	146	192	0	388.08	100
56	102	148	194	0	373.346	100
58	104	150	196	0	359.498	100
60	106	152	198	0	346.435	100
62	108	154	200	0	334.138	100
64	110	156	202	0	322.413	100
66	112	158	204	0	311.17	100
68	114	160	206	0	300.536	100
70	116	162	208	0	290.488	100
72	118	164	210	0	280.769	100
74	120	166	212	0	271.356	100
76	122	168	214	0	262.155	100
78	124	170	216	0	253.1	100
80	126	172	218	0	244.007	100
82	128	174	220	0	234.675	100
84	130	176	222	0	224.821	100
86	132	178	224	0	214.369	100
88	134	180	226	0	203.254	100
90	136	182	228	0	191.411	100
92	138	184	230	0	178.993	100
94	140	186	232	0	166.402	100
96	142	188	234	0	154.156	100
98	144	190	236	0	142.81	100
100	146	192	238	0	132.765	100
102	148	194	240	0	124.282	100
104	150	196	242	0	117.533	100
106	152	198	244	0	112.35	100
108	154	200	246	0	108.404	100
110	156	202	248	0	105.326	100
112	158	204	250	0	103.072	100
114	160	206	252	0	101.441	100
116	162	208	254	0	100.248	100
118	164	210	256	0	99.2325	100
120	166	212	258	0	98.2384	100
122	168	214	260	0	97.1636	100
124	170	216	262	0	95.9599	100
126	172	218	264	0	94.5828	100
128	174	220	266	0	93.0299	100
130	176	222	268	0	91.3317	100
132	178	224	270	0	89.5345	100
134	180	226	272	0	87.6972	100
136	182	228	274	0	85.8354	100
138	184	230	276	0	84.022	100
140	186	232	278	0	82.3514	100
142	188	234	280	0	80.8872	100
30	78	126	174	0	550.961	100
32	80	128	176	0	540.008	100
34	82	130	178	0	527.873	100
36	84	132	180	0	514.335	100
38	86	134	182	0	499.37	100
40	88	136	184	0	483.08	100
42	90	138	186	0	465.703	100
44	92	140	188	0	447.748	100
46	94	142	190	0	429.882	100
48	96	144	192	0	412.487	100
50	98	146	194	0	395.853	100
52	100	148	196	0	380.177	100
54	102	150	198	0	365.448	100
56	104	152	200	0	351.529	100
58	106	154	202	0	338.434	100
60	108	156	204	0	325.918	100
62	110	158	206	0	313.991	100
64	112	160	208	0	302.711	100
66	114	162	210	0	292	100
68	116	164	212	0	281.744	100
70	118	166	214	0	271.938	100
72	120	168	216	0	262.381	100
74	122	170	218	0	252.987	100
76	124	172	220	0	243.644	100
78	126	174	222	0	234.172	100
80	128	176	224	0	224.357	100
82	130	178	226	0	214.093	100
84	132	180	228	0	203.293	100
86	134	182	230	0	191.954	100
88	136	184	232	0	180.18	100
90	138	186	234	0	168.34	100
92	140	188	236	0	156.798	100
94	142	190	238	0	146.03	100
96	144	192	240	0	136.413	100
98	146	194	242	0	128.209	100
100	148	196	244	0	121.65	100
102	150	198	246	0	116.626	100
104	152	200	248	0	112.821	100
106	154	202	250	0	109.904	100
108	156	204	252	0	107.793	100
110	158	206	254	0	106.288	100
112	160	208	256	0	105.234	100
114	162	210	258	0	104.38	100
116	164	212	260	0	103.511	100
118	166	214	262	0	102.56	100
120	168	216	264	0	101.472	100
122	170	218	266	0	100.201	100
124	172	220	268	0	98.723	100
126	174	222	270	0	97.0578	100
128	176	224	272	0	95.2434	100
130	178	226	274	0	93.3177	100
132	180	228	276	0	91.2952	100
134	182	230	278	0	89.2187	100
136	184	232	280	0	87.1447	100
30	80	130	180	0	541.822	100
32	82	132	182	0	527.772	100
34	84	134	184	0	512.196	100
36	86	136	186	0	495.099	100
38	88	138	188	0	476.815	100
40	90	140	190	0	457.91	100
42	92	142	192	0	439.131	100
44	94	144	194	0	420.865	100
46	96	146	196	0	403.326	100
48	98	148	198	0	386.833	100
50	100	150	200	0	371.368	100
52	102	152	202	0	356.803	100
54	104	154	204	0	343.026	100
56	106	156	206	0	329.875	100
58	108	158	208	0	317.336	100
60	110	160	210	0	305.527	100
62	112	162	212	0	294.346	100
64	114	164	214	0	283.577	100
66	116	166	216	0	273.316	100
68	118	168	218	0	263.416	100
70	120	170	220	0	253.698	100
72	122	172	222	0	244.032	100
74	124	174	224	0	234.314	100
76	126	176	226	0	224.367	100
78	128	178	228	0	214.149	100
80	130	180	230	0	203.543	100
82	132	182	232	0	192.517	100
84	134	184	234	0	181.237	100
86	136	186	236	0	170.021	100
88	138	188	238	0	159.202	100
90	140	190	240	0	149.117	100
92	142	192	242	0	140.069	100
94	144	194	244	0	132.294	100
96	146	196	246	0	126.024	100
98	148	198	248	0	121.202	100
100	150	200	250	0	117.555	100
102	152	202	252	0	114.765	100
104	154	204	254	0	112.784	100
106	156	206	256	0	111.387	100
108	158	208	258	0	110.412	100
110	160	210	260	0	109.654	100
112	162	212	262	0	108.908	100
114	164	214	264	0	108.053	100
116	166	216	266	0	107.042	100
118	168	218	268	0	105.842	100
120	170	220	270	0	104.449	100
122	172	222	272	0	102.859	100
124	174	224	274	0	101.099	100
126	176	226	276	0	99.1918	100
128	178	228	278	0	97.1379	100
130	180	230	280	0	94.9798	100
30	82	134	186	0	524.731	100
32	84	136	188	0	506.782	100
34	86	138	190	0	487.521	100
36	88	140	192	0	467.636	100
38	90	142	194	0	447.917	100
40	92	144	196	0	428.802	100
42	94	146	198	0	410.522	100
44	96	148	200	0	393.332	100
46	98	150	202	0	377.291	100
48	100	152	204	0	362.17	100
50	102	154	206	0	347.906	100
52	104	156	208	0	334.259	100
54	106	158	210	0	321.248	100
56	108	160	212	0	308.997	100
58	110	162	214	0	297.424	100
60	112	164	216	0	286.274	100
62	114	166	218	0	275.567	100
64	116	168	220	0	265.239	100
66	118	170	222	0	255.175	100
68	120	172	224	0	245.18	100
70	122	174	226	0	235.153	100
72	124	176	228	0	224.977	100
74	126	178	230	0	214.643	100
76	128	180	232	0	204.09	100
78	130	182	234	0	193.273	100
80	132	184	236	0	182.318	100
82	134	186	238	0	171.583	100
84	136	188	240	0	161.361	100
86	138	190	242	0	151.968	100
88	140	192	244	0	143.579	100
90	142	194	246	0	136.364	100
92	144	196	248	0	130.525	100
94	146	198	250	0	125.999	100
96	148	200	252	0	122.554	100
98	150	202	254	0	119.92	100
100	152	204	256	0	118.049	100
102	154	206	258	0	116.738	100
104	156	208	260	0	115.831	100
106	158	210	262	0	115.125	100
108	160	212	264	0	114.436	100
110	162	214	266	0	113.638	100
112	164	216	268	0	112.667	100
114	166	218	270	0	111.515	100
116	168	220	272	0	110.168	100
118	170	222	274	0	108.639	100
120	172	224	276	0	106.94	100
122	174	226	278	0	105.091	100
124	176	228	280	0	103.087	100
30	84	138	192	0	497.723	100
32	86	140	194	0	476.874	100
34	88	142	196	0	456.242	100
36	90	144	198	0	436.335	100
38	92	146	200	0	417.428	100
40	94	148	202	0	399.743	100
42	96	150	204	0	383.196	100
44	98	152	206	0	367.652	100
46	100	154	208	0	353.015	100
48	102	156	210	0	339.041	100
50	104	158	212	0	325.714	100
52	106	160	214	0	313.135	100
54	108	162	216	0	301.198	100
56	110	164	218	0	289.706	100
58	112	166	220	0	278.637	100
60	114	168	222	0	267.872	100
62	116	170	224	0	257.386	100
64	118	172	226	0	247.044	100
66	120	174	228	0	236.691	100
68	122	176	230	0	226.227	100
70	124	178	232	0	215.688	100
72	126	180	234	0	205.046	100
74	128	182	236	0	194.301	100
76	130	184	238	0	183.567	100
78	132	186	240	0	173.16	100
80	134	188	242	0	163.408	100
82	136	190	244	0	154.579	100
84	138	192	246	0	146.844	100
86	140	194	248	0	140.269	100
88	142	196	250	0	134.978	100
90	144	198	252	0	130.876	100
92	146	200	254	0	127.735	100
94	148	202	256	0	125.311	100
96	150	204	258	0	123.578	100
98	152	206	260	0	122.36	100
100	154	208	262	0	121.515	100
102	156	210	264	0	120.843	100
104	158	212	266	0	120.15	100
106	160	214	268	0	119.354	100
108	162	216	270	0	118.396	100
110	164	218	272	0	117.239	100
112	166	220	274	0	115.901	100
114	168	222	276	0	114.393	100
116	170	224	278	0	112.735	100
118	172	226	280	0	110.931	100
30	86	142	198	0	464.146	100
32	88	144	200	0	443.564	100
34	90	146	202	0	424.123	100
36	92	148	204	0	406.01	100
38	94	150	206	0	389.125	100
40	96	152	208	0	373.263	100
42	98	154	210	0	358.366	100
44	100	156	212	0	344.187	100
46	102	158	214	0	330.677	100
48	104	160	216	0	317.856	100
50	106	162	218	0	305.637	100
52	108	164	220	0	293.81	100
54	110	166	222	0	282.392	100
56	112	168	224	0	271.257	100
58	114	170	226	0	260.334	100
60	116	172	228	0	249.58	100
62	118	174	230	0	238.899	100
64	120	176	232	0	228.126	100
66	122	178	234	0	217.322	100
68	124	180	236	0	206.503	100
70	126	182	238	0	195.701	100
72	128	184	240	0	185.063	100
74	130	186	242	0	174.882	100
76	132	188	244	0	165.451	100
78	134	190	246	0	157.07	100
80	136	192	248	0	149.874	100
82	138	194	250	0	143.914	100
84	140	196	252	0	139.229	100
86	142	198	254	0	135.661	100
88	144	200	256	0	132.946	100
90	146	202	258	0	130.829	100
92	148	204	260	0	129.31	100
94	150	206	262	0	128.234	100
96	152	208	264	0	127.467	100
98	154	210	266	0	126.82	100
100	156	212	268	0	126.114	100
102	158	214	270	0	125.275	100
104	160	216	272	0	124.272	100
106	162	218	274	0	123.085	100
108	164	220	276	0	121.703	100
110	166	222	278	0	120.166	100
112	168	224	280	0	118.5	100
30	88	146	204	0	430.663	100
32	90	148	206	0	412.19	100
34	92	150	208	0	395.058	100
36	94	152	210	0	379.025	100
38	96	154	212	0	363.981	100
40	98	156	214	0	349.689	100
42	100	158	216	0	336.051	100
44	102	160	218	0	323.077	100
46	104	162	220	0	310.631	100
48	106	164	222	0	298.515	100
50	108	166	224	0	286.754	100
52	110	168	226	0	275.266	100
54	112	170	228	0	263.97	100
56	114	172	230	0	252.792	100
58	116	174	232	0	241.715	100
60	118	176	234	0	230.639	100
62	120	178	236	0	219.559	100
64	122	180	238	0	208.504	100
66	124	182	240	0	197.559	100
68	126	184	242	0	186.894	100
70	128	186	244	0	176.825	100
72	130	188	246	0	167.621	100
74	132	190	248	0	159.547	100
76	134	192	250	0	152.769	100
78	136	194	252	0	147.31	100
80	138	196	254	0	143.201	100
82	140	198	256	0	140.212	100
84	142	200	258	0	138.014	100
86	144	202	260	0	136.327	100
88	146	204	262	0	135.135	100
90	148	206	264	0	134.28	100
92	150	208	266	0	133.637	100
94	152	210	268	0	133.044	100
96	154	212	270	0	132.34	100
98	156	214	272	0	131.458	100
100	158	216	274	0	130.378	100
102	160	218	276	0	129.103	100
104	162	220	278	0	127.649	100
106	164	222	280	0	126.038	100
30	90	150	210	0	401.043	100
32	92	152	212	0	384.933	100
34	94	154	214	0	369.852	100
36	96	156	216	0	355.494	100
38	98	158	218	0	341.782	100
40	100	160	220	0	328.691	100
42	102	162	222	0	316.076	100
44	104	164	224	0	303.714	100
46	106	166	226	0	291.656	100
48	108	168	228	0	279.819	100
50	110	170	230	0	268.176	100
52	112	172	232	0	256.636	100
54	114	174	234	0	245.157	100
56	116	176	236	0	233.714	100
58	118	178	238	0	222.353	100
60	120	180	240	0	211.057	100
62	122	182	242	0	199.92	100
64	124	184	244	0	189.144	100
66	126	186	246	0	179.07	100
68	128	188	248	0	169.985	100
70	130	190	250	0	162.131	100
72	132	192	252	0	155.634	100
74	134	194	254	0	150.557	100
76	136	196	256	0	146.906	100
78	138	198	258	0	144.452	100
80	140	200	260	0	142.817	100
82	142	202	262	0	141.655	100
84	144	204	264	0	140.896	100
86	146	206	266	0	140.36	100
88	148	208	268	0	139.928	100
90	150	210	270	0	139.458	100
92	152	212	272	0	138.799	100
94	154	214	274	0	137.901	100
96	156	216	276	0	136.753	100
98	158	218	278	0	135.374	100
100	160	220	280	0	133.804	100
30	92	154	216	0	375.92	100
32	94	156	218	0	361.562	100
34	96	158	220	0	347.793	100
36	98	160	222	0	334.61	100
38	100	162	224	0	321.852	100
40	102	164	226	0	309.309	100
42	104	166	228	0	296.996	100
44	106	168	230	0	284.858	100
46	108	170	232	0	272.875	100
48	110	172	234	0	260.998	100
50	112	174	236	0	249.177	100
52	114	176	238	0	237.363	100
54	116	178	240	0	225.666	100
56	118	180	242	0	214.124	100
58	120	182	244	0	202.778	100
60	122	184	246	0	191.85	100
62	124	186	248	0	181.701	100
64	126	188	250	0	172.627	100
66	128	190	252	0	164.881	100
68	130	192	254	0	158.582	100
70	132	194	256	0	153.759	100
72	134	196	258	0	150.443	100
74	136	198	260	0	148.409	100
76	138	200	262	0	147.293	100
78	140	202	264	0	146.689	100
80	142	204	266	0	146.436	100
82	144	206	268	0	146.323	100
84	146	208	270	0	146.209	100
86	148	210	272	0	145.955	100
88	150	212	274	0	145.416	100
90	152	214	276	0	144.555	100
92	154	216	278	0	143.378	100
94	156	218	280	0	141.918	100
30	94	158	222	0	354.017	100
32	96	160	224	0	340.752	100
34	98	162	226	0	327.88	100
36	100	164	228	0	315.186	100
38	102	166	230	0	302.682	100
40	104	168	232	0	290.293	100
42	106	170	234	0	278.017	100
44	108	172	236	0	265.811	100
46	110	174	238	0	253.673	100
48	112	176	240	0	241.541	100
50	114	178	242	0	229.509	100
52	116	180	244	0	217.666	100
54	118	182	246	0	206.107	100
56	120	184	248	0	195.013	100
58	122	186	250	0	184.742	100
60	124	188	252	0	175.611	100
62	126	190	254	0	167.883	100
64	128	192	256	0	161.68	100
66	130	194	258	0	157.017	100
68	132	196	260	0	153.922	100
70	134	198	262	0	152.198	100
72	136	200	264	0	151.476	100
74	138	202	266	0	151.355	100
76	140	204	268	0	151.636	100
78	142	206	270	0	152.027	100
80	144	208	272	0	152.338	100
82	146	210	274	0	152.406	100
84	148	212	276	0	152.077	100
86	150	214	278	0	151.333	100
88	152	216	280	0	150.19	100
30	96	162	228	0	334.081	100
32	98	164	230	0	321.267	100
34	100	166	232	0	308.607	100
36	102	168	234	0	296.034	100
38	104	170	236	0	283.512	100
40	106	172	238	0	271.029	100
42	108	174	240	0	258.584	100
44	110	176	242	0	246.157	100
46	112	178	244	0	233.836	100
48	114	180	246	0	221.691	100
50	116	182	248	0	209.877	100
52	118	184	250	0	198.609	100
54	120	186	252	0	188.197	100
56	122	188	254	0	178.968	100
58	124	190	256	0	171.192	100
60	126	192	258	0	164.995	100
62	128	194	260	0	160.412	100
64	130	196	262	0	157.455	100
66	132	198	264	0	155.918	100
68	134	200	266	0	155.462	100
70	136	202	268	0	155.705	100
72	138	204	270	0	156.451	100
74	140	206	272	0	157.363	100
76	142	208	274	0	158.174	100
78	144	210	276	0	158.664	100
80	146	212	278	0	158.658	100
82	148	214	280	0	158.125	100
30	98	166	234	0	314.701	100
32	100	168	236	0	301.976	100
34	102	170	238	0	289.277	100
36	104	172	240	0	276.565	100
38	106	174	242	0	263.862	100
40	108	176	244	0	251.153	100
42	110	178	246	0	238.564	100
44	112	180	248	0	226.163	100
46	114	182	250	0	214.091	100
48	116	184	252	0	202.601	100
50	118	186	254	0	192.047	100
52	120	188	256	0	182.703	100
54	122	190	258	0	174.835	100
56	124	192	260	0	168.592	100
58	126	194	262	0	164.013	100
60	128	196	264	0	161.113	100
62	130	198	266	0	159.672	100
64	132	200	268	0	159.364	100
66	134	202	270	0	159.844	100
68	136	204	272	0	160.93	100
70	138	206	274	0	162.291	100
72	140	208	276	0	163.612	100
74	142	210	278	0	164.597	100
76	144	212	280	0	165.014	100
30	100	170	240	0	295.217	100
32	102	172	242	0	282.339	100
34	104	174	244	0	269.425	100
36	106	176	246	0	256.484	100
38	108	178	248	0	243.643	100
40	110	180	250	0	231.007	100
42	112	182	252	0	218.71	100
44	114	184	254	0	206.997	100
46	116	186	256	0	196.259	100
48	118	188	258	0	186.79	100
50	120	190	260	0	178.825	100
52	122	192	262	0	172.508	100
54	124	194	264	0	167.88	100
56	126	196	266	0	164.95	100
58	128	198	268	0	163.53	100
60	130	200	270	0	163.291	100
62	132	202	272	0	163.896	100
64	134	204	274	0	165.194	100
66	136	206	276	0	166.867	100
68	138	208	278	0	168.62	100
70	140	210	280	0	170.111	100
30	102	174	246	0	275.199	100
32	104	176	248	0	262.072	100
34	106	178	250	0	249.026	100
36	108	180	252	0	236.168	100
38	110	182	254	0	223.668	100
40	112	184	256	0	211.769	100
42	114	186	258	0	200.836	100
44	116	188	260	0	191.211	100
46	118	190	262	0	183.151	100
48	120	192	264	0	176.747	100
50	122	194	266	0	172.031	100
52	124	196	268	0	169.031	100
54	126	198	270	0	167.558	100
56	128	200	272	0	167.315	100
58	130	202	274	0	167.964	100
60	132	204	276	0	169.358	100
62	134	206	278	0	171.222	100
64	136	208	280	0	173.267	100
30	104	178	252	0	254.637	100
32	106	180	254	0	241.602	100
34	108	182	256	0	228.912	100
36	110	184	258	0	216.842	100
38	112	186	260	0	205.753	100
40	114	188	262	0	195.98	100
42	116	190	264	0	187.791	100
44	118	192	266	0	181.289	100
46	120	194	268	0	176.479	100
48	122	196	270	0	173.38	100
50	124	198	272	0	171.818	100
52	126	200	274	0	171.504	100
54	128	202	276	0	172.122	100
56	130	204	278	0	173.532	100
58	132	206	280	0	175.469	100
30	106	182	258	0	234.398	100
32	108	184	260	0	222.174	100
34	110	186	262	0	210.958	100
36	112	188	264	0	201.064	100
38	114	190	266	0	192.739	100
40	116	192	268	0	186.114	100
42	118	194	270	0	181.212	100
44	120	196	272	0	178.01	100
46	122	198	274	0	176.339	100
48	124	200	276	0	175.911	100
50	126	202	278	0	176.439	100
52	128	204	280	0	177.797	100
30	108	186	264	0	216.401	100
32	110	188	266	0	206.398	100
34	112	190	268	0	197.969	100
36	114	192	270	0	191.229	100
38	116	194	272	0	186.213	100
40	118	196	274	0	182.917	100
42	120	198	276	0	181.128	100
44	122	200	278	0	180.574	100
46	124	202	280	0	180.975	100
30	110	190	270	0	203.429	100
32	112	192	272	0	196.605	100
34	114	194	274	0	191.485	100
36	116	196	276	0	188.074	100
38	118	198	278	0	186.181	100
40	120	200	280	0	185.501	100
30	112	194	276	0	197	100
32	114	196	278	0	193.488	100
34	116	198	280	0	191.479	100
0	0
