# File: UnstructuredGrid_Inversion_L0_Coarse_Iter05.dat
# (No specific header documentation)

-158.75	-0.496475	104.896	0	
-156.875	-0.668155	139.404	0	
-60.625	-0.431516	184.136	0	
36.875	-0.431516	227.853	0	
-228.198	-124.523	233.677	0	
135.625	-0.668155	209.915	0	
38.125	-0.668155	234.308	0	
-169.883	-44.1849	251.552	0	
-59.375	-0.668155	186.877	0	
-115.32	-2.91409	187.578	0	
-208.422	-34.2476	146.523	0	
-85.9973	-2.80091	184.639	0	
-161.562	-31.1528	271.61	0	
-162.282	-23.9451	208.874	0	
-110.104	-1.86538	177.978	0	
-135.637	-38.619	582.731	0	
-61.354	-1.86538	186.208	0	
-135.104	-1.86538	207.544	0	
-148.497	-8.59138	288.859	0	
-146.25	-1.09967	184.868	0	
-142.708	-2.72654	197.976	0	
-143.958	-2.01633	190.944	0	
-129.845	-3.05088	211.558	0	
-151.594	-4.85908	207.808	0	
-155.208	-2.01633	164.929	0	
-146.05	-12.2522	366.654	0	
-152.292	-2.72654	194.418	0	
-159.95	-16.471	199.701	0	
134.375	-0.431516	202.336	0	
-17.8202	-2.91409	193.825	0	
-156.27	-3.86216	163.104	0	
-41.4583	-2.01633	192.152	0	
-154.792	-2.72654	172.15	0	
-153.542	-3.47328	185.879	0	
-12.604	-1.86538	199.452	0	
-148.795	-2.8545	203.125	0	
36.146	-1.86538	218.83	0	
-37.604	-1.86538	188.669	0	
-170.813	-2.26882	76.0399	0	
-48.75	-1.09967	183.225	0	
-166.927	-1.72974	73.2208	0	
-163.743	-2.99807	75.9291	0	
-57.2917	-2.72654	197.274	0	
-165.769	-3.46425	84.7918	0	
-56.0417	-3.47328	198.323	0	
-157.576	-8.14551	170.699	0	
-54.7917	-2.72654	194.403	0	
-63.125	-0.36089	184.951	0	
-162.675	-0.60932	84.6059	0	
-82.5	-1.09967	172.467	0	
-60.5207	-2.1669	188.1	0	
-155	-1.09967	161.542	0	
-75.5207	-2.1669	186.726	0	
-160.875	-0.935418	92.2695	0	
-65.625	-0.431516	184.976	0	
85.625	-0.668155	198.345	0	
-154.375	-0.668155	175.323	0	
61.875	-0.668155	207.427	0	
-151.875	-0.668155	189.177	0	
-151.25	-1.09967	196.565	0	
44.7917	-2.01633	215.682	0	
-153.125	-0.431516	183.266	0	
56.0417	-2.01633	209.328	0	
-155.625	-0.431516	157.311	0	
78.4298	-2.91409	204.181	0	
-161.767	-1.54474	73.7701	0	
-55	-1.09967	182.741	0	
-150.625	-0.431516	186.2	0	
-152.5	-1.09967	193.249	0	
37.2915	-5.36053	212.039	0	
-148.125	-0.366631	182.094	0	
37.2841	-3.06466	208.619	0	
-145.625	-0.668155	185.533	0	
-146.875	-0.431516	198.808	0	
43.125	-0.668155	229.086	0	
38.9583	-2.01633	215.071	0	
-144.375	-0.431516	194.592	0	
34.375	-0.36089	219.277	0	
-141.875	-0.431516	203.817	0	
-140.625	-0.668155	199.458	0	
31.875	-0.431516	217.745	0	
-141.25	-1.09967	187.059	0	
40	-1.09967	201.703	0	
-145	-1.09967	186.382	0	
40.625	-0.668155	232.478	0	
15	-1.09967	174.54	0	
-133.75	-1.09967	202.16	0	
140.625	-3.34884	201.021	0	
-134.375	-0.431516	232.618	0	
-133.125	-0.668155	235.756	0	
144.345	-3.52006	201.035	0	
-135.625	-0.366631	213.819	0	
148.422	-2.00504	204.745	0	
138.422	-2.00504	198.541	0	
-131.875	-0.431516	217.557	0	
136.756	-2.06993	201.04	0	
-125	-1.09967	201.092	0	
-128.75	-1.09967	189.333	0	
138.125	-0.366631	200.101	0	
-131.25	-0.798148	206.543	0	
139.375	-0.668155	201.697	0	
-132.5	-1.09967	196.07	0	
145.625	-0.668155	212.05	0	
-140	-1.09967	197.539	0	
21.9793	-2.1669	197.681	0	
129.375	-0.431516	201.019	0	
-125.625	-0.431516	214.257	0	
111.25	-1.09967	187.407	0	
-123.75	-1.09967	203.228	0	
-122.5	-0.798148	190.5	0	
-111.875	-0.36089	176.541	0	
-117.604	-1.86538	186.871	0	
119.479	-2.1669	199.367	0	
-120.881	-3.06027	201.239	0	
-118.125	-0.366631	201.386	0	
-99.4045	-3.52006	191.875	0	
-115.625	-0.668155	200.087	0	
-110	-0.798148	185.886	0	
-88.125	-0.668155	171.958	0	
-116.875	-0.431516	184.358	0	
-123.125	-0.431516	218.141	0	
-116.25	-1.09967	180.056	0	
-114.375	-0.431516	183.852	0	
-98.125	-0.668155	179.699	0	
-108.75	-1.09967	173.456	0	
-104.375	-0.668155	171.319	0	
-109.375	-0.431516	174.323	0	
-108.125	-0.668155	185.562	0	
-106.994	-2.06993	181.761	0	
-110.625	-0.366631	184.104	0	
-109.271	-2.1669	181.665	0	
-136.875	-0.36089	213.446	0	
-106.875	-0.431516	172.728	0	
-134.068	-5.08295	226.607	0	
-98.75	-1.09967	170.855	0	
-103.75	-1.09967	180.546	0	
-124.375	-0.668155	207.107	0	
-106.25	-0.798148	177.643	0	
-139.375	-0.431516	209.855	0	
-107.5	-1.09967	174.046	0	
-105.625	-0.366631	177.59	0	
-115	-1.09967	169.141	0	
-105.328	-2.00504	174.62	0	
-126.875	-0.366631	209.273	0	
131.875	-0.36089	207.223	0	
-103.125	-0.431516	178.491	0	
49.375	-0.668155	221.298	0	
-129.375	-0.668155	220.937	0	
-100.625	-0.366631	179.568	0	
-130.625	-0.366631	220.021	0	
-90.104	-1.86538	173.375	0	
-99.375	-0.431516	171.491	0	
-131.994	-2.06993	198.343	0	
-147.589	-1.76841	187.692	0	
-96.875	-0.431516	170.703	0	
-135	-0.798148	200.964	0	
-94.375	-0.668155	170.194	0	
-88.75	-1.09967	171.626	0	
-146.756	-2.06993	193.441	0	
-96.25	-0.798148	173.721	0	
-146.468	-2.99641	190.943	0	
-97.5	-1.09967	172.473	0	
-149.375	-0.668155	193.252	0	
-144.792	-2.01633	188.741	0	
-89.375	-0.431516	169.573	0	
-153.75	-1.09967	191.022	0	
-87.5	-1.09967	173.937	0	
-86.875	-0.431516	172.309	0	
-153.542	-2.01633	184.471	0	
-68.854	-1.86538	184.359	0	
-143.75	-1.09967	189.751	0	
-147.5	-0.798148	181.89	0	
-83.125	-0.431516	173.377	0	
-150	-1.09967	181.722	0	
-81.25	-1.09967	178.675	0	
-80.625	-0.431516	175.838	0	
-156.25	-1.09967	161.059	0	
-76.354	-1.86538	178.907	0	
-151.042	-2.01633	189.545	0	
-83.75	-0.798148	176.835	0	
-152.708	-2.01633	190.015	0	
-90.625	-0.366631	170.441	0	
-143.125	-0.668155	184.453	0	
-14.375	-0.36089	201.894	0	
-75.625	-0.431516	179.819	0	
-23.3807	-3.06027	204.549	0	
-68.75	-0.798148	187.954	0	
-73.75	-1.09967	181.084	0	
-25.625	-0.431516	202.843	0	
-74.375	-0.668155	183.468	0	
-16.875	-0.431516	207.751	0	
9.375	-0.668155	168.08	0	
-69.375	-0.366631	184.76	0	
-0.625	-0.668155	197.608	0	
-66.875	-0.668155	185.97	0	
-61.25	-0.798148	187.296	0	
-11.7707	-2.1669	197.219	0	
-68.125	-0.431516	184.343	0	
-7.82772	-2.00504	199.499	0	
-67.5	-1.09967	183.891	0	
-1.90454	-3.52006	195.865	0	
-9.49439	-2.06993	202.625	0	
-60	-1.09967	185.081	0	
-39.375	-0.36089	193.196	0	
36.9793	-2.1669	217.817	0	
-57.5	-1.09967	185.334	0	
-41.875	-0.431516	189.21	0	
-61.875	-0.366631	185.457	0	
-8.125	-0.366631	205.596	0	
-26.875	-0.668155	207.505	0	
-56.875	-0.668155	186.84	0	
-31.875	-0.668155	202.533	0	
-54.375	-0.668155	183.492	0	
-53.75	-1.09967	182.936	0	
-34.4944	-2.06993	187.871	0	
-55.625	-0.431516	184.824	0	
-36.7707	-2.1669	202.463	0	
-58.125	-0.431516	184.426	0	
-36.5676	-5.08295	244.892	0	
-66.25	-1.09967	184.059	0	
-6.875	-0.668155	196.332	0	
-76.875	-0.366631	179.433	0	
-156.042	-2.01633	150.643	0	
-51.875	-0.668155	184.282	0	
-50.625	-0.366631	180.381	0	
-48.9679	-2.99641	192.845	0	
-48.125	-0.668155	178.268	0	
-47.5	-1.09967	185.689	0	
-37.5	-0.798148	193.349	0	
-49.375	-0.431516	184.771	0	
-50.0889	-1.76841	183.608	0	
-45.625	-0.668155	180.147	0	
-43.75	-1.09967	184.799	0	
-46.25	-1.09967	182.898	0	
-43.125	-0.668155	179.129	0	
-42.5	-1.09967	193.776	0	
-56.25	-1.09967	179.584	0	
-44.375	-0.431516	185.398	0	
-47.2917	-2.01633	186.562	0	
-46.875	-0.431516	186.241	0	
-49.2556	-2.06993	190.408	0	
-57.7083	-2.01633	185.162	0	
-38.125	-0.366631	187.482	0	
-53.5417	-2.01633	185.692	0	
-35.625	-0.668155	193.58	0	
-35	-1.09967	191.551	0	
-52.5	-1.09967	180.434	0	
-36.875	-0.431516	201.196	0	
-50	-0.798148	184.47	0	
-58.5417	-2.01633	191.616	0	
-33.75	-0.798148	187.773	0	
-62.5	-0.727521	189.489	0	
-31.25	-1.09967	178.128	0	
-29.375	-0.366631	203.521	0	
-68.0207	-2.1669	189.76	0	
-27.5	-1.09967	179.498	0	
-64.375	-0.668155	187.41	0	
-34.375	-0.431516	198.506	0	
-58.75	-1.09967	179.398	0	
-36.25	-1.09967	188.641	0	
-56.0417	-2.01633	187.851	0	
-66.0417	-2.01633	187.636	0	
-20.104	-1.86538	197.408	0	
-70.625	-0.36089	183.904	0	
-25	-0.798148	188.197	0	
-18.75	-1.09967	194.082	0	
-73.125	-0.431516	182.728	0	
-26.25	-1.09967	196.018	0	
-65	-1.09967	183.432	0	
-75	-1.09967	177.914	0	
-19.375	-0.431516	204.669	0	
105.625	-0.668155	173.342	0	
-12.5	-0.798148	202.444	0	
-17.5	-1.09967	188.463	0	
88.7946	-2.8545	201.615	0	
-18.125	-0.668155	208.133	0	
99.7712	-2.84299	185.657	0	
-20.625	-0.366631	203.93	0	
-86.4583	-2.01633	176.115	0	
107.753	-2.80091	188.696	0	
-13.125	-0.366631	209.613	0	
86.7556	-2.06993	201.001	0	
-10.625	-0.668155	216.888	0	
-10	-1.09967	195.232	0	
88.125	-0.366631	198.231	0	
-11.875	-0.431516	204.009	0	
89.375	-0.668155	211.754	0	
79.375	-0.431516	217.286	0	
-8.75	-0.798148	205.236	0	
71.25	-0.798148	219.068	0	
-6.25	-1.09967	204.307	0	
-5.625	-0.431516	202.099	0	
64.6723	-2.00504	213.299	0	
-1.25	-1.09967	196.11	0	
72.8693	-3.06027	209.123	0	
-9.375	-0.431516	200.582	0	
81.875	-0.36089	216.161	0	
-11.25	-1.09967	196.149	0	
95.625	-0.668155	183.659	0	
-28.125	-0.431516	200.83	0	
-62.5054	-1.48403	184.983	0	
-53.125	-0.431516	182.16	0	
-33.125	-0.366631	194.959	0	
-134.271	-2.1669	211.36	0	
-3.125	-0.366631	201.733	0	
-1.875	-0.431516	188.488	0	
65.625	-0.668155	217.911	0	
7.39595	-1.86538	180.23	0	
-3.70074e-17	-1.09967	188.56	0	
72.1723	-2.00504	214.221	0	
64.375	-0.366631	211.918	0	
0.625	-0.431516	183.795	0	
55.625	-0.431516	208.058	0	
3.125	-0.668155	179.068	0	
8.75	-1.09967	182.012	0	
48.5321	-2.99641	224.193	0	
1.25	-0.798148	190.212	0	
58.125	-0.36089	205.476	0	
6.875	-0.366631	170.293	0	
63.0056	-2.06993	211.792	0	
48.2444	-2.06993	210.895	0	
8.125	-0.431516	168.182	0	
50.2083	-2.01633	220.901	0	
10	-1.09967	184.58	0	
10.625	-0.431516	166.648	0	
51.25	-1.09967	215.127	0	
28.646	-1.86538	200.897	0	
51.875	-0.668155	210.579	0	
47.4111	-1.76841	213.786	0	
14.375	-0.431516	164.913	0	
47.5	-0.798148	206.845	0	
16.25	-1.09967	173.366	0	
16.875	-0.431516	169.921	0	
43.9583	-2.01633	218.234	0	
21.146	-1.86538	181.242	0	
39.7917	-2.01633	221.763	0	
13.75	-0.798148	177.486	0	
45.625	-0.668155	219.055	0	
20.625	-0.366631	187.947	0	
60	-0.798148	204.66	0	
41.25	-1.09967	218.93	0	
21.875	-0.431516	178.051	0	
33.125	-0.668155	233.723	0	
28.75	-0.798148	210.979	0	
23.75	-1.09967	184.31	0	
34.9946	-1.48403	219.106	0	
23.125	-0.668155	203.348	0	
41.4583	-2.01633	217.304	0	
35	-0.727521	212.132	0	
28.125	-0.366631	221.144	0	
32.5	-1.09967	183.778	0	
30.625	-0.668155	233.596	0	
36.25	-0.798148	219.993	0	
26.875	-0.36089	190.224	0	
29.375	-0.431516	206.789	0	
31.4583	-2.01633	202.204	0	
30	-1.09967	187.281	0	
29.4793	-2.1669	211.608	0	
11.0417	-2.01633	180.721	0	
37.5	-1.09967	208.075	0	
150.625	-0.431516	208.484	0	
128.43	-2.91409	202.596	0	
38.75	-1.09967	218.742	0	
150	-1.09967	207.576	0	
35.625	-0.366631	235.585	0	
22.5	-1.09967	175.125	0	
153.75	-0.798148	220.587	0	
42.5	-1.09967	202.535	0	
148.125	-0.366631	202.703	0	
48.75	-1.09967	207.902	0	
43.75	-1.09967	211.099	0	
141.875	-0.668155	199.845	0	
41.875	-0.431516	229.304	0	
146.756	-2.06993	205.803	0	
39.375	-0.431516	229.658	0	
149.771	-2.84299	208.72	0	
31.25	-1.09967	200.847	0	
24.375	-0.431516	189.324	0	
44.375	-0.431516	228.499	0	
45	-1.09967	206.651	0	
138.795	-2.8545	200.737	0	
46.875	-0.366631	224.21	0	
140.208	-2.01633	200.464	0	
59.896	-1.86538	206.253	0	
50	-1.09967	186.219	0	
141.25	-1.09967	199.942	0	
48.125	-0.431516	213.775	0	
143.75	-0.798148	201.912	0	
138.75	-1.03479	200.769	0	
53.75	-1.09967	207.875	0	
132.495	-1.48403	204.256	0	
54.375	-0.668155	203.043	0	
55	-1.09967	198.303	0	
126.979	-2.1669	200.556	0	
53.125	-0.431516	206.34	0	
130.625	-0.668155	209.64	0	
50.625	-0.431516	210.623	0	
137.589	-1.76841	200.898	0	
128.958	-2.01633	198.81	0	
59.375	-0.366631	202.432	0	
83.646	-1.86538	206.131	0	
60.625	-0.431516	212.579	0	
62.5	-1.09967	206.01	0	
124.375	-0.36089	200.018	0	
61.25	-1.09967	203.862	0	
130	-1.09967	192.508	0	
110.686	-4.3008	197.604	0	
63.125	-0.431516	213.747	0	
-113.125	-0.668155	195.66	0	
68.75	-1.09967	210.718	0	
67.5	-0.798148	204.952	0	
-111.255	-1.48403	177.873	0	
63.75	-0.798148	210.694	0	
113.75	-0.798148	187.245	0	
68.125	-0.431516	227.217	0	
121.875	-0.431516	194.776	0	
93.125	-0.366631	188.966	0	
132.5	-0.727521	204.953	0	
-111.25	-0.727521	185.673	0	
76.146	-1.86538	215.593	0	
-113.75	-1.09967	175.631	0	
70.625	-0.431516	228.158	0	
77.5	-1.09967	215.098	0	
-118.75	-0.727521	201.344	0	
70	-1.09967	213.79	0	
-114.792	-2.01633	188.445	0	
-89.2707	-2.1669	176.71	0	
76.875	-0.431516	220.928	0	
-93.9788	-2.84299	173.034	0	
83.75	-0.798148	202.708	0	
78.75	-1.09967	210.897	0	
-85.625	-0.668155	172.307	0	
78.125	-0.668155	212.207	0	
-81.875	-0.668155	176.901	0	
75.625	-0.366631	217.44	0	
-120.625	-0.668155	214.863	0	
-86.25	-1.09967	174.547	0	
83.125	-0.366631	202.73	0	
-93.75	-1.09967	169.776	0	
133.646	-1.86538	201.488	0	
86.25	-1.09967	203.045	0	
-104.955	-2.8545	190.788	0	
84.375	-0.431516	209.643	0	
-93.125	-0.431516	173.302	0	
-96.9944	-2.06993	179.048	0	
87.5	-0.798148	196.17	0	
-101.875	-0.668155	173.259	0	
90	-1.09967	184.82	0	
90.625	-0.431516	193.22	0	
-100.089	-1.76841	178.438	0	
95	-1.09967	205.668	0	
-95.625	-0.366631	172.968	0	
86.875	-0.431516	210.052	0	
-90	-0.798148	177.363	0	
85	-1.09967	209.369	0	
-87.2917	-2.01633	179.029	0	
-116.771	-2.1669	189.936	0	
143.661	-1.76841	195.936	0	
-100	-0.798148	179.738	0	
94.375	-0.431516	194.63	0	
-102.5	-1.09967	183.282	0	
96.25	-1.09967	196.694	0	
103.646	-1.86538	181.283	0	
-103.542	-2.01633	183.856	0	
-105	-1.03479	184.88	0	
97.5	-0.798148	191.066	0	
-136.255	-1.48403	208.853	0	
105	-1.09967	187.066	0	
103.125	-0.366631	170.189	0	
-130.328	-2.00504	199.097	0	
99.375	-0.668155	185.955	0	
-138.125	-0.668155	205.583	0	
96.875	-0.431516	193.11	0	
-106.161	-1.76841	179.216	0	
-123.244	-2.06993	195.93	0	
126.146	-1.86538	200.667	0	
-128.125	-0.431516	226.959	0	
106.875	-0.431516	174.928	0	
110	-0.798148	190.266	0	
-126.304	-1.54577	201.627	0	
106.25	-1.09967	184.044	0	
-121.875	-0.366631	198.35	0	
-126.25	-0.798148	215.862	0	
118.646	-1.86538	193.23	0	
-130	-1.03479	210.598	0	
113.125	-0.431516	185.329	0	
120	-1.09967	191.969	0	
-148.75	-1.03479	184.806	0	
112.5	-1.09967	193.83	0	
-131.161	-1.76841	212.164	0	
110.625	-0.431516	181.981	0	
-127.242	-2.24637	189.375	0	
104.375	-0.431516	175.09	0	
-117.5	-0.798148	194.699	0	
-143.542	-2.72654	191.645	0	
119.375	-0.431516	192.739	0	
-139.792	-2.01633	197	0	
126.25	-0.798148	199.918	0	
121.25	-1.09967	199.024	0	
-138.75	-1.09967	200.938	0	
120.625	-0.668155	199.443	0	
-136.25	-0.727521	213.634	0	
-142.292	-2.01633	188.099	0	
125.625	-0.366631	204.389	0	
-13.7554	-1.48403	200.646	0	
128.125	-0.668155	201.859	0	
133.75	-0.798148	206.327	0	
-19.2707	-2.1669	197.543	0	
126.875	-0.431516	201.863	0	
-15.625	-0.668155	213.604	0	
127.5	-1.09967	199.449	0	
-142.5	-1.09967	195.87	0	
-17.2917	-2.01633	199.434	0	
135	-1.09967	194.956	0	
-21.25	-0.727521	208.148	0	
158.73	-5.36963	239.1	0	
136.25	-1.09967	197.546	0	
-23.125	-0.668155	204.113	0	
133.125	-0.366631	204.427	0	
-16.25	-1.09967	196.109	0	
15.625	-0.668155	175.883	0	
137.5	-0.798148	196.835	0	
11.875	-0.668155	164.881	0	
140	-1.09967	196.595	0	
140.625	-0.431516	198.781	0	
10.2083	-2.01633	180.832	0	
145	-1.09967	186.21	0	
3.52121	-2.84299	189.499	0	
136.875	-0.431516	208.175	0	
8.22929	-2.1669	187.124	0	
128.75	-1.09967	202.756	0	
-13.75	-0.727521	208.853	0	
118.125	-0.366631	196.18	0	
-148.422	-2.00504	187.081	0	
4.375	-0.431516	183.409	0	
144.375	-0.431516	198.473	0	
-7.45541	-2.8545	201.07	0	
146.25	-1.09967	198.395	0	
146.875	-0.431516	210.067	0	
7.5	-0.798148	191.799	0	
153.646	-1.86538	217.159	0	
3.75	-1.09967	180.78	0	
1.875	-0.366631	185.204	0	
149.375	-0.668155	204.669	0	
-2.58895	-1.76841	197.5	0	
153.125	-0.366631	215.38	0	
154.375	-0.431516	222.272	0	
-11.4094	-3.16789	189.811	0	
155	-1.09967	218.826	0	
-4.375	-0.668155	191.422	0	
147.5	-0.798148	201.434	0	
0.505614	-2.06993	194.999	0	
-6.04167	-2.01633	201.995	0	
156.458	-1.16463	232.969	0	
-8.66105	-1.76841	202.762	0	
159.625	-0.633448	240.435	0	
161.425	-0.98887	241.972	0	
-7.5	-1.03479	211.493	0	
160.517	-1.62232	242.365	0	
-5	-1.09967	210.22	0	
-38.7554	-1.48403	190.535	0	
153.021	-4.78762	221.362	0	
-20	-0.798148	197.198	0	
163.752	-4.86774	246.104	0	
164.832	-2.66958	250.325	0	
-25.7444	-2.06993	190.111	0	
163.115	-0.98887	248.966	0	
-32.8277	-2.00504	188.556	0	
155.484	-3.31993	227.564	0	
-40.625	-0.668155	183.961	0	
155.625	-0.668155	232.384	0	
-2.5	-0.798148	204.269	0	
-30.625	-0.431516	198.256	0	
160.191	-2.997	241.377	0	
-29.7419	-2.24637	185.735	0	
169.563	-2.94058	252.663	0	
154.995	-4.95032	229.003	0	
-28.75	-0.798148	206.902	0	
148.777	-5.11846	212.209	0	
-28.8043	-1.54577	191.256	0	
-32.5	-1.03479	187.015	0	
204.26	-5.49392	244.884	0	
-50.9223	-2.00504	185.668	0	
148.441	-21.3686	215.634	0	
-46.0417	-2.72654	192.777	0	
204.031	-10.9896	245.489	0	
-51.25	-1.03479	181.05	0	
151.796	-5.74288	216.138	0	
-33.6611	-1.76841	194.398	0	
-42.2917	-2.01633	183.817	0	
170.801	-56.9665	226.436	0	
-45	-1.09967	187.301	0	
-44.7917	-2.01633	185.244	0	
-41.25	-1.09967	182.457	0	
-61.9845	-2.19037	189.967	0	
34.9625	-3.24559	211.435	0	
-71.875	-0.668155	185.72	0	
-66.5702	-2.91409	193.799	0	
-63.75	-1.02905	181.256	0	
-38.75	-0.727521	194.421	0	
161.093	-4.56171	244.994	0	
-24.375	-0.366631	203.548	0	
143.125	-0.366631	197.984	0	
11.25	-1.09967	178.197	0	
-70.0054	-1.48403	183.967	0	
-108.909	-3.16789	188.031	0	
-74.0702	-2.91409	190.937	0	
69.375	-0.668155	224.917	0	
-70	-0.727521	189.248	0	
-73.5417	-2.01633	183.362	0	
-72.5	-1.09967	179.553	0	
-77.5	-0.727521	182.82	0	
-79.375	-0.668155	180.337	0	
104.479	-2.1669	186.354	0	
111.875	-0.668155	178.59	0	
98.4223	-2.00504	186.509	0	
108.125	-0.668155	177.362	0	
106.458	-2.01633	184.268	0	
107.5	-1.09967	189.151	0	
100.625	-0.431516	175.834	0	
100	-1.09967	181.471	0	
94.3455	-3.52006	192.513	0	
103.75	-0.798148	185.159	0	
96.7556	-2.06993	190.551	0	
98.125	-0.366631	179.082	0	
91.875	-0.668155	203.564	0	
93.6611	-1.76841	194.755	0	
88.4223	-2.00504	196.561	0	
93.75	-0.798148	193.97	0	
90.2083	-2.01633	200.863	0	
91.25	-1.09967	194.721	0	
87.5889	-1.76841	200.232	0	
88.75	-1.03479	194.953	0	
80.625	-0.668155	207.003	0	
82.4946	-1.48403	208.232	0	
76.9793	-2.1669	207.545	0	
82.5	-0.727521	206.028	0	
78.9583	-2.01633	210.423	0	
80	-1.09967	212.203	0	
75	-0.727521	210.325	0	
73.125	-0.668155	221.24	0	
65.0889	-2.93321	212.94	0	
76.25	-0.798148	211.741	0	
70.5056	-2.06993	215.076	0	
71.875	-0.366631	227.01	0	
66.875	-0.366631	213.772	0	
67.4111	-1.76841	213.266	0	
63.8389	-1.76841	207.912	0	
65	-1.03479	200.484	0	
56.875	-0.668155	206.156	0	
58.7446	-1.48403	203.941	0	
51.4583	-2.72654	225.38	0	
58.75	-0.727521	212.561	0	
55.2083	-2.01633	209.173	0	
56.25	-1.09967	199.599	0	
52.5	-1.09967	195.103	0	
52.7083	-2.01633	215.052	0	
46.25	-1.03479	214.924	0	
46.5777	-2.00504	216.245	0	
33.75	-1.02905	212.205	0	
35.5155	-2.19037	212.79	0	
30.9298	-2.91409	209.02	0	
134.841	-3.16789	200.767	0	
25.625	-0.668155	209.915	0	
27.4946	-1.48403	199.941	0	
23.4298	-2.91409	199.105	0	
27.5	-0.727521	209.062	0	
23.9583	-2.01633	188.904	0	
25	-1.09967	178.089	0	
20	-0.727521	194.671	0	
18.125	-0.668155	181.717	0	
151.875	-0.36089	212.958	0	
152.495	-1.48403	213.576	0	
153.016	-2.19037	217.325	0	
152.5	-0.727521	211.267	0	
147.589	-1.76841	202.908	0	
148.75	-1.03479	202.719	0	
142.5	-1.03479	197.031	0	
142.828	-2.00504	201.327	0	
134.479	-2.1669	203.906	0	
154.479	-2.1669	226.42	0	
131.25	-1.02905	202.249	0	
133.016	-2.19037	205.36	0	
129.792	-2.01633	204.869	0	
171.752	-1.25987	252.686	0	
123.125	-0.668155	207.175	0	
124.995	-1.48403	199.536	0	
120.93	-2.91409	201.287	0	
125	-0.727521	194.414	0	
121.458	-2.01633	193.198	0	
122.5	-1.09967	186.128	0	
117.5	-0.727521	195.747	0	
115.625	-0.668155	192.883	0	
-112.5	-1.02905	168.645	0	
-110.734	-2.19037	184.795	0	
-138.958	-2.01633	202.048	0	
-62.5375	-3.24559	194.711	0	
-119.375	-0.36089	191.674	0	
-118.755	-1.48403	188.946	0	
-83.0056	-2.06993	183.123	0	
-76.25	-0.798148	184.309	0	
-81.0417	-2.01633	176.283	0	
-80	-1.09967	171.427	0	
-84.375	-0.366631	172.489	0	
-83.8389	-1.76841	174.037	0	
-91.875	-0.36089	167.341	0	
-91.2554	-1.48403	171.983	0	
-90.7345	-2.19037	178.21	0	
-91.25	-0.727521	179.156	0	
-96.1611	-1.76841	178.094	0	
-95	-1.03479	181.452	0	
-101.25	-1.03479	180.712	0	
-100.922	-2.00504	176.013	0	
-65.2083	-2.01633	188.807	0	
-95.3277	-2.00504	170.819	0	
-137.5	-1.02905	205.506	0	
-135.734	-2.19037	202.724	0	
-151.04	-3.47677	199.269	0	
-118.787	-3.24559	197.523	0	
-122.411	-1.76841	202.367	0	
-121.25	-1.03479	195.412	0	
-127.5	-0.798148	187.114	0	
-128.229	-2.1669	214.391	0	
-113.958	-2.01633	182.849	0	
-121.578	-2.00504	190.564	0	
-215.662	-27.8248	142.485	0	
-114.833	-3.79821	199.886	0	
-15	-1.02905	193.27	0	
-13.2345	-2.19037	199.56	0	
-21.2875	-3.24559	203.324	0	
11.5027	-2.80091	188.783	0	
-21.875	-0.36089	202.534	0	
-21.2554	-1.48403	199.122	0	
14.4944	-2.06993	184.213	0	
21.25	-0.798148	192.924	0	
16.4583	-2.01633	181	0	
17.5	-1.09967	177.46	0	
13.125	-0.366631	167.944	0	
13.6611	-1.76841	176.533	0	
5.625	-0.36089	164.937	0	
6.24459	-1.48403	177.374	0	
6.76554	-2.19037	191.505	0	
6.25	-0.727521	184.422	0	
1.33895	-1.76841	191.294	0	
2.5	-1.03479	194.131	0	
-3.75	-1.03479	200.542	0	
-3.42228	-2.00504	201.422	0	
32.2917	-2.01633	213.813	0	
2.17228	-2.00504	187.561	0	
-40	-1.02905	191.021	0	
-38.2345	-2.19037	193.224	0	
-45.2083	-2.72654	196.474	0	
-32.3447	-3.05088	204.8	0	
-24.9111	-1.76841	200.452	0	
-23.75	-1.03479	199.625	0	
-30	-0.798148	184.925	0	
-30.7293	-2.1669	201.578	0	
-16.4583	-2.01633	196.908	0	
-24.0777	-2.00504	192.129	0	
-55.2083	-2.01633	185.643	0	
-46.4583	-2.01633	187.703	0	
-63.3387	-1.78555	188.973	0	
-63.4751	-2.84652	191.374	0	
-71.25	-1.02905	180.933	0	
-69.4845	-2.19037	189.449	0	
-72.7083	-2.01633	186.307	0	
-100.61	-4.06799	188.488	0	
-78.125	-0.36089	177.894	0	
-77.5054	-1.48403	178.186	0	
115.369	-3.06027	193.682	0	
118.75	-0.798148	196.746	0	
113.006	-2.06993	188.243	0	
114.375	-0.366631	184.225	0	
109.375	-0.366631	177.132	0	
109.911	-1.76841	185.756	0	
101.875	-0.36089	176.8	0	
102.495	-1.48403	179.347	0	
103.016	-2.19037	189.198	0	
102.5	-0.727521	192.964	0	
97.5889	-1.76841	192.034	0	
98.75	-1.03479	188.734	0	
92.5	-1.03479	190.789	0	
92.8277	-2.00504	197.579	0	
84.4793	-2.1669	198.263	0	
84.8406	-3.16789	198.655	0	
81.25	-1.02905	214.394	0	
83.0155	-2.19037	201.719	0	
74.9625	-3.24559	206.95	0	
132.463	-3.24559	203.591	0	
74.375	-0.36089	227.017	0	
74.9946	-1.48403	218.343	0	
71.3389	-1.76841	218.961	0	
72.5	-1.03479	214.395	0	
66.25	-1.03479	211.224	0	
66.5777	-2.00504	210.443	0	
60.7293	-2.1669	212.565	0	
79.7917	-2.01633	206.272	0	
57.5	-1.02905	194.296	0	
59.2655	-2.19037	211.355	0	
46.7473	-3.78292	227.688	0	
61.0894	-3.16569	217.463	0	
45.2527	-2.80091	219.077	0	
51.0417	-2.01633	205.489	0	
34.1613	-1.78555	213.102	0	
34.0249	-2.84652	211.359	0	
26.25	-1.02905	187.674	0	
28.0155	-2.19037	204.754	0	
-3.11018	-4.06799	195.537	0	
24.7917	-2.01633	197.984	0	
19.375	-0.36089	170.134	0	
19.9946	-1.48403	180.3	0	
151.25	-0.792406	208.781	0	
151.686	-2.07688	212.174	0	
143.14	-4.06799	202.32	0	
148.111	-4.06622	207.913	0	
144.494	-2.06993	204.213	0	
136.284	-3.07092	200.327	0	
141.042	-2.01633	198.804	0	
132.117	-5.94785	207.12	0	
131.661	-1.78555	204.599	0	
131.525	-2.84652	205.046	0	
123.75	-1.02905	194.875	0	
125.516	-2.19037	198.314	0	
93.1398	-4.06799	194.948	0	
122.292	-2.01633	201.546	0	
116.875	-0.36089	187.49	0	
117.495	-1.48403	191.9	0	
-112.089	-1.78555	186.755	0	
-112.225	-2.84652	183.008	0	
-120	-1.02905	175.237	0	
-118.234	-2.19037	193.599	0	
-138.118	-4.95711	216.941	0	
-123.957	-2.96011	199.225	0	
-85	-1.03479	174.994	0	
-84.6723	-2.00504	176.974	0	
-92.5	-0.792406	186.282	0	
-92.0644	-2.07688	188.03	0	
-111.287	-3.24559	188.279	0	
-103.125	-3.34884	205.66	0	
-99.2556	-2.06993	180.506	0	
-107.466	-3.07092	184.006	0	
-102.708	-2.01633	182.909	0	
-111.633	-5.94785	233.305	0	
-137.089	-1.78555	205.318	0	
-137.225	-2.84652	198.593	0	
-125.471	-1.8473	208.27	0	
-136.746	-5.42835	235.532	0	
-73.5826	-3.79821	198.637	0	
-125.35	-2.73747	191.71	0	
-14.5887	-1.78555	200.762	0	
-14.7251	-2.84652	194.921	0	
-22.5	-1.02905	193.685	0	
-20.7345	-2.19037	197.976	0	
-40.618	-4.95711	226.375	0	
-26.457	-2.96011	209.781	0	
12.5	-1.03479	181.473	0	
12.8277	-2.00504	179.767	0	
5	-0.792406	192.324	0	
5.43557	-2.07688	194.775	0	
-13.7875	-3.24559	190.495	0	
-5.625	-3.34884	195.887	0	
-1.75561	-2.06993	198.884	0	
-9.9664	-3.07092	186.389	0	
-5.20833	-2.01633	197.888	0	
-14.1328	-5.94785	187.996	0	
-39.5887	-1.78555	193.201	0	
-39.7251	-2.84652	189.997	0	
-27.9709	-1.8473	207.65	0	
-39.2462	-5.42835	252.183	0	
-38.7875	-3.24559	209.943	0	
-27.8502	-2.73747	185.446	0	
-70.0375	-3.24559	192.86	0	
31.4174	-3.79821	199.293	0	
-70.8387	-1.78555	187.126	0	
-70.9751	-2.84652	189.069	0	
-78.75	-1.02905	173.563	0	
-76.9845	-2.19037	185.173	0	
-85.0446	-2.8545	185.266	0	
-81.5873	-2.94281	190.827	0	
113.839	-1.76841	188.28	0	
115	-1.03479	186.732	0	
108.75	-1.03479	185.544	0	
109.078	-2.00504	186.048	0	
101.25	-0.792406	188.738	0	
101.686	-2.07688	192.16	0	
82.4625	-3.24559	198.527	0	
90.625	-3.34884	199.874	0	
94.4944	-2.06993	193.391	0	
86.2836	-3.07092	193.207	0	
91.0417	-2.01633	194.928	0	
82.1172	-5.94785	197.462	0	
81.6613	-1.78555	204.417	0	
81.5249	-2.84652	202.873	0	
73.75	-1.02905	222.758	0	
75.5155	-2.19037	209.306	0	
58.7125	-3.24559	224.658	0	
56.1142	-5.74538	233.41	0	
68.2444	-2.06993	215.03	0	
52.9849	-8.22246	200.056	0	
58.2538	-5.42835	239.377	0	
68.2925	-4.4054	219.394	0	
57.9113	-1.78555	213.222	0	
57.7749	-2.84652	213.099	0	
27.4625	-3.24559	202.425	0	
111.856	-6.04794	194.085	0	
26.6613	-1.78555	201.004	0	
26.5249	-2.84652	198.971	0	
18.75	-1.02905	172.273	0	
20.5155	-2.19037	194	0	
12.4554	-2.8545	190.524	0	
15.9127	-2.94281	191.718	0	
151.066	-1.75189	210.043	0	
150.233	-2.05915	207.875	0	
124.963	-3.24559	199.38	0	
152.463	-3.24559	216.354	0	
124.161	-1.78555	198.291	0	
124.025	-2.84652	199.252	0	
116.25	-1.02905	187.926	0	
118.016	-2.19037	195.925	0	
117.463	-3.24559	198.763	0	
114.672	-2.00504	191.95	0	
-136.287	-3.24559	211.845	0	
-66.0826	-3.79821	204.16	0	
-119.589	-1.78555	199.554	0	
-119.725	-2.84652	186.755	0	
-87.8202	-2.91409	180.047	0	
-80.2083	-2.01633	183.299	0	
-92.684	-1.75189	169.908	0	
-93.5173	-2.05915	186.23	0	
-150.208	-2.01633	197.456	0	
-140.12	-4.31165	214.355	0	
-127.138	-1.54577	216.315	0	
-126.288	-3.13655	209.286	0	
-17.3326	-3.79821	197.411	0	
9.62811	-4.98343	201.55	0	
-22.0887	-1.78555	202.147	0	
-22.2251	-2.84652	193.578	0	
9.67981	-2.91409	191.361	0	
17.2917	-2.01633	183.88	0	
4.81598	-1.75189	180.803	0	
3.98265	-2.05915	192.214	0	
-43.9583	-3.47328	204.634	0	
-42.6197	-4.31165	221.557	0	
-29.6376	-1.54577	204.959	0	
-28.7878	-3.13655	212.604	0	
-83.4261	-3.92482	202.492	0	
-87.8719	-4.98343	206.801	0	
-78.3387	-1.78555	181.593	0	
-78.4751	-2.84652	185.134	0	
110.744	-2.06993	189.837	0	
108.705	-2.8545	191.18	0	
107.292	-2.01633	184.264	0	
105.93	-2.91409	189.055	0	
101.066	-1.75189	179.763	0	
100.233	-2.05915	190.765	0	
78.9174	-3.79821	205.615	0	
128.917	-3.79821	202.032	0	
74.1613	-1.78555	212.197	0	
74.0249	-2.84652	212.196	0	
53.5417	-3.47328	225.541	0	
54.8803	-4.31165	233.167	0	
23.9174	-3.79821	194.607	0	
6.21255	-3.24559	198.721	0	
19.1613	-1.78555	188.913	0	
19.0249	-2.84652	190.438	0	
146.906	-3.51902	202.909	0	
175.818	-8.94432	251.062	0	
112.679	-3.08731	194.434	0	
121.417	-3.79821	196.76	0	
116.661	-1.78555	194.287	0	
116.525	-2.84652	193.584	0	
-138.605	-3.88818	207.659	0	
-123.385	-4.48196	195.741	0	
-113.607	-3.89079	198.566	0	
-91.2875	-3.24559	200.274	0	
-128.58	-3.14785	188.064	0	
-139.774	-5.38006	220.231	0	
-41.1052	-3.88818	210.019	0	
-25.8847	-4.48196	204.323	0	
-16.1071	-3.89079	193.432	0	
19.9625	-3.24559	196.507	0	
-31.0796	-3.14785	192.689	0	
-42.2738	-5.38006	230.946	0	
-95.6393	-4.06622	185.382	0	
-77.5375	-3.24559	189.231	0	
76.5929	-4.23242	205.447	0	
102.463	-3.24559	193.144	0	
66.9495	-4.25718	220.992	0	
56.3948	-3.88818	228.424	0	
1.86074	-4.06622	193.956	0	
14.0739	-3.92482	199.712	0	
96.9055	-3.51902	193.003	0	
109.39	-4.06799	191.393	0	
41.0417	-2.72654	217.422	0	
40.2083	-2.72654	212.567	0	
-145.337	-2.94281	196.298	0	
-142.292	-3.47328	195.886	0	
-157.708	-1.16463	117.85	0	
-167.502	-5.81125	78.0862	0	
-151.458	-2.72654	200.183	0	
-149.747	-2.80091	193.872	0	
-155.26	-5.35468	178.766	0	
-153.958	-2.72654	181.032	0	
-47.8373	-2.94281	195.464	0	
-44.7917	-3.47328	199.778	0	
-53.9583	-2.72654	194.937	0	
-52.7083	-2.01633	187.921	0	
-51.2946	-2.8545	196.893	0	
-52.2473	-2.80091	193.018	0	
-60.2159	-3.06466	198.815	0	
-60.2085	-5.36053	233.756	0	
-67.7159	-3.06466	192.343	0	
-64.5113	-3.00667	192.894	0	
49.6627	-2.94281	213.365	0	
52.7083	-3.47328	230.536	0	
42.2917	-2.01633	220.389	0	
38.8316	-3.68836	210.565	0	
38.4298	-2.91409	217.309	0	
42.7083	-2.72654	216.447	0	
29.7841	-3.06466	193.814	0	
32.9887	-3.00667	201.999	0	
139.747	-2.80091	198.436	0	
141.503	-2.80091	200.134	0	
127.284	-3.06466	199.836	0	
130.489	-3.00667	201.855	0	
-116.466	-3.06466	189.062	0	
-113.261	-3.00667	188.365	0	
-88.9659	-3.06466	185.36	0	
-88.9594	-5.36183	231.591	0	
-104.003	-2.80091	176.324	0	
-102.247	-2.80091	177.266	0	
-141.458	-2.01633	198.031	0	
-138.261	-3.00667	200.091	0	
-144.94	-3.72538	201.092	0	
-141.042	-2.72654	192.634	0	
-18.9659	-3.06466	193.394	0	
-15.7613	-3.00667	194.84	0	
8.53409	-3.06466	194.329	0	
8.54056	-5.36183	202.104	0	
-6.50269	-2.80091	196.747	0	
-4.74731	-2.80091	200.716	0	
-43.9583	-2.01633	189.257	0	
-40.7613	-3.00667	195.608	0	
-47.44	-3.72538	205.671	0	
-43.5417	-2.72654	191.318	0	
-75.2159	-3.06466	186.527	0	
-72.0113	-3.00667	188.671	0	
104.784	-3.06466	189.169	0	
104.791	-5.36183	190.166	0	
89.7473	-2.80091	193.019	0	
91.5027	-2.80091	196.704	0	
77.2841	-3.06466	207.975	0	
80.4887	-3.00667	204.092	0	
53.5417	-2.01633	207.48	0	
56.7387	-3.00667	222.164	0	
50.06	-3.72538	231.921	0	
53.9583	-2.72654	221.534	0	
22.2841	-3.06466	188.493	0	
25.4887	-3.00667	194.156	0	
119.784	-3.06466	193.982	0	
122.989	-3.00667	195.595	0	
-82.7179	-2.99641	180.039	0	
-79.5113	-3.00667	182.587	0	
14.7821	-2.99641	189.067	0	
17.9887	-3.00667	191.38	0	
148.794	-2.85377	205.998	0	
151.549	-3.13784	213.078	0	
-94.9558	-2.85377	192.885	0	
-92.2008	-3.13784	175.913	0	
2.54418	-2.85377	198.313	0	
5.29924	-3.13784	191.245	0	
98.7942	-2.85377	194.1	0	
101.549	-3.13784	186.339	0	
47.8239	-3.92482	217.685	0	
52.2917	-2.72654	215.981	0	
-150.162	-3.55114	209.213	0	
-149.731	-4.40508	213.278	0	
-156.648	-3.04538	139.782	0	
-162.586	-7.77018	110.031	0	
-151.873	-3.97501	207.379	0	
-148.253	-3.78292	201.523	0	
-191.185	-10.7108	103.062	0	
-152.708	-3.47328	193.915	0	
-141.458	-3.47328	203.215	0	
-53.5398	-3.47677	199.405	0	
-52.2309	-4.40508	224.413	0	
-56.4583	-2.72654	192.937	0	
-52.6621	-3.55114	203.257	0	
-57.7232	-3.50081	197.283	0	
-50.7527	-3.78292	205.674	0	
-59.0702	-2.91409	190.545	0	
-58.6684	-3.68836	209.192	0	
-56.8899	-3.99904	215.064	0	
-55.2083	-3.47328	196.623	0	
-67.8478	-5.56717	220.265	0	
-64.264	-5.46522	241.466	0	
46.2054	-2.8545	214.874	0	
45.2691	-4.40508	224.48	0	
43.5417	-2.72654	216.801	0	
44.8379	-3.55114	217.237	0	
40.6101	-3.99904	213.761	0	
43.9602	-3.47677	220.689	0	
41.4583	-3.47328	217.704	0	
39.7768	-3.50081	218.893	0	
29.6522	-5.56717	200.504	0	
33.236	-5.46522	211.664	0	
139.063	-5.39772	202.839	0	
142.455	-2.8545	199.032	0	
138.11	-4.06799	199.888	0	
150.468	-3.59669	211.625	0	
127.152	-5.56717	203.877	0	
126.593	-4.23242	202.626	0	
-116.598	-5.56717	217.432	0	
-117.157	-4.23242	201.928	0	
-87.4178	-3.68916	200.743	0	
-84.5027	-3.78292	193.124	0	
-85.9952	-4.42757	210.502	0	
-81.1036	-3.83222	193.882	0	
-104.687	-5.39772	235.877	0	
-101.295	-2.8545	189.032	0	
-105.64	-4.06799	189.256	0	
-93.2818	-3.59669	215.566	0	
-143.978	-3.50911	202.707	0	
-140.208	-2.72654	201.955	0	
-143.564	-4.19254	206.528	0	
-139.719	-3.60804	199.727	0	
-19.0978	-5.56717	213.086	0	
-19.6571	-4.23242	205.774	0	
10.0822	-3.68916	197.782	0	
12.9973	-3.78292	195.649	0	
11.5048	-4.42757	200.641	0	
16.3964	-3.83222	196.601	0	
-7.1871	-5.39772	194.411	0	
-3.79459	-2.8545	196.822	0	
-8.13982	-4.06799	181.605	0	
4.21822	-3.59669	202.419	0	
-46.4777	-3.50911	205.738	0	
-42.7083	-2.72654	199.754	0	
-46.0637	-4.19254	213.677	0	
-42.2189	-3.60804	200.597	0	
-75.3478	-5.56717	215.069	0	
-79.2613	-5.47929	232.852	0	
106.332	-3.68916	191.039	0	
111.252	-3.08731	190.97	0	
105.878	-4.98343	192.697	0	
107.322	-3.57598	191.631	0	
89.0629	-5.39772	207.397	0	
92.4554	-2.8545	194.239	0	
88.1102	-4.06799	189.659	0	
100.468	-3.59669	196.113	0	
77.1522	-5.56717	212.292	0	
73.1505	-5.31383	213.543	0	
51.0223	-3.50911	225.218	0	
54.7917	-2.72654	217.604	0	
51.4363	-4.19254	235.981	0	
55.2811	-3.60804	230.24	0	
22.1522	-5.56717	198.878	0	
18.2387	-5.47929	202.18	0	
119.652	-5.56717	198.112	0	
120.831	-5.28353	204.94	0	
-86.4282	-3.57598	192.315	0	
-89.651	-4.21812	200.468	0	
11.0718	-3.57598	196.052	0	
7.84897	-4.21812	199.862	0	
145.626	-4.43041	204.644	0	
140.625	-4.73217	200.866	0	
-98.124	-4.43041	203.693	0	
-103.125	-4.73217	190.254	0	
-0.624027	-4.43041	200.569	0	
-5.625	-4.73217	184.742	0	
95.626	-4.43041	195.636	0	
90.625	-4.73217	191.212	0	
-152.334	-5.62943	214.515	0	
-147.176	-3.92482	217.931	0	
-153.965	-4.16242	185.193	0	
-83.4597	-6.17559	251.927	0	
-155.246	-3.54331	163.328	0	
-154.836	-4.23245	174.014	0	
-153.453	-5.20944	193.855	0	
-148.774	-4.58327	225.566	0	
-82.8931	-5.00841	212.958	0	
-49.6761	-3.92482	217.333	0	
-54.3731	-3.97501	214.593	0	
14.0403	-6.17559	207.598	0	
-60.9011	-4.21822	208.414	0	
-54.3047	-5.11624	231.389	0	
-59.1215	-4.98124	223.753	0	
-55.5387	-5.90518	244.161	0	
14.6069	-5.00841	200.057	0	
115.662	-5.33933	197.966	0	
36.5989	-4.21822	217.422	0	
38.3785	-4.98124	225.357	0	
42.2917	-3.47328	218.585	0	
40.628	-5.06466	229.397	0	
41.9613	-5.90518	216.213	0	
43.1269	-3.97501	219.787	0	
130.143	-3.89079	205.208	0	
182.973	-1.7361	252.017	0	
128.331	-5.28353	205.857	0	
142.187	-5.39772	203.325	0	
-96.8445	-3.51902	189.574	0	
-94.973	-5.11846	243.3	0	
-150.329	-5.21478	221.715	0	
-64.8571	-3.89079	206.566	0	
-154.177	-7.51666	209.379	0	
-44.707	-5.1949	231.151	0	
-146.477	-5.20289	217.313	0	
-142.711	-4.15672	212.479	0	
-148.323	-5.70833	223.64	0	
-141.026	-4.17689	207.679	0	
-145.313	-5.59213	245.613	0	
-142.015	-8.22246	289.103	0	
0.655509	-3.51902	197.274	0	
2.52695	-5.11846	206.672	0	
-51.2742	-4.58327	227.228	0	
32.6429	-3.89079	209.78	0	
-41.3858	-5.74538	259.929	0	
82.8784	-4.52398	201.951	0	
-48.9766	-5.20289	227.938	0	
-45.211	-4.15672	219.031	0	
-50.8234	-5.70833	238.524	0	
-43.5258	-4.17689	214.693	0	
-47.8132	-5.59213	253.892	0	
-44.5151	-8.22246	316.731	0	
98.777	-5.11846	198.721	0	
109.178	-6.60412	192.05	0	
104.099	-4.21812	192.4	0	
107.793	-4.50658	192.542	0	
43.1953	-5.11624	230.528	0	
52.793	-5.1949	240.311	0	
62.5324	-3.06872	218.691	0	
98.1107	-4.06622	187.846	0	
48.5234	-5.20289	240.363	0	
52.289	-4.15672	233.8	0	
46.6766	-5.70833	235.327	0	
53.9742	-4.17689	236.953	0	
46.2258	-4.58327	217.816	0	
55.2262	-5.38006	245.767	0	
-85.0224	-4.58092	216.946	0	
-84.5124	-5.89001	233.436	0	
12.4776	-4.58092	202.808	0	
12.9876	-5.89001	201.5	0	
-156.277	-5.20944	152.823	0	
-142.207	-5.1949	221.058	0	
-157.69	-2.6252	127.317	0	
-172.708	-13.7022	99.186	0	
-154.294	-6.05848	191.345	0	
-74.1691	-5.28353	230.546	0	
-174.419	-18.3249	120.936	0	
-52.1302	-6.3947	273.647	0	
-56.872	-5.06466	229.476	0	
-53.0402	-5.47194	231.585	0	
-110.872	-4.52398	203.844	0	
23.3309	-5.28353	205.14	0	
-13.3716	-4.52398	191.276	0	
108.908	-4.945	196.572	0	
44.4598	-5.47194	227.79	0	
49.6868	-5.59213	228.139	0	
130.736	-5.46522	206.072	0	
135.406	-8.75328	209.157	0	
-138.886	-5.74538	242.491	0	
-143.191	-7.03622	267.545	0	
-91.7489	-6.89898	268.069	0	
-92.1496	-5.26597	251.467	0	
-147.102	-6.18605	255.557	0	
-126.517	-4.32001	198.26	0	
-144.901	-4.79453	213.335	0	
-143.942	-5.03664	222.362	0	
-144.543	-7.10465	248.109	0	
-143.002	-5.76581	233.795	0	
-146.668	-7.76797	256.685	0	
-130.669	-4.37754	187.426	0	
-141.355	-5.21507	219.675	0	
-140.593	-6.0103	243.813	0	
-29.0174	-4.32001	215.776	0	
45.3698	-6.3947	208.044	0	
5.75113	-6.89898	190.835	0	
5.35038	-5.26597	203.582	0	
-65.5474	-6.44535	248.987	0	
-49.6024	-6.18605	264.968	0	
-47.4014	-4.79453	222.371	0	
-46.4417	-5.03664	230.135	0	
-47.0429	-7.10465	268.024	0	
-45.5017	-5.76581	248.859	0	
-49.1682	-7.76797	282.443	0	
-33.1694	-4.37754	199.918	0	
-43.8551	-5.21507	229.933	0	
-43.0926	-6.0103	261.711	0	
70.9983	-4.16217	212.599	0	
132.878	-4.52398	204.479	0	
106.877	-5.50143	193.048	0	
107.622	-6.93342	195.368	0	
98.3176	-7.15932	181.708	0	
101.6	-5.26597	195.509	0	
31.9526	-6.44535	212.618	0	
47.8976	-6.18605	216.331	0	
50.0986	-4.79453	237.36	0	
51.0583	-5.03664	236.022	0	
50.4571	-7.10465	231.475	0	
51.9983	-5.76581	237.313	0	
48.3318	-7.76797	225.773	0	
66.1611	-2.93321	215.405	0	
53.6449	-5.21507	244.003	0	
54.4074	-6.0103	231.656	0	
-86.9104	-5.42242	234.405	0	
-85.925	-6.50437	264.706	0	
10.5896	-5.42242	202.713	0	
11.575	-6.50437	205.556	0	
-151.678	-7.28627	230.908	0	
-149.419	-6.13754	243.557	0	
-62.2642	-6.91889	277.95	0	
-45.691	-7.03622	282.358	0	
35.2358	-6.91889	217.288	0	
51.809	-7.03622	230.537	0	
-159.418	-5.09998	117.634	0	
-115.419	-5.28353	209.51	0	
-150.027	-7.43868	249.287	0	
-113.014	-5.46522	214.326	0	
-135.879	-4.50999	192.616	0	
-127.822	-4.41078	212.742	0	
-60.8105	-6.63734	260.352	0	
-17.9191	-5.28353	203.727	0	
-54.0799	-8.70786	323.886	0	
-41.8296	-8.37487	339.905	0	
-38.3792	-4.50999	200.325	0	
-30.3219	-4.41078	219.043	0	
36.6895	-6.63734	226.045	0	
64.1709	-9.10125	174.104	0	
43.4201	-8.70786	185.644	0	
80.736	-5.46522	207.835	0	
65.625	-5.27905	215.065	0	
56.882	-4.95711	239.257	0	
-95.4324	-7.15932	260.177	0	
-145.272	-8.29733	310.896	0	
2.06757	-7.15932	179.501	0	
-15.514	-5.46522	202.488	0	
150.157	-4.6597	213.951	0	
158.883	-2.50461	239.191	0	
-133.429	-3.7302	180.839	0	
-140.644	-7.56208	266.669	0	
-35.9287	-3.7302	185.265	0	
-43.1439	-7.56208	285.357	0	
64.3005	-4.25718	225.38	0	
70.182	-3.08143	214.127	0	
-163.828	-1.26356	85.6807	0	
-161.384	-5.37393	104.003	0	
102.001	-6.89898	183.631	0	
156.615	-8.65111	233.055	0	
-152.68	-8.32445	223.135	0	
-116.856	-9.69507	332.333	0	
-138.39	-7.18841	253.169	0	
-136.875	-6.99919	268.845	0	
-40.8903	-7.18841	273.51	0	
-39.375	-6.99919	294.636	0	
61.6412	-5.44334	219.647	0	
59.1208	-4.50999	231.716	0	
-82.5848	-7.52916	289.466	0	
-79.8609	-3.89608	203.771	0	
14.9152	-7.52916	200.383	0	
17.6391	-3.89608	200.268	0	
157.5	-0.496475	236.87	0	
158.137	-3.45571	237.021	0	
58.125	-6.99919	230.147	0	
80.1429	-3.89079	201.001	0	
59.6698	-8.44515	202.851	0	
61.6464	-7.44458	248.016	0	
-165.21	-0.654241	79.0919	0	
-168.752	-1.0755	76.3206	0	
-144.58	-10.5411	316.115	0	
-139.33	-8.37487	308.612	0	
-130.155	-5.65761	239.825	0	
-131.986	-3.63323	215.425	0	
-47.772	-8.29733	331.222	0	
-19.3558	-9.69507	311.49	0	
-32.6553	-5.65761	262.472	0	
-34.4857	-3.63323	210.81	0	
56.6097	-7.18841	239.471	0	
54.3561	-7.56208	235.627	0	
49.728	-8.29733	184.463	0	
55.6704	-8.37487	191.481	0	
-159.875	-1.43189	115.246	0	
-159.023	-2.89246	110.218	0	
156.838	-2.74918	233.983	0	
158.625	-1.12992	240.877	0	
142.731	-7.46803	206.402	0	
176.853	-1.43582	253.141	0	
-68.4071	-4.23242	210.762	0	
-66.6691	-5.28353	227.65	0	
-75.4167	-10.3326	381.269	0	
-59.8646	-8.3096	298.026	0	
-72.3571	-3.89079	202.686	0	
-69.2262	-6.72899	280.96	0	
29.0929	-4.23242	206.663	0	
30.8309	-5.28353	210.601	0	
22.0833	-10.3326	205.868	0	
37.6354	-8.3096	218.645	0	
25.1429	-3.89079	201.822	0	
28.2738	-6.72899	208.689	0	
122.643	-3.89079	202.372	0	
129.453	-6.44535	207.799	0	
121.742	-9.23105	215.799	0	
161.145	-8.54365	240.987	0	
127.477	-10.2966	213.42	0	
190.319	-2.08076	249.852	0	
-118.505	-7.54588	292.426	0	
-114.297	-6.44535	255.489	0	
-89.8332	-7.08742	284.05	0	
-101.019	-7.46803	252.231	0	
-117.858	-6.4267	228.731	0	
-140.887	-12.3828	374.166	0	
-21.0052	-7.54588	286.55	0	
-16.7974	-6.44535	222.365	0	
7.66684	-7.08742	198.96	0	
-3.51913	-7.46803	180.404	0	
-20.3582	-6.4267	234.04	0	
-43.3872	-12.3828	407.357	0	
-75.9071	-4.23242	209.58	0	
-73.0474	-6.44535	245.681	0	
-69.2388	-9.20929	350.297	0	
-71.764	-5.46522	233.888	0	
-76.7196	-6.73778	283.946	0	
-77.2148	-8.98906	366.461	0	
78.3309	-5.28353	206.535	0	
79.4526	-6.44535	210.33	0	
92.1871	-5.39772	196.821	0	
92.7309	-7.46803	193.167	0	
74.5596	-5.40086	209.637	0	
78.9296	-9.08967	227.104	0	
21.5929	-4.23242	202.885	0	
24.4526	-6.44535	202.656	0	
28.2612	-9.20929	219.506	0	
25.736	-5.46522	201.465	0	
20.7804	-6.73778	203.988	0	
20.2852	-8.98906	205.412	0	
119.093	-4.23242	202.745	0	
121.953	-6.44535	205.148	0	
125.774	-6.72899	205.268	0	
123.236	-5.46522	202.591	0	
117.071	-5.42633	204.626	0	
119.463	-9.6316	207.999	0	
-81.7013	-4.9694	227.096	0	
-80.556	-6.11128	239.532	0	
-80.8729	-7.50385	303.041	0	
-79.3782	-9.53722	368.497	0	
15.7987	-4.9694	204.412	0	
16.944	-6.11128	204.386	0	
16.6271	-7.50385	206.643	0	
18.1218	-9.53722	195.482	0	
110.83	-7.47425	204.957	0	
113.496	-4.16808	194.53	0	
-62.1755	-4.31081	223.218	0	
-62.9367	-5.73467	228.496	0	
35.3245	-4.31081	209.669	0	
34.5633	-5.73467	219.158	0	
103.261	-12.2612	201.895	0	
182.587	-9.32682	250.579	0	
-90.9255	-4.31071	197.201	0	
-93.5926	-4.6597	194.028	0	
-98.7859	-7.04865	247.7	0	
-101.563	-5.39772	234.445	0	
6.5745	-4.31071	199.526	0	
3.9074	-4.6597	194.718	0	
-1.2859	-7.04865	178.187	0	
-4.0629	-5.39772	188.618	0	
102.825	-4.31071	189.371	0	
100.157	-4.6597	186.356	0	
94.9641	-7.04865	184.813	0	
103.917	-7.08742	192.883	0	
-152.611	-10.7469	256.481	0	
-57.0477	-8.8546	317.589	0	
-120.785	-10.9617	392.283	0	
-47.0799	-10.5411	351.576	0	
-55.5733	-7.64358	284.522	0	
40.4523	-8.8546	203.998	0	
-60.6604	-12.2385	386.14	0	
50.4201	-10.5411	169.982	0	
-23.2851	-10.9617	401.047	0	
76.754	-9.39498	232.632	0	
36.8396	-12.2385	192.045	0	
104.806	-9.69773	190.964	0	
-128.573	-5.59388	221.069	0	
-119.075	-5.44657	222.287	0	
-31.0728	-5.59388	252.743	0	
-21.5748	-5.44657	231.632	0	
68.7541	-3.08143	212.76	0	
69.7027	-6.04201	220.192	0	
-173.002	-1.19333	76.7561	0	
-162.298	-3.27925	96.5236	0	
-134.862	-8.42353	302.583	0	
-132.922	-7.42565	255.381	0	
-37.3619	-8.42353	343.491	0	
-35.4215	-7.42565	284.725	0	
156.942	-6.29348	231.187	0	
167.502	-1.68071	250.851	0	
144.964	-7.04865	206.87	0	
194.592	-4.57815	248.65	0	
-69.6816	-4.325	219.333	0	
-70.4428	-5.74886	220.299	0	
27.8184	-4.325	198.866	0	
27.0572	-5.74886	205.249	0	
125.318	-4.325	201.336	0	
124.557	-5.74886	205.163	0	
133.174	-8.16642	210.579	0	
135.504	-5.34905	202.38	0	
-118.432	-4.325	202.66	0	
-121.558	-4.58212	190.094	0	
-110.576	-8.16642	309.053	0	
-108.246	-5.34905	215.496	0	
-20.9316	-4.325	206.103	0	
-24.0584	-4.58212	207.826	0	
-13.0757	-8.16642	239.164	0	
-10.746	-5.34905	175.922	0	
-77.1816	-4.325	216.591	0	
-77.9362	-5.75765	225.809	0	
75.3184	-4.325	209.985	0	
72.4356	-4.14101	212.762	0	
83.1743	-8.16642	230.237	0	
85.504	-5.34905	191.309	0	
20.3184	-4.325	199.25	0	
19.5638	-5.75765	206.013	0	
117.818	-4.325	195.427	0	
114.936	-4.14103	198.022	0	
-88.9774	-8.66503	343.152	0	
-86.6041	-8.13534	350.312	0	
8.52255	-8.66503	198.469	0	
10.8959	-8.13534	195.825	0	
112.168	-10.3069	196.705	0	
118.495	-7.12954	212.564	0	
113.238	-5.91521	200.016	0	
115.419	-7.77759	205.204	0	
-64.8214	-8.68669	331.19	0	
-62.8655	-8.89079	298.781	0	
32.6786	-8.68669	220.946	0	
34.6345	-8.89079	224.525	0	
-61.1145	-9.89368	343.813	0	
-90.0051	-12.6851	504.094	0	
-26.6509	-8.94098	351.231	0	
7.49494	-12.6851	190.677	0	
46.941	-8.79126	174.423	0	
129.242	-9.23105	215.597	0	
54.1128	-12.3828	100.617	0	
76.0981	-7.0343	212.01	0	
70.9806	-5.79877	219.681	0	
73.2508	-7.54635	203.355	0	
-166.079	-8.06741	101.087	0	
-157.675	-6.42851	138.622	0	
150.595	-7.57725	220.164	0	
198.713	-12.5666	245.556	0	
-124.151	-8.94098	315.58	0	
-114.508	-9.23105	330.827	0	
-50.559	-8.79126	325.463	0	
-17.0079	-9.23105	280.47	0	
98.2113	-13.5521	204.098	0	
160.378	-5.98324	241.619	0	
-93.6512	-8.33358	347.356	0	
41.9267	-7.64358	229.954	0	
3.84876	-8.33358	200.639	0	
58.5709	-11.1429	147.246	0	
70.3765	-10.677	182.369	0	
68.9954	-8.27657	228.989	0	
92.8279	-13.8833	235.107	0	
215.861	-6.59265	241.039	0	
114.588	-6.63488	198.88	0	
117.188	-6.89612	198.376	0	
-142.675	-10.5347	358.583	0	
36.3855	-9.89368	216.805	0	
15.0411	-11.9339	187.528	0	
100.099	-8.33358	197.214	0	
72.3164	-6.49884	221.194	0	
74.78	-6.77541	221.197	0	
-125.008	-5.44279	226.469	0	
-129.35	-9.00121	332.497	0	
-27.5075	-5.44279	253.335	0	
-31.85	-9.00121	381.181	0	
136.3	-6.99449	206.806	0	
148.318	-7.15932	211.323	0	
134.209	-4.53464	203.302	0	
136.849	-4.28441	201.503	0	
-108.344	-8.75328	311.869	0	
-107.45	-6.99449	272.288	0	
-109.541	-4.53464	192.612	0	
-106.901	-4.28441	197.929	0	
-10.8444	-8.75328	182.986	0	
-9.9496	-6.99449	207.995	0	
-12.0407	-4.53464	186.338	0	
-9.40082	-4.28441	193.131	0	
85.4056	-8.75328	196.062	0	
81.2702	-10.3281	208.181	0	
84.2093	-4.53464	196.341	0	
86.8492	-4.28441	202.532	0	
-58.1585	-5.8593	250.013	0	
-58.2996	-7.91085	279.027	0	
39.3415	-5.8593	215.778	0	
39.2004	-7.91085	234.929	0	
-153.991	-11.7103	235.061	0	
-155.613	-8.50548	181.825	0	
60.4506	-4.51844	234.208	0	
62.9939	-4.39269	226.311	0	
-178.103	-1.44749	78.0801	0	
-173.839	-5.64205	80.2209	0	
-131.055	-7.65507	269.615	0	
-127.759	-7.52237	254.301	0	
-33.5546	-7.65507	313.281	0	
-30.2592	-7.52237	294.898	0	
-125.498	-7.46205	252.169	0	
-83.3496	-9.59591	421.053	0	
-27.9984	-7.46205	305.664	0	
14.1504	-9.59591	199.802	0	
86.3004	-6.99449	222.205	0	
150.055	-12.7198	221.09	0	
-120.728	-5.80066	230.091	0	
-120.68	-7.33391	252.2	0	
-23.2279	-5.80066	240.61	0	
-23.1798	-7.33391	270.244	0	
72.7416	-9.79585	234.268	0	
159.171	-10.2877	236.309	0	
-54.5306	-11.2795	352.271	0	
-52.3001	-7.89572	286.889	0	
42.9694	-11.2795	192.582	0	
45.1999	-7.89572	230.358	0	
-138.913	-10.8834	352.725	0	
-82.4589	-11.9339	455.558	0	
-45.1748	-10.5347	377.717	0	
-41.4132	-10.8834	379.951	0	
-135.961	-11.1213	391.272	0	
-121.786	-8.55513	329.789	0	
-38.4607	-11.1213	427.89	0	
-24.2856	-8.55513	362.007	0	
52.3252	-10.5347	154.584	0	
56.0868	-10.8834	179.147	0	
-150.634	-12.2646	307.177	0	
-118.03	-11.8896	446.169	0	
-73.2205	-8.73643	351.11	0	
-3.42296	-13.8421	235.428	0	
24.2795	-8.73643	211.555	0	
140.145	-11.4398	213.712	0	
-85.9091	-14.035	552.18	0	
-66.535	-10.5118	371.936	0	
11.5909	-14.035	180.187	0	
30.965	-10.5118	229.884	0	
-97.4745	-8.42323	345.465	0	
-112.167	-10.4695	374.26	0	
0.0255294	-8.42323	197.896	0	
-14.6674	-10.4695	243.518	0	
-164.41	-13.599	130.258	0	
-187.785	-3.81496	96.1101	0	
74.9266	-11.3856	182.957	0	
65.2154	-13.6039	149.271	0	
146.276	-8.42323	212.24	0	
129.263	-24.2646	208.681	0	
114.751	-10.3233	207.368	0	
71.4242	-17.4153	83.2343	0	
-134.098	-13.8532	463.842	0	
-97.9517	-12.0229	459.393	0	
-36.5975	-13.8532	485.328	0	
-0.451702	-12.0229	160.582	0	
90.1455	-11.4398	190.917	0	
96.2755	-8.42323	201.754	0	
-56.6144	-11.5018	361.672	0	
-50.5379	-10.963	361.437	0	
40.8856	-11.5018	174.354	0	
46.9621	-10.963	159.578	0	
-148.571	-10.8319	299.882	0	
-48.1756	-15.7705	419.959	0	
-154.889	-14.3905	248.691	0	
-147.97	-17.6816	405.482	0	
-48.4549	-12.1835	404.748	0	
-45.013	-15.9763	465.448	0	
49.0451	-12.1835	105.834	0	
131.583	-10.4695	215.03	0	
-159.3	-10.3101	154.094	0	
-155.495	-10.2766	203.329	0	
54.7007	-19.2086	21.0978	0	
125.71	-8.44973	215.378	0	
-100.923	-13.8421	570.748	0	
49.3244	-15.7705	77.1603	0	
10.7483	-12.069	192.054	0	
128.01	-15.8868	217.296	0	
-150.446	-24.58	418.28	0	
-157.754	-11.6412	196.989	0	
-157.617	-14.2078	204.918	0	
-167.607	-12.1717	107.014	0	
-142.499	-15.3422	463.262	0	
163.886	-7.81396	248.09	0	
174.226	-2.69569	253.342	0	
118.732	-15.6842	212.147	0	
142.828	-13.8833	211.583	0	
-86.6409	-16.373	597.195	0	
-65.7541	-13.472	434.241	0	
10.8591	-16.373	188.875	0	
31.7459	-13.472	200.398	0	
-184.223	-1.73373	83.0642	0	
-161.745	-10.4642	128.768	0	
-105.152	-7.25958	250.179	0	
-111.405	-13.4554	501.106	0	
-7.65167	-7.25958	169.837	0	
-13.9051	-13.4554	331.044	0	
88.5983	-7.25958	189.559	0	
81.7838	-13.563	247.454	0	
138.598	-7.25958	204.867	0	
131.153	-14.6103	217.092	0	
-130.23	-12.4755	428.273	0	
-125.008	-12.0914	417.369	0	
-32.73	-12.4755	482.757	0	
-27.5081	-12.0914	464.918	0	
-78.8414	-14.5362	528.137	0	
-71.2546	-10.6507	390.519	0	
18.6586	-14.5362	189.414	0	
26.2454	-10.6507	209.909	0	
-92.6578	-11.3921	464.514	0	
-85.4292	-10.045	383.989	0	
4.84222	-11.3921	164.834	0	
12.0708	-10.045	190.08	0	
137.145	-11.7939	211.747	0	
140.704	-8.66433	207.624	0	
117.489	-11.9439	223.955	0	
126.674	-12.8115	219.247	0	
-106.605	-11.7939	425.555	0	
-103.046	-8.66433	354.454	0	
-145.757	-15.2052	374.253	0	
-103.605	-11.4398	445.248	0	
-9.10523	-11.7939	244.379	0	
-5.5458	-8.66433	207.67	0	
-20.5299	-11.8896	399.583	0	
-6.10455	-11.4398	174.551	0	
87.1448	-11.7939	246.392	0	
90.7042	-8.66433	223.211	0	
-52.7296	-12.6391	398.323	0	
-51.3189	-16.133	428.931	0	
44.7704	-12.6391	99.52	0	
46.1811	-16.133	76.0806	0	
66.2607	-7.66183	240.704	0	
61.592	-14.645	59.4116	0	
39.4104	-13.2995	152.481	0	
145.799	-12.064	216.203	0	
-58.0896	-13.2995	411.598	0	
-86.7517	-12.069	462.716	0	
-76.2221	-13.5164	505.623	0	
2.5838	-13.8175	196.18	0	
-94.9162	-13.8175	560.256	0	
-80.1994	-11.9005	476.852	0	
-57.6835	-17.1843	439.014	0	
17.3006	-11.9005	201.689	0	
95.7992	-12.064	183.269	0	
142.263	-32.8139	208.531	0	
123.657	-10.3857	215.708	0	
124.174	-12.8115	217.107	0	
-116.81	-16.0011	535.445	0	
-106.911	-18.7727	650.555	0	
-122.648	-13.347	466.52	0	
-120.289	-17.0036	603.501	0	
-19.3105	-16.0011	449.511	0	
-9.41138	-18.7727	321.594	0	
-25.1485	-13.347	459.024	0	
-22.7891	-17.0036	500.36	0	
21.2779	-13.5164	200.292	0	
52.487	-15.9763	60.4032	0	
-88.8748	-11.0032	452.238	0	
-88.6138	-16.0889	611.615	0	
8.62524	-11.0032	175.575	0	
8.88623	-16.0889	179.344	0	
100.469	-11.0855	187.262	0	
122.403	-15.8868	221.594	0	
-102.761	-18.776	668.539	0	
39.8165	-17.1843	119.707	0	
-30.5151	-14.406	518.826	0	
68.6863	-14.565	159.946	0	
-84.2433	-18.71	667.712	0	
-83.6959	-14.349	561.998	0	
13.2567	-18.71	195.296	0	
13.8041	-14.349	193.529	0	
-128.015	-14.406	522.491	0	
-1.46149	-20.9398	274.161	0	
-82.3706	-17.1144	596.322	0	
-77.1404	-18.8236	596.995	0	
-34.8448	-22.1714	518.036	0	
103.857	-15.3762	191.223	0	
15.1294	-17.1144	182.753	0	
20.3596	-18.8236	194.4	0	
-71.9341	-14.5113	496.659	0	
-62.81	-14.1067	428.999	0	
25.5659	-14.5113	206.378	0	
34.69	-14.1067	188.9	0	
-170.722	-5.27006	79.4862	0	
-175.476	-2.64081	76.9621	0	
166.993	-9.3581	245.204	0	
179.821	-3.17192	252.492	0	
-191.569	-2.08123	92.0194	0	
-180.704	-8.04338	80.5883	0	
-53.6684	-18.9989	461.258	0	
-5.26069	-18.776	223.71	0	
43.8316	-18.9989	36.3398	0	
133.843	-20.6746	213	0	
-108.074	-14.1929	556.246	0	
-94.0883	-17.8006	649.092	0	
-10.5743	-14.1929	265.184	0	
3.41174	-17.8006	185.387	0	
134.484	-15.3478	215.953	0	
159.298	-32.6901	222.64	0	
75.2994	-15.1171	204.548	0	
125.206	-18.1807	218.254	0	
110.084	-14.9563	197.725	0	
167.645	-28.0136	239.559	0	
85.4271	-14.4419	194.234	0	
44.9695	-27.6829	20.8326	0	
-76.3835	-22.9609	682.432	0	
-62.2534	-16.8341	467.938	0	
21.1165	-22.9609	163.29	0	
35.2466	-16.8341	142.409	0	
-69.1374	-16.0301	500.946	0	
-59.6977	-18.8508	474.081	0	
28.3626	-16.0301	200.135	0	
37.8023	-18.8508	96.3135	0	
-181.071	-3.18122	88.9235	0	
-176.1	-9.31089	89.0372	0	
170.302	-6.68287	252.254	0	
173.419	-6.43797	252.606	0	
159.128	-14.7127	234.247	0	
164.209	-14.5128	246.659	0	
-98.9615	-20.9398	741.538	0	
12.9924	-23.3158	187.395	0	
7.06144	-18.779	200.994	0	
117.677	-21.7369	203.587	0	
-79.7755	-17.335	595.968	0	
-74.7054	-15.7809	526.699	0	
17.7245	-17.335	191.327	0	
22.7946	-15.7809	193.334	0	
152.809	-9.49693	221.387	0	
153.817	-16.299	222.367	0	
-153.202	-17.3239	308.619	0	
-150.327	-16.1614	314.094	0	
-163.68	-16.5656	162.242	0	
-63.8837	-22.4837	519.344	0	
-146.558	-22.1446	413.179	0	
-142.549	-22.4698	537.44	0	
39.5095	-26.6887	42.5739	0	
91.2651	-19.3404	177.94	0	
-128.039	-20.2596	641.026	0	
-84.5076	-23.3158	721.345	0	
-57.9905	-26.6887	498.299	0	
33.6163	-22.4837	102.268	0	
-187.588	-7.89551	88.4961	0	
-195.842	-4.57853	103.811	0	
100.778	-19.5012	184.56	0	
106.939	-9.51808	192.408	0	
-192.842	-29.1807	124.27	0	
-183.66	-10.6764	98.5993	0	
179.592	-6.93814	252.396	0	
186.535	-3.81686	251.349	0	
-68.6736	-19.0863	549.124	0	
-64.7337	-19.2556	517.872	0	
28.8264	-19.0863	156.015	0	
32.7663	-19.2556	142.673	0	
112.986	-17.0898	208.368	0	
121.254	-28.2149	192.161	0	
-158.754	-20.6094	229.947	0	
37.0231	-22.4901	92.2136	0	
25.497	-23.4473	183.053	0	
121.097	-23.8369	210.616	0	
100.41	-16.4657	209.497	0	
109.833	-12.0214	212.022	0	
-90.4386	-18.779	690.346	0	
-72.003	-23.4473	607.541	0	
-52.4633	-27.7169	497.043	0	
-60.4769	-22.4901	520.561	0	
105.849	-22.2944	206.648	0	
106.839	-16.4118	210.914	0	
-70.3526	-26.6553	621.71	0	
52.9428	-24.0743	19.0726	0	
-25.1725	-21.6016	533.222	0	
95.6087	-22.0749	221.098	0	
31.3268	-25.5223	114.898	0	
125.206	-21.9293	208.448	0	
108.462	-20.2945	194.846	0	
116.562	-17.9116	219.51	0	
111.958	-20.6901	207.861	0	
114.531	-23.4196	207.144	0	
71.0304	-23.2096	89.7726	0	
141.707	-19.6086	217.788	0	
-113.695	-16.8815	610.122	0	
-110.638	-20.7638	723.434	0	
-122.673	-21.6016	697.349	0	
-122.665	-35.1775	743.355	0	
-16.1947	-16.8815	365.265	0	
-13.138	-20.7638	391.656	0	
-30.539	-20.2596	544.82	0	
-66.1732	-25.5223	581.425	0	
78.8199	-16.4504	155.577	0	
86.8649	-19.5449	250.799	0	
-98.7451	-26.3808	809.309	0	
-88.73	-23.669	754.67	0	
-1.24511	-26.3808	269.585	0	
8.77004	-23.669	208.948	0	
-205.28	-10.9939	111.268	0	
-203.116	-22.3712	128.321	0	
-200.382	-2.4973	103.628	0	
-210.958	-2.99655	115.526	0	
-165.848	-21.217	187.239	0	
-154.734	-21.2796	308.717	0	
168.663	-18.2333	240.178	0	
175.263	-15.1641	249.268	0	
178.781	-17.6852	246.358	0	
199.132	-2.49739	247.164	0	
-119.214	-27.9461	777.722	0	
27.1474	-26.6553	120.035	0	
-37.9991	-37.0053	490.6	0	
106.132	-26.6725	176.089	0	
-80.5482	-26.5803	704.463	0	
37.9206	-30.6463	49.7324	0	
16.9518	-26.5803	196.08	0	
117.266	-31.4134	194.837	0	
113.963	-28.7182	182.748	0	
84.3565	-22.7175	127.241	0	
79.9548	-20.502	166.706	0	
78.3935	-30.9545	72.6222	0	
109.886	-30.7265	189.394	0	
-170.264	-22.5426	140.502	0	
-186.586	-34.0715	168.466	0	
-71.4692	-32.4504	637.247	0	
-64.3552	-29.4863	571.056	0	
-129.522	-33.6809	694.289	0	
-77.2844	-32.8618	733.314	0	
26.0308	-32.4504	139.4	0	
33.1448	-29.4863	77.0269	0	
-35.8192	-26.3093	505.102	0	
20.2156	-32.8618	174.212	0	
-32.3341	-32.9669	489.783	0	
200.219	-31.4848	240.701	0	
-81.3536	-39.2894	723.005	0	
-59.5794	-30.6463	559.329	0	
-173.766	-29.45	187.327	0	
48.7057	-33.5404	24.5006	0	
-67.173	-34.0637	597.528	0	
-62.7476	-39.8274	617.157	0	
-10.2351	-42.3533	392.438	0	
100.623	-33.4418	159.407	0	
30.327	-34.0637	79.7431	0	
34.7524	-39.8274	66.2027	0	
-136.209	-17.737	552.884	0	
-132.365	-22.2129	615.981	0	
-43.198	-18.7365	465.23	0	
-38.6886	-17.6956	510.39	0	
229.784	-7.91137	240.398	0	
-195.655	-9.12754	98.6596	0	
-184.632	-17.2543	103.123	0	
-223.649	-3.59612	123.547	0	
-198.906	-17.9043	113.519	0	
132.435	-31.2901	199.678	0	
136.452	-29.449	207.263	0	
186.376	-7.64136	250.497	0	
187.265	-14.6613	247.95	0	
182.331	-13.8541	249.546	0	
189.97	-10.4787	249.057	0	
60.3681	-18.9378	45.4356	0	
76.0405	-24.963	80.1368	0	
119.878	-37.6577	177.756	0	
137.314	-23.0545	208.554	0	
-140.704	-18.1438	485.289	0	
-139.168	-26.5268	554.342	0	
-133.48	-26.6767	642.998	0	
-92.1633	-28.1316	785.022	0	
-50.4644	-23.7627	452.095	0	
-44.8887	-23.6362	481.376	0	
-57.1344	-37.3795	537.719	0	
-21.7444	-28.0369	491.46	0	
124.816	-30.5282	196.904	0	
128.715	-28.4856	200.41	0	
-154.172	-36.2055	355.715	0	
-205.51	-5.49385	116.828	0	
-189.708	-16.9412	106.387	0	
190.469	-19.3683	245.479	0	
194.401	-9.15162	248.303	0	
180.928	-24.6306	243.238	0	
209.708	-2.99653	244.448	0	
40.3656	-37.3795	48.4222	0	
84.393	-29.5111	113.282	0	
-148.752	-31.7441	432.112	0	
-141.483	-33.3657	571.793	0	
-51.8547	-39.276	549.395	0	
-41.3536	-26.7331	483.305	0	
124.872	-36.6466	193.488	0	
149.858	-28.1793	219.588	0	
5.33672	-28.1316	270.8	0	
129.988	-37.1068	195.492	0	
106.151	-35.183	166.395	0	
179.128	-40.5991	236.27	0	
74.4903	-38.1045	66.6618	0	
95.862	-26.6762	171.11	0	
101.314	-28.4806	183.673	0	
-90.1079	-37.043	806.27	0	
67.1678	-36.6738	20.2902	0	
65.58	-54.9481	61.11	0	
113.853	-42.0949	172.483	0	
-199.966	-12.5463	114.601	0	
187.682	-25.5065	243.896	0	
209.204	-15.0839	242.496	0	
113.919	-50.1317	163.298	0	
-193.119	-20.7159	120.14	0	
-135.899	-48.5637	595.222	0	
-48.7724	-33.5709	485.326	0	
-43.2385	-32.7137	493.941	0	
134.099	-42.95	198.546	0	
122.432	-54.3794	185.912	0	
87.7148	-33.6491	116.127	0	
95.3237	-40.1176	130.303	0	
99.1751	-43.1784	147.331	0	
98.2767	-48.6319	135.66	0	
7.39212	-37.043	267.567	0	
-25.6479	-34.8802	470.356	0	
-217.111	-6.59266	134.538	0	
-216.837	-13.1836	122.389	0	
215.587	-13.1843	242.918	0	
222.399	-3.59612	242.786	0	
-178.18	-51.9759	228.182	0	
-153.647	-49.4659	414.057	0	
95.9829	-35.2801	145.484	0	
105.363	-40.0821	157.904	0	
-47.377	-47.5674	530.392	0	
-39.0554	-46.1539	511.493	0	
92.3318	-31.2524	139.117	0	
88.4066	-44.521	101.344	0	
16.1464	-39.2894	251.979	0	
104.53	-53.5724	152.667	0	
89.6237	-39.8659	122.002	0	
93.2082	-50.2262	129.828	0	
80.0854	-44.9589	72.3365	0	
195.014	-53.6987	234.569	0	
46.9683	-23.7287	28.9279	0	
65.1315	-24.4061	19.9298	0	
45.6907	-39.2794	26.3882	0	
56.758	-28.3975	13.1915	0	
58.9988	-47.2745	27.9107	0	
63.2794	-29.0001	25.4886	0	
54.5197	-33.9094	13.6466	0	
60.6283	-39.7232	26.6155	0	
-112.153	-26.9719	787.917	0	
-106.813	-41.5616	828.877	0	
-14.6834	-27.0627	414.365	0	
-20.3964	-45.3419	472.348	0	
-180.822	-20.7977	134.764	0	
-180.372	-28.6817	128.74	0	
-28.1388	-52.5772	504.856	0	
-8.42563	-30.9174	404.626	0	
-223.045	-18.0992	138.297	0	
197.484	-18.6006	245.527	0	
221.795	-18.0997	240.368	0	
-116.522	-44.9384	751.065	0	
-105.895	-30.8265	804.205	0	
-210.454	-15.0875	127.426	0	
-209.349	-21.1068	126.966	0	
214.41	-27.8426	240.24	0	
201.692	-23.0481	242.089	0	
-168.63	-35.332	202.866	0	
-185.88	-47.0569	179.372	0	
-58.4369	-62.9932	552.763	0	
99.1429	-60.8213	148.622	0	
90.5758	-57.9619	127.573	0	
-48.4864	-72.4847	528.238	0	
146.007	-88.8777	222.215	0	
49.8752	-47.1998	43.4978	0	
76.1765	-53.3494	85.5158	0	
-231.034	-7.91137	136.824	0	
193.225	-33.1755	240.639	0	
-196.586	-54.0406	184.062	0	
-97.6075	-46.0273	757.09	0	
32.5931	-47.2676	113.814	0	
3.02215	-58.9551	310.954	0	
-230.704	-15.8235	128.247	0	
-199.677	-29.8849	136.797	0	
-199.122	-68.7901	207.375	0	
-232.183	-28.9135	143.426	0	
-145.673	-56.093	378.713	0	
-65.0282	-47.5636	610.004	0	
-0.999147	-46.7281	411.147	0	
39.3398	-61.6705	141.394	0	
208.094	-21.1083	242.404	0	
176.392	-31.8898	236.077	0	
229.454	-15.8234	241.686	0	
209.137	-35.1834	238.236	0	
139.328	-61.0399	202.023	0	
189.207	-41.0089	236.504	0	
-222.975	-26.721	132.879	0	
221.729	-26.7336	240.542	0	
231.761	-29.6353	239.003	0	
142.356	-40.4982	204.634	0	
158.523	-43.1702	223.47	0	
131.472	-51.1747	193.68	0	
149.176	-46.3437	211.56	0	
-209.391	-44.9615	167.078	0	
24.809	-66.1786	157.94	0	
-73.5915	-67.1651	604.494	0	
-93.917	-58.2892	725.508	0	
-54.9373	-53.4072	606.502	0	
81.8654	-60.6471	104.381	0	
-101.539	-70.7175	510.719	0	
-234.45	-44.5321	176.862	0	
207.95	-49.5639	236.729	0	
42.3908	-52.7401	63.346	0	
65.768	-76.5282	142.749	0	
-186.216	-79.8078	225.893	0	
60.9715	-64.9719	107.716	0	
84.6816	-83.8123	171.686	0	
133.127	-72.183	206.029	0	
169.605	-47.203	227.4	0	
99.0487	-73.5167	169.017	0	
121.291	-67.4347	186.652	0	
76.0654	-73.8022	139.607	0	
21.5973	-78.4887	280.339	0	
148.776	-58.6606	211.464	0	
159.318	-65.2507	222.751	0	
-118.231	-67.6676	570.485	0	
-123.641	-53.3865	569.914	0	
223.493	-56.6049	234.476	0	
-170.587	-61.0571	253.462	0	
-162.29	-53.2661	268.419	0	
-75.7218	-48.391	710.235	0	
-80.7855	-58.4064	638.925	0	
-78.6641	-83.0863	477.261	0	
42.8672	-124.784	238.656	0	
21.8995	-48.0949	147.795	0	
17.1665	-58.0755	283.782	0	
110.772	-78.66	183.687	0	
-128.033	-80.0868	384.842	0	
-143.217	-73.3351	411.29	0	
48.3422	-68.3158	112.69	0	
43.0743	-85.2084	199.356	0	
-31.1187	-67.2315	506.731	0	
6.99334	-83.9003	299.611	0	
180.708	-83.077	229.301	0	
-212.548	-78.6717	223.299	0	
55.4568	-91.151	185.671	0	
30.86	-90.8732	228.142	0	
195.719	-99.5338	230.769	0	
-155.091	-83.9494	275.714	0	
22.5656	-111.1	271.942	0	
-3.93924	-72.4697	411.939	0	
5.64357	-105.233	304.327	0	
-222.226	-50.9126	160.789	0	
162.751	-84.3246	220.906	0	
186.132	-63.0524	229.177	0	
-120.967	-99.7543	380.722	0	
-93.4804	-86.7559	520.413	0	
221.832	-84.1178	230.093	0	
-21.1018	-77.8858	433.871	0	
-26.257	-99.2576	370.086	0	
-222.846	-69.8732	192.027	0	
82.4716	-105.887	212.726	0	
-155.483	-105.393	290.552	0	
137.733	-106.863	217.069	0	
-208.069	-100.978	219.052	0	
-170.837	-73.8717	279.152	0	
-103.106	-103.373	336.963	0	
114.335	-101.394	220.2	0	
-63.2341	-129.89	313.583	0	
-190.247	-100.547	243.36	0	
-175.26	-116.054	233.704	0	
63.5442	-110.5	220.261	0	
100.401	-118.325	215.188	0	
-14.9272	-144.737	293.64	0	
-136.544	-114.446	277.81	0	
-10.4442	-115.174	327.268	0	
-62.9959	-88.4674	479.846	0	
-50.7834	-104.586	380.886	0	
-91.8996	-128.662	335.441	0	
-132.369	-138.886	293.276	0	
-178.662	-146.313	242.504	0	
-43.1907	-154.124	310.048	0	
-213.777	-154.351	228.381	0	
184.547	-133.757	229.305	0	
43.9892	-153.642	247.382	0	
105.563	-154.614	234.582	0	
-105.586	-149.483	287.737	0	
153.516	-136.648	230.366	0	
222.629	-148.911	231.229	0	
