# File: UnstructuredGrid_Inversion_L0_Coarse_Iter01.dat
# (No specific header documentation)

-158.75	-0.496475	177.639	0	
-156.875	-0.668155	202.898	0	
-60.625	-0.431516	150.072	0	
36.875	-0.431516	234.788	0	
-228.198	-124.523	242.813	0	
135.625	-0.668155	214.329	0	
38.125	-0.668155	208.597	0	
-169.883	-44.1849	298.413	0	
-59.375	-0.668155	157.222	0	
-115.32	-2.91409	198.786	0	
-208.422	-34.2476	206.457	0	
-85.9973	-2.80091	191.607	0	
-161.562	-31.1528	330.356	0	
-162.282	-23.9451	246.823	0	
-110.104	-1.86538	205.163	0	
-135.637	-38.619	709.832	0	
-61.354	-1.86538	163.946	0	
-135.104	-1.86538	209.979	0	
-148.497	-8.59138	299.802	0	
-146.25	-1.09967	199.87	0	
-142.708	-2.72654	202.805	0	
-143.958	-2.01633	202.004	0	
-129.845	-3.05088	201.714	0	
-151.594	-4.85908	239.385	0	
-155.208	-2.01633	220.823	0	
-146.05	-12.2522	379.572	0	
-152.292	-2.72654	224.306	0	
-159.95	-16.471	245.919	0	
134.375	-0.431516	210.102	0	
-17.8202	-2.91409	216.618	0	
-156.27	-3.86216	219.94	0	
-41.4583	-2.01633	187.225	0	
-154.792	-2.72654	221.815	0	
-153.542	-3.47328	228.091	0	
-12.604	-1.86538	238.675	0	
-148.795	-2.8545	220.505	0	
36.146	-1.86538	224.794	0	
-37.604	-1.86538	197.88	0	
-170.813	-2.26882	153.235	0	
-48.75	-1.09967	180.401	0	
-166.927	-1.72974	158.445	0	
-163.743	-2.99807	163.336	0	
-57.2917	-2.72654	185.538	0	
-165.769	-3.46425	161.782	0	
-56.0417	-3.47328	186.268	0	
-157.576	-8.14551	221.798	0	
-54.7917	-2.72654	181.485	0	
-63.125	-0.36089	155.206	0	
-162.675	-0.60932	167.552	0	
-82.5	-1.09967	189.895	0	
-60.5207	-2.1669	173.313	0	
-155	-1.09967	213.614	0	
-75.5207	-2.1669	178.443	0	
-160.875	-0.935418	169.931	0	
-65.625	-0.431516	156.926	0	
85.625	-0.668155	190.24	0	
-154.375	-0.668155	221.704	0	
61.875	-0.668155	177.023	0	
-151.875	-0.668155	218.756	0	
-151.25	-1.09967	213.851	0	
44.7917	-2.01633	195.037	0	
-153.125	-0.431516	216.673	0	
56.0417	-2.01633	185.792	0	
-155.625	-0.431516	210.89	0	
78.4298	-2.91409	201.577	0	
-161.767	-1.54474	169.111	0	
-55	-1.09967	169.506	0	
-150.625	-0.431516	211.009	0	
-152.5	-1.09967	209.304	0	
37.2915	-5.36053	213.641	0	
-148.125	-0.366631	210.782	0	
37.2841	-3.06466	215.586	0	
-145.625	-0.668155	214.094	0	
-146.875	-0.431516	224.9	0	
43.125	-0.668155	186.287	0	
38.9583	-2.01633	215.6	0	
-144.375	-0.431516	215.503	0	
34.375	-0.36089	241.82	0	
-141.875	-0.431516	218.726	0	
-140.625	-0.668155	215.993	0	
31.875	-0.431516	239.985	0	
-141.25	-1.09967	200.516	0	
40	-1.09967	220.779	0	
-145	-1.09967	188.29	0	
40.625	-0.668155	198.851	0	
15	-1.09967	215.843	0	
-133.75	-1.09967	207.266	0	
140.625	-3.34884	204.232	0	
-134.375	-0.431516	228.158	0	
-133.125	-0.668155	228.167	0	
144.345	-3.52006	204.432	0	
-135.625	-0.366631	214.608	0	
148.422	-2.00504	205.625	0	
138.422	-2.00504	201.978	0	
-131.875	-0.431516	213.931	0	
136.756	-2.06993	203.676	0	
-125	-1.09967	208.169	0	
-128.75	-1.09967	198.496	0	
138.125	-0.366631	205.507	0	
-131.25	-0.798148	206.813	0	
139.375	-0.668155	210.527	0	
-132.5	-1.09967	199.749	0	
145.625	-0.668155	215.175	0	
-140	-1.09967	189.311	0	
21.9793	-2.1669	218.765	0	
129.375	-0.431516	213.561	0	
-125.625	-0.431516	215.163	0	
111.25	-1.09967	208.627	0	
-123.75	-1.09967	211.57	0	
-122.5	-0.798148	204.633	0	
-111.875	-0.36089	206.355	0	
-117.604	-1.86538	206.264	0	
119.479	-2.1669	213.931	0	
-120.881	-3.06027	200.212	0	
-118.125	-0.366631	218.221	0	
-99.4045	-3.52006	195.696	0	
-115.625	-0.668155	220.964	0	
-110	-0.798148	207.003	0	
-88.125	-0.668155	196.768	0	
-116.875	-0.431516	212.489	0	
-123.125	-0.431516	224.681	0	
-116.25	-1.09967	202.473	0	
-114.375	-0.431516	214.262	0	
-98.125	-0.668155	226.026	0	
-108.75	-1.09967	200.666	0	
-104.375	-0.668155	207.861	0	
-109.375	-0.431516	213.178	0	
-108.125	-0.668155	226.333	0	
-106.994	-2.06993	207.429	0	
-110.625	-0.366631	216.676	0	
-109.271	-2.1669	204.107	0	
-136.875	-0.36089	212.26	0	
-106.875	-0.431516	210.172	0	
-134.068	-5.08295	202.105	0	
-98.75	-1.09967	197.324	0	
-103.75	-1.09967	214.907	0	
-124.375	-0.668155	221.456	0	
-106.25	-0.798148	213.209	0	
-139.375	-0.431516	215.938	0	
-107.5	-1.09967	199.32	0	
-105.625	-0.366631	217.213	0	
-115	-1.09967	191.635	0	
-105.328	-2.00504	206.116	0	
-126.875	-0.366631	212.654	0	
131.875	-0.36089	218.482	0	
-103.125	-0.431516	217.707	0	
49.375	-0.668155	194.519	0	
-129.375	-0.668155	219.292	0	
-100.625	-0.366631	222.72	0	
-130.625	-0.366631	216.114	0	
-90.104	-1.86538	186.934	0	
-99.375	-0.431516	201.598	0	
-131.994	-2.06993	197.732	0	
-147.589	-1.76841	206.31	0	
-96.875	-0.431516	196.805	0	
-135	-0.798148	199.328	0	
-94.375	-0.668155	185.609	0	
-88.75	-1.09967	180.21	0	
-146.756	-2.06993	206.287	0	
-96.25	-0.798148	204.346	0	
-146.468	-2.99641	203.494	0	
-97.5	-1.09967	189.779	0	
-149.375	-0.668155	225.79	0	
-144.792	-2.01633	207.34	0	
-89.375	-0.431516	176.556	0	
-153.75	-1.09967	222.148	0	
-87.5	-1.09967	173.032	0	
-86.875	-0.431516	175.879	0	
-153.542	-2.01633	220.046	0	
-68.854	-1.86538	170.599	0	
-143.75	-1.09967	205.95	0	
-147.5	-0.798148	190.912	0	
-83.125	-0.431516	176.145	0	
-150	-1.09967	187.333	0	
-81.25	-1.09967	181.813	0	
-80.625	-0.431516	171.446	0	
-156.25	-1.09967	221.068	0	
-76.354	-1.86538	174.145	0	
-151.042	-2.01633	210.247	0	
-83.75	-0.798148	177.731	0	
-152.708	-2.01633	224.381	0	
-90.625	-0.366631	199.295	0	
-143.125	-0.668155	207.371	0	
-14.375	-0.36089	255.688	0	
-75.625	-0.431516	165.985	0	
-23.3807	-3.06027	210.558	0	
-68.75	-0.798148	173.647	0	
-73.75	-1.09967	174.872	0	
-25.625	-0.431516	230.594	0	
-74.375	-0.668155	158.474	0	
-16.875	-0.431516	267.109	0	
9.375	-0.668155	227.617	0	
-69.375	-0.366631	155.342	0	
-0.625	-0.668155	234.873	0	
-66.875	-0.668155	155.751	0	
-61.25	-0.798148	169.771	0	
-11.7707	-2.1669	226.487	0	
-68.125	-0.431516	158.854	0	
-7.82772	-2.00504	235.798	0	
-67.5	-1.09967	179.643	0	
-1.90454	-3.52006	218.147	0	
-9.49439	-2.06993	235.205	0	
-60	-1.09967	169.188	0	
-39.375	-0.36089	194.97	0	
36.9793	-2.1669	210.677	0	
-57.5	-1.09967	173.693	0	
-41.875	-0.431516	183.007	0	
-61.875	-0.366631	153.682	0	
-8.125	-0.366631	254.254	0	
-26.875	-0.668155	264.489	0	
-56.875	-0.668155	161.195	0	
-31.875	-0.668155	242.93	0	
-54.375	-0.668155	163.203	0	
-53.75	-1.09967	162.517	0	
-34.4944	-2.06993	185.853	0	
-55.625	-0.431516	151.847	0	
-36.7707	-2.1669	198.103	0	
-58.125	-0.431516	150.225	0	
-36.5676	-5.08295	221.046	0	
-66.25	-1.09967	168.114	0	
-6.875	-0.668155	243.593	0	
-76.875	-0.366631	156.976	0	
-156.042	-2.01633	209.851	0	
-51.875	-0.668155	169.187	0	
-50.625	-0.366631	149.735	0	
-48.9679	-2.99641	180.473	0	
-48.125	-0.668155	145.44	0	
-47.5	-1.09967	197.553	0	
-37.5	-0.798148	189.279	0	
-49.375	-0.431516	172.157	0	
-50.0889	-1.76841	170.262	0	
-45.625	-0.668155	148.963	0	
-43.75	-1.09967	185.641	0	
-46.25	-1.09967	180.4	0	
-43.125	-0.668155	152.104	0	
-42.5	-1.09967	208.254	0	
-56.25	-1.09967	159.949	0	
-44.375	-0.431516	173.488	0	
-47.2917	-2.01633	171.201	0	
-46.875	-0.431516	169.877	0	
-49.2556	-2.06993	179.628	0	
-57.7083	-2.01633	166.529	0	
-38.125	-0.366631	172.79	0	
-53.5417	-2.01633	168.167	0	
-35.625	-0.668155	182.011	0	
-35	-1.09967	226.912	0	
-52.5	-1.09967	164.485	0	
-36.875	-0.431516	219.381	0	
-50	-0.798148	174.856	0	
-58.5417	-2.01633	173.813	0	
-33.75	-0.798148	195.516	0	
-62.5	-0.727521	181.362	0	
-31.25	-1.09967	185.213	0	
-29.375	-0.366631	244.384	0	
-68.0207	-2.1669	177.923	0	
-27.5	-1.09967	191.811	0	
-64.375	-0.668155	156.98	0	
-34.375	-0.431516	220.283	0	
-58.75	-1.09967	157.862	0	
-36.25	-1.09967	209.513	0	
-56.0417	-2.01633	170.221	0	
-66.0417	-2.01633	177.374	0	
-20.104	-1.86538	236.881	0	
-70.625	-0.36089	166.668	0	
-25	-0.798148	216.383	0	
-18.75	-1.09967	237.512	0	
-73.125	-0.431516	165.597	0	
-26.25	-1.09967	209.732	0	
-65	-1.09967	184.133	0	
-75	-1.09967	184.401	0	
-19.375	-0.431516	267.246	0	
105.625	-0.668155	204.421	0	
-12.5	-0.798148	224.988	0	
-17.5	-1.09967	216.702	0	
88.7946	-2.8545	197.655	0	
-18.125	-0.668155	248.76	0	
99.7712	-2.84299	198.385	0	
-20.625	-0.366631	243.871	0	
-86.4583	-2.01633	180.798	0	
107.753	-2.80091	197.327	0	
-13.125	-0.366631	260.234	0	
86.7556	-2.06993	194.838	0	
-10.625	-0.668155	263.63	0	
-10	-1.09967	223.175	0	
88.125	-0.366631	189.714	0	
-11.875	-0.431516	260.81	0	
89.375	-0.668155	190.102	0	
79.375	-0.431516	198.654	0	
-8.75	-0.798148	247.6	0	
71.25	-0.798148	199.722	0	
-6.25	-1.09967	235.971	0	
-5.625	-0.431516	245.507	0	
64.6723	-2.00504	199.344	0	
-1.25	-1.09967	229.836	0	
72.8693	-3.06027	202.033	0	
-9.375	-0.431516	253.666	0	
81.875	-0.36089	197.51	0	
-11.25	-1.09967	235.383	0	
95.625	-0.668155	196.545	0	
-28.125	-0.431516	221.283	0	
-62.5054	-1.48403	162.839	0	
-53.125	-0.431516	151.69	0	
-33.125	-0.366631	202.788	0	
-134.271	-2.1669	203.418	0	
-3.125	-0.366631	243.243	0	
-1.875	-0.431516	227.499	0	
65.625	-0.668155	194.288	0	
7.39595	-1.86538	220.282	0	
-3.70074e-17	-1.09967	215.632	0	
72.1723	-2.00504	202.108	0	
64.375	-0.366631	184.711	0	
0.625	-0.431516	227.105	0	
55.625	-0.431516	163.298	0	
3.125	-0.668155	221.834	0	
8.75	-1.09967	217.918	0	
48.5321	-2.99641	209.446	0	
1.25	-0.798148	226.193	0	
58.125	-0.36089	167.99	0	
6.875	-0.366631	229.577	0	
63.0056	-2.06993	193.715	0	
48.2444	-2.06993	189.271	0	
8.125	-0.431516	224.39	0	
50.2083	-2.01633	195.816	0	
10	-1.09967	209.281	0	
10.625	-0.431516	226.555	0	
51.25	-1.09967	179.161	0	
28.646	-1.86538	223.434	0	
51.875	-0.668155	179.874	0	
47.4111	-1.76841	190.741	0	
14.375	-0.431516	230.283	0	
47.5	-0.798148	196.317	0	
16.25	-1.09967	217.973	0	
16.875	-0.431516	233.147	0	
43.9583	-2.01633	205.337	0	
21.146	-1.86538	221.808	0	
39.7917	-2.01633	211.933	0	
13.75	-0.798148	228.696	0	
45.625	-0.668155	172.827	0	
20.625	-0.366631	230.743	0	
60	-0.798148	191.58	0	
41.25	-1.09967	218.662	0	
21.875	-0.431516	232.307	0	
33.125	-0.668155	219.185	0	
28.75	-0.798148	222.638	0	
23.75	-1.09967	219.77	0	
34.9946	-1.48403	228.253	0	
23.125	-0.668155	232.392	0	
41.4583	-2.01633	210.626	0	
35	-0.727521	214.327	0	
28.125	-0.366631	231.685	0	
32.5	-1.09967	211.855	0	
30.625	-0.668155	230.505	0	
36.25	-0.798148	216.811	0	
26.875	-0.36089	235.137	0	
29.375	-0.431516	237.175	0	
31.4583	-2.01633	216.433	0	
30	-1.09967	216.01	0	
29.4793	-2.1669	215.989	0	
11.0417	-2.01633	218.656	0	
37.5	-1.09967	226.831	0	
150.625	-0.431516	210.962	0	
128.43	-2.91409	207.25	0	
38.75	-1.09967	225.729	0	
150	-1.09967	207.266	0	
35.625	-0.366631	219.991	0	
22.5	-1.09967	213.921	0	
153.75	-0.798148	232.554	0	
42.5	-1.09967	215.512	0	
148.125	-0.366631	204.64	0	
48.75	-1.09967	177.937	0	
43.75	-1.09967	204.687	0	
141.875	-0.668155	208.058	0	
41.875	-0.431516	217.507	0	
146.756	-2.06993	207.913	0	
39.375	-0.431516	227.802	0	
149.771	-2.84299	211.796	0	
31.25	-1.09967	222.273	0	
24.375	-0.431516	235.206	0	
44.375	-0.431516	207.531	0	
45	-1.09967	214.83	0	
138.795	-2.8545	203.729	0	
46.875	-0.366631	202.286	0	
140.208	-2.01633	205.951	0	
59.896	-1.86538	183.723	0	
50	-1.09967	162.705	0	
141.25	-1.09967	205.106	0	
48.125	-0.431516	166.141	0	
143.75	-0.798148	207.372	0	
138.75	-1.03479	205.259	0	
53.75	-1.09967	174.067	0	
132.495	-1.48403	212.184	0	
54.375	-0.668155	169.025	0	
55	-1.09967	182.634	0	
126.979	-2.1669	209.224	0	
53.125	-0.431516	161.518	0	
130.625	-0.668155	217.144	0	
50.625	-0.431516	165.46	0	
137.589	-1.76841	205.408	0	
128.958	-2.01633	207.145	0	
59.375	-0.366631	167.138	0	
83.646	-1.86538	195.11	0	
60.625	-0.431516	179.617	0	
62.5	-1.09967	196.285	0	
124.375	-0.36089	220.367	0	
61.25	-1.09967	182.903	0	
130	-1.09967	200.546	0	
110.686	-4.3008	204.592	0	
63.125	-0.431516	183.909	0	
-113.125	-0.668155	223.682	0	
68.75	-1.09967	198.869	0	
67.5	-0.798148	197.453	0	
-111.255	-1.48403	205.779	0	
63.75	-0.798148	190.048	0	
113.75	-0.798148	207.097	0	
68.125	-0.431516	203.161	0	
121.875	-0.431516	217.224	0	
93.125	-0.366631	189.455	0	
132.5	-0.727521	209.49	0	
-111.25	-0.727521	217.327	0	
76.146	-1.86538	201.799	0	
-113.75	-1.09967	201.107	0	
70.625	-0.431516	202.538	0	
77.5	-1.09967	202.456	0	
-118.75	-0.727521	218.409	0	
70	-1.09967	205.327	0	
-114.792	-2.01633	206.848	0	
-89.2707	-2.1669	186.518	0	
76.875	-0.431516	199.947	0	
-93.9788	-2.84299	192.42	0	
83.75	-0.798148	197.288	0	
78.75	-1.09967	199.608	0	
-85.625	-0.668155	189.477	0	
78.125	-0.668155	198.275	0	
-81.875	-0.668155	162.167	0	
75.625	-0.366631	200.528	0	
-120.625	-0.668155	223.892	0	
-86.25	-1.09967	179.188	0	
83.125	-0.366631	191.597	0	
-93.75	-1.09967	201.124	0	
133.646	-1.86538	206.617	0	
86.25	-1.09967	193.966	0	
-104.955	-2.8545	201.957	0	
84.375	-0.431516	191.784	0	
-93.125	-0.431516	205.011	0	
-96.9944	-2.06993	201.443	0	
87.5	-0.798148	194.766	0	
-101.875	-0.668155	206.966	0	
90	-1.09967	194.691	0	
90.625	-0.431516	186.823	0	
-100.089	-1.76841	204.078	0	
95	-1.09967	194.713	0	
-95.625	-0.366631	207.031	0	
86.875	-0.431516	191.35	0	
-90	-0.798148	194.584	0	
85	-1.09967	197.459	0	
-87.2917	-2.01633	190.462	0	
-116.771	-2.1669	204.544	0	
143.661	-1.76841	200.898	0	
-100	-0.798148	204.52	0	
94.375	-0.431516	187.378	0	
-102.5	-1.09967	207.427	0	
96.25	-1.09967	194.522	0	
103.646	-1.86538	194.986	0	
-103.542	-2.01633	205.691	0	
-105	-1.03479	211.814	0	
97.5	-0.798148	201.926	0	
-136.255	-1.48403	207.02	0	
105	-1.09967	192.336	0	
103.125	-0.366631	198.769	0	
-130.328	-2.00504	201.671	0	
99.375	-0.668155	188.302	0	
-138.125	-0.668155	213.424	0	
96.875	-0.431516	190.221	0	
-106.161	-1.76841	207.368	0	
-123.244	-2.06993	205.518	0	
126.146	-1.86538	214.584	0	
-128.125	-0.431516	222.047	0	
106.875	-0.431516	195.777	0	
110	-0.798148	201.896	0	
-126.304	-1.54577	208.54	0	
106.25	-1.09967	198.463	0	
-121.875	-0.366631	216.482	0	
-126.25	-0.798148	217.671	0	
118.646	-1.86538	212.743	0	
-130	-1.03479	209.291	0	
113.125	-0.431516	215.194	0	
120	-1.09967	206.928	0	
-148.75	-1.03479	202.779	0	
112.5	-1.09967	215.551	0	
-131.161	-1.76841	208.24	0	
110.625	-0.431516	213.544	0	
-127.242	-2.24637	197.164	0	
104.375	-0.431516	192.418	0	
-117.5	-0.798148	206.619	0	
-143.542	-2.72654	205.498	0	
119.375	-0.431516	217.403	0	
-139.792	-2.01633	207.259	0	
126.25	-0.798148	211.771	0	
121.25	-1.09967	215.035	0	
-138.75	-1.09967	207.988	0	
120.625	-0.668155	224.286	0	
-136.25	-0.727521	216.295	0	
-142.292	-2.01633	204.29	0	
125.625	-0.366631	221.342	0	
-13.7554	-1.48403	243.26	0	
128.125	-0.668155	213.907	0	
133.75	-0.798148	210.896	0	
-19.2707	-2.1669	225.78	0	
126.875	-0.431516	219.268	0	
-15.625	-0.668155	257.673	0	
127.5	-1.09967	212.476	0	
-142.5	-1.09967	190.936	0	
-17.2917	-2.01633	232.902	0	
135	-1.09967	199.216	0	
-21.25	-0.727521	250.557	0	
158.73	-5.36963	256.577	0	
136.25	-1.09967	202.052	0	
-23.125	-0.668155	236.163	0	
133.125	-0.366631	210.865	0	
-16.25	-1.09967	237.983	0	
15.625	-0.668155	231.416	0	
137.5	-0.798148	198.941	0	
11.875	-0.668155	229.772	0	
140	-1.09967	196.816	0	
140.625	-0.431516	204.623	0	
10.2083	-2.01633	218.608	0	
145	-1.09967	192.669	0	
3.52121	-2.84299	218.784	0	
136.875	-0.431516	216.45	0	
8.22929	-2.1669	219.363	0	
128.75	-1.09967	212.751	0	
-13.75	-0.727521	258.236	0	
118.125	-0.366631	224.319	0	
-148.422	-2.00504	204.232	0	
4.375	-0.431516	231.86	0	
144.375	-0.431516	205.144	0	
-7.45541	-2.8545	219.703	0	
146.25	-1.09967	204.205	0	
146.875	-0.431516	216.432	0	
7.5	-0.798148	216.983	0	
153.646	-1.86538	225.2	0	
3.75	-1.09967	218.367	0	
1.875	-0.366631	228.675	0	
149.375	-0.668155	207.693	0	
-2.58895	-1.76841	227.039	0	
153.125	-0.366631	222.129	0	
154.375	-0.431516	233.067	0	
-11.4094	-3.16789	210.385	0	
155	-1.09967	227.793	0	
-4.375	-0.668155	233.663	0	
147.5	-0.798148	201.112	0	
0.505614	-2.06993	220.47	0	
-6.04167	-2.01633	226.626	0	
156.458	-1.16463	248.305	0	
-8.66105	-1.76841	237.218	0	
159.625	-0.633448	256.425	0	
161.425	-0.98887	256.722	0	
-7.5	-1.03479	237.426	0	
160.517	-1.62232	258.51	0	
-5	-1.09967	219.372	0	
-38.7554	-1.48403	192.847	0	
153.021	-4.78762	233.073	0	
-20	-0.798148	218.689	0	
163.752	-4.86774	262.56	0	
164.832	-2.66958	268.425	0	
-25.7444	-2.06993	215.251	0	
163.115	-0.98887	263.294	0	
-32.8277	-2.00504	202.149	0	
155.484	-3.31993	242.312	0	
-40.625	-0.668155	160.909	0	
155.625	-0.668155	251.728	0	
-2.5	-0.798148	217.785	0	
-30.625	-0.431516	205.744	0	
160.191	-2.997	256.895	0	
-29.7419	-2.24637	203.467	0	
169.563	-2.94058	267.961	0	
154.995	-4.95032	245.884	0	
-28.75	-0.798148	232.133	0	
148.777	-5.11846	224.578	0	
-28.8043	-1.54577	218.263	0	
-32.5	-1.03479	183.343	0	
204.26	-5.49392	266.904	0	
-50.9223	-2.00504	170.665	0	
148.441	-21.3686	253.743	0	
-46.0417	-2.72654	180.286	0	
204.031	-10.9896	265.051	0	
-51.25	-1.03479	160.925	0	
151.796	-5.74288	232.191	0	
-33.6611	-1.76841	204.209	0	
-42.2917	-2.01633	173.734	0	
170.801	-56.9665	267.483	0	
-45	-1.09967	199.35	0	
-44.7917	-2.01633	171.764	0	
-41.25	-1.09967	188.306	0	
-61.9845	-2.19037	179.758	0	
34.9625	-3.24559	207.615	0	
-71.875	-0.668155	159.344	0	
-66.5702	-2.91409	185.635	0	
-63.75	-1.02905	159.42	0	
-38.75	-0.727521	190.396	0	
161.093	-4.56171	262.46	0	
-24.375	-0.366631	260.987	0	
143.125	-0.366631	204.085	0	
11.25	-1.09967	216.438	0	
-70.0054	-1.48403	170.343	0	
-108.909	-3.16789	195.461	0	
-74.0702	-2.91409	184.841	0	
69.375	-0.668155	196.872	0	
-70	-0.727521	185.041	0	
-73.5417	-2.01633	180.683	0	
-72.5	-1.09967	190.659	0	
-77.5	-0.727521	184.408	0	
-79.375	-0.668155	160.878	0	
104.479	-2.1669	203.244	0	
111.875	-0.668155	200.541	0	
98.4223	-2.00504	197.894	0	
108.125	-0.668155	208.953	0	
106.458	-2.01633	197.005	0	
107.5	-1.09967	192.102	0	
100.625	-0.431516	194.699	0	
100	-1.09967	201.678	0	
94.3455	-3.52006	192.021	0	
103.75	-0.798148	200.975	0	
96.7556	-2.06993	197.91	0	
98.125	-0.366631	194.735	0	
91.875	-0.668155	187.603	0	
93.6611	-1.76841	193.764	0	
88.4223	-2.00504	193.463	0	
93.75	-0.798148	197.499	0	
90.2083	-2.01633	195.878	0	
91.25	-1.09967	197.746	0	
87.5889	-1.76841	193.729	0	
88.75	-1.03479	192.343	0	
80.625	-0.668155	195.79	0	
82.4946	-1.48403	196.847	0	
76.9793	-2.1669	201.212	0	
82.5	-0.727521	201.715	0	
78.9583	-2.01633	201.277	0	
80	-1.09967	202.916	0	
75	-0.727521	203.493	0	
73.125	-0.668155	202.394	0	
65.0889	-2.93321	204.875	0	
76.25	-0.798148	201.87	0	
70.5056	-2.06993	200.419	0	
71.875	-0.366631	200.683	0	
66.875	-0.366631	189.394	0	
67.4111	-1.76841	199.47	0	
63.8389	-1.76841	190.576	0	
65	-1.03479	187.792	0	
56.875	-0.668155	169.238	0	
58.7446	-1.48403	176.807	0	
51.4583	-2.72654	205.215	0	
58.75	-0.727521	178.979	0	
55.2083	-2.01633	180.347	0	
56.25	-1.09967	167.526	0	
52.5	-1.09967	174.221	0	
52.7083	-2.01633	187.569	0	
46.25	-1.03479	202.584	0	
46.5777	-2.00504	198.594	0	
33.75	-1.02905	241.966	0	
35.5155	-2.19037	213.461	0	
30.9298	-2.91409	209.805	0	
134.841	-3.16789	199.912	0	
25.625	-0.668155	224.05	0	
27.4946	-1.48403	227.701	0	
23.4298	-2.91409	210.845	0	
27.5	-0.727521	218.497	0	
23.9583	-2.01633	213.904	0	
25	-1.09967	208.02	0	
20	-0.727521	219.979	0	
18.125	-0.668155	223.349	0	
151.875	-0.36089	218.031	0	
152.495	-1.48403	219.536	0	
153.016	-2.19037	227.785	0	
152.5	-0.727521	220.54	0	
147.589	-1.76841	207.031	0	
148.75	-1.03479	205.603	0	
142.5	-1.03479	200.289	0	
142.828	-2.00504	206.981	0	
134.479	-2.1669	206.012	0	
154.479	-2.1669	241.197	0	
131.25	-1.02905	213.929	0	
133.016	-2.19037	209.093	0	
129.792	-2.01633	211.34	0	
171.752	-1.25987	265.506	0	
123.125	-0.668155	226.989	0	
124.995	-1.48403	215.355	0	
120.93	-2.91409	211.801	0	
125	-0.727521	203.458	0	
121.458	-2.01633	208.695	0	
122.5	-1.09967	198.016	0	
117.5	-0.727521	208.372	0	
115.625	-0.668155	222.343	0	
-112.5	-1.02905	196.309	0	
-110.734	-2.19037	205.355	0	
-138.958	-2.01633	200.048	0	
-62.5375	-3.24559	187.745	0	
-119.375	-0.36089	211.253	0	
-118.755	-1.48403	208.551	0	
-83.0056	-2.06993	180.5	0	
-76.25	-0.798148	175.955	0	
-81.0417	-2.01633	181.711	0	
-80	-1.09967	192.291	0	
-84.375	-0.366631	168.702	0	
-83.8389	-1.76841	177.169	0	
-91.875	-0.36089	180.05	0	
-91.2554	-1.48403	191.299	0	
-90.7345	-2.19037	193.565	0	
-91.25	-0.727521	195.158	0	
-96.1611	-1.76841	201.204	0	
-95	-1.03479	212.106	0	
-101.25	-1.03479	211.449	0	
-100.922	-2.00504	205.005	0	
-65.2083	-2.01633	172.642	0	
-95.3277	-2.00504	194.87	0	
-137.5	-1.02905	199.462	0	
-135.734	-2.19037	198.867	0	
-151.04	-3.47677	225.59	0	
-118.787	-3.24559	201.116	0	
-122.411	-1.76841	212.578	0	
-121.25	-1.03479	210.266	0	
-127.5	-0.798148	201.979	0	
-128.229	-2.1669	209.959	0	
-113.958	-2.01633	203.058	0	
-121.578	-2.00504	205.588	0	
-215.662	-27.8248	204.241	0	
-114.833	-3.79821	199.116	0	
-15	-1.02905	232.049	0	
-13.2345	-2.19037	228.407	0	
-21.2875	-3.24559	216.426	0	
11.5027	-2.80091	214.926	0	
-21.875	-0.36089	254.541	0	
-21.2554	-1.48403	241.049	0	
14.4944	-2.06993	221.941	0	
21.25	-0.798148	224.255	0	
16.4583	-2.01633	216.639	0	
17.5	-1.09967	209.731	0	
13.125	-0.366631	228.543	0	
13.6611	-1.76841	222.207	0	
5.625	-0.36089	220.732	0	
6.24459	-1.48403	221.938	0	
6.76554	-2.19037	218.899	0	
6.25	-0.727521	226.431	0	
1.33895	-1.76841	220.221	0	
2.5	-1.03479	214.041	0	
-3.75	-1.03479	229.268	0	
-3.42228	-2.00504	226.054	0	
32.2917	-2.01633	217.62	0	
2.17228	-2.00504	221.141	0	
-40	-1.02905	211.603	0	
-38.2345	-2.19037	185.81	0	
-45.2083	-2.72654	189.252	0	
-32.3447	-3.05088	197.155	0	
-24.9111	-1.76841	227.702	0	
-23.75	-1.03479	238.942	0	
-30	-0.798148	220.032	0	
-30.7293	-2.1669	205.748	0	
-16.4583	-2.01633	228.464	0	
-24.0777	-2.00504	223.101	0	
-55.2083	-2.01633	169.483	0	
-46.4583	-2.01633	178.486	0	
-63.3387	-1.78555	175.813	0	
-63.4751	-2.84652	181.002	0	
-71.25	-1.02905	172.117	0	
-69.4845	-2.19037	184.215	0	
-72.7083	-2.01633	176.196	0	
-100.61	-4.06799	192.697	0	
-78.125	-0.36089	173.601	0	
-77.5054	-1.48403	173.654	0	
115.369	-3.06027	202.901	0	
118.75	-0.798148	214.02	0	
113.006	-2.06993	203.545	0	
114.375	-0.366631	209.552	0	
109.375	-0.366631	197.547	0	
109.911	-1.76841	204.351	0	
101.875	-0.36089	187.211	0	
102.495	-1.48403	195.953	0	
103.016	-2.19037	201.151	0	
102.5	-0.727521	201.609	0	
97.5889	-1.76841	196.302	0	
98.75	-1.03479	199.542	0	
92.5	-1.03479	198.67	0	
92.8277	-2.00504	197.146	0	
84.4793	-2.1669	196.092	0	
84.8406	-3.16789	196.839	0	
81.25	-1.02905	198.257	0	
83.0155	-2.19037	199.034	0	
74.9625	-3.24559	203.418	0	
132.463	-3.24559	203.524	0	
74.375	-0.36089	203.022	0	
74.9946	-1.48403	202.569	0	
71.3389	-1.76841	202.112	0	
72.5	-1.03479	198.561	0	
66.25	-1.03479	197.162	0	
66.5777	-2.00504	197.873	0	
60.7293	-2.1669	195.334	0	
79.7917	-2.01633	199.572	0	
57.5	-1.02905	174.734	0	
59.2655	-2.19037	192.451	0	
46.7473	-3.78292	218.301	0	
61.0894	-3.16569	207.389	0	
45.2527	-2.80091	209.943	0	
51.0417	-2.01633	179.508	0	
34.1613	-1.78555	215.405	0	
34.0249	-2.84652	214.908	0	
26.25	-1.02905	236.168	0	
28.0155	-2.19037	213.956	0	
-3.11018	-4.06799	209.291	0	
24.7917	-2.01633	217.26	0	
19.375	-0.36089	231.176	0	
19.9946	-1.48403	226.446	0	
151.25	-0.792406	215.673	0	
151.686	-2.07688	221.003	0	
143.14	-4.06799	204.829	0	
148.111	-4.06622	211.575	0	
144.494	-2.06993	208.132	0	
136.284	-3.07092	198.724	0	
141.042	-2.01633	202.685	0	
132.117	-5.94785	197.179	0	
131.661	-1.78555	209.409	0	
131.525	-2.84652	208.631	0	
123.75	-1.02905	212.527	0	
125.516	-2.19037	208.031	0	
93.1398	-4.06799	197.452	0	
122.292	-2.01633	215.87	0	
116.875	-0.36089	212.575	0	
117.495	-1.48403	213.718	0	
-112.089	-1.78555	208.071	0	
-112.225	-2.84652	199.993	0	
-120	-1.02905	202.475	0	
-118.234	-2.19037	205.525	0	
-138.118	-4.95711	206.272	0	
-123.957	-2.96011	199.214	0	
-85	-1.03479	171.143	0	
-84.6723	-2.00504	185.929	0	
-92.5	-0.792406	193.09	0	
-92.0644	-2.07688	194.155	0	
-111.287	-3.24559	198.958	0	
-103.125	-3.34884	201.941	0	
-99.2556	-2.06993	200.607	0	
-107.466	-3.07092	193.067	0	
-102.708	-2.01633	206.575	0	
-111.633	-5.94785	204.541	0	
-137.089	-1.78555	205.682	0	
-137.225	-2.84652	193.641	0	
-125.471	-1.8473	210.076	0	
-136.746	-5.42835	214.927	0	
-73.5826	-3.79821	202.336	0	
-125.35	-2.73747	198.867	0	
-14.5887	-1.78555	234.48	0	
-14.7251	-2.84652	222.563	0	
-22.5	-1.02905	243.307	0	
-20.7345	-2.19037	222.866	0	
-40.618	-4.95711	204.483	0	
-26.457	-2.96011	206.578	0	
12.5	-1.03479	219.623	0	
12.8277	-2.00504	222.098	0	
5	-0.792406	204.189	0	
5.43557	-2.07688	212.06	0	
-13.7875	-3.24559	211.742	0	
-5.625	-3.34884	208.438	0	
-1.75561	-2.06993	217.686	0	
-9.9664	-3.07092	208.02	0	
-5.20833	-2.01633	226.666	0	
-14.1328	-5.94785	182.898	0	
-39.5887	-1.78555	183.169	0	
-39.7251	-2.84652	185.2	0	
-27.9709	-1.8473	222.07	0	
-39.2462	-5.42835	226.147	0	
-38.7875	-3.24559	198.491	0	
-27.8502	-2.73747	204.254	0	
-70.0375	-3.24559	190.707	0	
31.4174	-3.79821	203.315	0	
-70.8387	-1.78555	179.947	0	
-70.9751	-2.84652	185.56	0	
-78.75	-1.02905	177.411	0	
-76.9845	-2.19037	183.677	0	
-85.0446	-2.8545	183.481	0	
-81.5873	-2.94281	185.408	0	
113.839	-1.76841	209.102	0	
115	-1.03479	201.686	0	
108.75	-1.03479	199.796	0	
109.078	-2.00504	201.009	0	
101.25	-0.792406	197.913	0	
101.686	-2.07688	201.055	0	
82.4625	-3.24559	199.599	0	
90.625	-3.34884	197.536	0	
94.4944	-2.06993	198.974	0	
86.2836	-3.07092	196.014	0	
91.0417	-2.01633	194.01	0	
82.1172	-5.94785	206.177	0	
81.6613	-1.78555	199.016	0	
81.5249	-2.84652	199.215	0	
73.75	-1.02905	201.914	0	
75.5155	-2.19037	202.917	0	
58.7125	-3.24559	210.546	0	
56.1142	-5.74538	226.366	0	
68.2444	-2.06993	204.114	0	
52.9849	-8.22246	214.313	0	
58.2538	-5.42835	235.363	0	
68.2925	-4.4054	217.754	0	
57.9113	-1.78555	188.314	0	
57.7749	-2.84652	193.704	0	
27.4625	-3.24559	205.561	0	
111.856	-6.04794	195.348	0	
26.6613	-1.78555	214.931	0	
26.5249	-2.84652	211.16	0	
18.75	-1.02905	232.673	0	
20.5155	-2.19037	216.965	0	
12.4554	-2.8545	215.028	0	
15.9127	-2.94281	213.704	0	
151.066	-1.75189	212.781	0	
150.233	-2.05915	213.869	0	
124.963	-3.24559	205.581	0	
152.463	-3.24559	228.342	0	
124.161	-1.78555	210.286	0	
124.025	-2.84652	209.426	0	
116.25	-1.02905	210.112	0	
118.016	-2.19037	210.09	0	
117.463	-3.24559	207.543	0	
114.672	-2.00504	209.864	0	
-136.287	-3.24559	203.633	0	
-66.0826	-3.79821	204.763	0	
-119.589	-1.78555	209.258	0	
-119.725	-2.84652	200.76	0	
-87.8202	-2.91409	183.431	0	
-80.2083	-2.01633	178.174	0	
-92.684	-1.75189	195.577	0	
-93.5173	-2.05915	196.78	0	
-150.208	-2.01633	222.118	0	
-140.12	-4.31165	208.301	0	
-127.138	-1.54577	214.4	0	
-126.288	-3.13655	203.662	0	
-17.3326	-3.79821	205.703	0	
9.62811	-4.98343	209.158	0	
-22.0887	-1.78555	227.686	0	
-22.2251	-2.84652	220.594	0	
9.67981	-2.91409	216.556	0	
17.2917	-2.01633	218.212	0	
4.81598	-1.75189	222.001	0	
3.98265	-2.05915	214.299	0	
-43.9583	-3.47328	195.017	0	
-42.6197	-4.31165	209.365	0	
-29.6376	-1.54577	218.745	0	
-28.7878	-3.13655	207.15	0	
-83.4261	-3.92482	190.702	0	
-87.8719	-4.98343	193.379	0	
-78.3387	-1.78555	179.554	0	
-78.4751	-2.84652	184.354	0	
110.744	-2.06993	206.507	0	
108.705	-2.8545	203.369	0	
107.292	-2.01633	203.584	0	
105.93	-2.91409	203.685	0	
101.066	-1.75189	196.316	0	
100.233	-2.05915	197.293	0	
78.9174	-3.79821	204.07	0	
128.917	-3.79821	201.897	0	
74.1613	-1.78555	202.338	0	
74.0249	-2.84652	203.525	0	
53.5417	-3.47328	209.598	0	
54.8803	-4.31165	223.406	0	
23.9174	-3.79821	197.945	0	
6.21255	-3.24559	209.01	0	
19.1613	-1.78555	217.38	0	
19.0249	-2.84652	214.319	0	
146.906	-3.51902	206.696	0	
175.818	-8.94432	269.099	0	
112.679	-3.08731	208.072	0	
121.417	-3.79821	201.76	0	
116.661	-1.78555	210.069	0	
116.525	-2.84652	208.659	0	
-138.605	-3.88818	198.658	0	
-123.385	-4.48196	188.215	0	
-113.607	-3.89079	197.72	0	
-91.2875	-3.24559	194.428	0	
-128.58	-3.14785	189.442	0	
-139.774	-5.38006	213.679	0	
-41.1052	-3.88818	200.979	0	
-25.8847	-4.48196	199.319	0	
-16.1071	-3.89079	203.344	0	
19.9625	-3.24559	209.546	0	
-31.0796	-3.14785	198.253	0	
-42.2738	-5.38006	207.019	0	
-95.6393	-4.06622	188.801	0	
-77.5375	-3.24559	187.118	0	
76.5929	-4.23242	203.89	0	
102.463	-3.24559	202.312	0	
66.9495	-4.25718	209.474	0	
56.3948	-3.88818	217.262	0	
1.86074	-4.06622	213.338	0	
14.0739	-3.92482	209.978	0	
96.9055	-3.51902	193.612	0	
109.39	-4.06799	197.001	0	
41.0417	-2.72654	209.575	0	
40.2083	-2.72654	212.812	0	
-145.337	-2.94281	205.262	0	
-142.292	-3.47328	205.428	0	
-157.708	-1.16463	190.01	0	
-167.502	-5.81125	151.383	0	
-151.458	-2.72654	229.039	0	
-149.747	-2.80091	212.066	0	
-155.26	-5.35468	230.68	0	
-153.958	-2.72654	227.728	0	
-47.8373	-2.94281	187.778	0	
-44.7917	-3.47328	185.904	0	
-53.9583	-2.72654	183.875	0	
-52.7083	-2.01633	173.724	0	
-51.2946	-2.8545	188.022	0	
-52.2473	-2.80091	177.935	0	
-60.2159	-3.06466	188.877	0	
-60.2085	-5.36053	224.011	0	
-67.7159	-3.06466	192.975	0	
-64.5113	-3.00667	188.318	0	
49.6627	-2.94281	193.724	0	
52.7083	-3.47328	214.866	0	
42.2917	-2.01633	204.455	0	
38.8316	-3.68836	212.867	0	
38.4298	-2.91409	209.461	0	
42.7083	-2.72654	210.699	0	
29.7841	-3.06466	205.514	0	
32.9887	-3.00667	209.885	0	
139.747	-2.80091	200.916	0	
141.503	-2.80091	204.504	0	
127.284	-3.06466	205.717	0	
130.489	-3.00667	205.11	0	
-116.466	-3.06466	197.628	0	
-113.261	-3.00667	200.739	0	
-88.9659	-3.06466	193.667	0	
-88.9594	-5.36183	214.917	0	
-104.003	-2.80091	200.36	0	
-102.247	-2.80091	200.361	0	
-141.458	-2.01633	203.157	0	
-138.261	-3.00667	199.433	0	
-144.94	-3.72538	210.293	0	
-141.042	-2.72654	202.591	0	
-18.9659	-3.06466	212.397	0	
-15.7613	-3.00667	217.627	0	
8.53409	-3.06466	214.777	0	
8.54056	-5.36183	202.493	0	
-6.50269	-2.80091	225.823	0	
-4.74731	-2.80091	223.7	0	
-43.9583	-2.01633	181.685	0	
-40.7613	-3.00667	183.11	0	
-47.44	-3.72538	192.168	0	
-43.5417	-2.72654	180.243	0	
-75.2159	-3.06466	191.411	0	
-72.0113	-3.00667	190.204	0	
104.784	-3.06466	195.007	0	
104.791	-5.36183	189.984	0	
89.7473	-2.80091	195.802	0	
91.5027	-2.80091	198.192	0	
77.2841	-3.06466	203.422	0	
80.4887	-3.00667	200.557	0	
53.5417	-2.01633	181.926	0	
56.7387	-3.00667	202.939	0	
50.06	-3.72538	220.472	0	
53.9583	-2.72654	199.964	0	
22.2841	-3.06466	204.477	0	
25.4887	-3.00667	205.395	0	
119.784	-3.06466	204.608	0	
122.989	-3.00667	205.106	0	
-82.7179	-2.99641	188.453	0	
-79.5113	-3.00667	187.089	0	
14.7821	-2.99641	211.714	0	
17.9887	-3.00667	210.54	0	
148.794	-2.85377	211.793	0	
151.549	-3.13784	219.155	0	
-94.9558	-2.85377	200.474	0	
-92.2008	-3.13784	193.843	0	
2.54418	-2.85377	212.698	0	
5.29924	-3.13784	219.416	0	
98.7942	-2.85377	197.831	0	
101.549	-3.13784	197.184	0	
47.8239	-3.92482	205.406	0	
52.2917	-2.72654	196.213	0	
-150.162	-3.55114	232.04	0	
-149.731	-4.40508	233.888	0	
-156.648	-3.04538	207.228	0	
-162.586	-7.77018	175.683	0	
-151.873	-3.97501	237.886	0	
-148.253	-3.78292	217.09	0	
-191.185	-10.7108	178.422	0	
-152.708	-3.47328	231.399	0	
-141.458	-3.47328	204.275	0	
-53.5398	-3.47677	185.788	0	
-52.2309	-4.40508	208.346	0	
-56.4583	-2.72654	181.24	0	
-52.6621	-3.55114	195.579	0	
-57.7232	-3.50081	185.726	0	
-50.7527	-3.78292	189.235	0	
-59.0702	-2.91409	178.358	0	
-58.6684	-3.68836	200.958	0	
-56.8899	-3.99904	208.093	0	
-55.2083	-3.47328	186.611	0	
-67.8478	-5.56717	219.266	0	
-64.264	-5.46522	222.933	0	
46.2054	-2.8545	200.061	0	
45.2691	-4.40508	218.154	0	
43.5417	-2.72654	204.622	0	
44.8379	-3.55114	204.478	0	
40.6101	-3.99904	210.724	0	
43.9602	-3.47677	212.51	0	
41.4583	-3.47328	212.424	0	
39.7768	-3.50081	209.846	0	
29.6522	-5.56717	198.564	0	
33.236	-5.46522	212.115	0	
139.063	-5.39772	204.442	0	
142.455	-2.8545	202.393	0	
138.11	-4.06799	197.767	0	
150.468	-3.59669	221.987	0	
127.152	-5.56717	199.466	0	
126.593	-4.23242	202.208	0	
-116.598	-5.56717	201.845	0	
-117.157	-4.23242	198.145	0	
-87.4178	-3.68916	199.508	0	
-84.5027	-3.78292	196.066	0	
-85.9952	-4.42757	202.614	0	
-81.1036	-3.83222	196.105	0	
-104.687	-5.39772	207.995	0	
-101.295	-2.8545	199.458	0	
-105.64	-4.06799	189.509	0	
-93.2818	-3.59669	203.313	0	
-143.978	-3.50911	209.451	0	
-140.208	-2.72654	200.013	0	
-143.564	-4.19254	214.359	0	
-139.719	-3.60804	200.447	0	
-19.0978	-5.56717	203.747	0	
-19.6571	-4.23242	211.649	0	
10.0822	-3.68916	209.835	0	
12.9973	-3.78292	209.658	0	
11.5048	-4.42757	206.404	0	
16.3964	-3.83222	205.077	0	
-7.1871	-5.39772	192.125	0	
-3.79459	-2.8545	217.884	0	
-8.13982	-4.06799	202.908	0	
4.21822	-3.59669	203.636	0	
-46.4777	-3.50911	194.086	0	
-42.7083	-2.72654	194.11	0	
-46.0637	-4.19254	197.06	0	
-42.2189	-3.60804	185.571	0	
-75.3478	-5.56717	211.712	0	
-79.2613	-5.47929	210.328	0	
106.332	-3.68916	196.244	0	
111.252	-3.08731	200.105	0	
105.878	-4.98343	200.722	0	
107.322	-3.57598	202.593	0	
89.0629	-5.39772	199.515	0	
92.4554	-2.8545	195.503	0	
88.1102	-4.06799	194.665	0	
100.468	-3.59669	200.755	0	
77.1522	-5.56717	208.438	0	
73.1505	-5.31383	207.197	0	
51.0223	-3.50911	209.561	0	
54.7917	-2.72654	199.899	0	
51.4363	-4.19254	225.543	0	
55.2811	-3.60804	213.685	0	
22.1522	-5.56717	193.464	0	
18.2387	-5.47929	199.468	0	
119.652	-5.56717	197.659	0	
120.831	-5.28353	204.905	0	
-86.4282	-3.57598	188.859	0	
-89.651	-4.21812	190.469	0	
11.0718	-3.57598	212.273	0	
7.84897	-4.21812	210.723	0	
145.626	-4.43041	208.465	0	
140.625	-4.73217	200.298	0	
-98.124	-4.43041	189.625	0	
-103.125	-4.73217	187.01	0	
-0.624027	-4.43041	196.083	0	
-5.625	-4.73217	204.613	0	
95.626	-4.43041	201.344	0	
90.625	-4.73217	194.772	0	
-152.334	-5.62943	249.024	0	
-147.176	-3.92482	226.007	0	
-153.965	-4.16242	233.836	0	
-83.4597	-6.17559	211.131	0	
-155.246	-3.54331	221.797	0	
-154.836	-4.23245	226.224	0	
-153.453	-5.20944	237.434	0	
-148.774	-4.58327	240.675	0	
-82.8931	-5.00841	206.007	0	
-49.6761	-3.92482	211.104	0	
-54.3731	-3.97501	205.272	0	
14.0403	-6.17559	199.109	0	
-60.9011	-4.21822	198.778	0	
-54.3047	-5.11624	212.194	0	
-59.1215	-4.98124	207.423	0	
-55.5387	-5.90518	238.314	0	
14.6069	-5.00841	202.307	0	
115.662	-5.33933	199.575	0	
36.5989	-4.21822	205.349	0	
38.3785	-4.98124	209.047	0	
42.2917	-3.47328	208.406	0	
40.628	-5.06466	215.955	0	
41.9613	-5.90518	212.274	0	
43.1269	-3.97501	212.249	0	
130.143	-3.89079	202.731	0	
182.973	-1.7361	265.957	0	
128.331	-5.28353	201.12	0	
142.187	-5.39772	207.355	0	
-96.8445	-3.51902	195.335	0	
-94.973	-5.11846	215.875	0	
-150.329	-5.21478	245.872	0	
-64.8571	-3.89079	203.532	0	
-154.177	-7.51666	249.214	0	
-44.707	-5.1949	213.039	0	
-146.477	-5.20289	228.646	0	
-142.711	-4.15672	214.564	0	
-148.323	-5.70833	240.513	0	
-141.026	-4.17689	209.45	0	
-145.313	-5.59213	245.236	0	
-142.015	-8.22246	284.055	0	
0.655509	-3.51902	217.547	0	
2.52695	-5.11846	190.778	0	
-51.2742	-4.58327	219.971	0	
32.6429	-3.89079	203.662	0	
-41.3858	-5.74538	243.432	0	
82.8784	-4.52398	198.724	0	
-48.9766	-5.20289	204.038	0	
-45.211	-4.15672	204.576	0	
-50.8234	-5.70833	215.044	0	
-43.5258	-4.17689	197.918	0	
-47.8132	-5.59213	243.192	0	
-44.5151	-8.22246	288.317	0	
98.777	-5.11846	198.974	0	
109.178	-6.60412	196.812	0	
104.099	-4.21812	203.157	0	
107.793	-4.50658	196.707	0	
43.1953	-5.11624	219.811	0	
52.793	-5.1949	232.212	0	
62.5324	-3.06872	210.435	0	
98.1107	-4.06622	196.29	0	
48.5234	-5.20289	232.738	0	
52.289	-4.15672	222.573	0	
46.6766	-5.70833	227.562	0	
53.9742	-4.17689	225.29	0	
46.2258	-4.58327	209.309	0	
55.2262	-5.38006	233.257	0	
-85.0224	-4.58092	200.064	0	
-84.5124	-5.89001	213.816	0	
12.4776	-4.58092	205.37	0	
12.9876	-5.89001	200.173	0	
-156.277	-5.20944	212.403	0	
-142.207	-5.1949	221.215	0	
-157.69	-2.6252	192.184	0	
-172.708	-13.7022	163.782	0	
-154.294	-6.05848	238.989	0	
-74.1691	-5.28353	210.742	0	
-174.419	-18.3249	175.843	0	
-52.1302	-6.3947	262.366	0	
-56.872	-5.06466	210.303	0	
-53.0402	-5.47194	218.345	0	
-110.872	-4.52398	196.911	0	
23.3309	-5.28353	200.15	0	
-13.3716	-4.52398	201.227	0	
108.908	-4.945	200.228	0	
44.4598	-5.47194	218.696	0	
49.6868	-5.59213	222.714	0	
130.736	-5.46522	201.925	0	
135.406	-8.75328	203.678	0	
-138.886	-5.74538	225.696	0	
-143.191	-7.03622	259.375	0	
-91.7489	-6.89898	231.204	0	
-92.1496	-5.26597	214.318	0	
-147.102	-6.18605	259.247	0	
-126.517	-4.32001	189.759	0	
-144.901	-4.79453	221.974	0	
-143.942	-5.03664	224.672	0	
-144.543	-7.10465	253.251	0	
-143.002	-5.76581	234.739	0	
-146.668	-7.76797	269.702	0	
-130.669	-4.37754	182.843	0	
-141.355	-5.21507	216.109	0	
-140.593	-6.0103	234.628	0	
-29.0174	-4.32001	213.661	0	
45.3698	-6.3947	208.964	0	
5.75113	-6.89898	196.968	0	
5.35038	-5.26597	193.193	0	
-65.5474	-6.44535	247.253	0	
-49.6024	-6.18605	257.69	0	
-47.4014	-4.79453	201.06	0	
-46.4417	-5.03664	214.854	0	
-47.0429	-7.10465	235.55	0	
-45.5017	-5.76581	224.75	0	
-49.1682	-7.76797	243.916	0	
-33.1694	-4.37754	194.225	0	
-43.8551	-5.21507	209.807	0	
-43.0926	-6.0103	243.255	0	
70.9983	-4.16217	204.784	0	
132.878	-4.52398	200.775	0	
106.877	-5.50143	197.238	0	
107.622	-6.93342	191.225	0	
98.3176	-7.15932	180.034	0	
101.6	-5.26597	202.119	0	
31.9526	-6.44535	199.012	0	
47.8976	-6.18605	213.421	0	
50.0986	-4.79453	227.566	0	
51.0583	-5.03664	226.717	0	
50.4571	-7.10465	232.853	0	
51.9983	-5.76581	236.418	0	
48.3318	-7.76797	223.054	0	
66.1611	-2.93321	210.455	0	
53.6449	-5.21507	233.523	0	
54.4074	-6.0103	231.032	0	
-86.9104	-5.42242	211.718	0	
-85.925	-6.50437	231.196	0	
10.5896	-5.42242	201.395	0	
11.575	-6.50437	195.421	0	
-151.678	-7.28627	258.748	0	
-149.419	-6.13754	260.805	0	
-62.2642	-6.91889	250.042	0	
-45.691	-7.03622	261.492	0	
35.2358	-6.91889	212.573	0	
51.809	-7.03622	223.908	0	
-159.418	-5.09998	184.502	0	
-115.419	-5.28353	199.598	0	
-150.027	-7.43868	272.835	0	
-113.014	-5.46522	203.564	0	
-135.879	-4.50999	184.526	0	
-127.822	-4.41078	198.912	0	
-60.8105	-6.63734	239.986	0	
-17.9191	-5.28353	208.949	0	
-54.0799	-8.70786	305.816	0	
-41.8296	-8.37487	332.541	0	
-38.3792	-4.50999	180.967	0	
-30.3219	-4.41078	198.347	0	
36.6895	-6.63734	203.481	0	
64.1709	-9.10125	199.114	0	
43.4201	-8.70786	189.183	0	
80.736	-5.46522	200.783	0	
65.625	-5.27905	219.865	0	
56.882	-4.95711	224.222	0	
-95.4324	-7.15932	218.322	0	
-145.272	-8.29733	307.11	0	
2.06757	-7.15932	201.044	0	
-15.514	-5.46522	208.302	0	
150.157	-4.6597	222.99	0	
158.883	-2.50461	256.072	0	
-133.429	-3.7302	180.907	0	
-140.644	-7.56208	251.69	0	
-35.9287	-3.7302	171.496	0	
-43.1439	-7.56208	253.216	0	
64.3005	-4.25718	216.703	0	
70.182	-3.08143	209.37	0	
-163.828	-1.26356	166.151	0	
-161.384	-5.37393	175.7	0	
102.001	-6.89898	181.015	0	
156.615	-8.65111	253.113	0	
-152.68	-8.32445	260.007	0	
-116.856	-9.69507	272.452	0	
-138.39	-7.18841	233.56	0	
-136.875	-6.99919	242.878	0	
-40.8903	-7.18841	237.343	0	
-39.375	-6.99919	278.298	0	
61.6412	-5.44334	224.194	0	
59.1208	-4.50999	221.07	0	
-82.5848	-7.52916	255.342	0	
-79.8609	-3.89608	196.342	0	
14.9152	-7.52916	191.202	0	
17.6391	-3.89608	203.933	0	
157.5	-0.496475	255.549	0	
158.137	-3.45571	253.438	0	
58.125	-6.99919	209.383	0	
80.1429	-3.89079	203.552	0	
59.6698	-8.44515	220.338	0	
61.6464	-7.44458	206.953	0	
-165.21	-0.654241	162.219	0	
-168.752	-1.0755	158.221	0	
-144.58	-10.5411	324.751	0	
-139.33	-8.37487	290.615	0	
-130.155	-5.65761	210.849	0	
-131.986	-3.63323	199.265	0	
-47.772	-8.29733	325.047	0	
-19.3558	-9.69507	247.347	0	
-32.6553	-5.65761	226.062	0	
-34.4857	-3.63323	201.424	0	
56.6097	-7.18841	234.55	0	
54.3561	-7.56208	227.467	0	
49.728	-8.29733	184.965	0	
55.6704	-8.37487	196.624	0	
-159.875	-1.43189	178.239	0	
-159.023	-2.89246	183.137	0	
156.838	-2.74918	250.988	0	
158.625	-1.12992	254.335	0	
142.731	-7.46803	212.552	0	
176.853	-1.43582	265.81	0	
-68.4071	-4.23242	206.194	0	
-66.6691	-5.28353	216.046	0	
-75.4167	-10.3326	336.471	0	
-59.8646	-8.3096	265.339	0	
-72.3571	-3.89079	201.099	0	
-69.2262	-6.72899	273.269	0	
29.0929	-4.23242	201.03	0	
30.8309	-5.28353	204.488	0	
22.0833	-10.3326	189.183	0	
37.6354	-8.3096	208.747	0	
25.1429	-3.89079	199.473	0	
28.2738	-6.72899	192.921	0	
122.643	-3.89079	205.561	0	
129.453	-6.44535	196.645	0	
121.742	-9.23105	208.073	0	
161.145	-8.54365	259.716	0	
127.477	-10.2966	200.063	0	
190.319	-2.08076	265.314	0	
-118.505	-7.54588	255.516	0	
-114.297	-6.44535	217.627	0	
-89.8332	-7.08742	226.708	0	
-101.019	-7.46803	213.791	0	
-117.858	-6.4267	207.102	0	
-140.887	-12.3828	377.214	0	
-21.0052	-7.54588	253.138	0	
-16.7974	-6.44535	195.814	0	
7.66684	-7.08742	191.946	0	
-3.51913	-7.46803	178.075	0	
-20.3582	-6.4267	215.172	0	
-43.3872	-12.3828	407.078	0	
-75.9071	-4.23242	199.59	0	
-73.0474	-6.44535	245.583	0	
-69.2388	-9.20929	239.795	0	
-71.764	-5.46522	217.821	0	
-76.7196	-6.73778	256.386	0	
-77.2148	-8.98906	250.852	0	
78.3309	-5.28353	203.323	0	
79.4526	-6.44535	211.646	0	
92.1871	-5.39772	195.271	0	
92.7309	-7.46803	189.956	0	
74.5596	-5.40086	207.124	0	
78.9296	-9.08967	204.466	0	
21.5929	-4.23242	202.337	0	
24.4526	-6.44535	186.662	0	
28.2612	-9.20929	242.816	0	
25.736	-5.46522	199.297	0	
20.7804	-6.73778	190.644	0	
20.2852	-8.98906	214.237	0	
119.093	-4.23242	206.994	0	
121.953	-6.44535	196.916	0	
125.774	-6.72899	196.449	0	
123.236	-5.46522	201.942	0	
117.071	-5.42633	203.873	0	
119.463	-9.6316	198.987	0	
-81.7013	-4.9694	202.318	0	
-80.556	-6.11128	223.992	0	
-80.8729	-7.50385	232.017	0	
-79.3782	-9.53722	313.743	0	
15.7987	-4.9694	202.458	0	
16.944	-6.11128	194.098	0	
16.6271	-7.50385	198.112	0	
18.1218	-9.53722	191.231	0	
110.83	-7.47425	202.025	0	
113.496	-4.16808	198.444	0	
-62.1755	-4.31081	213.678	0	
-62.9367	-5.73467	222.136	0	
35.3245	-4.31081	211.571	0	
34.5633	-5.73467	200.064	0	
103.261	-12.2612	211.124	0	
182.587	-9.32682	267.225	0	
-90.9255	-4.31071	200.292	0	
-93.5926	-4.6597	192.162	0	
-98.7859	-7.04865	208.063	0	
-101.563	-5.39772	203.139	0	
6.5745	-4.31071	212.32	0	
3.9074	-4.6597	212.435	0	
-1.2859	-7.04865	202.537	0	
-4.0629	-5.39772	193.074	0	
102.825	-4.31071	192.498	0	
100.157	-4.6597	193.091	0	
94.9641	-7.04865	181.882	0	
103.917	-7.08742	203.654	0	
-152.611	-10.7469	290.356	0	
-57.0477	-8.8546	296.53	0	
-120.785	-10.9617	347.583	0	
-47.0799	-10.5411	308.281	0	
-55.5733	-7.64358	245.943	0	
40.4523	-8.8546	193.533	0	
-60.6604	-12.2385	298.769	0	
50.4201	-10.5411	183.619	0	
-23.2851	-10.9617	341.644	0	
76.754	-9.39498	210.246	0	
36.8396	-12.2385	191.331	0	
104.806	-9.69773	181.295	0	
-128.573	-5.59388	200.912	0	
-119.075	-5.44657	207.356	0	
-31.0728	-5.59388	235.05	0	
-21.5748	-5.44657	218.973	0	
68.7541	-3.08143	203.906	0	
69.7027	-6.04201	202.986	0	
-173.002	-1.19333	157.796	0	
-162.298	-3.27925	170.286	0	
-134.862	-8.42353	263.683	0	
-132.922	-7.42565	225.995	0	
-37.3619	-8.42353	293.358	0	
-35.4215	-7.42565	252.732	0	
156.942	-6.29348	253.844	0	
167.502	-1.68071	264.155	0	
144.964	-7.04865	213.77	0	
194.592	-4.57815	267.463	0	
-69.6816	-4.325	219.103	0	
-70.4428	-5.74886	214.089	0	
27.8184	-4.325	196.733	0	
27.0572	-5.74886	195.417	0	
125.318	-4.325	200.403	0	
124.557	-5.74886	200.417	0	
133.174	-8.16642	208.032	0	
135.504	-5.34905	197.674	0	
-118.432	-4.325	196.295	0	
-121.558	-4.58212	190.249	0	
-110.576	-8.16642	264.304	0	
-108.246	-5.34905	197.153	0	
-20.9316	-4.325	205.293	0	
-24.0584	-4.58212	205.209	0	
-13.0757	-8.16642	212.112	0	
-10.746	-5.34905	185.925	0	
-77.1816	-4.325	210.495	0	
-77.9362	-5.75765	207.121	0	
75.3184	-4.325	205.97	0	
72.4356	-4.14101	209.026	0	
83.1743	-8.16642	200.942	0	
85.504	-5.34905	197.181	0	
20.3184	-4.325	197.489	0	
19.5638	-5.75765	196.496	0	
117.818	-4.325	200.116	0	
114.936	-4.14103	205.282	0	
-88.9774	-8.66503	276.71	0	
-86.6041	-8.13534	262.279	0	
8.52255	-8.66503	178.797	0	
10.8959	-8.13534	186.171	0	
112.168	-10.3069	202.77	0	
118.495	-7.12954	205.067	0	
113.238	-5.91521	203.462	0	
115.419	-7.77759	202.407	0	
-64.8214	-8.68669	251.255	0	
-62.8655	-8.89079	263.547	0	
32.6786	-8.68669	235.648	0	
34.6345	-8.89079	204.35	0	
-61.1145	-9.89368	319.08	0	
-90.0051	-12.6851	401.334	0	
-26.6509	-8.94098	285.677	0	
7.49494	-12.6851	152.693	0	
46.941	-8.79126	182.147	0	
129.242	-9.23105	211.629	0	
54.1128	-12.3828	131.957	0	
76.0981	-7.0343	207.309	0	
70.9806	-5.79877	214.561	0	
73.2508	-7.54635	201.933	0	
-166.079	-8.06741	168.709	0	
-157.675	-6.42851	204.217	0	
150.595	-7.57725	239.249	0	
198.713	-12.5666	269.788	0	
-124.151	-8.94098	272.895	0	
-114.508	-9.23105	286.604	0	
-50.559	-8.79126	319.817	0	
-17.0079	-9.23105	249.478	0	
98.2113	-13.5521	211.798	0	
160.378	-5.98324	261.397	0	
-93.6512	-8.33358	270.13	0	
41.9267	-7.64358	212.277	0	
3.84876	-8.33358	159.746	0	
58.5709	-11.1429	136.42	0	
70.3765	-10.677	171.484	0	
68.9954	-8.27657	218.194	0	
92.8279	-13.8833	218.151	0	
215.861	-6.59265	265.146	0	
114.588	-6.63488	198.471	0	
117.188	-6.89612	197.622	0	
-142.675	-10.5347	352.765	0	
36.3855	-9.89368	188.497	0	
15.0411	-11.9339	191.857	0	
100.099	-8.33358	200.615	0	
72.3164	-6.49884	209.875	0	
74.78	-6.77541	209.602	0	
-125.008	-5.44279	205.225	0	
-129.35	-9.00121	288.569	0	
-27.5075	-5.44279	217.031	0	
-31.85	-9.00121	336.589	0	
136.3	-6.99449	206.588	0	
148.318	-7.15932	221.956	0	
134.209	-4.53464	199.471	0	
136.849	-4.28441	200.457	0	
-108.344	-8.75328	248.124	0	
-107.45	-6.99449	232.381	0	
-109.541	-4.53464	193.963	0	
-106.901	-4.28441	196.845	0	
-10.8444	-8.75328	169.211	0	
-9.9496	-6.99449	194.726	0	
-12.0407	-4.53464	201.239	0	
-9.40082	-4.28441	205.825	0	
85.4056	-8.75328	202.426	0	
81.2702	-10.3281	222.591	0	
84.2093	-4.53464	198.979	0	
86.8492	-4.28441	198.427	0	
-58.1585	-5.8593	240.863	0	
-58.2996	-7.91085	241.641	0	
39.3415	-5.8593	210.702	0	
39.2004	-7.91085	210.886	0	
-153.991	-11.7103	267.963	0	
-155.613	-8.50548	232.643	0	
60.4506	-4.51844	219.894	0	
62.9939	-4.39269	214.826	0	
-178.103	-1.44749	162.279	0	
-173.839	-5.64205	157.11	0	
-131.055	-7.65507	231.813	0	
-127.759	-7.52237	218.323	0	
-33.5546	-7.65507	279.525	0	
-30.2592	-7.52237	245.815	0	
-125.498	-7.46205	212.919	0	
-83.3496	-9.59591	297.039	0	
-27.9984	-7.46205	285.358	0	
14.1504	-9.59591	188.371	0	
86.3004	-6.99449	198.258	0	
150.055	-12.7198	251.56	0	
-120.728	-5.80066	208.783	0	
-120.68	-7.33391	227.197	0	
-23.2279	-5.80066	220.831	0	
-23.1798	-7.33391	239.267	0	
72.7416	-9.79585	206.888	0	
159.171	-10.2877	266.993	0	
-54.5306	-11.2795	309.596	0	
-52.3001	-7.89572	248.242	0	
42.9694	-11.2795	173.277	0	
45.1999	-7.89572	219.433	0	
-138.913	-10.8834	330.5	0	
-82.4589	-11.9339	387.693	0	
-45.1748	-10.5347	371.786	0	
-41.4132	-10.8834	339.204	0	
-135.961	-11.1213	370.424	0	
-121.786	-8.55513	278.547	0	
-38.4607	-11.1213	475.467	0	
-24.2856	-8.55513	322.632	0	
52.3252	-10.5347	151.544	0	
56.0868	-10.8834	180.597	0	
-150.634	-12.2646	329.931	0	
-118.03	-11.8896	408.639	0	
-73.2205	-8.73643	240.221	0	
-3.42296	-13.8421	149.142	0	
24.2795	-8.73643	226.352	0	
140.145	-11.4398	229.948	0	
-85.9091	-14.035	516.546	0	
-66.535	-10.5118	342.757	0	
11.5909	-14.035	208.035	0	
30.965	-10.5118	194.958	0	
-97.4745	-8.42323	281.089	0	
-112.167	-10.4695	292.485	0	
0.0255294	-8.42323	152.647	0	
-14.6674	-10.4695	186.091	0	
-164.41	-13.599	191.435	0	
-187.785	-3.81496	174.764	0	
74.9266	-11.3856	202.432	0	
65.2154	-13.6039	112.786	0	
146.276	-8.42323	230.322	0	
129.263	-24.2646	237.055	0	
114.751	-10.3233	203.583	0	
71.4242	-17.4153	131.086	0	
-134.098	-13.8532	457.431	0	
-97.9517	-12.0229	384.099	0	
-36.5975	-13.8532	424.163	0	
-0.451702	-12.0229	188.808	0	
90.1455	-11.4398	187.605	0	
96.2755	-8.42323	197.898	0	
-56.6144	-11.5018	300.846	0	
-50.5379	-10.963	314.717	0	
40.8856	-11.5018	179.347	0	
46.9621	-10.963	162.461	0	
-148.571	-10.8319	323.025	0	
-48.1756	-15.7705	420.298	0	
-154.889	-14.3905	288.507	0	
-147.97	-17.6816	445.059	0	
-48.4549	-12.1835	413.706	0	
-45.013	-15.9763	574.099	0	
49.0451	-12.1835	111.996	0	
131.583	-10.4695	205.293	0	
-159.3	-10.3101	209.627	0	
-155.495	-10.2766	246.163	0	
54.7007	-19.2086	56.7466	0	
125.71	-8.44973	207.446	0	
-100.923	-13.8421	564.873	0	
49.3244	-15.7705	93.1342	0	
10.7483	-12.069	172.243	0	
128.01	-15.8868	226.19	0	
-150.446	-24.58	484.141	0	
-157.754	-11.6412	242.08	0	
-157.617	-14.2078	241.356	0	
-167.607	-12.1717	163.61	0	
-142.499	-15.3422	501.435	0	
163.886	-7.81396	269.771	0	
174.226	-2.69569	266.698	0	
118.732	-15.6842	218.773	0	
142.828	-13.8833	240.996	0	
-86.6409	-16.373	529.716	0	
-65.7541	-13.472	310.757	0	
10.8591	-16.373	192.687	0	
31.7459	-13.472	237.54	0	
-184.223	-1.73373	168.533	0	
-161.745	-10.4642	184.706	0	
-105.152	-7.25958	208.581	0	
-111.405	-13.4554	488.422	0	
-7.65167	-7.25958	177.418	0	
-13.9051	-13.4554	255.502	0	
88.5983	-7.25958	193.054	0	
81.7838	-13.563	192.841	0	
138.598	-7.25958	203.173	0	
131.153	-14.6103	238.75	0	
-130.23	-12.4755	401.513	0	
-125.008	-12.0914	381.862	0	
-32.73	-12.4755	525.353	0	
-27.5081	-12.0914	457.401	0	
-78.8414	-14.5362	470.982	0	
-71.2546	-10.6507	363.269	0	
18.6586	-14.5362	213.487	0	
26.2454	-10.6507	194.835	0	
-92.6578	-11.3921	394.81	0	
-85.4292	-10.045	315.921	0	
4.84222	-11.3921	187.978	0	
12.0708	-10.045	186.945	0	
137.145	-11.7939	227.631	0	
140.704	-8.66433	219.047	0	
117.489	-11.9439	214.877	0	
126.674	-12.8115	219.395	0	
-106.605	-11.7939	377.764	0	
-103.046	-8.66433	294.392	0	
-145.757	-15.2052	402.563	0	
-103.605	-11.4398	363.415	0	
-9.10523	-11.7939	187.1	0	
-5.5458	-8.66433	170.276	0	
-20.5299	-11.8896	333.966	0	
-6.10455	-11.4398	173.986	0	
87.1448	-11.7939	200.228	0	
90.7042	-8.66433	200.911	0	
-52.7296	-12.6391	405.858	0	
-51.3189	-16.133	374.175	0	
44.7704	-12.6391	119.137	0	
46.1811	-16.133	87.0855	0	
66.2607	-7.66183	199.479	0	
61.592	-14.645	116.832	0	
39.4104	-13.2995	140.124	0	
145.799	-12.064	242.955	0	
-58.0896	-13.2995	409.371	0	
-86.7517	-12.069	350.457	0	
-76.2221	-13.5164	365.932	0	
2.5838	-13.8175	135.308	0	
-94.9162	-13.8175	495.553	0	
-80.1994	-11.9005	340.48	0	
-57.6835	-17.1843	342.213	0	
17.3006	-11.9005	203.72	0	
95.7992	-12.064	174.649	0	
142.263	-32.8139	242.561	0	
123.657	-10.3857	201.464	0	
124.174	-12.8115	213.41	0	
-116.81	-16.0011	535.254	0	
-106.911	-18.7727	734.39	0	
-122.648	-13.347	434.475	0	
-120.289	-17.0036	668.853	0	
-19.3105	-16.0011	401.366	0	
-9.41138	-18.7727	261.436	0	
-25.1485	-13.347	412.791	0	
-22.7891	-17.0036	434.401	0	
21.2779	-13.5164	236.426	0	
52.487	-15.9763	52.1138	0	
-88.8748	-11.0032	378.48	0	
-88.6138	-16.0889	637.661	0	
8.62524	-11.0032	193.978	0	
8.88623	-16.0889	231.23	0	
100.469	-11.0855	182.908	0	
122.403	-15.8868	231.373	0	
-102.761	-18.776	725.576	0	
39.8165	-17.1843	111.309	0	
-30.5151	-14.406	505.088	0	
68.6863	-14.565	149.523	0	
-84.2433	-18.71	738.659	0	
-83.6959	-14.349	479.978	0	
13.2567	-18.71	264.595	0	
13.8041	-14.349	208.03	0	
-128.015	-14.406	528.141	0	
-1.46149	-20.9398	179.654	0	
-82.3706	-17.1144	543.722	0	
-77.1404	-18.8236	572.598	0	
-34.8448	-22.1714	523.046	0	
103.857	-15.3762	204.46	0	
15.1294	-17.1144	213.431	0	
20.3596	-18.8236	225.583	0	
-71.9341	-14.5113	334.324	0	
-62.81	-14.1067	413.465	0	
25.5659	-14.5113	254.503	0	
34.69	-14.1067	160.092	0	
-170.722	-5.27006	156.863	0	
-175.476	-2.64081	155.9	0	
166.993	-9.3581	269.252	0	
179.821	-3.17192	265.54	0	
-191.569	-2.08123	177.756	0	
-180.704	-8.04338	160.069	0	
-53.6684	-18.9989	592.329	0	
-5.26069	-18.776	253.991	0	
43.8316	-18.9989	47.4773	0	
133.843	-20.6746	274.193	0	
-108.074	-14.1929	536.809	0	
-94.0883	-17.8006	710.28	0	
-10.5743	-14.1929	205.821	0	
3.41174	-17.8006	246.589	0	
134.484	-15.3478	224.27	0	
159.298	-32.6901	258.877	0	
75.2994	-15.1171	161.104	0	
125.206	-18.1807	227.011	0	
110.084	-14.9563	219.823	0	
167.645	-28.0136	293.312	0	
85.4271	-14.4419	220.234	0	
44.9695	-27.6829	24.94	0	
-76.3835	-22.9609	768.867	0	
-62.2534	-16.8341	379.643	0	
21.1165	-22.9609	313.388	0	
35.2466	-16.8341	157.761	0	
-69.1374	-16.0301	473.061	0	
-59.6977	-18.8508	508.758	0	
28.3626	-16.0301	185.88	0	
37.8023	-18.8508	111.164	0	
-181.071	-3.18122	159.607	0	
-176.1	-9.31089	154.503	0	
170.302	-6.68287	267.63	0	
173.419	-6.43797	268.812	0	
159.128	-14.7127	260.772	0	
164.209	-14.5128	279.074	0	
-98.9615	-20.9398	904.956	0	
12.9924	-23.3158	286.572	0	
7.06144	-18.779	199.839	0	
117.677	-21.7369	246.103	0	
-79.7755	-17.335	543.977	0	
-74.7054	-15.7809	488.363	0	
17.7245	-17.335	245.161	0	
22.7946	-15.7809	220.864	0	
152.809	-9.49693	253.342	0	
153.817	-16.299	277.529	0	
-153.202	-17.3239	340.989	0	
-150.327	-16.1614	350.044	0	
-163.68	-16.5656	203.844	0	
-63.8837	-22.4837	506.763	0	
-146.558	-22.1446	474.459	0	
-142.549	-22.4698	630.643	0	
39.5095	-26.6887	71.9431	0	
91.2651	-19.3404	214.009	0	
-128.039	-20.2596	761.107	0	
-84.5076	-23.3158	794.155	0	
-57.9905	-26.6887	504.969	0	
33.6163	-22.4837	144.746	0	
-187.588	-7.89551	170.741	0	
-195.842	-4.57853	184.08	0	
100.778	-19.5012	223.364	0	
106.939	-9.51808	206.17	0	
-192.842	-29.1807	183.889	0	
-183.66	-10.6764	169.825	0	
179.592	-6.93814	268.581	0	
186.535	-3.81686	265.528	0	
-68.6736	-19.0863	483.357	0	
-64.7337	-19.2556	530.248	0	
28.8264	-19.0863	237.091	0	
32.7663	-19.2556	137.253	0	
112.986	-17.0898	225.999	0	
121.254	-28.2149	251.273	0	
-158.754	-20.6094	265.24	0	
37.0231	-22.4901	85.1851	0	
25.497	-23.4473	201.873	0	
121.097	-23.8369	237.596	0	
100.41	-16.4657	216.217	0	
109.833	-12.0214	205.255	0	
-90.4386	-18.779	728.98	0	
-72.003	-23.4473	623.431	0	
-52.4633	-27.7169	681.5	0	
-60.4769	-22.4901	566.128	0	
105.849	-22.2944	244.901	0	
106.839	-16.4118	231.755	0	
-70.3526	-26.6553	723.952	0	
52.9428	-24.0743	22.1796	0	
-25.1725	-21.6016	730.942	0	
95.6087	-22.0749	257.127	0	
31.3268	-25.5223	119.842	0	
125.206	-21.9293	255.097	0	
108.462	-20.2945	227.74	0	
116.562	-17.9116	236.113	0	
111.958	-20.6901	245.201	0	
114.531	-23.4196	237.427	0	
71.0304	-23.2096	69.2902	0	
141.707	-19.6086	281.693	0	
-113.695	-16.8815	642.074	0	
-110.638	-20.7638	897.479	0	
-122.673	-21.6016	845.307	0	
-122.665	-35.1775	981.167	0	
-16.1947	-16.8815	304.318	0	
-13.138	-20.7638	277.035	0	
-30.539	-20.2596	601.952	0	
-66.1732	-25.5223	660.037	0	
78.8199	-16.4504	209.744	0	
86.8649	-19.5449	201.175	0	
-98.7451	-26.3808	1098.61	0	
-88.73	-23.669	974.86	0	
-1.24511	-26.3808	507.063	0	
8.77004	-23.669	378.799	0	
-205.28	-10.9939	193.674	0	
-203.116	-22.3712	194.426	0	
-200.382	-2.4973	188.694	0	
-210.958	-2.99655	198.757	0	
-165.848	-21.217	229.482	0	
-154.734	-21.2796	353.761	0	
168.663	-18.2333	274.579	0	
175.263	-15.1641	279.499	0	
178.781	-17.6852	270.914	0	
199.132	-2.49739	264.716	0	
-119.214	-27.9461	1051.79	0	
27.1474	-26.6553	197.778	0	
-37.9991	-37.0053	472.417	0	
106.132	-26.6725	237.316	0	
-80.5482	-26.5803	898.05	0	
37.9206	-30.6463	50.3221	0	
16.9518	-26.5803	254.116	0	
117.266	-31.4134	236.328	0	
113.963	-28.7182	249.726	0	
84.3565	-22.7175	194.001	0	
79.9548	-20.502	146.777	0	
78.3935	-30.9545	100.42	0	
109.886	-30.7265	232.911	0	
-170.264	-22.5426	188.129	0	
-186.586	-34.0715	215.278	0	
-71.4692	-32.4504	735.504	0	
-64.3552	-29.4863	634.918	0	
-129.522	-33.6809	945.904	0	
-77.2844	-32.8618	963.921	0	
26.0308	-32.4504	186.493	0	
33.1448	-29.4863	113.639	0	
-35.8192	-26.3093	677.183	0	
20.2156	-32.8618	369.661	0	
-32.3341	-32.9669	456.823	0	
200.219	-31.4848	271.124	0	
-81.3536	-39.2894	909.023	0	
-59.5794	-30.6463	704.66	0	
-173.766	-29.45	237.543	0	
48.7057	-33.5404	40.7363	0	
-67.173	-34.0637	707.807	0	
-62.7476	-39.8274	719.052	0	
-10.2351	-42.3533	752.468	0	
100.623	-33.4418	207.477	0	
30.327	-34.0637	85.7849	0	
34.7524	-39.8274	71.0596	0	
-136.209	-17.737	627.416	0	
-132.365	-22.2129	735.616	0	
-43.198	-18.7365	462.121	0	
-38.6886	-17.6956	672.363	0	
229.784	-7.91137	262.95	0	
-195.655	-9.12754	182.611	0	
-184.632	-17.2543	171.172	0	
-223.649	-3.59612	204.077	0	
-198.906	-17.9043	187.209	0	
132.435	-31.2901	237.533	0	
136.452	-29.449	277.521	0	
186.376	-7.64136	267.072	0	
187.265	-14.6613	268.897	0	
182.331	-13.8541	274.165	0	
189.97	-10.4787	269.563	0	
60.3681	-18.9378	42.7281	0	
76.0405	-24.963	141.596	0	
119.878	-37.6577	215.734	0	
137.314	-23.0545	240.911	0	
-140.704	-18.1438	543.395	0	
-139.168	-26.5268	679.545	0	
-133.48	-26.6767	804.786	0	
-92.1633	-28.1316	1020.3	0	
-50.4644	-23.7627	408.683	0	
-44.8887	-23.6362	658.715	0	
-57.1344	-37.3795	520.015	0	
-21.7444	-28.0369	386.045	0	
124.816	-30.5282	237.439	0	
128.715	-28.4856	262.2	0	
-154.172	-36.2055	402.12	0	
-205.51	-5.49385	195.065	0	
-189.708	-16.9412	177.177	0	
190.469	-19.3683	278.302	0	
194.401	-9.15162	265.225	0	
180.928	-24.6306	284.821	0	
209.708	-2.99653	264.329	0	
40.3656	-37.3795	56.4052	0	
84.393	-29.5111	149.393	0	
-148.752	-31.7441	536.456	0	
-141.483	-33.3657	740.521	0	
-51.8547	-39.276	625.21	0	
-41.3536	-26.7331	499.203	0	
124.872	-36.6466	238.639	0	
149.858	-28.1793	294.993	0	
5.33672	-28.1316	225.236	0	
129.988	-37.1068	250.588	0	
106.151	-35.183	220.15	0	
179.128	-40.5991	283.03	0	
74.4903	-38.1045	73.0058	0	
95.862	-26.6762	215.739	0	
101.314	-28.4806	234.302	0	
-90.1079	-37.043	1111.24	0	
67.1678	-36.6738	34.5705	0	
65.58	-54.9481	57.0389	0	
113.853	-42.0949	200.938	0	
-199.966	-12.5463	190.476	0	
187.682	-25.5065	272.297	0	
209.204	-15.0839	267.501	0	
113.919	-50.1317	177.427	0	
-193.119	-20.7159	187.352	0	
-135.899	-48.5637	807.693	0	
-48.7724	-33.5709	443.611	0	
-43.2385	-32.7137	589.83	0	
134.099	-42.95	223.267	0	
122.432	-54.3794	194.126	0	
87.7148	-33.6491	172.617	0	
95.3237	-40.1176	154.825	0	
99.1751	-43.1784	180.781	0	
98.2767	-48.6319	136.075	0	
7.39212	-37.043	592.375	0	
-25.6479	-34.8802	662.029	0	
-217.111	-6.59266	205.554	0	
-216.837	-13.1836	203.655	0	
215.587	-13.1843	264.156	0	
222.399	-3.59612	264.56	0	
-178.18	-51.9759	259.531	0	
-153.647	-49.4659	535.742	0	
95.9829	-35.2801	194.086	0	
105.363	-40.0821	191.737	0	
-47.377	-47.5674	396.103	0	
-39.0554	-46.1539	420.901	0	
92.3318	-31.2524	185.347	0	
88.4066	-44.521	100.641	0	
16.1464	-39.2894	173.068	0	
104.53	-53.5724	146.887	0	
89.6237	-39.8659	150.672	0	
93.2082	-50.2262	136.698	0	
80.0854	-44.9589	87.9627	0	
195.014	-53.6987	274.073	0	
46.9683	-23.7287	50.8062	0	
65.1315	-24.4061	59.6465	0	
45.6907	-39.2794	26.8104	0	
56.758	-28.3975	37.3852	0	
58.9988	-47.2745	22.2905	0	
63.2794	-29.0001	30.2291	0	
54.5197	-33.9094	19.7918	0	
60.6283	-39.7232	38.3322	0	
-112.153	-26.9719	1032.8	0	
-106.813	-41.5616	1142.45	0	
-14.6834	-27.0627	704.485	0	
-20.3964	-45.3419	254.948	0	
-180.822	-20.7977	191.125	0	
-180.372	-28.6817	180.078	0	
-28.1388	-52.5772	263.174	0	
-8.42563	-30.9174	245.03	0	
-223.045	-18.0992	206.761	0	
197.484	-18.6006	269.11	0	
221.795	-18.0997	265.811	0	
-116.522	-44.9384	1048.35	0	
-105.895	-30.8265	1085.76	0	
-210.454	-15.0875	199.428	0	
-209.349	-21.1068	199.96	0	
214.41	-27.8426	268.766	0	
201.692	-23.0481	272.755	0	
-168.63	-35.332	235.196	0	
-185.88	-47.0569	224.587	0	
-58.4369	-62.9932	339.945	0	
99.1429	-60.8213	140.771	0	
90.5758	-57.9619	93.7945	0	
-48.4864	-72.4847	178.466	0	
146.007	-88.8777	179.296	0	
49.8752	-47.1998	41.5387	0	
76.1765	-53.3494	55.9881	0	
-231.034	-7.91137	210.016	0	
193.225	-33.1755	280.307	0	
-196.586	-54.0406	224.002	0	
-97.6075	-46.0273	1008.86	0	
32.5931	-47.2676	53.4682	0	
3.02215	-58.9551	178.648	0	
-230.704	-15.8235	207.525	0	
-199.677	-29.8849	198.68	0	
-199.122	-68.7901	243.632	0	
-232.183	-28.9135	209.515	0	
-145.673	-56.093	397.778	0	
-65.0282	-47.5636	578.777	0	
-0.999147	-46.7281	154.871	0	
39.3398	-61.6705	39.9977	0	
208.094	-21.1083	267.608	0	
176.392	-31.8898	269.555	0	
229.454	-15.8234	264.431	0	
209.137	-35.1834	271.234	0	
139.328	-61.0399	184.429	0	
189.207	-41.0089	269.092	0	
-222.975	-26.721	207.524	0	
221.729	-26.7336	265.586	0	
231.761	-29.6353	265.033	0	
142.356	-40.4982	267.697	0	
158.523	-43.1702	282.615	0	
131.472	-51.1747	224.687	0	
149.176	-46.3437	224.521	0	
-209.391	-44.9615	214.606	0	
24.809	-66.1786	77.1582	0	
-73.5915	-67.1651	489.447	0	
-93.917	-58.2892	882.301	0	
-54.9373	-53.4072	529.071	0	
81.8654	-60.6471	85.1366	0	
-101.539	-70.7175	409.036	0	
-234.45	-44.5321	217.519	0	
207.95	-49.5639	273.198	0	
42.3908	-52.7401	46.2374	0	
65.768	-76.5282	71.1684	0	
-186.216	-79.8078	246.474	0	
60.9715	-64.9719	38.6542	0	
84.6816	-83.8123	115.919	0	
133.127	-72.183	218.757	0	
169.605	-47.203	249.451	0	
99.0487	-73.5167	90.0865	0	
121.291	-67.4347	143.725	0	
76.0654	-73.8022	56.887	0	
21.5973	-78.4887	75.367	0	
148.776	-58.6606	253.869	0	
159.318	-65.2507	226.112	0	
-118.231	-67.6676	675.332	0	
-123.641	-53.3865	634.223	0	
223.493	-56.6049	267.507	0	
-170.587	-61.0571	283.649	0	
-162.29	-53.2661	293.476	0	
-75.7218	-48.391	852.73	0	
-80.7855	-58.4064	615.829	0	
-78.6641	-83.0863	251.562	0	
42.8672	-124.784	90.0884	0	
21.8995	-48.0949	176.051	0	
17.1665	-58.0755	95.065	0	
110.772	-78.66	165.415	0	
-128.033	-80.0868	342.255	0	
-143.217	-73.3351	480.887	0	
48.3422	-68.3158	56.9917	0	
43.0743	-85.2084	55.4119	0	
-31.1187	-67.2315	261.566	0	
6.99334	-83.9003	71.2815	0	
180.708	-83.077	251.595	0	
-212.548	-78.6717	244.026	0	
55.4568	-91.151	69.4504	0	
30.86	-90.8732	75.0657	0	
195.719	-99.5338	237.883	0	
-155.091	-83.9494	271.616	0	
22.5656	-111.1	79.2645	0	
-3.93924	-72.4697	131.284	0	
5.64357	-105.233	126.69	0	
-222.226	-50.9126	214.434	0	
162.751	-84.3246	237.081	0	
186.132	-63.0524	251.445	0	
-120.967	-99.7543	354.349	0	
-93.4804	-86.7559	445.479	0	
221.832	-84.1178	257.22	0	
-21.1018	-77.8858	79.2504	0	
-26.257	-99.2576	179.731	0	
-222.846	-69.8732	230.476	0	
82.4716	-105.887	98.9622	0	
-155.483	-105.393	294.475	0	
137.733	-106.863	211.899	0	
-208.069	-100.978	238.479	0	
-170.837	-73.8717	314.922	0	
-103.106	-103.373	248.72	0	
114.335	-101.394	137.501	0	
-63.2341	-129.89	211.144	0	
-190.247	-100.547	260.589	0	
-175.26	-116.054	238.884	0	
63.5442	-110.5	115.533	0	
100.401	-118.325	171.016	0	
-14.9272	-144.737	154.439	0	
-136.544	-114.446	248.462	0	
-10.4442	-115.174	76.9223	0	
-62.9959	-88.4674	304.454	0	
-50.7834	-104.586	122.288	0	
-91.8996	-128.662	188.923	0	
-132.369	-138.886	267.91	0	
-178.662	-146.313	250.187	0	
-43.1907	-154.124	152.836	0	
-213.777	-154.351	243.688	0	
184.547	-133.757	253.588	0	
43.9892	-153.642	152.502	0	
105.563	-154.614	158.166	0	
-105.586	-149.483	238.724	0	
153.516	-136.648	206.491	0	
222.629	-148.911	238.699	0	
