# File: UnstructuredGrid_Inversion_L0_Coarse_Iter03.dat
# (No specific header documentation)

-158.75	-0.496475	124.832	0	
-156.875	-0.668155	158.484	0	
-60.625	-0.431516	185.031	0	
36.875	-0.431516	223.868	0	
-228.198	-124.523	234.424	0	
135.625	-0.668155	211.243	0	
38.125	-0.668155	232.211	0	
-169.883	-44.1849	255.795	0	
-59.375	-0.668155	186.655	0	
-115.32	-2.91409	187.012	0	
-208.422	-34.2476	159.028	0	
-85.9973	-2.80091	185.8	0	
-161.562	-31.1528	276.423	0	
-162.282	-23.9451	215.355	0	
-110.104	-1.86538	177.717	0	
-135.637	-38.619	588.647	0	
-61.354	-1.86538	186.76	0	
-135.104	-1.86538	206.114	0	
-148.497	-8.59138	289.348	0	
-146.25	-1.09967	188.083	0	
-142.708	-2.72654	199.76	0	
-143.958	-2.01633	193.875	0	
-129.845	-3.05088	210.585	0	
-151.594	-4.85908	216.348	0	
-155.208	-2.01633	181.749	0	
-146.05	-12.2522	362.354	0	
-152.292	-2.72654	202.755	0	
-159.95	-16.471	209.507	0	
134.375	-0.431516	203.037	0	
-17.8202	-2.91409	193.583	0	
-156.27	-3.86216	179.53	0	
-41.4583	-2.01633	192.022	0	
-154.792	-2.72654	186.807	0	
-153.542	-3.47328	197.925	0	
-12.604	-1.86538	198.752	0	
-148.795	-2.8545	207.402	0	
36.146	-1.86538	216.036	0	
-37.604	-1.86538	188.692	0	
-170.813	-2.26882	94.7951	0	
-48.75	-1.09967	182.52	0	
-166.927	-1.72974	94.2729	0	
-163.743	-2.99807	97.4476	0	
-57.2917	-2.72654	197.308	0	
-165.769	-3.46425	104.029	0	
-56.0417	-3.47328	198.175	0	
-157.576	-8.14551	184.354	0	
-54.7917	-2.72654	194.248	0	
-63.125	-0.36089	186.399	0	
-162.675	-0.60932	105.8	0	
-82.5	-1.09967	174.353	0	
-60.5207	-2.1669	188.278	0	
-155	-1.09967	177.756	0	
-75.5207	-2.1669	188.099	0	
-160.875	-0.935418	112.839	0	
-65.625	-0.431516	186.543	0	
85.625	-0.668155	196.402	0	
-154.375	-0.668155	189.708	0	
61.875	-0.668155	213.857	0	
-151.875	-0.668155	198.084	0	
-151.25	-1.09967	201.435	0	
44.7917	-2.01633	214.667	0	
-153.125	-0.431516	193.568	0	
56.0417	-2.01633	211.986	0	
-155.625	-0.431516	173.837	0	
78.4298	-2.91409	203.619	0	
-161.767	-1.54474	96.7196	0	
-55	-1.09967	183.211	0	
-150.625	-0.431516	193.37	0	
-152.5	-1.09967	199.109	0	
37.2915	-5.36053	211.359	0	
-148.125	-0.366631	188.871	0	
37.2841	-3.06466	207.018	0	
-145.625	-0.668155	192.573	0	
-146.875	-0.431516	204.659	0	
43.125	-0.668155	228.619	0	
38.9583	-2.01633	213.253	0	
-144.375	-0.431516	199.706	0	
34.375	-0.36089	215.526	0	
-141.875	-0.431516	207.221	0	
-140.625	-0.668155	204.157	0	
31.875	-0.431516	213.887	0	
-141.25	-1.09967	191.57	0	
40	-1.09967	200.317	0	
-145	-1.09967	186.371	0	
40.625	-0.668155	231.106	0	
15	-1.09967	172.927	0	
-133.75	-1.09967	200.48	0	
140.625	-3.34884	201.633	0	
-134.375	-0.431516	228.703	0	
-133.125	-0.668155	233.478	0	
144.345	-3.52006	201.799	0	
-135.625	-0.366631	213.232	0	
148.422	-2.00504	205.885	0	
138.422	-2.00504	199.23	0	
-131.875	-0.431516	213.267	0	
136.756	-2.06993	201.692	0	
-125	-1.09967	197.64	0	
-128.75	-1.09967	187.652	0	
138.125	-0.366631	201.203	0	
-131.25	-0.798148	204.437	0	
139.375	-0.668155	202.578	0	
-132.5	-1.09967	191.619	0	
145.625	-0.668155	212.929	0	
-140	-1.09967	194.731	0	
21.9793	-2.1669	196.143	0	
129.375	-0.431516	201.086	0	
-125.625	-0.431516	209.072	0	
111.25	-1.09967	185.981	0	
-123.75	-1.09967	200.377	0	
-122.5	-0.798148	188.604	0	
-111.875	-0.36089	175.544	0	
-117.604	-1.86538	184.786	0	
119.479	-2.1669	198.732	0	
-120.881	-3.06027	200.202	0	
-118.125	-0.366631	195.953	0	
-99.4045	-3.52006	192.44	0	
-115.625	-0.668155	195.275	0	
-110	-0.798148	185.205	0	
-88.125	-0.668155	174.421	0	
-116.875	-0.431516	182.06	0	
-123.125	-0.431516	211.992	0	
-116.25	-1.09967	178.988	0	
-114.375	-0.431516	181.83	0	
-98.125	-0.668155	180.206	0	
-108.75	-1.09967	174.031	0	
-104.375	-0.668155	173.281	0	
-109.375	-0.431516	174.533	0	
-108.125	-0.668155	183.374	0	
-106.994	-2.06993	181.555	0	
-110.625	-0.366631	181.32	0	
-109.271	-2.1669	181.399	0	
-136.875	-0.36089	212.037	0	
-106.875	-0.431516	173.383	0	
-134.068	-5.08295	227.824	0	
-98.75	-1.09967	173.221	0	
-103.75	-1.09967	180.466	0	
-124.375	-0.668155	201.97	0	
-106.25	-0.798148	177.592	0	
-139.375	-0.431516	211.322	0	
-107.5	-1.09967	175.795	0	
-105.625	-0.366631	177.156	0	
-115	-1.09967	170.526	0	
-105.328	-2.00504	175.326	0	
-126.875	-0.366631	204.097	0	
131.875	-0.36089	207.585	0	
-103.125	-0.431516	178.779	0	
49.375	-0.668155	218.989	0	
-129.375	-0.668155	214.487	0	
-100.625	-0.366631	180.069	0	
-130.625	-0.366631	215.691	0	
-90.104	-1.86538	175.32	0	
-99.375	-0.431516	173.841	0	
-131.994	-2.06993	198.302	0	
-147.589	-1.76841	191.848	0	
-96.875	-0.431516	172.925	0	
-135	-0.798148	200.956	0	
-94.375	-0.668155	172.917	0	
-88.75	-1.09967	173.467	0	
-146.756	-2.06993	197.017	0	
-96.25	-0.798148	175.044	0	
-146.468	-2.99641	194.611	0	
-97.5	-1.09967	174.838	0	
-149.375	-0.668155	201.864	0	
-144.792	-2.01633	194.072	0	
-89.375	-0.431516	172.52	0	
-153.75	-1.09967	200.527	0	
-87.5	-1.09967	175.294	0	
-86.875	-0.431516	175.144	0	
-153.542	-2.01633	195.267	0	
-68.854	-1.86538	185.781	0	
-143.75	-1.09967	195.093	0	
-147.5	-0.798148	184.396	0	
-83.125	-0.431516	176.221	0	
-150	-1.09967	183.409	0	
-81.25	-1.09967	180.868	0	
-80.625	-0.431516	178.697	0	
-156.25	-1.09967	179.258	0	
-76.354	-1.86538	180.88	0	
-151.042	-2.01633	195.316	0	
-83.75	-0.798148	179.136	0	
-152.708	-2.01633	200.068	0	
-90.625	-0.366631	172.661	0	
-143.125	-0.668155	190.546	0	
-14.375	-0.36089	200.713	0	
-75.625	-0.431516	182.503	0	
-23.3807	-3.06027	204.543	0	
-68.75	-0.798148	188.942	0	
-73.75	-1.09967	183.041	0	
-25.625	-0.431516	203.056	0	
-74.375	-0.668155	185.425	0	
-16.875	-0.431516	206.686	0	
9.375	-0.668155	166.059	0	
-69.375	-0.366631	186.052	0	
-0.625	-0.668155	196.217	0	
-66.875	-0.668155	186.678	0	
-61.25	-0.798148	187.594	0	
-11.7707	-2.1669	197.059	0	
-68.125	-0.431516	186.286	0	
-7.82772	-2.00504	198.694	0	
-67.5	-1.09967	185.426	0	
-1.90454	-3.52006	195.506	0	
-9.49439	-2.06993	202.02	0	
-60	-1.09967	185.943	0	
-39.375	-0.36089	192.945	0	
36.9793	-2.1669	215.945	0	
-57.5	-1.09967	185.908	0	
-41.875	-0.431516	188.945	0	
-61.875	-0.366631	185.56	0	
-8.125	-0.366631	204.079	0	
-26.875	-0.668155	206.868	0	
-56.875	-0.668155	186.447	0	
-31.875	-0.668155	202.261	0	
-54.375	-0.668155	182.8	0	
-53.75	-1.09967	183.276	0	
-34.4944	-2.06993	187.347	0	
-55.625	-0.431516	185.176	0	
-36.7707	-2.1669	202.267	0	
-58.125	-0.431516	185.062	0	
-36.5676	-5.08295	244.158	0	
-66.25	-1.09967	185.386	0	
-6.875	-0.668155	194.864	0	
-76.875	-0.366631	181.751	0	
-156.042	-2.01633	168.288	0	
-51.875	-0.668155	183.535	0	
-50.625	-0.366631	180.528	0	
-48.9679	-2.99641	192.2	0	
-48.125	-0.668155	178.519	0	
-47.5	-1.09967	185.175	0	
-37.5	-0.798148	193.392	0	
-49.375	-0.431516	184.122	0	
-50.0889	-1.76841	183.32	0	
-45.625	-0.668155	180.451	0	
-43.75	-1.09967	184.032	0	
-46.25	-1.09967	181.938	0	
-43.125	-0.668155	179.461	0	
-42.5	-1.09967	193.527	0	
-56.25	-1.09967	179.922	0	
-44.375	-0.431516	185.074	0	
-47.2917	-2.01633	186.016	0	
-46.875	-0.431516	185.869	0	
-49.2556	-2.06993	190.181	0	
-57.7083	-2.01633	185.302	0	
-38.125	-0.366631	187.892	0	
-53.5417	-2.01633	185.507	0	
-35.625	-0.668155	193.891	0	
-35	-1.09967	191.923	0	
-52.5	-1.09967	180.8	0	
-36.875	-0.431516	200.929	0	
-50	-0.798148	184.473	0	
-58.5417	-2.01633	191.795	0	
-33.75	-0.798148	187.44	0	
-62.5	-0.727521	189.921	0	
-31.25	-1.09967	177.816	0	
-29.375	-0.366631	202.964	0	
-68.0207	-2.1669	190.572	0	
-27.5	-1.09967	180.073	0	
-64.375	-0.668155	187.722	0	
-34.375	-0.431516	198.067	0	
-58.75	-1.09967	180.166	0	
-36.25	-1.09967	188.521	0	
-56.0417	-2.01633	187.83	0	
-66.0417	-2.01633	188.598	0	
-20.104	-1.86538	197.073	0	
-70.625	-0.36089	186.292	0	
-25	-0.798148	188.195	0	
-18.75	-1.09967	193.566	0	
-73.125	-0.431516	185.23	0	
-26.25	-1.09967	195.83	0	
-65	-1.09967	184.645	0	
-75	-1.09967	179.711	0	
-19.375	-0.431516	203.493	0	
105.625	-0.668155	170.968	0	
-12.5	-0.798148	202.556	0	
-17.5	-1.09967	187.266	0	
88.7946	-2.8545	201.779	0	
-18.125	-0.668155	208.093	0	
99.7712	-2.84299	184.544	0	
-20.625	-0.366631	203.748	0	
-86.4583	-2.01633	177.846	0	
107.753	-2.80091	187.863	0	
-13.125	-0.366631	208.455	0	
86.7556	-2.06993	200.948	0	
-10.625	-0.668155	215.519	0	
-10	-1.09967	194.875	0	
88.125	-0.366631	196.779	0	
-11.875	-0.431516	202.491	0	
89.375	-0.668155	211.839	0	
79.375	-0.431516	218.752	0	
-8.75	-0.798148	204.104	0	
71.25	-0.798148	222.579	0	
-6.25	-1.09967	203.269	0	
-5.625	-0.431516	200.613	0	
64.6723	-2.00504	217.836	0	
-1.25	-1.09967	194.521	0	
72.8693	-3.06027	210.188	0	
-9.375	-0.431516	199.033	0	
81.875	-0.36089	217.378	0	
-11.25	-1.09967	195.395	0	
95.625	-0.668155	181.6	0	
-28.125	-0.431516	200.992	0	
-62.5054	-1.48403	185.77	0	
-53.125	-0.431516	182.284	0	
-33.125	-0.366631	195.137	0	
-134.271	-2.1669	210.641	0	
-3.125	-0.366631	200.333	0	
-1.875	-0.431516	187.267	0	
65.625	-0.668155	225.399	0	
7.39595	-1.86538	178.839	0	
-3.70074e-17	-1.09967	187.926	0	
72.1723	-2.00504	215.91	0	
64.375	-0.366631	219.443	0	
0.625	-0.431516	182.538	0	
55.625	-0.431516	212.901	0	
3.125	-0.668155	177.71	0	
8.75	-1.09967	180.74	0	
48.5321	-2.99641	222.759	0	
1.25	-0.798148	189.195	0	
58.125	-0.36089	211.237	0	
6.875	-0.366631	168.525	0	
63.0056	-2.06993	216.234	0	
48.2444	-2.06993	210.365	0	
8.125	-0.431516	166.263	0	
50.2083	-2.01633	220.188	0	
10	-1.09967	183.108	0	
10.625	-0.431516	164.551	0	
51.25	-1.09967	216.349	0	
28.646	-1.86538	198.49	0	
51.875	-0.668155	209.857	0	
47.4111	-1.76841	213.021	0	
14.375	-0.431516	162.639	0	
47.5	-0.798148	205.489	0	
16.25	-1.09967	171.857	0	
16.875	-0.431516	167.558	0	
43.9583	-2.01633	216.356	0	
21.146	-1.86538	179.456	0	
39.7917	-2.01633	219.463	0	
13.75	-0.798148	175.686	0	
45.625	-0.668155	219.713	0	
20.625	-0.366631	185.253	0	
60	-0.798148	206.955	0	
41.25	-1.09967	215.702	0	
21.875	-0.431516	175.457	0	
33.125	-0.668155	230.439	0	
28.75	-0.798148	208.632	0	
23.75	-1.09967	182.372	0	
34.9946	-1.48403	216.177	0	
23.125	-0.668155	200.491	0	
41.4583	-2.01633	215.535	0	
35	-0.727521	210.147	0	
28.125	-0.366631	217.864	0	
32.5	-1.09967	182.803	0	
30.625	-0.668155	230.191	0	
36.25	-0.798148	217.707	0	
26.875	-0.36089	187.503	0	
29.375	-0.431516	203.187	0	
31.4583	-2.01633	200.423	0	
30	-1.09967	185.581	0	
29.4793	-2.1669	209.605	0	
11.0417	-2.01633	179.238	0	
37.5	-1.09967	205.719	0	
150.625	-0.431516	210.425	0	
128.43	-2.91409	202.849	0	
38.75	-1.09967	214.79	0	
150	-1.09967	209.151	0	
35.625	-0.366631	232.848	0	
22.5	-1.09967	174.045	0	
153.75	-0.798148	225.289	0	
42.5	-1.09967	200.973	0	
148.125	-0.366631	203.742	0	
48.75	-1.09967	208.644	0	
43.75	-1.09967	208.711	0	
141.875	-0.668155	200.813	0	
41.875	-0.431516	226.261	0	
146.756	-2.06993	206.777	0	
39.375	-0.431516	226.033	0	
149.771	-2.84299	210.682	0	
31.25	-1.09967	197.861	0	
24.375	-0.431516	186.558	0	
44.375	-0.431516	226.007	0	
45	-1.09967	203.916	0	
138.795	-2.8545	201.342	0	
46.875	-0.366631	221.868	0	
140.208	-2.01633	201.137	0	
59.896	-1.86538	210.948	0	
50	-1.09967	188.566	0	
141.25	-1.09967	200.544	0	
48.125	-0.431516	215.27	0	
143.75	-0.798148	202.433	0	
138.75	-1.03479	201.561	0	
53.75	-1.09967	210.044	0	
132.495	-1.48403	204.724	0	
54.375	-0.668155	204.08	0	
55	-1.09967	201.813	0	
126.979	-2.1669	200.612	0	
53.125	-0.431516	209.38	0	
130.625	-0.668155	210.499	0	
50.625	-0.431516	212.092	0	
137.589	-1.76841	201.671	0	
128.958	-2.01633	198.736	0	
59.375	-0.366631	207.727	0	
83.646	-1.86538	206.18	0	
60.625	-0.431516	220.352	0	
62.5	-1.09967	210.79	0	
124.375	-0.36089	199.093	0	
61.25	-1.09967	208.725	0	
130	-1.09967	191.951	0	
110.686	-4.3008	197.641	0	
63.125	-0.431516	221.822	0	
-113.125	-0.668155	191.64	0	
68.75	-1.09967	213.857	0	
67.5	-0.798148	207.525	0	
-111.255	-1.48403	177.171	0	
63.75	-0.798148	216.593	0	
113.75	-0.798148	185.76	0	
68.125	-0.431516	233.249	0	
121.875	-0.431516	193.596	0	
93.125	-0.366631	187.447	0	
132.5	-0.727521	205.216	0	
-111.25	-0.727521	183.943	0	
76.146	-1.86538	217.331	0	
-113.75	-1.09967	174.914	0	
70.625	-0.431516	232.988	0	
77.5	-1.09967	217.544	0	
-118.75	-0.727521	197.418	0	
70	-1.09967	215.12	0	
-114.792	-2.01633	186.544	0	
-89.2707	-2.1669	178.071	0	
76.875	-0.431516	223.369	0	
-93.9788	-2.84299	174.214	0	
83.75	-0.798148	202.083	0	
78.75	-1.09967	211.859	0	
-85.625	-0.668155	174.979	0	
78.125	-0.668155	211.934	0	
-81.875	-0.668155	179.636	0	
75.625	-0.366631	218.431	0	
-120.625	-0.668155	208.86	0	
-86.25	-1.09967	176.469	0	
83.125	-0.366631	201.193	0	
-93.75	-1.09967	171.25	0	
133.646	-1.86538	201.972	0	
86.25	-1.09967	203.414	0	
-104.955	-2.8545	190.466	0	
84.375	-0.431516	209.754	0	
-93.125	-0.431516	175.033	0	
-96.9944	-2.06993	179.729	0	
87.5	-0.798148	195.821	0	
-101.875	-0.668155	175.53	0	
90	-1.09967	183.908	0	
90.625	-0.431516	192.046	0	
-100.089	-1.76841	179.728	0	
95	-1.09967	205.75	0	
-95.625	-0.366631	174.385	0	
86.875	-0.431516	210.282	0	
-90	-0.798148	178.327	0	
85	-1.09967	210.514	0	
-87.2917	-2.01633	180.689	0	
-116.771	-2.1669	188.425	0	
143.661	-1.76841	196.351	0	
-100	-0.798148	180.044	0	
94.375	-0.431516	193.623	0	
-102.5	-1.09967	182.249	0	
96.25	-1.09967	195.91	0	
103.646	-1.86538	179.682	0	
-103.542	-2.01633	184.006	0	
-105	-1.03479	183.743	0	
97.5	-0.798148	190.23	0	
-136.255	-1.48403	207.253	0	
105	-1.09967	185.884	0	
103.125	-0.366631	167.64	0	
-130.328	-2.00504	196.975	0	
99.375	-0.668155	184.501	0	
-138.125	-0.668155	208.089	0	
96.875	-0.431516	191.906	0	
-106.161	-1.76841	179.319	0	
-123.244	-2.06993	193.042	0	
126.146	-1.86538	200.211	0	
-128.125	-0.431516	221.651	0	
106.875	-0.431516	172.775	0	
110	-0.798148	189.262	0	
-126.304	-1.54577	197.629	0	
106.25	-1.09967	182.372	0	
-121.875	-0.366631	194.075	0	
-126.25	-0.798148	211.443	0	
118.646	-1.86538	191.935	0	
-130	-1.03479	208.609	0	
113.125	-0.431516	183.31	0	
120	-1.09967	190.678	0	
-148.75	-1.03479	188.148	0	
112.5	-1.09967	192.569	0	
-131.161	-1.76841	208.903	0	
110.625	-0.431516	179.822	0	
-127.242	-2.24637	187.482	0	
104.375	-0.431516	173.052	0	
-117.5	-0.798148	192.899	0	
-143.542	-2.72654	196.491	0	
119.375	-0.431516	191.182	0	
-139.792	-2.01633	200.995	0	
126.25	-0.798148	199.738	0	
121.25	-1.09967	198.06	0	
-138.75	-1.09967	204.33	0	
120.625	-0.668155	198.48	0	
-136.25	-0.727521	213.744	0	
-142.292	-2.01633	193.13	0	
125.625	-0.366631	204.333	0	
-13.7554	-1.48403	199.821	0	
128.125	-0.668155	202.292	0	
133.75	-0.798148	206.863	0	
-19.2707	-2.1669	197.374	0	
126.875	-0.431516	201.451	0	
-15.625	-0.668155	213.086	0	
127.5	-1.09967	198.625	0	
-142.5	-1.09967	193.819	0	
-17.2917	-2.01633	199.553	0	
135	-1.09967	195.022	0	
-21.25	-0.727521	207.766	0	
158.73	-5.36963	246.83	0	
136.25	-1.09967	198.157	0	
-23.125	-0.668155	204.58	0	
133.125	-0.366631	205.46	0	
-16.25	-1.09967	196.114	0	
15.625	-0.668155	173.564	0	
137.5	-0.798148	197.377	0	
11.875	-0.668155	162.809	0	
140	-1.09967	196.978	0	
140.625	-0.431516	199.788	0	
10.2083	-2.01633	179.621	0	
145	-1.09967	186.16	0	
3.52121	-2.84299	188.821	0	
136.875	-0.431516	209.149	0	
8.22929	-2.1669	185.923	0	
128.75	-1.09967	202.619	0	
-13.75	-0.727521	208.179	0	
118.125	-0.366631	194.706	0	
-148.422	-2.00504	191.625	0	
4.375	-0.431516	181.685	0	
144.375	-0.431516	199.232	0	
-7.45541	-2.8545	200.876	0	
146.25	-1.09967	199.097	0	
146.875	-0.431516	211.277	0	
7.5	-0.798148	190.503	0	
153.646	-1.86538	221.084	0	
3.75	-1.09967	179.344	0	
1.875	-0.366631	183.804	0	
149.375	-0.668155	206.112	0	
-2.58895	-1.76841	196.423	0	
153.125	-0.366631	218.987	0	
154.375	-0.431516	227.275	0	
-11.4094	-3.16789	190.097	0	
155	-1.09967	223.12	0	
-4.375	-0.668155	190.168	0	
147.5	-0.798148	202.062	0	
0.505614	-2.06993	194.48	0	
-6.04167	-2.01633	201.331	0	
156.458	-1.16463	239.695	0	
-8.66105	-1.76841	201.892	0	
159.625	-0.633448	248.809	0	
161.425	-0.98887	250.599	0	
-7.5	-1.03479	210.67	0	
160.517	-1.62232	251.081	0	
-5	-1.09967	209.719	0	
-38.7554	-1.48403	190.514	0	
153.021	-4.78762	225.817	0	
-20	-0.798148	197.414	0	
163.752	-4.86774	254.611	0	
164.832	-2.66958	259.413	0	
-25.7444	-2.06993	190.242	0	
163.115	-0.98887	257.987	0	
-32.8277	-2.00504	188.109	0	
155.484	-3.31993	233.185	0	
-40.625	-0.668155	184.388	0	
155.625	-0.668155	239.221	0	
-2.5	-0.798148	203.964	0	
-30.625	-0.431516	198.624	0	
160.191	-2.997	249.662	0	
-29.7419	-2.24637	185.679	0	
169.563	-2.94058	261.461	0	
154.995	-4.95032	234.974	0	
-28.75	-0.798148	206.787	0	
148.777	-5.11846	214.868	0	
-28.8043	-1.54577	191.341	0	
-32.5	-1.03479	187.522	0	
204.26	-5.49392	249.795	0	
-50.9223	-2.00504	185.386	0	
148.441	-21.3686	217.195	0	
-46.0417	-2.72654	192.076	0	
204.031	-10.9896	250.534	0	
-51.25	-1.03479	181.191	0	
151.796	-5.74288	219.509	0	
-33.6611	-1.76841	194.635	0	
-42.2917	-2.01633	183.399	0	
170.801	-56.9665	226.853	0	
-45	-1.09967	187.002	0	
-44.7917	-2.01633	184.781	0	
-41.25	-1.09967	181.675	0	
-61.9845	-2.19037	190.345	0	
34.9625	-3.24559	209.965	0	
-71.875	-0.668155	187.156	0	
-66.5702	-2.91409	194.508	0	
-63.75	-1.02905	182.7	0	
-38.75	-0.727521	193.942	0	
161.093	-4.56171	253.5	0	
-24.375	-0.366631	202.664	0	
143.125	-0.366631	198.77	0	
11.25	-1.09967	176.994	0	
-70.0054	-1.48403	185.635	0	
-108.909	-3.16789	187.942	0	
-74.0702	-2.91409	192.087	0	
69.375	-0.668155	231.736	0	
-70	-0.727521	190.157	0	
-73.5417	-2.01633	184.947	0	
-72.5	-1.09967	181.098	0	
-77.5	-0.727521	184.136	0	
-79.375	-0.668155	182.884	0	
104.479	-2.1669	184.964	0	
111.875	-0.668155	176.556	0	
98.4223	-2.00504	185.302	0	
108.125	-0.668155	175.064	0	
106.458	-2.01633	182.988	0	
107.5	-1.09967	188.357	0	
100.625	-0.431516	173.704	0	
100	-1.09967	179.936	0	
94.3455	-3.52006	192.068	0	
103.75	-0.798148	183.564	0	
96.7556	-2.06993	189.727	0	
98.125	-0.366631	177.076	0	
91.875	-0.668155	203.286	0	
93.6611	-1.76841	193.936	0	
88.4223	-2.00504	195.952	0	
93.75	-0.798148	192.743	0	
90.2083	-2.01633	200.479	0	
91.25	-1.09967	193.472	0	
87.5889	-1.76841	199.889	0	
88.75	-1.03479	194.034	0	
80.625	-0.668155	205.786	0	
82.4946	-1.48403	208.402	0	
76.9793	-2.1669	207.319	0	
82.5	-0.727521	206.095	0	
78.9583	-2.01633	211.475	0	
80	-1.09967	214.452	0	
75	-0.727521	210.85	0	
73.125	-0.668155	223.272	0	
65.0889	-2.93321	215.16	0	
76.25	-0.798148	212.248	0	
70.5056	-2.06993	217.777	0	
71.875	-0.366631	231.969	0	
66.875	-0.366631	220.679	0	
67.4111	-1.76841	217.236	0	
63.8389	-1.76841	213.185	0	
65	-1.03479	204.477	0	
56.875	-0.668155	209.202	0	
58.7446	-1.48403	208.794	0	
51.4583	-2.72654	224.816	0	
58.75	-0.727521	217.164	0	
55.2083	-2.01633	210.828	0	
56.25	-1.09967	202.632	0	
52.5	-1.09967	197.979	0	
52.7083	-2.01633	215.452	0	
46.25	-1.03479	212.887	0	
46.5777	-2.00504	214.784	0	
33.75	-1.02905	209.083	0	
35.5155	-2.19037	210.877	0	
30.9298	-2.91409	207.385	0	
134.841	-3.16789	201.298	0	
25.625	-0.668155	207.282	0	
27.4946	-1.48403	197.43	0	
23.4298	-2.91409	197.819	0	
27.5	-0.727521	207.264	0	
23.9583	-2.01633	187.46	0	
25	-1.09967	177.402	0	
20	-0.727521	193.29	0	
18.125	-0.668155	179.349	0	
151.875	-0.36089	215.935	0	
152.495	-1.48403	216.733	0	
153.016	-2.19037	221.302	0	
152.5	-0.727521	214.195	0	
147.589	-1.76841	203.805	0	
148.75	-1.03479	203.463	0	
142.5	-1.03479	197.3	0	
142.828	-2.00504	201.946	0	
134.479	-2.1669	204.561	0	
154.479	-2.1669	232.146	0	
131.25	-1.02905	202.399	0	
133.016	-2.19037	205.792	0	
129.792	-2.01633	205.229	0	
171.752	-1.25987	261.679	0	
123.125	-0.668155	206.715	0	
124.995	-1.48403	198.996	0	
120.93	-2.91409	200.95	0	
125	-0.727521	194.039	0	
121.458	-2.01633	192.338	0	
122.5	-1.09967	185.17	0	
117.5	-0.727521	194.963	0	
115.625	-0.668155	191.209	0	
-112.5	-1.02905	169.71	0	
-110.734	-2.19037	183.984	0	
-138.958	-2.01633	202.334	0	
-62.5375	-3.24559	195.043	0	
-119.375	-0.36089	188.173	0	
-118.755	-1.48403	186.195	0	
-83.0056	-2.06993	184.958	0	
-76.25	-0.798148	185.89	0	
-81.0417	-2.01633	178.053	0	
-80	-1.09967	172.676	0	
-84.375	-0.366631	175.393	0	
-83.8389	-1.76841	176.157	0	
-91.875	-0.36089	170.52	0	
-91.2554	-1.48403	174.119	0	
-90.7345	-2.19037	179.33	0	
-91.25	-0.727521	180.763	0	
-96.1611	-1.76841	179.441	0	
-95	-1.03479	181.849	0	
-101.25	-1.03479	181.277	0	
-100.922	-2.00504	176.54	0	
-65.2083	-2.01633	189.581	0	
-95.3277	-2.00504	172.381	0	
-137.5	-1.02905	201.078	0	
-135.734	-2.19037	203.075	0	
-151.04	-3.47677	206.257	0	
-118.787	-3.24559	196.544	0	
-122.411	-1.76841	199.241	0	
-121.25	-1.03479	192.765	0	
-127.5	-0.798148	184.673	0	
-128.229	-2.1669	211.768	0	
-113.958	-2.01633	182.043	0	
-121.578	-2.00504	188.042	0	
-215.662	-27.8248	154.326	0	
-114.833	-3.79821	199.341	0	
-15	-1.02905	192.301	0	
-13.2345	-2.19037	199.594	0	
-21.2875	-3.24559	203.226	0	
11.5027	-2.80091	188.071	0	
-21.875	-0.36089	201.669	0	
-21.2554	-1.48403	198.673	0	
14.4944	-2.06993	182.693	0	
21.25	-0.798148	191.169	0	
16.4583	-2.01633	179.769	0	
17.5	-1.09967	176.281	0	
13.125	-0.366631	165.642	0	
13.6611	-1.76841	174.853	0	
5.625	-0.36089	163.323	0	
6.24459	-1.48403	176.091	0	
6.76554	-2.19037	190.466	0	
6.25	-0.727521	182.488	0	
1.33895	-1.76841	190.327	0	
2.5	-1.03479	193.09	0	
-3.75	-1.03479	199.375	0	
-3.42228	-2.00504	200.833	0	
32.2917	-2.01633	211.382	0	
2.17228	-2.00504	186.641	0	
-40	-1.02905	190.981	0	
-38.2345	-2.19037	192.942	0	
-45.2083	-2.72654	196.107	0	
-32.3447	-3.05088	204.821	0	
-24.9111	-1.76841	200.053	0	
-23.75	-1.03479	198.86	0	
-30	-0.798148	184.984	0	
-30.7293	-2.1669	201.66	0	
-16.4583	-2.01633	196.311	0	
-24.0777	-2.00504	192.13	0	
-55.2083	-2.01633	185.507	0	
-46.4583	-2.01633	187.463	0	
-63.3387	-1.78555	189.498	0	
-63.4751	-2.84652	191.959	0	
-71.25	-1.02905	183.182	0	
-69.4845	-2.19037	190.392	0	
-72.7083	-2.01633	187.771	0	
-100.61	-4.06799	187.956	0	
-78.125	-0.36089	180.757	0	
-77.5054	-1.48403	180.374	0	
115.369	-3.06027	193.062	0	
118.75	-0.798148	195.793	0	
113.006	-2.06993	187.075	0	
114.375	-0.366631	182.282	0	
109.375	-0.366631	175.073	0	
109.911	-1.76841	184.268	0	
101.875	-0.36089	174.875	0	
102.495	-1.48403	177.573	0	
103.016	-2.19037	188.059	0	
102.5	-0.727521	191.955	0	
97.5889	-1.76841	191.044	0	
98.75	-1.03479	187.366	0	
92.5	-1.03479	189.727	0	
92.8277	-2.00504	196.808	0	
84.4793	-2.1669	197.489	0	
84.8406	-3.16789	198.755	0	
81.25	-1.02905	215.908	0	
83.0155	-2.19037	201.405	0	
74.9625	-3.24559	206.855	0	
132.463	-3.24559	204.135	0	
74.375	-0.36089	231.029	0	
74.9946	-1.48403	220.466	0	
71.3389	-1.76841	222.358	0	
72.5	-1.03479	217.849	0	
66.25	-1.03479	215.481	0	
66.5777	-2.00504	214.28	0	
60.7293	-2.1669	216.028	0	
79.7917	-2.01633	205.998	0	
57.5	-1.02905	199.893	0	
59.2655	-2.19037	213.915	0	
46.7473	-3.78292	225.916	0	
61.0894	-3.16569	219.316	0	
45.2527	-2.80091	217.152	0	
51.0417	-2.01633	206.332	0	
34.1613	-1.78555	210.975	0	
34.0249	-2.84652	209.324	0	
26.25	-1.02905	185.279	0	
28.0155	-2.19037	202.996	0	
-3.11018	-4.06799	196.042	0	
24.7917	-2.01633	196.166	0	
19.375	-0.36089	167.769	0	
19.9946	-1.48403	178.244	0	
151.25	-0.792406	211.024	0	
151.686	-2.07688	215.095	0	
143.14	-4.06799	203.063	0	
148.111	-4.06622	209.545	0	
144.494	-2.06993	204.799	0	
136.284	-3.07092	201.036	0	
141.042	-2.01633	199.439	0	
132.117	-5.94785	208.32	0	
131.661	-1.78555	204.996	0	
131.525	-2.84652	205.46	0	
123.75	-1.02905	193.972	0	
125.516	-2.19037	198.104	0	
93.1398	-4.06799	194.505	0	
122.292	-2.01633	201.041	0	
116.875	-0.36089	185.658	0	
117.495	-1.48403	190.464	0	
-112.089	-1.78555	185.31	0	
-112.225	-2.84652	182.545	0	
-120	-1.02905	174.366	0	
-118.234	-2.19037	191.615	0	
-138.118	-4.95711	219.894	0	
-123.957	-2.96011	198.907	0	
-85	-1.03479	176.875	0	
-84.6723	-2.00504	178.878	0	
-92.5	-0.792406	187.114	0	
-92.0644	-2.07688	188.841	0	
-111.287	-3.24559	187.921	0	
-103.125	-3.34884	205.424	0	
-99.2556	-2.06993	180.9	0	
-107.466	-3.07092	184.298	0	
-102.708	-2.01633	183.622	0	
-111.633	-5.94785	233.711	0	
-137.089	-1.78555	206.595	0	
-137.225	-2.84652	198.739	0	
-125.471	-1.8473	205.606	0	
-136.746	-5.42835	237.253	0	
-73.5826	-3.79821	199.462	0	
-125.35	-2.73747	189.412	0	
-14.5887	-1.78555	200.645	0	
-14.7251	-2.84652	194.789	0	
-22.5	-1.02905	192.789	0	
-20.7345	-2.19037	198.086	0	
-40.618	-4.95711	225.636	0	
-26.457	-2.96011	209.229	0	
12.5	-1.03479	179.602	0	
12.8277	-2.00504	178.296	0	
5	-0.792406	191.546	0	
5.43557	-2.07688	194.143	0	
-13.7875	-3.24559	190.788	0	
-5.625	-3.34884	195.845	0	
-1.75561	-2.06993	198.728	0	
-9.9664	-3.07092	186.622	0	
-5.20833	-2.01633	197.142	0	
-14.1328	-5.94785	187.76	0	
-39.5887	-1.78555	192.937	0	
-39.7251	-2.84652	189.719	0	
-27.9709	-1.8473	207.345	0	
-39.2462	-5.42835	251.484	0	
-38.7875	-3.24559	209.468	0	
-27.8502	-2.73747	185.715	0	
-70.0375	-3.24559	193.636	0	
31.4174	-3.79821	198.701	0	
-70.8387	-1.78555	188.298	0	
-70.9751	-2.84652	190.214	0	
-78.75	-1.02905	175.996	0	
-76.9845	-2.19037	186.512	0	
-85.0446	-2.8545	186.433	0	
-81.5873	-2.94281	192.149	0	
113.839	-1.76841	186.777	0	
115	-1.03479	185.349	0	
108.75	-1.03479	184.088	0	
109.078	-2.00504	184.746	0	
101.25	-0.792406	187.438	0	
101.686	-2.07688	191.335	0	
82.4625	-3.24559	198.084	0	
90.625	-3.34884	199.901	0	
94.4944	-2.06993	192.483	0	
86.2836	-3.07092	192.567	0	
91.0417	-2.01633	194.343	0	
82.1172	-5.94785	196.62	0	
81.6613	-1.78555	204.329	0	
81.5249	-2.84652	202.649	0	
73.75	-1.02905	226.386	0	
75.5155	-2.19037	209.722	0	
58.7125	-3.24559	226.272	0	
56.1142	-5.74538	233.222	0	
68.2444	-2.06993	218.412	0	
52.9849	-8.22246	199.67	0	
58.2538	-5.42835	239.779	0	
68.2925	-4.4054	221.35	0	
57.9113	-1.78555	215.902	0	
57.7749	-2.84652	215.561	0	
27.4625	-3.24559	201.191	0	
111.856	-6.04794	194.19	0	
26.6613	-1.78555	199.219	0	
26.5249	-2.84652	197.384	0	
18.75	-1.02905	170.102	0	
20.5155	-2.19037	192.754	0	
12.4554	-2.8545	189.6	0	
15.9127	-2.94281	190.768	0	
151.066	-1.75189	212.337	0	
150.233	-2.05915	209.884	0	
124.963	-3.24559	199.364	0	
152.463	-3.24559	220.002	0	
124.161	-1.78555	197.886	0	
124.025	-2.84652	198.957	0	
116.25	-1.02905	186.19	0	
118.016	-2.19037	195.144	0	
117.463	-3.24559	198.402	0	
114.672	-2.00504	190.819	0	
-136.287	-3.24559	213.061	0	
-66.0826	-3.79821	204.851	0	
-119.589	-1.78555	196.857	0	
-119.725	-2.84652	185.181	0	
-87.8202	-2.91409	181.096	0	
-80.2083	-2.01633	185.192	0	
-92.684	-1.75189	171.72	0	
-93.5173	-2.05915	187.303	0	
-150.208	-2.01633	203.975	0	
-140.12	-4.31165	215.849	0	
-127.138	-1.54577	212.66	0	
-126.288	-3.13655	208.329	0	
-17.3326	-3.79821	197.867	0	
9.62811	-4.98343	201.954	0	
-22.0887	-1.78555	202.14	0	
-22.2251	-2.84652	193.724	0	
9.67981	-2.91409	190.533	0	
17.2917	-2.01633	182.346	0	
4.81598	-1.75189	179.502	0	
3.98265	-2.05915	191.405	0	
-43.9583	-3.47328	204.2	0	
-42.6197	-4.31165	221.158	0	
-29.6376	-1.54577	204.937	0	
-28.7878	-3.13655	212.297	0	
-83.4261	-3.92482	203.044	0	
-87.8719	-4.98343	206.634	0	
-78.3387	-1.78555	183.207	0	
-78.4751	-2.84652	186.548	0	
110.744	-2.06993	188.732	0	
108.705	-2.8545	190.429	0	
107.292	-2.01633	182.695	0	
105.93	-2.91409	187.987	0	
101.066	-1.75189	178.005	0	
100.233	-2.05915	189.839	0	
78.9174	-3.79821	206.188	0	
128.917	-3.79821	202.299	0	
74.1613	-1.78555	213.257	0	
74.0249	-2.84652	213.355	0	
53.5417	-3.47328	226.009	0	
54.8803	-4.31165	233.225	0	
23.9174	-3.79821	194.052	0	
6.21255	-3.24559	198.583	0	
19.1613	-1.78555	187.56	0	
19.0249	-2.84652	189.404	0	
146.906	-3.51902	203.917	0	
175.818	-8.94432	258.773	0	
112.679	-3.08731	193.776	0	
121.417	-3.79821	196.556	0	
116.661	-1.78555	193.315	0	
116.525	-2.84652	192.666	0	
-138.605	-3.88818	208.673	0	
-123.385	-4.48196	195.563	0	
-113.607	-3.89079	198.51	0	
-91.2875	-3.24559	200.657	0	
-128.58	-3.14785	187.823	0	
-139.774	-5.38006	223.223	0	
-41.1052	-3.88818	209.589	0	
-25.8847	-4.48196	204.372	0	
-16.1071	-3.89079	193.341	0	
19.9625	-3.24559	195.688	0	
-31.0796	-3.14785	192.223	0	
-42.2738	-5.38006	230.199	0	
-95.6393	-4.06622	185.517	0	
-77.5375	-3.24559	190.22	0	
76.5929	-4.23242	204.845	0	
102.463	-3.24559	192.682	0	
66.9495	-4.25718	222.118	0	
56.3948	-3.88818	229.098	0	
1.86074	-4.06622	193.918	0	
14.0739	-3.92482	199.338	0	
96.9055	-3.51902	192.562	0	
109.39	-4.06799	191.001	0	
41.0417	-2.72654	215.706	0	
40.2083	-2.72654	211.138	0	
-145.337	-2.94281	199.013	0	
-142.292	-3.47328	200.381	0	
-157.708	-1.16463	138.327	0	
-167.502	-5.81125	96.0274	0	
-151.458	-2.72654	207.924	0	
-149.747	-2.80091	198.588	0	
-155.26	-5.35468	193.563	0	
-153.958	-2.72654	194.689	0	
-47.8373	-2.94281	195.088	0	
-44.7917	-3.47328	199.072	0	
-53.9583	-2.72654	194.759	0	
-52.7083	-2.01633	187.746	0	
-51.2946	-2.8545	196.668	0	
-52.2473	-2.80091	192.753	0	
-60.2159	-3.06466	199.085	0	
-60.2085	-5.36053	234.22	0	
-67.7159	-3.06466	193.199	0	
-64.5113	-3.00667	193.528	0	
49.6627	-2.94281	213.176	0	
52.7083	-3.47328	229.84	0	
42.2917	-2.01633	218.701	0	
38.8316	-3.68836	209.365	0	
38.4298	-2.91409	215.45	0	
42.7083	-2.72654	214.857	0	
29.7841	-3.06466	192.719	0	
32.9887	-3.00667	200.758	0	
139.747	-2.80091	199.055	0	
141.503	-2.80091	200.724	0	
127.284	-3.06466	199.672	0	
130.489	-3.00667	202.038	0	
-116.466	-3.06466	188.213	0	
-113.261	-3.00667	187.456	0	
-88.9659	-3.06466	186.084	0	
-88.9594	-5.36183	230.555	0	
-104.003	-2.80091	176.837	0	
-102.247	-2.80091	177.403	0	
-141.458	-2.01633	199.583	0	
-138.261	-3.00667	203.079	0	
-144.94	-3.72538	204.861	0	
-141.042	-2.72654	197.162	0	
-18.9659	-3.06466	193.781	0	
-15.7613	-3.00667	195.304	0	
8.53409	-3.06466	193.773	0	
8.54056	-5.36183	202.58	0	
-6.50269	-2.80091	196.329	0	
-4.74731	-2.80091	200.395	0	
-43.9583	-2.01633	189.091	0	
-40.7613	-3.00667	195.003	0	
-47.44	-3.72538	205.001	0	
-43.5417	-2.72654	190.661	0	
-75.2159	-3.06466	187.611	0	
-72.0113	-3.00667	189.738	0	
104.784	-3.06466	188.42	0	
104.791	-5.36183	190.036	0	
89.7473	-2.80091	192.277	0	
91.5027	-2.80091	196.069	0	
77.2841	-3.06466	209.017	0	
80.4887	-3.00667	204.51	0	
53.5417	-2.01633	209.204	0	
56.7387	-3.00667	223.188	0	
50.06	-3.72538	230.654	0	
53.9583	-2.72654	221.839	0	
22.2841	-3.06466	187.781	0	
25.4887	-3.00667	193.173	0	
119.784	-3.06466	193.287	0	
122.989	-3.00667	195.19	0	
-82.7179	-2.99641	181.203	0	
-79.5113	-3.00667	183.775	0	
14.7821	-2.99641	188.575	0	
17.9887	-3.00667	190.707	0	
148.794	-2.85377	207.539	0	
151.549	-3.13784	216.049	0	
-94.9558	-2.85377	193.196	0	
-92.2008	-3.13784	177.004	0	
2.54418	-2.85377	197.934	0	
5.29924	-3.13784	190.513	0	
98.7942	-2.85377	193.652	0	
101.549	-3.13784	185.204	0	
47.8239	-3.92482	217.076	0	
52.2917	-2.72654	216.727	0	
-150.162	-3.55114	214.898	0	
-149.731	-4.40508	218.543	0	
-156.648	-3.04538	159.255	0	
-162.586	-7.77018	126.817	0	
-151.873	-3.97501	215.154	0	
-148.253	-3.78292	205.571	0	
-191.185	-10.7108	119.493	0	
-152.708	-3.47328	204.359	0	
-141.458	-3.47328	204.974	0	
-53.5398	-3.47677	199.123	0	
-52.2309	-4.40508	224.297	0	
-56.4583	-2.72654	192.859	0	
-52.6621	-3.55114	203.035	0	
-57.7232	-3.50081	197.208	0	
-50.7527	-3.78292	205.24	0	
-59.0702	-2.91409	190.614	0	
-58.6684	-3.68836	209.314	0	
-56.8899	-3.99904	215.099	0	
-55.2083	-3.47328	196.359	0	
-67.8478	-5.56717	220.883	0	
-64.264	-5.46522	242.2	0	
46.2054	-2.8545	213.888	0	
45.2691	-4.40508	223.036	0	
43.5417	-2.72654	215.504	0	
44.8379	-3.55114	216.333	0	
40.6101	-3.99904	212.739	0	
43.9602	-3.47677	218.861	0	
41.4583	-3.47328	216.058	0	
39.7768	-3.50081	217.237	0	
29.6522	-5.56717	200.316	0	
33.236	-5.46522	211.398	0	
139.063	-5.39772	203.482	0	
142.455	-2.8545	199.566	0	
138.11	-4.06799	200.747	0	
150.468	-3.59669	214.32	0	
127.152	-5.56717	204.391	0	
126.593	-4.23242	203.076	0	
-116.598	-5.56717	217.404	0	
-117.157	-4.23242	201.655	0	
-87.4178	-3.68916	200.945	0	
-84.5027	-3.78292	193.712	0	
-85.9952	-4.42757	210.401	0	
-81.1036	-3.83222	194.57	0	
-104.687	-5.39772	234.684	0	
-101.295	-2.8545	189.558	0	
-105.64	-4.06799	189.416	0	
-93.2818	-3.59669	215.285	0	
-143.978	-3.50911	205.404	0	
-140.208	-2.72654	202.698	0	
-143.564	-4.19254	210.221	0	
-139.719	-3.60804	203.475	0	
-19.0978	-5.56717	213.195	0	
-19.6571	-4.23242	205.746	0	
10.0822	-3.68916	197.724	0	
12.9973	-3.78292	195.616	0	
11.5048	-4.42757	200.964	0	
16.3964	-3.83222	196.579	0	
-7.1871	-5.39772	194.764	0	
-3.79459	-2.8545	196.377	0	
-8.13982	-4.06799	181.894	0	
4.21822	-3.59669	202.639	0	
-46.4777	-3.50911	205.285	0	
-42.7083	-2.72654	199.441	0	
-46.0637	-4.19254	213.098	0	
-42.2189	-3.60804	199.871	0	
-75.3478	-5.56717	215.338	0	
-79.2613	-5.47929	232.983	0	
106.332	-3.68916	190.623	0	
111.252	-3.08731	190.327	0	
105.878	-4.98343	192.477	0	
107.322	-3.57598	191.009	0	
89.0629	-5.39772	208.209	0	
92.4554	-2.8545	193.746	0	
88.1102	-4.06799	188.649	0	
100.468	-3.59669	196.102	0	
77.1522	-5.56717	213.745	0	
73.1505	-5.31383	214.997	0	
51.0223	-3.50911	224.914	0	
54.7917	-2.72654	218.968	0	
51.4363	-4.19254	234.952	0	
55.2811	-3.60804	230.34	0	
22.1522	-5.56717	198.82	0	
18.2387	-5.47929	202.231	0	
119.652	-5.56717	198.167	0	
120.831	-5.28353	205.32	0	
-86.4282	-3.57598	192.939	0	
-89.651	-4.21812	200.607	0	
11.0718	-3.57598	195.62	0	
7.84897	-4.21812	199.919	0	
145.626	-4.43041	205.523	0	
140.625	-4.73217	201.734	0	
-98.124	-4.43041	202.203	0	
-103.125	-4.73217	189.809	0	
-0.624027	-4.43041	201.817	0	
-5.625	-4.73217	185.24	0	
95.626	-4.43041	195.951	0	
90.625	-4.73217	190.399	0	
-152.334	-5.62943	223.097	0	
-147.176	-3.92482	220.555	0	
-153.965	-4.16242	199.057	0	
-83.4597	-6.17559	251.051	0	
-155.246	-3.54331	180.353	0	
-154.836	-4.23245	189.017	0	
-153.453	-5.20944	206.153	0	
-148.774	-4.58327	229.415	0	
-82.8931	-5.00841	212.957	0	
-49.6761	-3.92482	217.151	0	
-54.3731	-3.97501	214.465	0	
14.0403	-6.17559	207.972	0	
-60.9011	-4.21822	208.586	0	
-54.3047	-5.11624	231.307	0	
-59.1215	-4.98124	223.85	0	
-55.5387	-5.90518	244.422	0	
14.6069	-5.00841	200.56	0	
115.662	-5.33933	197.994	0	
36.5989	-4.21822	216.284	0	
38.3785	-4.98124	224.175	0	
42.2917	-3.47328	217.06	0	
40.628	-5.06466	227.941	0	
41.9613	-5.90518	215.671	0	
43.1269	-3.97501	218.803	0	
130.143	-3.89079	205.844	0	
182.973	-1.7361	259.808	0	
128.331	-5.28353	206.628	0	
142.187	-5.39772	204.143	0	
-96.8445	-3.51902	190.138	0	
-94.973	-5.11846	241.97	0	
-150.329	-5.21478	227.3	0	
-64.8571	-3.89079	207.128	0	
-154.177	-7.51666	219.81	0	
-44.707	-5.1949	230.683	0	
-146.477	-5.20289	220.336	0	
-142.711	-4.15672	214.761	0	
-148.323	-5.70833	227.383	0	
-141.026	-4.17689	211.414	0	
-145.313	-5.59213	247.029	0	
-142.015	-8.22246	287.787	0	
0.655509	-3.51902	196.952	0	
2.52695	-5.11846	207.688	0	
-51.2742	-4.58327	227.211	0	
32.6429	-3.89079	208.88	0	
-41.3858	-5.74538	259.882	0	
82.8784	-4.52398	202.17	0	
-48.9766	-5.20289	227.629	0	
-45.211	-4.15672	218.605	0	
-50.8234	-5.70833	238.488	0	
-43.5258	-4.17689	214.031	0	
-47.8132	-5.59213	253.976	0	
-44.5151	-8.22246	318.841	0	
98.777	-5.11846	199.416	0	
109.178	-6.60412	191.994	0	
104.099	-4.21812	191.94	0	
107.793	-4.50658	192.399	0	
43.1953	-5.11624	228.893	0	
52.793	-5.1949	239.312	0	
62.5324	-3.06872	220.801	0	
98.1107	-4.06622	187.241	0	
48.5234	-5.20289	239.172	0	
52.289	-4.15672	233.518	0	
46.6766	-5.70833	234.39	0	
53.9742	-4.17689	236.307	0	
46.2258	-4.58327	217.085	0	
55.2262	-5.38006	245.574	0	
-85.0224	-4.58092	216.802	0	
-84.5124	-5.89001	232.806	0	
12.4776	-4.58092	202.959	0	
12.9876	-5.89001	202.223	0	
-156.277	-5.20944	169.494	0	
-142.207	-5.1949	224.056	0	
-157.69	-2.6252	145.987	0	
-172.708	-13.7022	114.484	0	
-154.294	-6.05848	204.389	0	
-74.1691	-5.28353	230.977	0	
-174.419	-18.3249	133.463	0	
-52.1302	-6.3947	274.414	0	
-56.872	-5.06466	229.489	0	
-53.0402	-5.47194	231.562	0	
-110.872	-4.52398	203.313	0	
23.3309	-5.28353	204.314	0	
-13.3716	-4.52398	191.806	0	
108.908	-4.945	196.805	0	
44.4598	-5.47194	227.249	0	
49.6868	-5.59213	227.777	0	
130.736	-5.46522	206.762	0	
135.406	-8.75328	210.858	0	
-138.886	-5.74538	243.425	0	
-143.191	-7.03622	267.998	0	
-91.7489	-6.89898	266.571	0	
-92.1496	-5.26597	250.315	0	
-147.102	-6.18605	256.791	0	
-126.517	-4.32001	198.585	0	
-144.901	-4.79453	216.282	0	
-143.942	-5.03664	224.948	0	
-144.543	-7.10465	249.513	0	
-143.002	-5.76581	235.675	0	
-146.668	-7.76797	258.231	0	
-130.669	-4.37754	189.011	0	
-141.355	-5.21507	222.083	0	
-140.593	-6.0103	245.14	0	
-29.0174	-4.32001	215.384	0	
45.3698	-6.3947	207.553	0	
5.75113	-6.89898	190.895	0	
5.35038	-5.26597	204.269	0	
-65.5474	-6.44535	249.875	0	
-49.6024	-6.18605	265.44	0	
-47.4014	-4.79453	222.004	0	
-46.4417	-5.03664	229.741	0	
-47.0429	-7.10465	268.665	0	
-45.5017	-5.76581	248.943	0	
-49.1682	-7.76797	283.442	0	
-33.1694	-4.37754	198.92	0	
-43.8551	-5.21507	229.384	0	
-43.0926	-6.0103	261.93	0	
70.9983	-4.16217	213.792	0	
132.878	-4.52398	205.084	0	
106.877	-5.50143	193.041	0	
107.622	-6.93342	196.107	0	
98.3176	-7.15932	181.033	0	
101.6	-5.26597	195.84	0	
31.9526	-6.44535	213.441	0	
47.8976	-6.18605	216.235	0	
50.0986	-4.79453	236.481	0	
51.0583	-5.03664	235.331	0	
50.4571	-7.10465	231.349	0	
51.9983	-5.76581	236.686	0	
48.3318	-7.76797	226.304	0	
66.1611	-2.93321	217.594	0	
53.6449	-5.21507	243.787	0	
54.4074	-6.0103	230.829	0	
-86.9104	-5.42242	233.667	0	
-85.925	-6.50437	263.056	0	
10.5896	-5.42242	203.209	0	
11.575	-6.50437	206.585	0	
-151.678	-7.28627	237.869	0	
-149.419	-6.13754	247.538	0	
-62.2642	-6.91889	278.843	0	
-45.691	-7.03622	282.588	0	
35.2358	-6.91889	217.611	0	
51.809	-7.03622	230.526	0	
-159.418	-5.09998	135.286	0	
-115.419	-5.28353	209.278	0	
-150.027	-7.43868	252.818	0	
-113.014	-5.46522	213.638	0	
-135.879	-4.50999	195.677	0	
-127.822	-4.41078	212.833	0	
-60.8105	-6.63734	260.971	0	
-17.9191	-5.28353	203.737	0	
-54.0799	-8.70786	325.661	0	
-41.8296	-8.37487	342.171	0	
-38.3792	-4.50999	199.372	0	
-30.3219	-4.41078	218.736	0	
36.6895	-6.63734	225.998	0	
64.1709	-9.10125	171.675	0	
43.4201	-8.70786	186.11	0	
80.736	-5.46522	208.029	0	
65.625	-5.27905	214.352	0	
56.882	-4.95711	239.416	0	
-95.4324	-7.15932	259.229	0	
-145.272	-8.29733	308.772	0	
2.06757	-7.15932	179.085	0	
-15.514	-5.46522	202.611	0	
150.157	-4.6597	216.871	0	
158.883	-2.50461	247.289	0	
-133.429	-3.7302	183.643	0	
-140.644	-7.56208	267.512	0	
-35.9287	-3.7302	184.325	0	
-43.1439	-7.56208	285.084	0	
64.3005	-4.25718	226.477	0	
70.182	-3.08143	216.042	0	
-163.828	-1.26356	106.114	0	
-161.384	-5.37393	122.315	0	
102.001	-6.89898	183.323	0	
156.615	-8.65111	239.326	0	
-152.68	-8.32445	232.212	0	
-116.856	-9.69507	331.276	0	
-138.39	-7.18841	254.752	0	
-136.875	-6.99919	269.203	0	
-40.8903	-7.18841	272.811	0	
-39.375	-6.99919	294.854	0	
61.6412	-5.44334	219.594	0	
59.1208	-4.50999	231.808	0	
-82.5848	-7.52916	288.171	0	
-79.8609	-3.89608	204.381	0	
14.9152	-7.52916	201.206	0	
17.6391	-3.89608	200.076	0	
157.5	-0.496475	244.56	0	
158.137	-3.45571	244.412	0	
58.125	-6.99919	230.809	0	
80.1429	-3.89079	200.339	0	
59.6698	-8.44515	203.534	0	
61.6464	-7.44458	249.974	0	
-165.21	-0.654241	99.6672	0	
-168.752	-1.0755	96.1263	0	
-144.58	-10.5411	313.126	0	
-139.33	-8.37487	306.277	0	
-130.155	-5.65761	240.894	0	
-131.986	-3.63323	214.56	0	
-47.772	-8.29733	332.964	0	
-19.3558	-9.69507	308.542	0	
-32.6553	-5.65761	262.117	0	
-34.4857	-3.63323	210.713	0	
56.6097	-7.18841	239.749	0	
54.3561	-7.56208	235.786	0	
49.728	-8.29733	184.662	0	
55.6704	-8.37487	191.064	0	
-159.875	-1.43189	133.891	0	
-159.023	-2.89246	129.861	0	
156.838	-2.74918	241.101	0	
158.625	-1.12992	249.241	0	
142.731	-7.46803	207.923	0	
176.853	-1.43582	261.713	0	
-68.4071	-4.23242	211.284	0	
-66.6691	-5.28353	228.204	0	
-75.4167	-10.3326	380.283	0	
-59.8646	-8.3096	299.371	0	
-72.3571	-3.89079	203.412	0	
-69.2262	-6.72899	281.378	0	
29.0929	-4.23242	205.895	0	
30.8309	-5.28353	210.104	0	
22.0833	-10.3326	206.812	0	
37.6354	-8.3096	219.14	0	
25.1429	-3.89079	200.99	0	
28.2738	-6.72899	209.155	0	
122.643	-3.89079	202.53	0	
129.453	-6.44535	208.794	0	
121.742	-9.23105	216.564	0	
161.145	-8.54365	248.636	0	
127.477	-10.2966	214.423	0	
190.319	-2.08076	256.643	0	
-118.505	-7.54588	293.364	0	
-114.297	-6.44535	255.612	0	
-89.8332	-7.08742	282.476	0	
-101.019	-7.46803	249.863	0	
-117.858	-6.4267	228.724	0	
-140.887	-12.3828	366.739	0	
-21.0052	-7.54588	284.86	0	
-16.7974	-6.44535	221.58	0	
7.66684	-7.08742	199.698	0	
-3.51913	-7.46803	181.443	0	
-20.3582	-6.4267	233.634	0	
-43.3872	-12.3828	412.875	0	
-75.9071	-4.23242	210.105	0	
-73.0474	-6.44535	245.945	0	
-69.2388	-9.20929	349.578	0	
-71.764	-5.46522	234.513	0	
-76.7196	-6.73778	283.475	0	
-77.2148	-8.98906	364.073	0	
78.3309	-5.28353	206.005	0	
79.4526	-6.44535	210.964	0	
92.1871	-5.39772	196.756	0	
92.7309	-7.46803	192.514	0	
74.5596	-5.40086	209.712	0	
78.9296	-9.08967	227.504	0	
21.5929	-4.23242	202.266	0	
24.4526	-6.44535	202.786	0	
28.2612	-9.20929	219.162	0	
25.736	-5.46522	200.763	0	
20.7804	-6.73778	204.265	0	
20.2852	-8.98906	204.143	0	
119.093	-4.23242	202.815	0	
121.953	-6.44535	205.801	0	
125.774	-6.72899	206.046	0	
123.236	-5.46522	202.883	0	
117.071	-5.42633	205.028	0	
119.463	-9.6316	208.357	0	
-81.7013	-4.9694	227.131	0	
-80.556	-6.11128	239.135	0	
-80.8729	-7.50385	301.662	0	
-79.3782	-9.53722	367.264	0	
15.7987	-4.9694	204.386	0	
16.944	-6.11128	204.994	0	
16.6271	-7.50385	206.443	0	
18.1218	-9.53722	195.771	0	
110.83	-7.47425	206.001	0	
113.496	-4.16808	194.357	0	
-62.1755	-4.31081	223.728	0	
-62.9367	-5.73467	229.005	0	
35.3245	-4.31081	208.82	0	
34.5633	-5.73467	218.71	0	
103.261	-12.2612	203.212	0	
182.587	-9.32682	257.826	0	
-90.9255	-4.31071	197.276	0	
-93.5926	-4.6597	194.08	0	
-98.7859	-7.04865	246.765	0	
-101.563	-5.39772	233.588	0	
6.5745	-4.31071	199.38	0	
3.9074	-4.6597	194.703	0	
-1.2859	-7.04865	177.539	0	
-4.0629	-5.39772	188.958	0	
102.825	-4.31071	188.877	0	
100.157	-4.6597	185.739	0	
94.9641	-7.04865	183.974	0	
103.917	-7.08742	193.084	0	
-152.611	-10.7469	261.393	0	
-57.0477	-8.8546	319.078	0	
-120.785	-10.9617	390.978	0	
-47.0799	-10.5411	355.12	0	
-55.5733	-7.64358	285.361	0	
40.4523	-8.8546	204.756	0	
-60.6604	-12.2385	387.494	0	
50.4201	-10.5411	172.314	0	
-23.2851	-10.9617	398.225	0	
76.754	-9.39498	236.878	0	
36.8396	-12.2385	192.618	0	
104.806	-9.69773	191.714	0	
-128.573	-5.59388	222.494	0	
-119.075	-5.44657	222.676	0	
-31.0728	-5.59388	251.857	0	
-21.5748	-5.44657	231.163	0	
68.7541	-3.08143	214.347	0	
69.7027	-6.04201	221.223	0	
-173.002	-1.19333	96.1793	0	
-162.298	-3.27925	115.686	0	
-134.862	-8.42353	302.196	0	
-132.922	-7.42565	256.625	0	
-37.3619	-8.42353	342.881	0	
-35.4215	-7.42565	284.716	0	
156.942	-6.29348	237.05	0	
167.502	-1.68071	259.97	0	
144.964	-7.04865	208.409	0	
194.592	-4.57815	254.94	0	
-69.6816	-4.325	219.966	0	
-70.4428	-5.74886	220.628	0	
27.8184	-4.325	198.266	0	
27.0572	-5.74886	204.623	0	
125.318	-4.325	201.608	0	
124.557	-5.74886	205.856	0	
133.174	-8.16642	211.587	0	
135.504	-5.34905	203.373	0	
-118.432	-4.325	202.369	0	
-121.558	-4.58212	190.476	0	
-110.576	-8.16642	307.193	0	
-108.246	-5.34905	215.616	0	
-20.9316	-4.325	206.407	0	
-24.0584	-4.58212	207.453	0	
-13.0757	-8.16642	237.774	0	
-10.746	-5.34905	176.124	0	
-77.1816	-4.325	216.91	0	
-77.9362	-5.75765	225.675	0	
75.3184	-4.325	211.091	0	
72.4356	-4.14101	213.559	0	
83.1743	-8.16642	231.983	0	
85.504	-5.34905	190.323	0	
20.3184	-4.325	199.148	0	
19.5638	-5.75765	205.867	0	
117.818	-4.325	195.157	0	
114.936	-4.14103	197.856	0	
-88.9774	-8.66503	339.46	0	
-86.6041	-8.13534	347.694	0	
8.52255	-8.66503	199.621	0	
10.8959	-8.13534	196.364	0	
112.168	-10.3069	196.547	0	
118.495	-7.12954	213.4	0	
113.238	-5.91521	200.248	0	
115.419	-7.77759	205.602	0	
-64.8214	-8.68669	331.687	0	
-62.8655	-8.89079	300.101	0	
32.6786	-8.68669	222.329	0	
34.6345	-8.89079	225.31	0	
-61.1145	-9.89368	344.78	0	
-90.0051	-12.6851	500.173	0	
-26.6509	-8.94098	349.932	0	
7.49494	-12.6851	191.019	0	
46.941	-8.79126	174.669	0	
129.242	-9.23105	216.837	0	
54.1128	-12.3828	101.456	0	
76.0981	-7.0343	211.944	0	
70.9806	-5.79877	221.803	0	
73.2508	-7.54635	204.138	0	
-166.079	-8.06741	117.957	0	
-157.675	-6.42851	156	0	
150.595	-7.57725	224.016	0	
198.713	-12.5666	250.626	0	
-124.151	-8.94098	316.509	0	
-114.508	-9.23105	330.309	0	
-50.559	-8.79126	327.413	0	
-17.0079	-9.23105	277.885	0	
98.2113	-13.5521	205.425	0	
160.378	-5.98324	249.344	0	
-93.6512	-8.33358	344.164	0	
41.9267	-7.64358	229.792	0	
3.84876	-8.33358	201.758	0	
58.5709	-11.1429	145.766	0	
70.3765	-10.677	181.992	0	
68.9954	-8.27657	231.697	0	
92.8279	-13.8833	237.988	0	
215.861	-6.59265	244.685	0	
114.588	-6.63488	199.125	0	
117.188	-6.89612	198.466	0	
-142.675	-10.5347	354.065	0	
36.3855	-9.89368	218.313	0	
15.0411	-11.9339	187.967	0	
100.099	-8.33358	198.433	0	
72.3164	-6.49884	222.861	0	
74.78	-6.77541	223.556	0	
-125.008	-5.44279	227.975	0	
-129.35	-9.00121	332.744	0	
-27.5075	-5.44279	252.56	0	
-31.85	-9.00121	381.814	0	
136.3	-6.99449	207.66	0	
148.318	-7.15932	213.722	0	
134.209	-4.53464	204.05	0	
136.849	-4.28441	202.085	0	
-108.344	-8.75328	312.816	0	
-107.45	-6.99449	270.227	0	
-109.541	-4.53464	192.58	0	
-106.901	-4.28441	197.294	0	
-10.8444	-8.75328	181.499	0	
-9.9496	-6.99449	207.615	0	
-12.0407	-4.53464	186.764	0	
-9.40082	-4.28441	193.481	0	
85.4056	-8.75328	194.042	0	
81.2702	-10.3281	208.602	0	
84.2093	-4.53464	195.813	0	
86.8492	-4.28441	203.074	0	
-58.1585	-5.8593	250.463	0	
-58.2996	-7.91085	279.693	0	
39.3415	-5.8593	215.4	0	
39.2004	-7.91085	234.652	0	
-153.991	-11.7103	243.13	0	
-155.613	-8.50548	195.497	0	
60.4506	-4.51844	235.843	0	
62.9939	-4.39269	227.821	0	
-178.103	-1.44749	97.9715	0	
-173.839	-5.64205	98.6867	0	
-131.055	-7.65507	269.642	0	
-127.759	-7.52237	255.126	0	
-33.5546	-7.65507	312.083	0	
-30.2592	-7.52237	293.677	0	
-125.498	-7.46205	252.843	0	
-83.3496	-9.59591	417.576	0	
-27.9984	-7.46205	304.278	0	
14.1504	-9.59591	200.028	0	
86.3004	-6.99449	223.863	0	
150.055	-12.7198	224.484	0	
-120.728	-5.80066	230.393	0	
-120.68	-7.33391	252.312	0	
-23.2279	-5.80066	240.262	0	
-23.1798	-7.33391	269.237	0	
72.7416	-9.79585	239.086	0	
159.171	-10.2877	242.375	0	
-54.5306	-11.2795	354.369	0	
-52.3001	-7.89572	287.907	0	
42.9694	-11.2795	194.159	0	
45.1999	-7.89572	230.959	0	
-138.913	-10.8834	349.578	0	
-82.4589	-11.9339	453.766	0	
-45.1748	-10.5347	379.738	0	
-41.4132	-10.8834	380.573	0	
-135.961	-11.1213	384.964	0	
-121.786	-8.55513	330.519	0	
-38.4607	-11.1213	430.928	0	
-24.2856	-8.55513	360.221	0	
52.3252	-10.5347	152.872	0	
56.0868	-10.8834	178.888	0	
-150.634	-12.2646	308.262	0	
-118.03	-11.8896	448.409	0	
-73.2205	-8.73643	349.726	0	
-3.42296	-13.8421	235.806	0	
24.2795	-8.73643	210.107	0	
140.145	-11.4398	216.076	0	
-85.9091	-14.035	554.741	0	
-66.535	-10.5118	373.069	0	
11.5909	-14.035	179.568	0	
30.965	-10.5118	231.953	0	
-97.4745	-8.42323	341.723	0	
-112.167	-10.4695	375.58	0	
0.0255294	-8.42323	199.392	0	
-14.6674	-10.4695	240.689	0	
-164.41	-13.599	145.393	0	
-187.785	-3.81496	112.909	0	
74.9266	-11.3856	182.089	0	
65.2154	-13.6039	140.85	0	
146.276	-8.42323	214.429	0	
129.263	-24.2646	206.784	0	
114.751	-10.3233	207.784	0	
71.4242	-17.4153	79.6953	0	
-134.098	-13.8532	457.308	0	
-97.9517	-12.0229	461.317	0	
-36.5975	-13.8532	487.721	0	
-0.451702	-12.0229	157.909	0	
90.1455	-11.4398	187.738	0	
96.2755	-8.42323	202.998	0	
-56.6144	-11.5018	363.725	0	
-50.5379	-10.963	364.378	0	
40.8856	-11.5018	174.037	0	
46.9621	-10.963	160.894	0	
-148.571	-10.8319	299.252	0	
-48.1756	-15.7705	424.744	0	
-154.889	-14.3905	254.896	0	
-147.97	-17.6816	402.854	0	
-48.4549	-12.1835	408.08	0	
-45.013	-15.9763	467.475	0	
49.0451	-12.1835	105.073	0	
131.583	-10.4695	216.339	0	
-159.3	-10.3101	168.753	0	
-155.495	-10.2766	214.001	0	
54.7007	-19.2086	25.1538	0	
125.71	-8.44973	216.351	0	
-100.923	-13.8421	574.057	0	
49.3244	-15.7705	83.2667	0	
10.7483	-12.069	192.57	0	
128.01	-15.8868	216.803	0	
-150.446	-24.58	420.303	0	
-157.754	-11.6412	207.686	0	
-157.617	-14.2078	213.854	0	
-167.607	-12.1717	120.552	0	
-142.499	-15.3422	456.184	0	
163.886	-7.81396	256.185	0	
174.226	-2.69569	262.311	0	
118.732	-15.6842	210.824	0	
142.828	-13.8833	212.634	0	
-86.6409	-16.373	595.702	0	
-65.7541	-13.472	433.689	0	
10.8591	-16.373	188.903	0	
31.7459	-13.472	201.508	0	
-184.223	-1.73373	103.01	0	
-161.745	-10.4642	142.773	0	
-105.152	-7.25958	249.671	0	
-111.405	-13.4554	503.347	0	
-7.65167	-7.25958	169.856	0	
-13.9051	-13.4554	327.7	0	
88.5983	-7.25958	187.705	0	
81.7838	-13.563	249.288	0	
138.598	-7.25958	206.344	0	
131.153	-14.6103	217.591	0	
-130.23	-12.4755	421.351	0	
-125.008	-12.0914	413.387	0	
-32.73	-12.4755	483.549	0	
-27.5081	-12.0914	463.65	0	
-78.8414	-14.5362	526.45	0	
-71.2546	-10.6507	390.027	0	
18.6586	-14.5362	190.215	0	
26.2454	-10.6507	211.13	0	
-92.6578	-11.3921	465.892	0	
-85.4292	-10.045	381.582	0	
4.84222	-11.3921	163.158	0	
12.0708	-10.045	190.713	0	
137.145	-11.7939	212.562	0	
140.704	-8.66433	208.482	0	
117.489	-11.9439	224.696	0	
126.674	-12.8115	219.816	0	
-106.605	-11.7939	424.434	0	
-103.046	-8.66433	352.838	0	
-145.757	-15.2052	368.61	0	
-103.605	-11.4398	447.222	0	
-9.10523	-11.7939	242.651	0	
-5.5458	-8.66433	207.355	0	
-20.5299	-11.8896	396.097	0	
-6.10455	-11.4398	172.009	0	
87.1448	-11.7939	248.944	0	
90.7042	-8.66433	224.599	0	
-52.7296	-12.6391	401.129	0	
-51.3189	-16.133	431.113	0	
44.7704	-12.6391	100.736	0	
46.1811	-16.133	73.3215	0	
66.2607	-7.66183	241.667	0	
61.592	-14.645	64.7185	0	
39.4104	-13.2995	152.769	0	
145.799	-12.064	219.104	0	
-58.0896	-13.2995	412.004	0	
-86.7517	-12.069	458.705	0	
-76.2221	-13.5164	502.054	0	
2.5838	-13.8175	195.521	0	
-94.9162	-13.8175	559.745	0	
-80.1994	-11.9005	473.327	0	
-57.6835	-17.1843	439.946	0	
17.3006	-11.9005	201.623	0	
95.7992	-12.064	181.201	0	
142.263	-32.8139	208.486	0	
123.657	-10.3857	216.867	0	
124.174	-12.8115	217.126	0	
-116.81	-16.0011	535.116	0	
-106.911	-18.7727	659.005	0	
-122.648	-13.347	466.003	0	
-120.289	-17.0036	610.585	0	
-19.3105	-16.0011	446.661	0	
-9.41138	-18.7727	321.31	0	
-25.1485	-13.347	458.873	0	
-22.7891	-17.0036	495.651	0	
21.2779	-13.5164	199.911	0	
52.487	-15.9763	52.2863	0	
-88.8748	-11.0032	453.038	0	
-88.6138	-16.0889	620.962	0	
8.62524	-11.0032	174.745	0	
8.88623	-16.0889	177.602	0	
100.469	-11.0855	187.094	0	
122.403	-15.8868	221.08	0	
-102.761	-18.776	685.3	0	
39.8165	-17.1843	117.584	0	
-30.5151	-14.406	525.199	0	
68.6863	-14.565	163.758	0	
-84.2433	-18.71	676.883	0	
-83.6959	-14.349	561.756	0	
13.2567	-18.71	195.577	0	
13.8041	-14.349	193.795	0	
-128.015	-14.406	519.984	0	
-1.46149	-20.9398	277.123	0	
-82.3706	-17.1144	594.252	0	
-77.1404	-18.8236	592.51	0	
-34.8448	-22.1714	523.438	0	
103.857	-15.3762	191.199	0	
15.1294	-17.1144	182.695	0	
20.3596	-18.8236	196.386	0	
-71.9341	-14.5113	492.035	0	
-62.81	-14.1067	429.307	0	
25.5659	-14.5113	205.838	0	
34.69	-14.1067	190.194	0	
-170.722	-5.27006	98.2906	0	
-175.476	-2.64081	95.6914	0	
166.993	-9.3581	252.473	0	
179.821	-3.17192	260.63	0	
-191.569	-2.08123	111.798	0	
-180.704	-8.04338	99.4135	0	
-53.6684	-18.9989	458.435	0	
-5.26069	-18.776	220.421	0	
43.8316	-18.9989	35.5921	0	
133.843	-20.6746	212.249	0	
-108.074	-14.1929	566.531	0	
-94.0883	-17.8006	662.598	0	
-10.5743	-14.1929	262.001	0	
3.41174	-17.8006	182.239	0	
134.484	-15.3478	216.423	0	
159.298	-32.6901	224.441	0	
75.2994	-15.1171	207.408	0	
125.206	-18.1807	217.195	0	
110.084	-14.9563	196.824	0	
167.645	-28.0136	243.293	0	
85.4271	-14.4419	192.983	0	
44.9695	-27.6829	19.3165	0	
-76.3835	-22.9609	690.058	0	
-62.2534	-16.8341	467.36	0	
21.1165	-22.9609	160.643	0	
35.2466	-16.8341	140.943	0	
-69.1374	-16.0301	498.686	0	
-59.6977	-18.8508	472.136	0	
28.3626	-16.0301	201.929	0	
37.8023	-18.8508	95.0879	0	
-181.071	-3.18122	105.045	0	
-176.1	-9.31089	104.345	0	
170.302	-6.68287	261.074	0	
173.419	-6.43797	261.056	0	
159.128	-14.7127	239.857	0	
164.209	-14.5128	253.523	0	
-98.9615	-20.9398	758.448	0	
12.9924	-23.3158	185.246	0	
7.06144	-18.779	200.277	0	
117.677	-21.7369	200.768	0	
-79.7755	-17.335	598.723	0	
-74.7054	-15.7809	527.288	0	
17.7245	-17.335	191.918	0	
22.7946	-15.7809	194.498	0	
152.809	-9.49693	225.249	0	
153.817	-16.299	225.533	0	
-153.202	-17.3239	311.111	0	
-150.327	-16.1614	313.465	0	
-163.68	-16.5656	172.312	0	
-63.8837	-22.4837	517.145	0	
-146.558	-22.1446	409.223	0	
-142.549	-22.4698	532.793	0	
39.5095	-26.6887	43.0143	0	
91.2651	-19.3404	174.691	0	
-128.039	-20.2596	643.405	0	
-84.5076	-23.3158	729.155	0	
-57.9905	-26.6887	494.432	0	
33.6163	-22.4837	100.204	0	
-187.588	-7.89551	107.639	0	
-195.842	-4.57853	120.776	0	
100.778	-19.5012	183.555	0	
106.939	-9.51808	192.399	0	
-192.842	-29.1807	136.414	0	
-183.66	-10.6764	114.671	0	
179.592	-6.93814	260.393	0	
186.535	-3.81686	258.819	0	
-68.6736	-19.0863	547.097	0	
-64.7337	-19.2556	513.405	0	
28.8264	-19.0863	153.952	0	
32.7663	-19.2556	142.211	0	
112.986	-17.0898	207.545	0	
121.254	-28.2149	188.442	0	
-158.754	-20.6094	236.785	0	
37.0231	-22.4901	90.4379	0	
25.497	-23.4473	183.721	0	
121.097	-23.8369	208.395	0	
100.41	-16.4657	211.321	0	
109.833	-12.0214	213.752	0	
-90.4386	-18.779	695.7	0	
-72.003	-23.4473	600.204	0	
-52.4633	-27.7169	487.649	0	
-60.4769	-22.4901	513.752	0	
105.849	-22.2944	207.039	0	
106.839	-16.4118	211.574	0	
-70.3526	-26.6553	622.098	0	
52.9428	-24.0743	16.15	0	
-25.1725	-21.6016	545.912	0	
95.6087	-22.0749	223.576	0	
31.3268	-25.5223	113.605	0	
125.206	-21.9293	205.699	0	
108.462	-20.2945	193.563	0	
116.562	-17.9116	218.597	0	
111.958	-20.6901	206.35	0	
114.531	-23.4196	205.43	0	
71.0304	-23.2096	81.0461	0	
141.707	-19.6086	219.015	0	
-113.695	-16.8815	618.868	0	
-110.638	-20.7638	750.59	0	
-122.673	-21.6016	705.136	0	
-122.665	-35.1775	769.878	0	
-16.1947	-16.8815	363.733	0	
-13.138	-20.7638	391.406	0	
-30.539	-20.2596	541.897	0	
-66.1732	-25.5223	572.685	0	
78.8199	-16.4504	153.757	0	
86.8649	-19.5449	256.736	0	
-98.7451	-26.3808	844.755	0	
-88.73	-23.669	778.176	0	
-1.24511	-26.3808	270.441	0	
8.77004	-23.669	207.829	0	
-205.28	-10.9939	130.069	0	
-203.116	-22.3712	142.091	0	
-200.382	-2.4973	123.036	0	
-210.958	-2.99655	134.375	0	
-165.848	-21.217	196.739	0	
-154.734	-21.2796	309.51	0	
168.663	-18.2333	245.064	0	
175.263	-15.1641	255.981	0	
178.781	-17.6852	252.323	0	
199.132	-2.49739	252.864	0	
-119.214	-27.9461	812.134	0	
27.1474	-26.6553	117.28	0	
-37.9991	-37.0053	482.347	0	
106.132	-26.6725	174.165	0	
-80.5482	-26.5803	705.282	0	
37.9206	-30.6463	47.3664	0	
16.9518	-26.5803	198.243	0	
117.266	-31.4134	192.417	0	
113.963	-28.7182	179.097	0	
84.3565	-22.7175	123.647	0	
79.9548	-20.502	166.919	0	
78.3935	-30.9545	71.9483	0	
109.886	-30.7265	188.532	0	
-170.264	-22.5426	150.91	0	
-186.586	-34.0715	177.424	0	
-71.4692	-32.4504	631.484	0	
-64.3552	-29.4863	565.58	0	
-129.522	-33.6809	719.893	0	
-77.2844	-32.8618	756.898	0	
26.0308	-32.4504	136.043	0	
33.1448	-29.4863	75.2849	0	
-35.8192	-26.3093	499.64	0	
20.2156	-32.8618	171.812	0	
-32.3341	-32.9669	481.249	0	
200.219	-31.4848	243.917	0	
-81.3536	-39.2894	717.905	0	
-59.5794	-30.6463	547.91	0	
-173.766	-29.45	196.259	0	
48.7057	-33.5404	26.5668	0	
-67.173	-34.0637	588.49	0	
-62.7476	-39.8274	609.901	0	
-10.2351	-42.3533	415.487	0	
100.623	-33.4418	159.175	0	
30.327	-34.0637	79.4904	0	
34.7524	-39.8274	62.6604	0	
-136.209	-17.737	546.371	0	
-132.365	-22.2129	615.226	0	
-43.198	-18.7365	470.062	0	
-38.6886	-17.6956	512.451	0	
229.784	-7.91137	243.89	0	
-195.655	-9.12754	117.982	0	
-184.632	-17.2543	118.317	0	
-223.649	-3.59612	141.673	0	
-198.906	-17.9043	130.095	0	
132.435	-31.2901	197.368	0	
136.452	-29.449	205.743	0	
186.376	-7.64136	257.586	0	
187.265	-14.6613	254.021	0	
182.331	-13.8541	256.164	0	
189.97	-10.4787	255.501	0	
60.3681	-18.9378	37.7898	0	
76.0405	-24.963	79.2064	0	
119.878	-37.6577	175.109	0	
137.314	-23.0545	207.59	0	
-140.704	-18.1438	476.79	0	
-139.168	-26.5268	555.022	0	
-133.48	-26.6767	647.192	0	
-92.1633	-28.1316	800.103	0	
-50.4644	-23.7627	452.383	0	
-44.8887	-23.6362	477.704	0	
-57.1344	-37.3795	525.976	0	
-21.7444	-28.0369	485.669	0	
124.816	-30.5282	194.2	0	
128.715	-28.4856	197.437	0	
-154.172	-36.2055	358.233	0	
-205.51	-5.49385	133.042	0	
-189.708	-16.9412	122.466	0	
190.469	-19.3683	250.266	0	
194.401	-9.15162	254.46	0	
180.928	-24.6306	247.541	0	
209.708	-2.99653	249.121	0	
40.3656	-37.3795	49.0202	0	
84.393	-29.5111	113.768	0	
-148.752	-31.7441	431.882	0	
-141.483	-33.3657	584.44	0	
-51.8547	-39.276	534.279	0	
-41.3536	-26.7331	481.628	0	
124.872	-36.6466	190.538	0	
149.858	-28.1793	220.627	0	
5.33672	-28.1316	276.758	0	
129.988	-37.1068	192.906	0	
106.151	-35.183	165.388	0	
179.128	-40.5991	238.69	0	
74.4903	-38.1045	65.1069	0	
95.862	-26.6762	171.309	0	
101.314	-28.4806	184.353	0	
-90.1079	-37.043	852.682	0	
67.1678	-36.6738	21.747	0	
65.58	-54.9481	62.4563	0	
113.853	-42.0949	171.16	0	
-199.966	-12.5463	130.644	0	
187.682	-25.5065	248.412	0	
209.204	-15.0839	246.552	0	
113.919	-50.1317	162.127	0	
-193.119	-20.7159	134.535	0	
-135.899	-48.5637	622.151	0	
-48.7724	-33.5709	478.736	0	
-43.2385	-32.7137	483.891	0	
134.099	-42.95	197.258	0	
122.432	-54.3794	185.192	0	
87.7148	-33.6491	115.691	0	
95.3237	-40.1176	130.885	0	
99.1751	-43.1784	147.765	0	
98.2767	-48.6319	136.158	0	
7.39212	-37.043	273.705	0	
-25.6479	-34.8802	472.911	0	
-217.111	-6.59266	148.829	0	
-216.837	-13.1836	140.841	0	
215.587	-13.1843	247.03	0	
222.399	-3.59612	246.83	0	
-178.18	-51.9759	232.899	0	
-153.647	-49.4659	423.964	0	
95.9829	-35.2801	146.196	0	
105.363	-40.0821	156.937	0	
-47.377	-47.5674	516.606	0	
-39.0554	-46.1539	497.36	0	
92.3318	-31.2524	140.103	0	
88.4066	-44.521	102.1	0	
16.1464	-39.2894	257.377	0	
104.53	-53.5724	153.204	0	
89.6237	-39.8659	123.668	0	
93.2082	-50.2262	131.047	0	
80.0854	-44.9589	74.0136	0	
195.014	-53.6987	235.923	0	
46.9683	-23.7287	30.8717	0	
65.1315	-24.4061	23.0564	0	
45.6907	-39.2794	24.9584	0	
56.758	-28.3975	16.1105	0	
58.9988	-47.2745	27.9659	0	
63.2794	-29.0001	21.5023	0	
54.5197	-33.9094	12.9071	0	
60.6283	-39.7232	25.6843	0	
-112.153	-26.9719	815.975	0	
-106.813	-41.5616	884.363	0	
-14.6834	-27.0627	425.616	0	
-20.3964	-45.3419	462.24	0	
-180.822	-20.7977	147.288	0	
-180.372	-28.6817	138.9	0	
-28.1388	-52.5772	501.649	0	
-8.42563	-30.9174	409.9	0	
-223.045	-18.0992	152.135	0	
197.484	-18.6006	250.524	0	
221.795	-18.0997	243.732	0	
-116.522	-44.9384	791.417	0	
-105.895	-30.8265	841.592	0	
-210.454	-15.0875	142.275	0	
-209.349	-21.1068	143.236	0	
214.41	-27.8426	243.405	0	
201.692	-23.0481	245.826	0	
-168.63	-35.332	207.681	0	
-185.88	-47.0569	184.235	0	
-58.4369	-62.9932	537.881	0	
99.1429	-60.8213	148.888	0	
90.5758	-57.9619	129.899	0	
-48.4864	-72.4847	514.269	0	
146.007	-88.8777	223.682	0	
49.8752	-47.1998	43.1781	0	
76.1765	-53.3494	87.9893	0	
-231.034	-7.91137	152.031	0	
193.225	-33.1755	243.852	0	
-196.586	-54.0406	190.775	0	
-97.6075	-46.0273	777.725	0	
32.5931	-47.2676	114.257	0	
3.02215	-58.9551	317.53	0	
-230.704	-15.8235	146.178	0	
-199.677	-29.8849	149.329	0	
-199.122	-68.7901	210.675	0	
-232.183	-28.9135	156.612	0	
-145.673	-56.093	380.525	0	
-65.0282	-47.5636	589.005	0	
-0.999147	-46.7281	409.671	0	
39.3398	-61.6705	143.253	0	
208.094	-21.1083	246.262	0	
176.392	-31.8898	239.205	0	
229.454	-15.8234	245.308	0	
209.137	-35.1834	240.512	0	
139.328	-61.0399	202.495	0	
189.207	-41.0089	238.769	0	
-222.975	-26.721	149.591	0	
221.729	-26.7336	243.74	0	
231.761	-29.6353	242.049	0	
142.356	-40.4982	203.109	0	
158.523	-43.1702	224.318	0	
131.472	-51.1747	192.1	0	
149.176	-46.3437	211.982	0	
-209.391	-44.9615	173.457	0	
24.809	-66.1786	156.035	0	
-73.5915	-67.1651	609.662	0	
-93.917	-58.2892	767.187	0	
-54.9373	-53.4072	591.181	0	
81.8654	-60.6471	106.536	0	
-101.539	-70.7175	507.777	0	
-234.45	-44.5321	182.294	0	
207.95	-49.5639	238.4	0	
42.3908	-52.7401	61.0077	0	
65.768	-76.5282	145.627	0	
-186.216	-79.8078	227.511	0	
60.9715	-64.9719	110.293	0	
84.6816	-83.8123	173.209	0	
133.127	-72.183	205.285	0	
169.605	-47.203	228.851	0	
99.0487	-73.5167	172.71	0	
121.291	-67.4347	187.866	0	
76.0654	-73.8022	143.971	0	
21.5973	-78.4887	287.186	0	
148.776	-58.6606	210.621	0	
159.318	-65.2507	223.471	0	
-118.231	-67.6676	598.717	0	
-123.641	-53.3865	579.505	0	
223.493	-56.6049	235.359	0	
-170.587	-61.0571	255.938	0	
-162.29	-53.2661	270.966	0	
-75.7218	-48.391	730.926	0	
-80.7855	-58.4064	630.235	0	
-78.6641	-83.0863	466.983	0	
42.8672	-124.784	244.695	0	
21.8995	-48.0949	142.556	0	
17.1665	-58.0755	285.674	0	
110.772	-78.66	183.515	0	
-128.033	-80.0868	384.934	0	
-143.217	-73.3351	422.789	0	
48.3422	-68.3158	113.168	0	
43.0743	-85.2084	204.91	0	
-31.1187	-67.2315	501.683	0	
6.99334	-83.9003	304.493	0	
180.708	-83.077	229.456	0	
-212.548	-78.6717	225.315	0	
55.4568	-91.151	189.849	0	
30.86	-90.8732	232.549	0	
195.719	-99.5338	230.968	0	
-155.091	-83.9494	275.377	0	
22.5656	-111.1	276.07	0	
-3.93924	-72.4697	421.724	0	
5.64357	-105.233	310.309	0	
-222.226	-50.9126	171.729	0	
162.751	-84.3246	220.735	0	
186.132	-63.0524	229.867	0	
-120.967	-99.7543	388.614	0	
-93.4804	-86.7559	535.862	0	
221.832	-84.1178	229.934	0	
-21.1018	-77.8858	429.582	0	
-26.257	-99.2576	373.3	0	
-222.846	-69.8732	196.264	0	
82.4716	-105.887	217.126	0	
-155.483	-105.393	293.003	0	
137.733	-106.863	216.787	0	
-208.069	-100.978	220.201	0	
-170.837	-73.8717	282.277	0	
-103.106	-103.373	333.989	0	
114.335	-101.394	223.09	0	
-63.2341	-129.89	313.341	0	
-190.247	-100.547	244.713	0	
-175.26	-116.054	233.649	0	
63.5442	-110.5	222.986	0	
100.401	-118.325	216.043	0	
-14.9272	-144.737	295.689	0	
-136.544	-114.446	276.597	0	
-10.4442	-115.174	327.251	0	
-62.9959	-88.4674	475.702	0	
-50.7834	-104.586	376.882	0	
-91.8996	-128.662	334.957	0	
-132.369	-138.886	294.586	0	
-178.662	-146.313	243.517	0	
-43.1907	-154.124	310.08	0	
-213.777	-154.351	228.505	0	
184.547	-133.757	229.041	0	
43.9892	-153.642	249.118	0	
105.563	-154.614	236.834	0	
-105.586	-149.483	286.949	0	
153.516	-136.648	231.209	0	
222.629	-148.911	231.245	0	
