# File: UnstructuredGrid_Inversion_L0_Coarse_Iter02.dat
# (No specific header documentation)

-158.75	-0.496475	145.595	0	
-156.875	-0.668155	178.169	0	
-60.625	-0.431516	186.977	0	
36.875	-0.431516	218.66	0	
-228.198	-124.523	232.701	0	
135.625	-0.668155	207.723	0	
38.125	-0.668155	223.532	0	
-169.883	-44.1849	236.721	0	
-59.375	-0.668155	194.849	0	
-115.32	-2.91409	184.161	0	
-208.422	-34.2476	171.529	0	
-85.9973	-2.80091	184.117	0	
-161.562	-31.1528	260.816	0	
-162.282	-23.9451	212.464	0	
-110.104	-1.86538	178.337	0	
-135.637	-38.619	512.858	0	
-61.354	-1.86538	188.612	0	
-135.104	-1.86538	212.829	0	
-148.497	-8.59138	309.015	0	
-146.25	-1.09967	189.044	0	
-142.708	-2.72654	196.775	0	
-143.958	-2.01633	191.219	0	
-129.845	-3.05088	212.671	0	
-151.594	-4.85908	229.836	0	
-155.208	-2.01633	200.407	0	
-146.05	-12.2522	389.63	0	
-152.292	-2.72654	213.376	0	
-159.95	-16.471	222.007	0	
134.375	-0.431516	201.203	0	
-17.8202	-2.91409	193.005	0	
-156.27	-3.86216	198.346	0	
-41.4583	-2.01633	198.184	0	
-154.792	-2.72654	203.221	0	
-153.542	-3.47328	212.595	0	
-12.604	-1.86538	203.281	0	
-148.795	-2.8545	212.89	0	
36.146	-1.86538	212.923	0	
-37.604	-1.86538	196.688	0	
-170.813	-2.26882	115.276	0	
-48.75	-1.09967	189.678	0	
-166.927	-1.72974	118.268	0	
-163.743	-2.99807	122.488	0	
-57.2917	-2.72654	199.957	0	
-165.769	-3.46425	125.415	0	
-56.0417	-3.47328	201.444	0	
-157.576	-8.14551	202.81	0	
-54.7917	-2.72654	197.623	0	
-63.125	-0.36089	185.315	0	
-162.675	-0.60932	130.051	0	
-82.5	-1.09967	168.435	0	
-60.5207	-2.1669	192.064	0	
-155	-1.09967	194.13	0	
-75.5207	-2.1669	185.13	0	
-160.875	-0.935418	135.368	0	
-65.625	-0.431516	184.741	0	
85.625	-0.668155	198.178	0	
-154.375	-0.668155	205.732	0	
61.875	-0.668155	219.937	0	
-151.875	-0.668155	207.99	0	
-151.25	-1.09967	207.167	0	
44.7917	-2.01633	212.326	0	
-153.125	-0.431516	204.972	0	
56.0417	-2.01633	214.688	0	
-155.625	-0.431516	190.899	0	
78.4298	-2.91409	204.88	0	
-161.767	-1.54474	124.682	0	
-55	-1.09967	183.913	0	
-150.625	-0.431516	200.012	0	
-152.5	-1.09967	204.969	0	
37.2915	-5.36053	209.678	0	
-148.125	-0.366631	191.494	0	
37.2841	-3.06466	205.999	0	
-145.625	-0.668155	190.803	0	
-146.875	-0.431516	206.837	0	
43.125	-0.668155	221.028	0	
38.9583	-2.01633	211.104	0	
-144.375	-0.431516	199.864	0	
34.375	-0.36089	213.093	0	
-141.875	-0.431516	208.109	0	
-140.625	-0.668155	203.748	0	
31.875	-0.431516	210.437	0	
-141.25	-1.09967	193.692	0	
40	-1.09967	201.847	0	
-145	-1.09967	181.951	0	
40.625	-0.668155	222.917	0	
15	-1.09967	174.734	0	
-133.75	-1.09967	207.677	0	
140.625	-3.34884	200.649	0	
-134.375	-0.431516	241.51	0	
-133.125	-0.668155	243.901	0	
144.345	-3.52006	200.807	0	
-135.625	-0.366631	220.395	0	
148.422	-2.00504	204.939	0	
138.422	-2.00504	197.41	0	
-131.875	-0.431516	223.847	0	
136.756	-2.06993	200.232	0	
-125	-1.09967	203.606	0	
-128.75	-1.09967	193.005	0	
138.125	-0.366631	198.284	0	
-131.25	-0.798148	210.181	0	
139.375	-0.668155	200.016	0	
-132.5	-1.09967	196.628	0	
145.625	-0.668155	211.759	0	
-140	-1.09967	193.13	0	
21.9793	-2.1669	195.846	0	
129.375	-0.431516	201.271	0	
-125.625	-0.431516	220.978	0	
111.25	-1.09967	188.553	0	
-123.75	-1.09967	205.253	0	
-122.5	-0.798148	190.729	0	
-111.875	-0.36089	178.218	0	
-117.604	-1.86538	188.898	0	
119.479	-2.1669	200.318	0	
-120.881	-3.06027	201.436	0	
-118.125	-0.366631	209.525	0	
-99.4045	-3.52006	188.456	0	
-115.625	-0.668155	207.919	0	
-110	-0.798148	186.798	0	
-88.125	-0.668155	167.372	0	
-116.875	-0.431516	187.541	0	
-123.125	-0.431516	226.454	0	
-116.25	-1.09967	180.955	0	
-114.375	-0.431516	187.422	0	
-98.125	-0.668155	180.717	0	
-108.75	-1.09967	172.546	0	
-104.375	-0.668155	170.7	0	
-109.375	-0.431516	174.855	0	
-108.125	-0.668155	190.596	0	
-106.994	-2.06993	183.925	0	
-110.625	-0.366631	188.694	0	
-109.271	-2.1669	180.794	0	
-136.875	-0.36089	218.022	0	
-106.875	-0.431516	173.446	0	
-134.068	-5.08295	228.324	0	
-98.75	-1.09967	170.697	0	
-103.75	-1.09967	182.457	0	
-124.375	-0.668155	213.345	0	
-106.25	-0.798148	180.476	0	
-139.375	-0.431516	215.527	0	
-107.5	-1.09967	172.764	0	
-105.625	-0.366631	179.27	0	
-115	-1.09967	165.04	0	
-105.328	-2.00504	175.347	0	
-126.875	-0.366631	214.463	0	
131.875	-0.36089	207.102	0	
-103.125	-0.431516	179.335	0	
49.375	-0.668155	215.209	0	
-129.375	-0.668155	228.062	0	
-100.625	-0.366631	180.662	0	
-130.625	-0.366631	227.426	0	
-90.104	-1.86538	173.167	0	
-99.375	-0.431516	171.203	0	
-131.994	-2.06993	200.369	0	
-147.589	-1.76841	192.99	0	
-96.875	-0.431516	170.96	0	
-135	-0.798148	201.811	0	
-94.375	-0.668155	169.831	0	
-88.75	-1.09967	173.275	0	
-146.756	-2.06993	197.051	0	
-96.25	-0.798148	176.352	0	
-146.468	-2.99641	194.006	0	
-97.5	-1.09967	173.661	0	
-149.375	-0.668155	209.362	0	
-144.792	-2.01633	192.999	0	
-89.375	-0.431516	168.302	0	
-153.75	-1.09967	211.238	0	
-87.5	-1.09967	175.28	0	
-86.875	-0.431516	170.068	0	
-153.542	-2.01633	207.377	0	
-68.854	-1.86538	183.157	0	
-143.75	-1.09967	196.214	0	
-147.5	-0.798148	183.27	0	
-83.125	-0.431516	169.101	0	
-150	-1.09967	184.76	0	
-81.25	-1.09967	174.631	0	
-80.625	-0.431516	171.615	0	
-156.25	-1.09967	199.019	0	
-76.354	-1.86538	176.024	0	
-151.042	-2.01633	201.778	0	
-83.75	-0.798148	175.242	0	
-152.708	-2.01633	212.038	0	
-90.625	-0.366631	168.09	0	
-143.125	-0.668155	188.38	0	
-14.375	-0.36089	207.701	0	
-75.625	-0.431516	175.402	0	
-23.3807	-3.06027	203.683	0	
-68.75	-0.798148	187.94	0	
-73.75	-1.09967	177.045	0	
-25.625	-0.431516	209.488	0	
-74.375	-0.668155	184.249	0	
-16.875	-0.431516	215.661	0	
9.375	-0.668155	168.162	0	
-69.375	-0.366631	186.797	0	
-0.625	-0.668155	202.537	0	
-66.875	-0.668155	190.23	0	
-61.25	-0.798148	190.834	0	
-11.7707	-2.1669	200.209	0	
-68.125	-0.431516	182.562	0	
-7.82772	-2.00504	203.579	0	
-67.5	-1.09967	180.149	0	
-1.90454	-3.52006	195.543	0	
-9.49439	-2.06993	207.503	0	
-60	-1.09967	185.017	0	
-39.375	-0.36089	202.228	0	
36.9793	-2.1669	211.312	0	
-57.5	-1.09967	185.914	0	
-41.875	-0.431516	198.384	0	
-61.875	-0.366631	191.964	0	
-8.125	-0.366631	210.559	0	
-26.875	-0.668155	218.011	0	
-56.875	-0.668155	195.592	0	
-31.875	-0.668155	213.478	0	
-54.375	-0.668155	192.944	0	
-53.75	-1.09967	186.691	0	
-34.4944	-2.06993	189.862	0	
-55.625	-0.431516	189.806	0	
-36.7707	-2.1669	206.228	0	
-58.125	-0.431516	188.23	0	
-36.5676	-5.08295	247.108	0	
-66.25	-1.09967	182.621	0	
-6.875	-0.668155	198.46	0	
-76.875	-0.366631	178.648	0	
-156.042	-2.01633	186.827	0	
-51.875	-0.668155	194.313	0	
-50.625	-0.366631	185.504	0	
-48.9679	-2.99641	196.542	0	
-48.125	-0.668155	182.719	0	
-47.5	-1.09967	194.321	0	
-37.5	-0.798148	195.975	0	
-49.375	-0.431516	194.377	0	
-50.0889	-1.76841	189.208	0	
-45.625	-0.668155	184.862	0	
-43.75	-1.09967	189.174	0	
-46.25	-1.09967	187.491	0	
-43.125	-0.668155	183.901	0	
-42.5	-1.09967	201.842	0	
-56.25	-1.09967	182.635	0	
-44.375	-0.431516	194.074	0	
-47.2917	-2.01633	190.729	0	
-46.875	-0.431516	195.236	0	
-49.2556	-2.06993	195.907	0	
-57.7083	-2.01633	189.821	0	
-38.125	-0.366631	194.334	0	
-53.5417	-2.01633	190.216	0	
-35.625	-0.668155	198	0	
-35	-1.09967	201.457	0	
-52.5	-1.09967	181.658	0	
-36.875	-0.431516	212.25	0	
-50	-0.798148	188.455	0	
-58.5417	-2.01633	195.037	0	
-33.75	-0.798148	191.837	0	
-62.5	-0.727521	191.421	0	
-31.25	-1.09967	177.142	0	
-29.375	-0.366631	211.233	0	
-68.0207	-2.1669	190.018	0	
-27.5	-1.09967	180.569	0	
-64.375	-0.668155	193.195	0	
-34.375	-0.431516	207.052	0	
-58.75	-1.09967	181.443	0	
-36.25	-1.09967	197.735	0	
-56.0417	-2.01633	192.113	0	
-66.0417	-2.01633	188.224	0	
-20.104	-1.86538	201.44	0	
-70.625	-0.36089	180.073	0	
-25	-0.798148	191.194	0	
-18.75	-1.09967	197.901	0	
-73.125	-0.431516	178.839	0	
-26.25	-1.09967	195.918	0	
-65	-1.09967	180.545	0	
-75	-1.09967	172.975	0	
-19.375	-0.431516	211.66	0	
105.625	-0.668155	172.964	0	
-12.5	-0.798148	205.82	0	
-17.5	-1.09967	185.968	0	
88.7946	-2.8545	201.322	0	
-18.125	-0.668155	217.129	0	
99.7712	-2.84299	185.985	0	
-20.625	-0.366631	212.243	0	
-86.4583	-2.01633	174.317	0	
107.753	-2.80091	189.262	0	
-13.125	-0.366631	217.399	0	
86.7556	-2.06993	200.72	0	
-10.625	-0.668155	225.137	0	
-10	-1.09967	196.147	0	
88.125	-0.366631	197.903	0	
-11.875	-0.431516	209.201	0	
89.375	-0.668155	212.562	0	
79.375	-0.431516	220.951	0	
-8.75	-0.798148	211.693	0	
71.25	-0.798148	227.137	0	
-6.25	-1.09967	208.844	0	
-5.625	-0.431516	205.555	0	
64.6723	-2.00504	224.863	0	
-1.25	-1.09967	194.486	0	
72.8693	-3.06027	211.867	0	
-9.375	-0.431516	205.198	0	
81.875	-0.36089	218.81	0	
-11.25	-1.09967	199.179	0	
95.625	-0.668155	182.916	0	
-28.125	-0.431516	207.251	0	
-62.5054	-1.48403	186.816	0	
-53.125	-0.431516	188.014	0	
-33.125	-0.366631	202.245	0	
-134.271	-2.1669	212.949	0	
-3.125	-0.366631	205.556	0	
-1.875	-0.431516	189.114	0	
65.625	-0.668155	235.813	0	
7.39595	-1.86538	179.849	0	
-3.70074e-17	-1.09967	185.643	0	
72.1723	-2.00504	219.91	0	
64.375	-0.366631	227.854	0	
0.625	-0.431516	184.772	0	
55.625	-0.431516	214.718	0	
3.125	-0.668155	176.958	0	
8.75	-1.09967	181.068	0	
48.5321	-2.99641	221.822	0	
1.25	-0.798148	193.301	0	
58.125	-0.36089	216.265	0	
6.875	-0.366631	171.475	0	
63.0056	-2.06993	222.207	0	
48.2444	-2.06993	210.047	0	
8.125	-0.431516	165.519	0	
50.2083	-2.01633	218.626	0	
10	-1.09967	183.478	0	
10.625	-0.431516	164.366	0	
51.25	-1.09967	216.735	0	
28.646	-1.86538	196.988	0	
51.875	-0.668155	207.322	0	
47.4111	-1.76841	212.26	0	
14.375	-0.431516	162.865	0	
47.5	-0.798148	206.51	0	
16.25	-1.09967	172.079	0	
16.875	-0.431516	167.629	0	
43.9583	-2.01633	214.582	0	
21.146	-1.86538	178.767	0	
39.7917	-2.01633	215.165	0	
13.75	-0.798148	175.425	0	
45.625	-0.668155	213.97	0	
20.625	-0.366631	184.198	0	
60	-0.798148	211.694	0	
41.25	-1.09967	212.925	0	
21.875	-0.431516	174.982	0	
33.125	-0.668155	221.772	0	
28.75	-0.798148	205.998	0	
23.75	-1.09967	183.452	0	
34.9946	-1.48403	213.33	0	
23.125	-0.668155	198.934	0	
41.4583	-2.01633	213.557	0	
35	-0.727521	203.914	0	
28.125	-0.366631	214.687	0	
32.5	-1.09967	183.142	0	
30.625	-0.668155	223.729	0	
36.25	-0.798148	212.431	0	
26.875	-0.36089	187.029	0	
29.375	-0.431516	200.784	0	
31.4583	-2.01633	197.748	0	
30	-1.09967	184.748	0	
29.4793	-2.1669	206.024	0	
11.0417	-2.01633	178.879	0	
37.5	-1.09967	205.408	0	
150.625	-0.431516	210.245	0	
128.43	-2.91409	202.503	0	
38.75	-1.09967	211.695	0	
150	-1.09967	208.859	0	
35.625	-0.366631	225.6	0	
22.5	-1.09967	173.08	0	
153.75	-0.798148	227.661	0	
42.5	-1.09967	203.097	0	
148.125	-0.366631	203.121	0	
48.75	-1.09967	208.676	0	
43.75	-1.09967	206.863	0	
141.875	-0.668155	197.81	0	
41.875	-0.431516	221.363	0	
146.756	-2.06993	205.436	0	
39.375	-0.431516	220.88	0	
149.771	-2.84299	209.884	0	
31.25	-1.09967	196.66	0	
24.375	-0.431516	185.475	0	
44.375	-0.431516	221.449	0	
45	-1.09967	205.915	0	
138.795	-2.8545	200.355	0	
46.875	-0.366631	218.761	0	
140.208	-2.01633	199.575	0	
59.896	-1.86538	216.503	0	
50	-1.09967	192.655	0	
141.25	-1.09967	199.205	0	
48.125	-0.431516	212.101	0	
143.75	-0.798148	200.983	0	
138.75	-1.03479	199.901	0	
53.75	-1.09967	212.195	0	
132.495	-1.48403	203.783	0	
54.375	-0.668155	202.537	0	
55	-1.09967	209.21	0	
126.979	-2.1669	200.47	0	
53.125	-0.431516	209.314	0	
130.625	-0.668155	208.644	0	
50.625	-0.431516	210.332	0	
137.589	-1.76841	199.966	0	
128.958	-2.01633	199.038	0	
59.375	-0.366631	210.943	0	
83.646	-1.86538	206.707	0	
60.625	-0.431516	228.774	0	
62.5	-1.09967	220.701	0	
124.375	-0.36089	201.66	0	
61.25	-1.09967	215.875	0	
130	-1.09967	193.014	0	
110.686	-4.3008	198.337	0	
63.125	-0.431516	231.415	0	
-113.125	-0.668155	202.664	0	
68.75	-1.09967	222.13	0	
67.5	-0.798148	214.789	0	
-111.255	-1.48403	179.023	0	
63.75	-0.798148	223.692	0	
113.75	-0.798148	188.631	0	
68.125	-0.431516	242.416	0	
121.875	-0.431516	196.438	0	
93.125	-0.366631	189.052	0	
132.5	-0.727521	204.124	0	
-111.25	-0.727521	190.164	0	
76.146	-1.86538	219.896	0	
-113.75	-1.09967	177.707	0	
70.625	-0.431516	239.98	0	
77.5	-1.09967	219.647	0	
-118.75	-0.727521	206.289	0	
70	-1.09967	222.454	0	
-114.792	-2.01633	191.476	0	
-89.2707	-2.1669	175.194	0	
76.875	-0.431516	226.718	0	
-93.9788	-2.84299	173.776	0	
83.75	-0.798148	203.381	0	
78.75	-1.09967	213.85	0	
-85.625	-0.668155	167.263	0	
78.125	-0.668155	214.841	0	
-81.875	-0.668155	176.645	0	
75.625	-0.366631	222.738	0	
-120.625	-0.668155	222.982	0	
-86.25	-1.09967	175.792	0	
83.125	-0.366631	203.075	0	
-93.75	-1.09967	169.74	0	
133.646	-1.86538	200.838	0	
86.25	-1.09967	203.384	0	
-104.955	-2.8545	191.007	0	
84.375	-0.431516	211.086	0	
-93.125	-0.431516	171.479	0	
-96.9944	-2.06993	181.641	0	
87.5	-0.798148	195.55	0	
-101.875	-0.668155	172.949	0	
90	-1.09967	183.072	0	
90.625	-0.431516	192.869	0	
-100.089	-1.76841	177.85	0	
95	-1.09967	204.946	0	
-95.625	-0.366631	172.87	0	
86.875	-0.431516	211.292	0	
-90	-0.798148	176.691	0	
85	-1.09967	210.068	0	
-87.2917	-2.01633	178.233	0	
-116.771	-2.1669	189.153	0	
143.661	-1.76841	195.544	0	
-100	-0.798148	182.145	0	
94.375	-0.431516	195.703	0	
-102.5	-1.09967	186.475	0	
96.25	-1.09967	197.875	0	
103.646	-1.86538	181.81	0	
-103.542	-2.01633	184.466	0	
-105	-1.03479	187.656	0	
97.5	-0.798148	190.508	0	
-136.255	-1.48403	211.911	0	
105	-1.09967	188.44	0	
103.125	-0.366631	170.254	0	
-130.328	-2.00504	202.052	0	
99.375	-0.668155	187.523	0	
-138.125	-0.668155	210.761	0	
96.875	-0.431516	194.495	0	
-106.161	-1.76841	179.63	0	
-123.244	-2.06993	198.374	0	
126.146	-1.86538	201.486	0	
-128.125	-0.431516	235.508	0	
106.875	-0.431516	175.935	0	
110	-0.798148	191.611	0	
-126.304	-1.54577	205.717	0	
106.25	-1.09967	186.063	0	
-121.875	-0.366631	203.081	0	
-126.25	-0.798148	219.941	0	
118.646	-1.86538	194.659	0	
-130	-1.03479	212.371	0	
113.125	-0.431516	187.051	0	
120	-1.09967	193.328	0	
-148.75	-1.03479	188.778	0	
112.5	-1.09967	195.62	0	
-131.161	-1.76841	214.716	0	
110.625	-0.431516	183.306	0	
-127.242	-2.24637	191.39	0	
104.375	-0.431516	175.592	0	
-117.5	-0.798148	194.721	0	
-143.542	-2.72654	195.127	0	
119.375	-0.431516	194.587	0	
-139.792	-2.01633	201.387	0	
126.25	-0.798148	199.936	0	
121.25	-1.09967	200.576	0	
-138.75	-1.09967	208.707	0	
120.625	-0.668155	200.916	0	
-136.25	-0.727521	217.732	0	
-142.292	-2.01633	192.044	0	
125.625	-0.366631	204.909	0	
-13.7554	-1.48403	205.208	0	
128.125	-0.668155	201.629	0	
133.75	-0.798148	205.555	0	
-19.2707	-2.1669	199.039	0	
126.875	-0.431516	202.775	0	
-15.625	-0.668155	223.112	0	
127.5	-1.09967	200.514	0	
-142.5	-1.09967	190.024	0	
-17.2917	-2.01633	204.914	0	
135	-1.09967	194.803	0	
-21.25	-0.727521	215.241	0	
158.73	-5.36963	252.249	0	
136.25	-1.09967	196.824	0	
-23.125	-0.668155	211.776	0	
133.125	-0.366631	202.802	0	
-16.25	-1.09967	202.915	0	
15.625	-0.668155	171.964	0	
137.5	-0.798148	196.056	0	
11.875	-0.668155	164.048	0	
140	-1.09967	196.229	0	
140.625	-0.431516	197.025	0	
10.2083	-2.01633	180.992	0	
145	-1.09967	185.969	0	
3.52121	-2.84299	191.185	0	
136.875	-0.431516	206.742	0	
8.22929	-2.1669	184.95	0	
128.75	-1.09967	203.032	0	
-13.75	-0.727521	218.8	0	
118.125	-0.366631	198.04	0	
-148.422	-2.00504	193.585	0	
4.375	-0.431516	184.811	0	
144.375	-0.431516	197.24	0	
-7.45541	-2.8545	203.479	0	
146.25	-1.09967	198.536	0	
146.875	-0.431516	209.707	0	
7.5	-0.798148	191.668	0	
153.646	-1.86538	222.006	0	
3.75	-1.09967	182.609	0	
1.875	-0.366631	187.258	0	
149.375	-0.668155	205.209	0	
-2.58895	-1.76841	197.889	0	
153.125	-0.366631	220.158	0	
154.375	-0.431516	229.899	0	
-11.4094	-3.16789	192.313	0	
155	-1.09967	224.328	0	
-4.375	-0.668155	193.021	0	
147.5	-0.798148	201.246	0	
0.505614	-2.06993	198.246	0	
-6.04167	-2.01633	204.372	0	
156.458	-1.16463	243.935	0	
-8.66105	-1.76841	206.297	0	
159.625	-0.633448	256.046	0	
161.425	-0.98887	258.254	0	
-7.5	-1.03479	215.934	0	
160.517	-1.62232	258.759	0	
-5	-1.09967	212.21	0	
-38.7554	-1.48403	198.234	0	
153.021	-4.78762	226.345	0	
-20	-0.798148	198.62	0	
163.752	-4.86774	260.116	0	
164.832	-2.66958	267.866	0	
-25.7444	-2.06993	193.599	0	
163.115	-0.98887	264.108	0	
-32.8277	-2.00504	192.272	0	
155.484	-3.31993	235.3	0	
-40.625	-0.668155	188.905	0	
155.625	-0.668155	244.312	0	
-2.5	-0.798148	207.071	0	
-30.625	-0.431516	203.308	0	
160.191	-2.997	256.236	0	
-29.7419	-2.24637	189.021	0	
169.563	-2.94058	267.027	0	
154.995	-4.95032	237.585	0	
-28.75	-0.798148	213.383	0	
148.777	-5.11846	213.435	0	
-28.8043	-1.54577	196.999	0	
-32.5	-1.03479	188.159	0	
204.26	-5.49392	255.78	0	
-50.9223	-2.00504	190.655	0	
148.441	-21.3686	220.47	0	
-46.0417	-2.72654	195.808	0	
204.031	-10.9896	254.378	0	
-51.25	-1.03479	185.036	0	
151.796	-5.74288	217.66	0	
-33.6611	-1.76841	199.965	0	
-42.2917	-2.01633	188.349	0	
170.801	-56.9665	231.726	0	
-45	-1.09967	195.059	0	
-44.7917	-2.01633	189.4	0	
-41.25	-1.09967	187.543	0	
-61.9845	-2.19037	192.503	0	
34.9625	-3.24559	206.399	0	
-71.875	-0.668155	187.576	0	
-66.5702	-2.91409	194.041	0	
-63.75	-1.02905	180.156	0	
-38.75	-0.727521	197.161	0	
161.093	-4.56171	260.217	0	
-24.375	-0.366631	211.033	0	
143.125	-0.366631	196.723	0	
11.25	-1.09967	176.575	0	
-70.0054	-1.48403	182.058	0	
-108.909	-3.16789	186.627	0	
-74.0702	-2.91409	189.465	0	
69.375	-0.668155	238.207	0	
-70	-0.727521	187.601	0	
-73.5417	-2.01633	181.443	0	
-72.5	-1.09967	174.321	0	
-77.5	-0.727521	180.509	0	
-79.375	-0.668155	180.475	0	
104.479	-2.1669	187.088	0	
111.875	-0.668155	180.143	0	
98.4223	-2.00504	186.846	0	
108.125	-0.668155	177.781	0	
106.458	-2.01633	184.68	0	
107.5	-1.09967	190.445	0	
100.625	-0.431516	176.04	0	
100	-1.09967	180.522	0	
94.3455	-3.52006	192.146	0	
103.75	-0.798148	185.462	0	
96.7556	-2.06993	190.997	0	
98.125	-0.366631	178.977	0	
91.875	-0.668155	204.969	0	
93.6611	-1.76841	194.303	0	
88.4223	-2.00504	196.362	0	
93.75	-0.798148	195.647	0	
90.2083	-2.01633	201.023	0	
91.25	-1.09967	194.816	0	
87.5889	-1.76841	200.137	0	
88.75	-1.03479	194.759	0	
80.625	-0.668155	207.952	0	
82.4946	-1.48403	209.531	0	
76.9793	-2.1669	209.706	0	
82.5	-0.727521	207.088	0	
78.9583	-2.01633	212.488	0	
80	-1.09967	214.809	0	
75	-0.727521	214.881	0	
73.125	-0.668155	229.017	0	
65.0889	-2.93321	218.104	0	
76.25	-0.798148	215.519	0	
70.5056	-2.06993	222.212	0	
71.875	-0.366631	238.02	0	
66.875	-0.366631	229.374	0	
67.4111	-1.76841	224.817	0	
63.8389	-1.76841	220.876	0	
65	-1.03479	212.101	0	
56.875	-0.668155	208.882	0	
58.7446	-1.48403	213.929	0	
51.4583	-2.72654	223.404	0	
58.75	-0.727521	219.554	0	
55.2083	-2.01633	211.459	0	
56.25	-1.09967	206.4	0	
52.5	-1.09967	203.497	0	
52.7083	-2.01633	214.931	0	
46.25	-1.03479	212.752	0	
46.5777	-2.00504	213.537	0	
33.75	-1.02905	210.545	0	
35.5155	-2.19037	206.536	0	
30.9298	-2.91409	203.933	0	
134.841	-3.16789	200.536	0	
25.625	-0.668155	204.161	0	
27.4946	-1.48403	196.565	0	
23.4298	-2.91409	196.778	0	
27.5	-0.727521	200.992	0	
23.9583	-2.01633	184.747	0	
25	-1.09967	175.089	0	
20	-0.727521	193.342	0	
18.125	-0.668155	178.067	0	
151.875	-0.36089	216.082	0	
152.495	-1.48403	217.079	0	
153.016	-2.19037	222.769	0	
152.5	-0.727521	215.584	0	
147.589	-1.76841	203.058	0	
148.75	-1.03479	202.9	0	
142.5	-1.03479	197.171	0	
142.828	-2.00504	200.053	0	
134.479	-2.1669	203.05	0	
154.479	-2.1669	235.517	0	
131.25	-1.02905	202.439	0	
133.016	-2.19037	204.857	0	
129.792	-2.01633	204.654	0	
171.752	-1.25987	267.705	0	
123.125	-0.668155	208.282	0	
124.995	-1.48403	200.633	0	
120.93	-2.91409	202.062	0	
125	-0.727521	193.75	0	
121.458	-2.01633	193.723	0	
122.5	-1.09967	186.276	0	
117.5	-0.727521	196.023	0	
115.625	-0.668155	194.511	0	
-112.5	-1.02905	167.844	0	
-110.734	-2.19037	185.513	0	
-138.958	-2.01633	201.785	0	
-62.5375	-3.24559	196.999	0	
-119.375	-0.36089	195.749	0	
-118.755	-1.48403	192.255	0	
-83.0056	-2.06993	180.986	0	
-76.25	-0.798148	182.676	0	
-81.0417	-2.01633	174.703	0	
-80	-1.09967	167.755	0	
-84.375	-0.366631	170.136	0	
-83.8389	-1.76841	172.087	0	
-91.875	-0.36089	166.488	0	
-91.2554	-1.48403	171.156	0	
-90.7345	-2.19037	177.176	0	
-91.25	-0.727521	176.623	0	
-96.1611	-1.76841	177.558	0	
-95	-1.03479	181.252	0	
-101.25	-1.03479	180.68	0	
-100.922	-2.00504	177.698	0	
-65.2083	-2.01633	190.006	0	
-95.3277	-2.00504	172.383	0	
-137.5	-1.02905	204.531	0	
-135.734	-2.19037	202.707	0	
-151.04	-3.47677	215.887	0	
-118.787	-3.24559	195.755	0	
-122.411	-1.76841	204.88	0	
-121.25	-1.03479	197.183	0	
-127.5	-0.798148	189.792	0	
-128.229	-2.1669	216.988	0	
-113.958	-2.01633	182.128	0	
-121.578	-2.00504	191.587	0	
-215.662	-27.8248	168.989	0	
-114.833	-3.79821	198.91	0	
-15	-1.02905	194.83	0	
-13.2345	-2.19037	203.746	0	
-21.2875	-3.24559	202.525	0	
11.5027	-2.80091	188.714	0	
-21.875	-0.36089	208.974	0	
-21.2554	-1.48403	204.588	0	
14.4944	-2.06993	183.195	0	
21.25	-0.798148	191.434	0	
16.4583	-2.01633	179.099	0	
17.5	-1.09967	178.626	0	
13.125	-0.366631	164.468	0	
13.6611	-1.76841	174.153	0	
5.625	-0.36089	163.198	0	
6.24459	-1.48403	176.951	0	
6.76554	-2.19037	190.376	0	
6.25	-0.727521	178.858	0	
1.33895	-1.76841	191.032	0	
2.5	-1.03479	195.32	0	
-3.75	-1.03479	202.041	0	
-3.42228	-2.00504	204.774	0	
32.2917	-2.01633	207.539	0	
2.17228	-2.00504	189.196	0	
-40	-1.02905	201.676	0	
-38.2345	-2.19037	196.046	0	
-45.2083	-2.72654	201.765	0	
-32.3447	-3.05088	206.279	0	
-24.9111	-1.76841	203.247	0	
-23.75	-1.03479	203.839	0	
-30	-0.798148	192.777	0	
-30.7293	-2.1669	204.421	0	
-16.4583	-2.01633	198.665	0	
-24.0777	-2.00504	195.619	0	
-55.2083	-2.01633	190.935	0	
-46.4583	-2.01633	194.154	0	
-63.3387	-1.78555	191.614	0	
-63.4751	-2.84652	192.798	0	
-71.25	-1.02905	176.079	0	
-69.4845	-2.19037	188.799	0	
-72.7083	-2.01633	184.663	0	
-100.61	-4.06799	189.036	0	
-78.125	-0.36089	172.923	0	
-77.5054	-1.48403	175.014	0	
115.369	-3.06027	194.162	0	
118.75	-0.798148	197.641	0	
113.006	-2.06993	189.278	0	
114.375	-0.366631	186.051	0	
109.375	-0.366631	178.627	0	
109.911	-1.76841	187.356	0	
101.875	-0.36089	178.136	0	
102.495	-1.48403	179.972	0	
103.016	-2.19037	189.812	0	
102.5	-0.727521	192.153	0	
97.5889	-1.76841	192.082	0	
98.75	-1.03479	188.007	0	
92.5	-1.03479	188.77	0	
92.8277	-2.00504	198.701	0	
84.4793	-2.1669	198.28	0	
84.8406	-3.16789	197.81	0	
81.25	-1.02905	216.833	0	
83.0155	-2.19037	202.247	0	
74.9625	-3.24559	207.886	0	
132.463	-3.24559	203.268	0	
74.375	-0.36089	235.29	0	
74.9946	-1.48403	223.844	0	
71.3389	-1.76841	227.905	0	
72.5	-1.03479	222.853	0	
66.25	-1.03479	223.022	0	
66.5777	-2.00504	221.303	0	
60.7293	-2.1669	220.327	0	
79.7917	-2.01633	207.481	0	
57.5	-1.02905	208.785	0	
59.2655	-2.19037	217.169	0	
46.7473	-3.78292	224.449	0	
61.0894	-3.16569	220.409	0	
45.2527	-2.80091	216.512	0	
51.0417	-2.01633	207.117	0	
34.1613	-1.78555	206.448	0	
34.0249	-2.84652	206.304	0	
26.25	-1.02905	188.122	0	
28.0155	-2.19037	199.397	0	
-3.11018	-4.06799	200.069	0	
24.7917	-2.01633	195.024	0	
19.375	-0.36089	167.659	0	
19.9946	-1.48403	178.364	0	
151.25	-0.792406	210.827	0	
151.686	-2.07688	215.041	0	
143.14	-4.06799	201.045	0	
148.111	-4.06622	208.088	0	
144.494	-2.06993	203.368	0	
136.284	-3.07092	199.639	0	
141.042	-2.01633	197.955	0	
132.117	-5.94785	206.915	0	
131.661	-1.78555	204.175	0	
131.525	-2.84652	204.866	0	
123.75	-1.02905	196.766	0	
125.516	-2.19037	198.288	0	
93.1398	-4.06799	196.27	0	
122.292	-2.01633	202.616	0	
116.875	-0.36089	189.481	0	
117.495	-1.48403	193.757	0	
-112.089	-1.78555	188.705	0	
-112.225	-2.84652	181.818	0	
-120	-1.02905	176.792	0	
-118.234	-2.19037	194.191	0	
-138.118	-4.95711	220.109	0	
-123.957	-2.96011	197.119	0	
-85	-1.03479	175.334	0	
-84.6723	-2.00504	175.442	0	
-92.5	-0.792406	184.688	0	
-92.0644	-2.07688	186.209	0	
-111.287	-3.24559	186.275	0	
-103.125	-3.34884	204.213	0	
-99.2556	-2.06993	181.647	0	
-107.466	-3.07092	180.151	0	
-102.708	-2.01633	182.762	0	
-111.633	-5.94785	228.801	0	
-137.089	-1.78555	207.414	0	
-137.225	-2.84652	197.43	0	
-125.471	-1.8473	210.009	0	
-136.746	-5.42835	239.674	0	
-73.5826	-3.79821	197.382	0	
-125.35	-2.73747	193.181	0	
-14.5887	-1.78555	206.126	0	
-14.7251	-2.84652	197.015	0	
-22.5	-1.02905	199.032	0	
-20.7345	-2.19037	200.138	0	
-40.618	-4.95711	227.304	0	
-26.457	-2.96011	207.094	0	
12.5	-1.03479	179.625	0	
12.8277	-2.00504	179.291	0	
5	-0.792406	188.397	0	
5.43557	-2.07688	192.044	0	
-13.7875	-3.24559	191.994	0	
-5.625	-3.34884	196.972	0	
-1.75561	-2.06993	201.493	0	
-9.9664	-3.07092	187.926	0	
-5.20833	-2.01633	200.163	0	
-14.1328	-5.94785	185.053	0	
-39.5887	-1.78555	197.244	0	
-39.7251	-2.84652	194.663	0	
-27.9709	-1.8473	210.613	0	
-39.2462	-5.42835	254.679	0	
-38.7875	-3.24559	213.943	0	
-27.8502	-2.73747	188.083	0	
-70.0375	-3.24559	192.42	0	
31.4174	-3.79821	195.722	0	
-70.8387	-1.78555	186.467	0	
-70.9751	-2.84652	187.777	0	
-78.75	-1.02905	168.247	0	
-76.9845	-2.19037	183.473	0	
-85.0446	-2.8545	183.818	0	
-81.5873	-2.94281	188.654	0	
113.839	-1.76841	189.817	0	
115	-1.03479	188.422	0	
108.75	-1.03479	187.624	0	
109.078	-2.00504	186.832	0	
101.25	-0.792406	189.342	0	
101.686	-2.07688	192.913	0	
82.4625	-3.24559	197.819	0	
90.625	-3.34884	200.412	0	
94.4944	-2.06993	194.575	0	
86.2836	-3.07092	192.237	0	
91.0417	-2.01633	194.775	0	
82.1172	-5.94785	192.545	0	
81.6613	-1.78555	205.094	0	
81.5249	-2.84652	203.146	0	
73.75	-1.02905	229.079	0	
75.5155	-2.19037	212.646	0	
58.7125	-3.24559	225.701	0	
56.1142	-5.74538	227.859	0	
68.2444	-2.06993	224.492	0	
52.9849	-8.22246	192.499	0	
58.2538	-5.42835	232.445	0	
68.2925	-4.4054	221.397	0	
57.9113	-1.78555	217.308	0	
57.7749	-2.84652	218.208	0	
27.4625	-3.24559	197.44	0	
111.856	-6.04794	193.549	0	
26.6613	-1.78555	195.438	0	
26.5249	-2.84652	195.255	0	
18.75	-1.02905	171.174	0	
20.5155	-2.19037	192.25	0	
12.4554	-2.8545	188.615	0	
15.9127	-2.94281	190.472	0	
151.066	-1.75189	212.195	0	
150.233	-2.05915	209.214	0	
124.963	-3.24559	199.348	0	
152.463	-3.24559	219.76	0	
124.161	-1.78555	198.489	0	
124.025	-2.84652	199.809	0	
116.25	-1.02905	190.48	0	
118.016	-2.19037	196.581	0	
117.463	-3.24559	199.374	0	
114.672	-2.00504	193.402	0	
-136.287	-3.24559	213.137	0	
-66.0826	-3.79821	204.123	0	
-119.589	-1.78555	201.974	0	
-119.725	-2.84652	186.991	0	
-87.8202	-2.91409	178.86	0	
-80.2083	-2.01633	180.804	0	
-92.684	-1.75189	169.748	0	
-93.5173	-2.05915	184.378	0	
-150.208	-2.01633	211.541	0	
-140.12	-4.31165	214.512	0	
-127.138	-1.54577	220.017	0	
-126.288	-3.13655	209.314	0	
-17.3326	-3.79821	197.339	0	
9.62811	-4.98343	198.853	0	
-22.0887	-1.78555	205.371	0	
-22.2251	-2.84652	196.24	0	
9.67981	-2.91409	188.876	0	
17.2917	-2.01633	182.192	0	
4.81598	-1.75189	181.827	0	
3.98265	-2.05915	190.077	0	
-43.9583	-3.47328	208.843	0	
-42.6197	-4.31165	224.049	0	
-29.6376	-1.54577	209.356	0	
-28.7878	-3.13655	212.8	0	
-83.4261	-3.92482	200.404	0	
-87.8719	-4.98343	204.7	0	
-78.3387	-1.78555	180.136	0	
-78.4751	-2.84652	183.042	0	
110.744	-2.06993	191.083	0	
108.705	-2.8545	192.588	0	
107.292	-2.01633	185.749	0	
105.93	-2.91409	190.082	0	
101.066	-1.75189	180.046	0	
100.233	-2.05915	191.465	0	
78.9174	-3.79821	205.364	0	
128.917	-3.79821	202.202	0	
74.1613	-1.78555	216.46	0	
74.0249	-2.84652	215.563	0	
53.5417	-3.47328	225.539	0	
54.8803	-4.31165	230.59	0	
23.9174	-3.79821	189.934	0	
6.21255	-3.24559	196.479	0	
19.1613	-1.78555	186.556	0	
19.0249	-2.84652	188.12	0	
146.906	-3.51902	203.018	0	
175.818	-8.94432	263.493	0	
112.679	-3.08731	195.497	0	
121.417	-3.79821	196.537	0	
116.661	-1.78555	195.102	0	
116.525	-2.84652	194.519	0	
-138.605	-3.88818	206.237	0	
-123.385	-4.48196	196.5	0	
-113.607	-3.89079	194.502	0	
-91.2875	-3.24559	198.16	0	
-128.58	-3.14785	188.75	0	
-139.774	-5.38006	223.406	0	
-41.1052	-3.88818	213.543	0	
-25.8847	-4.48196	202.954	0	
-16.1071	-3.89079	191.481	0	
19.9625	-3.24559	194.503	0	
-31.0796	-3.14785	193.681	0	
-42.2738	-5.38006	232.354	0	
-95.6393	-4.06622	185.368	0	
-77.5375	-3.24559	188.231	0	
76.5929	-4.23242	204.352	0	
102.463	-3.24559	194.031	0	
66.9495	-4.25718	220.984	0	
56.3948	-3.88818	228.092	0	
1.86074	-4.06622	196.382	0	
14.0739	-3.92482	198.158	0	
96.9055	-3.51902	192.51	0	
109.39	-4.06799	191.596	0	
41.0417	-2.72654	213.549	0	
40.2083	-2.72654	210.421	0	
-145.337	-2.94281	197.955	0	
-142.292	-3.47328	198.624	0	
-157.708	-1.16463	160.496	0	
-167.502	-5.81125	114.452	0	
-151.458	-2.72654	218.559	0	
-149.747	-2.80091	203.61	0	
-155.26	-5.35468	212.306	0	
-153.958	-2.72654	210.949	0	
-47.8373	-2.94281	200.869	0	
-44.7917	-3.47328	201.972	0	
-53.9583	-2.72654	199.082	0	
-52.7083	-2.01633	193.775	0	
-51.2946	-2.8545	201.397	0	
-52.2473	-2.80091	196.299	0	
-60.2159	-3.06466	200.395	0	
-60.2085	-5.36053	232.314	0	
-67.7159	-3.06466	191.888	0	
-64.5113	-3.00667	194.134	0	
49.6627	-2.94281	213.386	0	
52.7083	-3.47328	227.612	0	
42.2917	-2.01633	215.261	0	
38.8316	-3.68836	208.633	0	
38.4298	-2.91409	211.941	0	
42.7083	-2.72654	214.254	0	
29.7841	-3.06466	190.331	0	
32.9887	-3.00667	197.563	0	
139.747	-2.80091	197.483	0	
141.503	-2.80091	199.11	0	
127.284	-3.06466	200.211	0	
130.489	-3.00667	201.876	0	
-116.466	-3.06466	188.505	0	
-113.261	-3.00667	188.538	0	
-88.9659	-3.06466	185.691	0	
-88.9594	-5.36183	230.686	0	
-104.003	-2.80091	176.027	0	
-102.247	-2.80091	178.254	0	
-141.458	-2.01633	197.311	0	
-138.261	-3.00667	201.342	0	
-144.94	-3.72538	204.333	0	
-141.042	-2.72654	195.783	0	
-18.9659	-3.06466	193.866	0	
-15.7613	-3.00667	197.789	0	
8.53409	-3.06466	195.992	0	
8.54056	-5.36183	206.092	0	
-6.50269	-2.80091	200.339	0	
-4.74731	-2.80091	204.268	0	
-43.9583	-2.01633	195.384	0	
-40.7613	-3.00667	198.594	0	
-47.44	-3.72538	207.815	0	
-43.5417	-2.72654	194.384	0	
-75.2159	-3.06466	184.77	0	
-72.0113	-3.00667	187.49	0	
104.784	-3.06466	190.121	0	
104.791	-5.36183	191.131	0	
89.7473	-2.80091	192.796	0	
91.5027	-2.80091	197.302	0	
77.2841	-3.06466	209.363	0	
80.4887	-3.00667	204.591	0	
53.5417	-2.01633	210.899	0	
56.7387	-3.00667	222.716	0	
50.06	-3.72538	228.387	0	
53.9583	-2.72654	221.114	0	
22.2841	-3.06466	184.594	0	
25.4887	-3.00667	188.9	0	
119.784	-3.06466	194.23	0	
122.989	-3.00667	195.493	0	
-82.7179	-2.99641	178.884	0	
-79.5113	-3.00667	181.257	0	
14.7821	-2.99641	187.175	0	
17.9887	-3.00667	189.192	0	
148.794	-2.85377	206.619	0	
151.549	-3.13784	216.087	0	
-94.9558	-2.85377	190.656	0	
-92.2008	-3.13784	175.731	0	
2.54418	-2.85377	197.031	0	
5.29924	-3.13784	192.527	0	
98.7942	-2.85377	194.27	0	
101.549	-3.13784	187.029	0	
47.8239	-3.92482	216.477	0	
52.2917	-2.72654	217.546	0	
-150.162	-3.55114	224.226	0	
-149.731	-4.40508	227.944	0	
-156.648	-3.04538	180.857	0	
-162.586	-7.77018	144.464	0	
-151.873	-3.97501	227.78	0	
-148.253	-3.78292	209.661	0	
-191.185	-10.7108	139.805	0	
-152.708	-3.47328	218.024	0	
-141.458	-3.47328	202.119	0	
-53.5398	-3.47677	202.4	0	
-52.2309	-4.40508	225.097	0	
-56.4583	-2.72654	196.677	0	
-52.6621	-3.55114	207.021	0	
-57.7232	-3.50081	200.822	0	
-50.7527	-3.78292	208.07	0	
-59.0702	-2.91409	194.365	0	
-58.6684	-3.68836	210.635	0	
-56.8899	-3.99904	216.426	0	
-55.2083	-3.47328	200.337	0	
-67.8478	-5.56717	219.232	0	
-64.264	-5.46522	239.149	0	
46.2054	-2.8545	213.584	0	
45.2691	-4.40508	221.376	0	
43.5417	-2.72654	214.104	0	
44.8379	-3.55114	215.781	0	
40.6101	-3.99904	211.881	0	
43.9602	-3.47677	218.039	0	
41.4583	-3.47328	215.089	0	
39.7768	-3.50081	214.838	0	
29.6522	-5.56717	197.043	0	
33.236	-5.46522	207.329	0	
139.063	-5.39772	202.758	0	
142.455	-2.8545	198.782	0	
138.11	-4.06799	198.769	0	
150.468	-3.59669	213.184	0	
127.152	-5.56717	204.054	0	
126.593	-4.23242	202.521	0	
-116.598	-5.56717	217.048	0	
-117.157	-4.23242	198.478	0	
-87.4178	-3.68916	200.352	0	
-84.5027	-3.78292	192.141	0	
-85.9952	-4.42757	209.217	0	
-81.1036	-3.83222	192.743	0	
-104.687	-5.39772	235.543	0	
-101.295	-2.8545	186.842	0	
-105.64	-4.06799	184.705	0	
-93.2818	-3.59669	212.84	0	
-143.978	-3.50911	204.288	0	
-140.208	-2.72654	200.017	0	
-143.564	-4.19254	210.239	0	
-139.719	-3.60804	201.073	0	
-19.0978	-5.56717	210.904	0	
-19.6571	-4.23242	203.869	0	
10.0822	-3.68916	198.783	0	
12.9973	-3.78292	194.614	0	
11.5048	-4.42757	200.322	0	
16.3964	-3.83222	194.562	0	
-7.1871	-5.39772	194.367	0	
-3.79459	-2.8545	197.278	0	
-8.13982	-4.06799	184.293	0	
4.21822	-3.59669	200.109	0	
-46.4777	-3.50911	209.501	0	
-42.7083	-2.72654	205.017	0	
-46.0637	-4.19254	215.214	0	
-42.2189	-3.60804	202.787	0	
-75.3478	-5.56717	213.488	0	
-79.2613	-5.47929	229.762	0	
106.332	-3.68916	191.573	0	
111.252	-3.08731	191.564	0	
105.878	-4.98343	193.116	0	
107.322	-3.57598	192.712	0	
89.0629	-5.39772	209.097	0	
92.4554	-2.8545	193.757	0	
88.1102	-4.06799	188.899	0	
100.468	-3.59669	197.019	0	
77.1522	-5.56717	210.992	0	
73.1505	-5.31383	212.15	0	
51.0223	-3.50911	223.671	0	
54.7917	-2.72654	220.338	0	
51.4363	-4.19254	231.485	0	
55.2811	-3.60804	228.131	0	
22.1522	-5.56717	193.972	0	
18.2387	-5.47929	197.878	0	
119.652	-5.56717	197.642	0	
120.831	-5.28353	205.083	0	
-86.4282	-3.57598	190.855	0	
-89.651	-4.21812	198.196	0	
11.0718	-3.57598	194.253	0	
7.84897	-4.21812	196.763	0	
145.626	-4.43041	203.706	0	
140.625	-4.73217	199.435	0	
-98.124	-4.43041	206.431	0	
-103.125	-4.73217	187.305	0	
-0.624027	-4.43041	202.545	0	
-5.625	-4.73217	189.371	0	
95.626	-4.43041	197.39	0	
90.625	-4.73217	191.588	0	
-152.334	-5.62943	239.214	0	
-147.176	-3.92482	225.446	0	
-153.965	-4.16242	217.118	0	
-83.4597	-6.17559	249.575	0	
-155.246	-3.54331	200.202	0	
-154.836	-4.23245	207.254	0	
-153.453	-5.20944	223.164	0	
-148.774	-4.58327	239.267	0	
-82.8931	-5.00841	211.307	0	
-49.6761	-3.92482	220.441	0	
-54.3731	-3.97501	216.495	0	
14.0403	-6.17559	205.053	0	
-60.9011	-4.21822	210.535	0	
-54.3047	-5.11624	232.39	0	
-59.1215	-4.98124	225.246	0	
-55.5387	-5.90518	242.857	0	
14.6069	-5.00841	198.331	0	
115.662	-5.33933	197.765	0	
36.5989	-4.21822	213.115	0	
38.3785	-4.98124	221.328	0	
42.2917	-3.47328	215.781	0	
40.628	-5.06466	225.562	0	
41.9613	-5.90518	214.673	0	
43.1269	-3.97501	218.065	0	
130.143	-3.89079	205.113	0	
182.973	-1.7361	265.07	0	
128.331	-5.28353	205.901	0	
142.187	-5.39772	202.867	0	
-96.8445	-3.51902	185.807	0	
-94.973	-5.11846	241.522	0	
-150.329	-5.21478	239.627	0	
-64.8571	-3.89079	206.844	0	
-154.177	-7.51666	238.28	0	
-44.707	-5.1949	231.59	0	
-146.477	-5.20289	224.905	0	
-142.711	-4.15672	214.208	0	
-148.323	-5.70833	236.159	0	
-141.026	-4.17689	210.32	0	
-145.313	-5.59213	255.558	0	
-142.015	-8.22246	306.511	0	
0.655509	-3.51902	196.015	0	
2.52695	-5.11846	204.76	0	
-51.2742	-4.58327	228.815	0	
32.6429	-3.89079	205.802	0	
-41.3858	-5.74538	259.45	0	
82.8784	-4.52398	201.026	0	
-48.9766	-5.20289	228.648	0	
-45.211	-4.15672	221.524	0	
-50.8234	-5.70833	238.224	0	
-43.5258	-4.17689	215.924	0	
-47.8132	-5.59213	253.056	0	
-44.5151	-8.22246	309.05	0	
98.777	-5.11846	200.059	0	
109.178	-6.60412	191.552	0	
104.099	-4.21812	193.124	0	
107.793	-4.50658	192.76	0	
43.1953	-5.11624	226.891	0	
52.793	-5.1949	233.856	0	
62.5324	-3.06872	222.526	0	
98.1107	-4.06622	188.468	0	
48.5234	-5.20289	235.12	0	
52.289	-4.15672	230.536	0	
46.6766	-5.70833	230.896	0	
53.9742	-4.17689	232.257	0	
46.2258	-4.58327	216.207	0	
55.2262	-5.38006	238.613	0	
-85.0224	-4.58092	214.946	0	
-84.5124	-5.89001	231.301	0	
12.4776	-4.58092	201.695	0	
12.9876	-5.89001	200.49	0	
-156.277	-5.20944	189.169	0	
-142.207	-5.1949	225.545	0	
-157.69	-2.6252	164.908	0	
-172.708	-13.7022	127.055	0	
-154.294	-6.05848	223.796	0	
-74.1691	-5.28353	228.509	0	
-174.419	-18.3249	142.279	0	
-52.1302	-6.3947	269.386	0	
-56.872	-5.06466	230.613	0	
-53.0402	-5.47194	232.096	0	
-110.872	-4.52398	201.869	0	
23.3309	-5.28353	200.921	0	
-13.3716	-4.52398	192.472	0	
108.908	-4.945	197.152	0	
44.4598	-5.47194	225.734	0	
49.6868	-5.59213	223.555	0	
130.736	-5.46522	206.333	0	
135.406	-8.75328	208.085	0	
-138.886	-5.74538	248.483	0	
-143.191	-7.03622	279.831	0	
-91.7489	-6.89898	261.762	0	
-92.1496	-5.26597	248.448	0	
-147.102	-6.18605	269.288	0	
-126.517	-4.32001	199.934	0	
-144.901	-4.79453	218.311	0	
-143.942	-5.03664	227.384	0	
-144.543	-7.10465	259.238	0	
-143.002	-5.76581	240.418	0	
-146.668	-7.76797	272.62	0	
-130.669	-4.37754	187.46	0	
-141.355	-5.21507	222.165	0	
-140.593	-6.0103	250.85	0	
-29.0174	-4.32001	217.022	0	
45.3698	-6.3947	204.739	0	
5.75113	-6.89898	197.327	0	
5.35038	-5.26597	201.439	0	
-65.5474	-6.44535	244.881	0	
-49.6024	-6.18605	262.66	0	
-47.4014	-4.79453	223.986	0	
-46.4417	-5.03664	231.248	0	
-47.0429	-7.10465	265.458	0	
-45.5017	-5.76581	248.122	0	
-49.1682	-7.76797	278.601	0	
-33.1694	-4.37754	199.957	0	
-43.8551	-5.21507	231.592	0	
-43.0926	-6.0103	259.644	0	
70.9983	-4.16217	213.281	0	
132.878	-4.52398	204.635	0	
106.877	-5.50143	193.393	0	
107.622	-6.93342	194.937	0	
98.3176	-7.15932	182.25	0	
101.6	-5.26597	196.547	0	
31.9526	-6.44535	211.905	0	
47.8976	-6.18605	213.1	0	
50.0986	-4.79453	232.579	0	
51.0583	-5.03664	231.05	0	
50.4571	-7.10465	224.397	0	
51.9983	-5.76581	230.412	0	
48.3318	-7.76797	219.641	0	
66.1611	-2.93321	220.552	0	
53.6449	-5.21507	238.059	0	
54.4074	-6.0103	224.489	0	
-86.9104	-5.42242	233.184	0	
-85.925	-6.50437	262.281	0	
10.5896	-5.42242	203.109	0	
11.575	-6.50437	206.878	0	
-151.678	-7.28627	254.609	0	
-149.419	-6.13754	262.209	0	
-62.2642	-6.91889	271.835	0	
-45.691	-7.03622	280.171	0	
35.2358	-6.91889	214.215	0	
51.809	-7.03622	221.596	0	
-159.418	-5.09998	153.997	0	
-115.419	-5.28353	204.944	0	
-150.027	-7.43868	270.291	0	
-113.014	-5.46522	212.111	0	
-135.879	-4.50999	192.539	0	
-127.822	-4.41078	213.624	0	
-60.8105	-6.63734	257.44	0	
-17.9191	-5.28353	202.332	0	
-54.0799	-8.70786	313.905	0	
-41.8296	-8.37487	330.185	0	
-38.3792	-4.50999	199.619	0	
-30.3219	-4.41078	218.249	0	
36.6895	-6.63734	223.688	0	
64.1709	-9.10125	164.299	0	
43.4201	-8.70786	182.107	0	
80.736	-5.46522	207.29	0	
65.625	-5.27905	208.263	0	
56.882	-4.95711	234	0	
-95.4324	-7.15932	252.011	0	
-145.272	-8.29733	331.212	0	
2.06757	-7.15932	183.973	0	
-15.514	-5.46522	203.192	0	
150.157	-4.6597	215.79	0	
158.883	-2.50461	254.023	0	
-133.429	-3.7302	181.147	0	
-140.644	-7.56208	277.95	0	
-35.9287	-3.7302	183.77	0	
-43.1439	-7.56208	285.077	0	
64.3005	-4.25718	225.648	0	
70.182	-3.08143	219.574	0	
-163.828	-1.26356	129.483	0	
-161.384	-5.37393	142.311	0	
102.001	-6.89898	184.425	0	
156.615	-8.65111	241.605	0	
-152.68	-8.32445	252.035	0	
-116.856	-9.69507	355.047	0	
-138.39	-7.18841	261.521	0	
-136.875	-6.99919	282.932	0	
-40.8903	-7.18841	275.091	0	
-39.375	-6.99919	292.176	0	
61.6412	-5.44334	212.558	0	
59.1208	-4.50999	228.67	0	
-82.5848	-7.52916	284.681	0	
-79.8609	-3.89608	202.246	0	
14.9152	-7.52916	201.337	0	
17.6391	-3.89608	198.517	0	
157.5	-0.496475	250.805	0	
158.137	-3.45571	249.353	0	
58.125	-6.99919	224.557	0	
80.1429	-3.89079	199.655	0	
59.6698	-8.44515	193.722	0	
61.6464	-7.44458	241.798	0	
-165.21	-0.654241	123.472	0	
-168.752	-1.0755	118.881	0	
-144.58	-10.5411	340.311	0	
-139.33	-8.37487	329.085	0	
-130.155	-5.65761	247.157	0	
-131.986	-3.63323	215.658	0	
-47.772	-8.29733	322.782	0	
-19.3558	-9.69507	318.188	0	
-32.6553	-5.65761	262.987	0	
-34.4857	-3.63323	214.337	0	
56.6097	-7.18841	229.085	0	
54.3561	-7.56208	224.667	0	
49.728	-8.29733	178.168	0	
55.6704	-8.37487	186.115	0	
-159.875	-1.43189	151.388	0	
-159.023	-2.89246	151.264	0	
156.838	-2.74918	246.345	0	
158.625	-1.12992	256.298	0	
142.731	-7.46803	204.522	0	
176.853	-1.43582	267.416	0	
-68.4071	-4.23242	210.059	0	
-66.6691	-5.28353	226.063	0	
-75.4167	-10.3326	368.229	0	
-59.8646	-8.3096	290.19	0	
-72.3571	-3.89079	201.876	0	
-69.2262	-6.72899	275.661	0	
29.0929	-4.23242	202.732	0	
30.8309	-5.28353	206.627	0	
22.0833	-10.3326	213.667	0	
37.6354	-8.3096	214.292	0	
25.1429	-3.89079	198.36	0	
28.2738	-6.72899	214.133	0	
122.643	-3.89079	202.618	0	
129.453	-6.44535	208.205	0	
121.742	-9.23105	217.003	0	
161.145	-8.54365	252.984	0	
127.477	-10.2966	214.896	0	
190.319	-2.08076	261.283	0	
-118.505	-7.54588	299.841	0	
-114.297	-6.44535	257.82	0	
-89.8332	-7.08742	279.43	0	
-101.019	-7.46803	252.861	0	
-117.858	-6.4267	230.392	0	
-140.887	-12.3828	404.984	0	
-21.0052	-7.54588	286.836	0	
-16.7974	-6.44535	219.709	0	
7.66684	-7.08742	197.077	0	
-3.51913	-7.46803	185.778	0	
-20.3582	-6.4267	233.204	0	
-43.3872	-12.3828	388.679	0	
-75.9071	-4.23242	208.025	0	
-73.0474	-6.44535	242.168	0	
-69.2388	-9.20929	348.602	0	
-71.764	-5.46522	231.436	0	
-76.7196	-6.73778	279.148	0	
-77.2148	-8.98906	366.733	0	
78.3309	-5.28353	204.984	0	
79.4526	-6.44535	207.288	0	
92.1871	-5.39772	198.287	0	
92.7309	-7.46803	195.031	0	
74.5596	-5.40086	206.325	0	
78.9296	-9.08967	228.847	0	
21.5929	-4.23242	199.702	0	
24.4526	-6.44535	201.407	0	
28.2612	-9.20929	213.376	0	
25.736	-5.46522	197.184	0	
20.7804	-6.73778	203.533	0	
20.2852	-8.98906	200.928	0	
119.093	-4.23242	203.077	0	
121.953	-6.44535	205.092	0	
125.774	-6.72899	205.314	0	
123.236	-5.46522	202.525	0	
117.071	-5.42633	204.835	0	
119.463	-9.6316	208.642	0	
-81.7013	-4.9694	224.347	0	
-80.556	-6.11128	236.36	0	
-80.8729	-7.50385	299.57	0	
-79.3782	-9.53722	356.485	0	
15.7987	-4.9694	201.53	0	
16.944	-6.11128	203.255	0	
16.6271	-7.50385	202.493	0	
18.1218	-9.53722	199.216	0	
110.83	-7.47425	204.731	0	
113.496	-4.16808	194.523	0	
-62.1755	-4.31081	222.156	0	
-62.9367	-5.73467	227.368	0	
35.3245	-4.31081	205.92	0	
34.5633	-5.73467	216.212	0	
103.261	-12.2612	199.858	0	
182.587	-9.32682	262.407	0	
-90.9255	-4.31071	196.562	0	
-93.5926	-4.6597	192.559	0	
-98.7859	-7.04865	240.623	0	
-101.563	-5.39772	230.362	0	
6.5745	-4.31071	203.51	0	
3.9074	-4.6597	197.537	0	
-1.2859	-7.04865	180.314	0	
-4.0629	-5.39772	188.903	0	
102.825	-4.31071	190.633	0	
100.157	-4.6597	187.212	0	
94.9641	-7.04865	185.118	0	
103.917	-7.08742	193.04	0	
-152.611	-10.7469	284.283	0	
-57.0477	-8.8546	308.777	0	
-120.785	-10.9617	422.666	0	
-47.0799	-10.5411	339.977	0	
-55.5733	-7.64358	280.604	0	
40.4523	-8.8546	201.876	0	
-60.6604	-12.2385	377.839	0	
50.4201	-10.5411	166.71	0	
-23.2851	-10.9617	408.617	0	
76.754	-9.39498	232.961	0	
36.8396	-12.2385	181.475	0	
104.806	-9.69773	190.372	0	
-128.573	-5.59388	227.105	0	
-119.075	-5.44657	221.56	0	
-31.0728	-5.59388	253.424	0	
-21.5748	-5.44657	229.496	0	
68.7541	-3.08143	216.982	0	
69.7027	-6.04201	216.048	0	
-173.002	-1.19333	118.184	0	
-162.298	-3.27925	136.613	0	
-134.862	-8.42353	321.798	0	
-132.922	-7.42565	270.322	0	
-37.3619	-8.42353	347.312	0	
-35.4215	-7.42565	283.447	0	
156.942	-6.29348	238.462	0	
167.502	-1.68071	266.18	0	
144.964	-7.04865	205.847	0	
194.592	-4.57815	260.893	0	
-69.6816	-4.325	217.453	0	
-70.4428	-5.74886	220.285	0	
27.8184	-4.325	195.938	0	
27.0572	-5.74886	200.179	0	
125.318	-4.325	201.313	0	
124.557	-5.74886	205.223	0	
133.174	-8.16642	211.193	0	
135.504	-5.34905	201.7	0	
-118.432	-4.325	201.733	0	
-121.558	-4.58212	185.94	0	
-110.576	-8.16642	317.78	0	
-108.246	-5.34905	211.044	0	
-20.9316	-4.325	204.587	0	
-24.0584	-4.58212	204.404	0	
-13.0757	-8.16642	240.955	0	
-10.746	-5.34905	177.021	0	
-77.1816	-4.325	214.346	0	
-77.9362	-5.75765	225.68	0	
75.3184	-4.325	209.823	0	
72.4356	-4.14101	213.294	0	
83.1743	-8.16642	233.907	0	
85.504	-5.34905	188.614	0	
20.3184	-4.325	195.341	0	
19.5638	-5.75765	201.664	0	
117.818	-4.325	195.126	0	
114.936	-4.14103	198.57	0	
-88.9774	-8.66503	342.685	0	
-86.6041	-8.13534	347.02	0	
8.52255	-8.66503	200.831	0	
10.8959	-8.13534	193.696	0	
112.168	-10.3069	195.677	0	
118.495	-7.12954	213.158	0	
113.238	-5.91521	200.105	0	
115.419	-7.77759	205.146	0	
-64.8214	-8.68669	325.928	0	
-62.8655	-8.89079	289.959	0	
32.6786	-8.68669	212.428	0	
34.6345	-8.89079	222.988	0	
-61.1145	-9.89368	332.466	0	
-90.0051	-12.6851	511.954	0	
-26.6509	-8.94098	355.024	0	
7.49494	-12.6851	180.258	0	
46.941	-8.79126	171.54	0	
129.242	-9.23105	216.542	0	
54.1128	-12.3828	102.8	0	
76.0981	-7.0343	208.183	0	
70.9806	-5.79877	219.235	0	
73.2508	-7.54635	197.162	0	
-166.079	-8.06741	135.379	0	
-157.675	-6.42851	176.723	0	
150.595	-7.57725	223.355	0	
198.713	-12.5666	256.094	0	
-124.151	-8.94098	334.039	0	
-114.508	-9.23105	340.49	0	
-50.559	-8.79126	315.508	0	
-17.0079	-9.23105	283.138	0	
98.2113	-13.5521	202.386	0	
160.378	-5.98324	254.149	0	
-93.6512	-8.33358	349.352	0	
41.9267	-7.64358	224.82	0	
3.84876	-8.33358	195.908	0	
58.5709	-11.1429	142.662	0	
70.3765	-10.677	174.142	0	
68.9954	-8.27657	226.03	0	
92.8279	-13.8833	235.792	0	
215.861	-6.59265	249.851	0	
114.588	-6.63488	198.695	0	
117.188	-6.89612	198.028	0	
-142.675	-10.5347	384.254	0	
36.3855	-9.89368	220.073	0	
15.0411	-11.9339	192.312	0	
100.099	-8.33358	198.23	0	
72.3164	-6.49884	219.421	0	
74.78	-6.77541	220.166	0	
-125.008	-5.44279	228.433	0	
-129.35	-9.00121	357.924	0	
-27.5075	-5.44279	251.986	0	
-31.85	-9.00121	381.153	0	
136.3	-6.99449	207.014	0	
148.318	-7.15932	210.978	0	
134.209	-4.53464	202.978	0	
136.849	-4.28441	201.382	0	
-108.344	-8.75328	309.821	0	
-107.45	-6.99449	276.432	0	
-109.541	-4.53464	188.899	0	
-106.901	-4.28441	197.465	0	
-10.8444	-8.75328	181.138	0	
-9.9496	-6.99449	209.476	0	
-12.0407	-4.53464	186.886	0	
-9.40082	-4.28441	195.602	0	
85.4056	-8.75328	189.197	0	
81.2702	-10.3281	198.128	0	
84.2093	-4.53464	194.974	0	
86.8492	-4.28441	202.212	0	
-58.1585	-5.8593	247.859	0	
-58.2996	-7.91085	275.577	0	
39.3415	-5.8593	213.701	0	
39.2004	-7.91085	230.231	0	
-153.991	-11.7103	261.3	0	
-155.613	-8.50548	215.861	0	
60.4506	-4.51844	233.709	0	
62.9939	-4.39269	226.979	0	
-178.103	-1.44749	121.061	0	
-173.839	-5.64205	118.213	0	
-131.055	-7.65507	285.964	0	
-127.759	-7.52237	267.033	0	
-33.5546	-7.65507	316.942	0	
-30.2592	-7.52237	297.724	0	
-125.498	-7.46205	266.618	0	
-83.3496	-9.59591	421.323	0	
-27.9984	-7.46205	309.471	0	
14.1504	-9.59591	195.037	0	
86.3004	-6.99449	225.355	0	
150.055	-12.7198	224.122	0	
-120.728	-5.80066	233.707	0	
-120.68	-7.33391	258.543	0	
-23.2279	-5.80066	239.02	0	
-23.1798	-7.33391	271.078	0	
72.7416	-9.79585	237.397	0	
159.171	-10.2877	244.088	0	
-54.5306	-11.2795	340.931	0	
-52.3001	-7.89572	282.508	0	
42.9694	-11.2795	187.612	0	
45.1999	-7.89572	225.321	0	
-138.913	-10.8834	379.671	0	
-82.4589	-11.9339	442.645	0	
-45.1748	-10.5347	368.384	0	
-41.4132	-10.8834	378.803	0	
-135.961	-11.1213	426.381	0	
-121.786	-8.55513	352.623	0	
-38.4607	-11.1213	412.737	0	
-24.2856	-8.55513	365.53	0	
52.3252	-10.5347	144.222	0	
56.0868	-10.8834	168.679	0	
-150.634	-12.2646	327.935	0	
-118.03	-11.8896	467.669	0	
-73.2205	-8.73643	348.276	0	
-3.42296	-13.8421	207.332	0	
24.2795	-8.73643	206.462	0	
140.145	-11.4398	210.942	0	
-85.9091	-14.035	526.953	0	
-66.535	-10.5118	355.551	0	
11.5909	-14.035	181.402	0	
30.965	-10.5118	246.711	0	
-97.4745	-8.42323	350.904	0	
-112.167	-10.4695	388.849	0	
0.0255294	-8.42323	193.6	0	
-14.6674	-10.4695	238.199	0	
-164.41	-13.599	160.69	0	
-187.785	-3.81496	135.056	0	
74.9266	-11.3856	174.436	0	
65.2154	-13.6039	130.071	0	
146.276	-8.42323	212.065	0	
129.263	-24.2646	219.559	0	
114.751	-10.3233	207.593	0	
71.4242	-17.4153	81.586	0	
-134.098	-13.8532	501.878	0	
-97.9517	-12.0229	441.944	0	
-36.5975	-13.8532	484.688	0	
-0.451702	-12.0229	165.493	0	
90.1455	-11.4398	186.053	0	
96.2755	-8.42323	204.373	0	
-56.6144	-11.5018	351.271	0	
-50.5379	-10.963	350.597	0	
40.8856	-11.5018	166.488	0	
46.9621	-10.963	156.554	0	
-148.571	-10.8319	325.412	0	
-48.1756	-15.7705	400.556	0	
-154.889	-14.3905	275.599	0	
-147.97	-17.6816	410.84	0	
-48.4549	-12.1835	388.075	0	
-45.013	-15.9763	448.722	0	
49.0451	-12.1835	101.348	0	
131.583	-10.4695	216.033	0	
-159.3	-10.3101	186.807	0	
-155.495	-10.2766	233.233	0	
54.7007	-19.2086	32.9598	0	
125.71	-8.44973	216.764	0	
-100.923	-13.8421	563.869	0	
49.3244	-15.7705	85.2979	0	
10.7483	-12.069	186.112	0	
128.01	-15.8868	221.984	0	
-150.446	-24.58	391.246	0	
-157.754	-11.6412	225.733	0	
-157.617	-14.2078	226.015	0	
-167.607	-12.1717	132.013	0	
-142.499	-15.3422	481.768	0	
163.886	-7.81396	261.542	0	
174.226	-2.69569	268.241	0	
118.732	-15.6842	216.513	0	
142.828	-13.8833	213.343	0	
-86.6409	-16.373	601.726	0	
-65.7541	-13.472	430.814	0	
10.8591	-16.373	178.189	0	
31.7459	-13.472	191.193	0	
-184.223	-1.73373	126.571	0	
-161.745	-10.4642	157.141	0	
-105.152	-7.25958	245.873	0	
-111.405	-13.4554	509.74	0	
-7.65167	-7.25958	172.075	0	
-13.9051	-13.4554	322.961	0	
88.5983	-7.25958	187.607	0	
81.7838	-13.563	260.532	0	
138.598	-7.25958	203.149	0	
131.153	-14.6103	219.284	0	
-130.23	-12.4755	473.065	0	
-125.008	-12.0914	457.924	0	
-32.73	-12.4755	475.45	0	
-27.5081	-12.0914	465.5	0	
-78.8414	-14.5362	517.679	0	
-71.2546	-10.6507	376.387	0	
18.6586	-14.5362	196.747	0	
26.2454	-10.6507	227.868	0	
-92.6578	-11.3921	442.083	0	
-85.4292	-10.045	375.255	0	
4.84222	-11.3921	172.824	0	
12.0708	-10.045	193.769	0	
137.145	-11.7939	212.501	0	
140.704	-8.66433	207.783	0	
117.489	-11.9439	225.692	0	
126.674	-12.8115	222.167	0	
-106.605	-11.7939	433.492	0	
-103.046	-8.66433	356.54	0	
-145.757	-15.2052	401.332	0	
-103.605	-11.4398	438.255	0	
-9.10523	-11.7939	234.822	0	
-5.5458	-8.66433	199.241	0	
-20.5299	-11.8896	402.005	0	
-6.10455	-11.4398	171.67	0	
87.1448	-11.7939	256.238	0	
90.7042	-8.66433	228.17	0	
-52.7296	-12.6391	381.659	0	
-51.3189	-16.133	425.25	0	
44.7704	-12.6391	102.23	0	
46.1811	-16.133	71.5408	0	
66.2607	-7.66183	230.822	0	
61.592	-14.645	74.9088	0	
39.4104	-13.2995	154.366	0	
145.799	-12.064	213.913	0	
-58.0896	-13.2995	396.601	0	
-86.7517	-12.069	466.496	0	
-76.2221	-13.5164	508.176	0	
2.5838	-13.8175	177.688	0	
-94.9162	-13.8175	563.608	0	
-80.1994	-11.9005	478.607	0	
-57.6835	-17.1843	440.421	0	
17.3006	-11.9005	198.439	0	
95.7992	-12.064	179.467	0	
142.263	-32.8139	218.898	0	
123.657	-10.3857	216.858	0	
124.174	-12.8115	220.888	0	
-116.81	-16.0011	560.604	0	
-106.911	-18.7727	638.701	0	
-122.648	-13.347	498.12	0	
-120.289	-17.0036	603.993	0	
-19.3105	-16.0011	443.278	0	
-9.41138	-18.7727	283.474	0	
-25.1485	-13.347	451.354	0	
-22.7891	-17.0036	501.47	0	
21.2779	-13.5164	201.857	0	
52.487	-15.9763	47.6718	0	
-88.8748	-11.0032	431.298	0	
-88.6138	-16.0889	561.769	0	
8.62524	-11.0032	179.844	0	
8.88623	-16.0889	179.491	0	
100.469	-11.0855	185.299	0	
122.403	-15.8868	226.213	0	
-102.761	-18.776	615.79	0	
39.8165	-17.1843	106.589	0	
-30.5151	-14.406	494.829	0	
68.6863	-14.565	168.17	0	
-84.2433	-18.71	621.986	0	
-83.6959	-14.349	553.279	0	
13.2567	-18.71	188.884	0	
13.8041	-14.349	188.184	0	
-128.015	-14.406	551.1	0	
-1.46149	-20.9398	231.171	0	
-82.3706	-17.1144	596.869	0	
-77.1404	-18.8236	599.911	0	
-34.8448	-22.1714	487.344	0	
103.857	-15.3762	188.65	0	
15.1294	-17.1144	181.334	0	
20.3596	-18.8236	197.133	0	
-71.9341	-14.5113	509.16	0	
-62.81	-14.1067	410.658	0	
25.5659	-14.5113	204.681	0	
34.69	-14.1067	201.201	0	
-170.722	-5.27006	119.073	0	
-175.476	-2.64081	116.719	0	
166.993	-9.3581	256.203	0	
179.821	-3.17192	265.1	0	
-191.569	-2.08123	135.82	0	
-180.704	-8.04338	119.727	0	
-53.6684	-18.9989	452.787	0	
-5.26069	-18.776	201.554	0	
43.8316	-18.9989	37.1298	0	
133.843	-20.6746	217.86	0	
-108.074	-14.1929	543.554	0	
-94.0883	-17.8006	591.367	0	
-10.5743	-14.1929	247.68	0	
3.41174	-17.8006	182.329	0	
134.484	-15.3478	218.6	0	
159.298	-32.6901	229.727	0	
75.2994	-15.1171	212.071	0	
125.206	-18.1807	225.849	0	
110.084	-14.9563	197.496	0	
167.645	-28.0136	245.337	0	
85.4271	-14.4419	177.622	0	
44.9695	-27.6829	18.8314	0	
-76.3835	-22.9609	661.355	0	
-62.2534	-16.8341	469.257	0	
21.1165	-22.9609	149.599	0	
35.2466	-16.8341	130.689	0	
-69.1374	-16.0301	487.601	0	
-59.6977	-18.8508	467.021	0	
28.3626	-16.0301	218.312	0	
37.8023	-18.8508	97.3517	0	
-181.071	-3.18122	123.454	0	
-176.1	-9.31089	118.807	0	
170.302	-6.68287	267.044	0	
173.419	-6.43797	266.471	0	
159.128	-14.7127	241.521	0	
164.209	-14.5128	257.121	0	
-98.9615	-20.9398	704.546	0	
12.9924	-23.3158	169.502	0	
7.06144	-18.779	177.096	0	
117.677	-21.7369	211.16	0	
-79.7755	-17.335	576.357	0	
-74.7054	-15.7809	505.245	0	
17.7245	-17.335	191.113	0	
22.7946	-15.7809	208.186	0	
152.809	-9.49693	222.256	0	
153.817	-16.299	223.093	0	
-153.202	-17.3239	316.026	0	
-150.327	-16.1614	340.023	0	
-163.68	-16.5656	178.729	0	
-63.8837	-22.4837	531.661	0	
-146.558	-22.1446	418.155	0	
-142.549	-22.4698	528.284	0	
39.5095	-26.6887	45.0281	0	
91.2651	-19.3404	165.501	0	
-128.039	-20.2596	634.761	0	
-84.5076	-23.3158	710.475	0	
-57.9905	-26.6887	528.729	0	
33.6163	-22.4837	97.8814	0	
-187.588	-7.89551	129.696	0	
-195.842	-4.57853	143.803	0	
100.778	-19.5012	179.752	0	
106.939	-9.51808	191.057	0	
-192.842	-29.1807	147.062	0	
-183.66	-10.6764	132.583	0	
179.592	-6.93814	265.755	0	
186.535	-3.81686	263.738	0	
-68.6736	-19.0863	557.934	0	
-64.7337	-19.2556	517.582	0	
28.8264	-19.0863	148.166	0	
32.7663	-19.2556	144.665	0	
112.986	-17.0898	211.304	0	
121.254	-28.2149	205.548	0	
-158.754	-20.6094	238.142	0	
37.0231	-22.4901	84.4908	0	
25.497	-23.4473	188.597	0	
121.097	-23.8369	222.336	0	
100.41	-16.4657	203.876	0	
109.833	-12.0214	210.861	0	
-90.4386	-18.779	681.158	0	
-72.003	-23.4473	626.281	0	
-52.4633	-27.7169	515.619	0	
-60.4769	-22.4901	535.373	0	
105.849	-22.2944	204.684	0	
106.839	-16.4118	209.488	0	
-70.3526	-26.6553	624.701	0	
52.9428	-24.0743	15.902	0	
-25.1725	-21.6016	446.063	0	
95.6087	-22.0749	209.546	0	
31.3268	-25.5223	110.286	0	
125.206	-21.9293	217.762	0	
108.462	-20.2945	196.421	0	
116.562	-17.9116	224.052	0	
111.958	-20.6901	210.839	0	
114.531	-23.4196	214.986	0	
71.0304	-23.2096	69.8494	0	
141.707	-19.6086	218.77	0	
-113.695	-16.8815	607.702	0	
-110.638	-20.7638	655.786	0	
-122.673	-21.6016	661.05	0	
-122.665	-35.1775	616.53	0	
-16.1947	-16.8815	335.233	0	
-13.138	-20.7638	361.185	0	
-30.539	-20.2596	534.427	0	
-66.1732	-25.5223	605.449	0	
78.8199	-16.4504	149.264	0	
86.8649	-19.5449	250.72	0	
-98.7451	-26.3808	672.635	0	
-88.73	-23.669	657.139	0	
-1.24511	-26.3808	227.367	0	
8.77004	-23.669	194.255	0	
-205.28	-10.9939	153.346	0	
-203.116	-22.3712	158.339	0	
-200.382	-2.4973	147.301	0	
-210.958	-2.99655	158.359	0	
-165.848	-21.217	200.698	0	
-154.734	-21.2796	322.895	0	
168.663	-18.2333	247.738	0	
175.263	-15.1641	260.153	0	
178.781	-17.6852	256.1	0	
199.132	-2.49739	257.02	0	
-119.214	-27.9461	672.494	0	
27.1474	-26.6553	109.188	0	
-37.9991	-37.0053	477.839	0	
106.132	-26.6725	180.945	0	
-80.5482	-26.5803	683.924	0	
37.9206	-30.6463	43.9539	0	
16.9518	-26.5803	189.946	0	
117.266	-31.4134	209.04	0	
113.963	-28.7182	193.582	0	
84.3565	-22.7175	116.605	0	
79.9548	-20.502	166.858	0	
78.3935	-30.9545	67.3806	0	
109.886	-30.7265	197.082	0	
-170.264	-22.5426	154.105	0	
-186.586	-34.0715	179.682	0	
-71.4692	-32.4504	661.543	0	
-64.3552	-29.4863	598.8	0	
-129.522	-33.6809	590.892	0	
-77.2844	-32.8618	650.054	0	
26.0308	-32.4504	129.775	0	
33.1448	-29.4863	73.2649	0	
-35.8192	-26.3093	485.826	0	
20.2156	-32.8618	138.702	0	
-32.3341	-32.9669	489.34	0	
200.219	-31.4848	247.428	0	
-81.3536	-39.2894	736.77	0	
-59.5794	-30.6463	586.438	0	
-173.766	-29.45	194.37	0	
48.7057	-33.5404	28.0915	0	
-67.173	-34.0637	629.929	0	
-62.7476	-39.8274	617.644	0	
-10.2351	-42.3533	275.825	0	
100.623	-33.4418	162.71	0	
30.327	-34.0637	69.5975	0	
34.7524	-39.8274	55.3585	0	
-136.209	-17.737	564.869	0	
-132.365	-22.2129	605.687	0	
-43.198	-18.7365	447.84	0	
-38.6886	-17.6956	484.667	0	
229.784	-7.91137	248.453	0	
-195.655	-9.12754	141.374	0	
-184.632	-17.2543	133.901	0	
-223.649	-3.59612	164.746	0	
-198.906	-17.9043	149.096	0	
132.435	-31.2901	213.856	0	
136.452	-29.449	215.453	0	
186.376	-7.64136	262.44	0	
187.265	-14.6613	258.188	0	
182.331	-13.8541	261.051	0	
189.97	-10.4787	260.814	0	
60.3681	-18.9378	36.2023	0	
76.0405	-24.963	83.2291	0	
119.878	-37.6577	195.661	0	
137.314	-23.0545	216.196	0	
-140.704	-18.1438	502.843	0	
-139.168	-26.5268	522.963	0	
-133.48	-26.6767	595.668	0	
-92.1633	-28.1316	748.879	0	
-50.4644	-23.7627	463.722	0	
-44.8887	-23.6362	478.809	0	
-57.1344	-37.3795	590.372	0	
-21.7444	-28.0369	475.216	0	
124.816	-30.5282	212.157	0	
128.715	-28.4856	212.274	0	
-154.172	-36.2055	319.181	0	
-205.51	-5.49385	155.856	0	
-189.708	-16.9412	139.313	0	
190.469	-19.3683	254.698	0	
194.401	-9.15162	258.65	0	
180.928	-24.6306	251.12	0	
209.708	-2.99653	253.005	0	
40.3656	-37.3795	45.8264	0	
84.393	-29.5111	112.221	0	
-148.752	-31.7441	400.618	0	
-141.483	-33.3657	497.218	0	
-51.8547	-39.276	572.336	0	
-41.3536	-26.7331	474.865	0	
124.872	-36.6466	209.207	0	
149.858	-28.1793	223.251	0	
5.33672	-28.1316	232.682	0	
129.988	-37.1068	210.052	0	
106.151	-35.183	172.977	0	
179.128	-40.5991	242.174	0	
74.4903	-38.1045	60.1811	0	
95.862	-26.6762	164.616	0	
101.314	-28.4806	181.61	0	
-90.1079	-37.043	638.575	0	
67.1678	-36.6738	23.3506	0	
65.58	-54.9481	62.4913	0	
113.853	-42.0949	187.867	0	
-199.966	-12.5463	151.95	0	
187.682	-25.5065	251.993	0	
209.204	-15.0839	251.734	0	
113.919	-50.1317	182.853	0	
-193.119	-20.7159	150.691	0	
-135.899	-48.5637	475.172	0	
-48.7724	-33.5709	512.651	0	
-43.2385	-32.7137	504.957	0	
134.099	-42.95	214.562	0	
122.432	-54.3794	202.921	0	
87.7148	-33.6491	109.69	0	
95.3237	-40.1176	132.092	0	
99.1751	-43.1784	152.765	0	
98.2767	-48.6319	143.357	0	
7.39212	-37.043	198.099	0	
-25.6479	-34.8802	391.142	0	
-217.111	-6.59266	169.36	0	
-216.837	-13.1836	164.135	0	
215.587	-13.1843	250.678	0	
222.399	-3.59612	250.478	0	
-178.18	-51.9759	220.091	0	
-153.647	-49.4659	350.985	0	
95.9829	-35.2801	143.857	0	
105.363	-40.0821	170.85	0	
-47.377	-47.5674	558.716	0	
-39.0554	-46.1539	520.05	0	
92.3318	-31.2524	137.012	0	
88.4066	-44.521	99.2482	0	
16.1464	-39.2894	212.595	0	
104.53	-53.5724	164.808	0	
89.6237	-39.8659	123.685	0	
93.2082	-50.2262	135.197	0	
80.0854	-44.9589	73.1947	0	
195.014	-53.6987	238.689	0	
46.9683	-23.7287	33.8468	0	
65.1315	-24.4061	30.1416	0	
45.6907	-39.2794	23.0315	0	
56.758	-28.3975	20.6028	0	
58.9988	-47.2745	25.4895	0	
63.2794	-29.0001	21.1206	0	
54.5197	-33.9094	13.2722	0	
60.6283	-39.7232	25.8683	0	
-112.153	-26.9719	676.16	0	
-106.813	-41.5616	615.926	0	
-14.6834	-27.0627	318.194	0	
-20.3964	-45.3419	459.33	0	
-180.822	-20.7977	155.117	0	
-180.372	-28.6817	143.805	0	
-28.1388	-52.5772	480.426	0	
-8.42563	-30.9174	349.123	0	
-223.045	-18.0992	171.007	0	
197.484	-18.6006	254.355	0	
221.795	-18.0997	248.26	0	
-116.522	-44.9384	607.292	0	
-105.895	-30.8265	696.65	0	
-210.454	-15.0875	162.433	0	
-209.349	-21.1068	162.541	0	
214.41	-27.8426	247.508	0	
201.692	-23.0481	250.396	0	
-168.63	-35.332	195.151	0	
-185.88	-47.0569	181.83	0	
-58.4369	-62.9932	567.231	0	
99.1429	-60.8213	157.141	0	
90.5758	-57.9619	134.678	0	
-48.4864	-72.4847	553.221	0	
146.007	-88.8777	233.544	0	
49.8752	-47.1998	39.8852	0	
76.1765	-53.3494	83.3017	0	
-231.034	-7.91137	173.429	0	
193.225	-33.1755	247.684	0	
-196.586	-54.0406	191.548	0	
-97.6075	-46.0273	685.996	0	
32.5931	-47.2676	96.1385	0	
3.02215	-58.9551	249.331	0	
-230.704	-15.8235	168.718	0	
-199.677	-29.8849	162.712	0	
-199.122	-68.7901	207.763	0	
-232.183	-28.9135	174.685	0	
-145.673	-56.093	336.262	0	
-65.0282	-47.5636	673.266	0	
-0.999147	-46.7281	385.152	0	
39.3398	-61.6705	121.549	0	
208.094	-21.1083	249.884	0	
176.392	-31.8898	242.752	0	
229.454	-15.8234	248.876	0	
209.137	-35.1834	243.482	0	
139.328	-61.0399	218.187	0	
189.207	-41.0089	242.086	0	
-222.975	-26.721	169.822	0	
221.729	-26.7336	247.149	0	
231.761	-29.6353	246.599	0	
142.356	-40.4982	215.523	0	
158.523	-43.1702	229.579	0	
131.472	-51.1747	209.021	0	
149.176	-46.3437	223.496	0	
-209.391	-44.9615	177.984	0	
24.809	-66.1786	135.365	0	
-73.5915	-67.1651	539.618	0	
-93.917	-58.2892	553.479	0	
-54.9373	-53.4072	619.457	0	
81.8654	-60.6471	107.63	0	
-101.539	-70.7175	484.306	0	
-234.45	-44.5321	186.138	0	
207.95	-49.5639	240.853	0	
42.3908	-52.7401	57.1036	0	
65.768	-76.5282	143.865	0	
-186.216	-79.8078	221.774	0	
60.9715	-64.9719	103.07	0	
84.6816	-83.8123	180.52	0	
133.127	-72.183	217.362	0	
169.605	-47.203	234.533	0	
99.0487	-73.5167	188.118	0	
121.291	-67.4347	206.714	0	
76.0654	-73.8022	146.938	0	
21.5973	-78.4887	250.562	0	
148.776	-58.6606	220.818	0	
159.318	-65.2507	231.394	0	
-118.231	-67.6676	438.802	0	
-123.641	-53.3865	489.665	0	
223.493	-56.6049	237.247	0	
-170.587	-61.0571	238.406	0	
-162.29	-53.2661	248.122	0	
-75.7218	-48.391	616.584	0	
-80.7855	-58.4064	649.389	0	
-78.6641	-83.0863	486.454	0	
42.8672	-124.784	247.925	0	
21.8995	-48.0949	116.039	0	
17.1665	-58.0755	249.465	0	
110.772	-78.66	194.205	0	
-128.033	-80.0868	352.807	0	
-143.217	-73.3351	342.048	0	
48.3422	-68.3158	108.435	0	
43.0743	-85.2084	189.753	0	
-31.1187	-67.2315	475.027	0	
6.99334	-83.9003	283.713	0	
180.708	-83.077	232.347	0	
-212.548	-78.6717	221.825	0	
55.4568	-91.151	189.367	0	
30.86	-90.8732	219.678	0	
195.719	-99.5338	233.716	0	
-155.091	-83.9494	261.804	0	
22.5656	-111.1	274.067	0	
-3.93924	-72.4697	354.659	0	
5.64357	-105.233	281.393	0	
-222.226	-50.9126	181.696	0	
162.751	-84.3246	228.011	0	
186.132	-63.0524	234.295	0	
-120.967	-99.7543	330.442	0	
-93.4804	-86.7559	425.279	0	
221.832	-84.1178	231.385	0	
-21.1018	-77.8858	448.072	0	
-26.257	-99.2576	340.434	0	
-222.846	-69.8732	198.696	0	
82.4716	-105.887	223.94	0	
-155.483	-105.393	270.936	0	
137.733	-106.863	225.673	0	
-208.069	-100.978	219.361	0	
-170.837	-73.8717	257.208	0	
-103.106	-103.373	329.026	0	
114.335	-101.394	233.89	0	
-63.2341	-129.89	302.865	0	
-190.247	-100.547	237.419	0	
-175.26	-116.054	232.545	0	
63.5442	-110.5	225.741	0	
100.401	-118.325	224.362	0	
-14.9272	-144.737	287.118	0	
-136.544	-114.446	271.764	0	
-10.4442	-115.174	348.534	0	
-62.9959	-88.4674	446.986	0	
-50.7834	-104.586	391.031	0	
-91.8996	-128.662	330.73	0	
-132.369	-138.886	279.055	0	
-178.662	-146.313	239.392	0	
-43.1907	-154.124	314.774	0	
-213.777	-154.351	227.872	0	
184.547	-133.757	230.488	0	
43.9892	-153.642	254.634	0	
105.563	-154.614	243.726	0	
-105.586	-149.483	281.728	0	
153.516	-136.648	235.899	0	
222.629	-148.911	233.014	0	
