# File: UnstructuredGrid_Inversion_L0_Coarse_Iter05.dat
# (No specific header documentation)

-161.25	-0.496475	145.947	0	
-159.375	-0.668155	232.589	0	
-65.625	-0.431516	179.062	0	
30.625	-0.431516	229.21	0	
-144.294	-102.036	701.327	0	
126.875	-0.668155	216.064	0	
31.875	-0.668155	219.029	0	
-165.826	-72.3824	812.461	0	
-64.375	-0.668155	181.609	0	
-120.32	-2.91409	181.907	0	
-147.888	-47.073	1133.87	0	
-143.958	-2.01633	192.114	0	
-158.741	-19.8395	865.909	0	
-159.808	-14.2913	651.189	0	
-115.104	-1.86538	186.51	0	
-108.175	-49.9394	1149.56	0	
-66.354	-1.86538	183.156	0	
-138.854	-1.86538	212.499	0	
-156.794	-6.05848	243.812	0	
-148.75	-1.09967	200.425	0	
-145.208	-2.72654	184.162	0	
-146.458	-2.01633	193.657	0	
-125.881	-3.06027	194.557	0	
-154.094	-4.85908	183.091	0	
-157.708	-2.01633	228.339	0	
-151.071	-10.8319	426.323	0	
-154.792	-2.72654	184.16	0	
-158.77	-3.86216	205.988	0	
125.625	-0.431516	208.907	0	
-24.0702	-2.91409	206.933	0	
-157.76	-5.35468	216.768	0	
-46.4583	-2.01633	186.117	0	
-157.292	-2.72654	196.31	0	
-160.13	-11.9534	524.014	0	
-18.854	-1.86538	221.548	0	
-151.295	-2.8545	197.259	0	
29.896	-1.86538	199.062	0	
-42.604	-1.86538	188.313	0	
-169.22	-2.04966	327.738	0	
-53.75	-1.09967	177.956	0	
-165.6	-1.76839	304.494	0	
-167.3	-0.925681	248.721	0	
-62.2917	-2.72654	191.804	0	
-171.389	-5.89642	321.589	0	
-61.0417	-3.47328	191.902	0	
-164.269	-10.8597	446.984	0	
-59.7917	-2.72654	188.263	0	
-68.125	-0.36089	186.111	0	
-65.5207	-2.1669	188.993	0	
-87.5	-1.09967	187.698	0	
-158.125	-0.431516	227.096	0	
-156.875	-0.668155	279.445	0	
-80.5207	-2.1669	190.598	0	
-157.5	-1.09967	194.628	0	
-70.625	-0.431516	187.375	0	
79.375	-0.668155	231.534	0	
-154.375	-0.668155	285.765	0	
55.625	-0.668155	193.894	0	
-153.125	-0.431516	246.913	0	
-150.625	-0.366631	228.239	0	
38.5417	-2.01633	198.48	0	
-153.75	-1.09967	229.281	0	
49.7917	-2.01633	193.358	0	
-155.625	-0.431516	244.566	0	
72.1798	-2.91409	196.978	0	
-162.583	-1.33918	201.788	0	
-60	-1.09967	180.956	0	
-149.375	-0.431516	233.745	0	
-155	-1.09967	150.704	0	
31.0415	-5.36053	193.651	0	
-148.125	-0.668155	238.743	0	
31.0341	-3.06466	188.3	0	
-146.875	-0.431516	233.731	0	
-147.5	-1.09967	146.391	0	
36.875	-0.668155	225.429	0	
32.7083	-2.01633	212.435	0	
-144.375	-0.431516	228.345	0	
28.125	-0.36089	211.764	0	
-137.5	-1.09967	197.669	0	
-139.375	-0.366631	222.357	0	
25.625	-0.431516	210.858	0	
-143.125	-0.668155	230.493	0	
33.75	-1.09967	225.149	0	
-143.75	-1.09967	237.536	0	
34.375	-0.668155	221.811	0	
8.75	-1.09967	192.599	0	
-136.875	-0.668155	221.967	0	
183.782	-3.55475	207.124	0	
-135.625	-0.431516	224.364	0	
-135	-0.798148	175.335	0	
135.922	-2.00504	193.92	0	
-136.25	-1.09967	196.207	0	
149.65	-2.73747	192.271	0	
131.936	-4.3008	201.599	0	
-131.25	-0.798148	223.261	0	
129.003	-2.80091	209.306	0	
-122.604	-1.86538	189.747	0	
-128.75	-1.09967	194.858	0	
129.375	-0.668155	204.57	0	
-130.625	-0.431516	224.498	0	
133.125	-0.668155	210.874	0	
-130	-1.09967	204.229	0	
141.875	-0.668155	212.661	0	
-138.125	-0.431516	223.137	0	
15.7293	-2.1669	195.177	0	
128.75	-1.09967	215.385	0	
-121.25	-1.09967	174.532	0	
120.625	-0.431516	204.514	0	
-121.875	-0.431516	199.769	0	
-120.625	-0.668155	226.395	0	
110.744	-2.06993	198.465	0	
-123.125	-0.366631	215.277	0	
123.125	-0.36089	207.136	0	
-116.875	-0.36089	201.113	0	
-120	-1.09967	162.469	0	
-133.661	-2.93321	192.474	0	
-115.625	-0.366631	210.36	0	
-114.375	-0.431516	201.746	0	
-127.5	-0.798148	180.405	0	
-113.75	-1.09967	165.027	0	
-119.375	-0.431516	207.974	0	
-115	-0.798148	187.979	0	
100.625	-0.431516	203.999	0	
-93.125	-0.668155	193.151	0	
-112.5	-1.09967	180.387	0	
-103.125	-0.668155	216.738	0	
-111.25	-0.798148	216.477	0	
-103.75	-1.09967	188.785	0	
-114.271	-2.1669	187.684	0	
-111.875	-0.431516	201.79	0	
-110.328	-2.00504	202.443	0	
-111.994	-2.06993	204.101	0	
-108.125	-0.431516	212.013	0	
-141.875	-0.431516	227.802	0	
-104.375	-0.431516	194.181	0	
-95.104	-1.86538	184.492	0	
-142.5	-1.09967	174.637	0	
-105.625	-0.366631	210.956	0	
-110.625	-0.366631	211.998	0	
-108.75	-1.09967	203.689	0	
-109.375	-0.668155	200.752	0	
-113.125	-0.668155	229.948	0	
-104.405	-3.52006	187.819	0	
-128.125	-0.431516	225.204	0	
127.708	-2.01633	210.407	0	
-102.5	-1.09967	185.031	0	
43.125	-0.668155	209.256	0	
-129.375	-0.668155	207.647	0	
-101.875	-0.431516	196.365	0	
-133.125	-0.668155	237.3	0	
-99.375	-0.668155	182.981	0	
-101.25	-0.798148	200.125	0	
-90.9973	-2.80091	190.729	0	
-134.375	-0.366631	213.476	0	
-95.625	-0.366631	195.395	0	
-150.089	-1.76841	207.211	0	
-73.854	-1.86538	184.843	0	
-92.5	-1.09967	167.768	0	
-148.968	-2.99641	180.573	0	
-94.375	-0.431516	179.152	0	
-151.875	-0.668155	263.14	0	
-93.75	-1.09967	178.015	0	
-135.744	-2.06993	192.015	0	
-149.256	-2.06993	200.81	0	
-88.75	-0.798148	195.912	0	
-147.292	-2.01633	213.067	0	
-81.354	-1.86538	183.231	0	
-86.25	-1.09967	187.121	0	
-146.25	-1.09967	223.929	0	
-88.125	-0.431516	190.827	0	
-145.625	-0.668155	242.779	0	
-156.042	-2.01633	200.161	0	
-81.875	-0.366631	184.668	0	
-150	-0.798148	195.735	0	
-79.375	-0.668155	188.004	0	
-73.75	-0.798148	191.462	0	
-153.542	-2.01633	201.351	0	
-80.625	-0.431516	188.658	0	
-155.208	-2.01633	231.016	0	
-85.625	-0.431516	188.237	0	
-156.25	-1.09967	212.031	0	
-91.875	-0.431516	188.187	0	
-138.75	-0.798148	214.548	0	
-158.75	-1.09967	214.686	0	
-72.5	-1.09967	189.195	0	
-20.625	-0.36089	228.453	0	
-73.125	-0.431516	187.713	0	
-71.875	-0.668155	184.871	0	
-23.125	-0.431516	236.524	0	
-74.375	-0.366631	182.965	0	
-158.542	-2.01633	203.116	0	
-31.25	-0.798148	214.233	0	
-71.25	-1.09967	185.011	0	
3.125	-0.668155	187.161	0	
-66.875	-0.366631	176.755	0	
30.7293	-2.1669	198.839	0	
-14.0777	-2.00504	212.047	0	
-65	-1.09967	188.85	0	
-8.15454	-3.52006	203.503	0	
-66.25	-0.798148	191.977	0	
-37.4111	-2.93321	183.658	0	
-18.0207	-2.1669	204.534	0	
-63.125	-0.431516	178.644	0	
-15.7444	-2.06993	204.603	0	
-60.625	-0.431516	175.871	0	
-59.375	-0.668155	179.437	0	
-14.375	-0.366631	231.326	0	
-61.875	-0.668155	179.224	0	
-13.125	-0.668155	265.72	0	
-46.875	-0.431516	182.303	0	
-58.125	-0.431516	172.448	0	
-33.125	-0.668155	198.538	0	
-54.375	-0.431516	173.974	0	
-53.125	-0.668155	166.553	0	
-41.7707	-2.1669	190.861	0	
-55.625	-0.366631	169.258	0	
-41.4106	-3.16569	187.635	0	
-58.75	-1.09967	180.25	0	
-44.375	-0.36089	182.047	0	
-62.5	-1.09967	183.168	0	
-6.875	-0.668155	202.08	0	
-78.75	-1.09967	179.479	0	
-152.5	-1.09967	157.941	0	
-39.4944	-2.06993	192.733	0	
-51.875	-0.431516	170.704	0	
-56.875	-0.668155	178.366	0	
-49.375	-0.431516	171.424	0	
-48.125	-0.668155	158.964	0	
-55.0889	-1.76841	175.302	0	
-48.75	-1.09967	185.567	0	
-38.125	-0.366631	194.483	0	
-42.5	-0.798148	191.186	0	
-41.25	-1.09967	189.246	0	
-50.625	-0.668155	161.64	0	
-41.875	-0.431516	206.955	0	
-40.625	-0.668155	175.166	0	
-52.2917	-2.01633	182.405	0	
-43.125	-0.366631	162.145	0	
-54.2556	-2.06993	181.272	0	
-47.5	-1.09967	196.837	0	
-53.9679	-2.99641	187.598	0	
-61.25	-1.09967	177.311	0	
-39.375	-0.431516	212.627	0	
-62.7083	-2.01633	182.26	0	
-33.75	-1.09967	187.359	0	
-35	-0.798148	169.93	0	
-55	-0.798148	178.158	0	
-38.75	-0.798148	201.248	0	
-61.0417	-2.01633	181.663	0	
-57.5	-1.09967	171.922	0	
-26.354	-1.86538	208.755	0	
-63.5417	-2.01633	186.37	0	
-31.875	-0.431516	230.094	0	
-25	-1.09967	173.002	0	
-69.375	-0.668155	180.616	0	
-32.5	-1.09967	206.522	0	
-63.75	-1.09967	175.271	0	
-34.375	-0.431516	238.162	0	
-58.5417	-2.01633	177.156	0	
-40	-1.09967	215.376	0	
-51.25	-1.09967	181.34	0	
-73.0207	-2.1669	189.798	0	
-25.625	-0.431516	235.919	0	
-71.0417	-2.01633	185.079	0	
-18.75	-0.798148	226.83	0	
-23.75	-1.09967	221.001	0	
-70	-1.09967	185.855	0	
-24.375	-0.668155	251.572	0	
-67.5054	-1.48403	184.36	0	
-78.125	-0.431516	192.562	0	
-19.375	-0.366631	254.546	0	
-80	-1.09967	182.103	0	
-16.875	-0.668155	254.268	0	
-16.25	-1.09967	191.43	0	
93.5212	-2.84299	202.599	0	
-18.125	-0.431516	245.615	0	
-91.4583	-2.01633	180.094	0	
-17.5	-1.09967	184.594	0	
-75.625	-0.36089	191.238	0	
82.5446	-2.8545	199.241	0	
-15	-0.798148	189.131	0	
101.503	-2.80091	200.854	0	
-12.5	-1.09967	172.557	0	
-11.875	-0.431516	238.042	0	
83.125	-0.668155	218.482	0	
-7.5	-1.09967	237.074	0	
89.375	-0.668155	230.44	0	
81.875	-0.366631	225.393	0	
-8.125	-0.431516	235.263	0	
73.125	-0.431516	226.61	0	
-6.25	-1.09967	221.794	0	
-5.625	-0.431516	230.109	0	
66.6193	-3.06027	207.668	0	
1.14595	-1.86538	190.186	0	
75.625	-0.36089	221.253	0	
-9.375	-0.366631	226.622	0	
80.5056	-2.06993	215.721	0	
-15.625	-0.431516	254.146	0	
99.375	-0.668155	201.38	0	
-26.875	-0.366631	250.052	0	
-67.5	-0.727521	193.16	0	
-52.5	-1.09967	180.395	0	
-36.875	-0.668155	236.326	0	
-137.661	-3.16569	187.669	0	
-5	-0.798148	181.144	0	
-3.125	-0.668155	219.87	0	
63.125	-0.668155	215.256	0	
2.5	-1.09967	180.228	0	
0.625	-0.366631	193.459	0	
58.4223	-2.00504	193.39	0	
59.375	-0.668155	186.147	0	
1.875	-0.431516	192.23	0	
58.125	-0.366631	194.608	0	
3.75	-1.09967	183.162	0	
4.375	-0.431516	192.273	0	
51.875	-0.36089	185.876	0	
22.396	-1.86538	195.188	0	
56.7556	-2.06993	191.469	0	
7.5	-0.798148	194.16	0	
65.9223	-2.00504	195.035	0	
42.2821	-2.99641	201.933	0	
8.125	-0.431516	177.564	0	
41.9944	-2.06993	206.561	0	
10	-1.09967	185.945	0	
10.625	-0.431516	181.554	0	
45.625	-0.668155	191.132	0	
14.896	-1.86538	189.347	0	
53.75	-0.798148	199.663	0	
45	-1.09967	187.399	0	
15.625	-0.431516	196.231	0	
41.1611	-1.76841	204.243	0	
22.5	-0.798148	192.911	0	
17.5	-1.09967	187.51	0	
33.5417	-2.01633	198.63	0	
16.875	-0.668155	184.477	0	
39.375	-0.668155	220.937	0	
14.375	-0.366631	172.147	0	
43.9583	-2.01633	201.739	0	
23.75	-1.09967	184.416	0	
49.375	-0.431516	192.908	0	
37.7083	-2.01633	216.475	0	
21.875	-0.366631	175.498	0	
35	-1.09967	172.3	0	
24.375	-0.668155	193.652	0	
30	-0.798148	191.098	0	
35.2083	-2.01633	215.139	0	
23.125	-0.431516	216.393	0	
38.75	-1.09967	215.56	0	
28.7446	-1.48403	206.183	0	
31.25	-1.09967	183.132	0	
28.75	-0.727521	231.669	0	
125.729	-2.1669	193.618	0	
32.5	-1.09967	168.321	0	
25.2083	-2.01633	203.43	0	
29.375	-0.366631	198.033	0	
23.2293	-2.1669	200.193	0	
25	-1.09967	190.997	0	
26.875	-0.668155	196.699	0	
20.625	-0.36089	194.687	0	
36.25	-1.09967	213.746	0	
4.79167	-2.01633	192.645	0	
42.5	-1.09967	192.956	0	
37.5	-1.09967	170.477	0	
16.25	-1.09967	178.543	0	
35.625	-0.431516	223.668	0	
18.125	-0.431516	190.324	0	
151.875	-0.431516	209.572	0	
40.625	-0.366631	218.232	0	
149.375	-0.431516	206.175	0	
53.646	-1.86538	186.302	0	
43.75	-1.09967	184.56	0	
149.529	-1.8473	212.233	0	
41.875	-0.431516	218.117	0	
144.672	-2.00504	207.054	0	
38.125	-0.431516	222.004	0	
154.375	-0.36089	204.575	0	
33.125	-0.431516	223.332	0	
26.25	-1.09967	215.58	0	
44.375	-0.431516	217.045	0	
41.25	-0.798148	220.429	0	
143.006	-2.06993	204.801	0	
47.5	-1.09967	194.451	0	
138.75	-0.727521	234.331	0	
48.125	-0.668155	183.872	0	
48.75	-1.09967	191.609	0	
136.875	-0.668155	219.551	0	
46.875	-0.431516	201.152	0	
144.375	-0.366631	214.88	0	
140	-0.798148	204.467	0	
53.125	-0.366631	183.028	0	
135.625	-0.366631	211.16	0	
77.396	-1.86538	209.973	0	
56.25	-1.09967	175.195	0	
130.625	-0.366631	208.656	0	
54.375	-0.431516	178.383	0	
134.256	-2.06993	193.998	0	
55	-1.09967	174.869	0	
136.619	-3.06027	198.71	0	
121.875	-0.668155	201.114	0	
57.5	-0.798148	186.601	0	
61.25	-0.798148	212.647	0	
62.5	-1.09967	176.31	0	
61.875	-0.431516	193.445	0	
118.229	-2.1669	198.483	0	
56.875	-0.431516	187.52	0	
123.745	-1.48403	201.824	0	
120.208	-2.01633	209.929	0	
69.896	-1.86538	199.263	0	
115.625	-0.36089	198.601	0	
64.375	-0.431516	197.753	0	
71.25	-1.09967	181.142	0	
113.125	-0.431516	205.121	0	
63.75	-1.09967	169.211	0	
121.25	-1.09967	217.536	0	
69.375	-0.366631	198.871	0	
123.75	-0.727521	220.759	0	
91.25	-0.798148	230.425	0	
131.161	-1.76841	197.778	0	
106.875	-0.431516	199.567	0	
70.625	-0.431516	223.678	0	
-116.255	-1.48403	197.151	0	
77.5	-0.798148	201.235	0	
72.5	-1.09967	168.016	0	
-121.771	-2.1669	192.784	0	
71.875	-0.668155	219.637	0	
-118.125	-0.668155	223.349	0	
-119.792	-2.01633	203.743	0	
76.875	-0.366631	227.668	0	
-123.75	-0.727521	236.009	0	
124.896	-1.86538	193.847	0	
80	-1.09967	202.532	0	
-125.625	-0.668155	228.363	0	
78.125	-0.431516	225.668	0	
-118.75	-1.09967	200.298	0	
78.75	-1.09967	198.913	0	
-116.25	-0.727521	234.304	0	
-86.875	-0.668155	183.452	0	
81.25	-0.798148	228.985	0	
-90.625	-0.668155	200.869	0	
83.75	-1.09967	213.422	0	
84.375	-0.431516	223.171	0	
-92.2917	-2.01633	188.942	0	
88.75	-1.09967	180.067	0	
-98.9788	-2.84299	179.537	0	
-98.125	-0.431516	204.446	0	
88.125	-0.431516	211.301	0	
-109.955	-2.8545	195.023	0	
90	-1.09967	186.425	0	
90.625	-0.431516	202.668	0	
-95	-0.798148	196.825	0	
97.396	-1.86538	199.323	0	
-98.75	-1.09967	188.119	0	
86.875	-0.366631	218.641	0	
-91.25	-1.09967	174.813	0	
80.625	-0.431516	226.162	0	
-94.2707	-2.1669	184.552	0	
101.042	-2.01633	195.239	0	
145.625	-0.668155	223.16	0	
-100.625	-0.366631	204.715	0	
93.125	-0.668155	200.864	0	
-105.089	-1.76841	196.04	0	
96.875	-0.366631	197.288	0	
98.75	-1.09967	194.306	0	
-106.875	-0.668155	196.442	0	
-105	-0.798148	195.435	0	
117.396	-1.86538	195.901	0	
-107.5	-1.09967	190	0	
105	-1.09967	197.201	0	
103.75	-0.798148	205.879	0	
-111.161	-1.76841	198.668	0	
100	-1.09967	182.904	0	
-108.542	-2.01633	196.816	0	
98.125	-0.431516	202.479	0	
-113.909	-3.16789	182.371	0	
-140.625	-0.36089	250.622	0	
111.25	-1.09967	200.761	0	
-134.078	-2.00504	187.29	0	
109.375	-0.366631	198.115	0	
110.625	-0.431516	198.635	0	
-122.5	-0.798148	199.696	0	
106.25	-1.09967	202.751	0	
-140.005	-1.48403	217.324	0	
-126.875	-0.366631	199.655	0	
117.5	-0.798148	191.595	0	
-131.339	-1.76841	200.816	0	
118.75	-1.09967	182.341	0	
116.875	-0.366631	195.925	0	
-134.911	-1.76841	196.377	0	
112.5	-1.09967	181.329	0	
-131.875	-0.366631	215.675	0	
111.875	-0.668155	196.861	0	
-128.244	-2.06993	193.256	0	
104.375	-0.431516	203.007	0	
-110	-1.03479	206.426	0	
-151.25	-1.03479	210.159	0	
119.375	-0.668155	208.455	0	
-139.484	-2.19037	196.594	0	
120	-1.09967	182.783	0	
126.25	-1.09967	177.96	0	
-140	-0.727521	200.598	0	
125	-0.798148	179.429	0	
-150.922	-2.00504	202.702	0	
-144.792	-2.01633	221.309	0	
172.314	-2.47004	189.824	0	
-20.0054	-1.48403	227.204	0	
128.125	-0.431516	204.427	0	
132.5	-1.09967	189.508	0	
-25.5207	-2.1669	210.003	0	
127.5	-1.09967	170.406	0	
-21.875	-0.668155	239.235	0	
124.375	-0.366631	203.535	0	
-145	-1.09967	141.902	0	
-23.5417	-2.01633	189.964	0	
131.875	-0.431516	207.7	0	
-27.5	-0.727521	187.495	0	
133.75	-1.09967	198.189	0	
134.375	-0.431516	207.887	0	
-29.375	-0.668155	247.647	0	
139.896	-1.86538	205.609	0	
-22.5	-1.09967	142.933	0	
9.375	-0.668155	182.883	0	
141.25	-1.09967	195.814	0	
5.625	-0.668155	178.282	0	
140.625	-0.431516	212.129	0	
156.146	-1.86538	205.023	0	
3.95833	-2.01633	189.441	0	
139.375	-0.366631	212.363	0	
-2.72879	-2.84299	200.709	0	
135	-0.798148	180.078	0	
1.97929	-2.1669	199.591	0	
131.25	-0.798148	208.169	0	
-20	-0.727521	198.933	0	
118.125	-0.431516	207.308	0	
-133.75	-1.03479	186.434	0	
-1.875	-0.431516	187.857	0	
143.125	-0.431516	211.059	0	
-13.7054	-2.8545	209.823	0	
150	-1.09967	191.139	0	
146.25	-1.09967	164.228	0	
1.25	-0.798148	193.001	0	
143.75	-0.798148	215.729	0	
-2.5	-1.09967	189.009	0	
-4.375	-0.366631	195.093	0	
150.625	-0.668155	211.772	0	
-8.83895	-1.76841	217.162	0	
151.25	-1.09967	188.716	0	
157.5	-1.09967	211.434	0	
-17.6594	-3.16789	184.56	0	
156.25	-0.798148	190.569	0	
-10.625	-0.668155	261.416	0	
148.125	-0.366631	210.071	0	
-5.74439	-2.06993	197.733	0	
-12.2917	-2.01633	226.427	0	
156.875	-0.431516	193.736	0	
-14.9111	-1.76841	216.148	0	
158.958	-1.16463	205.365	0	
160	-0.496475	194.298	0	
-13.75	-1.03479	223.386	0	
158.125	-0.668155	192.93	0	
-11.25	-1.09967	219.694	0	
-43.7554	-1.48403	182.821	0	
159.338	-2.74918	193.532	0	
-26.25	-0.798148	220.98	0	
164.35	-1.76839	196.116	0	
166.05	-0.925681	195.276	0	
-31.9944	-2.06993	196.875	0	
155.521	-4.78762	204.279	0	
-37.8277	-2.00504	206.354	0	
161.333	-1.33918	189.842	0	
-45.625	-0.668155	166.847	0	
155.625	-0.366631	193.084	0	
-8.75	-0.798148	230.819	0	
-35.625	-0.366631	188.231	0	
174.762	-1.34606	202.904	0	
-38.6611	-1.76841	191.611	0	
177.527	-2.9619	203.103	0	
168.496	-7.04709	184.733	0	
-37.5	-1.03479	172.537	0	
166.796	-10.6094	183.552	0	
-35.0889	-1.76841	191.973	0	
-55.9223	-2.00504	175.159	0	
154.805	-6.09945	205.129	0	
-43.75	-0.727521	200.554	0	
119.775	-42.5718	187.99	0	
169.138	-29.3032	168.528	0	
-47.2917	-2.01633	176.834	0	
199.784	-4.78957	234.788	0	
-51.0417	-2.72654	193.088	0	
177.385	-6.05361	198.402	0	
-56.25	-1.03479	168.732	0	
-50	-1.09967	190.46	0	
-68.75	-1.02905	183.711	0	
-66.9845	-2.19037	191.137	0	
-49.7917	-2.01633	180.653	0	
28.7125	-3.24559	202.324	0	
-75.0054	-1.48403	188.557	0	
-79.0702	-2.91409	189.192	0	
-76.875	-0.668155	181.912	0	
-71.5702	-2.91409	189.482	0	
168.693	-54.0604	171.696	0	
-46.25	-1.09967	175.192	0	
167.97	-2.04966	190.936	0	
-30.625	-0.366631	218.056	0	
142.5	-1.09967	202.992	0	
5	-1.09967	178.56	0	
-75	-0.727521	193.731	0	
-101.994	-2.06993	194.513	0	
-78.5417	-2.01633	181.55	0	
65	-0.798148	181.071	0	
-77.5	-1.09967	177.797	0	
-82.5	-0.727521	193.687	0	
-84.375	-0.668155	181.256	0	
98.2293	-2.1669	202.521	0	
105.625	-0.668155	197.122	0	
92.1723	-2.00504	213.528	0	
101.875	-0.668155	202.63	0	
100.208	-2.01633	199.924	0	
101.25	-1.09967	191.385	0	
94.375	-0.431516	210.085	0	
93.75	-1.09967	194.056	0	
88.0955	-3.52006	198.397	0	
97.5	-0.798148	204.877	0	
90.5056	-2.06993	217.997	0	
91.875	-0.366631	208.722	0	
85.625	-0.668155	212.326	0	
87.4111	-1.76841	205.079	0	
82.1723	-2.00504	215.467	0	
87.5	-0.798148	193.847	0	
83.9583	-2.01633	204.402	0	
85	-1.09967	192.895	0	
81.3389	-1.76841	212.27	0	
82.5	-1.03479	206.155	0	
74.375	-0.668155	225.853	0	
76.2446	-1.48403	214.128	0	
70.7293	-2.1669	200.678	0	
76.25	-0.727521	248.373	0	
72.7083	-2.01633	213.377	0	
73.75	-1.09967	216.979	0	
68.75	-0.727521	227.827	0	
66.875	-0.668155	190.723	0	
58.8389	-2.93321	207.355	0	
70	-0.798148	188.937	0	
64.2556	-2.06993	193.222	0	
65.625	-0.366631	202.309	0	
60.625	-0.366631	200.429	0	
61.1611	-1.76841	194.965	0	
57.5889	-1.76841	191.757	0	
58.75	-1.03479	198.907	0	
50.625	-0.668155	178.252	0	
52.4946	-1.48403	189.151	0	
45.2083	-2.72654	205.13	0	
52.5	-0.727521	195.966	0	
48.9583	-2.01633	195.77	0	
50	-1.09967	195.031	0	
46.25	-1.09967	203.744	0	
46.4583	-2.01633	200.182	0	
40	-1.03479	191.654	0	
40.3277	-2.00504	212.474	0	
27.5	-1.02905	212.639	0	
29.2655	-2.19037	201.603	0	
24.6798	-2.91409	197.907	0	
121.042	-2.01633	197.35	0	
19.375	-0.668155	181.083	0	
21.2446	-1.48403	194.673	0	
17.1798	-2.91409	197.07	0	
21.25	-0.727521	215.062	0	
17.7083	-2.01633	201.311	0	
18.75	-1.09967	207.512	0	
13.75	-0.727521	207.338	0	
11.875	-0.668155	183.05	0	
153.125	-0.668155	192.197	0	
154.995	-1.48403	203.981	0	
145.155	-3.05088	203.33	0	
155	-0.727521	188.404	0	
151.458	-2.01633	195.807	0	
152.5	-1.09967	186.248	0	
146.875	-0.431516	224.927	0	
148.696	-1.54577	199.861	0	
147.758	-2.24637	185.162	0	
148.75	-0.798148	229.952	0	
143.839	-1.76841	208.654	0	
145	-1.03479	202.219	0	
138.125	-0.36089	204.527	0	
138.745	-1.48403	204.495	0	
135.089	-1.76841	199.761	0	
136.25	-1.03479	192.605	0	
130	-1.03479	195.826	0	
130.328	-2.00504	208.392	0	
122.5	-1.02905	201.383	0	
124.266	-2.19037	198.464	0	
119.68	-2.91409	196.969	0	
156.979	-2.1669	193.762	0	
114.375	-0.668155	206.076	0	
116.245	-1.48403	198.817	0	
112.163	-2.94281	198.363	0	
116.25	-0.727521	229.949	0	
112.708	-2.01633	199.422	0	
113.75	-1.09967	187.781	0	
108.125	-0.668155	198.765	0	
109.911	-1.76841	199.823	0	
-117.5	-1.02905	185.949	0	
-115.734	-2.19037	197.501	0	
-138.021	-2.1669	197.391	0	
-67.5375	-3.24559	190.565	0	
-124.375	-0.36089	203.679	0	
-123.755	-1.48403	198.879	0	
-88.0056	-2.06993	193.876	0	
-81.25	-0.798148	193.521	0	
-86.0417	-2.01633	179.241	0	
-85	-1.09967	178.479	0	
-89.375	-0.366631	183.018	0	
-88.8389	-1.76841	181.605	0	
-96.875	-0.36089	179.674	0	
-96.2554	-1.48403	189.049	0	
-95.7345	-2.19037	191.246	0	
-96.25	-0.727521	208.106	0	
-101.161	-1.76841	194.832	0	
-100	-1.03479	203.017	0	
-106.25	-1.03479	205.442	0	
-105.922	-2.00504	192.36	0	
-70.2083	-2.01633	186.78	0	
-100.328	-2.00504	186.849	0	
-141.25	-0.792406	196.059	0	
-140.814	-2.07688	186.875	0	
-153.54	-3.47677	181.682	0	
-123.787	-3.24559	197.323	0	
-127.411	-1.76841	196.66	0	
-126.25	-1.03479	193.293	0	
-132.5	-1.03479	177.743	0	
-132.172	-2.00504	212.358	0	
-118.958	-2.01633	187.223	0	
-126.578	-2.00504	188.609	0	
-202.353	-21.532	247.411	0	
-119.833	-3.79821	191.631	0	
-21.25	-1.02905	227.219	0	
-19.4845	-2.19037	204.191	0	
-27.5375	-3.24559	202.673	0	
5.25269	-2.80091	196.799	0	
-28.125	-0.36089	212.676	0	
-27.5054	-1.48403	208.051	0	
8.24439	-2.06993	192.777	0	
15	-0.798148	191.922	0	
10.2083	-2.01633	196.398	0	
11.25	-1.09967	188.41	0	
6.875	-0.366631	188.324	0	
7.41105	-1.76841	191.887	0	
-0.625	-0.36089	199.197	0	
-0.00541199	-1.48403	200.281	0	
0.51554	-2.19037	205.643	0	
0	-0.727521	192.863	0	
-4.91105	-1.76841	211.939	0	
-3.75	-1.03479	195.053	0	
-10	-1.03479	194.547	0	
-9.67228	-2.00504	233.198	0	
26.0417	-2.01633	199.027	0	
-4.07772	-2.00504	194.143	0	
-45	-1.02905	192.69	0	
-43.2345	-2.19037	187.771	0	
-50.2083	-2.72654	191.433	0	
-29.6307	-3.06027	186.745	0	
-31.1611	-1.76841	202.533	0	
-30	-1.03479	173.614	0	
-36.25	-1.03479	178.786	0	
-35.9223	-2.00504	181.275	0	
-22.7083	-2.01633	217.705	0	
-30.3277	-2.00504	203.426	0	
-60.2083	-2.01633	184.402	0	
-51.4583	-2.01633	176.826	0	
-68.3387	-1.78555	186.917	0	
-68.4751	-2.84652	187.532	0	
-76.25	-1.02905	192.579	0	
-74.4845	-2.19037	190.47	0	
-77.7083	-2.01633	186.46	0	
-105.61	-4.06799	182.358	0	
-83.125	-0.36089	189.643	0	
-82.5054	-1.48403	187.388	0	
104.494	-2.06993	203.967	0	
110	-0.798148	196.776	0	
106.458	-2.01633	194.898	0	
107.5	-1.09967	188.171	0	
103.125	-0.366631	199.235	0	
103.661	-1.76841	195.29	0	
95.625	-0.36089	194.281	0	
96.2446	-1.48403	201.747	0	
96.7655	-2.19037	208.066	0	
96.25	-0.727521	224.06	0	
91.3389	-1.76841	206.858	0	
92.5	-1.03479	210.937	0	
86.25	-1.03479	221.422	0	
86.5777	-2.00504	207.867	0	
78.2293	-2.1669	204.423	0	
78.5906	-3.16789	196.164	0	
75	-1.02905	195.171	0	
76.7655	-2.19037	210.277	0	
68.7125	-3.24559	212.638	0	
123.713	-3.24559	203.134	0	
68.125	-0.36089	202.654	0	
68.7446	-1.48403	200.245	0	
65.0889	-1.76841	192.337	0	
66.25	-1.03479	199.198	0	
60	-1.03479	201.168	0	
60.3277	-2.00504	200.515	0	
54.4793	-2.1669	202.037	0	
73.5417	-2.01633	199.376	0	
51.25	-1.02905	190.496	0	
53.0155	-2.19037	202.591	0	
40.4973	-3.78292	209.568	0	
54.8394	-3.16569	209.624	0	
39.0027	-2.80091	210.435	0	
44.7917	-2.01633	197.979	0	
27.9113	-1.78555	206.655	0	
27.7749	-2.84652	199.494	0	
20	-1.02905	204.821	0	
21.7655	-2.19037	200.943	0	
-9.36018	-4.06799	194.217	0	
18.5417	-2.01633	193.523	0	
13.125	-0.36089	182.476	0	
13.7446	-1.48403	186.554	0	
153.75	-1.02905	213.047	0	
155.516	-2.19037	192.452	0	
142.62	-3.22837	197.33	0	
144.069	-5.7607	184.103	0	
147.5	-0.798148	175.071	0	
146.771	-2.1669	214.911	0	
140.729	-2.1669	202.751	0	
150.746	-2.90651	200.176	0	
137.5	-1.02905	188.105	0	
139.266	-2.19037	207.757	0	
130.64	-4.06799	202.174	0	
141.177	-3.32534	195.524	0	
131.994	-2.06993	206.675	0	
129.955	-2.8545	199.485	0	
128.542	-2.01633	194.331	0	
127.18	-2.91409	193.229	0	
122.911	-1.78555	206.602	0	
122.775	-2.84652	199.764	0	
115	-1.02905	189.757	0	
116.766	-2.19037	205.336	0	
86.8898	-4.06799	197.757	0	
113.542	-2.01633	195.162	0	
108.75	-1.03479	200.215	0	
109.078	-2.00504	196.602	0	
-117.089	-1.78555	205.654	0	
-117.225	-2.84652	186.228	0	
-125	-1.02905	184.928	0	
-123.234	-2.19037	200.567	0	
-78.5826	-3.79821	191.145	0	
-143.899	-7.68728	354.417	0	
-90	-1.03479	175.945	0	
-89.6723	-2.00504	193.654	0	
-97.5	-0.792406	188.233	0	
-97.0644	-2.07688	191.615	0	
-116.287	-3.24559	191.244	0	
-108.125	-3.34884	203.463	0	
-104.256	-2.06993	189.42	0	
-112.466	-3.07092	177.767	0	
-107.708	-2.01633	199.439	0	
-116.633	-5.94785	221.447	0	
-141.434	-1.75189	205.22	0	
-142.267	-2.05915	202.794	0	
-130.506	-2.06993	204.158	0	
-141.756	-5.80291	218.912	0	
-140.354	-6.17065	186.898	0	
-130.457	-4.4054	185.826	0	
-20.8387	-1.78555	203.688	0	
-20.9751	-2.84652	206.511	0	
-28.75	-1.02905	183.037	0	
-26.9845	-2.19037	194.909	0	
-43.7875	-3.24559	201.73	0	
-46.3858	-5.74538	260.22	0	
6.25	-1.03479	187.493	0	
6.57772	-2.00504	191.725	0	
-1.25	-0.792406	213.765	0	
-0.814428	-2.07688	214.314	0	
-20.0375	-3.24559	192.39	0	
-11.875	-3.34884	196.579	0	
-8.00561	-2.06993	210.759	0	
-16.2164	-3.07092	180.758	0	
-11.4583	-2.01633	207.933	0	
-20.3828	-5.94785	222.433	0	
-44.5887	-1.78555	187.834	0	
-44.7251	-2.84652	185.277	0	
-34.2556	-2.06993	191.877	0	
-49.5151	-8.22246	336.984	0	
-44.2462	-5.42835	239.958	0	
-34.2075	-4.4054	207.109	0	
-75.0375	-3.24559	187.267	0	
25.1674	-3.79821	196.777	0	
-75.8387	-1.78555	186.311	0	
-75.9751	-2.84652	187.37	0	
-83.75	-1.02905	190.553	0	
-81.9845	-2.19037	189.779	0	
-90.0446	-2.8545	182.102	0	
-86.5873	-2.94281	192.423	0	
102.5	-1.03479	183.889	0	
102.828	-2.00504	202.562	0	
95	-0.792406	200.308	0	
95.4356	-2.07688	206.299	0	
76.2125	-3.24559	203.855	0	
84.375	-3.34884	197.115	0	
88.2444	-2.06993	200.564	0	
80.0336	-3.07092	192.915	0	
84.7917	-2.01633	209.491	0	
75.8672	-5.94785	203.063	0	
75.4113	-1.78555	217.128	0	
75.2749	-2.84652	201.951	0	
67.5	-1.02905	190.049	0	
69.2655	-2.19037	203.815	0	
52.4625	-3.24559	216.87	0	
49.8642	-5.74538	225.561	0	
61.9944	-2.06993	209.045	0	
46.7349	-8.22246	204.379	0	
52.0038	-5.42835	238.435	0	
62.0425	-4.4054	225.559	0	
51.6613	-1.78555	197.969	0	
51.5249	-2.84652	201.614	0	
21.2125	-3.24559	208.625	0	
107.75	-4.43486	201.066	0	
20.4113	-1.78555	203.742	0	
20.2749	-2.84652	200.721	0	
12.5	-1.02905	192.358	0	
14.2655	-2.19037	198.086	0	
6.20541	-2.8545	200.357	0	
9.66268	-2.94281	197.534	0	
154.161	-1.78555	195.175	0	
154.025	-2.84652	196.155	0	
152.292	-2.01633	196.008	0	
139.039	-4.35802	190.21	0	
137.911	-1.78555	212.38	0	
137.775	-2.84652	196.858	0	
116.213	-3.24559	205.921	0	
154.963	-3.24559	199.76	0	
115.411	-1.78555	209.412	0	
115.275	-2.84652	200.017	0	
107.292	-2.01633	202.92	0	
109.247	-3.78292	200.088	0	
-140.037	-3.24559	180.226	0	
-71.0826	-3.79821	197.082	0	
-124.589	-1.78555	208.897	0	
-124.725	-2.84652	184.951	0	
-92.8202	-2.91409	179.206	0	
-85.2083	-2.01633	187.468	0	
-97.684	-1.75189	188.547	0	
-98.5173	-2.05915	192.744	0	
-152.708	-2.01633	224.387	0	
-145.211	-4.15655	200.513	0	
-23.5826	-3.79821	189.978	0	
3.37811	-4.98343	208.699	0	
-28.3387	-1.78555	199.636	0	
-28.4751	-2.84652	187.73	0	
3.42981	-2.91409	200.406	0	
11.0417	-2.01633	189.359	0	
-1.43402	-1.75189	197.12	0	
-2.26735	-2.05915	216.555	0	
-48.9583	-3.47328	202.588	0	
-47.6197	-4.31165	222.035	0	
-88.4261	-3.92482	199.59	0	
-92.8719	-4.98343	197.893	0	
-83.3387	-1.78555	184.091	0	
-83.4751	-2.84652	185.195	0	
99.6798	-2.91409	199.358	0	
107.753	-2.80091	196.013	0	
94.816	-1.75189	201.213	0	
93.9827	-2.05915	202.659	0	
72.6674	-3.79821	206.484	0	
120.167	-3.79821	203.272	0	
67.9113	-1.78555	205.268	0	
67.7749	-2.84652	202.243	0	
47.2917	-3.47328	211.929	0	
50.1448	-3.88818	215.91	0	
17.6674	-3.79821	208.457	0	
-0.0374544	-3.24559	211.19	0	
12.9113	-1.78555	200.792	0	
12.7749	-2.84652	196.567	0	
148.483	-4.32001	187.226	0	
187.308	-1.93891	220	0	
147.862	-1.54577	223.177	0	
148.712	-3.13655	206.815	0	
133.929	-3.08731	198.915	0	
138.713	-3.24559	204.196	0	
90.6555	-3.51902	199.646	0	
102.455	-2.8545	196.134	0	
-152.829	-5.21478	191.095	0	
-131.801	-4.25718	201.822	0	
-122.157	-4.23242	195.404	0	
-96.2875	-3.24559	194.701	0	
-46.1052	-3.88818	207.888	0	
-35.5505	-4.25718	187.249	0	
-25.9071	-4.23242	213.768	0	
13.7125	-3.24559	206.901	0	
-100.639	-4.06622	177.915	0	
-82.5375	-3.24559	185.746	0	
48.6303	-4.31165	219.971	0	
96.2125	-3.24559	203.302	0	
60.6995	-4.25718	212.302	0	
70.3429	-4.23242	214.736	0	
-4.38926	-4.06622	194.591	0	
7.82395	-3.92482	205.86	0	
146.42	-3.14785	186.577	0	
147.178	-4.41078	199.587	0	
34.7917	-2.72654	196.952	0	
33.9583	-2.72654	209.137	0	
126.034	-3.06466	194.85	0	
126.041	-5.36183	197.371	0	
-147.837	-2.94281	185.861	0	
-142.682	-2.77243	184.428	0	
-160.208	-1.16463	130.799	0	
-201.338	-10.2031	231.556	0	
-153.958	-2.72654	207.192	0	
-152.247	-2.80091	181.09	0	
-156.042	-3.47328	188.678	0	
-156.458	-2.72654	213.569	0	
-52.8373	-2.94281	186.712	0	
-49.7917	-3.47328	202.139	0	
-58.9583	-2.72654	194.881	0	
-57.7083	-2.01633	185.875	0	
-56.2946	-2.8545	193.029	0	
-57.2473	-2.80091	181.943	0	
-65.2159	-3.06466	193.15	0	
-65.2085	-5.36053	233.737	0	
-72.7159	-3.06466	186.158	0	
-69.5113	-3.00667	186.539	0	
43.4127	-2.94281	201.814	0	
46.4583	-3.47328	212.677	0	
36.0417	-2.01633	199.61	0	
32.5816	-3.68836	199.305	0	
32.1798	-2.91409	193.947	0	
36.4583	-2.72654	210.049	0	
23.5341	-3.06466	192.915	0	
26.7387	-3.00667	200.646	0	
118.534	-3.06466	198.615	0	
121.739	-3.00667	207.376	0	
-121.466	-3.06466	179.128	0	
-118.261	-3.00667	193.862	0	
-93.9659	-3.06466	186.029	0	
-93.9594	-5.36183	221.954	0	
-109.003	-2.80091	190.831	0	
-107.247	-2.80091	186.321	0	
-146.042	-2.72654	207.836	0	
-147.44	-3.72538	191.964	0	
-25.2159	-3.06466	178.054	0	
-22.0113	-3.00667	180.665	0	
2.28409	-3.06466	201.163	0	
2.29056	-5.36183	211.276	0	
-12.7527	-2.80091	200.11	0	
-10.9973	-2.80091	217.129	0	
-48.9583	-2.01633	182.199	0	
-45.7613	-3.00667	191.776	0	
-52.44	-3.72538	207.376	0	
-48.5417	-2.72654	191.311	0	
-80.2159	-3.06466	180.932	0	
-77.0113	-3.00667	182.809	0	
98.5341	-3.06466	198.461	0	
98.5406	-5.36183	197.879	0	
83.4973	-2.80091	206.301	0	
85.2527	-2.80091	202.793	0	
71.0341	-3.06466	200.481	0	
74.2387	-3.00667	206.265	0	
47.2917	-2.01633	198.493	0	
50.4887	-3.00667	209.654	0	
43.81	-3.72538	209.311	0	
47.7083	-2.72654	205.829	0	
16.0341	-3.06466	199.331	0	
19.2387	-3.00667	208.08	0	
151.132	-3.93062	190.748	0	
152.989	-3.00667	193.956	0	
111.032	-2.99641	200.793	0	
114.239	-3.00667	204.57	0	
-87.7179	-2.99641	178.332	0	
-84.5113	-3.00667	178.951	0	
8.53206	-2.99641	206.68	0	
11.7387	-3.00667	206.512	0	
104.782	-2.99641	196.551	0	
102.997	-3.78292	200.524	0	
-143.54	-2.72962	206.874	0	
-140.951	-3.13784	190.979	0	
-99.9558	-2.85377	192.891	0	
-97.2008	-3.13784	183.439	0	
-3.70582	-2.85377	214.481	0	
-0.950756	-3.13784	208.566	0	
92.5442	-2.85377	202.902	0	
95.2992	-3.13784	202.311	0	
41.5739	-3.92482	201.645	0	
46.0417	-2.72654	206.768	0	
127.582	-3.68916	203.289	0	
132.502	-3.08731	195.872	0	
127.128	-4.98343	201.383	0	
128.572	-3.57598	198.482	0	
-152.662	-3.55114	194.977	0	
-152.231	-4.40508	183.61	0	
-159.148	-3.04538	180.023	0	
-165.564	-17.3854	622.841	0	
-154.373	-3.97501	191.504	0	
-150.753	-3.78292	176.43	0	
-160.293	-8.30276	366.93	0	
-155.208	-3.47328	199.591	0	
-158.057	-10.316	453.053	0	
-143.957	-3.47621	190.351	0	
-58.5398	-3.47677	191.406	0	
-57.2309	-4.40508	219.735	0	
-61.4583	-2.72654	191.849	0	
-57.6621	-3.55114	203.91	0	
-62.7232	-3.50081	193.751	0	
-55.7527	-3.78292	198.189	0	
-64.0702	-2.91409	188.297	0	
-63.6684	-3.68836	204.797	0	
-61.8899	-3.99904	216.829	0	
-60.2083	-3.47328	195.196	0	
-72.8478	-5.56717	214.329	0	
-69.264	-5.46522	238.703	0	
39.9554	-2.8545	197.415	0	
39.0191	-4.40508	211.27	0	
37.2917	-2.72654	197.226	0	
38.5879	-3.55114	199.383	0	
34.3601	-3.99904	204.026	0	
37.7102	-3.47677	208.836	0	
35.2083	-3.47328	207.726	0	
33.5268	-3.50081	200.192	0	
23.4022	-5.56717	197.055	0	
26.986	-5.46522	195.525	0	
118.402	-5.56717	200.236	0	
114.489	-5.47929	202.877	0	
-121.598	-5.56717	197.602	0	
-125.6	-5.31383	207.689	0	
-92.4178	-3.68916	199.453	0	
-89.5027	-3.78292	192.344	0	
-90.9952	-4.42757	206.161	0	
-86.1036	-3.83222	187.525	0	
-109.687	-5.39772	221.85	0	
-106.295	-2.8545	193.142	0	
-110.64	-4.06799	182.516	0	
-98.2818	-3.59669	206.75	0	
-146.478	-3.50911	189.659	0	
-141.985	-3.52613	189.341	0	
-25.3478	-5.56717	215.083	0	
-29.3495	-5.31383	226.287	0	
3.83223	-3.68916	204.098	0	
6.7473	-3.78292	208.506	0	
5.25478	-4.42757	209.43	0	
10.1464	-3.83222	212.458	0	
-13.4371	-5.39772	192.536	0	
-10.0446	-2.8545	198.915	0	
-14.3898	-4.06799	178.934	0	
-2.03178	-3.59669	213.7	0	
-51.4777	-3.50911	201.65	0	
-47.7083	-2.72654	196.708	0	
-51.0637	-4.19254	216.844	0	
-47.2189	-3.60804	199.574	0	
-80.3478	-5.56717	207.817	0	
-84.2613	-5.47929	227.056	0	
100.082	-3.68916	200.307	0	
112.646	-3.83222	203.35	0	
110.324	-3.92482	202.877	0	
107.317	-3.58364	204.163	0	
82.8129	-5.39772	192.181	0	
86.2054	-2.8545	204.287	0	
81.8602	-4.06799	191.751	0	
94.2182	-3.59669	201.261	0	
70.9022	-5.56717	221.548	0	
66.9005	-5.31383	228.567	0	
44.7723	-3.50911	209.893	0	
48.5417	-2.72654	204.461	0	
45.1863	-4.19254	216.284	0	
49.0311	-3.60804	216.337	0	
15.9022	-5.56717	208.835	0	
11.9887	-5.47929	206.204	0	
108.705	-2.8545	202.865	0	
101.072	-3.57598	198.964	0	
-91.4282	-3.57598	187.277	0	
-94.651	-4.21812	192.222	0	
4.82178	-3.57598	205.374	0	
1.59897	-4.21812	208.974	0	
105.913	-2.94281	204.031	0	
106.31	-3.72554	198.53	0	
97.849	-4.21812	201.881	0	
101.505	-4.42757	201.144	0	
-144.792	-3.47313	201.094	0	
-146.064	-4.19253	200.332	0	
-103.124	-4.43041	183.814	0	
-108.125	-4.73217	178.678	0	
-6.87403	-4.43041	177.885	0	
-11.875	-4.73217	181.887	0	
89.376	-4.43041	190.566	0	
84.375	-4.73217	192.769	0	
121.393	-3.89079	198.721	0	
143.936	-3.97268	193.879	0	
125.349	-4.21812	199.125	0	
129.043	-4.50658	203.605	0	
-154.834	-5.62943	209.908	0	
-149.676	-3.92482	191.075	0	
-156.465	-4.16242	209.687	0	
-88.4597	-6.17559	247.369	0	
-157.746	-3.54331	205.448	0	
-157.336	-4.23245	209.311	0	
-155.953	-5.20944	204.936	0	
-151.274	-4.58327	196.481	0	
-87.8931	-5.00841	206.917	0	
-54.6761	-3.92482	215.277	0	
-59.3731	-3.97501	215.982	0	
7.79028	-6.17559	208.986	0	
-65.9011	-4.21822	205.326	0	
-59.3047	-5.11624	226.774	0	
-64.1215	-4.98124	220.562	0	
-60.5387	-5.90518	255.312	0	
8.35687	-5.00841	215.861	0	
92.527	-5.11846	196.612	0	
30.3489	-4.21822	199.807	0	
32.1285	-4.98124	207.604	0	
36.0417	-3.47328	200.818	0	
34.378	-5.06466	213.694	0	
35.7113	-5.90518	211.658	0	
36.8769	-3.97501	207.54	0	
-101.844	-3.51902	185.233	0	
-99.973	-5.11846	226.174	0	
-145.501	-5.7656	236.49	0	
-69.8571	-3.89079	201.555	0	
-156.677	-7.51666	283.716	0	
-49.707	-5.1949	235.644	0	
-148.977	-5.20289	181.721	0	
-147.813	-5.59213	211.327	0	
-5.59449	-3.51902	213.491	0	
-3.72305	-5.11846	202.941	0	
-56.2742	-4.58327	229.646	0	
26.3929	-3.89079	197.69	0	
-39.9676	-3.06872	192.586	0	
46.543	-5.1949	223.639	0	
-53.9766	-5.20289	228.784	0	
-50.211	-4.15672	219.76	0	
-55.8234	-5.70833	240.978	0	
-48.5258	-4.17689	217.541	0	
-52.8132	-5.59213	260.937	0	
-47.2738	-5.38006	229.837	0	
91.8607	-4.06622	199.466	0	
105.879	-5.0575	202.954	0	
36.9453	-5.11624	215.806	0	
130.158	-4.945	201.83	0	
56.2824	-3.06872	210.676	0	
110.29	-6.17488	206.002	0	
42.2734	-5.20289	220.066	0	
46.039	-4.15672	218.37	0	
40.4266	-5.70833	220.417	0	
47.7242	-4.17689	221.347	0	
39.9758	-4.58327	202.557	0	
48.9762	-5.38006	232.647	0	
-90.0224	-4.58092	210.228	0	
-89.5124	-5.89001	227.244	0	
6.22758	-4.58092	210.423	0	
6.73765	-5.89001	213.323	0	
102.928	-5.70651	201.344	0	
107.848	-6.54104	205.259	0	
104.074	-3.92482	202.706	0	
104.773	-5.20318	200.605	0	
99.6281	-4.98343	201.255	0	
102.478	-4.58092	200.803	0	
-150.823	-5.70833	184.666	0	
-143.779	-5.33843	219.113	0	
76.6284	-4.52398	195.327	0	
144.244	-11.4317	210.152	0	
128.127	-5.50143	202.266	0	
128.872	-6.93342	202.737	0	
-158.777	-5.20944	250.811	0	
-143.448	-4.30353	193.326	0	
-161.732	-2.79975	167.43	0	
-207.299	-15.0218	244.233	0	
-182.365	-35.5359	513.644	0	
-79.1691	-5.28353	225.918	0	
-150.997	-8.59138	322.448	0	
-57.1302	-6.3947	288.21	0	
-61.872	-5.06466	224.797	0	
-58.0402	-5.47194	235.583	0	
-115.872	-4.52398	188.492	0	
17.0809	-5.28353	204.648	0	
-19.6216	-4.52398	193.106	0	
108.728	-4.58055	204.912	0	
38.2098	-5.47194	215.017	0	
43.4368	-5.59213	211.313	0	
-139.58	-4.60081	197.406	0	
-145.691	-7.03602	240.181	0	
-96.7489	-6.89898	251.629	0	
-97.1496	-5.26597	235.983	0	
-149.602	-6.18605	223.439	0	
-134.449	-4.25718	184.034	0	
-31.5017	-4.16217	199.561	0	
39.1198	-6.3947	207.766	0	
-0.498874	-6.89898	206.401	0	
-0.89962	-5.26597	203.338	0	
-70.5474	-6.44535	256.462	0	
-54.6024	-6.18605	275.726	0	
-52.4014	-4.79453	222.728	0	
-51.4417	-5.03664	233.107	0	
-52.0429	-7.10465	279.249	0	
-50.5017	-5.76581	256.947	0	
-54.1682	-7.76797	297.711	0	
-36.3389	-2.93321	203.041	0	
-48.8551	-5.21507	231.309	0	
-48.0926	-6.0103	269.309	0	
64.7483	-4.16217	218.171	0	
110.857	-5.00834	203.103	0	
95.7511	-6.89898	190.678	0	
95.3504	-5.26597	197.02	0	
25.7026	-6.44535	200.285	0	
41.6476	-6.18605	205.106	0	
43.8486	-4.79453	219.294	0	
44.8083	-5.03664	217.525	0	
44.2071	-7.10465	224.833	0	
45.7483	-5.76581	224.774	0	
42.0818	-7.76797	226.184	0	
59.9111	-2.93321	205.776	0	
47.3949	-5.21507	228.558	0	
48.1574	-6.0103	222.648	0	
-91.9104	-5.42242	227.03	0	
-90.925	-6.50437	261.14	0	
4.33964	-5.42242	209.349	0	
5.32497	-6.50437	215.196	0	
106.858	-5.46739	202.455	0	
109.237	-5.889	202.788	0	
45.559	-7.03622	218.767	0	
104.147	-6.18687	203.841	0	
100.59	-5.42242	200.069	0	
100.817	-6.41692	201.748	0	
-147.401	-4.79453	192.464	0	
-146.442	-5.03663	200.454	0	
-147.043	-7.10465	238.535	0	
-144.707	-5.19453	196.207	0	
-149.168	-7.76797	248.332	0	
-132.589	-2.93321	179.612	0	
-154.178	-7.28627	240.478	0	
-151.919	-6.13754	227.312	0	
-67.2642	-6.91889	293.976	0	
-50.691	-7.03622	290.165	0	
28.9858	-6.91889	201.686	0	
57.9209	-9.10125	175.756	0	
-165.569	-3.72058	229.611	0	
-124.19	-5.40086	218.572	0	
-65.8105	-6.63734	271.178	0	
-38.3291	-9.10125	396.572	0	
-59.0799	-8.70786	365.967	0	
-25.746	-9.39498	387.244	0	
-36.875	-5.27905	250.052	0	
-45.618	-4.95711	222.218	0	
30.4395	-6.63734	213.981	0	
104.619	-8.07335	204.115	0	
37.1701	-8.70786	212.109	0	
121.986	-5.46522	198.63	0	
59.375	-5.27905	223.544	0	
50.632	-4.95711	231.087	0	
-100.432	-7.15932	240.854	0	
-118.014	-5.46522	200.723	0	
-4.18243	-7.15932	187.501	0	
-21.764	-5.46522	210.69	0	
101.373	-10.8863	195.057	0	
97.6668	-7.08742	196.062	0	
74.486	-5.46522	205.669	0	
92.0676	-7.15932	186.808	0	
-142.782	-6.56075	194.167	0	
-142.334	-4.31064	185.732	0	
-152.527	-7.43868	234.623	0	
-121.996	-9.39498	350.347	0	
-136.218	-3.06872	181.969	0	
-128.568	-3.08143	180.048	0	
-38.1995	-4.25718	190.075	0	
-32.318	-3.08143	192.888	0	
58.0505	-4.25718	218.965	0	
63.932	-3.08143	206.435	0	
133.106	-6.04794	199.153	0	
130.428	-6.60412	202.928	0	
123.985	-6.91734	197.609	0	
150.848	-20.0464	212.188	0	
-155.18	-8.32445	323.289	0	
-52.0799	-10.5411	382.709	0	
-40.8588	-5.44334	233.962	0	
-43.3792	-4.50999	199.14	0	
55.3912	-5.44334	227.464	0	
52.8708	-4.50999	232.193	0	
-87.5848	-7.52916	294.949	0	
-84.8609	-3.89608	198.88	0	
8.66524	-7.52916	215.015	0	
11.3891	-3.89608	206.298	0	
120.703	-6.44535	198.531	0	
113.889	-3.89608	200.056	0	
-94.8332	-7.08742	271.658	0	
-127.752	-4.16217	193.773	0	
-136.015	-9.53859	294.399	0	
-118.607	-3.89079	187.376	0	
-44.375	-6.99919	289.384	0	
-22.3571	-3.89079	209.116	0	
-42.8302	-8.44515	322.137	0	
-40.8536	-7.44458	284.179	0	
51.875	-6.99919	222.962	0	
73.8929	-3.89079	200.156	0	
53.4198	-8.44515	213.581	0	
55.3964	-7.44458	243.671	0	
-45.8903	-7.18841	268.573	0	
-48.1439	-7.56208	285.358	0	
50.3597	-7.18841	235.958	0	
48.1061	-7.56208	226.34	0	
-141.655	-10.9683	579.772	0	
-134.129	-6.10622	212.193	0	
-52.772	-8.29733	354.588	0	
-46.8296	-8.37487	356.949	0	
43.478	-8.29733	188.219	0	
49.4204	-8.37487	189.702	0	
-164	-0.842706	195.928	0	
-160.19	-2.6252	193.519	0	
-171.26	-1.12398	279.867	0	
-163.118	-4.25546	283.424	0	
157.984	-3.31993	207.613	0	
162.75	-0.842706	194.082	0	
160.879	-2.92373	199.605	0	
162.233	-4.81544	197.353	0	
149.806	-4.94504	199.113	0	
157.495	-4.95032	202.426	0	
136.186	-4.14103	192.041	0	
140.456	-4.52612	194.567	0	
-73.4071	-4.23242	204.55	0	
-71.6691	-5.28353	220.674	0	
-80.4167	-10.3326	436.04	0	
-64.8646	-8.3096	327.268	0	
-77.3571	-3.89079	198.201	0	
-74.2262	-6.72899	296.972	0	
22.8429	-4.23242	203.698	0	
24.5809	-5.28353	199.416	0	
15.8333	-10.3326	202.446	0	
31.3854	-8.3096	217.117	0	
18.8929	-3.89079	204.966	0	
22.0238	-6.72899	205.609	0	
117.843	-4.23242	201.533	0	
119.581	-5.28353	199.678	0	
112.877	-7.50462	203.482	0	
125.437	-6.63718	200.953	0	
111.164	-7.52928	203.881	0	
117.03	-6.73778	201.6	0	
-120.419	-5.28353	204.686	0	
-119.297	-6.44535	234.567	0	
-147.08	-10.5411	413.665	0	
-106.019	-7.46803	235.665	0	
-144.559	-9.99967	379.575	0	
-147.772	-8.29733	317.023	0	
-24.1691	-5.28353	223.242	0	
-23.0474	-6.44535	264.624	0	
1.41684	-7.08742	198.675	0	
-9.76913	-7.46803	166.658	0	
-27.9404	-5.40086	247.382	0	
-23.5704	-9.08967	346.351	0	
-80.9071	-4.23242	205.043	0	
-78.0474	-6.44535	250.424	0	
-74.2388	-9.20929	387.482	0	
-76.764	-5.46522	230.056	0	
-81.7196	-6.73778	295.393	0	
-82.2148	-8.98906	396.182	0	
72.0809	-5.28353	212.426	0	
73.2026	-6.44535	215.295	0	
102.182	-6.54766	201.893	0	
86.4809	-7.46803	194.304	0	
68.3096	-5.40086	229.206	0	
93.8488	-8.33358	188.778	0	
15.3429	-4.23242	206	0	
18.2026	-6.44535	212.721	0	
22.0112	-9.20929	189.814	0	
19.486	-5.46522	201.238	0	
14.5304	-6.73778	209.581	0	
14.0352	-8.98906	184.912	0	
112.049	-4.96932	203.184	0	
113.194	-6.11121	203.394	0	
107.957	-10.0357	204.578	0	
114.373	-9.53907	204.198	0	
-86.7013	-4.9694	221.134	0	
-85.556	-6.11128	236.437	0	
-85.8729	-7.50385	310.549	0	
-84.3782	-9.53722	406.089	0	
9.54871	-4.9694	207.132	0	
10.694	-6.11128	219.359	0	
10.3771	-7.50385	198.836	0	
11.8718	-9.53722	199.291	0	
132.08	-7.47425	201.128	0	
134.746	-4.16808	194.005	0	
124.075	-4.31071	196.234	0	
123.313	-5.73457	200.057	0	
-67.1755	-4.31081	219.916	0	
-67.9367	-5.73467	228.542	0	
29.0745	-4.31081	189.734	0	
28.3133	-5.73467	202.308	0	
-95.9255	-4.31071	190.403	0	
-98.5926	-4.6597	180.892	0	
-103.786	-7.04865	232.047	0	
-106.563	-5.39772	218.398	0	
0.324502	-4.31071	214.382	0	
-2.3426	-4.6597	203.622	0	
-7.5359	-7.04865	182.537	0	
-10.3129	-5.39772	178.996	0	
96.5745	-4.31071	197.88	0	
93.9074	-4.6597	194.323	0	
88.7141	-7.04865	187.559	0	
103.633	-8.96714	202.373	0	
-62.0477	-8.8546	359.29	0	
34.2023	-8.8546	226.297	0	
-65.6604	-12.2385	443.455	0	
44.1701	-10.5411	192.439	0	
-43.9291	-11.1429	438.584	0	
106.762	-8.25621	204.877	0	
40.691	-8.79126	191.223	0	
126.259	-8.10539	200.289	0	
30.5896	-12.2385	222.797	0	
128.121	-8.37598	203.346	0	
98.349	-8.47005	197.792	0	
102.415	-7.9218	201.362	0	
-155.111	-10.7469	436.332	0	
-60.5733	-7.64358	300.898	0	
138.321	-5.52235	192.575	0	
152.541	-4.03078	195.27	0	
-138.552	-9.35636	355.278	0	
-137.06	-5.53416	210.981	0	
-129.996	-3.08143	191.149	0	
-129.047	-6.04201	224.867	0	
-33.7459	-3.08143	178.841	0	
-32.7973	-6.04201	248.772	0	
62.5041	-3.08143	196.476	0	
63.4527	-6.04201	224.51	0	
131.229	-11.2697	205.232	0	
151.99	-6.88415	202.8	0	
136.941	-5.40234	192.052	0	
141.133	-5.9764	185.842	0	
-74.6816	-4.325	215.393	0	
-75.4428	-5.74886	214.683	0	
21.5684	-4.325	199.412	0	
20.8072	-5.74886	206.883	0	
116.568	-4.325	201.004	0	
115.814	-5.75765	201.392	0	
-123.432	-4.325	184.169	0	
-126.314	-4.14101	182.199	0	
-115.576	-8.16642	301.664	0	
-113.246	-5.34905	207.159	0	
-27.1816	-4.325	189.681	0	
-30.0644	-4.14101	202.389	0	
-19.3257	-8.16642	295.398	0	
-16.996	-5.34905	178.247	0	
-82.1816	-4.325	211.319	0	
-82.9362	-5.75765	219.259	0	
69.0684	-4.325	217.588	0	
66.1856	-4.14101	223.342	0	
76.9243	-8.16642	211.144	0	
79.254	-5.34905	190.94	0	
14.0684	-4.325	206.648	0	
13.3138	-5.75765	211.278	0	
105.405	-12.0508	198.463	0	
116.536	-8.99008	197.378	0	
-93.9774	-8.66503	344.32	0	
-91.6041	-8.13534	356.604	0	
2.27255	-8.66503	197.003	0	
4.64589	-8.13534	191.711	0	
129.195	-10.2093	204.855	0	
146.046	-6.10183	187.75	0	
134.488	-5.91521	195.45	0	
135.867	-6.69788	192.067	0	
121.43	-8.68418	196.219	0	
123.385	-8.88682	199.705	0	
-69.8214	-8.68669	364.814	0	
-67.8655	-8.89079	328.384	0	
26.4286	-8.68669	197.347	0	
28.3845	-8.89079	216.056	0	
-66.1145	-9.89368	398.576	0	
-95.0051	-12.6851	553.289	0	
-55.559	-8.79126	358.492	0	
1.24494	-12.6851	145.699	0	
85.9371	-5.39772	190.389	0	
70.504	-9.39498	220.631	0	
99.9643	-7.8529	197.968	0	
101.084	-8.78437	201.994	0	
-119.82	-9.08967	374.264	0	
-122.652	-7.0343	277.483	0	
-127.769	-5.79877	204.987	0	
-125.499	-7.54635	280.784	0	
-48.3872	-12.3828	436.936	0	
-26.4019	-7.0343	310.457	0	
-31.5194	-5.79877	236.181	0	
-29.2492	-7.54635	334.389	0	
47.8628	-12.3828	121.333	0	
69.8481	-7.0343	221.982	0	
64.7306	-5.79877	237.421	0	
67.0008	-7.54635	206.77	0	
140.302	-7.00568	191.168	0	
142.7	-6.86574	189.217	0	
125.012	-9.68556	200.875	0	
195.519	-2.32667	225.702	0	
-98.6512	-8.33358	337.446	0	
35.6767	-7.64358	233.998	0	
-2.40124	-8.33358	168.788	0	
103.223	-11.1651	202.908	0	
72.6796	-9.08967	222.15	0	
95.07	-11.0041	200.56	0	
-136.973	-6.98397	241.492	0	
-135.349	-7.69153	275.67	0	
-32.1235	-10.677	455.114	0	
-33.5046	-8.27657	350.574	0	
64.1265	-10.677	147.577	0	
97.6545	-10.9522	189.917	0	
80.0504	-6.99449	201.989	0	
151.079	-11.5903	212.325	0	
-78.2205	-8.73643	388.483	0	
30.1355	-9.89368	227.537	0	
8.79112	-11.9339	189.865	0	
110.443	-9.50362	206.118	0	
-126.434	-6.49884	214.536	0	
-123.97	-6.77541	217.748	0	
-30.1836	-6.49884	239.921	0	
-27.72	-6.77541	245.297	0	
66.0664	-6.49884	242.441	0	
68.53	-6.77541	237.83	0	
150.025	-6.43618	190.568	0	
153.18	-5.49318	199.987	0	
147.57	-7.50219	200.195	0	
142.406	-9.04296	193.062	0	
-113.344	-8.75328	346.088	0	
-118.411	-11.2883	425.052	0	
-114.541	-4.53464	183.515	0	
-111.901	-4.28441	189.766	0	
-17.0944	-8.75328	230.944	0	
-21.2298	-10.3281	372.74	0	
-18.2907	-4.53464	188.121	0	
-15.6508	-4.28441	188.758	0	
79.1556	-8.75328	207.607	0	
75.0202	-10.3281	213.562	0	
77.9593	-4.53464	195.84	0	
80.5992	-4.28441	194.738	0	
-63.1585	-5.8593	261.883	0	
-63.2996	-7.91085	295.54	0	
33.0915	-5.8593	207.963	0	
32.9504	-7.91085	229.299	0	
-205.568	-32.9721	294.967	0	
-158.17	-8.54355	358.339	0	
-42.0494	-4.51844	202.689	0	
-39.5061	-4.39269	189.004	0	
54.2006	-4.51844	232.299	0	
56.7439	-4.39269	224.952	0	
-138.25	-4.60927	181.849	0	
-135.756	-4.39269	186.541	0	
132.732	-9.94285	204.409	0	
140.759	-8.90393	191.926	0	
-131.823	-7.75398	274.889	0	
-88.3496	-9.59591	452.129	0	
-29.7584	-9.79585	421.166	0	
7.90043	-9.59591	180.98	0	
62.7454	-8.27657	242.867	0	
52.3209	-11.1429	130.757	0	
86.5779	-13.8833	223.806	0	
208.99	-5.28426	245.918	0	
-59.5306	-11.2795	400.237	0	
-57.3001	-7.89572	305.975	0	
36.7194	-11.2795	233.717	0	
38.9499	-7.89572	235.308	0	
138.907	-6.71973	188.879	0	
136.37	-8.16582	195.914	0	
138.03	-8.06765	192.148	0	
139.214	-9.60327	196.555	0	
134.987	-10.2845	201.382	0	
161.413	-6.92918	204.308	0	
119.235	-10.2813	199.008	0	
95.7393	-17.4777	224.364	0	
-50.1748	-10.5347	395.938	0	
-46.4132	-10.8834	371.182	0	
46.0752	-10.5347	158.203	0	
49.8368	-10.8834	176.4	0	
-176.012	-1.34606	287.648	0	
-160.335	-6.5477	310.554	0	
-161.831	-10.7403	481.15	0	
-188.999	-19.3034	277.008	0	
158.946	-6.83953	208.526	0	
170.01	-1.12398	200.235	0	
-87.4589	-11.9339	512.78	0	
99.5587	-12.4369	202.558	0	
18.0295	-8.73643	186.669	0	
4.49832	-12.069	165.982	0	
-153.134	-12.2646	558.243	0	
-148.55	-12.2522	516.934	0	
-121.489	-14.4624	641.831	0	
-126.008	-9.79585	436.999	0	
104.932	-18.5916	187.637	0	
112.453	-11.0673	200.485	0	
-91.7517	-12.069	501.226	0	
-71.535	-10.5118	441.007	0	
5.3409	-14.035	189.711	0	
24.715	-10.5118	220.55	0	
-112.45	-6.99449	254.95	0	
-129.168	-15.7527	686.392	0	
-16.1996	-6.99449	232.675	0	
-27.5734	-11.3856	491.432	0	
-144.852	-16.8136	883.574	0	
-124.741	-12.1163	501.142	0	
-37.2846	-13.6039	508.581	0	
-6.7017	-12.0229	200.063	0	
66.4916	-9.79585	222.389	0	
58.9654	-13.6039	108.559	0	
112.419	-14.9051	197.875	0	
127.849	-11.938	204.676	0	
147.347	-10.4774	200.702	0	
153.266	-9.06305	211.988	0	
-122.779	-11.9203	537.264	0	
-102.474	-8.42323	338.692	0	
-20.7162	-13.563	496.204	0	
-6.22447	-8.42323	157.858	0	
75.5338	-13.563	191.068	0	
90.0255	-8.42323	190.771	0	
68.6766	-11.3856	157.642	0	
136.037	-12.2238	204.787	0	
-61.6144	-11.5018	414.217	0	
-55.5379	-10.963	400.665	0	
34.6356	-11.5018	215.6	0	
40.7121	-10.963	197.247	0	
128.852	-14.5637	207.369	0	
235.957	-15.9774	206.28	0	
-178.777	-2.9619	275.549	0	
-162.755	-6.23594	276.227	0	
-156.495	-11.7116	499.643	0	
-221.912	-14.5162	233.446	0	
-169.141	-4.00209	287.896	0	
-167.19	-4.8303	344.638	0	
164.287	-4.15658	194.262	0	
166.707	-4.43785	192.656	0	
155.354	-8.54876	209.117	0	
132.793	-16.0264	214.118	0	
-53.4549	-12.1835	447.783	0	
-9.67296	-13.8421	254.015	0	
42.7951	-12.1835	133.608	0	
33.1604	-13.2995	218.389	0	
-53.1756	-15.7705	455.277	0	
-138.938	-7.6289	277.863	0	
-134.594	-10.3937	484.699	0	
-155.484	-17.2341	763.707	0	
-127.52	-14.6602	694.892	0	
-47.7993	-19.2086	406.916	0	
-31.0758	-17.4153	589.506	0	
48.4507	-19.2086	34.8162	0	
65.1742	-17.4153	46.2406	0	
131.221	-14.31	208.796	0	
153.572	-16.0839	238.736	0	
-157.266	-14.2011	659.4	0	
43.0744	-15.7705	119.625	0	
11.0506	-11.9005	175.916	0	
89.5492	-12.064	206.848	0	
125.528	-11.6848	201.882	0	
119.86	-13.8177	196.244	0	
-167.135	-7.23969	326.161	0	
-192.539	-4.26558	241.308	0	
-133.857	-13.0595	633.718	0	
-129.198	-9.41262	390.095	0	
-228.19	-24.6897	246.865	0	
-128.413	-13.1119	555.643	0	
-132.411	-9.49708	371.504	0	
-132.552	-6.10622	204.79	0	
-166.307	-13.5038	579.313	0	
-108.605	-11.4398	490.514	0	
-130.943	-10.541	386.822	0	
-129.662	-7.54154	262.468	0	
-131.112	-14.0765	606.748	0	
-127.757	-10.8627	428.283	0	
-135.282	-19.8734	988.591	0	
-102.952	-12.0229	517.999	0	
-130.381	-12.4546	575.62	0	
-128.544	-17.3008	924.373	0	
-148.258	-15.1857	742.199	0	
-3.6662	-13.8175	147.356	0	
-125.443	-18.0933	907.757	0	
-125.597	-14.7313	686.359	0	
-62.6835	-17.1843	463.807	0	
-85.1994	-11.9005	534.547	0	
-124.144	-16.6164	796.902	0	
-121.999	-16.5434	807.433	0	
-91.6409	-16.373	697.025	0	
-70.7541	-13.472	493.208	0	
4.6091	-16.373	148.764	0	
25.4959	-13.472	199.096	0	
-110.152	-7.25958	242.114	0	
-116.205	-10.7321	464.283	0	
-13.9017	-7.25958	177.678	0	
-12.3545	-11.4398	227.836	0	
82.3483	-7.25958	195.503	0	
83.8955	-11.4398	220.29	0	
-83.8414	-14.5362	614.564	0	
-76.2546	-10.6507	454.33	0	
12.4086	-14.5362	178.257	0	
19.9954	-10.6507	204.493	0	
-97.6578	-11.3921	509.145	0	
-90.4292	-10.045	409.5	0	
-1.40778	-11.3921	199.515	0	
5.82085	-10.045	200.384	0	
-111.605	-11.7939	458.619	0	
-108.046	-8.66433	363.984	0	
-15.3552	-11.7939	313.724	0	
-11.7958	-8.66433	219.576	0	
80.8948	-11.7939	218.819	0	
84.4542	-8.66433	205.334	0	
-57.7296	-12.6391	466.296	0	
-56.3189	-16.133	433.421	0	
38.5204	-12.6391	153.657	0	
39.9311	-16.133	122.758	0	
-173.564	-2.47004	308.34	0	
-165.151	-8.11045	407.97	0	
157.521	-9.12614	207.261	0	
160.271	-11.5138	215.499	0	
-36.2393	-7.66183	281.528	0	
-40.908	-14.645	464.442	0	
60.0107	-7.66183	233.002	0	
55.342	-14.645	58.8728	0	
92.8124	-13.4707	193.809	0	
138.603	-11.6407	201.541	0	
-114.482	-16.5569	861.827	0	
-119.297	-14.1357	690.201	0	
-106.853	-18.8267	897.967	0	
-90.9091	-14.035	641.381	0	
-63.0896	-13.2995	493.653	0	
-81.2221	-13.5164	579.311	0	
-119.75	-18.497	911.787	0	
-105.923	-13.8421	684.023	0	
-99.9162	-13.8175	634.963	0	
-124.617	-21.7604	1019.84	0	
15.0279	-13.5164	176.309	0	
33.5665	-17.1843	181.469	0	
-177.258	-5.78191	318.753	0	
-175.551	-13.7225	489.945	0	
-170.014	-8.10752	402.274	0	
-170.068	-11.6224	390.665	0	
123.346	-14.3333	202.428	0	
130.766	-41.4755	187.176	0	
-117.966	-16.82	757.942	0	
-113.607	-13.3165	606.906	0	
-93.8748	-11.0032	494.133	0	
-93.6138	-16.0889	731.439	0	
2.37524	-11.0032	197.235	0	
2.63623	-16.0889	214.293	0	
-136.481	-15.5337	851.206	0	
46.237	-15.9763	60.1078	0	
-50.013	-15.9763	507.444	0	
-33.8137	-14.565	601.705	0	
-118.828	-25.8063	1129.62	0	
62.4363	-14.565	102.524	0	
-89.2433	-18.71	803.939	0	
-88.6959	-14.349	645.507	0	
7.00668	-18.71	202.844	0	
7.55411	-14.349	169.836	0	
-158.473	-25.925	987.665	0	
-57.5305	-27.6829	499.096	0	
-87.3706	-17.1144	698.149	0	
-82.1404	-18.8236	687.389	0	
-17.0729	-14.4419	410.59	0	
125.77	-16.4577	202.348	0	
8.87942	-17.1144	157.074	0	
14.1096	-18.8236	192.733	0	
218.789	-9.67962	222.662	0	
183.637	-7.09149	206.536	0	
135.243	-14.7675	212.673	0	
140.335	-13.8884	215.503	0	
-181.714	-1.61583	265.141	0	
-173.773	-5.29005	287.79	0	
163.087	-10.0309	196.34	0	
180.465	-1.61583	208.942	0	
-76.9341	-14.5113	561.1	0	
-67.81	-14.1067	517.141	0	
19.3159	-14.5113	185.97	0	
28.44	-14.1067	231.164	0	
-162.174	-17.4716	740.304	0	
-121.07	-22.2371	1056	0	
-58.6684	-18.9989	542.562	0	
0.81144	-18.779	161.565	0	
37.5816	-18.9989	92.789	0	
107.856	-15.3565	195.409	0	
138.207	-15.8819	208.876	0	
143.531	-14.1381	206.806	0	
99.901	-16.4959	188.811	0	
79.1771	-14.4419	208.088	0	
-111.48	-20.2273	989.238	0	
-99.0883	-17.8006	813.204	0	
-27.2006	-15.1171	621.399	0	
-2.83826	-17.8006	258.111	0	
69.0494	-15.1171	107.702	0	
46.6928	-24.0743	22.8435	0	
-166.112	-27.3981	784.864	0	
-68.8837	-22.4837	498.029	0	
-81.3835	-22.9609	751.826	0	
-67.2534	-16.8341	503.918	0	
14.8665	-22.9609	190.317	0	
28.9966	-16.8341	195.424	0	
125.531	-19.801	203.93	0	
145.65	-18.2045	243.539	0	
136.74	-19.4185	227.279	0	
140.986	-21.4915	214.625	0	
-74.1374	-16.0301	591.264	0	
-64.6977	-18.8508	530.753	0	
22.1126	-16.0301	215.085	0	
31.5523	-18.8508	171.439	0	
-95.4386	-18.779	848.561	0	
2.52004	-23.669	259.247	0	
27.3663	-22.4837	172.062	0	
30.7731	-22.4901	159.511	0	
-84.7755	-17.335	690.009	0	
-79.7054	-15.7809	620.391	0	
11.4745	-17.335	173.797	0	
16.5446	-15.7809	181.738	0	
218.255	-34.6155	201.429	0	
132.745	-19.8694	208.059	0	
-152.736	-16.2622	727.454	0	
-150.381	-17.763	847.394	0	
-144.708	-21.2594	989.293	0	
-141.325	-14.5407	697.367	0	
-62.9905	-26.6887	346.701	0	
-11.2357	-19.2992	365.698	0	
33.2595	-26.6887	95.7707	0	
116.277	-16.8153	195.974	0	
-128.495	-23.6616	1114.99	0	
19.247	-23.4473	213.121	0	
-188.557	-1.93891	242.496	0	
-196.769	-2.32667	230.094	0	
172.064	-6.00496	192.03	0	
174.369	-7.9727	187.605	0	
197.421	-9.75588	215.618	0	
191.289	-4.26558	216.494	0	
80.6149	-19.5449	215.283	0	
38.7195	-27.6829	45.3835	0	
-73.6736	-19.0863	578.84	0	
-69.7337	-19.2556	580.773	0	
22.5764	-19.0863	188.859	0	
26.5163	-19.2556	201.694	0	
122.174	-26.556	198.833	0	
124.937	-40.2492	193.774	0	
-148.731	-22.1193	1003.5	0	
-130.945	-20.0681	998.166	0	
-89.5076	-23.3158	867.219	0	
-77.003	-23.4473	660.151	0	
-71.1732	-25.5223	588.054	0	
-65.4769	-22.4901	546.18	0	
-169.77	-21.2264	733.051	0	
-64.5794	-30.6463	554.843	0	
-139.982	-23.3262	1115.33	0	
-137.645	-30.9202	1204.61	0	
-75.3526	-26.6553	605.009	0	
25.0768	-25.5223	183.71	0	
-31.4696	-23.2096	642.655	0	
73.7048	-20.502	89.2722	0	
-23.6801	-16.4504	571.103	0	
-15.6351	-19.5449	476.998	0	
72.5699	-16.4504	146.965	0	
85.0151	-19.3404	230.597	0	
129.698	-22.0559	207.069	0	
117.076	-20.985	195.262	0	
-103.053	-20.9905	969.851	0	
-93.73	-23.669	947.308	0	
-49.5572	-24.0743	485.315	0	
6.74241	-23.3158	175.802	0	
-184.618	-8.98987	269.535	0	
-185.032	-3.55475	262.968	0	
-206.623	-2.79194	225.556	0	
-179.781	-9.87097	287.303	0	
180.177	-8.24429	192.291	0	
187.785	-10.442	196.696	0	
170.878	-14.4791	179.553	0	
159.464	-15.8639	198.235	0	
-85.4635	-32.3384	868.07	0	
20.8974	-26.6553	191.96	0	
-7.43655	-21.463	295.917	0	
90.9132	-21.5281	209.443	0	
-85.5482	-26.5803	861.897	0	
-18.107	-29.5111	608.321	0	
10.7018	-26.5803	236.253	0	
111.968	-28.0025	186.107	0	
-18.1435	-22.7175	533.441	0	
-22.5452	-20.502	618.54	0	
78.1065	-22.7175	126.25	0	
64.7804	-23.2096	13.4421	0	
34.1156	-37.3795	104.869	0	
121.506	-22.1434	196.969	0	
-24.1065	-30.9545	549.719	0	
-6.83217	-26.5477	415.001	0	
-130.495	-31.0609	1204.97	0	
174.884	-12.8846	176.079	0	
178.79	-12.8864	178.876	0	
-76.4692	-32.4504	629.78	0	
-69.3552	-29.4863	483.45	0	
-145.697	-34.3804	1149.62	0	
-152.057	-27.6463	1083.94	0	
19.7808	-32.4504	214.696	0	
26.8948	-29.4863	146.424	0	
1.24121	-36.2378	411.203	0	
13.9656	-32.8618	280.171	0	
184.118	-14.761	179.788	0	
227.701	-6.85826	223.158	0	
133.014	-34.6533	194.213	0	
-106.794	-33.2356	1174.12	0	
31.6706	-30.6463	99.736	0	
-72.173	-34.0637	551.225	0	
-67.7476	-39.8274	644.576	0	
-22.5359	-47.4922	558.842	0	
127.182	-26.4913	197.757	0	
24.077	-34.0637	156.329	0	
28.5024	-39.8274	112.35	0	
-113.39	-24.9987	1083.26	0	
-108.048	-28.3672	1118.82	0	
106.947	-24.7538	192.965	0	
92.4297	-27.5266	246.835	0	
-218.447	-3.35033	228.999	0	
-175.995	-19.4449	405.795	0	
191.912	-9.23189	224.913	0	
201.219	-12.4705	220.813	0	
54.1181	-18.9378	26.5784	0	
69.7905	-24.963	108.164	0	
-42.1319	-18.9378	554.431	0	
-26.4595	-24.963	620.474	0	
-192.319	-8.83173	243.148	0	
-201.547	-5.11861	233.627	0	
72.1435	-30.9545	28.8883	0	
128.068	-30.7205	200.923	0	
42.4557	-33.5404	49.1973	0	
78.143	-29.5111	185.415	0	
-62.1344	-37.3795	344.104	0	
-0.525287	-27.7753	302.802	0	
84.4836	-32.7829	170.61	0	
208.989	-20.8084	213.579	0	
-28.0097	-38.1045	624.17	0	
123.686	-35.5846	190.973	0	
-53.7943	-33.5404	261.394	0	
-35.3322	-36.6738	456.489	0	
100.921	-29.485	191.949	0	
161.838	-60.3262	166.644	0	
118.807	-29.1208	190.722	0	
116.094	-38.0682	189.278	0	
115.315	-25.5586	193.62	0	
112.121	-35.7127	197.668	0	
60.9178	-36.6738	5.3206	0	
119.433	-33.9202	193.814	0	
120.859	-47.2293	202.02	0	
-183.583	-23.2797	533.817	0	
-95.5796	-32.8724	1056.86	0	
-114.065	-35.7792	1195.73	0	
68.2403	-38.1045	113.953	0	
32.7098	-63.156	184.281	0	
9.60751	-38.8404	353.614	0	
-225.327	-7.3709	230.309	0	
-187.923	-11.9402	275.598	0	
170.297	-36.5037	143.519	0	
163.474	-19.8544	195.071	0	
-196.34	-11.9773	248.686	0	
-194.679	-18.9528	271.577	0	
73.7994	-47.6214	105.647	0	
207.712	-10.3255	223.142	0	
204.86	-2.4629	229.082	0	
-212.356	-6.14227	231.82	0	
129.252	-50.7796	182.624	0	
133.997	-47.3484	191.295	0	
213.211	-14.7209	215.441	0	
215.594	-2.82136	224.597	0	
-220.733	-37.1938	221.31	0	
103.164	-47.8011	239.436	0	
189.04	-35.7251	133.215	0	
199.849	-18.9164	181.935	0	
169.619	-18.8059	161.992	0	
139.422	-30.3106	213.219	0	
-55.5317	-23.7287	293.55	0	
-37.3685	-24.4061	434.55	0	
-56.8093	-39.2794	553.104	0	
-45.742	-28.3975	316.281	0	
-52.3145	-47.6453	490.943	0	
-39.2206	-29.0001	522.871	0	
-47.9803	-33.9094	474.461	0	
-43.191	-47.72	576.925	0	
40.7183	-23.7287	61.9346	0	
58.8815	-24.4061	16.431	0	
39.4407	-39.2794	29.8396	0	
50.508	-28.3975	17.4476	0	
43.9355	-47.6453	67.8262	0	
57.0294	-29.0001	10.5802	0	
48.2697	-33.9094	7.09601	0	
53.059	-47.72	9.53601	0	
146.739	-35.2634	189.495	0	
141.083	-48.4033	171.905	0	
-171.12	-37.8728	902.133	0	
-73.0349	-48.8114	813.813	0	
-12.6794	-31.8279	469.342	0	
-7.11451	-38.7862	515.835	0	
-126.706	-35.6751	1209.77	0	
-120.757	-31.7185	1201.7	0	
-116.584	-45.0329	1204.4	0	
-102.338	-25.7597	1059.96	0	
-126.333	-45.697	1201.7	0	
-90.3084	-40.7522	1004.78	0	
-232.636	-4.02057	232.795	0	
-213.24	-13.2876	224.022	0	
-83.0809	-48.9441	891.648	0	
112.882	-53.996	188.097	0	
-41.8717	-39.7232	439.788	0	
-36.3206	-55.0703	570.543	0	
-51.4248	-68.4389	695.523	0	
9.79367	-57.9625	399.655	0	
54.3783	-39.7232	32.7291	0	
92.7142	-53.006	193.71	0	
154.638	-31.4481	180.864	0	
162.265	-25.6367	169.726	0	
146.844	-43.5002	183.552	0	
174.146	-25.0927	163.068	0	
-10.5586	-47.7958	609.683	0	
26.2122	-47.5873	190.695	0	
-99.9985	-36.0407	1089.14	0	
-96.6648	-27.4598	1020.63	0	
-98.8599	-43.4908	1144.77	0	
-80.4857	-35.5349	847.07	0	
-163.404	-50.9608	939.934	0	
-107.716	-63.4503	1097.33	0	
-90.5028	-35.2672	980.974	0	
-94.2465	-45.8076	1016.22	0	
155.531	-25.6086	219.02	0	
162.53	-38.6767	177.008	0	
145.406	-55.4476	182.682	0	
154.317	-46.2331	174.285	0	
-213.385	-66.8866	341.976	0	
-68.9458	-57.4799	788.596	0	
-90.1982	-53.4761	1037.74	0	
-83.9074	-41.2679	924.291	0	
162.103	-45.2249	152.732	0	
179.505	-41.8783	171.704	0	
-26.1557	-55.5594	647.208	0	
139.16	-65.0425	177.904	0	
197.836	-37.8736	184.949	0	
182.569	-22.1973	140.37	0	
84.0431	-43.7432	258.356	0	
105.034	-36.7207	199.336	0	
152.77	-54.4151	166.294	0	
130.092	-61.4294	192.442	0	
118.312	-65.1624	203.151	0	
75.0509	-68.8235	183.955	0	
146.414	-81.4576	197.14	0	
-56.4852	-56.245	763.853	0	
36.3201	-53.5053	66.8438	0	
64.865	-77.0726	200.403	0	
112.416	-78.8413	241.497	0	
59.9585	-55.1042	108.522	0	
70.2087	-55.7224	145.516	0	
190.375	-24.8482	175.372	0	
208.311	-28.8887	180.065	0	
178.328	-52.8869	149.543	0	
191.284	-60.8463	196.698	0	
-88.1029	-75.4263	955.732	0	
201.257	-51.9863	169.979	0	
232.766	-30.613	204.441	0	
-94.3526	-64.6703	1003.55	0	
-21.2176	-68.4889	568.617	0	
-136.235	-54.5345	1115.73	0	
-75.0762	-70.6121	845.176	0	
-135.57	-69.1305	1052.64	0	
17.1658	-67.2349	219.564	0	
-40.3839	-67.1895	664.868	0	
-31.1675	-76.4316	647.029	0	
-40.0545	-114.942	508.628	0	
12.3999	-80.9419	346.243	0	
-62.4004	-77.8089	824.99	0	
87.3127	-69.9851	267.766	0	
42.2377	-72.0126	125.197	0	
55.7444	-67.659	141.731	0	
40.1802	-103.505	242.6	0	
95.4064	-81.6752	222.188	0	
28.0081	-85.7304	246.86	0	
122.096	-92.0535	223.568	0	
161.728	-77.7738	192.155	0	
-193.993	-43.518	386.016	0	
15.2296	-47.9657	257.492	0	
-2.66107	-58.4408	497.364	0	
-9.7003	-71.0667	557.423	0	
-2.01149	-84.2955	421.982	0	
-119.078	-74.1502	1004.68	0	
-32.1741	-91.5468	547.806	0	
-46.1975	-98.0428	655.24	0	
174.139	-96.1654	217.978	0	
-93.5477	-95.5998	771.198	0	
177.439	-132.495	267.696	0	
-14.5355	-96.8328	514.897	0	
214.807	-50.7788	188.837	0	
227.722	-62.6715	203.292	0	
-226.174	-52.2763	322.92	0	
140.1	-95.1239	220.674	0	
65.7718	-108.2	316.401	0	
71.1759	-93.9508	239.712	0	
-196.369	-62.35	462.01	0	
-111.16	-95.5437	869.979	0	
-0.0955761	-124.944	394.05	0	
140.341	-120.541	255.929	0	
149.26	-111.77	238.033	0	
224.915	-82.6931	218.881	0	
-149.645	-83.0905	755.561	0	
-181.387	-78.8859	487.288	0	
-223.27	-87.3322	386.991	0	
206.301	-97.3985	232.547	0	
-122.3	-109.469	619.401	0	
89.4554	-97.3917	280.925	0	
115.761	-106.486	265.416	0	
94.5914	-125.39	307.424	0	
100.129	-108.99	247.203	0	
-212.53	-108.31	325.593	0	
-187.663	-104.4	503.048	0	
-61.1884	-90.7965	666.726	0	
-17.3938	-112.921	502.912	0	
118.793	-131.494	289.167	0	
78.5133	-128.04	264.303	0	
145.868	-135.276	256.06	0	
29.3462	-123.276	341.45	0	
-50.7969	-127.592	634.615	0	
124.844	-118.328	250.376	0	
104.171	-136.052	262.584	0	
164.24	-142.504	258.201	0	
167.986	-116.495	240.817	0	
100.66	-156.977	299.154	0	
131.518	-141.125	260.66	0	
68.4008	-148.446	320.361	0	
208.027	-119.4	261.692	0	
190.911	-84.7228	201.432	0	
-79.309	-103.773	734.858	0	
-75.0605	-123.67	665.376	0	
-150.767	-144.01	492.793	0	
-166.751	-116.842	482.324	0	
-117.627	-141.298	609.29	0	
196.992	-135.207	266.859	0	
-237.04	-135.177	394.049	0	
210.321	-157.735	275.994	0	
231.512	-122.086	264.07	0	
233.724	-149.676	289.202	0	
-94.1678	-149.074	515.516	0	
44.8253	-148.377	291.639	0	
