# File: UnstructuredGrid_Inversion_L0_Coarse_Iter01.dat
# (No specific header documentation)

-161.25	-0.496475	130.491	0	
-159.375	-0.668155	405.241	0	
-65.625	-0.431516	249.803	0	
30.625	-0.431516	309.962	0	
-144.294	-102.036	565.857	0	
126.875	-0.668155	235.285	0	
31.875	-0.668155	325.094	0	
-165.826	-72.3824	728.256	0	
-64.375	-0.668155	314.58	0	
-120.32	-2.91409	228.591	0	
-147.888	-47.073	1109.77	0	
-143.958	-2.01633	249.477	0	
-158.741	-19.8395	500.512	0	
-159.808	-14.2913	384.538	0	
-115.104	-1.86538	230.273	0	
-108.175	-49.9394	1254.1	0	
-66.354	-1.86538	246.766	0	
-138.854	-1.86538	262.149	0	
-156.794	-6.05848	274.554	0	
-148.75	-1.09967	244.385	0	
-145.208	-2.72654	255.659	0	
-146.458	-2.01633	246.184	0	
-125.881	-3.06027	201.9	0	
-154.094	-4.85908	241.628	0	
-157.708	-2.01633	293.47	0	
-151.071	-10.8319	341.328	0	
-154.792	-2.72654	269.617	0	
-158.77	-3.86216	268.863	0	
125.625	-0.431516	375.626	0	
-24.0702	-2.91409	255.521	0	
-157.76	-5.35468	295.969	0	
-46.4583	-2.01633	247.873	0	
-157.292	-2.72654	276.647	0	
-160.13	-11.9534	363.123	0	
-18.854	-1.86538	311.703	0	
-151.295	-2.8545	240.922	0	
29.896	-1.86538	228.684	0	
-42.604	-1.86538	246.54	0	
-169.22	-2.04966	347.299	0	
-53.75	-1.09967	253.46	0	
-165.6	-1.76839	315.857	0	
-167.3	-0.925681	325.277	0	
-62.2917	-2.72654	267.799	0	
-171.389	-5.89642	359.313	0	
-61.0417	-3.47328	272.693	0	
-164.269	-10.8597	351.086	0	
-59.7917	-2.72654	265.364	0	
-68.125	-0.36089	265.568	0	
-65.5207	-2.1669	232.91	0	
-87.5	-1.09967	214.908	0	
-158.125	-0.431516	318.6	0	
-156.875	-0.668155	417.739	0	
-80.5207	-2.1669	220.883	0	
-157.5	-1.09967	224.046	0	
-70.625	-0.431516	258.547	0	
79.375	-0.668155	280.055	0	
-154.375	-0.668155	376.671	0	
55.625	-0.668155	224.11	0	
-153.125	-0.431516	319.58	0	
-150.625	-0.366631	337.499	0	
38.5417	-2.01633	244.442	0	
-153.75	-1.09967	262.395	0	
49.7917	-2.01633	224.888	0	
-155.625	-0.431516	307.097	0	
72.1798	-2.91409	230.976	0	
-162.583	-1.33918	247.937	0	
-60	-1.09967	199.545	0	
-149.375	-0.431516	383.644	0	
-155	-1.09967	206.487	0	
31.0415	-5.36053	220.674	0	
-148.125	-0.668155	304.186	0	
31.0341	-3.06466	189.934	0	
-146.875	-0.431516	348.684	0	
-147.5	-1.09967	185.271	0	
36.875	-0.668155	323.373	0	
32.7083	-2.01633	250.555	0	
-144.375	-0.431516	321.15	0	
28.125	-0.36089	297.69	0	
-137.5	-1.09967	235.743	0	
-139.375	-0.366631	313.913	0	
25.625	-0.431516	302.709	0	
-143.125	-0.668155	315.603	0	
33.75	-1.09967	235.899	0	
-143.75	-1.09967	250.835	0	
34.375	-0.668155	327.713	0	
8.75	-1.09967	245.328	0	
-136.875	-0.668155	281.876	0	
183.782	-3.55475	347.409	0	
-135.625	-0.431516	390.731	0	
-135	-0.798148	234.849	0	
135.922	-2.00504	228.552	0	
-136.25	-1.09967	268.583	0	
149.65	-2.73747	229.119	0	
131.936	-4.3008	187.116	0	
-131.25	-0.798148	306.781	0	
129.003	-2.80091	246.917	0	
-122.604	-1.86538	226.784	0	
-128.75	-1.09967	271.059	0	
129.375	-0.668155	243.248	0	
-130.625	-0.431516	364.428	0	
133.125	-0.668155	349.555	0	
-130	-1.09967	249.83	0	
141.875	-0.668155	321.94	0	
-138.125	-0.431516	350.04	0	
15.7293	-2.1669	225.998	0	
128.75	-1.09967	264.909	0	
-121.25	-1.09967	232.406	0	
120.625	-0.431516	334.336	0	
-121.875	-0.431516	264.254	0	
-120.625	-0.668155	322.549	0	
110.744	-2.06993	220.902	0	
-123.125	-0.366631	356.169	0	
123.125	-0.36089	338.46	0	
-116.875	-0.36089	256.356	0	
-120	-1.09967	200.809	0	
-133.661	-2.93321	237.987	0	
-115.625	-0.366631	327.941	0	
-114.375	-0.431516	267.124	0	
-127.5	-0.798148	235.884	0	
-113.75	-1.09967	237.555	0	
-119.375	-0.431516	259.574	0	
-115	-0.798148	248.592	0	
100.625	-0.431516	297.864	0	
-93.125	-0.668155	240.84	0	
-112.5	-1.09967	218.506	0	
-103.125	-0.668155	303.982	0	
-111.25	-0.798148	284.942	0	
-103.75	-1.09967	257.049	0	
-114.271	-2.1669	218.416	0	
-111.875	-0.431516	239.887	0	
-110.328	-2.00504	239.282	0	
-111.994	-2.06993	238.027	0	
-108.125	-0.431516	311.602	0	
-141.875	-0.431516	298.007	0	
-104.375	-0.431516	278.15	0	
-95.104	-1.86538	216.739	0	
-142.5	-1.09967	206.57	0	
-105.625	-0.366631	324.448	0	
-110.625	-0.366631	302.355	0	
-108.75	-1.09967	262.546	0	
-109.375	-0.668155	235.217	0	
-113.125	-0.668155	311.005	0	
-104.405	-3.52006	188.675	0	
-128.125	-0.431516	398.505	0	
127.708	-2.01633	249.227	0	
-102.5	-1.09967	235.107	0	
43.125	-0.668155	216.004	0	
-129.375	-0.668155	255.739	0	
-101.875	-0.431516	258.894	0	
-133.125	-0.668155	356.344	0	
-99.375	-0.668155	227.982	0	
-101.25	-0.798148	284.978	0	
-90.9973	-2.80091	242.167	0	
-134.375	-0.366631	315.518	0	
-95.625	-0.366631	274.247	0	
-150.089	-1.76841	248.27	0	
-73.854	-1.86538	236.575	0	
-92.5	-1.09967	200.63	0	
-148.968	-2.99641	185.173	0	
-94.375	-0.431516	274.29	0	
-151.875	-0.668155	344.242	0	
-93.75	-1.09967	231.026	0	
-135.744	-2.06993	241.469	0	
-149.256	-2.06993	222.035	0	
-88.75	-0.798148	258.625	0	
-147.292	-2.01633	248.956	0	
-81.354	-1.86538	228.135	0	
-86.25	-1.09967	236.721	0	
-146.25	-1.09967	245.691	0	
-88.125	-0.431516	240.347	0	
-145.625	-0.668155	321.058	0	
-156.042	-2.01633	272.589	0	
-81.875	-0.366631	297.672	0	
-150	-0.798148	222.797	0	
-79.375	-0.668155	276.68	0	
-73.75	-0.798148	276.945	0	
-153.542	-2.01633	260.951	0	
-80.625	-0.431516	238.727	0	
-155.208	-2.01633	278.713	0	
-85.625	-0.431516	256.522	0	
-156.25	-1.09967	272.556	0	
-91.875	-0.431516	260.324	0	
-138.75	-0.798148	303.602	0	
-158.75	-1.09967	254.331	0	
-72.5	-1.09967	216.636	0	
-20.625	-0.36089	356.892	0	
-73.125	-0.431516	243.056	0	
-71.875	-0.668155	299.474	0	
-23.125	-0.431516	344.565	0	
-74.375	-0.366631	321.432	0	
-158.542	-2.01633	269.393	0	
-31.25	-0.798148	306.368	0	
-71.25	-1.09967	241.365	0	
3.125	-0.668155	274.643	0	
-66.875	-0.366631	346.714	0	
30.7293	-2.1669	208.497	0	
-14.0777	-2.00504	251.916	0	
-65	-1.09967	218.71	0	
-8.15454	-3.52006	237.675	0	
-66.25	-0.798148	286.517	0	
-37.4111	-2.93321	238.754	0	
-18.0207	-2.1669	251.325	0	
-63.125	-0.431516	258.281	0	
-15.7444	-2.06993	256.632	0	
-60.625	-0.431516	258.64	0	
-59.375	-0.668155	319.553	0	
-14.375	-0.366631	394.276	0	
-61.875	-0.668155	311.394	0	
-13.125	-0.668155	392.589	0	
-46.875	-0.431516	337.478	0	
-58.125	-0.431516	260.719	0	
-33.125	-0.668155	235.179	0	
-54.375	-0.431516	362.915	0	
-53.125	-0.668155	228.31	0	
-41.7707	-2.1669	237.814	0	
-55.625	-0.366631	270.189	0	
-41.4106	-3.16569	199.182	0	
-58.75	-1.09967	237.07	0	
-44.375	-0.36089	326.355	0	
-62.5	-1.09967	204.241	0	
-6.875	-0.668155	290.763	0	
-78.75	-1.09967	234.683	0	
-152.5	-1.09967	197.901	0	
-39.4944	-2.06993	241.466	0	
-51.875	-0.431516	330.624	0	
-56.875	-0.668155	319.972	0	
-49.375	-0.431516	323.844	0	
-48.125	-0.668155	206.839	0	
-55.0889	-1.76841	241.515	0	
-48.75	-1.09967	253.85	0	
-38.125	-0.366631	265.93	0	
-42.5	-0.798148	246.225	0	
-41.25	-1.09967	273.499	0	
-50.625	-0.668155	215.3	0	
-41.875	-0.431516	392.115	0	
-40.625	-0.668155	231.588	0	
-52.2917	-2.01633	250.034	0	
-43.125	-0.366631	247.643	0	
-54.2556	-2.06993	226.548	0	
-47.5	-1.09967	217.152	0	
-53.9679	-2.99641	193.929	0	
-61.25	-1.09967	235.866	0	
-39.375	-0.431516	360.12	0	
-62.7083	-2.01633	262.29	0	
-33.75	-1.09967	274.216	0	
-35	-0.798148	231.169	0	
-55	-0.798148	225.943	0	
-38.75	-0.798148	297.069	0	
-61.0417	-2.01633	254.911	0	
-57.5	-1.09967	195.819	0	
-26.354	-1.86538	276.921	0	
-63.5417	-2.01633	258.103	0	
-31.875	-0.431516	391.634	0	
-25	-1.09967	213.22	0	
-69.375	-0.668155	295.263	0	
-32.5	-1.09967	249.919	0	
-63.75	-1.09967	240.797	0	
-34.375	-0.431516	440.941	0	
-58.5417	-2.01633	253.199	0	
-40	-1.09967	253.56	0	
-51.25	-1.09967	255.059	0	
-73.0207	-2.1669	228.534	0	
-25.625	-0.431516	306.011	0	
-71.0417	-2.01633	256.174	0	
-18.75	-0.798148	345.734	0	
-23.75	-1.09967	270.533	0	
-70	-1.09967	210.628	0	
-24.375	-0.668155	415.426	0	
-67.5054	-1.48403	268.555	0	
-78.125	-0.431516	261.165	0	
-19.375	-0.366631	462.955	0	
-80	-1.09967	212.429	0	
-16.875	-0.668155	394.588	0	
-16.25	-1.09967	275.839	0	
93.5212	-2.84299	254.946	0	
-18.125	-0.431516	375.799	0	
-91.4583	-2.01633	236.534	0	
-17.5	-1.09967	233.708	0	
-75.625	-0.36089	267.515	0	
82.5446	-2.8545	250.758	0	
-15	-0.798148	236.072	0	
101.503	-2.80091	238.135	0	
-12.5	-1.09967	209.469	0	
-11.875	-0.431516	360.515	0	
83.125	-0.668155	259.164	0	
-7.5	-1.09967	270.657	0	
89.375	-0.668155	285.801	0	
81.875	-0.366631	296.09	0	
-8.125	-0.431516	402.962	0	
73.125	-0.431516	293.071	0	
-6.25	-1.09967	291.891	0	
-5.625	-0.431516	402.624	0	
66.6193	-3.06027	195.149	0	
1.14595	-1.86538	257.951	0	
75.625	-0.36089	282.784	0	
-9.375	-0.366631	333.779	0	
80.5056	-2.06993	239.501	0	
-15.625	-0.431516	427.249	0	
99.375	-0.668155	243.817	0	
-26.875	-0.366631	457.695	0	
-67.5	-0.727521	259.341	0	
-52.5	-1.09967	217.956	0	
-36.875	-0.668155	376.461	0	
-137.661	-3.16569	193.776	0	
-5	-0.798148	238.768	0	
-3.125	-0.668155	337.803	0	
63.125	-0.668155	260.835	0	
2.5	-1.09967	221.234	0	
0.625	-0.366631	327.026	0	
58.4223	-2.00504	224.806	0	
59.375	-0.668155	250.454	0	
1.875	-0.431516	336.297	0	
58.125	-0.366631	270.176	0	
3.75	-1.09967	266.162	0	
4.375	-0.431516	360.065	0	
51.875	-0.36089	327.783	0	
22.396	-1.86538	234.164	0	
56.7556	-2.06993	220.659	0	
7.5	-0.798148	234.246	0	
65.9223	-2.00504	223.536	0	
42.2821	-2.99641	182.309	0	
8.125	-0.431516	290.866	0	
41.9944	-2.06993	212.996	0	
10	-1.09967	202.39	0	
10.625	-0.431516	300.159	0	
45.625	-0.668155	191.575	0	
14.896	-1.86538	241.727	0	
53.75	-0.798148	260.769	0	
45	-1.09967	200.33	0	
15.625	-0.431516	308.186	0	
41.1611	-1.76841	241.905	0	
22.5	-0.798148	237.196	0	
17.5	-1.09967	201.012	0	
33.5417	-2.01633	245.205	0	
16.875	-0.668155	320.98	0	
39.375	-0.668155	318.181	0	
14.375	-0.366631	353.032	0	
43.9583	-2.01633	235.644	0	
23.75	-1.09967	232.796	0	
49.375	-0.431516	311.165	0	
37.7083	-2.01633	250.943	0	
21.875	-0.366631	336.343	0	
35	-1.09967	181.713	0	
24.375	-0.668155	311.546	0	
30	-0.798148	234.213	0	
35.2083	-2.01633	251.371	0	
23.125	-0.431516	315.181	0	
38.75	-1.09967	231.75	0	
28.7446	-1.48403	281.274	0	
31.25	-1.09967	226.01	0	
28.75	-0.727521	317.411	0	
125.729	-2.1669	209.733	0	
32.5	-1.09967	182.448	0	
25.2083	-2.01633	255.752	0	
29.375	-0.366631	350.274	0	
23.2293	-2.1669	219.343	0	
25	-1.09967	197.795	0	
26.875	-0.668155	318.922	0	
20.625	-0.36089	293.951	0	
36.25	-1.09967	229.559	0	
4.79167	-2.01633	256.367	0	
42.5	-1.09967	224.369	0	
37.5	-1.09967	182.523	0	
16.25	-1.09967	238.06	0	
35.625	-0.431516	280.864	0	
18.125	-0.431516	296.574	0	
151.875	-0.431516	397.777	0	
40.625	-0.366631	259.973	0	
149.375	-0.431516	357.602	0	
53.646	-1.86538	219.866	0	
43.75	-1.09967	241.2	0	
149.529	-1.8473	267.882	0	
41.875	-0.431516	321.922	0	
144.672	-2.00504	238.024	0	
38.125	-0.431516	267.803	0	
154.375	-0.36089	411.982	0	
33.125	-0.431516	289.82	0	
26.25	-1.09967	250.529	0	
44.375	-0.431516	322.38	0	
41.25	-0.798148	278.165	0	
143.006	-2.06993	236.587	0	
47.5	-1.09967	196.284	0	
138.75	-0.727521	330.302	0	
48.125	-0.668155	184.511	0	
48.75	-1.09967	229.107	0	
136.875	-0.668155	285.367	0	
46.875	-0.431516	310.604	0	
144.375	-0.366631	357.128	0	
140	-0.798148	247.191	0	
53.125	-0.366631	233.478	0	
135.625	-0.366631	391.011	0	
77.396	-1.86538	240.216	0	
56.25	-1.09967	232.557	0	
130.625	-0.366631	355.225	0	
54.375	-0.431516	269.816	0	
134.256	-2.06993	229.253	0	
55	-1.09967	213.888	0	
136.619	-3.06027	184.835	0	
121.875	-0.668155	223.985	0	
57.5	-0.798148	222.599	0	
61.25	-0.798148	276.906	0	
62.5	-1.09967	215.062	0	
61.875	-0.431516	261.154	0	
118.229	-2.1669	221.494	0	
56.875	-0.431516	298.772	0	
123.745	-1.48403	269.562	0	
120.208	-2.01633	252.832	0	
69.896	-1.86538	225.51	0	
115.625	-0.36089	297.553	0	
64.375	-0.431516	289.148	0	
71.25	-1.09967	230.006	0	
113.125	-0.431516	309.431	0	
63.75	-1.09967	233.537	0	
121.25	-1.09967	266.454	0	
69.375	-0.366631	280.049	0	
123.75	-0.727521	300.837	0	
91.25	-0.798148	294.469	0	
131.161	-1.76841	268.177	0	
106.875	-0.431516	270.026	0	
70.625	-0.431516	312.703	0	
-116.255	-1.48403	267.269	0	
77.5	-0.798148	249.843	0	
72.5	-1.09967	208.039	0	
-121.771	-2.1669	214.479	0	
71.875	-0.668155	267.37	0	
-118.125	-0.668155	318.697	0	
-119.792	-2.01633	261.005	0	
76.875	-0.366631	300.436	0	
-123.75	-0.727521	301.548	0	
124.896	-1.86538	221.745	0	
80	-1.09967	235.152	0	
-125.625	-0.668155	348.16	0	
78.125	-0.431516	303.941	0	
-118.75	-1.09967	243.081	0	
78.75	-1.09967	251.327	0	
-116.25	-0.727521	291.451	0	
-86.875	-0.668155	248.132	0	
81.25	-0.798148	289.591	0	
-90.625	-0.668155	231.001	0	
83.75	-1.09967	253.98	0	
84.375	-0.431516	304.463	0	
-92.2917	-2.01633	244.928	0	
88.75	-1.09967	255.681	0	
-98.9788	-2.84299	250.184	0	
-98.125	-0.431516	306.307	0	
88.125	-0.431516	292.827	0	
-109.955	-2.8545	252.132	0	
90	-1.09967	243.187	0	
90.625	-0.431516	274.315	0	
-95	-0.798148	237.17	0	
97.396	-1.86538	228.782	0	
-98.75	-1.09967	245.22	0	
86.875	-0.366631	318.202	0	
-91.25	-1.09967	221.726	0	
80.625	-0.431516	285.058	0	
-94.2707	-2.1669	211.03	0	
101.042	-2.01633	242.895	0	
145.625	-0.668155	291.678	0	
-100.625	-0.366631	302.101	0	
93.125	-0.668155	263.346	0	
-105.089	-1.76841	257.85	0	
96.875	-0.366631	268.837	0	
98.75	-1.09967	240.457	0	
-106.875	-0.668155	230.131	0	
-105	-0.798148	257.035	0	
117.396	-1.86538	227.212	0	
-107.5	-1.09967	237.213	0	
105	-1.09967	214.426	0	
103.75	-0.798148	272.323	0	
-111.161	-1.76841	251.328	0	
100	-1.09967	211.093	0	
-108.542	-2.01633	264.864	0	
98.125	-0.431516	321.722	0	
-113.909	-3.16789	195.638	0	
-140.625	-0.36089	375.005	0	
111.25	-1.09967	240.701	0	
-134.078	-2.00504	234.663	0	
109.375	-0.366631	276.375	0	
110.625	-0.431516	313.321	0	
-122.5	-0.798148	245.727	0	
106.25	-1.09967	237.262	0	
-140.005	-1.48403	279.289	0	
-126.875	-0.366631	279.504	0	
117.5	-0.798148	226.318	0	
-131.339	-1.76841	273.785	0	
118.75	-1.09967	240.028	0	
116.875	-0.366631	244.383	0	
-134.911	-1.76841	260.639	0	
112.5	-1.09967	210.557	0	
-131.875	-0.366631	290.096	0	
111.875	-0.668155	229.334	0	
-128.244	-2.06993	241.695	0	
104.375	-0.431516	264.086	0	
-110	-1.03479	248.687	0	
-151.25	-1.03479	271.993	0	
119.375	-0.668155	221.317	0	
-139.484	-2.19037	258.197	0	
120	-1.09967	222.292	0	
126.25	-1.09967	236.119	0	
-140	-0.727521	271.422	0	
125	-0.798148	218.357	0	
-150.922	-2.00504	221.549	0	
-144.792	-2.01633	254.026	0	
172.314	-2.47004	313.866	0	
-20.0054	-1.48403	308.223	0	
128.125	-0.431516	343.639	0	
132.5	-1.09967	220.092	0	
-25.5207	-2.1669	242.828	0	
127.5	-1.09967	207.353	0	
-21.875	-0.668155	408.503	0	
124.375	-0.366631	253.534	0	
-145	-1.09967	187.588	0	
-23.5417	-2.01633	271.373	0	
131.875	-0.431516	288.651	0	
-27.5	-0.727521	261.395	0	
133.75	-1.09967	256.187	0	
134.375	-0.431516	305.65	0	
-29.375	-0.668155	386.739	0	
139.896	-1.86538	246.814	0	
-22.5	-1.09967	201.254	0	
9.375	-0.668155	336.928	0	
141.25	-1.09967	263.639	0	
5.625	-0.668155	256.5	0	
140.625	-0.431516	367.298	0	
156.146	-1.86538	254.326	0	
3.95833	-2.01633	256.278	0	
139.375	-0.366631	334.072	0	
-2.72879	-2.84299	261.861	0	
135	-0.798148	236.381	0	
1.97929	-2.1669	224.736	0	
131.25	-0.798148	306.305	0	
-20	-0.727521	277.153	0	
118.125	-0.431516	350.853	0	
-133.75	-1.03479	267.235	0	
-1.875	-0.431516	292.225	0	
143.125	-0.431516	342.523	0	
-13.7054	-2.8545	262.332	0	
150	-1.09967	231.62	0	
146.25	-1.09967	252.11	0	
1.25	-0.798148	295.963	0	
143.75	-0.798148	324.565	0	
-2.5	-1.09967	223.25	0	
-4.375	-0.366631	322.762	0	
150.625	-0.668155	258.705	0	
-8.83895	-1.76841	305.468	0	
151.25	-1.09967	277.197	0	
157.5	-1.09967	276.139	0	
-17.6594	-3.16789	210.843	0	
156.25	-0.798148	271.326	0	
-10.625	-0.668155	390.719	0	
148.125	-0.366631	300.676	0	
-5.74439	-2.06993	260.059	0	
-12.2917	-2.01633	290.909	0	
156.875	-0.431516	370.729	0	
-14.9111	-1.76841	283.057	0	
158.958	-1.16463	243.622	0	
160	-0.496475	212.954	0	
-13.75	-1.03479	307.656	0	
158.125	-0.668155	129.618	0	
-11.25	-1.09967	286.68	0	
-43.7554	-1.48403	276.804	0	
159.338	-2.74918	204.501	0	
-26.25	-0.798148	321.415	0	
164.35	-1.76839	280.008	0	
166.05	-0.925681	286.772	0	
-31.9944	-2.06993	233.44	0	
155.521	-4.78762	239.033	0	
-37.8277	-2.00504	255.061	0	
161.333	-1.33918	246.775	0	
-45.625	-0.668155	224.438	0	
155.625	-0.366631	267.419	0	
-8.75	-0.798148	338.296	0	
-35.625	-0.366631	266.047	0	
174.762	-1.34606	323.172	0	
-38.6611	-1.76841	267.596	0	
177.527	-2.9619	333.771	0	
168.496	-7.04709	236.601	0	
-37.5	-1.03479	221.106	0	
166.796	-10.6094	228.94	0	
-35.0889	-1.76841	263.061	0	
-55.9223	-2.00504	220.669	0	
154.805	-6.09945	242.956	0	
-43.75	-0.727521	305.531	0	
119.775	-42.5718	277.168	0	
169.138	-29.3032	250.043	0	
-47.2917	-2.01633	246.693	0	
199.784	-4.78957	367.468	0	
-51.0417	-2.72654	261.376	0	
177.385	-6.05361	326.308	0	
-56.25	-1.03479	239.958	0	
-50	-1.09967	215.293	0	
-68.75	-1.02905	244.056	0	
-66.9845	-2.19037	259.436	0	
-49.7917	-2.01633	248.291	0	
28.7125	-3.24559	221.028	0	
-75.0054	-1.48403	264.262	0	
-79.0702	-2.91409	236.827	0	
-76.875	-0.668155	270.407	0	
-71.5702	-2.91409	243.462	0	
168.693	-54.0604	304.56	0	
-46.25	-1.09967	256.416	0	
167.97	-2.04966	297.173	0	
-30.625	-0.366631	280.411	0	
142.5	-1.09967	237.015	0	
5	-1.09967	208.344	0	
-75	-0.727521	256.441	0	
-101.994	-2.06993	243.216	0	
-78.5417	-2.01633	250.549	0	
65	-0.798148	229.249	0	
-77.5	-1.09967	210.32	0	
-82.5	-0.727521	253.044	0	
-84.375	-0.668155	247.672	0	
98.2293	-2.1669	217.834	0	
105.625	-0.668155	263.235	0	
92.1723	-2.00504	249.951	0	
101.875	-0.668155	240.508	0	
100.208	-2.01633	245.76	0	
101.25	-1.09967	239.573	0	
94.375	-0.431516	284.944	0	
93.75	-1.09967	241.558	0	
88.0955	-3.52006	203.182	0	
97.5	-0.798148	239.709	0	
90.5056	-2.06993	253.303	0	
91.875	-0.366631	281.541	0	
85.625	-0.668155	251.83	0	
87.4111	-1.76841	258.854	0	
82.1723	-2.00504	238.168	0	
87.5	-0.798148	245.359	0	
83.9583	-2.01633	261.539	0	
85	-1.09967	221.379	0	
81.3389	-1.76841	259.485	0	
82.5	-1.03479	235.888	0	
74.375	-0.668155	280.751	0	
76.2446	-1.48403	273.95	0	
70.7293	-2.1669	214.896	0	
76.25	-0.727521	297.789	0	
72.7083	-2.01633	254.664	0	
73.75	-1.09967	249.785	0	
68.75	-0.727521	291.114	0	
66.875	-0.668155	255.516	0	
58.8389	-2.93321	236.448	0	
70	-0.798148	231.919	0	
64.2556	-2.06993	218.818	0	
65.625	-0.366631	299.86	0	
60.625	-0.366631	270.553	0	
61.1611	-1.76841	244.765	0	
57.5889	-1.76841	234.257	0	
58.75	-1.03479	242.399	0	
50.625	-0.668155	186.061	0	
52.4946	-1.48403	248.139	0	
45.2083	-2.72654	243.22	0	
52.5	-0.727521	241.73	0	
48.9583	-2.01633	228.561	0	
50	-1.09967	206.161	0	
46.25	-1.09967	230.404	0	
46.4583	-2.01633	228.684	0	
40	-1.03479	204.707	0	
40.3277	-2.00504	221.906	0	
27.5	-1.02905	224.071	0	
29.2655	-2.19037	252.884	0	
24.6798	-2.91409	228.315	0	
121.042	-2.01633	257.29	0	
19.375	-0.668155	318.619	0	
21.2446	-1.48403	280.797	0	
17.1798	-2.91409	234.441	0	
21.25	-0.727521	315.276	0	
17.7083	-2.01633	263.241	0	
18.75	-1.09967	254.521	0	
13.75	-0.727521	322.059	0	
11.875	-0.668155	336.745	0	
153.125	-0.668155	236.692	0	
154.995	-1.48403	288.048	0	
145.155	-3.05088	228.685	0	
155	-0.727521	273.162	0	
151.458	-2.01633	272.346	0	
152.5	-1.09967	238.354	0	
146.875	-0.431516	385.572	0	
148.696	-1.54577	292.132	0	
147.758	-2.24637	244.336	0	
148.75	-0.798148	312.81	0	
143.839	-1.76841	288.712	0	
145	-1.03479	250.546	0	
138.125	-0.36089	343.98	0	
138.745	-1.48403	292.22	0	
135.089	-1.76841	252.848	0	
136.25	-1.03479	276.863	0	
130	-1.03479	247.233	0	
130.328	-2.00504	228.178	0	
122.5	-1.02905	243.474	0	
124.266	-2.19037	243.278	0	
119.68	-2.91409	239.182	0	
156.979	-2.1669	207.656	0	
114.375	-0.668155	233.792	0	
116.245	-1.48403	265.062	0	
112.163	-2.94281	228.185	0	
116.25	-0.727521	293.094	0	
112.708	-2.01633	246.89	0	
113.75	-1.09967	246.273	0	
108.125	-0.668155	261.297	0	
109.911	-1.76841	231.809	0	
-117.5	-1.02905	215.189	0	
-115.734	-2.19037	259.464	0	
-138.021	-2.1669	224.195	0	
-67.5375	-3.24559	247.196	0	
-124.375	-0.36089	260.406	0	
-123.755	-1.48403	272.325	0	
-88.0056	-2.06993	219.737	0	
-81.25	-0.798148	269.659	0	
-86.0417	-2.01633	245.793	0	
-85	-1.09967	213.517	0	
-89.375	-0.366631	248.768	0	
-88.8389	-1.76841	224.139	0	
-96.875	-0.36089	249.29	0	
-96.2554	-1.48403	254.424	0	
-95.7345	-2.19037	250.809	0	
-96.25	-0.727521	269.392	0	
-101.161	-1.76841	254.838	0	
-100	-1.03479	244.354	0	
-106.25	-1.03479	271.888	0	
-105.922	-2.00504	246.764	0	
-70.2083	-2.01633	260.459	0	
-100.328	-2.00504	236.04	0	
-141.25	-0.792406	292.304	0	
-140.814	-2.07688	221.432	0	
-153.54	-3.47677	269.598	0	
-123.787	-3.24559	225.444	0	
-127.411	-1.76841	255.927	0	
-126.25	-1.03479	254.031	0	
-132.5	-1.03479	225.537	0	
-132.172	-2.00504	246.506	0	
-118.958	-2.01633	252.617	0	
-126.578	-2.00504	224.538	0	
-202.353	-21.532	461.06	0	
-119.833	-3.79821	235.204	0	
-21.25	-1.02905	291.277	0	
-19.4845	-2.19037	272.267	0	
-27.5375	-3.24559	246.659	0	
5.25269	-2.80091	247.991	0	
-28.125	-0.36089	290.31	0	
-27.5054	-1.48403	283.651	0	
8.24439	-2.06993	228.564	0	
15	-0.798148	244.633	0	
10.2083	-2.01633	262.766	0	
11.25	-1.09967	254.895	0	
6.875	-0.366631	386.021	0	
7.41105	-1.76841	247.096	0	
-0.625	-0.36089	358.02	0	
-0.00541199	-1.48403	283.961	0	
0.51554	-2.19037	261.717	0	
0	-0.727521	271.911	0	
-4.91105	-1.76841	277.209	0	
-3.75	-1.03479	274.285	0	
-10	-1.03479	241.886	0	
-9.67228	-2.00504	275.376	0	
26.0417	-2.01633	252.534	0	
-4.07772	-2.00504	251.202	0	
-45	-1.02905	243.201	0	
-43.2345	-2.19037	261.635	0	
-50.2083	-2.72654	260.864	0	
-29.6307	-3.06027	197.912	0	
-31.1611	-1.76841	271.676	0	
-30	-1.03479	213.477	0	
-36.25	-1.03479	259.88	0	
-35.9223	-2.00504	239.751	0	
-22.7083	-2.01633	281.365	0	
-30.3277	-2.00504	242.65	0	
-60.2083	-2.01633	261.302	0	
-51.4583	-2.01633	248.506	0	
-68.3387	-1.78555	247.032	0	
-68.4751	-2.84652	214.892	0	
-76.25	-1.02905	244.369	0	
-74.4845	-2.19037	258.099	0	
-77.7083	-2.01633	255.969	0	
-105.61	-4.06799	223.133	0	
-83.125	-0.36089	267.96	0	
-82.5054	-1.48403	257.188	0	
104.494	-2.06993	217.961	0	
110	-0.798148	223.545	0	
106.458	-2.01633	243.568	0	
107.5	-1.09967	201.686	0	
103.125	-0.366631	282.781	0	
103.661	-1.76841	234.899	0	
95.625	-0.36089	296.144	0	
96.2446	-1.48403	268.205	0	
96.7655	-2.19037	252.974	0	
96.25	-0.727521	288.618	0	
91.3389	-1.76841	265.542	0	
92.5	-1.03479	237.915	0	
86.25	-1.03479	267.674	0	
86.5777	-2.00504	246.951	0	
78.2293	-2.1669	230.262	0	
78.5906	-3.16789	205.043	0	
75	-1.02905	228.146	0	
76.7655	-2.19037	263.353	0	
68.7125	-3.24559	229.933	0	
123.713	-3.24559	223.955	0	
68.125	-0.36089	283.077	0	
68.7446	-1.48403	264.329	0	
65.0889	-1.76841	237.908	0	
66.25	-1.03479	251.566	0	
60	-1.03479	224.71	0	
60.3277	-2.00504	229.813	0	
54.4793	-2.1669	209.392	0	
73.5417	-2.01633	253.499	0	
51.25	-1.02905	249.058	0	
53.0155	-2.19037	247.037	0	
40.4973	-3.78292	234.384	0	
54.8394	-3.16569	200.662	0	
39.0027	-2.80091	243.048	0	
44.7917	-2.01633	228.169	0	
27.9113	-1.78555	246.561	0	
27.7749	-2.84652	204.604	0	
20	-1.02905	226.05	0	
21.7655	-2.19037	257.981	0	
-9.36018	-4.06799	249.59	0	
18.5417	-2.01633	257.394	0	
13.125	-0.36089	293.935	0	
13.7446	-1.48403	287.389	0	
153.75	-1.02905	308.137	0	
155.516	-2.19037	271.933	0	
142.62	-3.22837	183.952	0	
144.069	-5.7607	181.64	0	
147.5	-0.798148	230.797	0	
146.771	-2.1669	236.086	0	
140.729	-2.1669	227.115	0	
150.746	-2.90651	238.609	0	
137.5	-1.02905	234.064	0	
139.266	-2.19037	259.894	0	
130.64	-4.06799	203.092	0	
141.177	-3.32534	168.034	0	
131.994	-2.06993	235.623	0	
129.955	-2.8545	243.173	0	
128.542	-2.01633	256.768	0	
127.18	-2.91409	227.175	0	
122.911	-1.78555	236.652	0	
122.775	-2.84652	201.612	0	
115	-1.02905	228.928	0	
116.766	-2.19037	252.847	0	
86.8898	-4.06799	229.263	0	
113.542	-2.01633	246.412	0	
108.75	-1.03479	238.122	0	
109.078	-2.00504	215.34	0	
-117.089	-1.78555	250.782	0	
-117.225	-2.84652	205.767	0	
-125	-1.02905	214.188	0	
-123.234	-2.19037	258.074	0	
-78.5826	-3.79821	238.076	0	
-143.899	-7.68728	245.358	0	
-90	-1.03479	209.261	0	
-89.6723	-2.00504	215.279	0	
-97.5	-0.792406	235.118	0	
-97.0644	-2.07688	225.965	0	
-116.287	-3.24559	231.348	0	
-108.125	-3.34884	249.957	0	
-104.256	-2.06993	241.615	0	
-112.466	-3.07092	185.952	0	
-107.708	-2.01633	265.714	0	
-116.633	-5.94785	199.967	0	
-141.434	-1.75189	266.868	0	
-142.267	-2.05915	243.429	0	
-130.506	-2.06993	237.957	0	
-141.756	-5.80291	223.695	0	
-140.354	-6.17065	185.806	0	
-130.457	-4.4054	191.405	0	
-20.8387	-1.78555	266.191	0	
-20.9751	-2.84652	240.569	0	
-28.75	-1.02905	258.678	0	
-26.9845	-2.19037	256.336	0	
-43.7875	-3.24559	242.571	0	
-46.3858	-5.74538	275.414	0	
6.25	-1.03479	276.151	0	
6.57772	-2.00504	227.863	0	
-1.25	-0.792406	307.277	0	
-0.814428	-2.07688	242.297	0	
-20.0375	-3.24559	253.167	0	
-11.875	-3.34884	253.78	0	
-8.00561	-2.06993	257.006	0	
-16.2164	-3.07092	207.418	0	
-11.4583	-2.01633	282.059	0	
-20.3828	-5.94785	231.402	0	
-44.5887	-1.78555	246.217	0	
-44.7251	-2.84652	207.275	0	
-34.2556	-2.06993	248.921	0	
-49.5151	-8.22246	248.011	0	
-44.2462	-5.42835	247.762	0	
-34.2075	-4.4054	231.392	0	
-75.0375	-3.24559	246.09	0	
25.1674	-3.79821	222.243	0	
-75.8387	-1.78555	245.738	0	
-75.9751	-2.84652	212.35	0	
-83.75	-1.02905	238.959	0	
-81.9845	-2.19037	252.035	0	
-90.0446	-2.8545	230.843	0	
-86.5873	-2.94281	227.074	0	
102.5	-1.03479	219.735	0	
102.828	-2.00504	215.311	0	
95	-0.792406	242.547	0	
95.4356	-2.07688	233.222	0	
76.2125	-3.24559	240.877	0	
84.375	-3.34884	249.479	0	
88.2444	-2.06993	242.554	0	
80.0336	-3.07092	200.295	0	
84.7917	-2.01633	263.008	0	
75.8672	-5.94785	215.667	0	
75.4113	-1.78555	251.737	0	
75.2749	-2.84652	215.543	0	
67.5	-1.02905	224.828	0	
69.2655	-2.19037	249.466	0	
52.4625	-3.24559	227.838	0	
49.8642	-5.74538	262.035	0	
61.9944	-2.06993	230.341	0	
46.7349	-8.22246	235.701	0	
52.0038	-5.42835	248.779	0	
62.0425	-4.4054	218.397	0	
51.6613	-1.78555	226.41	0	
51.5249	-2.84652	186.862	0	
21.2125	-3.24559	230.357	0	
107.75	-4.43486	251.091	0	
20.4113	-1.78555	252.307	0	
20.2749	-2.84652	212.16	0	
12.5	-1.02905	228.26	0	
14.2655	-2.19037	264.462	0	
6.20541	-2.8545	234.332	0	
9.66268	-2.94281	226.467	0	
154.161	-1.78555	268.514	0	
154.025	-2.84652	237.184	0	
152.292	-2.01633	265.451	0	
139.039	-4.35802	205.056	0	
137.911	-1.78555	246.973	0	
137.775	-2.84652	207.281	0	
116.213	-3.24559	237.804	0	
154.963	-3.24559	244.392	0	
115.411	-1.78555	241.539	0	
115.275	-2.84652	204.629	0	
107.292	-2.01633	246.685	0	
109.247	-3.78292	236.436	0	
-140.037	-3.24559	225.232	0	
-71.0826	-3.79821	240.754	0	
-124.589	-1.78555	249.695	0	
-124.725	-2.84652	202.688	0	
-92.8202	-2.91409	224.372	0	
-85.2083	-2.01633	248.818	0	
-97.684	-1.75189	244.75	0	
-98.5173	-2.05915	250.682	0	
-152.708	-2.01633	267.026	0	
-145.211	-4.15655	277.647	0	
-23.5826	-3.79821	234.012	0	
3.37811	-4.98343	229.828	0	
-28.3387	-1.78555	247.858	0	
-28.4751	-2.84652	217.026	0	
3.42981	-2.91409	231.636	0	
11.0417	-2.01633	255.951	0	
-1.43402	-1.75189	281.963	0	
-2.26735	-2.05915	269.018	0	
-48.9583	-3.47328	268.526	0	
-47.6197	-4.31165	274.262	0	
-88.4261	-3.92482	233.444	0	
-92.8719	-4.98343	235.719	0	
-83.3387	-1.78555	237.447	0	
-83.4751	-2.84652	200.096	0	
99.6798	-2.91409	222.55	0	
107.753	-2.80091	239.946	0	
94.816	-1.75189	250.989	0	
93.9827	-2.05915	250.906	0	
72.6674	-3.79821	230.519	0	
120.167	-3.79821	226.126	0	
67.9113	-1.78555	237.636	0	
67.7749	-2.84652	201.161	0	
47.2917	-3.47328	245.415	0	
50.1448	-3.88818	208.378	0	
17.6674	-3.79821	229.244	0	
-0.0374544	-3.24559	236.755	0	
12.9113	-1.78555	258.283	0	
12.7749	-2.84652	214.622	0	
148.483	-4.32001	228.556	0	
187.308	-1.93891	352.528	0	
147.862	-1.54577	280.55	0	
148.712	-3.13655	255.736	0	
133.929	-3.08731	186.845	0	
138.713	-3.24559	225.154	0	
90.6555	-3.51902	207.695	0	
102.455	-2.8545	227.402	0	
-152.829	-5.21478	275.302	0	
-131.801	-4.25718	212.769	0	
-122.157	-4.23242	213.646	0	
-96.2875	-3.24559	228.588	0	
-46.1052	-3.88818	228.303	0	
-35.5505	-4.25718	207.398	0	
-25.9071	-4.23242	253.273	0	
13.7125	-3.24559	230.96	0	
-100.639	-4.06622	216.788	0	
-82.5375	-3.24559	236.826	0	
48.6303	-4.31165	257.151	0	
96.2125	-3.24559	228.842	0	
60.6995	-4.25718	217.727	0	
70.3429	-4.23242	221.549	0	
-4.38926	-4.06622	231.62	0	
7.82395	-3.92482	222.156	0	
146.42	-3.14785	200.153	0	
147.178	-4.41078	232.313	0	
34.7917	-2.72654	251.671	0	
33.9583	-2.72654	256.201	0	
126.034	-3.06466	182.959	0	
126.041	-5.36183	208.743	0	
-147.837	-2.94281	219.249	0	
-142.682	-2.77243	249.852	0	
-160.208	-1.16463	149.696	0	
-201.338	-10.2031	402.33	0	
-153.958	-2.72654	273.695	0	
-152.247	-2.80091	249.365	0	
-156.042	-3.47328	279.437	0	
-156.458	-2.72654	283.757	0	
-52.8373	-2.94281	228.473	0	
-49.7917	-3.47328	266.632	0	
-58.9583	-2.72654	268.739	0	
-57.7083	-2.01633	259.141	0	
-56.2946	-2.8545	242.975	0	
-57.2473	-2.80091	247.939	0	
-65.2159	-3.06466	213.917	0	
-65.2085	-5.36053	241.21	0	
-72.7159	-3.06466	212.546	0	
-69.5113	-3.00667	225.296	0	
43.4127	-2.94281	205.645	0	
46.4583	-3.47328	249.847	0	
36.0417	-2.01633	243.709	0	
32.5816	-3.68836	238.998	0	
32.1798	-2.91409	218.606	0	
36.4583	-2.72654	256.023	0	
23.5341	-3.06466	197.491	0	
26.7387	-3.00667	214.452	0	
118.534	-3.06466	202.136	0	
121.739	-3.00667	214.014	0	
-121.466	-3.06466	203.895	0	
-118.261	-3.00667	224.947	0	
-93.9659	-3.06466	199.82	0	
-93.9594	-5.36183	234.413	0	
-109.003	-2.80091	261.267	0	
-107.247	-2.80091	264.89	0	
-146.042	-2.72654	258.642	0	
-147.44	-3.72538	239.222	0	
-25.2159	-3.06466	207.058	0	
-22.0113	-3.00667	232.243	0	
2.28409	-3.06466	201.549	0	
2.29056	-5.36183	213.804	0	
-12.7527	-2.80091	270.388	0	
-10.9973	-2.80091	281.691	0	
-48.9583	-2.01633	248.002	0	
-45.7613	-3.00667	217.15	0	
-52.44	-3.72538	246.742	0	
-48.5417	-2.72654	259.651	0	
-80.2159	-3.06466	205.61	0	
-77.0113	-3.00667	224.086	0	
98.5341	-3.06466	191.314	0	
98.5406	-5.36183	204.915	0	
83.4973	-2.80091	260.24	0	
85.2527	-2.80091	263.464	0	
71.0341	-3.06466	199.178	0	
74.2387	-3.00667	225.695	0	
47.2917	-2.01633	222.806	0	
50.4887	-3.00667	201.648	0	
43.81	-3.72538	232.487	0	
47.7083	-2.72654	240.095	0	
16.0341	-3.06466	206.775	0	
19.2387	-3.00667	224.429	0	
151.132	-3.93062	238.769	0	
152.989	-3.00667	250.078	0	
111.032	-2.99641	193.595	0	
114.239	-3.00667	216.596	0	
-87.7179	-2.99641	192.503	0	
-84.5113	-3.00667	214.181	0	
8.53206	-2.99641	198.136	0	
11.7387	-3.00667	222.909	0	
104.782	-2.99641	182.613	0	
102.997	-3.78292	225.901	0	
-143.54	-2.72962	257.63	0	
-140.951	-3.13784	232.516	0	
-99.9558	-2.85377	249.148	0	
-97.2008	-3.13784	230.137	0	
-3.70582	-2.85377	264.284	0	
-0.950756	-3.13784	252.928	0	
92.5442	-2.85377	253.469	0	
95.2992	-3.13784	232.126	0	
41.5739	-3.92482	214.194	0	
46.0417	-2.72654	237.857	0	
127.582	-3.68916	235.825	0	
132.502	-3.08731	171.106	0	
127.128	-4.98343	233.922	0	
128.572	-3.57598	252.418	0	
-152.662	-3.55114	266.642	0	
-152.231	-4.40508	271.089	0	
-159.148	-3.04538	250.548	0	
-165.564	-17.3854	412.621	0	
-154.373	-3.97501	274.281	0	
-150.753	-3.78292	241.003	0	
-160.293	-8.30276	309.273	0	
-155.208	-3.47328	281.57	0	
-158.057	-10.316	344.243	0	
-143.957	-3.47621	263.186	0	
-58.5398	-3.47677	268.124	0	
-57.2309	-4.40508	263.136	0	
-61.4583	-2.72654	270.822	0	
-57.6621	-3.55114	267.32	0	
-62.7232	-3.50081	272.009	0	
-55.7527	-3.78292	240.877	0	
-64.0702	-2.91409	245.611	0	
-63.6684	-3.68836	259.498	0	
-61.8899	-3.99904	269.348	0	
-60.2083	-3.47328	275.777	0	
-72.8478	-5.56717	239.413	0	
-69.264	-5.46522	228.269	0	
39.9554	-2.8545	227.871	0	
39.0191	-4.40508	254.588	0	
37.2917	-2.72654	251.713	0	
38.5879	-3.55114	251.223	0	
34.3601	-3.99904	249.334	0	
37.7102	-3.47677	259.818	0	
35.2083	-3.47328	261.181	0	
33.5268	-3.50081	250.82	0	
23.4022	-5.56717	221.313	0	
26.986	-5.46522	219.707	0	
118.402	-5.56717	225.225	0	
114.489	-5.47929	221.213	0	
-121.598	-5.56717	236.819	0	
-125.6	-5.31383	248.866	0	
-92.4178	-3.68916	250.728	0	
-89.5027	-3.78292	239.052	0	
-90.9952	-4.42757	262.138	0	
-86.1036	-3.83222	227.698	0	
-109.687	-5.39772	197.423	0	
-106.295	-2.8545	250.856	0	
-110.64	-4.06799	212.68	0	
-98.2818	-3.59669	250.036	0	
-146.478	-3.50911	258.09	0	
-141.985	-3.52613	251.523	0	
-25.3478	-5.56717	240.491	0	
-29.3495	-5.31383	258.103	0	
3.83223	-3.68916	240.473	0	
6.7473	-3.78292	238.439	0	
5.25478	-4.42757	251.134	0	
10.1464	-3.83222	218.599	0	
-13.4371	-5.39772	188.47	0	
-10.0446	-2.8545	267.851	0	
-14.3898	-4.06799	239.456	0	
-2.03178	-3.59669	256.82	0	
-51.4777	-3.50911	262.139	0	
-47.7083	-2.72654	261.668	0	
-51.0637	-4.19254	276.086	0	
-47.2189	-3.60804	246.001	0	
-80.3478	-5.56717	234.914	0	
-84.2613	-5.47929	217.298	0	
100.082	-3.68916	235.13	0	
112.646	-3.83222	224.643	0	
110.324	-3.92482	233.038	0	
107.317	-3.58364	246.056	0	
82.8129	-5.39772	200.275	0	
86.2054	-2.8545	254.107	0	
81.8602	-4.06799	220.461	0	
94.2182	-3.59669	246.752	0	
70.9022	-5.56717	228.116	0	
66.9005	-5.31383	245.236	0	
44.7723	-3.50911	239.588	0	
48.5417	-2.72654	238.736	0	
45.1863	-4.19254	261.586	0	
49.0311	-3.60804	231.186	0	
15.9022	-5.56717	217.127	0	
11.9887	-5.47929	209.301	0	
108.705	-2.8545	233.503	0	
101.072	-3.57598	242.834	0	
-91.4282	-3.57598	251.802	0	
-94.651	-4.21812	218.023	0	
4.82178	-3.57598	247.587	0	
1.59897	-4.21812	221.35	0	
105.913	-2.94281	218.23	0	
106.31	-3.72554	234.06	0	
97.849	-4.21812	211.381	0	
101.505	-4.42757	250.107	0	
-144.792	-3.47313	265.361	0	
-146.064	-4.19253	275.339	0	
-103.124	-4.43041	150.397	0	
-108.125	-4.73217	175.362	0	
-6.87403	-4.43041	128.524	0	
-11.875	-4.73217	218.056	0	
89.376	-4.43041	166.092	0	
84.375	-4.73217	186.392	0	
121.393	-3.89079	223.793	0	
143.936	-3.97268	181.528	0	
125.349	-4.21812	216.278	0	
129.043	-4.50658	241.608	0	
-154.834	-5.62943	268.71	0	
-149.676	-3.92482	227.791	0	
-156.465	-4.16242	297.136	0	
-88.4597	-6.17559	261.639	0	
-157.746	-3.54331	284.926	0	
-157.336	-4.23245	290.863	0	
-155.953	-5.20944	278.228	0	
-151.274	-4.58327	262.728	0	
-87.8931	-5.00841	246.889	0	
-54.6761	-3.92482	236.277	0	
-59.3731	-3.97501	267.589	0	
7.79028	-6.17559	225.173	0	
-65.9011	-4.21822	242.552	0	
-59.3047	-5.11624	204.76	0	
-64.1215	-4.98124	250.225	0	
-60.5387	-5.90518	229.392	0	
8.35687	-5.00841	235.13	0	
92.527	-5.11846	230.128	0	
30.3489	-4.21822	212.891	0	
32.1285	-4.98124	226.77	0	
36.0417	-3.47328	256.847	0	
34.378	-5.06466	197.399	0	
35.7113	-5.90518	204.928	0	
36.8769	-3.97501	250.498	0	
-101.844	-3.51902	187.074	0	
-99.973	-5.11846	240.681	0	
-145.501	-5.7656	259.439	0	
-69.8571	-3.89079	241.014	0	
-156.677	-7.51666	298.048	0	
-49.707	-5.1949	263.803	0	
-148.977	-5.20289	231.725	0	
-147.813	-5.59213	251.338	0	
-5.59449	-3.51902	231.894	0	
-3.72305	-5.11846	222.94	0	
-56.2742	-4.58327	262.793	0	
26.3929	-3.89079	212.388	0	
-39.9676	-3.06872	211.111	0	
46.543	-5.1949	250.003	0	
-53.9766	-5.20289	226.39	0	
-50.211	-4.15672	280.529	0	
-55.8234	-5.70833	255.241	0	
-48.5258	-4.17689	275.427	0	
-52.8132	-5.59213	251.608	0	
-47.2738	-5.38006	275.038	0	
91.8607	-4.06622	229.659	0	
105.879	-5.0575	222.817	0	
36.9453	-5.11624	188.478	0	
130.158	-4.945	226.586	0	
56.2824	-3.06872	193.614	0	
110.29	-6.17488	253.546	0	
42.2734	-5.20289	219.242	0	
46.039	-4.15672	260.853	0	
40.4266	-5.70833	247.474	0	
47.7242	-4.17689	262.51	0	
39.9758	-4.58327	245.73	0	
48.9762	-5.38006	263.201	0	
-90.0224	-4.58092	260.013	0	
-89.5124	-5.89001	247.146	0	
6.22758	-4.58092	241.651	0	
6.73765	-5.89001	230.675	0	
102.928	-5.70651	237.92	0	
107.848	-6.54104	199.379	0	
104.074	-3.92482	218.518	0	
104.773	-5.20318	205.221	0	
99.6281	-4.98343	222.014	0	
102.478	-4.58092	246.4	0	
-150.823	-5.70833	267.647	0	
-143.779	-5.33843	258.441	0	
76.6284	-4.52398	207.351	0	
144.244	-11.4317	262.275	0	
128.127	-5.50143	222.195	0	
128.872	-6.93342	187.281	0	
-158.777	-5.20944	282.877	0	
-143.448	-4.30353	259.429	0	
-161.732	-2.79975	191.936	0	
-207.299	-15.0218	424.465	0	
-182.365	-35.5359	664.835	0	
-79.1691	-5.28353	228.062	0	
-150.997	-8.59138	260.778	0	
-57.1302	-6.3947	234.926	0	
-61.872	-5.06466	215.917	0	
-58.0402	-5.47194	250.351	0	
-115.872	-4.52398	200.345	0	
17.0809	-5.28353	209.805	0	
-19.6216	-4.52398	214.714	0	
108.728	-4.58055	253.111	0	
38.2098	-5.47194	227.978	0	
43.4368	-5.59213	226.565	0	
-139.58	-4.60081	187.825	0	
-145.691	-7.03602	262.973	0	
-96.7489	-6.89898	193.281	0	
-97.1496	-5.26597	223.2	0	
-149.602	-6.18605	249.486	0	
-134.449	-4.25718	192.886	0	
-31.5017	-4.16217	212.964	0	
39.1198	-6.3947	221.947	0	
-0.498874	-6.89898	180.125	0	
-0.89962	-5.26597	209.57	0	
-70.5474	-6.44535	230.142	0	
-54.6024	-6.18605	249.778	0	
-52.4014	-4.79453	264.768	0	
-51.4417	-5.03664	280.82	0	
-52.0429	-7.10465	264.868	0	
-50.5017	-5.76581	259.593	0	
-54.1682	-7.76797	255.002	0	
-36.3389	-2.93321	249.512	0	
-48.8551	-5.21507	272.57	0	
-48.0926	-6.0103	269.782	0	
64.7483	-4.16217	217.832	0	
110.857	-5.00834	242.633	0	
95.7511	-6.89898	156.52	0	
95.3504	-5.26597	208.007	0	
25.7026	-6.44535	188.723	0	
41.6476	-6.18605	226.428	0	
43.8486	-4.79453	250.689	0	
44.8083	-5.03664	261.531	0	
44.2071	-7.10465	256.656	0	
45.7483	-5.76581	246.187	0	
42.0818	-7.76797	241.85	0	
59.9111	-2.93321	236.875	0	
47.3949	-5.21507	253.369	0	
48.1574	-6.0103	258.292	0	
-91.9104	-5.42242	244.015	0	
-90.925	-6.50437	227.538	0	
4.33964	-5.42242	216.137	0	
5.32497	-6.50437	181.892	0	
106.858	-5.46739	224.815	0	
109.237	-5.889	239.741	0	
45.559	-7.03622	214.428	0	
104.147	-6.18687	226.737	0	
100.59	-5.42242	221.977	0	
100.817	-6.41692	239.078	0	
-147.401	-4.79453	270.997	0	
-146.442	-5.03663	283.6	0	
-147.043	-7.10465	285.702	0	
-144.707	-5.19453	267.004	0	
-149.168	-7.76797	288.834	0	
-132.589	-2.93321	231.139	0	
-154.178	-7.28627	282.786	0	
-151.919	-6.13754	264.109	0	
-67.2642	-6.91889	262.949	0	
-50.691	-7.03622	244.227	0	
28.9858	-6.91889	245.528	0	
57.9209	-9.10125	271.475	0	
-165.569	-3.72058	292.061	0	
-124.19	-5.40086	230	0	
-65.8105	-6.63734	272.687	0	
-38.3291	-9.10125	251.478	0	
-59.0799	-8.70786	261.118	0	
-25.746	-9.39498	288.877	0	
-36.875	-5.27905	198.961	0	
-45.618	-4.95711	261.02	0	
30.4395	-6.63734	242.822	0	
104.619	-8.07335	209.501	0	
37.1701	-8.70786	230.791	0	
121.986	-5.46522	209.858	0	
59.375	-5.27905	221.123	0	
50.632	-4.95711	253.996	0	
-100.432	-7.15932	214.744	0	
-118.014	-5.46522	219.23	0	
-4.18243	-7.15932	235.721	0	
-21.764	-5.46522	256.291	0	
101.373	-10.8863	220.142	0	
97.6668	-7.08742	200.03	0	
74.486	-5.46522	221.407	0	
92.0676	-7.15932	204.373	0	
-142.782	-6.56075	245.009	0	
-142.334	-4.31064	231.606	0	
-152.527	-7.43868	256.059	0	
-121.996	-9.39498	278.993	0	
-136.218	-3.06872	184.778	0	
-128.568	-3.08143	189.961	0	
-38.1995	-4.25718	232.444	0	
-32.318	-3.08143	211.569	0	
58.0505	-4.25718	225.319	0	
63.932	-3.08143	195.086	0	
133.106	-6.04794	172.36	0	
130.428	-6.60412	228.41	0	
123.985	-6.91734	232.813	0	
150.848	-20.0464	156.953	0	
-155.18	-8.32445	295.978	0	
-52.0799	-10.5411	244.069	0	
-40.8588	-5.44334	234.912	0	
-43.3792	-4.50999	199.676	0	
55.3912	-5.44334	253.36	0	
52.8708	-4.50999	210.733	0	
-87.5848	-7.52916	275.267	0	
-84.8609	-3.89608	227.261	0	
8.66524	-7.52916	222.951	0	
11.3891	-3.89608	207.635	0	
120.703	-6.44535	193.34	0	
113.889	-3.89608	224.817	0	
-94.8332	-7.08742	223.921	0	
-127.752	-4.16217	216.758	0	
-136.015	-9.53859	308.095	0	
-118.607	-3.89079	221.532	0	
-44.375	-6.99919	247.64	0	
-22.3571	-3.89079	238.723	0	
-42.8302	-8.44515	228.679	0	
-40.8536	-7.44458	229.532	0	
51.875	-6.99919	230.03	0	
73.8929	-3.89079	228.453	0	
53.4198	-8.44515	265.434	0	
55.3964	-7.44458	235.407	0	
-45.8903	-7.18841	262.256	0	
-48.1439	-7.56208	261.83	0	
50.3597	-7.18841	262.104	0	
48.1061	-7.56208	240.219	0	
-141.655	-10.9683	262.138	0	
-134.129	-6.10622	220.998	0	
-52.772	-8.29733	266.553	0	
-46.8296	-8.37487	275.491	0	
43.478	-8.29733	226.482	0	
49.4204	-8.37487	244.443	0	
-164	-0.842706	263.755	0	
-160.19	-2.6252	217.553	0	
-171.26	-1.12398	351.949	0	
-163.118	-4.25546	265.68	0	
157.984	-3.31993	219.715	0	
162.75	-0.842706	253.154	0	
160.879	-2.92373	223.272	0	
162.233	-4.81544	231.186	0	
149.806	-4.94504	229.672	0	
157.495	-4.95032	166.87	0	
136.186	-4.14103	187.684	0	
140.456	-4.52612	202.993	0	
-73.4071	-4.23242	238.728	0	
-71.6691	-5.28353	235.069	0	
-80.4167	-10.3326	349.306	0	
-64.8646	-8.3096	257.109	0	
-77.3571	-3.89079	239.975	0	
-74.2262	-6.72899	262.276	0	
22.8429	-4.23242	217.696	0	
24.5809	-5.28353	210.188	0	
15.8333	-10.3326	177.823	0	
31.3854	-8.3096	249.286	0	
18.8929	-3.89079	218.672	0	
22.0238	-6.72899	212.454	0	
117.843	-4.23242	231.282	0	
119.581	-5.28353	225.088	0	
112.877	-7.50462	240.017	0	
125.437	-6.63718	246.624	0	
111.164	-7.52928	243.715	0	
117.03	-6.73778	228.217	0	
-120.419	-5.28353	208.02	0	
-119.297	-6.44535	211.572	0	
-147.08	-10.5411	322.478	0	
-106.019	-7.46803	226.424	0	
-144.559	-9.99967	320.024	0	
-147.772	-8.29733	283.683	0	
-24.1691	-5.28353	256.822	0	
-23.0474	-6.44535	205.639	0	
1.41684	-7.08742	194.62	0	
-9.76913	-7.46803	226.72	0	
-27.9404	-5.40086	265.792	0	
-23.5704	-9.08967	335.296	0	
-80.9071	-4.23242	229.062	0	
-78.0474	-6.44535	231.08	0	
-74.2388	-9.20929	207.088	0	
-76.764	-5.46522	226.656	0	
-81.7196	-6.73778	257.312	0	
-82.2148	-8.98906	222.691	0	
72.0809	-5.28353	216.717	0	
73.2026	-6.44535	203.905	0	
102.182	-6.54766	245.196	0	
86.4809	-7.46803	213.657	0	
68.3096	-5.40086	241.264	0	
93.8488	-8.33358	191.158	0	
15.3429	-4.23242	217.296	0	
18.2026	-6.44535	182.146	0	
22.0112	-9.20929	207.437	0	
19.486	-5.46522	220.276	0	
14.5304	-6.73778	200.765	0	
14.0352	-8.98906	169.877	0	
112.049	-4.96932	242.12	0	
113.194	-6.11121	210.277	0	
107.957	-10.0357	190.808	0	
114.373	-9.53907	222.271	0	
-86.7013	-4.9694	242.942	0	
-85.556	-6.11128	219.316	0	
-85.8729	-7.50385	256.43	0	
-84.3782	-9.53722	270.315	0	
9.54871	-4.9694	220.76	0	
10.694	-6.11128	180.819	0	
10.3771	-7.50385	193.969	0	
11.8718	-9.53722	203.117	0	
132.08	-7.47425	182.561	0	
134.746	-4.16808	187.463	0	
124.075	-4.31071	195.377	0	
123.313	-5.73457	203.311	0	
-67.1755	-4.31081	224.574	0	
-67.9367	-5.73467	233.028	0	
29.0745	-4.31081	206.717	0	
28.3133	-5.73467	198.206	0	
-95.9255	-4.31071	217.016	0	
-98.5926	-4.6597	216.666	0	
-103.786	-7.04865	182.196	0	
-106.563	-5.39772	197.624	0	
0.324502	-4.31071	215.876	0	
-2.3426	-4.6597	228.223	0	
-7.5359	-7.04865	232.056	0	
-10.3129	-5.39772	187.424	0	
96.5745	-4.31071	200.767	0	
93.9074	-4.6597	216.341	0	
88.7141	-7.04865	196.095	0	
103.633	-8.96714	252.871	0	
-62.0477	-8.8546	276.013	0	
34.2023	-8.8546	230.326	0	
-65.6604	-12.2385	288.112	0	
44.1701	-10.5411	217.963	0	
-43.9291	-11.1429	374.81	0	
106.762	-8.25621	181.598	0	
40.691	-8.79126	225.066	0	
126.259	-8.10539	230.327	0	
30.5896	-12.2385	281.315	0	
128.121	-8.37598	228.985	0	
98.349	-8.47005	218.961	0	
102.415	-7.9218	247.772	0	
-155.111	-10.7469	343.323	0	
-60.5733	-7.64358	247.191	0	
138.321	-5.52235	225.609	0	
152.541	-4.03078	220.51	0	
-138.552	-9.35636	321.963	0	
-137.06	-5.53416	216.49	0	
-129.996	-3.08143	194.321	0	
-129.047	-6.04201	209.85	0	
-33.7459	-3.08143	185.251	0	
-32.7973	-6.04201	211.598	0	
62.5041	-3.08143	185.572	0	
63.4527	-6.04201	223.288	0	
131.229	-11.2697	245.472	0	
151.99	-6.88415	245.335	0	
136.941	-5.40234	219.641	0	
141.133	-5.9764	238.883	0	
-74.6816	-4.325	225.776	0	
-75.4428	-5.74886	236.535	0	
21.5684	-4.325	211.411	0	
20.8072	-5.74886	200.025	0	
116.568	-4.325	214.643	0	
115.814	-5.75765	223.073	0	
-123.432	-4.325	217.395	0	
-126.314	-4.14101	192.24	0	
-115.576	-8.16642	237.573	0	
-113.246	-5.34905	220.274	0	
-27.1816	-4.325	220.391	0	
-30.0644	-4.14101	223.892	0	
-19.3257	-8.16642	255.288	0	
-16.996	-5.34905	224.297	0	
-82.1816	-4.325	216.754	0	
-82.9362	-5.75765	223.718	0	
69.0684	-4.325	212.168	0	
66.1856	-4.14101	207.821	0	
76.9243	-8.16642	209.479	0	
79.254	-5.34905	230.358	0	
14.0684	-4.325	208.802	0	
13.3138	-5.75765	185.643	0	
105.405	-12.0508	239.545	0	
116.536	-8.99008	201.098	0	
-93.9774	-8.66503	278.418	0	
-91.6041	-8.13534	220.628	0	
2.27255	-8.66503	188.318	0	
4.64589	-8.13534	157.046	0	
129.195	-10.2093	239.507	0	
146.046	-6.10183	198.418	0	
134.488	-5.91521	204.709	0	
135.867	-6.69788	213.279	0	
121.43	-8.68418	198.956	0	
123.385	-8.88682	243.199	0	
-69.8214	-8.68669	227.806	0	
-67.8655	-8.89079	270.86	0	
26.4286	-8.68669	238.722	0	
28.3845	-8.89079	248.02	0	
-66.1145	-9.89368	295.72	0	
-95.0051	-12.6851	401.025	0	
-55.559	-8.79126	254.274	0	
1.24494	-12.6851	183.732	0	
85.9371	-5.39772	208.693	0	
70.504	-9.39498	209.744	0	
99.9643	-7.8529	232.71	0	
101.084	-8.78437	248.717	0	
-119.82	-9.08967	212.959	0	
-122.652	-7.0343	235.578	0	
-127.769	-5.79877	231.054	0	
-125.499	-7.54635	285.022	0	
-48.3872	-12.3828	278.824	0	
-26.4019	-7.0343	280.306	0	
-31.5194	-5.79877	268.567	0	
-29.2492	-7.54635	286.985	0	
47.8628	-12.3828	189.275	0	
69.8481	-7.0343	236.303	0	
64.7306	-5.79877	238.815	0	
67.0008	-7.54635	270.044	0	
140.302	-7.00568	260.311	0	
142.7	-6.86574	233.11	0	
125.012	-9.68556	240.986	0	
195.519	-2.32667	363.974	0	
-98.6512	-8.33358	264.602	0	
35.6767	-7.64358	228.016	0	
-2.40124	-8.33358	153.421	0	
103.223	-11.1651	253.643	0	
72.6796	-9.08967	197.027	0	
95.07	-11.0041	190.306	0	
-136.973	-6.98397	262.947	0	
-135.349	-7.69153	254.013	0	
-32.1235	-10.677	287.788	0	
-33.5046	-8.27657	319.995	0	
64.1265	-10.677	241.526	0	
97.6545	-10.9522	212.403	0	
80.0504	-6.99449	200.775	0	
151.079	-11.5903	198.045	0	
-78.2205	-8.73643	225.53	0	
30.1355	-9.89368	225.607	0	
8.79112	-11.9339	207.08	0	
110.443	-9.50362	228.718	0	
-126.434	-6.49884	246.61	0	
-123.97	-6.77541	262.636	0	
-30.1836	-6.49884	285.565	0	
-27.72	-6.77541	285.301	0	
66.0664	-6.49884	261.106	0	
68.53	-6.77541	253.4	0	
150.025	-6.43618	255.409	0	
153.18	-5.49318	269.403	0	
147.57	-7.50219	212.284	0	
142.406	-9.04296	281.431	0	
-113.344	-8.75328	231.562	0	
-118.411	-11.2883	332.664	0	
-114.541	-4.53464	200.525	0	
-111.901	-4.28441	207.685	0	
-17.0944	-8.75328	238.179	0	
-21.2298	-10.3281	223.043	0	
-18.2907	-4.53464	236.312	0	
-15.6508	-4.28441	217.612	0	
79.1556	-8.75328	226.054	0	
75.0202	-10.3281	204.749	0	
77.9593	-4.53464	220.022	0	
80.5992	-4.28441	214.65	0	
-63.1585	-5.8593	241.671	0	
-63.2996	-7.91085	241.311	0	
33.0915	-5.8593	210.891	0	
32.9504	-7.91085	221.323	0	
-205.568	-32.9721	626.76	0	
-158.17	-8.54355	310.092	0	
-42.0494	-4.51844	228.423	0	
-39.5061	-4.39269	209.554	0	
54.2006	-4.51844	223.353	0	
56.7439	-4.39269	227.656	0	
-138.25	-4.60927	203.551	0	
-135.756	-4.39269	209.977	0	
132.732	-9.94285	206.882	0	
140.759	-8.90393	286.412	0	
-131.823	-7.75398	273.331	0	
-88.3496	-9.59591	276.722	0	
-29.7584	-9.79585	371.947	0	
7.90043	-9.59591	175.693	0	
62.7454	-8.27657	231.797	0	
52.3209	-11.1429	189.011	0	
86.5779	-13.8833	264.947	0	
208.99	-5.28426	372.891	0	
-59.5306	-11.2795	273.907	0	
-57.3001	-7.89572	224.783	0	
36.7194	-11.2795	213.345	0	
38.9499	-7.89572	209.137	0	
138.907	-6.71973	261.307	0	
136.37	-8.16582	240.319	0	
138.03	-8.06765	267.45	0	
139.214	-9.60327	258.104	0	
134.987	-10.2845	249.982	0	
161.413	-6.92918	232.852	0	
119.235	-10.2813	194.254	0	
95.7393	-17.4777	238.823	0	
-50.1748	-10.5347	274.55	0	
-46.4132	-10.8834	259.975	0	
46.0752	-10.5347	191.564	0	
49.8368	-10.8834	211.896	0	
-176.012	-1.34606	367.398	0	
-160.335	-6.5477	268.756	0	
-161.831	-10.7403	357.626	0	
-188.999	-19.3034	440.408	0	
158.946	-6.83953	257.647	0	
170.01	-1.12398	307.109	0	
-87.4589	-11.9339	360.49	0	
99.5587	-12.4369	239.837	0	
18.0295	-8.73643	198.654	0	
4.49832	-12.069	223.286	0	
-153.134	-12.2646	350.955	0	
-148.55	-12.2522	339.601	0	
-121.489	-14.4624	403.311	0	
-126.008	-9.79585	273.295	0	
104.932	-18.5916	322.161	0	
112.453	-11.0673	220.056	0	
-91.7517	-12.069	354.188	0	
-71.535	-10.5118	320.399	0	
5.3409	-14.035	278.432	0	
24.715	-10.5118	182.657	0	
-112.45	-6.99449	200.433	0	
-129.168	-15.7527	388.711	0	
-16.1996	-6.99449	228.122	0	
-27.5734	-11.3856	313.241	0	
-144.852	-16.8136	466.514	0	
-124.741	-12.1163	368.649	0	
-37.2846	-13.6039	487.557	0	
-6.7017	-12.0229	303.984	0	
66.4916	-9.79585	219.514	0	
58.9654	-13.6039	142.988	0	
112.419	-14.9051	187.381	0	
127.849	-11.938	263.78	0	
147.347	-10.4774	328.047	0	
153.266	-9.06305	293.038	0	
-122.779	-11.9203	302.734	0	
-102.474	-8.42323	283.496	0	
-20.7162	-13.563	386.13	0	
-6.22447	-8.42323	162.232	0	
75.5338	-13.563	201.785	0	
90.0255	-8.42323	212.383	0	
68.6766	-11.3856	226.806	0	
136.037	-12.2238	246.577	0	
-61.6144	-11.5018	265.372	0	
-55.5379	-10.963	256.236	0	
34.6356	-11.5018	256.622	0	
40.7121	-10.963	219.92	0	
128.852	-14.5637	250.244	0	
235.957	-15.9774	464.249	0	
-178.777	-2.9619	374.721	0	
-162.755	-6.23594	256.277	0	
-156.495	-11.7116	346.324	0	
-221.912	-14.5162	409.677	0	
-169.141	-4.00209	345.681	0	
-167.19	-4.8303	346.783	0	
164.287	-4.15658	244.916	0	
166.707	-4.43785	277.147	0	
155.354	-8.54876	274.113	0	
132.793	-16.0264	279.424	0	
-53.4549	-12.1835	292.858	0	
-9.67296	-13.8421	153.419	0	
42.7951	-12.1835	193.881	0	
33.1604	-13.2995	234.336	0	
-53.1756	-15.7705	307.777	0	
-138.938	-7.6289	243.67	0	
-134.594	-10.3937	324.959	0	
-155.484	-17.2341	424.67	0	
-127.52	-14.6602	395.741	0	
-47.7993	-19.2086	326.812	0	
-31.0758	-17.4153	362.5	0	
48.4507	-19.2086	77.9691	0	
65.1742	-17.4153	140.178	0	
131.221	-14.31	292.961	0	
153.572	-16.0839	328.715	0	
-157.266	-14.2011	395.898	0	
43.0744	-15.7705	146.808	0	
11.0506	-11.9005	186.766	0	
89.5492	-12.064	198.562	0	
125.528	-11.6848	239.702	0	
119.86	-13.8177	185.663	0	
-167.135	-7.23969	342.827	0	
-192.539	-4.26558	391.024	0	
-133.857	-13.0595	469.639	0	
-129.198	-9.41262	310.704	0	
-228.19	-24.6897	534.504	0	
-128.413	-13.1119	357.724	0	
-132.411	-9.49708	324.981	0	
-132.552	-6.10622	164.881	0	
-166.307	-13.5038	401.677	0	
-108.605	-11.4398	274.393	0	
-130.943	-10.541	330.319	0	
-129.662	-7.54154	230.683	0	
-131.112	-14.0765	376.964	0	
-127.757	-10.8627	344.603	0	
-135.282	-19.8734	849.236	0	
-102.952	-12.0229	286.747	0	
-130.381	-12.4546	378.621	0	
-128.544	-17.3008	483.733	0	
-148.258	-15.1857	465.057	0	
-3.6662	-13.8175	122.726	0	
-125.443	-18.0933	453.344	0	
-125.597	-14.7313	371.62	0	
-62.6835	-17.1843	316.414	0	
-85.1994	-11.9005	360.257	0	
-124.144	-16.6164	439.703	0	
-121.999	-16.5434	411.094	0	
-91.6409	-16.373	423.13	0	
-70.7541	-13.472	306.86	0	
4.6091	-16.373	275.077	0	
25.4959	-13.472	311.406	0	
-110.152	-7.25958	214.096	0	
-116.205	-10.7321	260.789	0	
-13.9017	-7.25958	235.181	0	
-12.3545	-11.4398	281.054	0	
82.3483	-7.25958	224.293	0	
83.8955	-11.4398	208.828	0	
-83.8414	-14.5362	412.815	0	
-76.2546	-10.6507	347.934	0	
12.4086	-14.5362	274.112	0	
19.9954	-10.6507	206.538	0	
-97.6578	-11.3921	300.622	0	
-90.4292	-10.045	287.128	0	
-1.40778	-11.3921	231.185	0	
5.82085	-10.045	193.338	0	
-111.605	-11.7939	343.329	0	
-108.046	-8.66433	275.562	0	
-15.3552	-11.7939	280.731	0	
-11.7958	-8.66433	199.774	0	
80.8948	-11.7939	244.245	0	
84.4542	-8.66433	237.179	0	
-57.7296	-12.6391	312.869	0	
-56.3189	-16.133	274.563	0	
38.5204	-12.6391	199.257	0	
39.9311	-16.133	182.037	0	
-173.564	-2.47004	362.891	0	
-165.151	-8.11045	347.912	0	
157.521	-9.12614	226.644	0	
160.271	-11.5138	261.992	0	
-36.2393	-7.66183	213.381	0	
-40.908	-14.645	262.422	0	
60.0107	-7.66183	215.685	0	
55.342	-14.645	141.217	0	
92.8124	-13.4707	228.006	0	
138.603	-11.6407	282.711	0	
-114.482	-16.5569	481.21	0	
-119.297	-14.1357	361.63	0	
-106.853	-18.8267	527.899	0	
-90.9091	-14.035	391.802	0	
-63.0896	-13.2995	355.032	0	
-81.2221	-13.5164	348.293	0	
-119.75	-18.497	499.123	0	
-105.923	-13.8421	612.81	0	
-99.9162	-13.8175	532.649	0	
-124.617	-21.7604	606.764	0	
15.0279	-13.5164	252.776	0	
33.5665	-17.1843	229.823	0	
-177.258	-5.78191	383.584	0	
-175.551	-13.7225	431.054	0	
-170.014	-8.10752	366.84	0	
-170.068	-11.6224	378.327	0	
123.346	-14.3333	264.237	0	
130.766	-41.4755	267.761	0	
-117.966	-16.82	496.515	0	
-113.607	-13.3165	426.77	0	
-93.8748	-11.0032	300.465	0	
-93.6138	-16.0889	450.788	0	
2.37524	-11.0032	236.73	0	
2.63623	-16.0889	298.374	0	
-136.481	-15.5337	457.402	0	
46.237	-15.9763	100.548	0	
-50.013	-15.9763	432.299	0	
-33.8137	-14.565	605.265	0	
-118.828	-25.8063	918.365	0	
62.4363	-14.565	157.089	0	
-89.2433	-18.71	568.38	0	
-88.6959	-14.349	416.962	0	
7.00668	-18.71	284.179	0	
7.55411	-14.349	251.217	0	
-158.473	-25.925	771.606	0	
-57.5305	-27.6829	791.635	0	
-87.3706	-17.1144	449.328	0	
-82.1404	-18.8236	544.004	0	
-17.0729	-14.4419	241.733	0	
125.77	-16.4577	232.492	0	
8.87942	-17.1144	296.992	0	
14.1096	-18.8236	277.512	0	
218.789	-9.67962	399.316	0	
183.637	-7.09149	344.895	0	
135.243	-14.7675	305.755	0	
140.335	-13.8884	271.463	0	
-181.714	-1.61583	378.334	0	
-173.773	-5.29005	361.819	0	
163.087	-10.0309	237.69	0	
180.465	-1.61583	338.977	0	
-76.9341	-14.5113	389.41	0	
-67.81	-14.1067	371.1	0	
19.3159	-14.5113	264.064	0	
28.44	-14.1067	254.072	0	
-162.174	-17.4716	438.833	0	
-121.07	-22.2371	563.44	0	
-58.6684	-18.9989	599.224	0	
0.81144	-18.779	220.429	0	
37.5816	-18.9989	92.4193	0	
107.856	-15.3565	151.074	0	
138.207	-15.8819	256.8	0	
143.531	-14.1381	286.891	0	
99.901	-16.4959	189.377	0	
79.1771	-14.4419	250.333	0	
-111.48	-20.2273	956.777	0	
-99.0883	-17.8006	517.769	0	
-27.2006	-15.1171	522.827	0	
-2.83826	-17.8006	343.293	0	
69.0494	-15.1171	163.249	0	
46.6928	-24.0743	46.2577	0	
-166.112	-27.3981	543.346	0	
-68.8837	-22.4837	431.083	0	
-81.3835	-22.9609	573.205	0	
-67.2534	-16.8341	349.832	0	
14.8665	-22.9609	417.002	0	
28.9966	-16.8341	311.043	0	
125.531	-19.801	251.861	0	
145.65	-18.2045	343.367	0	
136.74	-19.4185	309.718	0	
140.986	-21.4915	125.522	0	
-74.1374	-16.0301	506.142	0	
-64.6977	-18.8508	422.567	0	
22.1126	-16.0301	257.889	0	
31.5523	-18.8508	263.589	0	
-95.4386	-18.779	632.324	0	
2.52004	-23.669	412.225	0	
27.3663	-22.4837	318.887	0	
30.7731	-22.4901	228.914	0	
-84.7755	-17.335	468.358	0	
-79.7054	-15.7809	462.242	0	
11.4745	-17.335	279.387	0	
16.5446	-15.7809	281.665	0	
218.255	-34.6155	429.623	0	
132.745	-19.8694	289.123	0	
-152.736	-16.2622	470.113	0	
-150.381	-17.763	457.928	0	
-144.708	-21.2594	727.019	0	
-141.325	-14.5407	634.313	0	
-62.9905	-26.6887	458.798	0	
-11.2357	-19.2992	387.238	0	
33.2595	-26.6887	215.382	0	
116.277	-16.8153	260.705	0	
-128.495	-23.6616	864.963	0	
19.247	-23.4473	276.386	0	
-188.557	-1.93891	387.232	0	
-196.769	-2.32667	394.344	0	
172.064	-6.00496	287.489	0	
174.369	-7.9727	315.752	0	
197.421	-9.75588	366.391	0	
191.289	-4.26558	359.122	0	
80.6149	-19.5449	221.97	0	
38.7195	-27.6829	58.599	0	
-73.6736	-19.0863	447.149	0	
-69.7337	-19.2556	494.106	0	
22.5764	-19.0863	363.56	0	
26.5163	-19.2556	272.181	0	
122.174	-26.556	249.957	0	
124.937	-40.2492	254.524	0	
-148.731	-22.1193	580.814	0	
-130.945	-20.0681	525.838	0	
-89.5076	-23.3158	612.298	0	
-77.003	-23.4473	693.596	0	
-71.1732	-25.5223	583.937	0	
-65.4769	-22.4901	505.632	0	
-169.77	-21.2264	478.696	0	
-64.5794	-30.6463	721.843	0	
-139.982	-23.3262	728.142	0	
-137.645	-30.9202	1246.57	0	
-75.3526	-26.6553	603.75	0	
25.0768	-25.5223	259.733	0	
-31.4696	-23.2096	845.407	0	
73.7048	-20.502	173.786	0	
-23.6801	-16.4504	368.449	0	
-15.6351	-19.5449	388.25	0	
72.5699	-16.4504	208.549	0	
85.0151	-19.3404	213.151	0	
129.698	-22.0559	219.205	0	
117.076	-20.985	216.705	0	
-103.053	-20.9905	854.865	0	
-93.73	-23.669	727.023	0	
-49.5572	-24.0743	700.596	0	
6.74241	-23.3158	333.081	0	
-184.618	-8.98987	397.132	0	
-185.032	-3.55475	387.851	0	
-206.623	-2.79194	401.158	0	
-179.781	-9.87097	406.156	0	
180.177	-8.24429	336.616	0	
187.785	-10.442	349.616	0	
170.878	-14.4791	269.968	0	
159.464	-15.8639	145.694	0	
-85.4635	-32.3384	616.338	0	
20.8974	-26.6553	323.991	0	
-7.43655	-21.463	153.697	0	
90.9132	-21.5281	356.832	0	
-85.5482	-26.5803	1052.7	0	
-18.107	-29.5111	681.458	0	
10.7018	-26.5803	215.013	0	
111.968	-28.0025	294.494	0	
-18.1435	-22.7175	261.55	0	
-22.5452	-20.502	459.332	0	
78.1065	-22.7175	254.946	0	
64.7804	-23.2096	45.3565	0	
34.1156	-37.3795	160.688	0	
121.506	-22.1434	272.285	0	
-24.1065	-30.9545	352.574	0	
-6.83217	-26.5477	450.34	0	
-130.495	-31.0609	898.757	0	
174.884	-12.8846	289.054	0	
178.79	-12.8864	319.065	0	
-76.4692	-32.4504	534.764	0	
-69.3552	-29.4863	509.533	0	
-145.697	-34.3804	978.736	0	
-152.057	-27.6463	716.983	0	
19.7808	-32.4504	339.953	0	
26.8948	-29.4863	290.939	0	
1.24121	-36.2378	777.075	0	
13.9656	-32.8618	511.811	0	
184.118	-14.761	337.79	0	
227.701	-6.85826	406.959	0	
133.014	-34.6533	130.527	0	
-106.794	-33.2356	884.627	0	
31.6706	-30.6463	136.482	0	
-72.173	-34.0637	781.429	0	
-67.7476	-39.8274	663.987	0	
-22.5359	-47.4922	255.98	0	
127.182	-26.4913	280.413	0	
24.077	-34.0637	160.983	0	
28.5024	-39.8274	169.561	0	
-113.39	-24.9987	662.915	0	
-108.048	-28.3672	959.787	0	
106.947	-24.7538	161.64	0	
92.4297	-27.5266	202.39	0	
-218.447	-3.35033	409.276	0	
-175.995	-19.4449	454.805	0	
191.912	-9.23189	358.908	0	
201.219	-12.4705	375.178	0	
54.1181	-18.9378	40.7055	0	
69.7905	-24.963	128.457	0	
-42.1319	-18.9378	835.434	0	
-26.4595	-24.963	500.509	0	
-192.319	-8.83173	397.25	0	
-201.547	-5.11861	397.946	0	
72.1435	-30.9545	116.85	0	
128.068	-30.7205	193.991	0	
42.4557	-33.5404	126.972	0	
78.143	-29.5111	144.336	0	
-62.1344	-37.3795	490.875	0	
-0.525287	-27.7753	207.693	0	
84.4836	-32.7829	306.753	0	
208.989	-20.8084	391.746	0	
-28.0097	-38.1045	887.162	0	
123.686	-35.5846	271.338	0	
-53.7943	-33.5404	411.567	0	
-35.3322	-36.6738	578.723	0	
100.921	-29.485	452.421	0	
161.838	-60.3262	259.215	0	
118.807	-29.1208	283.238	0	
116.094	-38.0682	293.125	0	
115.315	-25.5586	276.685	0	
112.121	-35.7127	240.044	0	
60.9178	-36.6738	49.4701	0	
119.433	-33.9202	259.151	0	
120.859	-47.2293	226.023	0	
-183.583	-23.2797	510.468	0	
-95.5796	-32.8724	632.531	0	
-114.065	-35.7792	1116.48	0	
68.2403	-38.1045	66.3075	0	
32.7098	-63.156	36.9243	0	
9.60751	-38.8404	101.21	0	
-225.327	-7.3709	413.538	0	
-187.923	-11.9402	408.122	0	
170.297	-36.5037	280.333	0	
163.474	-19.8544	249.076	0	
-196.34	-11.9773	405.883	0	
-194.679	-18.9528	429.76	0	
73.7994	-47.6214	156.625	0	
207.712	-10.3255	372.901	0	
204.86	-2.4629	372.64	0	
-212.356	-6.14227	405.601	0	
129.252	-50.7796	267.029	0	
133.997	-47.3484	240.295	0	
213.211	-14.7209	383.702	0	
215.594	-2.82136	381.615	0	
-220.733	-37.1938	531.524	0	
103.164	-47.8011	102.58	0	
189.04	-35.7251	363.832	0	
199.849	-18.9164	372.935	0	
169.619	-18.8059	221.758	0	
139.422	-30.3106	192.382	0	
-55.5317	-23.7287	344.509	0	
-37.3685	-24.4061	342.58	0	
-56.8093	-39.2794	847.727	0	
-45.742	-28.3975	407.343	0	
-52.3145	-47.6453	383.796	0	
-39.2206	-29.0001	854.672	0	
-47.9803	-33.9094	843.458	0	
-43.191	-47.72	1044.66	0	
40.7183	-23.7287	109.95	0	
58.8815	-24.4061	54.1459	0	
39.4407	-39.2794	68.4376	0	
50.508	-28.3975	80.5887	0	
43.9355	-47.6453	138.085	0	
57.0294	-29.0001	36.0105	0	
48.2697	-33.9094	43.8554	0	
53.059	-47.72	25.2979	0	
146.739	-35.2634	77.7862	0	
141.083	-48.4033	277.346	0	
-171.12	-37.8728	856.945	0	
-73.0349	-48.8114	1238.64	0	
-12.6794	-31.8279	319.726	0	
-7.11451	-38.7862	292.893	0	
-126.706	-35.6751	913.911	0	
-120.757	-31.7185	694.184	0	
-116.584	-45.0329	749.771	0	
-102.338	-25.7597	828.505	0	
-126.333	-45.697	1018.62	0	
-90.3084	-40.7522	533.131	0	
-232.636	-4.02057	411.599	0	
-213.24	-13.2876	415.236	0	
-83.0809	-48.9441	536.267	0	
112.882	-53.996	273.959	0	
-41.8717	-39.7232	439.696	0	
-36.3206	-55.0703	246.15	0	
-51.4248	-68.4389	211.872	0	
9.79367	-57.9625	92.2346	0	
54.3783	-39.7232	82.2779	0	
92.7142	-53.006	308.195	0	
154.638	-31.4481	214.422	0	
162.265	-25.6367	231.183	0	
146.844	-43.5002	250.033	0	
174.146	-25.0927	295.394	0	
-10.5586	-47.7958	609.83	0	
26.2122	-47.5873	50.7897	0	
-99.9985	-36.0407	779.746	0	
-96.6648	-27.4598	949.598	0	
-98.8599	-43.4908	635.644	0	
-80.4857	-35.5349	842.453	0	
-163.404	-50.9608	897.983	0	
-107.716	-63.4503	688.08	0	
-90.5028	-35.2672	798.542	0	
-94.2465	-45.8076	653.068	0	
155.531	-25.6086	250.421	0	
162.53	-38.6767	233.74	0	
145.406	-55.4476	249.571	0	
154.317	-46.2331	245.74	0	
-213.385	-66.8866	548.538	0	
-68.9458	-57.4799	471.804	0	
-90.1982	-53.4761	714.915	0	
-83.9074	-41.2679	735.354	0	
162.103	-45.2249	287.664	0	
179.505	-41.8783	312.244	0	
-26.1557	-55.5594	471.11	0	
139.16	-65.0425	285.701	0	
197.836	-37.8736	377.041	0	
182.569	-22.1973	296.33	0	
84.0431	-43.7432	65.2617	0	
105.034	-36.7207	200.469	0	
152.77	-54.4151	296.982	0	
130.092	-61.4294	221.35	0	
118.312	-65.1624	139.717	0	
75.0509	-68.8235	123.553	0	
146.414	-81.4576	189.571	0	
-56.4852	-56.245	1038.44	0	
36.3201	-53.5053	76.1504	0	
64.865	-77.0726	203.475	0	
112.416	-78.8413	182.792	0	
59.9585	-55.1042	189.376	0	
70.2087	-55.7224	123.567	0	
190.375	-24.8482	362.132	0	
208.311	-28.8887	407.673	0	
178.328	-52.8869	353.901	0	
191.284	-60.8463	356.528	0	
-88.1029	-75.4263	619.388	0	
201.257	-51.9863	415.206	0	
232.766	-30.613	434.359	0	
-94.3526	-64.6703	850.533	0	
-21.2176	-68.4889	425.286	0	
-136.235	-54.5345	955.807	0	
-75.0762	-70.6121	570.831	0	
-135.57	-69.1305	881.327	0	
17.1658	-67.2349	136.747	0	
-40.3839	-67.1895	698.622	0	
-31.1675	-76.4316	119.318	0	
-40.0545	-114.942	171.706	0	
12.3999	-80.9419	123.511	0	
-62.4004	-77.8089	545.801	0	
87.3127	-69.9851	109.454	0	
42.2377	-72.0126	169.354	0	
55.7444	-67.659	57.247	0	
40.1802	-103.505	210.497	0	
95.4064	-81.6752	190.15	0	
28.0081	-85.7304	29.0323	0	
122.096	-92.0535	227.218	0	
161.728	-77.7738	344.122	0	
-193.993	-43.518	563.758	0	
15.2296	-47.9657	357.015	0	
-2.66107	-58.4408	257.47	0	
-9.7003	-71.0667	179.774	0	
-2.01149	-84.2955	119.028	0	
-119.078	-74.1502	844.479	0	
-32.1741	-91.5468	323.444	0	
-46.1975	-98.0428	184.767	0	
174.139	-96.1654	328.256	0	
-93.5477	-95.5998	326.804	0	
177.439	-132.495	370.569	0	
-14.5355	-96.8328	95.1797	0	
214.807	-50.7788	448.025	0	
227.722	-62.6715	439.381	0	
-226.174	-52.2763	538.007	0	
140.1	-95.1239	345.275	0	
65.7718	-108.2	72.0493	0	
71.1759	-93.9508	180.978	0	
-196.369	-62.35	702.466	0	
-111.16	-95.5437	377.167	0	
-0.0955761	-124.944	51.1847	0	
140.341	-120.541	363.266	0	
149.26	-111.77	310.65	0	
224.915	-82.6931	472.964	0	
-149.645	-83.0905	558.158	0	
-181.387	-78.8859	651.645	0	
-223.27	-87.3322	520.325	0	
206.301	-97.3985	414.899	0	
-122.3	-109.469	548.014	0	
89.4554	-97.3917	139.796	0	
115.761	-106.486	274.36	0	
94.5914	-125.39	237.388	0	
100.129	-108.99	294.401	0	
-212.53	-108.31	582.169	0	
-187.663	-104.4	466.349	0	
-61.1884	-90.7965	227.891	0	
-17.3938	-112.921	269.511	0	
118.793	-131.494	322.666	0	
78.5133	-128.04	292.806	0	
145.868	-135.276	343.336	0	
29.3462	-123.276	33.4039	0	
-50.7969	-127.592	268.197	0	
124.844	-118.328	325.472	0	
104.171	-136.052	337.155	0	
164.24	-142.504	392.371	0	
167.986	-116.495	401.402	0	
100.66	-156.977	290.747	0	
131.518	-141.125	361.712	0	
68.4008	-148.446	197.696	0	
208.027	-119.4	395.292	0	
190.911	-84.7228	495.296	0	
-79.309	-103.773	523.523	0	
-75.0605	-123.67	134.576	0	
-150.767	-144.01	515.165	0	
-166.751	-116.842	544.885	0	
-117.627	-141.298	241.421	0	
196.992	-135.207	406.569	0	
-237.04	-135.177	461.219	0	
210.321	-157.735	384.101	0	
231.512	-122.086	416.738	0	
233.724	-149.676	427.664	0	
-94.1678	-149.074	461.987	0	
44.8253	-148.377	261.787	0	
