# File: UnstructuredGrid_Inversion_L0_Coarse_Iter04.dat
# (No specific header documentation)

-161.25	-0.496475	149.672	0	
-159.375	-0.668155	247.54	0	
-65.625	-0.431516	187.58	0	
30.625	-0.431516	233.748	0	
-144.294	-102.036	686.936	0	
126.875	-0.668155	224.386	0	
31.875	-0.668155	226.797	0	
-165.826	-72.3824	821.133	0	
-64.375	-0.668155	189.902	0	
-120.32	-2.91409	180.584	0	
-147.888	-47.073	1153.91	0	
-143.958	-2.01633	197.553	0	
-158.741	-19.8395	868.324	0	
-159.808	-14.2913	641.674	0	
-115.104	-1.86538	190.439	0	
-108.175	-49.9394	1140.57	0	
-66.354	-1.86538	183.091	0	
-138.854	-1.86538	218.264	0	
-156.794	-6.05848	241.829	0	
-148.75	-1.09967	201.155	0	
-145.208	-2.72654	187.773	0	
-146.458	-2.01633	198.591	0	
-125.881	-3.06027	199.103	0	
-154.094	-4.85908	185.802	0	
-157.708	-2.01633	236.017	0	
-151.071	-10.8319	419.432	0	
-154.792	-2.72654	187.324	0	
-158.77	-3.86216	210.855	0	
125.625	-0.431516	214.351	0	
-24.0702	-2.91409	205.473	0	
-157.76	-5.35468	217.235	0	
-46.4583	-2.01633	184.955	0	
-157.292	-2.72654	199.943	0	
-160.13	-11.9534	515.839	0	
-18.854	-1.86538	225.766	0	
-151.295	-2.8545	201.061	0	
29.896	-1.86538	200.483	0	
-42.604	-1.86538	190.745	0	
-169.22	-2.04966	331.066	0	
-53.75	-1.09967	174.196	0	
-165.6	-1.76839	306.977	0	
-167.3	-0.925681	262.559	0	
-62.2917	-2.72654	190.646	0	
-171.389	-5.89642	326.923	0	
-61.0417	-3.47328	193.376	0	
-164.269	-10.8597	440.818	0	
-59.7917	-2.72654	188.411	0	
-68.125	-0.36089	191.65	0	
-65.5207	-2.1669	191.925	0	
-87.5	-1.09967	182.856	0	
-158.125	-0.431516	241.319	0	
-156.875	-0.668155	296.516	0	
-80.5207	-2.1669	193.218	0	
-157.5	-1.09967	188.86	0	
-70.625	-0.431516	195.2	0	
79.375	-0.668155	238.995	0	
-154.375	-0.668155	297.466	0	
55.625	-0.668155	196.428	0	
-153.125	-0.431516	256.594	0	
-150.625	-0.366631	232.638	0	
38.5417	-2.01633	200.794	0	
-153.75	-1.09967	231.661	0	
49.7917	-2.01633	194.581	0	
-155.625	-0.431516	262.919	0	
72.1798	-2.91409	197.179	0	
-162.583	-1.33918	206.281	0	
-60	-1.09967	167.347	0	
-149.375	-0.431516	234.945	0	
-155	-1.09967	144.378	0	
31.0415	-5.36053	191.956	0	
-148.125	-0.668155	245.886	0	
31.0341	-3.06466	189.308	0	
-146.875	-0.431516	237.012	0	
-147.5	-1.09967	142.855	0	
36.875	-0.668155	232.319	0	
32.7083	-2.01633	216.477	0	
-144.375	-0.431516	233.319	0	
28.125	-0.36089	216.118	0	
-137.5	-1.09967	192.872	0	
-139.375	-0.366631	235.044	0	
25.625	-0.431516	215.329	0	
-143.125	-0.668155	243.833	0	
33.75	-1.09967	227.368	0	
-143.75	-1.09967	234.062	0	
34.375	-0.668155	228.549	0	
8.75	-1.09967	187.519	0	
-136.875	-0.668155	231.422	0	
183.782	-3.55475	230.276	0	
-135.625	-0.431516	232	0	
-135	-0.798148	168.157	0	
135.922	-2.00504	193.604	0	
-136.25	-1.09967	200.534	0	
149.65	-2.73747	195.319	0	
131.936	-4.3008	201.036	0	
-131.25	-0.798148	231.022	0	
129.003	-2.80091	209.285	0	
-122.604	-1.86538	193.161	0	
-128.75	-1.09967	198.361	0	
129.375	-0.668155	211.587	0	
-130.625	-0.431516	233.588	0	
133.125	-0.668155	216.362	0	
-130	-1.09967	203.505	0	
141.875	-0.668155	223.403	0	
-138.125	-0.431516	234.451	0	
15.7293	-2.1669	191.795	0	
128.75	-1.09967	215.046	0	
-121.25	-1.09967	173.071	0	
120.625	-0.431516	211.564	0	
-121.875	-0.431516	208.807	0	
-120.625	-0.668155	235.701	0	
110.744	-2.06993	200.012	0	
-123.125	-0.366631	225.116	0	
123.125	-0.36089	211.612	0	
-116.875	-0.36089	215.479	0	
-120	-1.09967	154.41	0	
-133.661	-2.93321	195.996	0	
-115.625	-0.366631	221.863	0	
-114.375	-0.431516	213.817	0	
-127.5	-0.798148	171.506	0	
-113.75	-1.09967	166.044	0	
-119.375	-0.431516	220.451	0	
-115	-0.798148	182.837	0	
100.625	-0.431516	212.607	0	
-93.125	-0.668155	198.289	0	
-112.5	-1.09967	175.834	0	
-103.125	-0.668155	224.237	0	
-111.25	-0.798148	225.06	0	
-103.75	-1.09967	191.512	0	
-114.271	-2.1669	189.622	0	
-111.875	-0.431516	217.032	0	
-110.328	-2.00504	209.443	0	
-111.994	-2.06993	208.212	0	
-108.125	-0.431516	219.016	0	
-141.875	-0.431516	239.57	0	
-104.375	-0.431516	201.494	0	
-95.104	-1.86538	187.325	0	
-142.5	-1.09967	167.495	0	
-105.625	-0.366631	217.955	0	
-110.625	-0.366631	221.068	0	
-108.75	-1.09967	208.768	0	
-109.375	-0.668155	212.678	0	
-113.125	-0.668155	239.284	0	
-104.405	-3.52006	186.835	0	
-128.125	-0.431516	230.939	0	
127.708	-2.01633	212.882	0	
-102.5	-1.09967	181.95	0	
43.125	-0.668155	215.648	0	
-129.375	-0.668155	216.187	0	
-101.875	-0.431516	208.8	0	
-133.125	-0.668155	246.25	0	
-99.375	-0.668155	191.737	0	
-101.25	-0.798148	209.062	0	
-90.9973	-2.80091	190.949	0	
-134.375	-0.366631	223.141	0	
-95.625	-0.366631	202.821	0	
-150.089	-1.76841	209.544	0	
-73.854	-1.86538	185.336	0	
-92.5	-1.09967	157.604	0	
-148.968	-2.99641	184.607	0	
-94.375	-0.431516	187.65	0	
-151.875	-0.668155	267.803	0	
-93.75	-1.09967	174.118	0	
-135.744	-2.06993	194.315	0	
-149.256	-2.06993	203.389	0	
-88.75	-0.798148	200.386	0	
-147.292	-2.01633	216.077	0	
-81.354	-1.86538	184.009	0	
-86.25	-1.09967	188.332	0	
-146.25	-1.09967	222.779	0	
-88.125	-0.431516	198.181	0	
-145.625	-0.668155	252.772	0	
-156.042	-2.01633	206.153	0	
-81.875	-0.366631	196.674	0	
-150	-0.798148	191.555	0	
-79.375	-0.668155	199.664	0	
-73.75	-0.798148	194.564	0	
-153.542	-2.01633	208.079	0	
-80.625	-0.431516	199.321	0	
-155.208	-2.01633	239.341	0	
-85.625	-0.431516	195.049	0	
-156.25	-1.09967	212.078	0	
-91.875	-0.431516	200.084	0	
-138.75	-0.798148	220.507	0	
-158.75	-1.09967	213.004	0	
-72.5	-1.09967	182.373	0	
-20.625	-0.36089	238.972	0	
-73.125	-0.431516	197.868	0	
-71.875	-0.668155	195.493	0	
-23.125	-0.431516	248.22	0	
-74.375	-0.366631	194.879	0	
-158.542	-2.01633	208.759	0	
-31.25	-0.798148	222.782	0	
-71.25	-1.09967	186.431	0	
3.125	-0.668155	199.08	0	
-66.875	-0.366631	187.413	0	
30.7293	-2.1669	199.289	0	
-14.0777	-2.00504	213.18	0	
-65	-1.09967	181.092	0	
-8.15454	-3.52006	202.74	0	
-66.25	-0.798148	194.417	0	
-37.4111	-2.93321	180.237	0	
-18.0207	-2.1669	206.959	0	
-63.125	-0.431516	185.865	0	
-15.7444	-2.06993	202.625	0	
-60.625	-0.431516	182.327	0	
-59.375	-0.668155	184.761	0	
-14.375	-0.366631	240.703	0	
-61.875	-0.668155	185.502	0	
-13.125	-0.668155	273.284	0	
-46.875	-0.431516	186.949	0	
-58.125	-0.431516	177.815	0	
-33.125	-0.668155	206.421	0	
-54.375	-0.431516	175.441	0	
-53.125	-0.668155	170.119	0	
-41.7707	-2.1669	190.825	0	
-55.625	-0.366631	171.977	0	
-41.4106	-3.16569	183.797	0	
-58.75	-1.09967	174.839	0	
-44.375	-0.36089	187.287	0	
-62.5	-1.09967	169.923	0	
-6.875	-0.668155	208.9	0	
-78.75	-1.09967	181.228	0	
-152.5	-1.09967	153.64	0	
-39.4944	-2.06993	195.893	0	
-51.875	-0.431516	174.05	0	
-56.875	-0.668155	182.659	0	
-49.375	-0.431516	175.133	0	
-48.125	-0.668155	163.795	0	
-55.0889	-1.76841	175.05	0	
-48.75	-1.09967	181.711	0	
-38.125	-0.366631	209.075	0	
-42.5	-0.798148	184.152	0	
-41.25	-1.09967	188.033	0	
-50.625	-0.668155	165.967	0	
-41.875	-0.431516	214.341	0	
-40.625	-0.668155	184.027	0	
-52.2917	-2.01633	185.448	0	
-43.125	-0.366631	172.088	0	
-54.2556	-2.06993	178.782	0	
-47.5	-1.09967	184.64	0	
-53.9679	-2.99641	186.634	0	
-61.25	-1.09967	172.768	0	
-39.375	-0.431516	220.505	0	
-62.7083	-2.01633	187.221	0	
-33.75	-1.09967	190.286	0	
-35	-0.798148	162.187	0	
-55	-0.798148	167.533	0	
-38.75	-0.798148	209.113	0	
-61.0417	-2.01633	180.791	0	
-57.5	-1.09967	159.086	0	
-26.354	-1.86538	212.489	0	
-63.5417	-2.01633	184.411	0	
-31.875	-0.431516	237.624	0	
-25	-1.09967	163.458	0	
-69.375	-0.668155	189.255	0	
-32.5	-1.09967	206.351	0	
-63.75	-1.09967	173.379	0	
-34.375	-0.431516	245.903	0	
-58.5417	-2.01633	175.444	0	
-40	-1.09967	216.692	0	
-51.25	-1.09967	176.909	0	
-73.0207	-2.1669	192.526	0	
-25.625	-0.431516	255.346	0	
-71.0417	-2.01633	183.629	0	
-18.75	-0.798148	231.602	0	
-23.75	-1.09967	221.407	0	
-70	-1.09967	174.891	0	
-24.375	-0.668155	264.646	0	
-67.5054	-1.48403	189.009	0	
-78.125	-0.431516	201.291	0	
-19.375	-0.366631	269.259	0	
-80	-1.09967	174.99	0	
-16.875	-0.668155	265.867	0	
-16.25	-1.09967	192.331	0	
93.5212	-2.84299	201.603	0	
-18.125	-0.431516	260.422	0	
-91.4583	-2.01633	179.792	0	
-17.5	-1.09967	175.363	0	
-75.625	-0.36089	197.115	0	
82.5446	-2.8545	198.603	0	
-15	-0.798148	178.748	0	
101.503	-2.80091	200.487	0	
-12.5	-1.09967	160.886	0	
-11.875	-0.431516	248.48	0	
83.125	-0.668155	225.435	0	
-7.5	-1.09967	233.384	0	
89.375	-0.668155	234.827	0	
81.875	-0.366631	236.45	0	
-8.125	-0.431516	242.556	0	
73.125	-0.431516	232.326	0	
-6.25	-1.09967	223.106	0	
-5.625	-0.431516	234.605	0	
66.6193	-3.06027	208.707	0	
1.14595	-1.86538	193.651	0	
75.625	-0.36089	227.335	0	
-9.375	-0.366631	240.509	0	
80.5056	-2.06993	217.084	0	
-15.625	-0.431516	262.629	0	
99.375	-0.668155	207.421	0	
-26.875	-0.366631	260.687	0	
-67.5	-0.727521	185.798	0	
-52.5	-1.09967	167.905	0	
-36.875	-0.668155	244.738	0	
-137.661	-3.16569	187.306	0	
-5	-0.798148	170.762	0	
-3.125	-0.668155	227.197	0	
63.125	-0.668155	218.189	0	
2.5	-1.09967	169.635	0	
0.625	-0.366631	212.639	0	
58.4223	-2.00504	192.527	0	
59.375	-0.668155	189.471	0	
1.875	-0.431516	202.142	0	
58.125	-0.366631	196.949	0	
3.75	-1.09967	182.891	0	
4.375	-0.431516	199.432	0	
51.875	-0.36089	187.661	0	
22.396	-1.86538	194.953	0	
56.7556	-2.06993	191.055	0	
7.5	-0.798148	181.495	0	
65.9223	-2.00504	192.774	0	
42.2821	-2.99641	201.441	0	
8.125	-0.431516	181.362	0	
41.9944	-2.06993	208.184	0	
10	-1.09967	170.663	0	
10.625	-0.431516	187.904	0	
45.625	-0.668155	196.366	0	
14.896	-1.86538	186.944	0	
53.75	-0.798148	198.87	0	
45	-1.09967	178.766	0	
15.625	-0.431516	198.42	0	
41.1611	-1.76841	205.753	0	
22.5	-0.798148	183.986	0	
17.5	-1.09967	173.27	0	
33.5417	-2.01633	200.774	0	
16.875	-0.668155	195.666	0	
39.375	-0.668155	227.291	0	
14.375	-0.366631	181.831	0	
43.9583	-2.01633	201.636	0	
23.75	-1.09967	181.879	0	
49.375	-0.431516	195.628	0	
37.7083	-2.01633	219.298	0	
21.875	-0.366631	185.112	0	
35	-1.09967	166.222	0	
24.375	-0.668155	203.026	0	
30	-0.798148	185.79	0	
35.2083	-2.01633	219.237	0	
23.125	-0.431516	217.609	0	
38.75	-1.09967	216.166	0	
28.7446	-1.48403	209.309	0	
31.25	-1.09967	182.838	0	
28.75	-0.727521	239.954	0	
125.729	-2.1669	194.411	0	
32.5	-1.09967	163.325	0	
25.2083	-2.01633	208.154	0	
29.375	-0.366631	205.579	0	
23.2293	-2.1669	198.323	0	
25	-1.09967	182.554	0	
26.875	-0.668155	203.146	0	
20.625	-0.36089	199.027	0	
36.25	-1.09967	214.929	0	
4.79167	-2.01633	196.815	0	
42.5	-1.09967	188.694	0	
37.5	-1.09967	163.05	0	
16.25	-1.09967	172.466	0	
35.625	-0.431516	231.893	0	
18.125	-0.431516	195.127	0	
151.875	-0.431516	215.565	0	
40.625	-0.366631	228.83	0	
149.375	-0.431516	214.213	0	
53.646	-1.86538	186.287	0	
43.75	-1.09967	188.156	0	
149.529	-1.8473	216.211	0	
41.875	-0.431516	225.598	0	
144.672	-2.00504	211.139	0	
38.125	-0.431516	231.91	0	
154.375	-0.36089	206.886	0	
33.125	-0.431516	230.172	0	
26.25	-1.09967	218.027	0	
44.375	-0.431516	224.355	0	
41.25	-0.798148	225.67	0	
143.006	-2.06993	207.352	0	
47.5	-1.09967	187.663	0	
138.75	-0.727521	244.734	0	
48.125	-0.668155	187.959	0	
48.75	-1.09967	192.653	0	
136.875	-0.668155	227.922	0	
46.875	-0.431516	205.748	0	
144.375	-0.366631	229.673	0	
140	-0.798148	195.244	0	
53.125	-0.366631	184.436	0	
135.625	-0.366631	217.586	0	
77.396	-1.86538	211.784	0	
56.25	-1.09967	174.812	0	
130.625	-0.366631	217.06	0	
54.375	-0.431516	183.489	0	
134.256	-2.06993	193.581	0	
55	-1.09967	172.561	0	
136.619	-3.06027	199.896	0	
121.875	-0.668155	205.92	0	
57.5	-0.798148	180.562	0	
61.25	-0.798148	216.007	0	
62.5	-1.09967	173.213	0	
61.875	-0.431516	199.958	0	
118.229	-2.1669	198.43	0	
56.875	-0.431516	189.332	0	
123.745	-1.48403	204.597	0	
120.208	-2.01633	213.234	0	
69.896	-1.86538	199.812	0	
115.625	-0.36089	203.201	0	
64.375	-0.431516	200.899	0	
71.25	-1.09967	178.426	0	
113.125	-0.431516	210.958	0	
63.75	-1.09967	168.721	0	
121.25	-1.09967	218.578	0	
69.375	-0.366631	205.24	0	
123.75	-0.727521	230.135	0	
91.25	-0.798148	235.748	0	
131.161	-1.76841	199.398	0	
106.875	-0.431516	205.699	0	
70.625	-0.431516	227.004	0	
-116.255	-1.48403	201.659	0	
77.5	-0.798148	192.791	0	
72.5	-1.09967	162.122	0	
-121.771	-2.1669	195.036	0	
71.875	-0.668155	224.6	0	
-118.125	-0.668155	232.602	0	
-119.792	-2.01633	209.843	0	
76.875	-0.366631	236.51	0	
-123.75	-0.727521	248.159	0	
124.896	-1.86538	195.72	0	
80	-1.09967	199.758	0	
-125.625	-0.668155	235.376	0	
78.125	-0.431516	232.618	0	
-118.75	-1.09967	203.973	0	
78.75	-1.09967	197.444	0	
-116.25	-0.727521	248.066	0	
-86.875	-0.668155	193.052	0	
81.25	-0.798148	234.155	0	
-90.625	-0.668155	205.81	0	
83.75	-1.09967	216.005	0	
84.375	-0.431516	232.025	0	
-92.2917	-2.01633	193.089	0	
88.75	-1.09967	183.825	0	
-98.9788	-2.84299	180.439	0	
-98.125	-0.431516	212.018	0	
88.125	-0.431516	216.046	0	
-109.955	-2.8545	194.702	0	
90	-1.09967	184.362	0	
90.625	-0.431516	209.078	0	
-95	-0.798148	190.561	0	
97.396	-1.86538	202.833	0	
-98.75	-1.09967	188.484	0	
86.875	-0.366631	223.569	0	
-91.25	-1.09967	175.472	0	
80.625	-0.431516	235.66	0	
-94.2707	-2.1669	186.383	0	
101.042	-2.01633	195.943	0	
145.625	-0.668155	233.947	0	
-100.625	-0.366631	213.543	0	
93.125	-0.668155	207.003	0	
-105.089	-1.76841	198.994	0	
96.875	-0.366631	204.944	0	
98.75	-1.09967	192.792	0	
-106.875	-0.668155	205.677	0	
-105	-0.798148	188.815	0	
117.396	-1.86538	198.333	0	
-107.5	-1.09967	181.61	0	
105	-1.09967	194.992	0	
103.75	-0.798148	209.875	0	
-111.161	-1.76841	201.86	0	
100	-1.09967	174.732	0	
-108.542	-2.01633	197.067	0	
98.125	-0.431516	208.379	0	
-113.909	-3.16789	179.896	0	
-140.625	-0.36089	269.189	0	
111.25	-1.09967	198.932	0	
-134.078	-2.00504	189.393	0	
109.375	-0.366631	201.153	0	
110.625	-0.431516	200.508	0	
-122.5	-0.798148	194.066	0	
106.25	-1.09967	205.522	0	
-140.005	-1.48403	227.562	0	
-126.875	-0.366631	208.235	0	
117.5	-0.798148	183.757	0	
-131.339	-1.76841	203.756	0	
118.75	-1.09967	180.501	0	
116.875	-0.366631	202.755	0	
-134.911	-1.76841	201.171	0	
112.5	-1.09967	172.914	0	
-131.875	-0.366631	228.859	0	
111.875	-0.668155	201.165	0	
-128.244	-2.06993	193.226	0	
104.375	-0.431516	211.708	0	
-110	-1.03479	209.167	0	
-151.25	-1.03479	215.13	0	
119.375	-0.668155	214.002	0	
-139.484	-2.19037	198.047	0	
120	-1.09967	175.476	0	
126.25	-1.09967	176.259	0	
-140	-0.727521	200.501	0	
125	-0.798148	172.134	0	
-150.922	-2.00504	209.096	0	
-144.792	-2.01633	225.774	0	
172.314	-2.47004	204.346	0	
-20.0054	-1.48403	233.31	0	
128.125	-0.431516	212.845	0	
132.5	-1.09967	185.73	0	
-25.5207	-2.1669	212.494	0	
127.5	-1.09967	163.056	0	
-21.875	-0.668155	249.559	0	
124.375	-0.366631	212.248	0	
-145	-1.09967	137.512	0	
-23.5417	-2.01633	193.544	0	
131.875	-0.431516	217.351	0	
-27.5	-0.727521	183.33	0	
133.75	-1.09967	198.969	0	
134.375	-0.431516	215.502	0	
-29.375	-0.668155	254.451	0	
139.896	-1.86538	209.434	0	
-22.5	-1.09967	135.84	0	
9.375	-0.668155	188.519	0	
141.25	-1.09967	193.227	0	
5.625	-0.668155	186.276	0	
140.625	-0.431516	221.552	0	
156.146	-1.86538	213.489	0	
3.95833	-2.01633	189.172	0	
139.375	-0.366631	225.706	0	
-2.72879	-2.84299	198.351	0	
135	-0.798148	173.262	0	
1.97929	-2.1669	201.427	0	
131.25	-0.798148	213.361	0	
-20	-0.727521	193.969	0	
118.125	-0.431516	212.858	0	
-133.75	-1.03479	191.157	0	
-1.875	-0.431516	201.669	0	
143.125	-0.431516	221.791	0	
-13.7054	-2.8545	210.063	0	
150	-1.09967	187.603	0	
146.25	-1.09967	163.055	0	
1.25	-0.798148	193.817	0	
143.75	-0.798148	222.588	0	
-2.5	-1.09967	183.393	0	
-4.375	-0.366631	204.771	0	
150.625	-0.668155	221.584	0	
-8.83895	-1.76841	216.261	0	
151.25	-1.09967	192.245	0	
157.5	-1.09967	218.529	0	
-17.6594	-3.16789	181.343	0	
156.25	-0.798148	187.473	0	
-10.625	-0.668155	270.525	0	
148.125	-0.366631	222.517	0	
-5.74439	-2.06993	195.338	0	
-12.2917	-2.01633	229.387	0	
156.875	-0.431516	189.212	0	
-14.9111	-1.76841	217.483	0	
158.958	-1.16463	206.477	0	
160	-0.496475	187.399	0	
-13.75	-1.03479	226.697	0	
158.125	-0.668155	185.505	0	
-11.25	-1.09967	219.137	0	
-43.7554	-1.48403	185.679	0	
159.338	-2.74918	189.947	0	
-26.25	-0.798148	226.755	0	
164.35	-1.76839	205.061	0	
166.05	-0.925681	204.51	0	
-31.9944	-2.06993	196.072	0	
155.521	-4.78762	205.049	0	
-37.8277	-2.00504	212.562	0	
161.333	-1.33918	188.408	0	
-45.625	-0.668155	173.564	0	
155.625	-0.366631	200.715	0	
-8.75	-0.798148	235.656	0	
-35.625	-0.366631	198.864	0	
174.762	-1.34606	220.079	0	
-38.6611	-1.76841	193.142	0	
177.527	-2.9619	224.744	0	
168.496	-7.04709	191.261	0	
-37.5	-1.03479	170.298	0	
166.796	-10.6094	187.343	0	
-35.0889	-1.76841	194.86	0	
-55.9223	-2.00504	173.287	0	
154.805	-6.09945	204.776	0	
-43.75	-0.727521	210.673	0	
119.775	-42.5718	203.014	0	
169.138	-29.3032	165.565	0	
-47.2917	-2.01633	181.326	0	
199.784	-4.78957	256.098	0	
-51.0417	-2.72654	196.178	0	
177.385	-6.05361	213.091	0	
-56.25	-1.03479	165.831	0	
-50	-1.09967	177.377	0	
-68.75	-1.02905	186.479	0	
-66.9845	-2.19037	191.449	0	
-49.7917	-2.01633	184.578	0	
28.7125	-3.24559	204.181	0	
-75.0054	-1.48403	193.432	0	
-79.0702	-2.91409	188.21	0	
-76.875	-0.668155	190.828	0	
-71.5702	-2.91409	189.53	0	
168.693	-54.0604	168.318	0	
-46.25	-1.09967	174.882	0	
167.97	-2.04966	200.863	0	
-30.625	-0.366631	232.366	0	
142.5	-1.09967	202.535	0	
5	-1.09967	164.783	0	
-75	-0.727521	187.836	0	
-101.994	-2.06993	199.83	0	
-78.5417	-2.01633	180.41	0	
65	-0.798148	173.701	0	
-77.5	-1.09967	166.63	0	
-82.5	-0.727521	189.07	0	
-84.375	-0.668155	189.482	0	
98.2293	-2.1669	205.027	0	
105.625	-0.668155	203.571	0	
92.1723	-2.00504	218.482	0	
101.875	-0.668155	209.284	0	
100.208	-2.01633	203.8	0	
101.25	-1.09967	194.065	0	
94.375	-0.431516	218.264	0	
93.75	-1.09967	192.162	0	
88.0955	-3.52006	199.88	0	
97.5	-0.798148	198.22	0	
90.5056	-2.06993	221.361	0	
91.875	-0.366631	217.518	0	
85.625	-0.668155	218.781	0	
87.4111	-1.76841	207.878	0	
82.1723	-2.00504	218.983	0	
87.5	-0.798148	183.149	0	
83.9583	-2.01633	204.416	0	
85	-1.09967	183.236	0	
81.3389	-1.76841	213.763	0	
82.5	-1.03479	203.468	0	
74.375	-0.668155	230.686	0	
76.2446	-1.48403	216.913	0	
70.7293	-2.1669	200.65	0	
76.25	-0.727521	256.849	0	
72.7083	-2.01633	214.883	0	
73.75	-1.09967	217.589	0	
68.75	-0.727521	233.928	0	
66.875	-0.668155	193.297	0	
58.8389	-2.93321	206.849	0	
70	-0.798148	180.742	0	
64.2556	-2.06993	191.351	0	
65.625	-0.366631	204.411	0	
60.625	-0.366631	203.443	0	
61.1611	-1.76841	194.115	0	
57.5889	-1.76841	193.777	0	
58.75	-1.03479	199.218	0	
50.625	-0.668155	180.319	0	
52.4946	-1.48403	191.575	0	
45.2083	-2.72654	203.744	0	
52.5	-0.727521	190.171	0	
48.9583	-2.01633	195.418	0	
50	-1.09967	190.163	0	
46.25	-1.09967	204.661	0	
46.4583	-2.01633	201.365	0	
40	-1.03479	189.833	0	
40.3277	-2.00504	214.431	0	
27.5	-1.02905	208.601	0	
29.2655	-2.19037	204.006	0	
24.6798	-2.91409	199.731	0	
121.042	-2.01633	197.79	0	
19.375	-0.668155	189.968	0	
21.2446	-1.48403	197.185	0	
17.1798	-2.91409	195.581	0	
21.25	-0.727521	222.415	0	
17.7083	-2.01633	205.01	0	
18.75	-1.09967	206.284	0	
13.75	-0.727521	214.985	0	
11.875	-0.668155	190.077	0	
153.125	-0.668155	199.072	0	
154.995	-1.48403	211.063	0	
145.155	-3.05088	202.832	0	
155	-0.727521	186.67	0	
151.458	-2.01633	198.968	0	
152.5	-1.09967	181.702	0	
146.875	-0.431516	237.376	0	
148.696	-1.54577	205.406	0	
147.758	-2.24637	186.048	0	
148.75	-0.798148	241.043	0	
143.839	-1.76841	212.791	0	
145	-1.03479	201.875	0	
138.125	-0.36089	211.609	0	
138.745	-1.48403	209.908	0	
135.089	-1.76841	203.327	0	
136.25	-1.03479	196.03	0	
130	-1.03479	194.293	0	
130.328	-2.00504	212.644	0	
122.5	-1.02905	197.78	0	
124.266	-2.19037	198.455	0	
119.68	-2.91409	196.853	0	
156.979	-2.1669	190.868	0	
114.375	-0.668155	210.481	0	
116.245	-1.48403	200.549	0	
112.163	-2.94281	198.443	0	
116.25	-0.727521	237.512	0	
112.708	-2.01633	204.091	0	
113.75	-1.09967	189.065	0	
108.125	-0.668155	204.143	0	
109.911	-1.76841	201.918	0	
-117.5	-1.02905	181.965	0	
-115.734	-2.19037	198.734	0	
-138.021	-2.1669	202.463	0	
-67.5375	-3.24559	189.373	0	
-124.375	-0.36089	213.869	0	
-123.755	-1.48403	201.767	0	
-88.0056	-2.06993	197.093	0	
-81.25	-0.798148	197.307	0	
-86.0417	-2.01633	177.86	0	
-85	-1.09967	167.267	0	
-89.375	-0.366631	195.098	0	
-88.8389	-1.76841	181.228	0	
-96.875	-0.36089	191.329	0	
-96.2554	-1.48403	193.774	0	
-95.7345	-2.19037	190.38	0	
-96.25	-0.727521	216.256	0	
-101.161	-1.76841	195.578	0	
-100	-1.03479	202.831	0	
-106.25	-1.03479	210.74	0	
-105.922	-2.00504	195.029	0	
-70.2083	-2.01633	190.983	0	
-100.328	-2.00504	192.479	0	
-141.25	-0.792406	201.429	0	
-140.814	-2.07688	188.069	0	
-153.54	-3.47677	183.801	0	
-123.787	-3.24559	197.778	0	
-127.411	-1.76841	201.332	0	
-126.25	-1.03479	195.878	0	
-132.5	-1.03479	176.373	0	
-132.172	-2.00504	220.225	0	
-118.958	-2.01633	188.216	0	
-126.578	-2.00504	189.576	0	
-202.353	-21.532	248.046	0	
-119.833	-3.79821	191.53	0	
-21.25	-1.02905	227.444	0	
-19.4845	-2.19037	204.654	0	
-27.5375	-3.24559	200.52	0	
5.25269	-2.80091	194.118	0	
-28.125	-0.36089	223.518	0	
-27.5054	-1.48403	213.809	0	
8.24439	-2.06993	190.971	0	
15	-0.798148	179.252	0	
10.2083	-2.01633	200.048	0	
11.25	-1.09967	184.962	0	
6.875	-0.366631	192.352	0	
7.41105	-1.76841	190.818	0	
-0.625	-0.36089	210.398	0	
-0.00541199	-1.48403	206.465	0	
0.51554	-2.19037	206.394	0	
0	-0.727521	183.987	0	
-4.91105	-1.76841	213.51	0	
-3.75	-1.03479	195.643	0	
-10	-1.03479	189.016	0	
-9.67228	-2.00504	240.048	0	
26.0417	-2.01633	198.67	0	
-4.07772	-2.00504	195.411	0	
-45	-1.02905	188.87	0	
-43.2345	-2.19037	186.614	0	
-50.2083	-2.72654	191.015	0	
-29.6307	-3.06027	183.837	0	
-31.1611	-1.76841	205.145	0	
-30	-1.03479	167.273	0	
-36.25	-1.03479	181.456	0	
-35.9223	-2.00504	181.044	0	
-22.7083	-2.01633	220.39	0	
-30.3277	-2.00504	205.295	0	
-60.2083	-2.01633	189.747	0	
-51.4583	-2.01633	174.955	0	
-68.3387	-1.78555	187.603	0	
-68.4751	-2.84652	185.581	0	
-76.25	-1.02905	195.486	0	
-74.4845	-2.19037	190.742	0	
-77.7083	-2.01633	190.426	0	
-105.61	-4.06799	177.294	0	
-83.125	-0.36089	195.361	0	
-82.5054	-1.48403	192.261	0	
104.494	-2.06993	208.639	0	
110	-0.798148	190.824	0	
106.458	-2.01633	194.317	0	
107.5	-1.09967	182.445	0	
103.125	-0.366631	209.486	0	
103.661	-1.76841	196.158	0	
95.625	-0.36089	203.481	0	
96.2446	-1.48403	206.15	0	
96.7655	-2.19037	206.482	0	
96.25	-0.727521	230.173	0	
91.3389	-1.76841	206.836	0	
92.5	-1.03479	208.823	0	
86.25	-1.03479	224.824	0	
86.5777	-2.00504	208.196	0	
78.2293	-2.1669	203.669	0	
78.5906	-3.16789	193.575	0	
75	-1.02905	190.313	0	
76.7655	-2.19037	209.068	0	
68.7125	-3.24559	213.577	0	
123.713	-3.24559	204.526	0	
68.125	-0.36089	203.898	0	
68.7446	-1.48403	201.094	0	
65.0889	-1.76841	194.145	0	
66.25	-1.03479	200.545	0	
60	-1.03479	200.606	0	
60.3277	-2.00504	202.577	0	
54.4793	-2.1669	204.542	0	
73.5417	-2.01633	199.736	0	
51.25	-1.02905	194.309	0	
53.0155	-2.19037	200.643	0	
40.4973	-3.78292	205.826	0	
54.8394	-3.16569	209.336	0	
39.0027	-2.80091	209.254	0	
44.7917	-2.01633	202.176	0	
27.9113	-1.78555	211.256	0	
27.7749	-2.84652	200.155	0	
20	-1.02905	196.653	0	
21.7655	-2.19037	202.15	0	
-9.36018	-4.06799	192.662	0	
18.5417	-2.01633	191.494	0	
13.125	-0.36089	189.389	0	
13.7446	-1.48403	188.626	0	
153.75	-1.02905	222.956	0	
155.516	-2.19037	189.521	0	
142.62	-3.22837	196.818	0	
144.069	-5.7607	179.261	0	
147.5	-0.798148	167.332	0	
146.771	-2.1669	219.094	0	
140.729	-2.1669	203.014	0	
150.746	-2.90651	198.593	0	
137.5	-1.02905	186.825	0	
139.266	-2.19037	207.372	0	
130.64	-4.06799	200.545	0	
141.177	-3.32534	194.782	0	
131.994	-2.06993	209.834	0	
129.955	-2.8545	199.819	0	
128.542	-2.01633	195.907	0	
127.18	-2.91409	194.844	0	
122.911	-1.78555	210.251	0	
122.775	-2.84652	200.225	0	
115	-1.02905	185.302	0	
116.766	-2.19037	204.39	0	
86.8898	-4.06799	193.68	0	
113.542	-2.01633	194.545	0	
108.75	-1.03479	200.694	0	
109.078	-2.00504	199.37	0	
-117.089	-1.78555	213.466	0	
-117.225	-2.84652	187.63	0	
-125	-1.02905	180.599	0	
-123.234	-2.19037	202.069	0	
-78.5826	-3.79821	188.456	0	
-143.899	-7.68728	359.155	0	
-90	-1.03479	172.698	0	
-89.6723	-2.00504	198.13	0	
-97.5	-0.792406	177.225	0	
-97.0644	-2.07688	187.573	0	
-116.287	-3.24559	191.377	0	
-108.125	-3.34884	199.801	0	
-104.256	-2.06993	188.558	0	
-112.466	-3.07092	176.879	0	
-107.708	-2.01633	201.767	0	
-116.633	-5.94785	220.708	0	
-141.434	-1.75189	210.116	0	
-142.267	-2.05915	208.244	0	
-130.506	-2.06993	209.964	0	
-141.756	-5.80291	209.887	0	
-140.354	-6.17065	186.502	0	
-130.457	-4.4054	185.607	0	
-20.8387	-1.78555	207.338	0	
-20.9751	-2.84652	204.996	0	
-28.75	-1.02905	185.832	0	
-26.9845	-2.19037	195.225	0	
-43.7875	-3.24559	200.939	0	
-46.3858	-5.74538	254.739	0	
6.25	-1.03479	185.511	0	
6.57772	-2.00504	191.38	0	
-1.25	-0.792406	211.709	0	
-0.814428	-2.07688	214.17	0	
-20.0375	-3.24559	193.376	0	
-11.875	-3.34884	197.66	0	
-8.00561	-2.06993	216.046	0	
-16.2164	-3.07092	178.613	0	
-11.4583	-2.01633	207.721	0	
-20.3828	-5.94785	220.64	0	
-44.5887	-1.78555	192.565	0	
-44.7251	-2.84652	182.765	0	
-34.2556	-2.06993	192.66	0	
-49.5151	-8.22246	331.277	0	
-44.2462	-5.42835	233.041	0	
-34.2075	-4.4054	203.881	0	
-75.0375	-3.24559	185.428	0	
25.1674	-3.79821	197.686	0	
-75.8387	-1.78555	186.907	0	
-75.9751	-2.84652	185.038	0	
-83.75	-1.02905	193.83	0	
-81.9845	-2.19037	189.6	0	
-90.0446	-2.8545	182.313	0	
-86.5873	-2.94281	191.082	0	
102.5	-1.03479	181.725	0	
102.828	-2.00504	207.89	0	
95	-0.792406	189.312	0	
95.4356	-2.07688	204.134	0	
76.2125	-3.24559	203.063	0	
84.375	-3.34884	197.4	0	
88.2444	-2.06993	196.9	0	
80.0336	-3.07092	190.412	0	
84.7917	-2.01633	212.628	0	
75.8672	-5.94785	203.571	0	
75.4113	-1.78555	220.002	0	
75.2749	-2.84652	201.678	0	
67.5	-1.02905	187.807	0	
69.2655	-2.19037	201.635	0	
52.4625	-3.24559	214.665	0	
49.8642	-5.74538	225.523	0	
61.9944	-2.06993	212.239	0	
46.7349	-8.22246	206.323	0	
52.0038	-5.42835	235.686	0	
62.0425	-4.4054	223.934	0	
51.6613	-1.78555	197.571	0	
51.5249	-2.84652	200.85	0	
21.2125	-3.24559	211.333	0	
107.75	-4.43486	197.649	0	
20.4113	-1.78555	207.756	0	
20.2749	-2.84652	198.952	0	
12.5	-1.02905	183.231	0	
14.2655	-2.19037	195.835	0	
6.20541	-2.8545	202.459	0	
9.66268	-2.94281	195.681	0	
154.161	-1.78555	196.921	0	
154.025	-2.84652	197.375	0	
152.292	-2.01633	199.318	0	
139.039	-4.35802	186.665	0	
137.911	-1.78555	216.884	0	
137.775	-2.84652	197.172	0	
116.213	-3.24559	207.202	0	
154.963	-3.24559	201.528	0	
115.411	-1.78555	213.637	0	
115.275	-2.84652	200.214	0	
107.292	-2.01633	207.194	0	
109.247	-3.78292	199.037	0	
-140.037	-3.24559	177.686	0	
-71.0826	-3.79821	193.842	0	
-124.589	-1.78555	215.755	0	
-124.725	-2.84652	186.191	0	
-92.8202	-2.91409	179.384	0	
-85.2083	-2.01633	190.047	0	
-97.684	-1.75189	193.77	0	
-98.5173	-2.05915	192.252	0	
-152.708	-2.01633	230.265	0	
-145.211	-4.15655	202.695	0	
-23.5826	-3.79821	190.066	0	
3.37811	-4.98343	207.048	0	
-28.3387	-1.78555	201.543	0	
-28.4751	-2.84652	187.726	0	
3.42981	-2.91409	202.759	0	
11.0417	-2.01633	187.613	0	
-1.43402	-1.75189	200.278	0	
-2.26735	-2.05915	221.057	0	
-48.9583	-3.47328	205.221	0	
-47.6197	-4.31165	221.754	0	
-88.4261	-3.92482	198.283	0	
-92.8719	-4.98343	197.174	0	
-83.3387	-1.78555	184.711	0	
-83.4751	-2.84652	182.593	0	
99.6798	-2.91409	200.197	0	
107.753	-2.80091	194.372	0	
94.816	-1.75189	204.839	0	
93.9827	-2.05915	204.293	0	
72.6674	-3.79821	204.269	0	
120.167	-3.79821	202.712	0	
67.9113	-1.78555	207.385	0	
67.7749	-2.84652	199.769	0	
47.2917	-3.47328	210.968	0	
50.1448	-3.88818	213.687	0	
17.6674	-3.79821	209.152	0	
-0.0374544	-3.24559	208.566	0	
12.9113	-1.78555	204.145	0	
12.7749	-2.84652	192.035	0	
148.483	-4.32001	185.633	0	
187.308	-1.93891	241.133	0	
147.862	-1.54577	232.773	0	
148.712	-3.13655	204.713	0	
133.929	-3.08731	200.314	0	
138.713	-3.24559	205.565	0	
90.6555	-3.51902	199.375	0	
102.455	-2.8545	196.368	0	
-152.829	-5.21478	191.36	0	
-131.801	-4.25718	202.495	0	
-122.157	-4.23242	193.275	0	
-96.2875	-3.24559	191.062	0	
-46.1052	-3.88818	205.544	0	
-35.5505	-4.25718	181.109	0	
-25.9071	-4.23242	209.918	0	
13.7125	-3.24559	208.399	0	
-100.639	-4.06622	173.015	0	
-82.5375	-3.24559	183.609	0	
48.6303	-4.31165	217.725	0	
96.2125	-3.24559	202.17	0	
60.6995	-4.25718	208.989	0	
70.3429	-4.23242	215.804	0	
-4.38926	-4.06622	192.504	0	
7.82395	-3.92482	205.117	0	
146.42	-3.14785	186.892	0	
147.178	-4.41078	194.127	0	
34.7917	-2.72654	198.791	0	
33.9583	-2.72654	211.223	0	
126.034	-3.06466	195.162	0	
126.041	-5.36183	194.908	0	
-147.837	-2.94281	188.529	0	
-142.682	-2.77243	184.222	0	
-160.208	-1.16463	124.34	0	
-201.338	-10.2031	242.965	0	
-153.958	-2.72654	211.552	0	
-152.247	-2.80091	183.508	0	
-156.042	-3.47328	193.155	0	
-156.458	-2.72654	219.066	0	
-52.8373	-2.94281	184.945	0	
-49.7917	-3.47328	205.612	0	
-58.9583	-2.72654	199.341	0	
-57.7083	-2.01633	190.463	0	
-56.2946	-2.8545	194.563	0	
-57.2473	-2.80091	179.078	0	
-65.2159	-3.06466	187.442	0	
-65.2085	-5.36053	228.877	0	
-72.7159	-3.06466	181.412	0	
-69.5113	-3.00667	184.604	0	
43.4127	-2.94281	201.564	0	
46.4583	-3.47328	212.335	0	
36.0417	-2.01633	202.271	0	
32.5816	-3.68836	199.331	0	
32.1798	-2.91409	196.224	0	
36.4583	-2.72654	210.953	0	
23.5341	-3.06466	192.747	0	
26.7387	-3.00667	204.252	0	
118.534	-3.06466	199.236	0	
121.739	-3.00667	208.353	0	
-121.466	-3.06466	180.795	0	
-118.261	-3.00667	196.492	0	
-93.9659	-3.06466	184.716	0	
-93.9594	-5.36183	219.709	0	
-109.003	-2.80091	192.755	0	
-107.247	-2.80091	186.354	0	
-146.042	-2.72654	209.71	0	
-147.44	-3.72538	192.425	0	
-25.2159	-3.06466	176.958	0	
-22.0113	-3.00667	182.894	0	
2.28409	-3.06466	197.351	0	
2.29056	-5.36183	208.869	0	
-12.7527	-2.80091	200.332	0	
-10.9973	-2.80091	219.545	0	
-48.9583	-2.01633	181.812	0	
-45.7613	-3.00667	192.712	0	
-52.44	-3.72538	208.645	0	
-48.5417	-2.72654	194.303	0	
-80.2159	-3.06466	177.076	0	
-77.0113	-3.00667	180.719	0	
98.5341	-3.06466	197.499	0	
98.5406	-5.36183	192.993	0	
83.4973	-2.80091	206.757	0	
85.2527	-2.80091	201.345	0	
71.0341	-3.06466	198.634	0	
74.2387	-3.00667	205.013	0	
47.2917	-2.01633	201.738	0	
50.4887	-3.00667	208.281	0	
43.81	-3.72538	206.982	0	
47.7083	-2.72654	204.362	0	
16.0341	-3.06466	195.85	0	
19.2387	-3.00667	210.338	0	
151.132	-3.93062	190.887	0	
152.989	-3.00667	194.889	0	
111.032	-2.99641	204.6	0	
114.239	-3.00667	206.991	0	
-87.7179	-2.99641	177.193	0	
-84.5113	-3.00667	177.086	0	
8.53206	-2.99641	207.732	0	
11.7387	-3.00667	208.696	0	
104.782	-2.99641	196.998	0	
102.997	-3.78292	197.719	0	
-143.54	-2.72962	207.963	0	
-140.951	-3.13784	191.711	0	
-99.9558	-2.85377	191.187	0	
-97.2008	-3.13784	184.085	0	
-3.70582	-2.85377	214.514	0	
-0.950756	-3.13784	207.946	0	
92.5442	-2.85377	202.16	0	
95.2992	-3.13784	201.238	0	
41.5739	-3.92482	200.341	0	
46.0417	-2.72654	206.967	0	
127.582	-3.68916	201.262	0	
132.502	-3.08731	194.838	0	
127.128	-4.98343	200.347	0	
128.572	-3.57598	198.66	0	
-152.662	-3.55114	197.334	0	
-152.231	-4.40508	182.654	0	
-159.148	-3.04538	178.826	0	
-165.564	-17.3854	618.475	0	
-154.373	-3.97501	193.724	0	
-150.753	-3.78292	177.319	0	
-160.293	-8.30276	361.505	0	
-155.208	-3.47328	202.314	0	
-158.057	-10.316	444.26	0	
-143.957	-3.47621	191.947	0	
-58.5398	-3.47677	192.142	0	
-57.2309	-4.40508	217.877	0	
-61.4583	-2.72654	196.475	0	
-57.6621	-3.55114	206.627	0	
-62.7232	-3.50081	195.218	0	
-55.7527	-3.78292	195.018	0	
-64.0702	-2.91409	190.367	0	
-63.6684	-3.68836	202.572	0	
-61.8899	-3.99904	219.627	0	
-60.2083	-3.47328	200.32	0	
-72.8478	-5.56717	211.723	0	
-69.264	-5.46522	232.125	0	
39.9554	-2.8545	198.892	0	
39.0191	-4.40508	207.335	0	
37.2917	-2.72654	198.235	0	
38.5879	-3.55114	201.482	0	
34.3601	-3.99904	205.501	0	
37.7102	-3.47677	207.587	0	
35.2083	-3.47328	208.407	0	
33.5268	-3.50081	200.827	0	
23.4022	-5.56717	196.305	0	
26.986	-5.46522	194.649	0	
118.402	-5.56717	197.863	0	
114.489	-5.47929	202.925	0	
-121.598	-5.56717	198.58	0	
-125.6	-5.31383	207.371	0	
-92.4178	-3.68916	198.5	0	
-89.5027	-3.78292	191.965	0	
-90.9952	-4.42757	205.618	0	
-86.1036	-3.83222	186.018	0	
-109.687	-5.39772	217.692	0	
-106.295	-2.8545	189.254	0	
-110.64	-4.06799	180.532	0	
-98.2818	-3.59669	201.257	0	
-146.478	-3.50911	192.282	0	
-141.985	-3.52613	186.914	0	
-25.3478	-5.56717	213.28	0	
-29.3495	-5.31383	223.525	0	
3.83223	-3.68916	202.423	0	
6.7473	-3.78292	208.094	0	
5.25478	-4.42757	208.195	0	
10.1464	-3.83222	215.354	0	
-13.4371	-5.39772	188.213	0	
-10.0446	-2.8545	195.848	0	
-14.3898	-4.06799	178.29	0	
-2.03178	-3.59669	210.087	0	
-51.4777	-3.50911	202.603	0	
-47.7083	-2.72654	195.863	0	
-51.0637	-4.19254	219.229	0	
-47.2189	-3.60804	200.133	0	
-80.3478	-5.56717	206.649	0	
-84.2613	-5.47929	222.694	0	
100.082	-3.68916	197.814	0	
112.646	-3.83222	204.889	0	
110.324	-3.92482	203.71	0	
107.317	-3.58364	202.62	0	
82.8129	-5.39772	190.356	0	
86.2054	-2.8545	204.238	0	
81.8602	-4.06799	189.981	0	
94.2182	-3.59669	199.698	0	
70.9022	-5.56717	218.833	0	
66.9005	-5.31383	226.828	0	
44.7723	-3.50911	207.87	0	
48.5417	-2.72654	203.618	0	
45.1863	-4.19254	214.101	0	
49.0311	-3.60804	214.18	0	
15.9022	-5.56717	211.012	0	
11.9887	-5.47929	206.623	0	
108.705	-2.8545	204.65	0	
101.072	-3.57598	198.061	0	
-91.4282	-3.57598	187.214	0	
-94.651	-4.21812	190.847	0	
4.82178	-3.57598	205.696	0	
1.59897	-4.21812	204.597	0	
105.913	-2.94281	205.079	0	
106.31	-3.72554	196.188	0	
97.849	-4.21812	201.426	0	
101.505	-4.42757	198.351	0	
-144.792	-3.47313	203.466	0	
-146.064	-4.19253	201.43	0	
-103.124	-4.43041	185.992	0	
-108.125	-4.73217	175.447	0	
-6.87403	-4.43041	174.806	0	
-11.875	-4.73217	178.362	0	
89.376	-4.43041	190.394	0	
84.375	-4.73217	190.097	0	
121.393	-3.89079	199.238	0	
143.936	-3.97268	193.401	0	
125.349	-4.21812	199.596	0	
129.043	-4.50658	201.024	0	
-154.834	-5.62943	210.647	0	
-149.676	-3.92482	188.305	0	
-156.465	-4.16242	210.321	0	
-88.4597	-6.17559	246.205	0	
-157.746	-3.54331	207.442	0	
-157.336	-4.23245	210.751	0	
-155.953	-5.20944	205.584	0	
-151.274	-4.58327	193.669	0	
-87.8931	-5.00841	207.044	0	
-54.6761	-3.92482	213.208	0	
-59.3731	-3.97501	219.235	0	
7.79028	-6.17559	209.677	0	
-65.9011	-4.21822	201.733	0	
-59.3047	-5.11624	221.497	0	
-64.1215	-4.98124	216.886	0	
-60.5387	-5.90518	255.347	0	
8.35687	-5.00841	216.397	0	
92.527	-5.11846	196.7	0	
30.3489	-4.21822	199.357	0	
32.1285	-4.98124	203.348	0	
36.0417	-3.47328	202.72	0	
34.378	-5.06466	210.717	0	
35.7113	-5.90518	213.289	0	
36.8769	-3.97501	208.055	0	
-101.844	-3.51902	182.04	0	
-99.973	-5.11846	223.148	0	
-145.501	-5.7656	239.593	0	
-69.8571	-3.89079	198.001	0	
-156.677	-7.51666	280.844	0	
-49.707	-5.1949	236.025	0	
-148.977	-5.20289	183.371	0	
-147.813	-5.59213	207.108	0	
-5.59449	-3.51902	210.931	0	
-3.72305	-5.11846	201.064	0	
-56.2742	-4.58327	229.063	0	
26.3929	-3.89079	198.942	0	
-39.9676	-3.06872	189.151	0	
46.543	-5.1949	222.674	0	
-53.9766	-5.20289	227.146	0	
-50.211	-4.15672	222.079	0	
-55.8234	-5.70833	240.6	0	
-48.5258	-4.17689	218.529	0	
-52.8132	-5.59213	259.709	0	
-47.2738	-5.38006	228.426	0	
91.8607	-4.06622	194.649	0	
105.879	-5.0575	199.922	0	
36.9453	-5.11624	213.823	0	
130.158	-4.945	201.772	0	
56.2824	-3.06872	211.334	0	
110.29	-6.17488	205.339	0	
42.2734	-5.20289	216.571	0	
46.039	-4.15672	216.323	0	
40.4266	-5.70833	217.075	0	
47.7242	-4.17689	219.88	0	
39.9758	-4.58327	201.931	0	
48.9762	-5.38006	230.452	0	
-90.0224	-4.58092	211.033	0	
-89.5124	-5.89001	226.697	0	
6.22758	-4.58092	210.947	0	
6.73765	-5.89001	212.095	0	
102.928	-5.70651	198.14	0	
107.848	-6.54104	204.45	0	
104.074	-3.92482	202.165	0	
104.773	-5.20318	198.03	0	
99.6281	-4.98343	201.201	0	
102.478	-4.58092	199.657	0	
-150.823	-5.70833	185.166	0	
-143.779	-5.33843	218.452	0	
76.6284	-4.52398	192.201	0	
144.244	-11.4317	211.44	0	
128.127	-5.50143	199.271	0	
128.872	-6.93342	202.907	0	
-158.777	-5.20944	250.466	0	
-143.448	-4.30353	193.566	0	
-161.732	-2.79975	168.88	0	
-207.299	-15.0218	249.874	0	
-182.365	-35.5359	512.483	0	
-79.1691	-5.28353	219.675	0	
-150.997	-8.59138	316.682	0	
-57.1302	-6.3947	283.505	0	
-61.872	-5.06466	219.856	0	
-58.0402	-5.47194	237.152	0	
-115.872	-4.52398	184.166	0	
17.0809	-5.28353	202.503	0	
-19.6216	-4.52398	189.561	0	
108.728	-4.58055	203.468	0	
38.2098	-5.47194	213.618	0	
43.4368	-5.59213	208.735	0	
-139.58	-4.60081	191.449	0	
-145.691	-7.03602	245.976	0	
-96.7489	-6.89898	245.249	0	
-97.1496	-5.26597	230.926	0	
-149.602	-6.18605	217.563	0	
-134.449	-4.25718	178.754	0	
-31.5017	-4.16217	194.798	0	
39.1198	-6.3947	205.712	0	
-0.498874	-6.89898	203.816	0	
-0.89962	-5.26597	198.424	0	
-70.5474	-6.44535	252.395	0	
-54.6024	-6.18605	273.108	0	
-52.4014	-4.79453	222.925	0	
-51.4417	-5.03664	234.702	0	
-52.0429	-7.10465	277.576	0	
-50.5017	-5.76581	256.178	0	
-54.1682	-7.76797	295.308	0	
-36.3389	-2.93321	203.532	0	
-48.8551	-5.21507	232.028	0	
-48.0926	-6.0103	265.687	0	
64.7483	-4.16217	217.033	0	
110.857	-5.00834	201.6	0	
95.7511	-6.89898	189.521	0	
95.3504	-5.26597	197.722	0	
25.7026	-6.44535	198.139	0	
41.6476	-6.18605	203.091	0	
43.8486	-4.79453	215.951	0	
44.8083	-5.03664	215.126	0	
44.2071	-7.10465	222.851	0	
45.7483	-5.76581	223.286	0	
42.0818	-7.76797	224.198	0	
59.9111	-2.93321	202.984	0	
47.3949	-5.21507	226.516	0	
48.1574	-6.0103	222.571	0	
-91.9104	-5.42242	225.656	0	
-90.925	-6.50437	260.903	0	
4.33964	-5.42242	207.291	0	
5.32497	-6.50437	214.082	0	
106.858	-5.46739	200.831	0	
109.237	-5.889	199.888	0	
45.559	-7.03622	220.313	0	
104.147	-6.18687	203.125	0	
100.59	-5.42242	197.162	0	
100.817	-6.41692	202.048	0	
-147.401	-4.79453	193.125	0	
-146.442	-5.03663	201.416	0	
-147.043	-7.10465	236.969	0	
-144.707	-5.19453	200.55	0	
-149.168	-7.76797	245.658	0	
-132.589	-2.93321	180.07	0	
-154.178	-7.28627	236.922	0	
-151.919	-6.13754	223.015	0	
-67.2642	-6.91889	288.767	0	
-50.691	-7.03622	285.378	0	
28.9858	-6.91889	196.793	0	
57.9209	-9.10125	182.779	0	
-165.569	-3.72058	235.462	0	
-124.19	-5.40086	216.145	0	
-65.8105	-6.63734	268.472	0	
-38.3291	-9.10125	385.049	0	
-59.0799	-8.70786	361.586	0	
-25.746	-9.39498	398.792	0	
-36.875	-5.27905	250.671	0	
-45.618	-4.95711	216.751	0	
30.4395	-6.63734	208.175	0	
104.619	-8.07335	201.815	0	
37.1701	-8.70786	212.795	0	
121.986	-5.46522	196.932	0	
59.375	-5.27905	222.357	0	
50.632	-4.95711	229.326	0	
-100.432	-7.15932	235.469	0	
-118.014	-5.46522	195.378	0	
-4.18243	-7.15932	192.266	0	
-21.764	-5.46522	205.804	0	
101.373	-10.8863	196.942	0	
97.6668	-7.08742	196.922	0	
74.486	-5.46522	203.777	0	
92.0676	-7.15932	183.584	0	
-142.782	-6.56075	195.583	0	
-142.334	-4.31064	185.192	0	
-152.527	-7.43868	236.259	0	
-121.996	-9.39498	353.274	0	
-136.218	-3.06872	180.966	0	
-128.568	-3.08143	181.893	0	
-38.1995	-4.25718	183.126	0	
-32.318	-3.08143	193.751	0	
58.0505	-4.25718	214.878	0	
63.932	-3.08143	206.899	0	
133.106	-6.04794	197.553	0	
130.428	-6.60412	200.32	0	
123.985	-6.91734	194.749	0	
150.848	-20.0464	207.238	0	
-155.18	-8.32445	315.343	0	
-52.0799	-10.5411	377.291	0	
-40.8588	-5.44334	224.649	0	
-43.3792	-4.50999	190.55	0	
55.3912	-5.44334	223.932	0	
52.8708	-4.50999	229.648	0	
-87.5848	-7.52916	295.961	0	
-84.8609	-3.89608	195.665	0	
8.66524	-7.52916	215.965	0	
11.3891	-3.89608	206.297	0	
120.703	-6.44535	197.864	0	
113.889	-3.89608	200.766	0	
-94.8332	-7.08742	269.187	0	
-127.752	-4.16217	192.881	0	
-136.015	-9.53859	291.724	0	
-118.607	-3.89079	186.713	0	
-44.375	-6.99919	285.729	0	
-22.3571	-3.89079	205.534	0	
-42.8302	-8.44515	320.009	0	
-40.8536	-7.44458	277.375	0	
51.875	-6.99919	225.946	0	
73.8929	-3.89079	200.701	0	
53.4198	-8.44515	213.569	0	
55.3964	-7.44458	247.856	0	
-45.8903	-7.18841	261.794	0	
-48.1439	-7.56208	280.399	0	
50.3597	-7.18841	235.268	0	
48.1061	-7.56208	228.37	0	
-141.655	-10.9683	575.824	0	
-134.129	-6.10622	209.729	0	
-52.772	-8.29733	351.08	0	
-46.8296	-8.37487	352.213	0	
43.478	-8.29733	188.929	0	
49.4204	-8.37487	191.738	0	
-164	-0.842706	204.606	0	
-160.19	-2.6252	202.387	0	
-171.26	-1.12398	292.658	0	
-163.118	-4.25546	283.292	0	
157.984	-3.31993	210.208	0	
162.75	-0.842706	196.823	0	
160.879	-2.92373	200.047	0	
162.233	-4.81544	200.606	0	
149.806	-4.94504	194.831	0	
157.495	-4.95032	202.518	0	
136.186	-4.14103	190.974	0	
140.456	-4.52612	195.637	0	
-73.4071	-4.23242	200.218	0	
-71.6691	-5.28353	213.359	0	
-80.4167	-10.3326	437.105	0	
-64.8646	-8.3096	326.249	0	
-77.3571	-3.89079	195.014	0	
-74.2262	-6.72899	294.54	0	
22.8429	-4.23242	205.487	0	
24.5809	-5.28353	200.728	0	
15.8333	-10.3326	204.553	0	
31.3854	-8.3096	215.152	0	
18.8929	-3.89079	206.034	0	
22.0238	-6.72899	201.714	0	
117.843	-4.23242	201.185	0	
119.581	-5.28353	198.963	0	
112.877	-7.50462	202.72	0	
125.437	-6.63718	200.286	0	
111.164	-7.52928	202.491	0	
117.03	-6.73778	202.591	0	
-120.419	-5.28353	200.856	0	
-119.297	-6.44535	239.139	0	
-147.08	-10.5411	410.855	0	
-106.019	-7.46803	231.986	0	
-144.559	-9.99967	384.652	0	
-147.772	-8.29733	316.609	0	
-24.1691	-5.28353	217.722	0	
-23.0474	-6.44535	264.935	0	
1.41684	-7.08742	196.889	0	
-9.76913	-7.46803	166.598	0	
-27.9404	-5.40086	244.327	0	
-23.5704	-9.08967	345.911	0	
-80.9071	-4.23242	200.755	0	
-78.0474	-6.44535	248	0	
-74.2388	-9.20929	394.192	0	
-76.764	-5.46522	223.283	0	
-81.7196	-6.73778	293.322	0	
-82.2148	-8.98906	398.088	0	
72.0809	-5.28353	212.811	0	
73.2026	-6.44535	216.772	0	
102.182	-6.54766	201.91	0	
86.4809	-7.46803	192.877	0	
68.3096	-5.40086	229.953	0	
93.8488	-8.33358	191.196	0	
15.3429	-4.23242	206.109	0	
18.2026	-6.44535	213.214	0	
22.0112	-9.20929	189.207	0	
19.486	-5.46522	201.682	0	
14.5304	-6.73778	206.955	0	
14.0352	-8.98906	185.749	0	
112.049	-4.96932	203.382	0	
113.194	-6.11121	203.483	0	
107.957	-10.0357	204.434	0	
114.373	-9.53907	204.97	0	
-86.7013	-4.9694	218.158	0	
-85.556	-6.11128	235.069	0	
-85.8729	-7.50385	307.419	0	
-84.3782	-9.53722	405.935	0	
9.54871	-4.9694	206.729	0	
10.694	-6.11128	218.88	0	
10.3771	-7.50385	199.131	0	
11.8718	-9.53722	201.673	0	
132.08	-7.47425	202.273	0	
134.746	-4.16808	192.167	0	
124.075	-4.31071	194.547	0	
123.313	-5.73457	200.648	0	
-67.1755	-4.31081	212.182	0	
-67.9367	-5.73467	224.706	0	
29.0745	-4.31081	188.501	0	
28.3133	-5.73467	199.969	0	
-95.9255	-4.31071	187.178	0	
-98.5926	-4.6597	175.934	0	
-103.786	-7.04865	228.93	0	
-106.563	-5.39772	213.389	0	
0.324502	-4.31071	211.214	0	
-2.3426	-4.6597	201.431	0	
-7.5359	-7.04865	181.05	0	
-10.3129	-5.39772	176.126	0	
96.5745	-4.31071	193.57	0	
93.9074	-4.6597	189.124	0	
88.7141	-7.04865	186.088	0	
103.633	-8.96714	203.724	0	
-62.0477	-8.8546	357.266	0	
34.2023	-8.8546	227.501	0	
-65.6604	-12.2385	444.014	0	
44.1701	-10.5411	194.955	0	
-43.9291	-11.1429	453.194	0	
106.762	-8.25621	206.726	0	
40.691	-8.79126	189.535	0	
126.259	-8.10539	198.434	0	
30.5896	-12.2385	225.043	0	
128.121	-8.37598	203.831	0	
98.349	-8.47005	198.24	0	
102.415	-7.9218	200.389	0	
-155.111	-10.7469	429.29	0	
-60.5733	-7.64358	295.731	0	
138.321	-5.52235	191.625	0	
152.541	-4.03078	192.99	0	
-138.552	-9.35636	360.83	0	
-137.06	-5.53416	204.369	0	
-129.996	-3.08143	192.757	0	
-129.047	-6.04201	222.603	0	
-33.7459	-3.08143	173.315	0	
-32.7973	-6.04201	244.893	0	
62.5041	-3.08143	193.951	0	
63.4527	-6.04201	225.613	0	
131.229	-11.2697	206.189	0	
151.99	-6.88415	200.375	0	
136.941	-5.40234	188.078	0	
141.133	-5.9764	181.494	0	
-74.6816	-4.325	209.267	0	
-75.4428	-5.74886	212.511	0	
21.5684	-4.325	197.382	0	
20.8072	-5.74886	208.189	0	
116.568	-4.325	200.353	0	
115.814	-5.75765	200.403	0	
-123.432	-4.325	184.415	0	
-126.314	-4.14101	182.052	0	
-115.576	-8.16642	302.921	0	
-113.246	-5.34905	204.06	0	
-27.1816	-4.325	186.466	0	
-30.0644	-4.14101	199.377	0	
-19.3257	-8.16642	291.519	0	
-16.996	-5.34905	179.681	0	
-82.1816	-4.325	206.446	0	
-82.9362	-5.75765	216.658	0	
69.0684	-4.325	213.989	0	
66.1856	-4.14101	221.933	0	
76.9243	-8.16642	211.373	0	
79.254	-5.34905	188.756	0	
14.0684	-4.325	203.136	0	
13.3138	-5.75765	212.024	0	
105.405	-12.0508	201.242	0	
116.536	-8.99008	195.946	0	
-93.9774	-8.66503	343.644	0	
-91.6041	-8.13534	349.903	0	
2.27255	-8.66503	196.701	0	
4.64589	-8.13534	191.746	0	
129.195	-10.2093	203.403	0	
146.046	-6.10183	187.777	0	
134.488	-5.91521	192.911	0	
135.867	-6.69788	191.321	0	
121.43	-8.68418	194.844	0	
123.385	-8.88682	198.131	0	
-69.8214	-8.68669	359.228	0	
-67.8655	-8.89079	328.829	0	
26.4286	-8.68669	196.342	0	
28.3845	-8.89079	211.812	0	
-66.1145	-9.89368	397.917	0	
-95.0051	-12.6851	552.647	0	
-55.559	-8.79126	353.698	0	
1.24494	-12.6851	147.436	0	
85.9371	-5.39772	188.884	0	
70.504	-9.39498	224.749	0	
99.9643	-7.8529	198.254	0	
101.084	-8.78437	202.908	0	
-119.82	-9.08967	367.026	0	
-122.652	-7.0343	272.977	0	
-127.769	-5.79877	202.706	0	
-125.499	-7.54635	278.13	0	
-48.3872	-12.3828	436.749	0	
-26.4019	-7.0343	307.765	0	
-31.5194	-5.79877	232.651	0	
-29.2492	-7.54635	335.176	0	
47.8628	-12.3828	123	0	
69.8481	-7.0343	224.284	0	
64.7306	-5.79877	236.065	0	
67.0008	-7.54635	207.226	0	
140.302	-7.00568	192.187	0	
142.7	-6.86574	189.62	0	
125.012	-9.68556	200.696	0	
195.519	-2.32667	248.784	0	
-98.6512	-8.33358	334.744	0	
35.6767	-7.64358	231.307	0	
-2.40124	-8.33358	165.408	0	
103.223	-11.1651	203.24	0	
72.6796	-9.08967	224.283	0	
95.07	-11.0041	201.245	0	
-136.973	-6.98397	240.262	0	
-135.349	-7.69153	270.658	0	
-32.1235	-10.677	468.314	0	
-33.5046	-8.27657	356.096	0	
64.1265	-10.677	148.224	0	
97.6545	-10.9522	193.056	0	
80.0504	-6.99449	200.303	0	
151.079	-11.5903	211.305	0	
-78.2205	-8.73643	382.934	0	
30.1355	-9.89368	226.069	0	
8.79112	-11.9339	192.513	0	
110.443	-9.50362	207.703	0	
-126.434	-6.49884	212.959	0	
-123.97	-6.77541	218.459	0	
-30.1836	-6.49884	236.048	0	
-27.72	-6.77541	243.211	0	
66.0664	-6.49884	240.926	0	
68.53	-6.77541	235.119	0	
150.025	-6.43618	189.691	0	
153.18	-5.49318	199.519	0	
147.57	-7.50219	196.741	0	
142.406	-9.04296	193.708	0	
-113.344	-8.75328	346.682	0	
-118.411	-11.2883	429.163	0	
-114.541	-4.53464	180.377	0	
-111.901	-4.28441	185.792	0	
-17.0944	-8.75328	237.022	0	
-21.2298	-10.3281	383.903	0	
-18.2907	-4.53464	183.975	0	
-15.6508	-4.28441	184.523	0	
79.1556	-8.75328	208.273	0	
75.0202	-10.3281	219.553	0	
77.9593	-4.53464	194.103	0	
80.5992	-4.28441	192.406	0	
-63.1585	-5.8593	259.461	0	
-63.2996	-7.91085	290.594	0	
33.0915	-5.8593	207.79	0	
32.9504	-7.91085	224.813	0	
-205.568	-32.9721	281.623	0	
-158.17	-8.54355	347.244	0	
-42.0494	-4.51844	198.254	0	
-39.5061	-4.39269	183.775	0	
54.2006	-4.51844	230.894	0	
56.7439	-4.39269	224.642	0	
-138.25	-4.60927	179.361	0	
-135.756	-4.39269	186.847	0	
132.732	-9.94285	205.304	0	
140.759	-8.90393	190.778	0	
-131.823	-7.75398	270.328	0	
-88.3496	-9.59591	444.333	0	
-29.7584	-9.79585	430.838	0	
7.90043	-9.59591	182.908	0	
62.7454	-8.27657	242.057	0	
52.3209	-11.1429	130.02	0	
86.5779	-13.8833	222.874	0	
208.99	-5.28426	269.487	0	
-59.5306	-11.2795	397.295	0	
-57.3001	-7.89572	303.025	0	
36.7194	-11.2795	236.298	0	
38.9499	-7.89572	234.686	0	
138.907	-6.71973	185.156	0	
136.37	-8.16582	193.242	0	
138.03	-8.06765	191.896	0	
139.214	-9.60327	199.751	0	
134.987	-10.2845	204.719	0	
161.413	-6.92918	208.229	0	
119.235	-10.2813	200.218	0	
95.7393	-17.4777	221.946	0	
-50.1748	-10.5347	393.614	0	
-46.4132	-10.8834	367.829	0	
46.0752	-10.5347	160.938	0	
49.8368	-10.8834	180.888	0	
-176.012	-1.34606	293.639	0	
-160.335	-6.5477	306.303	0	
-161.831	-10.7403	468.926	0	
-188.999	-19.3034	274.185	0	
158.946	-6.83953	210.734	0	
170.01	-1.12398	214.757	0	
-87.4589	-11.9339	512.086	0	
99.5587	-12.4369	202.663	0	
18.0295	-8.73643	187.323	0	
4.49832	-12.069	165.599	0	
-153.134	-12.2646	545.957	0	
-148.55	-12.2522	511.44	0	
-121.489	-14.4624	630.7	0	
-126.008	-9.79585	418.657	0	
104.932	-18.5916	191.059	0	
112.453	-11.0673	197.595	0	
-91.7517	-12.069	495.013	0	
-71.535	-10.5118	442.145	0	
5.3409	-14.035	191.406	0	
24.715	-10.5118	219.159	0	
-112.45	-6.99449	253.004	0	
-129.168	-15.7527	665.605	0	
-16.1996	-6.99449	226.505	0	
-27.5734	-11.3856	498.726	0	
-144.852	-16.8136	896.538	0	
-124.741	-12.1163	488.922	0	
-37.2846	-13.6039	503.619	0	
-6.7017	-12.0229	212.01	0	
66.4916	-9.79585	223.598	0	
58.9654	-13.6039	108.178	0	
112.419	-14.9051	197.365	0	
127.849	-11.938	204.862	0	
147.347	-10.4774	205.04	0	
153.266	-9.06305	214.938	0	
-122.779	-11.9203	510.945	0	
-102.474	-8.42323	339.621	0	
-20.7162	-13.563	501.2	0	
-6.22447	-8.42323	161.416	0	
75.5338	-13.563	194.543	0	
90.0255	-8.42323	191.218	0	
68.6766	-11.3856	160.181	0	
136.037	-12.2238	204.682	0	
-61.6144	-11.5018	411.187	0	
-55.5379	-10.963	396.865	0	
34.6356	-11.5018	218.131	0	
40.7121	-10.963	198.169	0	
128.852	-14.5637	205.651	0	
235.957	-15.9774	213.206	0	
-178.777	-2.9619	285.721	0	
-162.755	-6.23594	274.825	0	
-156.495	-11.7116	484.135	0	
-221.912	-14.5162	249.806	0	
-169.141	-4.00209	298.684	0	
-167.19	-4.8303	346.23	0	
164.287	-4.15658	199.474	0	
166.707	-4.43785	202.242	0	
155.354	-8.54876	207.573	0	
132.793	-16.0264	213.94	0	
-53.4549	-12.1835	448.783	0	
-9.67296	-13.8421	253.598	0	
42.7951	-12.1835	135.995	0	
33.1604	-13.2995	221.096	0	
-53.1756	-15.7705	452.497	0	
-138.938	-7.6289	273.069	0	
-134.594	-10.3937	482.486	0	
-155.484	-17.2341	755.754	0	
-127.52	-14.6602	675.54	0	
-47.7993	-19.2086	394.825	0	
-31.0758	-17.4153	599.449	0	
48.4507	-19.2086	33.528	0	
65.1742	-17.4153	45.6335	0	
131.221	-14.31	210.832	0	
153.572	-16.0839	244.602	0	
-157.266	-14.2011	652.145	0	
43.0744	-15.7705	118.854	0	
11.0506	-11.9005	180.125	0	
89.5492	-12.064	209.347	0	
125.528	-11.6848	198.588	0	
119.86	-13.8177	197.505	0	
-167.135	-7.23969	329.31	0	
-192.539	-4.26558	253.777	0	
-133.857	-13.0595	637.047	0	
-129.198	-9.41262	378.838	0	
-228.19	-24.6897	239.273	0	
-128.413	-13.1119	533.717	0	
-132.411	-9.49708	371.563	0	
-132.552	-6.10622	201.793	0	
-166.307	-13.5038	567.728	0	
-108.605	-11.4398	497.14	0	
-130.943	-10.541	378.42	0	
-129.662	-7.54154	258.841	0	
-131.112	-14.0765	592.005	0	
-127.757	-10.8627	418.238	0	
-135.282	-19.8734	986.615	0	
-102.952	-12.0229	523.905	0	
-130.381	-12.4546	565.63	0	
-128.544	-17.3008	919.822	0	
-148.258	-15.1857	751.105	0	
-3.6662	-13.8175	138.349	0	
-125.443	-18.0933	895.865	0	
-125.597	-14.7313	656.937	0	
-62.6835	-17.1843	463.739	0	
-85.1994	-11.9005	530.588	0	
-124.144	-16.6164	770.76	0	
-121.999	-16.5434	788.918	0	
-91.6409	-16.373	691.452	0	
-70.7541	-13.472	494.3	0	
4.6091	-16.373	146.463	0	
25.4959	-13.472	197.782	0	
-110.152	-7.25958	240.499	0	
-116.205	-10.7321	461.093	0	
-13.9017	-7.25958	180.339	0	
-12.3545	-11.4398	239.126	0	
82.3483	-7.25958	195.302	0	
83.8955	-11.4398	224.173	0	
-83.8414	-14.5362	610.641	0	
-76.2546	-10.6507	460.588	0	
12.4086	-14.5362	174.092	0	
19.9954	-10.6507	201.346	0	
-97.6578	-11.3921	513.225	0	
-90.4292	-10.045	408.699	0	
-1.40778	-11.3921	200.886	0	
5.82085	-10.045	204.195	0	
-111.605	-11.7939	460.82	0	
-108.046	-8.66433	364.079	0	
-15.3552	-11.7939	308.706	0	
-11.7958	-8.66433	215.556	0	
80.8948	-11.7939	218.319	0	
84.4542	-8.66433	204.545	0	
-57.7296	-12.6391	467.836	0	
-56.3189	-16.133	438.419	0	
38.5204	-12.6391	155.304	0	
39.9311	-16.133	130.233	0	
-173.564	-2.47004	312.88	0	
-165.151	-8.11045	399.474	0	
157.521	-9.12614	207.01	0	
160.271	-11.5138	222.406	0	
-36.2393	-7.66183	287.179	0	
-40.908	-14.645	506.726	0	
60.0107	-7.66183	234.543	0	
55.342	-14.645	59.9966	0	
92.8124	-13.4707	192.927	0	
138.603	-11.6407	202.299	0	
-114.482	-16.5569	856.93	0	
-119.297	-14.1357	678.754	0	
-106.853	-18.8267	900.149	0	
-90.9091	-14.035	632.721	0	
-63.0896	-13.2995	493.308	0	
-81.2221	-13.5164	574.999	0	
-119.75	-18.497	902.411	0	
-105.923	-13.8421	688.965	0	
-99.9162	-13.8175	645.193	0	
-124.617	-21.7604	1012.93	0	
15.0279	-13.5164	175.748	0	
33.5665	-17.1843	183.825	0	
-177.258	-5.78191	320.391	0	
-175.551	-13.7225	482.699	0	
-170.014	-8.10752	401.353	0	
-170.068	-11.6224	386.213	0	
123.346	-14.3333	202.584	0	
130.766	-41.4755	193.985	0	
-117.966	-16.82	749.603	0	
-113.607	-13.3165	608.677	0	
-93.8748	-11.0032	490.042	0	
-93.6138	-16.0889	727.516	0	
2.37524	-11.0032	202.582	0	
2.63623	-16.0889	219.974	0	
-136.481	-15.5337	848.139	0	
46.237	-15.9763	59.32	0	
-50.013	-15.9763	520.195	0	
-33.8137	-14.565	606.965	0	
-118.828	-25.8063	1130.68	0	
62.4363	-14.565	98.9806	0	
-89.2433	-18.71	793.638	0	
-88.6959	-14.349	635.608	0	
7.00668	-18.71	203.889	0	
7.55411	-14.349	169.648	0	
-158.473	-25.925	963.816	0	
-57.5305	-27.6829	510.068	0	
-87.3706	-17.1144	694.464	0	
-82.1404	-18.8236	683.084	0	
-17.0729	-14.4419	423.85	0	
125.77	-16.4577	201.392	0	
8.87942	-17.1144	155.678	0	
14.1096	-18.8236	193.522	0	
218.789	-9.67962	239.605	0	
183.637	-7.09149	223.283	0	
135.243	-14.7675	215.672	0	
140.335	-13.8884	219.126	0	
-181.714	-1.61583	272.106	0	
-173.773	-5.29005	297.361	0	
163.087	-10.0309	195.956	0	
180.465	-1.61583	228.351	0	
-76.9341	-14.5113	568.105	0	
-67.81	-14.1067	520.681	0	
19.3159	-14.5113	183.304	0	
28.44	-14.1067	228.873	0	
-162.174	-17.4716	726.888	0	
-121.07	-22.2371	1051.37	0	
-58.6684	-18.9989	557.603	0	
0.81144	-18.779	159.069	0	
37.5816	-18.9989	93.4829	0	
107.856	-15.3565	192.977	0	
138.207	-15.8819	202.21	0	
143.531	-14.1381	204.21	0	
99.901	-16.4959	188.412	0	
79.1771	-14.4419	212.845	0	
-111.48	-20.2273	990.038	0	
-99.0883	-17.8006	820.303	0	
-27.2006	-15.1171	633.715	0	
-2.83826	-17.8006	254.082	0	
69.0494	-15.1171	105.494	0	
46.6928	-24.0743	23.2703	0	
-166.112	-27.3981	778.014	0	
-68.8837	-22.4837	497.765	0	
-81.3835	-22.9609	768.132	0	
-67.2534	-16.8341	502.722	0	
14.8665	-22.9609	190.95	0	
28.9966	-16.8341	205.001	0	
125.531	-19.801	205.878	0	
145.65	-18.2045	254.486	0	
136.74	-19.4185	234.04	0	
140.986	-21.4915	198.883	0	
-74.1374	-16.0301	594.406	0	
-64.6977	-18.8508	526.762	0	
22.1126	-16.0301	206.411	0	
31.5523	-18.8508	176.78	0	
-95.4386	-18.779	852.604	0	
2.52004	-23.669	259.729	0	
27.3663	-22.4837	176.967	0	
30.7731	-22.4901	166.859	0	
-84.7755	-17.335	686.213	0	
-79.7054	-15.7809	620.807	0	
11.4745	-17.335	170.911	0	
16.5446	-15.7809	177.438	0	
218.255	-34.6155	210.635	0	
132.745	-19.8694	204.366	0	
-152.736	-16.2622	724.948	0	
-150.381	-17.763	853.474	0	
-144.708	-21.2594	998.075	0	
-141.325	-14.5407	690.317	0	
-62.9905	-26.6887	343.232	0	
-11.2357	-19.2992	381.305	0	
33.2595	-26.6887	89.2842	0	
116.277	-16.8153	192.353	0	
-128.495	-23.6616	1113.4	0	
19.247	-23.4473	209.627	0	
-188.557	-1.93891	252.98	0	
-196.769	-2.32667	243.678	0	
172.064	-6.00496	203.858	0	
174.369	-7.9727	199.261	0	
197.421	-9.75588	236.445	0	
191.289	-4.26558	239.368	0	
80.6149	-19.5449	215.524	0	
38.7195	-27.6829	45.7363	0	
-73.6736	-19.0863	589.222	0	
-69.7337	-19.2556	581.595	0	
22.5764	-19.0863	190.671	0	
26.5163	-19.2556	204.043	0	
122.174	-26.556	204.802	0	
124.937	-40.2492	197.559	0	
-148.731	-22.1193	1013.68	0	
-130.945	-20.0681	985.113	0	
-89.5076	-23.3158	879.496	0	
-77.003	-23.4473	669.345	0	
-71.1732	-25.5223	597.312	0	
-65.4769	-22.4901	553.027	0	
-169.77	-21.2264	727.497	0	
-64.5794	-30.6463	573.172	0	
-139.982	-23.3262	1125.32	0	
-137.645	-30.9202	1177.12	0	
-75.3526	-26.6553	621.783	0	
25.0768	-25.5223	188.106	0	
-31.4696	-23.2096	646.403	0	
73.7048	-20.502	86.2855	0	
-23.6801	-16.4504	582.939	0	
-15.6351	-19.5449	474.163	0	
72.5699	-16.4504	148.398	0	
85.0151	-19.3404	231.917	0	
129.698	-22.0559	208.712	0	
117.076	-20.985	200.051	0	
-103.053	-20.9905	977.656	0	
-93.73	-23.669	950.859	0	
-49.5572	-24.0743	501.574	0	
6.74241	-23.3158	171.228	0	
-184.618	-8.98987	273.139	0	
-185.032	-3.55475	267.38	0	
-206.623	-2.79194	242.288	0	
-179.781	-9.87097	289.577	0	
180.177	-8.24429	205.904	0	
187.785	-10.442	213.707	0	
170.878	-14.4791	186.188	0	
159.464	-15.8639	193.176	0	
-85.4635	-32.3384	882.153	0	
20.8974	-26.6553	192.475	0	
-7.43655	-21.463	272.125	0	
90.9132	-21.5281	209.614	0	
-85.5482	-26.5803	865.468	0	
-18.107	-29.5111	591.057	0	
10.7018	-26.5803	256.565	0	
111.968	-28.0025	191.144	0	
-18.1435	-22.7175	541.644	0	
-22.5452	-20.502	614.493	0	
78.1065	-22.7175	130.694	0	
64.7804	-23.2096	11.6098	0	
34.1156	-37.3795	95.6027	0	
121.506	-22.1434	197.941	0	
-24.1065	-30.9545	560.071	0	
-6.83217	-26.5477	400.578	0	
-130.495	-31.0609	1204.18	0	
174.884	-12.8846	180.506	0	
178.79	-12.8864	187.253	0	
-76.4692	-32.4504	648.392	0	
-69.3552	-29.4863	490.567	0	
-145.697	-34.3804	1150.79	0	
-152.057	-27.6463	1092.02	0	
19.7808	-32.4504	219.098	0	
26.8948	-29.4863	142.606	0	
1.24121	-36.2378	412.932	0	
13.9656	-32.8618	283.068	0	
184.118	-14.761	187.692	0	
227.701	-6.85826	242.319	0	
133.014	-34.6533	183.264	0	
-106.794	-33.2356	1178.42	0	
31.6706	-30.6463	97.9429	0	
-72.173	-34.0637	560.399	0	
-67.7476	-39.8274	671.456	0	
-22.5359	-47.4922	535.844	0	
127.182	-26.4913	197.852	0	
24.077	-34.0637	160.999	0	
28.5024	-39.8274	111.194	0	
-113.39	-24.9987	1085.29	0	
-108.048	-28.3672	1126.09	0	
106.947	-24.7538	189.426	0	
92.4297	-27.5266	251.762	0	
-218.447	-3.35033	244.13	0	
-175.995	-19.4449	397.253	0	
191.912	-9.23189	245.85	0	
201.219	-12.4705	237.626	0	
54.1181	-18.9378	27.5522	0	
69.7905	-24.963	108.548	0	
-42.1319	-18.9378	575.077	0	
-26.4595	-24.963	611.779	0	
-192.319	-8.83173	250.564	0	
-201.547	-5.11861	247.891	0	
72.1435	-30.9545	30.9946	0	
128.068	-30.7205	207.539	0	
42.4557	-33.5404	44.7283	0	
78.143	-29.5111	185.862	0	
-62.1344	-37.3795	333.074	0	
-0.525287	-27.7753	320.851	0	
84.4836	-32.7829	175.115	0	
208.989	-20.8084	226.348	0	
-28.0097	-38.1045	589.204	0	
123.686	-35.5846	199.703	0	
-53.7943	-33.5404	244.826	0	
-35.3322	-36.6738	457.006	0	
100.921	-29.485	182.532	0	
161.838	-60.3262	152.976	0	
118.807	-29.1208	200.551	0	
116.094	-38.0682	201.661	0	
115.315	-25.5586	193.182	0	
112.121	-35.7127	191.574	0	
60.9178	-36.6738	6.10787	0	
119.433	-33.9202	204.191	0	
120.859	-47.2293	192.554	0	
-183.583	-23.2797	524.894	0	
-95.5796	-32.8724	1068.53	0	
-114.065	-35.7792	1195.84	0	
68.2403	-38.1045	109.088	0	
32.7098	-63.156	190.746	0	
9.60751	-38.8404	389.857	0	
-225.327	-7.3709	243.559	0	
-187.923	-11.9402	278.883	0	
170.297	-36.5037	141.564	0	
163.474	-19.8544	200.243	0	
-196.34	-11.9773	254.434	0	
-194.679	-18.9528	271.359	0	
73.7994	-47.6214	109.809	0	
207.712	-10.3255	243.295	0	
204.86	-2.4629	254.383	0	
-212.356	-6.14227	246.232	0	
129.252	-50.7796	184.045	0	
133.997	-47.3484	195.266	0	
213.211	-14.7209	233.038	0	
215.594	-2.82136	245.798	0	
-220.733	-37.1938	215.323	0	
103.164	-47.8011	226.603	0	
189.04	-35.7251	125.499	0	
199.849	-18.9164	189.217	0	
169.619	-18.8059	159.211	0	
139.422	-30.3106	215.822	0	
-55.5317	-23.7287	296.541	0	
-37.3685	-24.4061	425.137	0	
-56.8093	-39.2794	574.19	0	
-45.742	-28.3975	297.047	0	
-52.3145	-47.6453	474.057	0	
-39.2206	-29.0001	496.889	0	
-47.9803	-33.9094	486.133	0	
-43.191	-47.72	569.606	0	
40.7183	-23.7287	60.6245	0	
58.8815	-24.4061	16.6343	0	
39.4407	-39.2794	27.5228	0	
50.508	-28.3975	16.4396	0	
43.9355	-47.6453	51.0351	0	
57.0294	-29.0001	8.79626	0	
48.2697	-33.9094	7.17181	0	
53.059	-47.72	10.4681	0	
146.739	-35.2634	184.057	0	
141.083	-48.4033	160.469	0	
-171.12	-37.8728	896.736	0	
-73.0349	-48.8114	802.157	0	
-12.6794	-31.8279	456.229	0	
-7.11451	-38.7862	474.325	0	
-126.706	-35.6751	1210.12	0	
-120.757	-31.7185	1199.92	0	
-116.584	-45.0329	1220.02	0	
-102.338	-25.7597	1066.83	0	
-126.333	-45.697	1206.72	0	
-90.3084	-40.7522	1017.65	0	
-232.636	-4.02057	247.65	0	
-213.24	-13.2876	239.126	0	
-83.0809	-48.9441	902.42	0	
112.882	-53.996	187.861	0	
-41.8717	-39.7232	427.055	0	
-36.3206	-55.0703	589.538	0	
-51.4248	-68.4389	695.75	0	
9.79367	-57.9625	436.386	0	
54.3783	-39.7232	28.3598	0	
92.7142	-53.006	186.615	0	
154.638	-31.4481	177.853	0	
162.265	-25.6367	170.614	0	
146.844	-43.5002	184.425	0	
174.146	-25.0927	166.181	0	
-10.5586	-47.7958	617.008	0	
26.2122	-47.5873	182.07	0	
-99.9985	-36.0407	1098.92	0	
-96.6648	-27.4598	1030.29	0	
-98.8599	-43.4908	1143.45	0	
-80.4857	-35.5349	852.375	0	
-163.404	-50.9608	874.421	0	
-107.716	-63.4503	1135.81	0	
-90.5028	-35.2672	983.241	0	
-94.2465	-45.8076	1023.56	0	
155.531	-25.6086	215.173	0	
162.53	-38.6767	169.883	0	
145.406	-55.4476	176.059	0	
154.317	-46.2331	161.608	0	
-213.385	-66.8866	320.752	0	
-68.9458	-57.4799	778.195	0	
-90.1982	-53.4761	1034	0	
-83.9074	-41.2679	919.129	0	
162.103	-45.2249	147.619	0	
179.505	-41.8783	172.575	0	
-26.1557	-55.5594	653.217	0	
139.16	-65.0425	170.827	0	
197.836	-37.8736	186.406	0	
182.569	-22.1973	136.074	0	
84.0431	-43.7432	248.199	0	
105.034	-36.7207	190.219	0	
152.77	-54.4151	158.346	0	
130.092	-61.4294	193.162	0	
118.312	-65.1624	191.866	0	
75.0509	-68.8235	176.875	0	
146.414	-81.4576	186.728	0	
-56.4852	-56.245	744.992	0	
36.3201	-53.5053	60.559	0	
64.865	-77.0726	211.921	0	
112.416	-78.8413	247.47	0	
59.9585	-55.1042	100.694	0	
70.2087	-55.7224	150.103	0	
190.375	-24.8482	179.831	0	
208.311	-28.8887	181.943	0	
178.328	-52.8869	144.498	0	
191.284	-60.8463	188.043	0	
-88.1029	-75.4263	956.06	0	
201.257	-51.9863	169.874	0	
232.766	-30.613	212.004	0	
-94.3526	-64.6703	1024.85	0	
-21.2176	-68.4889	564.402	0	
-136.235	-54.5345	1106.58	0	
-75.0762	-70.6121	841.845	0	
-135.57	-69.1305	1040.5	0	
17.1658	-67.2349	226.54	0	
-40.3839	-67.1895	670.635	0	
-31.1675	-76.4316	632.587	0	
-40.0545	-114.942	502.031	0	
12.3999	-80.9419	356.549	0	
-62.4004	-77.8089	819.297	0	
87.3127	-69.9851	259.974	0	
42.2377	-72.0126	121.116	0	
55.7444	-67.659	131.28	0	
40.1802	-103.505	268.494	0	
95.4064	-81.6752	219.859	0	
28.0081	-85.7304	248.463	0	
122.096	-92.0535	212.353	0	
161.728	-77.7738	184.532	0	
-193.993	-43.518	379.81	0	
15.2296	-47.9657	283.261	0	
-2.66107	-58.4408	447.134	0	
-9.7003	-71.0667	528.1	0	
-2.01149	-84.2955	361.901	0	
-119.078	-74.1502	950.671	0	
-32.1741	-91.5468	529.213	0	
-46.1975	-98.0428	673.801	0	
174.139	-96.1654	206.629	0	
-93.5477	-95.5998	773.767	0	
177.439	-132.495	264.641	0	
-14.5355	-96.8328	501.411	0	
214.807	-50.7788	186.471	0	
227.722	-62.6715	206.915	0	
-226.174	-52.2763	309.681	0	
140.1	-95.1239	217.058	0	
65.7718	-108.2	306.998	0	
71.1759	-93.9508	236.423	0	
-196.369	-62.35	445.025	0	
-111.16	-95.5437	902.395	0	
-0.0955761	-124.944	363.834	0	
140.341	-120.541	258.464	0	
149.26	-111.77	232.318	0	
224.915	-82.6931	211.33	0	
-149.645	-83.0905	761.753	0	
-181.387	-78.8859	485.332	0	
-223.27	-87.3322	376.155	0	
206.301	-97.3985	222.491	0	
-122.3	-109.469	626.867	0	
89.4554	-97.3917	295.894	0	
115.761	-106.486	271.651	0	
94.5914	-125.39	313.692	0	
100.129	-108.99	243.365	0	
-212.53	-108.31	310.825	0	
-187.663	-104.4	496.143	0	
-61.1884	-90.7965	672.531	0	
-17.3938	-112.921	480.601	0	
118.793	-131.494	292.846	0	
78.5133	-128.04	272.018	0	
145.868	-135.276	259.321	0	
29.3462	-123.276	346.856	0	
-50.7969	-127.592	613.973	0	
124.844	-118.328	248.779	0	
104.171	-136.052	264.734	0	
164.24	-142.504	259.457	0	
167.986	-116.495	241.674	0	
100.66	-156.977	303.61	0	
131.518	-141.125	263.882	0	
68.4008	-148.446	332.686	0	
208.027	-119.4	259.403	0	
190.911	-84.7228	195.399	0	
-79.309	-103.773	741.955	0	
-75.0605	-123.67	678.761	0	
-150.767	-144.01	507.506	0	
-166.751	-116.842	480.276	0	
-117.627	-141.298	610.701	0	
196.992	-135.207	263.713	0	
-237.04	-135.177	389.929	0	
210.321	-157.735	275.427	0	
231.512	-122.086	260.462	0	
233.724	-149.676	285.762	0	
-94.1678	-149.074	525.918	0	
44.8253	-148.377	300.299	0	
