# File: UnstructuredGrid_Inversion_L0_Coarse_Iter03.dat
# (No specific header documentation)

-161.25	-0.496475	149.829	0	
-159.375	-0.668155	281.492	0	
-65.625	-0.431516	219.259	0	
30.625	-0.431516	265.922	0	
-144.294	-102.036	703.438	0	
126.875	-0.668155	238.678	0	
31.875	-0.668155	241.128	0	
-165.826	-72.3824	822.986	0	
-64.375	-0.668155	210.486	0	
-120.32	-2.91409	183.953	0	
-147.888	-47.073	1156.9	0	
-143.958	-2.01633	207.124	0	
-158.741	-19.8395	840.212	0	
-159.808	-14.2913	592.359	0	
-115.104	-1.86538	203.741	0	
-108.175	-49.9394	1147.29	0	
-66.354	-1.86538	191.413	0	
-138.854	-1.86538	229.699	0	
-156.794	-6.05848	239.661	0	
-148.75	-1.09967	202.783	0	
-145.208	-2.72654	199.709	0	
-146.458	-2.01633	205.95	0	
-125.881	-3.06027	192.117	0	
-154.094	-4.85908	186.351	0	
-157.708	-2.01633	252.202	0	
-151.071	-10.8319	406.112	0	
-154.792	-2.72654	197.702	0	
-158.77	-3.86216	219.311	0	
125.625	-0.431516	242.339	0	
-24.0702	-2.91409	207.801	0	
-157.76	-5.35468	229.289	0	
-46.4583	-2.01633	195.261	0	
-157.292	-2.72654	209.386	0	
-160.13	-11.9534	479.585	0	
-18.854	-1.86538	245.538	0	
-151.295	-2.8545	200.785	0	
29.896	-1.86538	209.29	0	
-42.604	-1.86538	204.055	0	
-169.22	-2.04966	336.089	0	
-53.75	-1.09967	182.33	0	
-165.6	-1.76839	318.123	0	
-167.3	-0.925681	293.69	0	
-62.2917	-2.72654	206.774	0	
-171.389	-5.89642	335.362	0	
-61.0417	-3.47328	216.182	0	
-164.269	-10.8597	429.18	0	
-59.7917	-2.72654	207.903	0	
-68.125	-0.36089	229.599	0	
-65.5207	-2.1669	202.739	0	
-87.5	-1.09967	183.02	0	
-158.125	-0.431516	274.36	0	
-156.875	-0.668155	337.475	0	
-80.5207	-2.1669	201.436	0	
-157.5	-1.09967	180.608	0	
-70.625	-0.431516	229.893	0	
79.375	-0.668155	255.726	0	
-154.375	-0.668155	330.061	0	
55.625	-0.668155	210.15	0	
-153.125	-0.431516	277.392	0	
-150.625	-0.366631	261.504	0	
38.5417	-2.01633	212.108	0	
-153.75	-1.09967	224.564	0	
49.7917	-2.01633	195.792	0	
-155.625	-0.431516	280.037	0	
72.1798	-2.91409	199.896	0	
-162.583	-1.33918	222.517	0	
-60	-1.09967	153.766	0	
-149.375	-0.431516	265.966	0	
-155	-1.09967	134.145	0	
31.0415	-5.36053	191.33	0	
-148.125	-0.668155	263.38	0	
31.0341	-3.06466	184.031	0	
-146.875	-0.431516	263.055	0	
-147.5	-1.09967	136.932	0	
36.875	-0.668155	248.463	0	
32.7083	-2.01633	223.745	0	
-144.375	-0.431516	258.373	0	
28.125	-0.36089	245.317	0	
-137.5	-1.09967	186.762	0	
-139.375	-0.366631	270.036	0	
25.625	-0.431516	246.652	0	
-143.125	-0.668155	262.909	0	
33.75	-1.09967	225.758	0	
-143.75	-1.09967	224.406	0	
34.375	-0.668155	246.499	0	
8.75	-1.09967	189.798	0	
-136.875	-0.668155	256.673	0	
183.782	-3.55475	266.564	0	
-135.625	-0.431516	272.506	0	
-135	-0.798148	167.023	0	
135.922	-2.00504	199.36	0	
-136.25	-1.09967	214.667	0	
149.65	-2.73747	199.38	0	
131.936	-4.3008	191.066	0	
-131.25	-0.798148	257.396	0	
129.003	-2.80091	212.65	0	
-122.604	-1.86538	202.045	0	
-128.75	-1.09967	217.284	0	
129.375	-0.668155	229.092	0	
-130.625	-0.431516	271.273	0	
133.125	-0.668155	245.713	0	
-130	-1.09967	206.958	0	
141.875	-0.668155	254.519	0	
-138.125	-0.431516	270.109	0	
15.7293	-2.1669	201.53	0	
128.75	-1.09967	221.26	0	
-121.25	-1.09967	178.459	0	
120.625	-0.431516	232.603	0	
-121.875	-0.431516	241.174	0	
-120.625	-0.668155	263.443	0	
110.744	-2.06993	200.79	0	
-123.125	-0.366631	267.846	0	
123.125	-0.36089	234.772	0	
-116.875	-0.36089	245.304	0	
-120	-1.09967	147.975	0	
-133.661	-2.93321	197.185	0	
-115.625	-0.366631	261.415	0	
-114.375	-0.431516	246.657	0	
-127.5	-0.798148	171.291	0	
-113.75	-1.09967	178.726	0	
-119.375	-0.431516	252.898	0	
-115	-0.798148	190.685	0	
100.625	-0.431516	239.156	0	
-93.125	-0.668155	220.848	0	
-112.5	-1.09967	169.94	0	
-103.125	-0.668155	258.096	0	
-111.25	-0.798148	249.107	0	
-103.75	-1.09967	206.12	0	
-114.271	-2.1669	194.576	0	
-111.875	-0.431516	240.558	0	
-110.328	-2.00504	215.605	0	
-111.994	-2.06993	209.335	0	
-108.125	-0.431516	248.373	0	
-141.875	-0.431516	263.222	0	
-104.375	-0.431516	229.774	0	
-95.104	-1.86538	192.783	0	
-142.5	-1.09967	158.347	0	
-105.625	-0.366631	259.874	0	
-110.625	-0.366631	249.764	0	
-108.75	-1.09967	226.686	0	
-109.375	-0.668155	224.59	0	
-113.125	-0.668155	266.417	0	
-104.405	-3.52006	179.187	0	
-128.125	-0.431516	272.653	0	
127.708	-2.01633	220.606	0	
-102.5	-1.09967	185.339	0	
43.125	-0.668155	228.025	0	
-129.375	-0.668155	239.338	0	
-101.875	-0.431516	236.667	0	
-133.125	-0.668155	275.687	0	
-99.375	-0.668155	204.711	0	
-101.25	-0.798148	237.774	0	
-90.9973	-2.80091	201.323	0	
-134.375	-0.366631	266.017	0	
-95.625	-0.366631	237.44	0	
-150.089	-1.76841	216.382	0	
-73.854	-1.86538	194.71	0	
-92.5	-1.09967	151.42	0	
-148.968	-2.99641	167.821	0	
-94.375	-0.431516	213.516	0	
-151.875	-0.668155	288.599	0	
-93.75	-1.09967	180.26	0	
-135.744	-2.06993	200.954	0	
-149.256	-2.06993	200.476	0	
-88.75	-0.798148	219.285	0	
-147.292	-2.01633	217.898	0	
-81.354	-1.86538	195.343	0	
-86.25	-1.09967	202.859	0	
-146.25	-1.09967	216.316	0	
-88.125	-0.431516	223.141	0	
-145.625	-0.668155	270.226	0	
-156.042	-2.01633	218.109	0	
-81.875	-0.366631	226.276	0	
-150	-0.798148	179.891	0	
-79.375	-0.668155	221.555	0	
-73.75	-0.798148	217.359	0	
-153.542	-2.01633	215.51	0	
-80.625	-0.431516	227.772	0	
-155.208	-2.01633	245.865	0	
-85.625	-0.431516	223.329	0	
-156.25	-1.09967	210.842	0	
-91.875	-0.431516	222.474	0	
-138.75	-0.798148	244.562	0	
-158.75	-1.09967	210.459	0	
-72.5	-1.09967	177.291	0	
-20.625	-0.36089	280.688	0	
-73.125	-0.431516	229.886	0	
-71.875	-0.668155	217.37	0	
-23.125	-0.431516	287.293	0	
-74.375	-0.366631	225.139	0	
-158.542	-2.01633	220.015	0	
-31.25	-0.798148	246.468	0	
-71.25	-1.09967	200.627	0	
3.125	-0.668155	222.933	0	
-66.875	-0.366631	219.166	0	
30.7293	-2.1669	205.339	0	
-14.0777	-2.00504	223.7	0	
-65	-1.09967	176.191	0	
-8.15454	-3.52006	205.195	0	
-66.25	-0.798148	216.173	0	
-37.4111	-2.93321	185.222	0	
-18.0207	-2.1669	216.178	0	
-63.125	-0.431516	217.746	0	
-15.7444	-2.06993	210.823	0	
-60.625	-0.431516	212.535	0	
-59.375	-0.668155	205.32	0	
-14.375	-0.366631	286.476	0	
-61.875	-0.668155	204.279	0	
-13.125	-0.668155	307.042	0	
-46.875	-0.431516	220.902	0	
-58.125	-0.431516	207.831	0	
-33.125	-0.668155	220.55	0	
-54.375	-0.431516	207.13	0	
-53.125	-0.668155	186.176	0	
-41.7707	-2.1669	199.951	0	
-55.625	-0.366631	204.696	0	
-41.4106	-3.16569	177.593	0	
-58.75	-1.09967	179.965	0	
-44.375	-0.36089	218.569	0	
-62.5	-1.09967	158.485	0	
-6.875	-0.668155	231.027	0	
-78.75	-1.09967	196.171	0	
-152.5	-1.09967	142.335	0	
-39.4944	-2.06993	204.517	0	
-51.875	-0.431516	203.769	0	
-56.875	-0.668155	203.211	0	
-49.375	-0.431516	203.79	0	
-48.125	-0.668155	177.561	0	
-55.0889	-1.76841	187.218	0	
-48.75	-1.09967	188.113	0	
-38.125	-0.366631	235.097	0	
-42.5	-0.798148	188.674	0	
-41.25	-1.09967	201.861	0	
-50.625	-0.668155	180.665	0	
-41.875	-0.431516	256.105	0	
-40.625	-0.668155	199.116	0	
-52.2917	-2.01633	198.553	0	
-43.125	-0.366631	197.148	0	
-54.2556	-2.06993	185.788	0	
-47.5	-1.09967	176.188	0	
-53.9679	-2.99641	185.03	0	
-61.25	-1.09967	179.774	0	
-39.375	-0.431516	256.966	0	
-62.7083	-2.01633	206.465	0	
-33.75	-1.09967	210.501	0	
-35	-0.798148	166.914	0	
-55	-0.798148	161.144	0	
-38.75	-0.798148	234.034	0	
-61.0417	-2.01633	194.919	0	
-57.5	-1.09967	145.504	0	
-26.354	-1.86538	227.491	0	
-63.5417	-2.01633	197.027	0	
-31.875	-0.431516	271.26	0	
-25	-1.09967	156.597	0	
-69.375	-0.668155	206.67	0	
-32.5	-1.09967	213.323	0	
-63.75	-1.09967	185.024	0	
-34.375	-0.431516	291.362	0	
-58.5417	-2.01633	189.523	0	
-40	-1.09967	223.094	0	
-51.25	-1.09967	183.275	0	
-73.0207	-2.1669	202.004	0	
-25.625	-0.431516	284.668	0	
-71.0417	-2.01633	196.361	0	
-18.75	-0.798148	258.868	0	
-23.75	-1.09967	222.988	0	
-70	-1.09967	165.073	0	
-24.375	-0.668155	305.488	0	
-67.5054	-1.48403	207.734	0	
-78.125	-0.431516	233.67	0	
-19.375	-0.366631	321.136	0	
-80	-1.09967	171.402	0	
-16.875	-0.668155	304.339	0	
-16.25	-1.09967	205.223	0	
93.5212	-2.84299	207.983	0	
-18.125	-0.431516	305.213	0	
-91.4583	-2.01633	192.258	0	
-17.5	-1.09967	171.904	0	
-75.625	-0.36089	233.65	0	
82.5446	-2.8545	204.936	0	
-15	-0.798148	173.78	0	
101.503	-2.80091	203.997	0	
-12.5	-1.09967	153.916	0	
-11.875	-0.431516	289.158	0	
83.125	-0.668155	244.721	0	
-7.5	-1.09967	230.949	0	
89.375	-0.668155	254.579	0	
81.875	-0.366631	260.967	0	
-8.125	-0.431516	285.629	0	
73.125	-0.431516	256.496	0	
-6.25	-1.09967	233.713	0	
-5.625	-0.431516	278.299	0	
66.6193	-3.06027	199.416	0	
1.14595	-1.86538	203.382	0	
75.625	-0.36089	251.644	0	
-9.375	-0.366631	277.658	0	
80.5056	-2.06993	217.037	0	
-15.625	-0.431516	309.695	0	
99.375	-0.668155	224.903	0	
-26.875	-0.366631	307.31	0	
-67.5	-0.727521	191.542	0	
-52.5	-1.09967	158.698	0	
-36.875	-0.668155	277.485	0	
-137.661	-3.16569	177.759	0	
-5	-0.798148	165.754	0	
-3.125	-0.668155	259.576	0	
63.125	-0.668155	236.812	0	
2.5	-1.09967	169.32	0	
0.625	-0.366631	251.452	0	
58.4223	-2.00504	193.491	0	
59.375	-0.668155	200.762	0	
1.875	-0.431516	242.846	0	
58.125	-0.366631	221.149	0	
3.75	-1.09967	198.38	0	
4.375	-0.431516	239.16	0	
51.875	-0.36089	208.934	0	
22.396	-1.86538	206.047	0	
56.7556	-2.06993	188.444	0	
7.5	-0.798148	176.217	0	
65.9223	-2.00504	194.178	0	
42.2821	-2.99641	193.971	0	
8.125	-0.431516	211.617	0	
41.9944	-2.06993	208.635	0	
10	-1.09967	160.843	0	
10.625	-0.431516	229.109	0	
45.625	-0.668155	205.794	0	
14.896	-1.86538	200.266	0	
53.75	-0.798148	211.643	0	
45	-1.09967	173.434	0	
15.625	-0.431516	239.726	0	
41.1611	-1.76841	215.309	0	
22.5	-0.798148	182.938	0	
17.5	-1.09967	161.227	0	
33.5417	-2.01633	212.349	0	
16.875	-0.668155	212.981	0	
39.375	-0.668155	243.66	0	
14.375	-0.366631	217.596	0	
43.9583	-2.01633	204.968	0	
23.75	-1.09967	186.024	0	
49.375	-0.431516	212.679	0	
37.7083	-2.01633	227.659	0	
21.875	-0.366631	212.225	0	
35	-1.09967	160.168	0	
24.375	-0.668155	217.273	0	
30	-0.798148	186.62	0	
35.2083	-2.01633	230.015	0	
23.125	-0.431516	255.716	0	
38.75	-1.09967	216.383	0	
28.7446	-1.48403	221.405	0	
31.25	-1.09967	185.641	0	
28.75	-0.727521	261.531	0	
125.729	-2.1669	198.854	0	
32.5	-1.09967	156.487	0	
25.2083	-2.01633	219.835	0	
29.375	-0.366631	230.587	0	
23.2293	-2.1669	207.976	0	
25	-1.09967	172.999	0	
26.875	-0.668155	221.391	0	
20.625	-0.36089	229.704	0	
36.25	-1.09967	214.352	0	
4.79167	-2.01633	216.637	0	
42.5	-1.09967	192.639	0	
37.5	-1.09967	157.247	0	
16.25	-1.09967	177.219	0	
35.625	-0.431516	255.445	0	
18.125	-0.431516	232.36	0	
151.875	-0.431516	255.131	0	
40.625	-0.366631	248.833	0	
149.375	-0.431516	250.35	0	
53.646	-1.86538	190.063	0	
43.75	-1.09967	201.143	0	
149.529	-1.8473	229.361	0	
41.875	-0.431516	241.786	0	
144.672	-2.00504	218.869	0	
38.125	-0.431516	252.643	0	
154.375	-0.36089	250.527	0	
33.125	-0.431516	254.111	0	
26.25	-1.09967	223.182	0	
44.375	-0.431516	241.301	0	
41.25	-0.798148	239.652	0	
143.006	-2.06993	208.18	0	
47.5	-1.09967	178.958	0	
138.75	-0.727521	271.137	0	
48.125	-0.668155	196.185	0	
48.75	-1.09967	198.838	0	
136.875	-0.668155	245.506	0	
46.875	-0.431516	223.055	0	
144.375	-0.366631	266.851	0	
140	-0.798148	197.07	0	
53.125	-0.366631	204.321	0	
135.625	-0.366631	258.42	0	
77.396	-1.86538	218.966	0	
56.25	-1.09967	178.455	0	
130.625	-0.366631	244.525	0	
54.375	-0.431516	197.751	0	
134.256	-2.06993	197.814	0	
55	-1.09967	167.501	0	
136.619	-3.06027	191.726	0	
121.875	-0.668155	223.063	0	
57.5	-0.798148	173.011	0	
61.25	-0.798148	233.699	0	
62.5	-1.09967	171.334	0	
61.875	-0.431516	216.098	0	
118.229	-2.1669	203.582	0	
56.875	-0.431516	207.706	0	
123.745	-1.48403	216.54	0	
120.208	-2.01633	220.681	0	
69.896	-1.86538	204.173	0	
115.625	-0.36089	223.548	0	
64.375	-0.431516	220.435	0	
71.25	-1.09967	183.87	0	
113.125	-0.431516	232.992	0	
63.75	-1.09967	176.555	0	
121.25	-1.09967	228.177	0	
69.375	-0.366631	225.535	0	
123.75	-0.727521	253.953	0	
91.25	-0.798148	257.411	0	
131.161	-1.76841	214.07	0	
106.875	-0.431516	230.996	0	
70.625	-0.431516	258.653	0	
-116.255	-1.48403	220.225	0	
77.5	-0.798148	194.558	0	
72.5	-1.09967	162.621	0	
-121.771	-2.1669	200.055	0	
71.875	-0.668155	236.713	0	
-118.125	-0.668155	265.196	0	
-119.792	-2.01633	221.192	0	
76.875	-0.366631	260.895	0	
-123.75	-0.727521	274.934	0	
124.896	-1.86538	201.358	0	
80	-1.09967	201.048	0	
-125.625	-0.668155	263.903	0	
78.125	-0.431516	260.76	0	
-118.75	-1.09967	212.024	0	
78.75	-1.09967	207.605	0	
-116.25	-0.727521	273.183	0	
-86.875	-0.668155	209.252	0	
81.25	-0.798148	252.656	0	
-90.625	-0.668155	227.038	0	
83.75	-1.09967	224.633	0	
84.375	-0.431516	258.883	0	
-92.2917	-2.01633	204.728	0	
88.75	-1.09967	198.902	0	
-98.9788	-2.84299	192.772	0	
-98.125	-0.431516	245.402	0	
88.125	-0.431516	244.282	0	
-109.955	-2.8545	203.488	0	
90	-1.09967	190.303	0	
90.625	-0.431516	232.977	0	
-95	-0.798148	188.953	0	
97.396	-1.86538	208.16	0	
-98.75	-1.09967	199.186	0	
86.875	-0.366631	256.542	0	
-91.25	-1.09967	187.202	0	
80.625	-0.431516	259.172	0	
-94.2707	-2.1669	191.681	0	
101.042	-2.01633	202.63	0	
145.625	-0.668155	266.514	0	
-100.625	-0.366631	243.127	0	
93.125	-0.668155	225.29	0	
-105.089	-1.76841	213.25	0	
96.875	-0.366631	236.541	0	
98.75	-1.09967	197.731	0	
-106.875	-0.668155	215.362	0	
-105	-0.798148	194.857	0	
117.396	-1.86538	204.62	0	
-107.5	-1.09967	184.196	0	
105	-1.09967	188.439	0	
103.75	-0.798148	226.796	0	
-111.161	-1.76841	219.04	0	
100	-1.09967	165.018	0	
-108.542	-2.01633	208.707	0	
98.125	-0.431516	241.437	0	
-113.909	-3.16789	173.451	0	
-140.625	-0.36089	309.753	0	
111.25	-1.09967	200.822	0	
-134.078	-2.00504	197.684	0	
109.375	-0.366631	229.539	0	
110.625	-0.431516	221.648	0	
-122.5	-0.798148	193.836	0	
106.25	-1.09967	212.805	0	
-140.005	-1.48403	245.001	0	
-126.875	-0.366631	244.569	0	
117.5	-0.798148	178.979	0	
-131.339	-1.76841	224.46	0	
118.75	-1.09967	188.476	0	
116.875	-0.366631	229.091	0	
-134.911	-1.76841	218.49	0	
112.5	-1.09967	164.327	0	
-131.875	-0.366631	265.704	0	
111.875	-0.668155	217.833	0	
-128.244	-2.06993	198.378	0	
104.375	-0.431516	237.813	0	
-110	-1.03479	218.402	0	
-151.25	-1.03479	222.735	0	
119.375	-0.668155	228.732	0	
-139.484	-2.19037	205.107	0	
120	-1.09967	173.778	0	
126.25	-1.09967	183.332	0	
-140	-0.727521	211.582	0	
125	-0.798148	169.616	0	
-150.922	-2.00504	207.155	0	
-144.792	-2.01633	228.132	0	
172.314	-2.47004	235.213	0	
-20.0054	-1.48403	257.176	0	
128.125	-0.431516	235.494	0	
132.5	-1.09967	186.601	0	
-25.5207	-2.1669	219.567	0	
127.5	-1.09967	159.688	0	
-21.875	-0.668155	288.629	0	
124.375	-0.366631	237.042	0	
-145	-1.09967	133.242	0	
-23.5417	-2.01633	211.045	0	
131.875	-0.431516	243.482	0	
-27.5	-0.727521	194.337	0	
133.75	-1.09967	208.216	0	
134.375	-0.431516	239.694	0	
-29.375	-0.668155	284.445	0	
139.896	-1.86538	221.542	0	
-22.5	-1.09967	134.939	0	
9.375	-0.668155	217.715	0	
141.25	-1.09967	205.209	0	
5.625	-0.668155	205.541	0	
140.625	-0.431516	261.515	0	
156.146	-1.86538	219.565	0	
3.95833	-2.01633	203.568	0	
139.375	-0.366631	261.589	0	
-2.72879	-2.84299	208.977	0	
135	-0.798148	178.108	0	
1.97929	-2.1669	211.704	0	
131.25	-0.798148	235.066	0	
-20	-0.727521	203.87	0	
118.125	-0.431516	238.627	0	
-133.75	-1.03479	208.058	0	
-1.875	-0.431516	232.538	0	
143.125	-0.431516	262.94	0	
-13.7054	-2.8545	215.354	0	
150	-1.09967	190.416	0	
146.25	-1.09967	182.64	0	
1.25	-0.798148	214.26	0	
143.75	-0.798148	254.166	0	
-2.5	-1.09967	174.242	0	
-4.375	-0.366631	242.867	0	
150.625	-0.668155	242.851	0	
-8.83895	-1.76841	232.008	0	
151.25	-1.09967	215.37	0	
157.5	-1.09967	236.065	0	
-17.6594	-3.16789	182.92	0	
156.25	-0.798148	198.896	0	
-10.625	-0.668155	306.66	0	
148.125	-0.366631	255.397	0	
-5.74439	-2.06993	203.354	0	
-12.2917	-2.01633	245.322	0	
156.875	-0.431516	213.634	0	
-14.9111	-1.76841	239.44	0	
158.958	-1.16463	214.027	0	
160	-0.496475	183.304	0	
-13.75	-1.03479	242.921	0	
158.125	-0.668155	159.097	0	
-11.25	-1.09967	227.611	0	
-43.7554	-1.48403	201.73	0	
159.338	-2.74918	188.856	0	
-26.25	-0.798148	247.802	0	
164.35	-1.76839	226.553	0	
166.05	-0.925681	227.456	0	
-31.9944	-2.06993	201.569	0	
155.521	-4.78762	202.04	0	
-37.8277	-2.00504	221.456	0	
161.333	-1.33918	201.09	0	
-45.625	-0.668155	190.177	0	
155.625	-0.366631	220.499	0	
-8.75	-0.798148	261.758	0	
-35.625	-0.366631	225.711	0	
174.762	-1.34606	250.568	0	
-38.6611	-1.76841	210.439	0	
177.527	-2.9619	259.447	0	
168.496	-7.04709	201.237	0	
-37.5	-1.03479	172.412	0	
166.796	-10.6094	197.719	0	
-35.0889	-1.76841	212.521	0	
-55.9223	-2.00504	177.484	0	
154.805	-6.09945	207.362	0	
-43.75	-0.727521	237.468	0	
119.775	-42.5718	253.873	0	
169.138	-29.3032	171.679	0	
-47.2917	-2.01633	197.58	0	
199.784	-4.78957	287.76	0	
-51.0417	-2.72654	209.15	0	
177.385	-6.05361	241.641	0	
-56.25	-1.03479	175.78	0	
-50	-1.09967	166.727	0	
-68.75	-1.02905	200.685	0	
-66.9845	-2.19037	200.857	0	
-49.7917	-2.01633	200.351	0	
28.7125	-3.24559	205.043	0	
-75.0054	-1.48403	210.875	0	
-79.0702	-2.91409	191.23	0	
-76.875	-0.668155	208.383	0	
-71.5702	-2.91409	193.082	0	
168.693	-54.0604	189.053	0	
-46.25	-1.09967	188.239	0	
167.97	-2.04966	226.728	0	
-30.625	-0.366631	257.563	0	
142.5	-1.09967	209.364	0	
5	-1.09967	159.871	0	
-75	-0.727521	195.44	0	
-101.994	-2.06993	207.408	0	
-78.5417	-2.01633	193.45	0	
65	-0.798148	173.175	0	
-77.5	-1.09967	160.131	0	
-82.5	-0.727521	198.972	0	
-84.375	-0.668155	205.096	0	
98.2293	-2.1669	206.926	0	
105.625	-0.668155	219.378	0	
92.1723	-2.00504	226.121	0	
101.875	-0.668155	225.04	0	
100.208	-2.01633	211.727	0	
101.25	-1.09967	203.094	0	
94.375	-0.431516	249.719	0	
93.75	-1.09967	195.27	0	
88.0955	-3.52006	195.578	0	
97.5	-0.798148	193.727	0	
90.5056	-2.06993	223.354	0	
91.875	-0.366631	244.226	0	
85.625	-0.668155	235.228	0	
87.4111	-1.76841	219.657	0	
82.1723	-2.00504	222.356	0	
87.5	-0.798148	180.292	0	
83.9583	-2.01633	214.383	0	
85	-1.09967	174.882	0	
81.3389	-1.76841	228.22	0	
82.5	-1.03479	201.854	0	
74.375	-0.668155	245.694	0	
76.2446	-1.48403	229.963	0	
70.7293	-2.1669	203.823	0	
76.25	-0.727521	275.627	0	
72.7083	-2.01633	219.502	0	
73.75	-1.09967	225.891	0	
68.75	-0.727521	254.182	0	
66.875	-0.668155	204.563	0	
58.8389	-2.93321	204.209	0	
70	-0.798148	178.262	0	
64.2556	-2.06993	189.932	0	
65.625	-0.366631	234.006	0	
60.625	-0.366631	225.573	0	
61.1611	-1.76841	203.805	0	
57.5889	-1.76841	199.35	0	
58.75	-1.03479	206.211	0	
50.625	-0.668155	186.69	0	
52.4946	-1.48403	201.04	0	
45.2083	-2.72654	209.649	0	
52.5	-0.727521	193.086	0	
48.9583	-2.01633	197.787	0	
50	-1.09967	182.984	0	
46.25	-1.09967	207.682	0	
46.4583	-2.01633	205.608	0	
40	-1.03479	188.204	0	
40.3277	-2.00504	218.751	0	
27.5	-1.02905	205.192	0	
29.2655	-2.19037	206.681	0	
24.6798	-2.91409	203.147	0	
121.042	-2.01633	206.039	0	
19.375	-0.668155	208.888	0	
21.2446	-1.48403	209.181	0	
17.1798	-2.91409	202.937	0	
21.25	-0.727521	245.045	0	
17.7083	-2.01633	222.26	0	
18.75	-1.09967	210.117	0	
13.75	-0.727521	240.765	0	
11.875	-0.668155	217.061	0	
153.125	-0.668155	210.839	0	
154.995	-1.48403	228.077	0	
145.155	-3.05088	201.494	0	
155	-0.727521	201.382	0	
151.458	-2.01633	213.03	0	
152.5	-1.09967	188.093	0	
146.875	-0.431516	277.476	0	
148.696	-1.54577	230.211	0	
147.758	-2.24637	195.887	0	
148.75	-0.798148	265.186	0	
143.839	-1.76841	236.576	0	
145	-1.03479	210.93	0	
138.125	-0.36089	243.893	0	
138.745	-1.48403	228.173	0	
135.089	-1.76841	218.549	0	
136.25	-1.03479	213.008	0	
130	-1.03479	200.207	0	
130.328	-2.00504	219.798	0	
122.5	-1.02905	201.703	0	
124.266	-2.19037	203.206	0	
119.68	-2.91409	201.011	0	
156.979	-2.1669	188.264	0	
114.375	-0.668155	228.217	0	
116.245	-1.48403	212.023	0	
112.163	-2.94281	197.859	0	
116.25	-0.727521	257.998	0	
112.708	-2.01633	210.239	0	
113.75	-1.09967	200.036	0	
108.125	-0.668155	217.153	0	
109.911	-1.76841	206.621	0	
-117.5	-1.02905	175.459	0	
-115.734	-2.19037	209.307	0	
-138.021	-2.1669	203.231	0	
-67.5375	-3.24559	196.582	0	
-124.375	-0.36089	244.815	0	
-123.755	-1.48403	219.264	0	
-88.0056	-2.06993	203.223	0	
-81.25	-0.798148	219.852	0	
-86.0417	-2.01633	189.791	0	
-85	-1.09967	164.437	0	
-89.375	-0.366631	215.044	0	
-88.8389	-1.76841	193.045	0	
-96.875	-0.36089	217.4	0	
-96.2554	-1.48403	211.901	0	
-95.7345	-2.19037	200.749	0	
-96.25	-0.727521	240.148	0	
-101.161	-1.76841	212.643	0	
-100	-1.03479	210.268	0	
-106.25	-1.03479	231.866	0	
-105.922	-2.00504	204.985	0	
-70.2083	-2.01633	205.125	0	
-100.328	-2.00504	205.448	0	
-141.25	-0.792406	223.62	0	
-140.814	-2.07688	187.916	0	
-153.54	-3.47677	193.409	0	
-123.787	-3.24559	197.105	0	
-127.411	-1.76841	217.15	0	
-126.25	-1.03479	206.253	0	
-132.5	-1.03479	177.458	0	
-132.172	-2.00504	223.233	0	
-118.958	-2.01633	201.096	0	
-126.578	-2.00504	193.773	0	
-202.353	-21.532	261.276	0	
-119.833	-3.79821	191.726	0	
-21.25	-1.02905	233.738	0	
-19.4845	-2.19037	214.562	0	
-27.5375	-3.24559	204.693	0	
5.25269	-2.80091	206.106	0	
-28.125	-0.36089	249.026	0	
-27.5054	-1.48403	233.109	0	
8.24439	-2.06993	199.059	0	
15	-0.798148	178.595	0	
10.2083	-2.01633	221.991	0	
11.25	-1.09967	190.684	0	
6.875	-0.366631	237.221	0	
7.41105	-1.76841	207.196	0	
-0.625	-0.36089	261.946	0	
-0.00541199	-1.48403	230.094	0	
0.51554	-2.19037	215.964	0	
0	-0.727521	194.4	0	
-4.91105	-1.76841	229.96	0	
-3.75	-1.03479	206.693	0	
-10	-1.03479	189.917	0	
-9.67228	-2.00504	251.154	0	
26.0417	-2.01633	210.332	0	
-4.07772	-2.00504	204.137	0	
-45	-1.02905	192.329	0	
-43.2345	-2.19037	194.13	0	
-50.2083	-2.72654	206.099	0	
-29.6307	-3.06027	182.23	0	
-31.1611	-1.76841	223.036	0	
-30	-1.03479	165.297	0	
-36.25	-1.03479	195.608	0	
-35.9223	-2.00504	189.002	0	
-22.7083	-2.01633	232.342	0	
-30.3277	-2.00504	210.852	0	
-60.2083	-2.01633	209.826	0	
-51.4583	-2.01633	185.497	0	
-68.3387	-1.78555	200.306	0	
-68.4751	-2.84652	187.291	0	
-76.25	-1.02905	208.293	0	
-74.4845	-2.19037	200.101	0	
-77.7083	-2.01633	202.503	0	
-105.61	-4.06799	181.838	0	
-83.125	-0.36089	230.319	0	
-82.5054	-1.48403	209.769	0	
104.494	-2.06993	208.171	0	
110	-0.798148	179.28	0	
106.458	-2.01633	202.248	0	
107.5	-1.09967	171.44	0	
103.125	-0.366631	231.42	0	
103.661	-1.76841	204.09	0	
95.625	-0.36089	236.756	0	
96.2446	-1.48403	222.997	0	
96.7655	-2.19037	211.253	0	
96.25	-0.727521	254.039	0	
91.3389	-1.76841	220.601	0	
92.5	-1.03479	203.537	0	
86.25	-1.03479	236.275	0	
86.5777	-2.00504	215.532	0	
78.2293	-2.1669	208.354	0	
78.5906	-3.16789	187.511	0	
75	-1.02905	191.527	0	
76.7655	-2.19037	215.903	0	
68.7125	-3.24559	211.564	0	
123.713	-3.24559	202.69	0	
68.125	-0.36089	228.815	0	
68.7446	-1.48403	212.511	0	
65.0889	-1.76841	203.612	0	
66.25	-1.03479	211.861	0	
60	-1.03479	201.852	0	
60.3277	-2.00504	205.319	0	
54.4793	-2.1669	201.257	0	
73.5417	-2.01633	208.714	0	
51.25	-1.02905	205.86	0	
53.0155	-2.19037	200.25	0	
40.4973	-3.78292	203.594	0	
54.8394	-3.16569	199.757	0	
39.0027	-2.80091	213.247	0	
44.7917	-2.01633	206.564	0	
27.9113	-1.78555	223.056	0	
27.7749	-2.84652	203.097	0	
20	-1.02905	192.973	0	
21.7655	-2.19037	208.121	0	
-9.36018	-4.06799	191.688	0	
18.5417	-2.01633	205.173	0	
13.125	-0.36089	222.362	0	
13.7446	-1.48403	202.638	0	
153.75	-1.02905	248.544	0	
155.516	-2.19037	199.428	0	
142.62	-3.22837	195.02	0	
144.069	-5.7607	160.98	0	
147.5	-0.798148	171.37	0	
146.771	-2.1669	221.569	0	
140.729	-2.1669	208.291	0	
150.746	-2.90651	198.222	0	
137.5	-1.02905	192.531	0	
139.266	-2.19037	213.163	0	
130.64	-4.06799	192.297	0	
141.177	-3.32534	179.49	0	
131.994	-2.06993	214.369	0	
129.955	-2.8545	209.236	0	
128.542	-2.01633	207.604	0	
127.18	-2.91409	197.951	0	
122.911	-1.78555	218.079	0	
122.775	-2.84652	201.261	0	
115	-1.02905	185.272	0	
116.766	-2.19037	209.777	0	
86.8898	-4.06799	189.549	0	
113.542	-2.01633	198.675	0	
108.75	-1.03479	204.964	0	
109.078	-2.00504	200.522	0	
-117.089	-1.78555	226.368	0	
-117.225	-2.84652	189.921	0	
-125	-1.02905	173.691	0	
-123.234	-2.19037	209.405	0	
-78.5826	-3.79821	195.161	0	
-143.899	-7.68728	342.131	0	
-90	-1.03479	172.112	0	
-89.6723	-2.00504	202.971	0	
-97.5	-0.792406	178.153	0	
-97.0644	-2.07688	190.95	0	
-116.287	-3.24559	194.524	0	
-108.125	-3.34884	200.54	0	
-104.256	-2.06993	193.984	0	
-112.466	-3.07092	172.443	0	
-107.708	-2.01633	213.338	0	
-116.633	-5.94785	210.461	0	
-141.434	-1.75189	222.223	0	
-142.267	-2.05915	210.71	0	
-130.506	-2.06993	212.527	0	
-141.756	-5.80291	195.869	0	
-140.354	-6.17065	176.746	0	
-130.457	-4.4054	180.659	0	
-20.8387	-1.78555	223.452	0	
-20.9751	-2.84652	203.041	0	
-28.75	-1.02905	197.655	0	
-26.9845	-2.19037	202.991	0	
-43.7875	-3.24559	206.684	0	
-46.3858	-5.74538	252.014	0	
6.25	-1.03479	200.401	0	
6.57772	-2.00504	199.293	0	
-1.25	-0.792406	230.56	0	
-0.814428	-2.07688	216.449	0	
-20.0375	-3.24559	200.766	0	
-11.875	-3.34884	198.243	0	
-8.00561	-2.06993	219.599	0	
-16.2164	-3.07092	180.189	0	
-11.4583	-2.01633	221.535	0	
-20.3828	-5.94785	215.905	0	
-44.5887	-1.78555	204.497	0	
-44.7251	-2.84652	184.695	0	
-34.2556	-2.06993	201.942	0	
-49.5151	-8.22246	306.055	0	
-44.2462	-5.42835	232.305	0	
-34.2075	-4.4054	203.778	0	
-75.0375	-3.24559	192.943	0	
25.1674	-3.79821	196.391	0	
-75.8387	-1.78555	199.818	0	
-75.9751	-2.84652	186.893	0	
-83.75	-1.02905	206.916	0	
-81.9845	-2.19037	198.603	0	
-90.0446	-2.8545	196.058	0	
-86.5873	-2.94281	192.994	0	
102.5	-1.03479	179.862	0	
102.828	-2.00504	207.395	0	
95	-0.792406	184.227	0	
95.4356	-2.07688	203.539	0	
76.2125	-3.24559	205.453	0	
84.375	-3.34884	199.607	0	
88.2444	-2.06993	195.889	0	
80.0336	-3.07092	189.496	0	
84.7917	-2.01633	222.527	0	
75.8672	-5.94785	202.188	0	
75.4113	-1.78555	227.265	0	
75.2749	-2.84652	203.141	0	
67.5	-1.02905	190.981	0	
69.2655	-2.19037	203.61	0	
52.4625	-3.24559	210.816	0	
49.8642	-5.74538	226.214	0	
61.9944	-2.06993	212.175	0	
46.7349	-8.22246	208.187	0	
52.0038	-5.42835	234.943	0	
62.0425	-4.4054	214.533	0	
51.6613	-1.78555	198.322	0	
51.5249	-2.84652	191.789	0	
21.2125	-3.24559	216.646	0	
107.75	-4.43486	200.514	0	
20.4113	-1.78555	223.45	0	
20.2749	-2.84652	205.362	0	
12.5	-1.02905	181.599	0	
14.2655	-2.19037	206.059	0	
6.20541	-2.8545	211.49	0	
9.66268	-2.94281	200.28	0	
154.161	-1.78555	209.204	0	
154.025	-2.84652	197.614	0	
152.292	-2.01633	210.416	0	
139.039	-4.35802	179.231	0	
137.911	-1.78555	223.864	0	
137.775	-2.84652	195.386	0	
116.213	-3.24559	207.332	0	
154.963	-3.24559	200.5	0	
115.411	-1.78555	220.589	0	
115.275	-2.84652	199.314	0	
107.292	-2.01633	216.081	0	
109.247	-3.78292	202.061	0	
-140.037	-3.24559	174.355	0	
-71.0826	-3.79821	201.032	0	
-124.589	-1.78555	224.856	0	
-124.725	-2.84652	185.246	0	
-92.8202	-2.91409	185.421	0	
-85.2083	-2.01633	199.493	0	
-97.684	-1.75189	209.257	0	
-98.5173	-2.05915	201.155	0	
-152.708	-2.01633	234.008	0	
-145.211	-4.15655	215.804	0	
-23.5826	-3.79821	191.178	0	
3.37811	-4.98343	208.173	0	
-28.3387	-1.78555	208.344	0	
-28.4751	-2.84652	188.795	0	
3.42981	-2.91409	205.202	0	
11.0417	-2.01633	200.021	0	
-1.43402	-1.75189	213.685	0	
-2.26735	-2.05915	231.436	0	
-48.9583	-3.47328	222.21	0	
-47.6197	-4.31165	231.828	0	
-88.4261	-3.92482	205.268	0	
-92.8719	-4.98343	204.69	0	
-83.3387	-1.78555	196.916	0	
-83.4751	-2.84652	183.544	0	
99.6798	-2.91409	198.846	0	
107.753	-2.80091	200.513	0	
94.816	-1.75189	217.044	0	
93.9827	-2.05915	212.616	0	
72.6674	-3.79821	199.749	0	
120.167	-3.79821	199.23	0	
67.9113	-1.78555	211.304	0	
67.7749	-2.84652	194.907	0	
47.2917	-3.47328	214.783	0	
50.1448	-3.88818	205.995	0	
17.6674	-3.79821	211.579	0	
-0.0374544	-3.24559	205.156	0	
12.9113	-1.78555	222.76	0	
12.7749	-2.84652	198.153	0	
148.483	-4.32001	181.541	0	
187.308	-1.93891	272.322	0	
147.862	-1.54577	247.303	0	
148.712	-3.13655	206.845	0	
133.929	-3.08731	192.031	0	
138.713	-3.24559	202.626	0	
90.6555	-3.51902	202.426	0	
102.455	-2.8545	201.625	0	
-152.829	-5.21478	204.675	0	
-131.801	-4.25718	194.421	0	
-122.157	-4.23242	189.83	0	
-96.2875	-3.24559	190.159	0	
-46.1052	-3.88818	207.966	0	
-35.5505	-4.25718	173.249	0	
-25.9071	-4.23242	212.831	0	
13.7125	-3.24559	214.808	0	
-100.639	-4.06622	176.84	0	
-82.5375	-3.24559	191.135	0	
48.6303	-4.31165	219.408	0	
96.2125	-3.24559	196.144	0	
60.6995	-4.25718	198.921	0	
70.3429	-4.23242	213.326	0	
-4.38926	-4.06622	191.084	0	
7.82395	-3.92482	210.323	0	
146.42	-3.14785	184.521	0	
147.178	-4.41078	185.849	0	
34.7917	-2.72654	210.109	0	
33.9583	-2.72654	219.387	0	
126.034	-3.06466	186.799	0	
126.041	-5.36183	189.001	0	
-147.837	-2.94281	186.22	0	
-142.682	-2.77243	191.591	0	
-160.208	-1.16463	122.029	0	
-201.338	-10.2031	268.147	0	
-153.958	-2.72654	215.665	0	
-152.247	-2.80091	187.48	0	
-156.042	-3.47328	206.2	0	
-156.458	-2.72654	226.817	0	
-52.8373	-2.94281	191.706	0	
-49.7917	-3.47328	221.279	0	
-58.9583	-2.72654	215.75	0	
-57.7083	-2.01633	207.487	0	
-56.2946	-2.8545	202.845	0	
-57.2473	-2.80091	191.632	0	
-65.2159	-3.06466	189.124	0	
-65.2085	-5.36053	228.135	0	
-72.7159	-3.06466	183.745	0	
-69.5113	-3.00667	191.368	0	
43.4127	-2.94281	198.665	0	
46.4583	-3.47328	218.517	0	
36.0417	-2.01633	214.38	0	
32.5816	-3.68836	202.15	0	
32.1798	-2.91409	197.689	0	
36.4583	-2.72654	219.166	0	
23.5341	-3.06466	193.369	0	
26.7387	-3.00667	206.211	0	
118.534	-3.06466	194.754	0	
121.739	-3.00667	207.536	0	
-121.466	-3.06466	175.682	0	
-118.261	-3.00667	198.504	0	
-93.9659	-3.06466	180.214	0	
-93.9594	-5.36183	216.18	0	
-109.003	-2.80091	203.659	0	
-107.247	-2.80091	201.691	0	
-146.042	-2.72654	214.16	0	
-147.44	-3.72538	193.333	0	
-25.2159	-3.06466	175.565	0	
-22.0113	-3.00667	189.889	0	
2.28409	-3.06466	200.223	0	
2.29056	-5.36183	203.233	0	
-12.7527	-2.80091	211.601	0	
-10.9973	-2.80091	229.794	0	
-48.9583	-2.01633	193.901	0	
-45.7613	-3.00667	196.196	0	
-52.44	-3.72538	217.171	0	
-48.5417	-2.72654	208.905	0	
-80.2159	-3.06466	179.335	0	
-77.0113	-3.00667	187.728	0	
98.5341	-3.06466	184.729	0	
98.5406	-5.36183	182.107	0	
83.4973	-2.80091	211.068	0	
85.2527	-2.80091	209.409	0	
71.0341	-3.06466	188.511	0	
74.2387	-3.00667	204.338	0	
47.2917	-2.01633	205.126	0	
50.4887	-3.00667	203.629	0	
43.81	-3.72538	206.793	0	
47.7083	-2.72654	207.909	0	
16.0341	-3.06466	201.008	0	
19.2387	-3.00667	216.174	0	
151.132	-3.93062	192.323	0	
152.989	-3.00667	203.25	0	
111.032	-2.99641	195.155	0	
114.239	-3.00667	203.781	0	
-87.7179	-2.99641	180.863	0	
-84.5113	-3.00667	183.655	0	
8.53206	-2.99641	211.492	0	
11.7387	-3.00667	215.891	0	
104.782	-2.99641	187.192	0	
102.997	-3.78292	196.242	0	
-143.54	-2.72962	209.497	0	
-140.951	-3.13784	189.16	0	
-99.9558	-2.85377	200.548	0	
-97.2008	-3.13784	192.687	0	
-3.70582	-2.85377	220.247	0	
-0.950756	-3.13784	214.886	0	
92.5442	-2.85377	211.083	0	
95.2992	-3.13784	202.352	0	
41.5739	-3.92482	197.133	0	
46.0417	-2.72654	210.213	0	
127.582	-3.68916	200.586	0	
132.502	-3.08731	189.104	0	
127.128	-4.98343	201.01	0	
128.572	-3.57598	206.218	0	
-152.662	-3.55114	202.756	0	
-152.231	-4.40508	192.314	0	
-159.148	-3.04538	182.625	0	
-165.564	-17.3854	574.796	0	
-154.373	-3.97501	204.58	0	
-150.753	-3.78292	178.335	0	
-160.293	-8.30276	354.232	0	
-155.208	-3.47328	210.774	0	
-158.057	-10.316	417.063	0	
-143.957	-3.47621	203.328	0	
-58.5398	-3.47677	213.482	0	
-57.2309	-4.40508	222.038	0	
-61.4583	-2.72654	215.287	0	
-57.6621	-3.55114	219.709	0	
-62.7232	-3.50081	211.519	0	
-55.7527	-3.78292	199.922	0	
-64.0702	-2.91409	198.539	0	
-63.6684	-3.68836	212.378	0	
-61.8899	-3.99904	231.613	0	
-60.2083	-3.47328	222.941	0	
-72.8478	-5.56717	218.519	0	
-69.264	-5.46522	227.493	0	
39.9554	-2.8545	205.755	0	
39.0191	-4.40508	206.841	0	
37.2917	-2.72654	208.589	0	
38.5879	-3.55114	211.261	0	
34.3601	-3.99904	212.245	0	
37.7102	-3.47677	213.857	0	
35.2083	-3.47328	217.063	0	
33.5268	-3.50081	207.697	0	
23.4022	-5.56717	190.694	0	
26.986	-5.46522	192.531	0	
118.402	-5.56717	194.098	0	
114.489	-5.47929	202.44	0	
-121.598	-5.56717	204.633	0	
-125.6	-5.31383	213.104	0	
-92.4178	-3.68916	204.73	0	
-89.5027	-3.78292	203.283	0	
-90.9952	-4.42757	217.669	0	
-86.1036	-3.83222	190.981	0	
-109.687	-5.39772	210.515	0	
-106.295	-2.8545	194.291	0	
-110.64	-4.06799	179.479	0	
-98.2818	-3.59669	203.846	0	
-146.478	-3.50911	202.987	0	
-141.985	-3.52613	191.819	0	
-25.3478	-5.56717	212.036	0	
-29.3495	-5.31383	225.328	0	
3.83223	-3.68916	208.172	0	
6.7473	-3.78292	213.165	0	
5.25478	-4.42757	212.56	0	
10.1464	-3.83222	217.956	0	
-13.4371	-5.39772	180.476	0	
-10.0446	-2.8545	206.971	0	
-14.3898	-4.06799	180.942	0	
-2.03178	-3.59669	208.29	0	
-51.4777	-3.50911	214.928	0	
-47.7083	-2.72654	209.032	0	
-51.0637	-4.19254	231.967	0	
-47.2189	-3.60804	206.57	0	
-80.3478	-5.56717	212.472	0	
-84.2613	-5.47929	221.54	0	
100.082	-3.68916	198.403	0	
112.646	-3.83222	199.887	0	
110.324	-3.92482	206.019	0	
107.317	-3.58364	205.196	0	
82.8129	-5.39772	187.693	0	
86.2054	-2.8545	207.395	0	
81.8602	-4.06799	187.057	0	
94.2182	-3.59669	200.524	0	
70.9022	-5.56717	214.212	0	
66.9005	-5.31383	225.67	0	
44.7723	-3.50911	209.01	0	
48.5417	-2.72654	206.597	0	
45.1863	-4.19254	219.007	0	
49.0311	-3.60804	211.942	0	
15.9022	-5.56717	205.187	0	
11.9887	-5.47929	204.531	0	
108.705	-2.8545	208.077	0	
101.072	-3.57598	203.794	0	
-91.4282	-3.57598	201.877	0	
-94.651	-4.21812	192.059	0	
4.82178	-3.57598	211.631	0	
1.59897	-4.21812	205.27	0	
105.913	-2.94281	201.141	0	
106.31	-3.72554	195.319	0	
97.849	-4.21812	195.189	0	
101.505	-4.42757	205.767	0	
-144.792	-3.47313	212.043	0	
-146.064	-4.19253	212.461	0	
-103.124	-4.43041	162.384	0	
-108.125	-4.73217	176.99	0	
-6.87403	-4.43041	165.499	0	
-11.875	-4.73217	183.631	0	
89.376	-4.43041	171.278	0	
84.375	-4.73217	186.167	0	
121.393	-3.89079	197.845	0	
143.936	-3.97268	185.066	0	
125.349	-4.21812	196.807	0	
129.043	-4.50658	198.19	0	
-154.834	-5.62943	215.526	0	
-149.676	-3.92482	181.384	0	
-156.465	-4.16242	223.818	0	
-88.4597	-6.17559	250.5	0	
-157.746	-3.54331	217.934	0	
-157.336	-4.23245	221.496	0	
-155.953	-5.20944	214.039	0	
-151.274	-4.58327	197.007	0	
-87.8931	-5.00841	217.526	0	
-54.6761	-3.92482	217.924	0	
-59.3731	-3.97501	231.965	0	
7.79028	-6.17559	206.835	0	
-65.9011	-4.21822	206.649	0	
-59.3047	-5.11624	219.085	0	
-64.1215	-4.98124	216.204	0	
-60.5387	-5.90518	259.808	0	
8.35687	-5.00841	216.564	0	
92.527	-5.11846	200.577	0	
30.3489	-4.21822	194.642	0	
32.1285	-4.98124	199.288	0	
36.0417	-3.47328	214.119	0	
34.378	-5.06466	200.379	0	
35.7113	-5.90518	210.269	0	
36.8769	-3.97501	211.614	0	
-101.844	-3.51902	185.612	0	
-99.973	-5.11846	223.29	0	
-145.501	-5.7656	239.32	0	
-69.8571	-3.89079	201.912	0	
-156.677	-7.51666	277.477	0	
-49.707	-5.1949	244.599	0	
-148.977	-5.20289	185.893	0	
-147.813	-5.59213	207.126	0	
-5.59449	-3.51902	215.262	0	
-3.72305	-5.11846	195.701	0	
-56.2742	-4.58327	233.928	0	
26.3929	-3.89079	197.381	0	
-39.9676	-3.06872	193.063	0	
46.543	-5.1949	225.37	0	
-53.9766	-5.20289	231.92	0	
-50.211	-4.15672	237.478	0	
-55.8234	-5.70833	241.663	0	
-48.5258	-4.17689	230.494	0	
-52.8132	-5.59213	257.474	0	
-47.2738	-5.38006	237.367	0	
91.8607	-4.06622	193.337	0	
105.879	-5.0575	197.738	0	
36.9453	-5.11624	199.689	0	
130.158	-4.945	197.12	0	
56.2824	-3.06872	200.247	0	
110.29	-6.17488	213.741	0	
42.2734	-5.20289	210.495	0	
46.039	-4.15672	220.456	0	
40.4266	-5.70833	212.407	0	
47.7242	-4.17689	223.678	0	
39.9758	-4.58327	205.681	0	
48.9762	-5.38006	230.651	0	
-90.0224	-4.58092	222.878	0	
-89.5124	-5.89001	237.338	0	
6.22758	-4.58092	212.433	0	
6.73765	-5.89001	211.579	0	
102.928	-5.70651	202.873	0	
107.848	-6.54104	195.695	0	
104.074	-3.92482	197.322	0	
104.773	-5.20318	191.855	0	
99.6281	-4.98343	203.691	0	
102.478	-4.58092	206.434	0	
-150.823	-5.70833	196.832	0	
-143.779	-5.33843	215.118	0	
76.6284	-4.52398	185.544	0	
144.244	-11.4317	207.941	0	
128.127	-5.50143	198.263	0	
128.872	-6.93342	197.767	0	
-158.777	-5.20944	253.662	0	
-143.448	-4.30353	202.609	0	
-161.732	-2.79975	169.728	0	
-207.299	-15.0218	269.047	0	
-182.365	-35.5359	455.893	0	
-79.1691	-5.28353	214.006	0	
-150.997	-8.59138	296.124	0	
-57.1302	-6.3947	275.001	0	
-61.872	-5.06466	216.341	0	
-58.0402	-5.47194	243.281	0	
-115.872	-4.52398	181.273	0	
17.0809	-5.28353	207.752	0	
-19.6216	-4.52398	185.347	0	
108.728	-4.58055	207.462	0	
38.2098	-5.47194	213.991	0	
43.4368	-5.59213	205.397	0	
-139.58	-4.60081	170.995	0	
-145.691	-7.03602	250.577	0	
-96.7489	-6.89898	241.369	0	
-97.1496	-5.26597	223.971	0	
-149.602	-6.18605	209.075	0	
-134.449	-4.25718	169.156	0	
-31.5017	-4.16217	191.046	0	
39.1198	-6.3947	205.865	0	
-0.498874	-6.89898	205.307	0	
-0.89962	-5.26597	195.208	0	
-70.5474	-6.44535	256.289	0	
-54.6024	-6.18605	268.262	0	
-52.4014	-4.79453	232.567	0	
-51.4417	-5.03664	242.804	0	
-52.0429	-7.10465	269.126	0	
-50.5017	-5.76581	259.073	0	
-54.1682	-7.76797	281.591	0	
-36.3389	-2.93321	205.173	0	
-48.8551	-5.21507	245.179	0	
-48.0926	-6.0103	263.289	0	
64.7483	-4.16217	207.471	0	
110.857	-5.00834	204.994	0	
95.7511	-6.89898	180.832	0	
95.3504	-5.26597	191.445	0	
25.7026	-6.44535	188.665	0	
41.6476	-6.18605	201.432	0	
43.8486	-4.79453	215.666	0	
44.8083	-5.03664	216.395	0	
44.2071	-7.10465	221.637	0	
45.7483	-5.76581	224.446	0	
42.0818	-7.76797	218.28	0	
59.9111	-2.93321	204.703	0	
47.3949	-5.21507	228.832	0	
48.1574	-6.0103	226.456	0	
-91.9104	-5.42242	231.225	0	
-90.925	-6.50437	263.957	0	
4.33964	-5.42242	206.695	0	
5.32497	-6.50437	211.933	0	
106.858	-5.46739	197.976	0	
109.237	-5.889	205.15	0	
45.559	-7.03622	213.733	0	
104.147	-6.18687	203.292	0	
100.59	-5.42242	201.068	0	
100.817	-6.41692	213.535	0	
-147.401	-4.79453	204.375	0	
-146.442	-5.03663	214.962	0	
-147.043	-7.10465	243.057	0	
-144.707	-5.19453	216.474	0	
-149.168	-7.76797	251.015	0	
-132.589	-2.93321	185.74	0	
-154.178	-7.28627	235.955	0	
-151.919	-6.13754	221.488	0	
-67.2642	-6.91889	276.485	0	
-50.691	-7.03622	277.184	0	
28.9858	-6.91889	199.201	0	
57.9209	-9.10125	179.897	0	
-165.569	-3.72058	261.609	0	
-124.19	-5.40086	214.507	0	
-65.8105	-6.63734	261.897	0	
-38.3291	-9.10125	386.513	0	
-59.0799	-8.70786	341.553	0	
-25.746	-9.39498	386.633	0	
-36.875	-5.27905	235.215	0	
-45.618	-4.95711	219.647	0	
30.4395	-6.63734	204.148	0	
104.619	-8.07335	196.895	0	
37.1701	-8.70786	212.854	0	
121.986	-5.46522	193.578	0	
59.375	-5.27905	220.685	0	
50.632	-4.95711	225.364	0	
-100.432	-7.15932	225.603	0	
-118.014	-5.46522	197.164	0	
-4.18243	-7.15932	191.401	0	
-21.764	-5.46522	208.215	0	
101.373	-10.8863	208.965	0	
97.6668	-7.08742	194.34	0	
74.486	-5.46522	200.854	0	
92.0676	-7.15932	185.382	0	
-142.782	-6.56075	205.159	0	
-142.334	-4.31064	185.76	0	
-152.527	-7.43868	234.2	0	
-121.996	-9.39498	365.68	0	
-136.218	-3.06872	171.047	0	
-128.568	-3.08143	175.256	0	
-38.1995	-4.25718	188.536	0	
-32.318	-3.08143	195.949	0	
58.0505	-4.25718	205.136	0	
63.932	-3.08143	194.558	0	
133.106	-6.04794	182.554	0	
130.428	-6.60412	191.785	0	
123.985	-6.91734	195.389	0	
150.848	-20.0464	213.523	0	
-155.18	-8.32445	300.964	0	
-52.0799	-10.5411	341.239	0	
-40.8588	-5.44334	218.174	0	
-43.3792	-4.50999	183.759	0	
55.3912	-5.44334	225.255	0	
52.8708	-4.50999	218.537	0	
-87.5848	-7.52916	293.982	0	
-84.8609	-3.89608	195.49	0	
8.66524	-7.52916	205.796	0	
11.3891	-3.89608	208.848	0	
120.703	-6.44535	193.185	0	
113.889	-3.89608	198.154	0	
-94.8332	-7.08742	252.01	0	
-127.752	-4.16217	190.984	0	
-136.015	-9.53859	306.917	0	
-118.607	-3.89079	185.939	0	
-44.375	-6.99919	274.835	0	
-22.3571	-3.89079	200.569	0	
-42.8302	-8.44515	295.216	0	
-40.8536	-7.44458	270.571	0	
51.875	-6.99919	229.695	0	
73.8929	-3.89079	199.94	0	
53.4198	-8.44515	222.666	0	
55.3964	-7.44458	252.585	0	
-45.8903	-7.18841	252.921	0	
-48.1439	-7.56208	268.488	0	
50.3597	-7.18841	235.176	0	
48.1061	-7.56208	223.267	0	
-141.655	-10.9683	588.79	0	
-134.129	-6.10622	215.192	0	
-52.772	-8.29733	322.756	0	
-46.8296	-8.37487	329.707	0	
43.478	-8.29733	189.551	0	
49.4204	-8.37487	201.152	0	
-164	-0.842706	230.032	0	
-160.19	-2.6252	209.095	0	
-171.26	-1.12398	312.374	0	
-163.118	-4.25546	287.738	0	
157.984	-3.31993	208.276	0	
162.75	-0.842706	211.258	0	
160.879	-2.92373	205.904	0	
162.233	-4.81544	213.118	0	
149.806	-4.94504	189.389	0	
157.495	-4.95032	188.657	0	
136.186	-4.14103	180.111	0	
140.456	-4.52612	192.231	0	
-73.4071	-4.23242	204.365	0	
-71.6691	-5.28353	211.624	0	
-80.4167	-10.3326	429.266	0	
-64.8646	-8.3096	308.403	0	
-77.3571	-3.89079	197.493	0	
-74.2262	-6.72899	288.084	0	
22.8429	-4.23242	204.884	0	
24.5809	-5.28353	201.19	0	
15.8333	-10.3326	190.628	0	
31.3854	-8.3096	213.931	0	
18.8929	-3.89079	210.881	0	
22.0238	-6.72899	196.216	0	
117.843	-4.23242	200.728	0	
119.581	-5.28353	198.387	0	
112.877	-7.50462	207.165	0	
125.437	-6.63718	202.676	0	
111.164	-7.52928	204.116	0	
117.03	-6.73778	200.297	0	
-120.419	-5.28353	196.754	0	
-119.297	-6.44535	235.328	0	
-147.08	-10.5411	386.141	0	
-106.019	-7.46803	239.297	0	
-144.559	-9.99967	407.873	0	
-147.772	-8.29733	302.367	0	
-24.1691	-5.28353	220.808	0	
-23.0474	-6.44535	254.785	0	
1.41684	-7.08742	189.669	0	
-9.76913	-7.46803	170.606	0	
-27.9404	-5.40086	243.186	0	
-23.5704	-9.08967	341.218	0	
-80.9071	-4.23242	202.897	0	
-78.0474	-6.44535	255.085	0	
-74.2388	-9.20929	366.089	0	
-76.764	-5.46522	218.7	0	
-81.7196	-6.73778	284.878	0	
-82.2148	-8.98906	379.554	0	
72.0809	-5.28353	212.164	0	
73.2026	-6.44535	210.952	0	
102.182	-6.54766	211.946	0	
86.4809	-7.46803	193.54	0	
68.3096	-5.40086	233.349	0	
93.8488	-8.33358	191.054	0	
15.3429	-4.23242	208.047	0	
18.2026	-6.44535	211.459	0	
22.0112	-9.20929	181.039	0	
19.486	-5.46522	199.264	0	
14.5304	-6.73778	206.544	0	
14.0352	-8.98906	175.344	0	
112.049	-4.96932	206.169	0	
113.194	-6.11121	203.487	0	
107.957	-10.0357	191.81	0	
114.373	-9.53907	208.721	0	
-86.7013	-4.9694	218.527	0	
-85.556	-6.11128	237.812	0	
-85.8729	-7.50385	299.885	0	
-84.3782	-9.53722	393.403	0	
9.54871	-4.9694	207.82	0	
10.694	-6.11128	220.416	0	
10.3771	-7.50385	192.744	0	
11.8718	-9.53722	185.841	0	
132.08	-7.47425	191.222	0	
134.746	-4.16808	180.52	0	
124.075	-4.31071	187.905	0	
123.313	-5.73457	195.191	0	
-67.1755	-4.31081	209.109	0	
-67.9367	-5.73467	228.119	0	
29.0745	-4.31081	183.763	0	
28.3133	-5.73467	190.703	0	
-95.9255	-4.31071	187.789	0	
-98.5926	-4.6597	181.88	0	
-103.786	-7.04865	220.396	0	
-106.563	-5.39772	205.079	0	
0.324502	-4.31071	208.215	0	
-2.3426	-4.6597	200.616	0	
-7.5359	-7.04865	189.052	0	
-10.3129	-5.39772	179.066	0	
96.5745	-4.31071	180.726	0	
93.9074	-4.6597	187.225	0	
88.7141	-7.04865	186.39	0	
103.633	-8.96714	212.62	0	
-62.0477	-8.8546	337.216	0	
34.2023	-8.8546	223.535	0	
-65.6604	-12.2385	408.756	0	
44.1701	-10.5411	194.568	0	
-43.9291	-11.1429	439.583	0	
106.762	-8.25621	199.042	0	
40.691	-8.79126	193.293	0	
126.259	-8.10539	199.009	0	
30.5896	-12.2385	238.368	0	
128.121	-8.37598	205.68	0	
98.349	-8.47005	197.508	0	
102.415	-7.9218	210.438	0	
-155.111	-10.7469	408.649	0	
-60.5733	-7.64358	281.181	0	
138.321	-5.52235	189.881	0	
152.541	-4.03078	183.262	0	
-138.552	-9.35636	374.517	0	
-137.06	-5.53416	192.899	0	
-129.996	-3.08143	184.442	0	
-129.047	-6.04201	217.337	0	
-33.7459	-3.08143	164.871	0	
-32.7973	-6.04201	233.456	0	
62.5041	-3.08143	183.558	0	
63.4527	-6.04201	221.209	0	
131.229	-11.2697	211.154	0	
151.99	-6.88415	200.523	0	
136.941	-5.40234	181.929	0	
141.133	-5.9764	182.677	0	
-74.6816	-4.325	208.286	0	
-75.4428	-5.74886	218.645	0	
21.5684	-4.325	195.158	0	
20.8072	-5.74886	206.769	0	
116.568	-4.325	196.175	0	
115.814	-5.75765	196.887	0	
-123.432	-4.325	187.532	0	
-126.314	-4.14101	178.451	0	
-115.576	-8.16642	306.378	0	
-113.246	-5.34905	198.095	0	
-27.1816	-4.325	188.236	0	
-30.0644	-4.14101	200.743	0	
-19.3257	-8.16642	281.859	0	
-16.996	-5.34905	183.174	0	
-82.1816	-4.325	204.709	0	
-82.9362	-5.75765	220.854	0	
69.0684	-4.325	206.587	0	
66.1856	-4.14101	211.755	0	
76.9243	-8.16642	205.514	0	
79.254	-5.34905	188.489	0	
14.0684	-4.325	203.903	0	
13.3138	-5.75765	211.098	0	
105.405	-12.0508	198.381	0	
116.536	-8.99008	188.999	0	
-93.9774	-8.66503	330.373	0	
-91.6041	-8.13534	329.982	0	
2.27255	-8.66503	184.906	0	
4.64589	-8.13534	180.67	0	
129.195	-10.2093	203.5	0	
146.046	-6.10183	179.596	0	
134.488	-5.91521	180.723	0	
135.867	-6.69788	187.6	0	
121.43	-8.68418	187.046	0	
123.385	-8.88682	198.967	0	
-69.8214	-8.68669	339.519	0	
-67.8655	-8.89079	313.244	0	
26.4286	-8.68669	191.933	0	
28.3845	-8.89079	207.197	0	
-66.1145	-9.89368	379.233	0	
-95.0051	-12.6851	523.938	0	
-55.559	-8.79126	333.72	0	
1.24494	-12.6851	146.206	0	
85.9371	-5.39772	189.074	0	
70.504	-9.39498	220.535	0	
99.9643	-7.8529	205.658	0	
101.084	-8.78437	216.166	0	
-119.82	-9.08967	352.306	0	
-122.652	-7.0343	258.973	0	
-127.769	-5.79877	205.591	0	
-125.499	-7.54635	283.998	0	
-48.3872	-12.3828	399.589	0	
-26.4019	-7.0343	301.536	0	
-31.5194	-5.79877	237.39	0	
-29.2492	-7.54635	325.141	0	
47.8628	-12.3828	127.658	0	
69.8481	-7.0343	229.177	0	
64.7306	-5.79877	231.533	0	
67.0008	-7.54635	220.942	0	
140.302	-7.00568	202.571	0	
142.7	-6.86574	193.544	0	
125.012	-9.68556	206.641	0	
195.519	-2.32667	280.28	0	
-98.6512	-8.33358	330.597	0	
35.6767	-7.64358	216.683	0	
-2.40124	-8.33358	165.428	0	
103.223	-11.1651	212.127	0	
72.6796	-9.08967	225.523	0	
95.07	-11.0041	204.255	0	
-136.973	-6.98397	247.65	0	
-135.349	-7.69153	267.109	0	
-32.1235	-10.677	456.514	0	
-33.5046	-8.27657	351.661	0	
64.1265	-10.677	159.102	0	
97.6545	-10.9522	200.447	0	
80.0504	-6.99449	195.085	0	
151.079	-11.5903	205.186	0	
-78.2205	-8.73643	363.66	0	
30.1355	-9.89368	221.686	0	
8.79112	-11.9339	179.866	0	
110.443	-9.50362	208.542	0	
-126.434	-6.49884	221.57	0	
-123.97	-6.77541	235.148	0	
-30.1836	-6.49884	243.471	0	
-27.72	-6.77541	251.852	0	
66.0664	-6.49884	240.58	0	
68.53	-6.77541	236.984	0	
150.025	-6.43618	189.76	0	
153.18	-5.49318	206.006	0	
147.57	-7.50219	185.751	0	
142.406	-9.04296	212.096	0	
-113.344	-8.75328	344.301	0	
-118.411	-11.2883	442.93	0	
-114.541	-4.53464	177.859	0	
-111.901	-4.28441	179.816	0	
-17.0944	-8.75328	246.5	0	
-21.2298	-10.3281	369.668	0	
-18.2907	-4.53464	186.093	0	
-15.6508	-4.28441	180.016	0	
79.1556	-8.75328	216.257	0	
75.0202	-10.3281	212.564	0	
77.9593	-4.53464	192.165	0	
80.5992	-4.28441	185.951	0	
-63.1585	-5.8593	258.749	0	
-63.2996	-7.91085	281.327	0	
33.0915	-5.8593	206.751	0	
32.9504	-7.91085	215.165	0	
-205.568	-32.9721	267.862	0	
-158.17	-8.54355	328.771	0	
-42.0494	-4.51844	200.772	0	
-39.5061	-4.39269	183.383	0	
54.2006	-4.51844	222.338	0	
56.7439	-4.39269	215.613	0	
-138.25	-4.60927	175.688	0	
-135.756	-4.39269	184.655	0	
132.732	-9.94285	192.224	0	
140.759	-8.90393	206.1	0	
-131.823	-7.75398	273.13	0	
-88.3496	-9.59591	409.418	0	
-29.7584	-9.79585	428.191	0	
7.90043	-9.59591	166.771	0	
62.7454	-8.27657	252.476	0	
52.3209	-11.1429	144.486	0	
86.5779	-13.8833	226.577	0	
208.99	-5.28426	301.211	0	
-59.5306	-11.2795	370.48	0	
-57.3001	-7.89572	294.973	0	
36.7194	-11.2795	231.004	0	
38.9499	-7.89572	223.887	0	
138.907	-6.71973	195.781	0	
136.37	-8.16582	194.774	0	
138.03	-8.06765	205.429	0	
139.214	-9.60327	213.342	0	
134.987	-10.2845	209.902	0	
161.413	-6.92918	214.981	0	
119.235	-10.2813	193.627	0	
95.7393	-17.4777	220.615	0	
-50.1748	-10.5347	360.695	0	
-46.4132	-10.8834	334.685	0	
46.0752	-10.5347	167.137	0	
49.8368	-10.8834	185.423	0	
-176.012	-1.34606	304.265	0	
-160.335	-6.5477	292.544	0	
-161.831	-10.7403	443.275	0	
-188.999	-19.3034	274.925	0	
158.946	-6.83953	222.39	0	
170.01	-1.12398	242.338	0	
-87.4589	-11.9339	481.51	0	
99.5587	-12.4369	212.495	0	
18.0295	-8.73643	176.138	0	
4.49832	-12.069	158.376	0	
-153.134	-12.2646	510.576	0	
-148.55	-12.2522	489.567	0	
-121.489	-14.4624	579.196	0	
-126.008	-9.79585	406.603	0	
104.932	-18.5916	198.282	0	
112.453	-11.0673	197.411	0	
-91.7517	-12.069	448.552	0	
-71.535	-10.5118	434.027	0	
5.3409	-14.035	199.331	0	
24.715	-10.5118	199.452	0	
-112.45	-6.99449	249.13	0	
-129.168	-15.7527	582.338	0	
-16.1996	-6.99449	213.31	0	
-27.5734	-11.3856	478.716	0	
-144.852	-16.8136	897.855	0	
-124.741	-12.1163	480.938	0	
-37.2846	-13.6039	526.52	0	
-6.7017	-12.0229	230.205	0	
66.4916	-9.79585	232.226	0	
58.9654	-13.6039	113.633	0	
112.419	-14.9051	204.97	0	
127.849	-11.938	213.919	0	
147.347	-10.4774	222.394	0	
153.266	-9.06305	238.176	0	
-122.779	-11.9203	473.278	0	
-102.474	-8.42323	339.794	0	
-20.7162	-13.563	485.925	0	
-6.22447	-8.42323	146.028	0	
75.5338	-13.563	189.32	0	
90.0255	-8.42323	190.431	0	
68.6766	-11.3856	163.404	0	
136.037	-12.2238	209.214	0	
-61.6144	-11.5018	377.976	0	
-55.5379	-10.963	363.285	0	
34.6356	-11.5018	224.826	0	
40.7121	-10.963	194.806	0	
128.852	-14.5637	211.368	0	
235.957	-15.9774	243.612	0	
-178.777	-2.9619	299.098	0	
-162.755	-6.23594	285.385	0	
-156.495	-11.7116	446.514	0	
-221.912	-14.5162	274.594	0	
-169.141	-4.00209	317.982	0	
-167.19	-4.8303	349.271	0	
164.287	-4.15658	213.084	0	
166.707	-4.43785	221.529	0	
155.354	-8.54876	220.078	0	
132.793	-16.0264	224.434	0	
-53.4549	-12.1835	417.776	0	
-9.67296	-13.8421	217.571	0	
42.7951	-12.1835	139.818	0	
33.1604	-13.2995	229.225	0	
-53.1756	-15.7705	421.124	0	
-138.938	-7.6289	267.415	0	
-134.594	-10.3937	478.753	0	
-155.484	-17.2341	706.677	0	
-127.52	-14.6602	589.478	0	
-47.7993	-19.2086	401.712	0	
-31.0758	-17.4153	557.573	0	
48.4507	-19.2086	28.6419	0	
65.1742	-17.4153	44.7466	0	
131.221	-14.31	226.396	0	
153.572	-16.0839	289.438	0	
-157.266	-14.2011	604.758	0	
43.0744	-15.7705	125.034	0	
11.0506	-11.9005	165.21	0	
89.5492	-12.064	217.724	0	
125.528	-11.6848	200.28	0	
119.86	-13.8177	185.595	0	
-167.135	-7.23969	341.47	0	
-192.539	-4.26558	276.849	0	
-133.857	-13.0595	663.918	0	
-129.198	-9.41262	368.812	0	
-228.19	-24.6897	245.801	0	
-128.413	-13.1119	483.641	0	
-132.411	-9.49708	370.362	0	
-132.552	-6.10622	191.895	0	
-166.307	-13.5038	523.762	0	
-108.605	-11.4398	513.689	0	
-130.943	-10.541	375.369	0	
-129.662	-7.54154	261.641	0	
-131.112	-14.0765	558.785	0	
-127.757	-10.8627	416.41	0	
-135.282	-19.8734	1023.8	0	
-102.952	-12.0229	522.05	0	
-130.381	-12.4546	529.819	0	
-128.544	-17.3008	835.397	0	
-148.258	-15.1857	728.341	0	
-3.6662	-13.8175	136.896	0	
-125.443	-18.0933	799.127	0	
-125.597	-14.7313	568.881	0	
-62.6835	-17.1843	431.98	0	
-85.1994	-11.9005	491.181	0	
-124.144	-16.6164	678.483	0	
-121.999	-16.5434	683.078	0	
-91.6409	-16.373	630.151	0	
-70.7541	-13.472	462.337	0	
4.6091	-16.373	162.453	0	
25.4959	-13.472	209.482	0	
-110.152	-7.25958	245.165	0	
-116.205	-10.7321	447.166	0	
-13.9017	-7.25958	193.389	0	
-12.3545	-11.4398	252.967	0	
82.3483	-7.25958	199	0	
83.8955	-11.4398	232.066	0	
-83.8414	-14.5362	576.425	0	
-76.2546	-10.6507	448.961	0	
12.4086	-14.5362	180.943	0	
19.9954	-10.6507	187.629	0	
-97.6578	-11.3921	489.358	0	
-90.4292	-10.045	388.044	0	
-1.40778	-11.3921	220.617	0	
5.82085	-10.045	188.431	0	
-111.605	-11.7939	463.63	0	
-108.046	-8.66433	359.58	0	
-15.3552	-11.7939	286.998	0	
-11.7958	-8.66433	199.456	0	
80.8948	-11.7939	220.026	0	
84.4542	-8.66433	206.596	0	
-57.7296	-12.6391	432.2	0	
-56.3189	-16.133	414.713	0	
38.5204	-12.6391	155.833	0	
39.9311	-16.133	121.267	0	
-173.564	-2.47004	320.434	0	
-165.151	-8.11045	390.853	0	
157.521	-9.12614	210.767	0	
160.271	-11.5138	250.592	0	
-36.2393	-7.66183	272.956	0	
-40.908	-14.645	468.522	0	
60.0107	-7.66183	234.713	0	
55.342	-14.645	56.5131	0	
92.8124	-13.4707	202.358	0	
138.603	-11.6407	218.459	0	
-114.482	-16.5569	859.983	0	
-119.297	-14.1357	607.019	0	
-106.853	-18.8267	918.382	0	
-90.9091	-14.035	562.389	0	
-63.0896	-13.2995	462.794	0	
-81.2221	-13.5164	547.291	0	
-119.75	-18.497	816.278	0	
-105.923	-13.8421	712.039	0	
-99.9162	-13.8175	644.921	0	
-124.617	-21.7604	965.814	0	
15.0279	-13.5164	172.628	0	
33.5665	-17.1843	200.77	0	
-177.258	-5.78191	315.319	0	
-175.551	-13.7225	426.94	0	
-170.014	-8.10752	383.482	0	
-170.068	-11.6224	374.745	0	
123.346	-14.3333	200.857	0	
130.766	-41.4755	221.25	0	
-117.966	-16.82	711.141	0	
-113.607	-13.3165	604.666	0	
-93.8748	-11.0032	443.997	0	
-93.6138	-16.0889	668.82	0	
2.37524	-11.0032	200.264	0	
2.63623	-16.0889	232.927	0	
-136.481	-15.5337	876.687	0	
46.237	-15.9763	65.5429	0	
-50.013	-15.9763	523.558	0	
-33.8137	-14.565	614.289	0	
-118.828	-25.8063	1114.52	0	
62.4363	-14.565	112.006	0	
-89.2433	-18.71	749.452	0	
-88.6959	-14.349	572.244	0	
7.00668	-18.71	216.089	0	
7.55411	-14.349	174.398	0	
-158.473	-25.925	965.812	0	
-57.5305	-27.6829	575.444	0	
-87.3706	-17.1144	635.389	0	
-82.1404	-18.8236	669.859	0	
-17.0729	-14.4419	407.249	0	
125.77	-16.4577	200.985	0	
8.87942	-17.1144	174.55	0	
14.1096	-18.8236	191.69	0	
218.789	-9.67962	270.611	0	
183.637	-7.09149	254.87	0	
135.243	-14.7675	233.408	0	
140.335	-13.8884	232.938	0	
-181.714	-1.61583	287.268	0	
-173.773	-5.29005	310.083	0	
163.087	-10.0309	201.49	0	
180.465	-1.61583	261.026	0	
-76.9341	-14.5113	535.688	0	
-67.81	-14.1067	488.136	0	
19.3159	-14.5113	192.35	0	
28.44	-14.1067	231.764	0	
-162.174	-17.4716	672.864	0	
-121.07	-22.2371	1009.88	0	
-58.6684	-18.9989	543.194	0	
0.81144	-18.779	152.228	0	
37.5816	-18.9989	90.3894	0	
107.856	-15.3565	184.052	0	
138.207	-15.8819	204.665	0	
143.531	-14.1381	220.328	0	
99.901	-16.4959	193.126	0	
79.1771	-14.4419	210.519	0	
-111.48	-20.2273	994.302	0	
-99.0883	-17.8006	804.399	0	
-27.2006	-15.1171	626.235	0	
-2.83826	-17.8006	285.229	0	
69.0494	-15.1171	105.357	0	
46.6928	-24.0743	18.1202	0	
-166.112	-27.3981	754.092	0	
-68.8837	-22.4837	496.107	0	
-81.3835	-22.9609	763.547	0	
-67.2534	-16.8341	469.714	0	
14.8665	-22.9609	203.461	0	
28.9966	-16.8341	229.77	0	
125.531	-19.801	210.047	0	
145.65	-18.2045	294.34	0	
136.74	-19.4185	244.909	0	
140.986	-21.4915	160.789	0	
-74.1374	-16.0301	574.468	0	
-64.6977	-18.8508	504.674	0	
22.1126	-16.0301	205.688	0	
31.5523	-18.8508	188.086	0	
-95.4386	-18.779	836.169	0	
2.52004	-23.669	274.838	0	
27.3663	-22.4837	207.266	0	
30.7731	-22.4901	176.354	0	
-84.7755	-17.335	635.098	0	
-79.7054	-15.7809	590.55	0	
11.4745	-17.335	180.981	0	
16.5446	-15.7809	175.858	0	
218.255	-34.6155	238.537	0	
132.745	-19.8694	222.099	0	
-152.736	-16.2622	695.696	0	
-150.381	-17.763	819.845	0	
-144.708	-21.2594	1012.41	0	
-141.325	-14.5407	747.967	0	
-62.9905	-26.6887	373.545	0	
-11.2357	-19.2992	363.699	0	
33.2595	-26.6887	88.4829	0	
116.277	-16.8153	193.251	0	
-128.495	-23.6616	1104.79	0	
19.247	-23.4473	211.268	0	
-188.557	-1.93891	274.041	0	
-196.769	-2.32667	269.535	0	
172.064	-6.00496	223.266	0	
174.369	-7.9727	225.824	0	
197.421	-9.75588	272.813	0	
191.289	-4.26558	273.441	0	
80.6149	-19.5449	211.729	0	
38.7195	-27.6829	40.0858	0	
-73.6736	-19.0863	571.042	0	
-69.7337	-19.2556	566.836	0	
22.5764	-19.0863	223.453	0	
26.5163	-19.2556	216.643	0	
122.174	-26.556	223.925	0	
124.937	-40.2492	228.921	0	
-148.731	-22.1193	1015.23	0	
-130.945	-20.0681	981.954	0	
-89.5076	-23.3158	863.09	0	
-77.003	-23.4473	668.032	0	
-71.1732	-25.5223	629.244	0	
-65.4769	-22.4901	551.326	0	
-169.77	-21.2264	655.013	0	
-64.5794	-30.6463	623.154	0	
-139.982	-23.3262	1151.45	0	
-137.645	-30.9202	1224	0	
-75.3526	-26.6553	653.995	0	
25.0768	-25.5223	199.745	0	
-31.4696	-23.2096	651.928	0	
73.7048	-20.502	91.4589	0	
-23.6801	-16.4504	543.608	0	
-15.6351	-19.5449	436.121	0	
72.5699	-16.4504	151.945	0	
85.0151	-19.3404	226.788	0	
129.698	-22.0559	206.879	0	
117.076	-20.985	213.293	0	
-103.053	-20.9905	982.569	0	
-93.73	-23.669	924.854	0	
-49.5572	-24.0743	558.956	0	
6.74241	-23.3158	173.951	0	
-184.618	-8.98987	274.206	0	
-185.032	-3.55475	280.694	0	
-206.623	-2.79194	269.712	0	
-179.781	-9.87097	289.091	0	
180.177	-8.24429	236.824	0	
187.785	-10.442	245.579	0	
170.878	-14.4791	199.099	0	
159.464	-15.8639	193.043	0	
-85.4635	-32.3384	860.868	0	
20.8974	-26.6553	231.636	0	
-7.43655	-21.463	253.277	0	
90.9132	-21.5281	208.278	0	
-85.5482	-26.5803	868.306	0	
-18.107	-29.5111	577.681	0	
10.7018	-26.5803	225.37	0	
111.968	-28.0025	219.06	0	
-18.1435	-22.7175	501.622	0	
-22.5452	-20.502	591.31	0	
78.1065	-22.7175	136.887	0	
64.7804	-23.2096	10.9308	0	
34.1156	-37.3795	89.5415	0	
121.506	-22.1434	212.401	0	
-24.1065	-30.9545	529.694	0	
-6.83217	-26.5477	434.939	0	
-130.495	-31.0609	1228.91	0	
174.884	-12.8846	194.686	0	
178.79	-12.8864	209.836	0	
-76.4692	-32.4504	661.066	0	
-69.3552	-29.4863	537.559	0	
-145.697	-34.3804	1180.41	0	
-152.057	-27.6463	1098.76	0	
19.7808	-32.4504	220.456	0	
26.8948	-29.4863	149.61	0	
1.24121	-36.2378	441.092	0	
13.9656	-32.8618	297.219	0	
184.118	-14.761	209.974	0	
227.701	-6.85826	272.024	0	
133.014	-34.6533	156.875	0	
-106.794	-33.2356	1174.39	0	
31.6706	-30.6463	93.3413	0	
-72.173	-34.0637	627.687	0	
-67.7476	-39.8274	687.395	0	
-22.5359	-47.4922	600.874	0	
127.182	-26.4913	211.399	0	
24.077	-34.0637	162.155	0	
28.5024	-39.8274	93.0168	0	
-113.39	-24.9987	1082.98	0	
-108.048	-28.3672	1115.88	0	
106.947	-24.7538	175.445	0	
92.4297	-27.5266	205.282	0	
-218.447	-3.35033	271.458	0	
-175.995	-19.4449	369.634	0	
191.912	-9.23189	272.897	0	
201.219	-12.4705	266.68	0	
54.1181	-18.9378	26.3906	0	
69.7905	-24.963	113.747	0	
-42.1319	-18.9378	604.456	0	
-26.4595	-24.963	568.17	0	
-192.319	-8.83173	267.15	0	
-201.547	-5.11861	274.031	0	
72.1435	-30.9545	39.9554	0	
128.068	-30.7205	222.622	0	
42.4557	-33.5404	46.3232	0	
78.143	-29.5111	174.432	0	
-62.1344	-37.3795	393.672	0	
-0.525287	-27.7753	273.884	0	
84.4836	-32.7829	163.55	0	
208.989	-20.8084	257.633	0	
-28.0097	-38.1045	628.142	0	
123.686	-35.5846	233.387	0	
-53.7943	-33.5404	273.774	0	
-35.3322	-36.6738	460.036	0	
100.921	-29.485	199.006	0	
161.838	-60.3262	149.387	0	
118.807	-29.1208	237.229	0	
116.094	-38.0682	250.098	0	
115.315	-25.5586	209.897	0	
112.121	-35.7127	216.008	0	
60.9178	-36.6738	8.11009	0	
119.433	-33.9202	249.177	0	
120.859	-47.2293	204.037	0	
-183.583	-23.2797	463.568	0	
-95.5796	-32.8724	1023.97	0	
-114.065	-35.7792	1203.8	0	
68.2403	-38.1045	108.323	0	
32.7098	-63.156	104.046	0	
9.60751	-38.8404	359.168	0	
-225.327	-7.3709	272.68	0	
-187.923	-11.9402	286.385	0	
170.297	-36.5037	157.753	0	
163.474	-19.8544	220.675	0	
-196.34	-11.9773	273.217	0	
-194.679	-18.9528	276.699	0	
73.7994	-47.6214	108.427	0	
207.712	-10.3255	282.45	0	
204.86	-2.4629	290.426	0	
-212.356	-6.14227	271.343	0	
129.252	-50.7796	202.747	0	
133.997	-47.3484	220.841	0	
213.211	-14.7209	272.868	0	
215.594	-2.82136	285.781	0	
-220.733	-37.1938	229.982	0	
103.164	-47.8011	162.16	0	
189.04	-35.7251	137.295	0	
199.849	-18.9164	215.519	0	
169.619	-18.8059	159.389	0	
139.422	-30.3106	208.091	0	
-55.5317	-23.7287	289.187	0	
-37.3685	-24.4061	375.854	0	
-56.8093	-39.2794	689.669	0	
-45.742	-28.3975	288.378	0	
-52.3145	-47.6453	463.389	0	
-39.2206	-29.0001	575.263	0	
-47.9803	-33.9094	593.157	0	
-43.191	-47.72	673.414	0	
40.7183	-23.7287	54.7649	0	
58.8815	-24.4061	17.2122	0	
39.4407	-39.2794	31.5409	0	
50.508	-28.3975	18.4106	0	
43.9355	-47.6453	44.645	0	
57.0294	-29.0001	9.14598	0	
48.2697	-33.9094	7.91548	0	
53.059	-47.72	12.5378	0	
146.739	-35.2634	112.347	0	
141.083	-48.4033	167.245	0	
-171.12	-37.8728	880.292	0	
-73.0349	-48.8114	797.931	0	
-12.6794	-31.8279	475.519	0	
-7.11451	-38.7862	546.484	0	
-126.706	-35.6751	1229.32	0	
-120.757	-31.7185	1216.45	0	
-116.584	-45.0329	1214.28	0	
-102.338	-25.7597	1056.9	0	
-126.333	-45.697	1222.32	0	
-90.3084	-40.7522	974.014	0	
-232.636	-4.02057	275.579	0	
-213.24	-13.2876	266.199	0	
-83.0809	-48.9441	870.201	0	
112.882	-53.996	208.564	0	
-41.8717	-39.7232	413.999	0	
-36.3206	-55.0703	550.041	0	
-51.4248	-68.4389	649.225	0	
9.79367	-57.9625	338.028	0	
54.3783	-39.7232	23.7188	0	
92.7142	-53.006	184.214	0	
154.638	-31.4481	190.773	0	
162.265	-25.6367	180.967	0	
146.844	-43.5002	179.814	0	
174.146	-25.0927	181.227	0	
-10.5586	-47.7958	632.016	0	
26.2122	-47.5873	145.88	0	
-99.9985	-36.0407	1058.13	0	
-96.6648	-27.4598	1013.38	0	
-98.8599	-43.4908	1132.79	0	
-80.4857	-35.5349	872.88	0	
-163.404	-50.9608	942.195	0	
-107.716	-63.4503	1103.56	0	
-90.5028	-35.2672	966.123	0	
-94.2465	-45.8076	974.522	0	
155.531	-25.6086	226.602	0	
162.53	-38.6767	171.643	0	
145.406	-55.4476	180.091	0	
154.317	-46.2331	150.074	0	
-213.385	-66.8866	310.416	0	
-68.9458	-57.4799	773.708	0	
-90.1982	-53.4761	1023.06	0	
-83.9074	-41.2679	906.683	0	
162.103	-45.2249	161.223	0	
179.505	-41.8783	188.851	0	
-26.1557	-55.5594	665.142	0	
139.16	-65.0425	178.693	0	
197.836	-37.8736	211.009	0	
182.569	-22.1973	138.066	0	
84.0431	-43.7432	214.075	0	
105.034	-36.7207	188.628	0	
152.77	-54.4151	174.706	0	
130.092	-61.4294	215.569	0	
118.312	-65.1624	171.515	0	
75.0509	-68.8235	169.339	0	
146.414	-81.4576	173.141	0	
-56.4852	-56.245	777.837	0	
36.3201	-53.5053	57.756	0	
64.865	-77.0726	240.959	0	
112.416	-78.8413	241.804	0	
59.9585	-55.1042	106.458	0	
70.2087	-55.7224	144.939	0	
190.375	-24.8482	199.526	0	
208.311	-28.8887	211.942	0	
178.328	-52.8869	164.989	0	
191.284	-60.8463	194.537	0	
-88.1029	-75.4263	940.983	0	
201.257	-51.9863	202.056	0	
232.766	-30.613	239.458	0	
-94.3526	-64.6703	987.097	0	
-21.2176	-68.4889	522.087	0	
-136.235	-54.5345	1144.41	0	
-75.0762	-70.6121	801.849	0	
-135.57	-69.1305	1064.77	0	
17.1658	-67.2349	159.86	0	
-40.3839	-67.1895	634.848	0	
-31.1675	-76.4316	613.257	0	
-40.0545	-114.942	401.854	0	
12.3999	-80.9419	260.335	0	
-62.4004	-77.8089	799.215	0	
87.3127	-69.9851	268.486	0	
42.2377	-72.0126	121.313	0	
55.7444	-67.659	97.3927	0	
40.1802	-103.505	263.021	0	
95.4064	-81.6752	192.096	0	
28.0081	-85.7304	192.316	0	
122.096	-92.0535	199.74	0	
161.728	-77.7738	197.818	0	
-193.993	-43.518	348.219	0	
15.2296	-47.9657	218.595	0	
-2.66107	-58.4408	462.559	0	
-9.7003	-71.0667	498.156	0	
-2.01149	-84.2955	324.759	0	
-119.078	-74.1502	1006.66	0	
-32.1741	-91.5468	440.548	0	
-46.1975	-98.0428	598.726	0	
174.139	-96.1654	198.084	0	
-93.5477	-95.5998	745.46	0	
177.439	-132.495	282.577	0	
-14.5355	-96.8328	460.148	0	
214.807	-50.7788	205.489	0	
227.722	-62.6715	238.02	0	
-226.174	-52.2763	316.276	0	
140.1	-95.1239	230.177	0	
65.7718	-108.2	338.374	0	
71.1759	-93.9508	245.798	0	
-196.369	-62.35	439.262	0	
-111.16	-95.5437	883.385	0	
-0.0955761	-124.944	417.275	0	
140.341	-120.541	280.899	0	
149.26	-111.77	238.15	0	
224.915	-82.6931	233.513	0	
-149.645	-83.0905	769.734	0	
-181.387	-78.8859	474.902	0	
-223.27	-87.3322	375.162	0	
206.301	-97.3985	224.43	0	
-122.3	-109.469	615.326	0	
89.4554	-97.3917	288.505	0	
115.761	-106.486	266.052	0	
94.5914	-125.39	321.867	0	
100.129	-108.99	250.421	0	
-212.53	-108.31	321.997	0	
-187.663	-104.4	496.885	0	
-61.1884	-90.7965	587.46	0	
-17.3938	-112.921	382.059	0	
118.793	-131.494	308.382	0	
78.5133	-128.04	284.814	0	
145.868	-135.276	286.318	0	
29.3462	-123.276	348.594	0	
-50.7969	-127.592	610.606	0	
124.844	-118.328	266.012	0	
104.171	-136.052	296.757	0	
164.24	-142.504	284.149	0	
167.986	-116.495	264.402	0	
100.66	-156.977	324.521	0	
131.518	-141.125	291.223	0	
68.4008	-148.446	352.254	0	
208.027	-119.4	286.994	0	
190.911	-84.7228	209.386	0	
-79.309	-103.773	708.094	0	
-75.0605	-123.67	649.365	0	
-150.767	-144.01	479.54	0	
-166.751	-116.842	475.064	0	
-117.627	-141.298	640.028	0	
196.992	-135.207	290.352	0	
-237.04	-135.177	390.852	0	
210.321	-157.735	302.482	0	
231.512	-122.086	284.269	0	
233.724	-149.676	303.003	0	
-94.1678	-149.074	490.548	0	
44.8253	-148.377	301.82	0	
