# ============================================================
# DC Primary-Propagated Resistivity Section
# Paper: A Comparative Study of Pseudo-diode Arrays and Standard Arrays
# Based on High-density DC Resistivity Method
# ============================================================
# Column 1: X_Coord (m)       - Horizontal coordinate
# Column 2: Y_Coord           - Profile offset (Y = 0 for 2D)
# Column 3: Z_Coord (m)       - Depth (negative downward)
# Column 4: App_Resistivity   - Primary-propagated resistivity (Ohm-m)

-153.75	0	-3.75	211.24
-151.25	0	-3.75	212.002
-148.75	0	-3.75	208.002
-146.25	0	-3.75	217.66
-143.75	0	-3.75	194.951
-141.25	0	-3.75	221.795
-138.75	0	-3.75	202.674
-136.25	0	-3.75	208.675
-133.75	0	-3.75	215.579
-131.25	0	-3.75	205.015
-128.75	0	-3.75	217.525
-126.25	0	-3.75	212.162
-123.75	0	-3.75	217.728
-121.25	0	-3.75	214.862
-118.75	0	-3.75	215.178
-116.25	0	-3.75	206.13
-113.75	0	-3.75	218.818
-111.25	0	-3.75	205.709
-108.75	0	-3.75	217.531
-106.25	0	-3.75	215.569
-103.75	0	-3.75	206.706
-101.25	0	-3.75	217.171
-98.75	0	-3.75	204.729
-96.25	0	-3.75	217.15
-93.75	0	-3.75	202.888
-91.25	0	-3.75	221.079
-88.75	0	-3.75	205.261
-86.25	0	-3.75	217.335
-83.75	0	-3.75	215.478
-81.25	0	-3.75	206.695
-78.75	0	-3.75	217.232
-76.25	0	-3.75	206.352
-73.75	0	-3.75	215.316
-71.25	0	-3.75	213.73
-68.75	0	-3.75	217.232
-66.25	0	-3.75	212.105
-63.75	0	-3.75	217.544
-61.25	0	-3.75	215.449
-58.75	0	-3.75	206.562
-56.25	0	-3.75	216.999
-53.75	0	-3.75	204.537
-51.25	0	-3.75	216.979
-48.75	0	-3.75	202.721
-46.25	0	-3.75	220.918
-43.75	0	-3.75	205.105
-41.25	0	-3.75	217.175
-38.75	0	-3.75	215.306
-36.25	0	-3.75	206.505
-33.75	0	-3.75	217.014
-31.25	0	-3.75	206.094
-28.75	0	-3.75	215.007
-26.25	0	-3.75	213.351
-23.75	0	-3.75	216.711
-21.25	0	-3.75	211.99
-18.75	0	-3.75	208.445
-16.25	0	-3.75	216.07
-13.75	0	-3.75	205.135
-11.25	0	-3.75	213.948
-8.75	0	-3.75	212.428
-6.25	0	-3.75	204.576
-3.75	0	-3.75	215.39
-1.25	0	-3.75	193.562
1.25	0	-3.75	207.731
3.75	0	-3.75	196.429
6.25	0	-3.75	206.868
8.75	0	-3.75	201.273
11.25	0	-3.75	215.038
13.75	0	-3.75	202.046
16.25	0	-3.75	216.552
18.75	0	-3.75	200.532
21.25	0	-3.75	206.078
23.75	0	-3.75	214.86
26.25	0	-3.75	204.002
28.75	0	-3.75	206.851
31.25	0	-3.75	214.785
33.75	0	-3.75	202.838
36.25	0	-3.75	215.414
38.75	0	-3.75	210.519
41.25	0	-3.75	207.178
43.75	0	-3.75	214.876
46.25	0	-3.75	203.895
48.75	0	-3.75	215.18
51.25	0	-3.75	209.122
53.75	0	-3.75	205.72
56.25	0	-3.75	214.675
58.75	0	-3.75	203.721
61.25	0	-3.75	205.698
63.75	0	-3.75	215.473
66.25	0	-3.75	199.934
68.75	0	-3.75	205.329
71.25	0	-3.75	213.264
73.75	0	-3.75	202.872
76.25	0	-3.75	215.516
78.75	0	-3.75	210.173
81.25	0	-3.75	215.798
83.75	0	-3.75	213.801
86.25	0	-3.75	202.379
88.75	0	-3.75	218.148
91.25	0	-3.75	200.985
93.75	0	-3.75	215.624
96.25	0	-3.75	212.869
98.75	0	-3.75	205.908
101.25	0	-3.75	205.767
103.75	0	-3.75	206.841
106.25	0	-3.75	203.056
108.75	0	-3.75	215.305
111.25	0	-3.75	200.853
113.75	0	-3.75	216.142
116.25	0	-3.75	195.326
118.75	0	-3.75	215.698
121.25	0	-3.75	193.391
123.75	0	-3.75	207.107
126.25	0	-3.75	207.537
128.75	0	-3.75	192.681
131.25	0	-3.75	216.26
133.75	0	-3.75	195.896
136.25	0	-3.75	213.528
138.75	0	-3.75	204.779
141.25	0	-3.75	211.861
143.75	0	-3.75	215.053
146.25	0	-3.75	200.911
148.75	0	-3.75	215.914
151.25	0	-3.75	193.956
-150	0	-7.5	210.937
-147.5	0	-7.5	213.211
-145	0	-7.5	213.671
-142.5	0	-7.5	214.103
-140	0	-7.5	211.81
-137.5	0	-7.5	211.783
-135	0	-7.5	212.739
-132.5	0	-7.5	217.739
-130	0	-7.5	213.053
-127.5	0	-7.5	212.409
-125	0	-7.5	213.551
-122.5	0	-7.5	215.734
-120	0	-7.5	213.815
-117.5	0	-7.5	213.06
-115	0	-7.5	214.105
-112.5	0	-7.5	213.58
-110	0	-7.5	212.821
-107.5	0	-7.5	211.848
-105	0	-7.5	213.519
-102.5	0	-7.5	213.601
-100	0	-7.5	215.335
-97.5	0	-7.5	211.431
-95	0	-7.5	211.22
-92.5	0	-7.5	213.569
-90	0	-7.5	214.602
-87.5	0	-7.5	212.892
-85	0	-7.5	211.242
-82.5	0	-7.5	213.097
-80	0	-7.5	213.44
-77.5	0	-7.5	213.213
-75	0	-7.5	211.631
-72.5	0	-7.5	214.006
-70	0	-7.5	214.123
-67.5	0	-7.5	212.301
-65	0	-7.5	212.585
-62.5	0	-7.5	212.932
-60	0	-7.5	212.539
-57.5	0	-7.5	212.414
-55	0	-7.5	214.162
-52.5	0	-7.5	210.196
-50	0	-7.5	209.984
-47.5	0	-7.5	212.34
-45	0	-7.5	213.382
-42.5	0	-7.5	211.662
-40	0	-7.5	209.952
-37.5	0	-7.5	211.684
-35	0	-7.5	211.836
-32.5	0	-7.5	211.345
-30	0	-7.5	209.426
-27.5	0	-7.5	211.389
-25	0	-7.5	211.372
-22.5	0	-7.5	207.323
-20	0	-7.5	207.137
-17.5	0	-7.5	209.418
-15	0	-7.5	207.53
-12.5	0	-7.5	204.011
-10	0	-7.5	203.351
-7.5	0	-7.5	203.878
-5	0	-7.5	202.226
-2.5	0	-7.5	198.817
0	0	-7.5	198.896
2.5	0	-7.5	201.724
5	0	-7.5	202.671
7.5	0	-7.5	197.431
10	0	-7.5	196.556
12.5	0	-7.5	200.138
15	0	-7.5	204.235
17.5	0	-7.5	198.872
20	0	-7.5	197.704
22.5	0	-7.5	201.031
25	0	-7.5	200.725
27.5	0	-7.5	197.948
30	0	-7.5	199.684
32.5	0	-7.5	202.688
35	0	-7.5	199.863
37.5	0	-7.5	197.413
40	0	-7.5	198.81
42.5	0	-7.5	201.376
45	0	-7.5	201.322
47.5	0	-7.5	199.321
50	0	-7.5	196.007
52.5	0	-7.5	196.846
55	0	-7.5	199.366
57.5	0	-7.5	198.57
60	0	-7.5	197.21
62.5	0	-7.5	199.937
65	0	-7.5	196.875
67.5	0	-7.5	195.746
70	0	-7.5	199.622
72.5	0	-7.5	203.897
75	0	-7.5	199.488
77.5	0	-7.5	199.102
80	0	-7.5	201.115
82.5	0	-7.5	200.778
85	0	-7.5	201.497
87.5	0	-7.5	201.839
90	0	-7.5	201.147
92.5	0	-7.5	199.145
95	0	-7.5	199.611
97.5	0	-7.5	200.755
100	0	-7.5	199.979
102.5	0	-7.5	201.241
105	0	-7.5	201.638
107.5	0	-7.5	199.625
110	0	-7.5	198.377
112.5	0	-7.5	200.737
115	0	-7.5	203.017
117.5	0	-7.5	200.845
120	0	-7.5	196.766
122.5	0	-7.5	200.686
125	0	-7.5	202.347
127.5	0	-7.5	199.923
130	0	-7.5	198.085
132.5	0	-7.5	200.369
135	0	-7.5	202.357
137.5	0	-7.5	200.367
140	0	-7.5	203.447
142.5	0	-7.5	200.419
145	0	-7.5	199.593
147.5	0	-7.5	199.832
-146.25	0	-11.25	232.315
-143.75	0	-11.25	233.589
-141.25	0	-11.25	232.309
-138.75	0	-11.25	232.879
-136.25	0	-11.25	233.567
-133.75	0	-11.25	233.869
-131.25	0	-11.25	233.624
-128.75	0	-11.25	233.199
-126.25	0	-11.25	232.475
-123.75	0	-11.25	232.793
-121.25	0	-11.25	233.658
-118.75	0	-11.25	233.344
-116.25	0	-11.25	233.047
-113.75	0	-11.25	232.082
-111.25	0	-11.25	232.036
-108.75	0	-11.25	232.235
-106.25	0	-11.25	232.768
-103.75	0	-11.25	233.528
-101.25	0	-11.25	233.157
-98.75	0	-11.25	232.499
-96.25	0	-11.25	231.41
-93.75	0	-11.25	231.48
-91.25	0	-11.25	231.47
-88.75	0	-11.25	232.166
-86.25	0	-11.25	231.868
-83.75	0	-11.25	231.9
-81.25	0	-11.25	231.362
-78.75	0	-11.25	231.07
-76.25	0	-11.25	231.296
-73.75	0	-11.25	230.971
-71.25	0	-11.25	230.546
-68.75	0	-11.25	230.142
-66.25	0	-11.25	229.58
-63.75	0	-11.25	229.075
-61.25	0	-11.25	229.829
-58.75	0	-11.25	230.641
-56.25	0	-11.25	229.655
-53.75	0	-11.25	228.868
-51.25	0	-11.25	227.753
-48.75	0	-11.25	227.741
-46.25	0	-11.25	227.664
-43.75	0	-11.25	228.261
-41.25	0	-11.25	227.772
-38.75	0	-11.25	227.465
-36.25	0	-11.25	226.396
-33.75	0	-11.25	225.392
-31.25	0	-11.25	224.788
-28.75	0	-11.25	223.82
-26.25	0	-11.25	222.136
-23.75	0	-11.25	220.475
-21.25	0	-11.25	219.14
-18.75	0	-11.25	217.12
-16.25	0	-11.25	215.516
-13.75	0	-11.25	213.971
-11.25	0	-11.25	211.68
-8.75	0	-11.25	208.152
-6.25	0	-11.25	206.397
-3.75	0	-11.25	204.573
-1.25	0	-11.25	203.584
1.25	0	-11.25	204.086
3.75	0	-11.25	204.555
6.25	0	-11.25	201.959
8.75	0	-11.25	201.703
11.25	0	-11.25	201.614
13.75	0	-11.25	201.083
16.25	0	-11.25	200.59
18.75	0	-11.25	200.501
21.25	0	-11.25	198.914
23.75	0	-11.25	198.601
26.25	0	-11.25	199.143
28.75	0	-11.25	199.066
31.25	0	-11.25	198.202
33.75	0	-11.25	197.471
36.25	0	-11.25	196.427
38.75	0	-11.25	195.771
41.25	0	-11.25	196.105
43.75	0	-11.25	196.524
46.25	0	-11.25	195.39
48.75	0	-11.25	193.028
51.25	0	-11.25	191.306
53.75	0	-11.25	191.192
56.25	0	-11.25	193.036
58.75	0	-11.25	195.284
61.25	0	-11.25	194.661
63.75	0	-11.25	192.979
66.25	0	-11.25	193.785
68.75	0	-11.25	195.668
71.25	0	-11.25	197.484
73.75	0	-11.25	198.827
76.25	0	-11.25	198.184
78.75	0	-11.25	196.426
81.25	0	-11.25	197.54
83.75	0	-11.25	198.709
86.25	0	-11.25	198.906
88.75	0	-11.25	198.391
91.25	0	-11.25	198.576
93.75	0	-11.25	198.501
96.25	0	-11.25	199.349
98.75	0	-11.25	199.752
101.25	0	-11.25	201.054
103.75	0	-11.25	200.516
106.25	0	-11.25	200.016
108.75	0	-11.25	200.014
111.25	0	-11.25	200.934
113.75	0	-11.25	200.395
116.25	0	-11.25	202.065
118.75	0	-11.25	201.984
121.25	0	-11.25	202.031
123.75	0	-11.25	202.515
126.25	0	-11.25	202.649
128.75	0	-11.25	201.778
131.25	0	-11.25	201.334
133.75	0	-11.25	201.778
136.25	0	-11.25	202.546
138.75	0	-11.25	203.083
141.25	0	-11.25	201.688
143.75	0	-11.25	201.341
-142.5	0	-15	257.52
-140	0	-15	257.996
-137.5	0	-15	258.554
-135	0	-15	258.29
-132.5	0	-15	258.479
-130	0	-15	258.751
-127.5	0	-15	258.524
-125	0	-15	258.843
-122.5	0	-15	258.066
-120	0	-15	258.402
-117.5	0	-15	258.4
-115	0	-15	257.739
-112.5	0	-15	257.426
-110	0	-15	257.501
-107.5	0	-15	258.335
-105	0	-15	258.317
-102.5	0	-15	257.783
-100	0	-15	257.401
-97.5	0	-15	257.096
-95	0	-15	256.481
-92.5	0	-15	255.698
-90	0	-15	255.568
-87.5	0	-15	256.171
-85	0	-15	256.182
-82.5	0	-15	255.845
-80	0	-15	255.373
-77.5	0	-15	254.985
-75	0	-15	254.843
-72.5	0	-15	254.049
-70	0	-15	253.077
-67.5	0	-15	252.537
-65	0	-15	252.278
-62.5	0	-15	252.349
-60	0	-15	251.69
-57.5	0	-15	250.893
-55	0	-15	250.132
-52.5	0	-15	249.379
-50	0	-15	248.56
-47.5	0	-15	247.594
-45	0	-15	247.123
-42.5	0	-15	247.224
-40	0	-15	246.486
-37.5	0	-15	245.131
-35	0	-15	243.426
-32.5	0	-15	241.88
-30	0	-15	240.356
-27.5	0	-15	238.05
-25	0	-15	235.717
-22.5	0	-15	233.787
-20	0	-15	231.484
-17.5	0	-15	228.351
-15	0	-15	225.144
-12.5	0	-15	221.441
-10	0	-15	217.554
-7.5	0	-15	214.363
-5	0	-15	210.546
-2.5	0	-15	208.288
0	0	-15	206.944
2.5	0	-15	205.566
5	0	-15	204.35
7.5	0	-15	203.221
10	0	-15	201.79
12.5	0	-15	201.231
15	0	-15	199.283
17.5	0	-15	198.034
20	0	-15	197.281
22.5	0	-15	196.097
25	0	-15	195.242
27.5	0	-15	194.822
30	0	-15	193.896
32.5	0	-15	193.171
35	0	-15	191.85
37.5	0	-15	191.632
40	0	-15	191.07
42.5	0	-15	189.047
45	0	-15	187.617
47.5	0	-15	185.371
50	0	-15	183.486
52.5	0	-15	182.832
55	0	-15	182.494
57.5	0	-15	183.646
60	0	-15	184.818
62.5	0	-15	184.796
65	0	-15	186.689
67.5	0	-15	187.819
70	0	-15	189.221
72.5	0	-15	191.463
75	0	-15	192.123
77.5	0	-15	192.729
80	0	-15	192.684
82.5	0	-15	192.402
85	0	-15	193.362
87.5	0	-15	193.587
90	0	-15	194.306
92.5	0	-15	195.021
95	0	-15	195.473
97.5	0	-15	196.921
100	0	-15	197.578
102.5	0	-15	198.01
105	0	-15	198.461
107.5	0	-15	198.306
110	0	-15	198.582
112.5	0	-15	198.464
115	0	-15	199.769
117.5	0	-15	200.395
120	0	-15	200.738
122.5	0	-15	201.066
125	0	-15	200.53
127.5	0	-15	200.713
130	0	-15	200.389
132.5	0	-15	200.775
135	0	-15	201.386
137.5	0	-15	200.963
140	0	-15	200.98
-138.75	0	-18.75	286.343
-136.25	0	-18.75	286.602
-133.75	0	-18.75	286.926
-131.25	0	-18.75	286.955
-128.75	0	-18.75	287.185
-126.25	0	-18.75	287.02
-123.75	0	-18.75	286.791
-121.25	0	-18.75	287.179
-118.75	0	-18.75	286.811
-116.25	0	-18.75	286.352
-113.75	0	-18.75	286.232
-111.25	0	-18.75	286.334
-108.75	0	-18.75	286.485
-106.25	0	-18.75	286.187
-103.75	0	-18.75	285.7
-101.25	0	-18.75	285.233
-98.75	0	-18.75	284.824
-96.25	0	-18.75	284.509
-93.75	0	-18.75	283.749
-91.25	0	-18.75	283.012
-88.75	0	-18.75	282.727
-86.25	0	-18.75	282.902
-83.75	0	-18.75	282.797
-81.25	0	-18.75	282.19
-78.75	0	-18.75	281.605
-76.25	0	-18.75	281.246
-73.75	0	-18.75	280.605
-71.25	0	-18.75	279.557
-68.75	0	-18.75	278.485
-66.25	0	-18.75	277.788
-63.75	0	-18.75	276.903
-61.25	0	-18.75	275.822
-58.75	0	-18.75	274.505
-56.25	0	-18.75	273.143
-53.75	0	-18.75	272.092
-51.25	0	-18.75	271.056
-48.75	0	-18.75	269.574
-46.25	0	-18.75	268.115
-43.75	0	-18.75	266.874
-41.25	0	-18.75	265.753
-38.75	0	-18.75	264.1
-36.25	0	-18.75	261.945
-33.75	0	-18.75	259.7
-31.25	0	-18.75	257.642
-28.75	0	-18.75	255.556
-26.25	0	-18.75	253.121
-23.75	0	-18.75	250.452
-21.25	0	-18.75	247.431
-18.75	0	-18.75	243.657
-16.25	0	-18.75	239.211
-13.75	0	-18.75	234.491
-11.25	0	-18.75	229.626
-8.75	0	-18.75	224.928
-6.25	0	-18.75	220.172
-3.75	0	-18.75	215.982
-1.25	0	-18.75	212.529
1.25	0	-18.75	209.966
3.75	0	-18.75	207.317
6.25	0	-18.75	204.72
8.75	0	-18.75	202.391
11.25	0	-18.75	200.5
13.75	0	-18.75	198.388
16.25	0	-18.75	196.428
18.75	0	-18.75	194.29
21.25	0	-18.75	192.302
23.75	0	-18.75	190.968
26.25	0	-18.75	189.889
28.75	0	-18.75	188.526
31.25	0	-18.75	187.393
33.75	0	-18.75	186.666
36.25	0	-18.75	186.131
38.75	0	-18.75	184.293
41.25	0	-18.75	182.007
43.75	0	-18.75	179.615
46.25	0	-18.75	176.883
48.75	0	-18.75	174.732
51.25	0	-18.75	172.964
53.75	0	-18.75	171.48
56.25	0	-18.75	171.424
58.75	0	-18.75	172.331
61.25	0	-18.75	173.858
63.75	0	-18.75	175.894
66.25	0	-18.75	178.039
68.75	0	-18.75	180.398
71.25	0	-18.75	182.148
73.75	0	-18.75	183.806
76.25	0	-18.75	184.887
78.75	0	-18.75	185.457
81.25	0	-18.75	186.348
83.75	0	-18.75	186.807
86.25	0	-18.75	186.968
88.75	0	-18.75	187.724
91.25	0	-18.75	188.901
93.75	0	-18.75	190.773
96.25	0	-18.75	191.969
98.75	0	-18.75	192.9
101.25	0	-18.75	193.697
103.75	0	-18.75	194.569
106.25	0	-18.75	195.092
108.75	0	-18.75	195.817
111.25	0	-18.75	196.497
113.75	0	-18.75	197.01
116.25	0	-18.75	197.121
118.75	0	-18.75	197.981
121.25	0	-18.75	198.461
123.75	0	-18.75	198.417
126.25	0	-18.75	198.731
128.75	0	-18.75	199.065
131.25	0	-18.75	198.785
133.75	0	-18.75	198.715
136.25	0	-18.75	199.397
-135	0	-22.5	316.843
-132.5	0	-22.5	316.819
-130	0	-22.5	316.845
-127.5	0	-22.5	316.878
-125	0	-22.5	316.929
-122.5	0	-22.5	316.962
-120	0	-22.5	316.831
-117.5	0	-22.5	316.775
-115	0	-22.5	316.456
-112.5	0	-22.5	316.231
-110	0	-22.5	315.922
-107.5	0	-22.5	315.526
-105	0	-22.5	315.163
-102.5	0	-22.5	314.627
-100	0	-22.5	313.934
-97.5	0	-22.5	313.222
-95	0	-22.5	312.482
-92.5	0	-22.5	311.965
-90	0	-22.5	311.413
-87.5	0	-22.5	310.918
-85	0	-22.5	310.513
-82.5	0	-22.5	309.953
-80	0	-22.5	309.507
-77.5	0	-22.5	308.772
-75	0	-22.5	307.841
-72.5	0	-22.5	306.894
-70	0	-22.5	305.883
-67.5	0	-22.5	304.411
-65	0	-22.5	302.679
-62.5	0	-22.5	300.821
-60	0	-22.5	298.998
-57.5	0	-22.5	297.385
-55	0	-22.5	295.457
-52.5	0	-22.5	293.35
-50	0	-22.5	291.278
-47.5	0	-22.5	289.166
-45	0	-22.5	286.85
-42.5	0	-22.5	284.51
-40	0	-22.5	282.287
-37.5	0	-22.5	279.848
-35	0	-22.5	277.559
-32.5	0	-22.5	275.315
-30	0	-22.5	273.132
-27.5	0	-22.5	270.827
-25	0	-22.5	268.202
-22.5	0	-22.5	264.702
-20	0	-22.5	260.108
-17.5	0	-22.5	255.182
-15	0	-22.5	249.918
-12.5	0	-22.5	244.075
-10	0	-22.5	238.226
-7.5	0	-22.5	232.205
-5	0	-22.5	226.673
-2.5	0	-22.5	221.95
0	0	-22.5	217.612
2.5	0	-22.5	213.055
5	0	-22.5	209.304
7.5	0	-22.5	205.829
10	0	-22.5	202.143
12.5	0	-22.5	198.576
15	0	-22.5	195.673
17.5	0	-22.5	192.789
20	0	-22.5	190.191
22.5	0	-22.5	187.733
25	0	-22.5	185.621
27.5	0	-22.5	184.303
30	0	-22.5	183.46
32.5	0	-22.5	181.919
35	0	-22.5	180.316
37.5	0	-22.5	178.497
40	0	-22.5	176.136
42.5	0	-22.5	173.375
45	0	-22.5	170.355
47.5	0	-22.5	167.337
50	0	-22.5	164.509
52.5	0	-22.5	162.55
55	0	-22.5	161.792
57.5	0	-22.5	162.07
60	0	-22.5	163.137
62.5	0	-22.5	165.5
65	0	-22.5	168.325
67.5	0	-22.5	170.889
70	0	-22.5	173.233
72.5	0	-22.5	175.37
75	0	-22.5	177.153
77.5	0	-22.5	178.433
80	0	-22.5	179.258
82.5	0	-22.5	179.885
85	0	-22.5	180.554
87.5	0	-22.5	181.644
90	0	-22.5	182.634
92.5	0	-22.5	184.245
95	0	-22.5	186.037
97.5	0	-22.5	187.643
100	0	-22.5	189.066
102.5	0	-22.5	190.027
105	0	-22.5	191.186
107.5	0	-22.5	192.695
110	0	-22.5	193.803
112.5	0	-22.5	194.712
115	0	-22.5	194.926
117.5	0	-22.5	195.386
120	0	-22.5	196.345
122.5	0	-22.5	196.859
125	0	-22.5	197.515
127.5	0	-22.5	197.78
130	0	-22.5	197.789
132.5	0	-22.5	197.735
-131.25	0	-26.25	346.303
-128.75	0	-26.25	346.393
-126.25	0	-26.25	346.428
-123.75	0	-26.25	346.376
-121.25	0	-26.25	346.353
-118.75	0	-26.25	346.246
-116.25	0	-26.25	345.982
-113.75	0	-26.25	345.633
-111.25	0	-26.25	345.036
-108.75	0	-26.25	344.471
-106.25	0	-26.25	343.935
-103.75	0	-26.25	343.334
-101.25	0	-26.25	342.525
-98.75	0	-26.25	341.571
-96.25	0	-26.25	340.638
-93.75	0	-26.25	339.906
-91.25	0	-26.25	339.19
-88.75	0	-26.25	338.589
-86.25	0	-26.25	337.998
-83.75	0	-26.25	337.301
-81.25	0	-26.25	336.561
-78.75	0	-26.25	335.644
-76.25	0	-26.25	334.69
-73.75	0	-26.25	333.503
-71.25	0	-26.25	332.004
-68.75	0	-26.25	330.188
-66.25	0	-26.25	328.074
-63.75	0	-26.25	325.741
-61.25	0	-26.25	323.146
-58.75	0	-26.25	320.544
-56.25	0	-26.25	317.773
-53.75	0	-26.25	314.877
-51.25	0	-26.25	311.696
-48.75	0	-26.25	308.442
-46.25	0	-26.25	305.224
-43.75	0	-26.25	302.162
-41.25	0	-26.25	299.319
-38.75	0	-26.25	296.661
-36.25	0	-26.25	294.381
-33.75	0	-26.25	292.315
-31.25	0	-26.25	290.281
-28.75	0	-26.25	287.898
-26.25	0	-26.25	285.031
-23.75	0	-26.25	281.333
-21.25	0	-26.25	276.869
-18.75	0	-26.25	271.865
-16.25	0	-26.25	265.93
-13.75	0	-26.25	259.401
-11.25	0	-26.25	252.609
-8.75	0	-26.25	245.731
-6.25	0	-26.25	239.116
-3.75	0	-26.25	232.87
-1.25	0	-26.25	226.988
1.25	0	-26.25	221.416
3.75	0	-26.25	216.323
6.25	0	-26.25	211.411
8.75	0	-26.25	206.593
11.25	0	-26.25	201.565
13.75	0	-26.25	196.988
16.25	0	-26.25	193.106
18.75	0	-26.25	189.542
21.25	0	-26.25	186.48
23.75	0	-26.25	184.073
26.25	0	-26.25	182.092
28.75	0	-26.25	180.496
31.25	0	-26.25	178.716
33.75	0	-26.25	176.71
36.25	0	-26.25	174.275
38.75	0	-26.25	171.797
41.25	0	-26.25	169.112
43.75	0	-26.25	165.775
46.25	0	-26.25	162.113
48.75	0	-26.25	158.948
51.25	0	-26.25	156.544
53.75	0	-26.25	155.208
56.25	0	-26.25	154.718
58.75	0	-26.25	155.079
61.25	0	-26.25	157.197
63.75	0	-26.25	159.901
66.25	0	-26.25	162.497
68.75	0	-26.25	165.191
71.25	0	-26.25	167.567
73.75	0	-26.25	169.766
76.25	0	-26.25	171.801
78.75	0	-26.25	173.206
81.25	0	-26.25	173.859
83.75	0	-26.25	174.489
86.25	0	-26.25	175.505
88.75	0	-26.25	176.786
91.25	0	-26.25	178.1
93.75	0	-26.25	179.468
96.25	0	-26.25	181.409
98.75	0	-26.25	183.102
101.25	0	-26.25	185.068
103.75	0	-26.25	187.007
106.25	0	-26.25	188.731
108.75	0	-26.25	190.169
111.25	0	-26.25	191.632
113.75	0	-26.25	192.693
116.25	0	-26.25	193.56
118.75	0	-26.25	194.623
121.25	0	-26.25	195.693
123.75	0	-26.25	196.403
126.25	0	-26.25	196.785
128.75	0	-26.25	197.367
-127.5	0	-30	373.896
-125	0	-30	373.937
-122.5	0	-30	373.892
-120	0	-30	373.531
-117.5	0	-30	373.178
-115	0	-30	372.737
-112.5	0	-30	372.211
-110	0	-30	371.636
-107.5	0	-30	370.694
-105	0	-30	369.857
-102.5	0	-30	369.001
-100	0	-30	367.965
-97.5	0	-30	366.898
-95	0	-30	365.899
-92.5	0	-30	365.029
-90	0	-30	364.271
-87.5	0	-30	363.464
-85	0	-30	362.715
-82.5	0	-30	361.914
-80	0	-30	360.864
-77.5	0	-30	359.632
-75	0	-30	358.017
-72.5	0	-30	356.184
-70	0	-30	354.009
-67.5	0	-30	351.521
-65	0	-30	348.687
-62.5	0	-30	345.506
-60	0	-30	342.013
-57.5	0	-30	338.2
-55	0	-30	334.141
-52.5	0	-30	329.831
-50	0	-30	325.633
-47.5	0	-30	321.665
-45	0	-30	317.994
-42.5	0	-30	314.706
-40	0	-30	312.035
-37.5	0	-30	309.973
-35	0	-30	308.016
-32.5	0	-30	306.003
-30	0	-30	303.515
-27.5	0	-30	300.514
-25	0	-30	296.853
-22.5	0	-30	292.432
-20	0	-30	287.228
-17.5	0	-30	281.344
-15	0	-30	274.575
-12.5	0	-30	267.119
-10	0	-30	259.297
-7.5	0	-30	251.622
-5	0	-30	244.214
-2.5	0	-30	237.06
0	0	-30	230.231
2.5	0	-30	223.979
5	0	-30	218.017
7.5	0	-30	212.268
10	0	-30	206.406
12.5	0	-30	200.837
15	0	-30	195.775
17.5	0	-30	191.265
20	0	-30	187.522
22.5	0	-30	184.617
25	0	-30	182.115
27.5	0	-30	179.748
30	0	-30	177.296
32.5	0	-30	174.908
35	0	-30	172.435
37.5	0	-30	169.666
40	0	-30	166.49
42.5	0	-30	162.909
45	0	-30	159.25
47.5	0	-30	155.934
50	0	-30	153.132
52.5	0	-30	151.275
55	0	-30	150.307
57.5	0	-30	150.066
60	0	-30	151.202
62.5	0	-30	153.382
65	0	-30	155.992
67.5	0	-30	158.627
70	0	-30	161.068
72.5	0	-30	163.379
75	0	-30	165.596
77.5	0	-30	167.411
80	0	-30	168.822
82.5	0	-30	169.731
85	0	-30	170.422
87.5	0	-30	171.098
90	0	-30	172.152
92.5	0	-30	173.474
95	0	-30	174.978
97.5	0	-30	176.718
100	0	-30	178.989
102.5	0	-30	181.298
105	0	-30	183.532
107.5	0	-30	185.684
110	0	-30	187.614
112.5	0	-30	189.275
115	0	-30	190.957
117.5	0	-30	192.65
120	0	-30	193.899
122.5	0	-30	195.011
125	0	-30	195.942
-123.75	0	-33.75	398.368
-121.25	0	-33.75	397.883
-118.75	0	-33.75	397.375
-116.25	0	-33.75	396.88
-113.75	0	-33.75	396.348
-111.25	0	-33.75	395.573
-108.75	0	-33.75	394.583
-106.25	0	-33.75	393.648
-103.75	0	-33.75	392.587
-101.25	0	-33.75	391.538
-98.75	0	-33.75	390.329
-96.25	0	-33.75	389.187
-93.75	0	-33.75	388.252
-91.25	0	-33.75	387.398
-88.75	0	-33.75	386.476
-86.25	0	-33.75	385.418
-83.75	0	-33.75	384.461
-81.25	0	-33.75	383.49
-78.75	0	-33.75	382.073
-76.25	0	-33.75	380.047
-73.75	0	-33.75	377.758
-71.25	0	-33.75	375.226
-68.75	0	-33.75	372.421
-66.25	0	-33.75	369.021
-63.75	0	-33.75	364.991
-61.25	0	-33.75	360.726
-58.75	0	-33.75	356.044
-56.25	0	-33.75	350.961
-53.75	0	-33.75	345.614
-51.25	0	-33.75	340.564
-48.75	0	-33.75	336.016
-46.25	0	-33.75	332.099
-43.75	0	-33.75	328.769
-41.25	0	-33.75	325.979
-38.75	0	-33.75	323.87
-36.25	0	-33.75	322.099
-33.75	0	-33.75	320.107
-31.25	0	-33.75	317.486
-28.75	0	-33.75	314.414
-26.25	0	-33.75	310.753
-23.75	0	-33.75	306.309
-21.25	0	-33.75	301.101
-18.75	0	-33.75	295.044
-16.25	0	-33.75	288.258
-13.75	0	-33.75	280.747
-11.25	0	-33.75	272.442
-8.75	0	-33.75	263.654
-6.25	0	-33.75	255.093
-3.75	0	-33.75	246.836
-1.25	0	-33.75	238.799
1.25	0	-33.75	231.267
3.75	0	-33.75	224.284
6.25	0	-33.75	217.808
8.75	0	-33.75	211.668
11.25	0	-33.75	205.834
13.75	0	-33.75	200.228
16.25	0	-33.75	195.344
18.75	0	-33.75	191.239
21.25	0	-33.75	187.505
23.75	0	-33.75	184.133
26.25	0	-33.75	181.136
28.75	0	-33.75	178.219
31.25	0	-33.75	175.538
33.75	0	-33.75	172.587
36.25	0	-33.75	169.246
38.75	0	-33.75	165.837
41.25	0	-33.75	162.206
43.75	0	-33.75	158.403
46.25	0	-33.75	154.842
48.75	0	-33.75	151.781
51.25	0	-33.75	149.589
53.75	0	-33.75	148.181
56.25	0	-33.75	147.352
58.75	0	-33.75	147.71
61.25	0	-33.75	149.035
63.75	0	-33.75	151.192
66.25	0	-33.75	153.717
68.75	0	-33.75	156.054
71.25	0	-33.75	158.367
73.75	0	-33.75	160.407
76.25	0	-33.75	162.506
78.75	0	-33.75	164.266
81.25	0	-33.75	165.385
83.75	0	-33.75	166.193
86.25	0	-33.75	166.792
88.75	0	-33.75	167.353
91.25	0	-33.75	168.021
93.75	0	-33.75	169.116
96.25	0	-33.75	170.731
98.75	0	-33.75	172.741
101.25	0	-33.75	174.683
103.75	0	-33.75	177.157
106.25	0	-33.75	179.634
108.75	0	-33.75	182.257
111.25	0	-33.75	184.706
113.75	0	-33.75	187.018
116.25	0	-33.75	189.168
118.75	0	-33.75	190.9
121.25	0	-33.75	192.706
-120	0	-37.5	418.288
-117.5	0	-37.5	417.652
-115	0	-37.5	416.99
-112.5	0	-37.5	416.089
-110	0	-37.5	415.095
-107.5	0	-37.5	414.089
-105	0	-37.5	413
-102.5	0	-37.5	411.949
-100	0	-37.5	410.729
-97.5	0	-37.5	409.583
-95	0	-37.5	408.543
-92.5	0	-37.5	407.57
-90	0	-37.5	406.593
-87.5	0	-37.5	405.501
-85	0	-37.5	404.342
-82.5	0	-37.5	402.992
-80	0	-37.5	401.322
-77.5	0	-37.5	399.26
-75	0	-37.5	396.749
-72.5	0	-37.5	393.728
-70	0	-37.5	390.282
-67.5	0	-37.5	386.259
-65	0	-37.5	381.676
-62.5	0	-37.5	376.501
-60	0	-37.5	370.872
-57.5	0	-37.5	365.01
-55	0	-37.5	359.211
-52.5	0	-37.5	353.754
-50	0	-37.5	348.779
-47.5	0	-37.5	344.666
-45	0	-37.5	341.364
-42.5	0	-37.5	338.692
-40	0	-37.5	336.479
-37.5	0	-37.5	334.457
-35	0	-37.5	332.403
-32.5	0	-37.5	329.935
-30	0	-37.5	326.88
-27.5	0	-37.5	322.97
-25	0	-37.5	318.388
-22.5	0	-37.5	313.143
-20	0	-37.5	307.176
-17.5	0	-37.5	300.314
-15	0	-37.5	292.652
-12.5	0	-37.5	284.123
-10	0	-37.5	274.993
-7.5	0	-37.5	265.529
-5	0	-37.5	256.038
-2.5	0	-37.5	246.756
0	0	-37.5	238.038
2.5	0	-37.5	230.124
5	0	-37.5	222.975
7.5	0	-37.5	216.419
10	0	-37.5	210.596
12.5	0	-37.5	205.369
15	0	-37.5	200.637
17.5	0	-37.5	196.361
20	0	-37.5	192.357
22.5	0	-37.5	188.516
25	0	-37.5	184.902
27.5	0	-37.5	181.496
30	0	-37.5	178.163
32.5	0	-37.5	174.695
35	0	-37.5	171.045
37.5	0	-37.5	167.157
40	0	-37.5	163.184
42.5	0	-37.5	159.365
45	0	-37.5	155.664
47.5	0	-37.5	152.239
50	0	-37.5	149.639
52.5	0	-37.5	147.718
55	0	-37.5	146.424
57.5	0	-37.5	146.154
60	0	-37.5	146.777
62.5	0	-37.5	148.179
65	0	-37.5	150.205
67.5	0	-37.5	152.474
70	0	-37.5	154.546
72.5	0	-37.5	156.652
75	0	-37.5	158.683
77.5	0	-37.5	160.349
80	0	-37.5	161.681
82.5	0	-37.5	162.65
85	0	-37.5	163.184
87.5	0	-37.5	163.619
90	0	-37.5	164.117
92.5	0	-37.5	164.791
95	0	-37.5	165.58
97.5	0	-37.5	166.815
100	0	-37.5	168.632
102.5	0	-37.5	170.717
105	0	-37.5	172.974
107.5	0	-37.5	175.739
110	0	-37.5	178.607
112.5	0	-37.5	181.401
115	0	-37.5	184.131
117.5	0	-37.5	186.634
-116.25	0	-41.25	434.106
-113.75	0	-41.25	433.209
-111.25	0	-41.25	432.216
-108.75	0	-41.25	431.197
-106.25	0	-41.25	430.165
-103.75	0	-41.25	429.08
-101.25	0	-41.25	428.016
-98.75	0	-41.25	427.071
-96.25	0	-41.25	425.97
-93.75	0	-41.25	424.902
-91.25	0	-41.25	423.857
-88.75	0	-41.25	422.717
-86.25	0	-41.25	421.409
-83.75	0	-41.25	419.729
-81.25	0	-41.25	417.788
-78.75	0	-41.25	415.475
-76.25	0	-41.25	412.679
-73.75	0	-41.25	409.322
-71.25	0	-41.25	405.316
-68.75	0	-41.25	400.607
-66.25	0	-41.25	395.268
-63.75	0	-41.25	389.411
-61.25	0	-41.25	383.165
-58.75	0	-41.25	376.867
-56.25	0	-41.25	370.748
-53.75	0	-41.25	365.176
-51.25	0	-41.25	360.331
-48.75	0	-41.25	356.242
-46.25	0	-41.25	352.813
-43.75	0	-41.25	350.051
-41.25	0	-41.25	347.707
-38.75	0	-41.25	345.529
-36.25	0	-41.25	343.394
-33.75	0	-41.25	340.893
-31.25	0	-41.25	337.692
-28.75	0	-41.25	333.729
-26.25	0	-41.25	329.015
-23.75	0	-41.25	323.612
-21.25	0	-41.25	317.551
-18.75	0	-41.25	310.694
-16.25	0	-41.25	302.972
-13.75	0	-41.25	294.389
-11.25	0	-41.25	285.018
-8.75	0	-41.25	275.07
-6.25	0	-41.25	264.75
-3.75	0	-41.25	254.501
-1.25	0	-41.25	244.77
1.25	0	-41.25	235.842
3.75	0	-41.25	227.952
6.25	0	-41.25	221.056
8.75	0	-41.25	215.179
11.25	0	-41.25	210.211
13.75	0	-41.25	205.807
16.25	0	-41.25	201.662
18.75	0	-41.25	197.885
21.25	0	-41.25	194.259
23.75	0	-41.25	190.633
26.25	0	-41.25	186.839
28.75	0	-41.25	182.869
31.25	0	-41.25	178.788
33.75	0	-41.25	174.64
36.25	0	-41.25	170.465
38.75	0	-41.25	166.176
41.25	0	-41.25	161.891
43.75	0	-41.25	157.881
46.25	0	-41.25	154.355
48.75	0	-41.25	151.309
51.25	0	-41.25	148.81
53.75	0	-41.25	146.9
56.25	0	-41.25	146.086
58.75	0	-41.25	146.136
61.25	0	-41.25	146.802
63.75	0	-41.25	148.181
66.25	0	-41.25	149.97
68.75	0	-41.25	151.994
71.25	0	-41.25	153.968
73.75	0	-41.25	155.818
76.25	0	-41.25	157.358
78.75	0	-41.25	158.737
81.25	0	-41.25	159.777
83.75	0	-41.25	160.427
86.25	0	-41.25	160.903
88.75	0	-41.25	161.258
91.25	0	-41.25	161.636
93.75	0	-41.25	162.026
96.25	0	-41.25	162.668
98.75	0	-41.25	163.582
101.25	0	-41.25	165.057
103.75	0	-41.25	167
106.25	0	-41.25	169.424
108.75	0	-41.25	171.832
111.25	0	-41.25	174.63
113.75	0	-41.25	177.732
-112.5	0	-45	446.103
-110	0	-45	445.159
-107.5	0	-45	444.217
-105	0	-45	443.277
-102.5	0	-45	442.342
-100	0	-45	441.479
-97.5	0	-45	440.564
-95	0	-45	439.628
-92.5	0	-45	438.501
-90	0	-45	437.183
-87.5	0	-45	435.66
-85	0	-45	433.818
-82.5	0	-45	431.637
-80	0	-45	428.985
-77.5	0	-45	425.805
-75	0	-45	421.933
-72.5	0	-45	417.366
-70	0	-45	412.126
-67.5	0	-45	406.217
-65	0	-45	399.847
-62.5	0	-45	393.354
-60	0	-45	386.92
-57.5	0	-45	380.853
-55	0	-45	375.403
-52.5	0	-45	370.661
-50	0	-45	366.664
-47.5	0	-45	363.292
-45	0	-45	360.361
-42.5	0	-45	357.789
-40	0	-45	355.502
-37.5	0	-45	353.199
-35	0	-45	350.511
-32.5	0	-45	347.231
-30	0	-45	343.112
-27.5	0	-45	338.257
-25	0	-45	332.731
-22.5	0	-45	326.539
-20	0	-45	319.543
-17.5	0	-45	311.804
-15	0	-45	303.215
-12.5	0	-45	293.855
-10	0	-45	283.704
-7.5	0	-45	272.985
-5	0	-45	262.143
-2.5	0	-45	251.791
0	0	-45	242.182
2.5	0	-45	233.503
5	0	-45	226.094
7.5	0	-45	220
10	0	-45	214.926
12.5	0	-45	210.535
15	0	-45	206.655
17.5	0	-45	203.152
20	0	-45	199.975
22.5	0	-45	196.768
25	0	-45	193.097
27.5	0	-45	189.08
30	0	-45	184.711
32.5	0	-45	180.091
35	0	-45	175.451
37.5	0	-45	170.743
40	0	-45	166.082
42.5	0	-45	161.747
45	0	-45	157.732
47.5	0	-45	154.256
50	0	-45	151.341
52.5	0	-45	148.921
55	0	-45	147.387
57.5	0	-45	146.731
60	0	-45	146.822
62.5	0	-45	147.492
65	0	-45	148.702
67.5	0	-45	150.36
70	0	-45	152.127
72.5	0	-45	153.752
75	0	-45	155.26
77.5	0	-45	156.506
80	0	-45	157.574
82.5	0	-45	158.494
85	0	-45	159.085
87.5	0	-45	159.4
90	0	-45	159.558
92.5	0	-45	159.684
95	0	-45	159.976
97.5	0	-45	160.442
100	0	-45	161.224
102.5	0	-45	162.381
105	0	-45	163.931
107.5	0	-45	165.877
110	0	-45	168.279
-108.75	0	-48.75	455.459
-106.25	0	-48.75	454.713
-103.75	0	-48.75	453.947
-101.25	0	-48.75	453.154
-98.75	0	-48.75	452.442
-96.25	0	-48.75	451.657
-93.75	0	-48.75	450.534
-91.25	0	-48.75	449.133
-88.75	0	-48.75	447.415
-86.25	0	-48.75	445.405
-83.75	0	-48.75	442.948
-81.25	0	-48.75	439.859
-78.75	0	-48.75	436.216
-76.25	0	-48.75	431.888
-73.75	0	-48.75	426.816
-71.25	0	-48.75	421.011
-68.75	0	-48.75	414.698
-66.25	0	-48.75	408.32
-63.75	0	-48.75	401.967
-61.25	0	-48.75	395.696
-58.75	0	-48.75	389.838
-56.25	0	-48.75	384.646
-53.75	0	-48.75	380.097
-51.25	0	-48.75	376.153
-48.75	0	-48.75	372.64
-46.25	0	-48.75	369.573
-43.75	0	-48.75	366.978
-41.25	0	-48.75	364.592
-38.75	0	-48.75	362
-36.25	0	-48.75	359.015
-33.75	0	-48.75	355.497
-31.25	0	-48.75	351.333
-28.75	0	-48.75	346.361
-26.25	0	-48.75	340.624
-23.75	0	-48.75	334.215
-21.25	0	-48.75	327.162
-18.75	0	-48.75	319.435
-16.25	0	-48.75	310.868
-13.75	0	-48.75	301.507
-11.25	0	-48.75	291.519
-8.75	0	-48.75	280.985
-6.25	0	-48.75	270.089
-3.75	0	-48.75	259.319
-1.25	0	-48.75	249.257
1.25	0	-48.75	240.231
3.75	0	-48.75	232.288
6.25	0	-48.75	225.568
8.75	0	-48.75	219.945
11.25	0	-48.75	215.315
13.75	0	-48.75	211.524
16.25	0	-48.75	208.227
18.75	0	-48.75	205.129
21.25	0	-48.75	202.158
23.75	0	-48.75	198.993
26.25	0	-48.75	195.386
28.75	0	-48.75	191.288
31.25	0	-48.75	186.732
33.75	0	-48.75	181.846
36.25	0	-48.75	176.753
38.75	0	-48.75	171.749
41.25	0	-48.75	166.895
43.75	0	-48.75	162.449
46.25	0	-48.75	158.575
48.75	0	-48.75	155.172
51.25	0	-48.75	152.16
53.75	0	-48.75	150.055
56.25	0	-48.75	148.738
58.75	0	-48.75	148.045
61.25	0	-48.75	148.07
63.75	0	-48.75	148.622
66.25	0	-48.75	149.619
68.75	0	-48.75	150.943
71.25	0	-48.75	152.461
73.75	0	-48.75	153.766
76.25	0	-48.75	154.953
78.75	0	-48.75	156.096
81.25	0	-48.75	157.102
83.75	0	-48.75	157.874
86.25	0	-48.75	158.319
88.75	0	-48.75	158.507
91.25	0	-48.75	158.517
93.75	0	-48.75	158.574
96.25	0	-48.75	158.714
98.75	0	-48.75	159.067
101.25	0	-48.75	159.562
103.75	0	-48.75	160.379
106.25	0	-48.75	161.492
-105	0	-52.5	462.989
-102.5	0	-52.5	462.427
-100	0	-52.5	461.825
-97.5	0	-52.5	461.068
-95	0	-52.5	460.023
-92.5	0	-52.5	458.581
-90	0	-52.5	456.79
-87.5	0	-52.5	454.602
-85	0	-52.5	451.788
-82.5	0	-52.5	448.294
-80	0	-52.5	444.128
-77.5	0	-52.5	439.289
-75	0	-52.5	433.854
-72.5	0	-52.5	427.817
-70	0	-52.5	421.501
-67.5	0	-52.5	415.228
-65	0	-52.5	409.128
-62.5	0	-52.5	403.419
-60	0	-52.5	398.073
-57.5	0	-52.5	393.089
-55	0	-52.5	388.66
-52.5	0	-52.5	384.69
-50	0	-52.5	381.146
-47.5	0	-52.5	378.018
-45	0	-52.5	375.229
-42.5	0	-52.5	372.583
-40	0	-52.5	369.875
-37.5	0	-52.5	366.698
-35	0	-52.5	362.85
-32.5	0	-52.5	358.384
-30	0	-52.5	353.268
-27.5	0	-52.5	347.429
-25	0	-52.5	340.907
-22.5	0	-52.5	333.725
-20	0	-52.5	325.951
-17.5	0	-52.5	317.516
-15	0	-52.5	308.472
-12.5	0	-52.5	298.827
-10	0	-52.5	288.735
-7.5	0	-52.5	278.275
-5	0	-52.5	267.749
-2.5	0	-52.5	257.554
0	0	-52.5	248.147
2.5	0	-52.5	239.719
5	0	-52.5	232.288
7.5	0	-52.5	226.033
10	0	-52.5	220.876
12.5	0	-52.5	216.694
15	0	-52.5	213.222
17.5	0	-52.5	210.098
20	0	-52.5	207.065
22.5	0	-52.5	204.022
25	0	-52.5	200.842
27.5	0	-52.5	197.223
30	0	-52.5	193.131
32.5	0	-52.5	188.564
35	0	-52.5	183.613
37.5	0	-52.5	178.429
40	0	-52.5	173.269
42.5	0	-52.5	168.379
45	0	-52.5	164.029
47.5	0	-52.5	160.2
50	0	-52.5	156.756
52.5	0	-52.5	154.008
55	0	-52.5	151.941
57.5	0	-52.5	150.606
60	0	-52.5	149.925
62.5	0	-52.5	149.678
65	0	-52.5	149.879
67.5	0	-52.5	150.608
70	0	-52.5	151.706
72.5	0	-52.5	152.863
75	0	-52.5	154.017
77.5	0	-52.5	155.159
80	0	-52.5	156.161
82.5	0	-52.5	157.042
85	0	-52.5	157.743
87.5	0	-52.5	158.119
90	0	-52.5	158.264
92.5	0	-52.5	158.283
95	0	-52.5	158.258
97.5	0	-52.5	158.221
100	0	-52.5	158.234
102.5	0	-52.5	158.568
-101.25	0	-56.25	468.84
-98.75	0	-56.25	468.08
-96.25	0	-56.25	467.071
-93.75	0	-56.25	465.663
-91.25	0	-56.25	463.778
-88.75	0	-56.25	461.313
-86.25	0	-56.25	458.177
-83.75	0	-56.25	454.369
-81.25	0	-56.25	449.77
-78.75	0	-56.25	444.517
-76.25	0	-56.25	438.837
-73.75	0	-56.25	432.929
-71.25	0	-56.25	426.96
-68.75	0	-56.25	421.048
-66.25	0	-56.25	415.441
-63.75	0	-56.25	410.19
-61.25	0	-56.25	405.269
-58.75	0	-56.25	400.744
-56.25	0	-56.25	396.453
-53.75	0	-56.25	392.466
-51.25	0	-56.25	388.893
-48.75	0	-56.25	385.689
-46.25	0	-56.25	382.704
-43.75	0	-56.25	379.794
-41.25	0	-56.25	376.754
-38.75	0	-56.25	373.368
-36.25	0	-56.25	369.358
-33.75	0	-56.25	364.6
-31.25	0	-56.25	359.153
-28.75	0	-56.25	353.162
-26.25	0	-56.25	346.577
-23.75	0	-56.25	339.408
-21.25	0	-56.25	331.675
-18.75	0	-56.25	323.457
-16.25	0	-56.25	314.87
-13.75	0	-56.25	305.899
-11.25	0	-56.25	296.514
-8.75	0	-56.25	286.767
-6.25	0	-56.25	276.878
-3.75	0	-56.25	267.025
-1.25	0	-56.25	257.463
1.25	0	-56.25	248.474
3.75	0	-56.25	240.41
6.25	0	-56.25	233.425
8.75	0	-56.25	227.617
11.25	0	-56.25	222.783
13.75	0	-56.25	218.687
16.25	0	-56.25	215.173
18.75	0	-56.25	211.926
21.25	0	-56.25	208.735
23.75	0	-56.25	205.546
26.25	0	-56.25	202.172
28.75	0	-56.25	198.455
31.25	0	-56.25	194.434
33.75	0	-56.25	189.97
36.25	0	-56.25	185.159
38.75	0	-56.25	180.169
41.25	0	-56.25	175.223
43.75	0	-56.25	170.528
46.25	0	-56.25	166.278
48.75	0	-56.25	162.409
51.25	0	-56.25	159.172
53.75	0	-56.25	156.536
56.25	0	-56.25	154.45
58.75	0	-56.25	152.905
61.25	0	-56.25	151.892
63.75	0	-56.25	151.38
66.25	0	-56.25	151.275
68.75	0	-56.25	151.693
71.25	0	-56.25	152.544
73.75	0	-56.25	153.597
76.25	0	-56.25	154.611
78.75	0	-56.25	155.623
81.25	0	-56.25	156.58
83.75	0	-56.25	157.413
86.25	0	-56.25	158.111
88.75	0	-56.25	158.517
91.25	0	-56.25	158.699
93.75	0	-56.25	158.654
96.25	0	-56.25	158.46
98.75	0	-56.25	158.288
-97.5	0	-60	471.823
-95	0	-60	470.358
-92.5	0	-60	468.352
-90	0	-60	465.613
-87.5	0	-60	462.192
-85	0	-60	458.034
-82.5	0	-60	453.223
-80	0	-60	447.931
-77.5	0	-60	442.345
-75	0	-60	436.759
-72.5	0	-60	431.255
-70	0	-60	425.979
-67.5	0	-60	420.983
-65	0	-60	416.195
-62.5	0	-60	411.675
-60	0	-60	407.39
-57.5	0	-60	403.302
-55	0	-60	399.526
-52.5	0	-60	396.019
-50	0	-60	392.617
-47.5	0	-60	389.413
-45	0	-60	386.246
-42.5	0	-60	382.938
-40	0	-60	379.206
-37.5	0	-60	374.868
-35	0	-60	369.859
-32.5	0	-60	364.221
-30	0	-60	358.057
-27.5	0	-60	351.389
-25	0	-60	344.244
-22.5	0	-60	336.755
-20	0	-60	329.007
-17.5	0	-60	321.04
-15	0	-60	312.826
-12.5	0	-60	304.347
-10	0	-60	295.588
-7.5	0	-60	286.599
-5	0	-60	277.32
-2.5	0	-60	267.865
0	0	-60	258.627
2.5	0	-60	250.071
5	0	-60	242.403
7.5	0	-60	235.645
10	0	-60	229.93
12.5	0	-60	225.108
15	0	-60	220.913
17.5	0	-60	217.166
20	0	-60	213.584
22.5	0	-60	210.049
25	0	-60	206.566
27.5	0	-60	203.001
30	0	-60	199.172
32.5	0	-60	195.13
35	0	-60	190.871
37.5	0	-60	186.449
40	0	-60	181.924
42.5	0	-60	177.464
45	0	-60	173.132
47.5	0	-60	168.953
50	0	-60	165.361
52.5	0	-60	162.247
55	0	-60	159.504
57.5	0	-60	157.208
60	0	-60	155.352
62.5	0	-60	153.961
65	0	-60	153.105
67.5	0	-60	152.818
70	0	-60	153.004
72.5	0	-60	153.623
75	0	-60	154.499
77.5	0	-60	155.444
80	0	-60	156.411
82.5	0	-60	157.371
85	0	-60	158.258
87.5	0	-60	158.968
90	0	-60	159.388
92.5	0	-60	159.51
95	0	-60	159.453
-93.75	0	-63.75	470.47
-91.25	0	-63.75	467.561
-88.75	0	-63.75	463.895
-86.25	0	-63.75	459.54
-83.75	0	-63.75	454.736
-81.25	0	-63.75	449.72
-78.75	0	-63.75	444.627
-76.25	0	-63.75	439.571
-73.75	0	-63.75	434.682
-71.25	0	-63.75	430.087
-68.75	0	-63.75	425.664
-66.25	0	-63.75	421.365
-63.75	0	-63.75	417.199
-61.25	0	-63.75	413.169
-58.75	0	-63.75	409.378
-56.25	0	-63.75	405.774
-53.75	0	-63.75	402.209
-51.25	0	-63.75	398.818
-48.75	0	-63.75	395.476
-46.25	0	-63.75	392.039
-43.75	0	-63.75	388.388
-41.25	0	-63.75	384.291
-38.75	0	-63.75	379.609
-36.25	0	-63.75	374.323
-33.75	0	-63.75	368.454
-31.25	0	-63.75	362.124
-28.75	0	-63.75	355.468
-26.25	0	-63.75	348.583
-23.75	0	-63.75	341.476
-21.25	0	-63.75	334.287
-18.75	0	-63.75	327.057
-16.25	0	-63.75	319.762
-13.75	0	-63.75	312.328
-11.25	0	-63.75	304.614
-8.75	0	-63.75	296.534
-6.25	0	-63.75	288
-3.75	0	-63.75	279.11
-1.25	0	-63.75	270.008
1.25	0	-63.75	261.095
3.75	0	-63.75	252.759
6.25	0	-63.75	245.197
8.75	0	-63.75	238.454
11.25	0	-63.75	232.61
13.75	0	-63.75	227.585
16.25	0	-63.75	223.118
18.75	0	-63.75	218.97
21.25	0	-63.75	214.946
23.75	0	-63.75	211.005
26.25	0	-63.75	207.152
28.75	0	-63.75	203.355
31.25	0	-63.75	199.419
33.75	0	-63.75	195.446
36.25	0	-63.75	191.474
38.75	0	-63.75	187.538
41.25	0	-63.75	183.678
43.75	0	-63.75	179.809
46.25	0	-63.75	175.867
48.75	0	-63.75	172.214
51.25	0	-63.75	168.792
53.75	0	-63.75	165.596
56.25	0	-63.75	162.679
58.75	0	-63.75	160.06
61.25	0	-63.75	157.839
63.75	0	-63.75	156.163
66.25	0	-63.75	155.057
68.75	0	-63.75	154.471
71.25	0	-63.75	154.443
73.75	0	-63.75	154.902
76.25	0	-63.75	155.656
78.75	0	-63.75	156.56
81.25	0	-63.75	157.572
83.75	0	-63.75	158.558
86.25	0	-63.75	159.423
88.75	0	-63.75	160.127
91.25	0	-63.75	160.577
-90	0	-67.5	463.421
-87.5	0	-67.5	459.154
-85	0	-67.5	454.691
-82.5	0	-67.5	450.176
-80	0	-67.5	445.73
-77.5	0	-67.5	441.422
-75	0	-67.5	437.252
-72.5	0	-67.5	433.302
-70	0	-67.5	429.448
-67.5	0	-67.5	425.606
-65	0	-67.5	421.777
-62.5	0	-67.5	418.097
-60	0	-67.5	414.592
-57.5	0	-67.5	411.116
-55	0	-67.5	407.664
-52.5	0	-67.5	404.181
-50	0	-67.5	400.698
-47.5	0	-67.5	397.108
-45	0	-67.5	393.2
-42.5	0	-67.5	388.727
-40	0	-67.5	383.673
-37.5	0	-67.5	378.083
-35	0	-67.5	372.049
-32.5	0	-67.5	365.637
-30	0	-67.5	359.033
-27.5	0	-67.5	352.471
-25	0	-67.5	346.002
-22.5	0	-67.5	339.546
-20	0	-67.5	333.104
-17.5	0	-67.5	326.727
-15	0	-67.5	320.3
-12.5	0	-67.5	313.623
-10	0	-67.5	306.47
-7.5	0	-67.5	298.8
-5	0	-67.5	290.659
-2.5	0	-67.5	282.077
0	0	-67.5	273.211
2.5	0	-67.5	264.378
5	0	-67.5	256.022
7.5	0	-67.5	248.372
10	0	-67.5	241.499
12.5	0	-67.5	235.423
15	0	-67.5	230.001
17.5	0	-67.5	225.06
20	0	-67.5	220.479
22.5	0	-67.5	215.998
25	0	-67.5	211.605
27.5	0	-67.5	207.419
30	0	-67.5	203.378
32.5	0	-67.5	199.423
35	0	-67.5	195.622
37.5	0	-67.5	192.003
40	0	-67.5	188.614
42.5	0	-67.5	185.378
45	0	-67.5	182.086
47.5	0	-67.5	178.839
50	0	-67.5	175.597
52.5	0	-67.5	172.348
55	0	-67.5	169.079
57.5	0	-67.5	165.88
60	0	-67.5	162.969
62.5	0	-67.5	160.471
65	0	-67.5	158.51
67.5	0	-67.5	157.077
70	0	-67.5	156.246
72.5	0	-67.5	156.055
75	0	-67.5	156.425
77.5	0	-67.5	157.137
80	0	-67.5	158.015
82.5	0	-67.5	158.99
85	0	-67.5	159.94
87.5	0	-67.5	160.861
-86.25	0	-71.25	453.302
-83.75	0	-71.25	449.456
-81.25	0	-71.25	445.792
-78.75	0	-71.25	442.27
-76.25	0	-71.25	438.833
-73.75	0	-71.25	435.476
-71.25	0	-71.25	432.139
-68.75	0	-71.25	428.809
-66.25	0	-71.25	425.444
-63.75	0	-71.25	422.124
-61.25	0	-71.25	418.797
-58.75	0	-71.25	415.5
-56.25	0	-71.25	412.197
-53.75	0	-71.25	408.769
-51.25	0	-71.25	405.174
-48.75	0	-71.25	401.368
-46.25	0	-71.25	397.179
-43.75	0	-71.25	392.511
-41.25	0	-71.25	387.227
-38.75	0	-71.25	381.353
-36.25	0	-71.25	375.125
-33.75	0	-71.25	368.783
-31.25	0	-71.25	362.471
-28.75	0	-71.25	356.3
-26.25	0	-71.25	350.371
-23.75	0	-71.25	344.716
-21.25	0	-71.25	339.232
-18.75	0	-71.25	333.787
-16.25	0	-71.25	328.207
-13.75	0	-71.25	322.354
-11.25	0	-71.25	316.157
-8.75	0	-71.25	309.471
-6.25	0	-71.25	302.179
-3.75	0	-71.25	294.238
-1.25	0	-71.25	285.742
1.25	0	-71.25	276.883
3.75	0	-71.25	268.005
6.25	0	-71.25	259.53
8.75	0	-71.25	251.683
11.25	0	-71.25	244.511
13.75	0	-71.25	238.069
16.25	0	-71.25	232.2
18.75	0	-71.25	226.731
21.25	0	-71.25	221.627
23.75	0	-71.25	216.717
26.25	0	-71.25	211.982
28.75	0	-71.25	207.5
31.25	0	-71.25	203.325
33.75	0	-71.25	199.414
36.25	0	-71.25	195.862
38.75	0	-71.25	192.685
41.25	0	-71.25	189.803
43.75	0	-71.25	187.009
46.25	0	-71.25	184.391
48.75	0	-71.25	181.733
51.25	0	-71.25	178.877
53.75	0	-71.25	175.789
56.25	0	-71.25	172.503
58.75	0	-71.25	169.125
61.25	0	-71.25	165.935
63.75	0	-71.25	163.141
66.25	0	-71.25	160.876
68.75	0	-71.25	159.219
71.25	0	-71.25	158.223
73.75	0	-71.25	157.915
76.25	0	-71.25	158.206
78.75	0	-71.25	158.851
81.25	0	-71.25	159.649
83.75	0	-71.25	160.614
-82.5	0	-75	444.801
-80	0	-75	442.008
-77.5	0	-75	439.272
-75	0	-75	436.492
-72.5	0	-75	433.659
-70	0	-75	430.841
-67.5	0	-75	427.995
-65	0	-75	425.058
-62.5	0	-75	422.003
-60	0	-75	418.904
-57.5	0	-75	415.716
-55	0	-75	412.37
-52.5	0	-75	408.807
-50	0	-75	404.847
-47.5	0	-75	400.495
-45	0	-75	395.612
-42.5	0	-75	390.138
-40	0	-75	384.217
-37.5	0	-75	378.049
-35	0	-75	371.859
-32.5	0	-75	365.896
-30	0	-75	360.237
-27.5	0	-75	354.913
-25	0	-75	349.971
-22.5	0	-75	345.296
-20	0	-75	340.669
-17.5	0	-75	335.888
-15	0	-75	330.874
-12.5	0	-75	325.503
-10	0	-75	319.683
-7.5	0	-75	313.244
-5	0	-75	306.076
-2.5	0	-75	298.179
0	0	-75	289.636
2.5	0	-75	280.686
5	0	-75	271.673
7.5	0	-75	263.005
10	0	-75	254.868
12.5	0	-75	247.329
15	0	-75	240.408
17.5	0	-75	234.05
20	0	-75	228.099
22.5	0	-75	222.511
25	0	-75	217.22
27.5	0	-75	212.209
30	0	-75	207.59
32.5	0	-75	203.392
35	0	-75	199.629
37.5	0	-75	196.397
40	0	-75	193.6
42.5	0	-75	191.038
45	0	-75	188.808
47.5	0	-75	186.681
50	0	-75	184.411
52.5	0	-75	181.911
55	0	-75	179.016
57.5	0	-75	175.73
60	0	-75	172.239
62.5	0	-75	168.861
65	0	-75	165.808
67.5	0	-75	163.331
70	0	-75	161.523
72.5	0	-75	160.404
75	0	-75	159.966
77.5	0	-75	160.122
80	0	-75	160.726
-78.75	0	-78.75	438.412
-76.25	0	-78.75	436.212
-73.75	0	-78.75	433.982
-71.25	0	-78.75	431.652
-68.75	0	-78.75	429.217
-66.25	0	-78.75	426.703
-63.75	0	-78.75	424.035
-61.25	0	-78.75	421.225
-58.75	0	-78.75	418.188
-56.25	0	-78.75	414.941
-53.75	0	-78.75	411.407
-51.25	0	-78.75	407.483
-48.75	0	-78.75	403.087
-46.25	0	-78.75	398.131
-43.75	0	-78.75	392.629
-41.25	0	-78.75	386.792
-38.75	0	-78.75	380.848
-36.25	0	-78.75	375.054
-33.75	0	-78.75	369.547
-31.25	0	-78.75	364.406
-28.75	0	-78.75	359.697
-26.25	0	-78.75	355.368
-23.75	0	-78.75	351.317
-21.25	0	-78.75	347.321
-18.75	0	-78.75	343.229
-16.25	0	-78.75	338.96
-13.75	0	-78.75	334.386
-11.25	0	-78.75	329.331
-8.75	0	-78.75	323.642
-6.25	0	-78.75	317.23
-3.75	0	-78.75	310.038
-1.25	0	-78.75	302.105
1.25	0	-78.75	293.478
3.75	0	-78.75	284.369
6.25	0	-78.75	275.159
8.75	0	-78.75	266.236
11.25	0	-78.75	257.76
13.75	0	-78.75	249.773
16.25	0	-78.75	242.385
18.75	0	-78.75	235.548
21.25	0	-78.75	229.175
23.75	0	-78.75	223.238
26.25	0	-78.75	217.632
28.75	0	-78.75	212.451
31.25	0	-78.75	207.831
33.75	0	-78.75	203.771
36.25	0	-78.75	200.238
38.75	0	-78.75	197.266
41.25	0	-78.75	194.693
43.75	0	-78.75	192.598
46.25	0	-78.75	190.745
48.75	0	-78.75	188.938
51.25	0	-78.75	186.95
53.75	0	-78.75	184.618
56.25	0	-78.75	181.839
58.75	0	-78.75	178.634
61.25	0	-78.75	175.148
63.75	0	-78.75	171.673
66.25	0	-78.75	168.501
68.75	0	-78.75	165.885
71.25	0	-78.75	163.919
73.75	0	-78.75	162.652
76.25	0	-78.75	162.144
-75	0	-82.5	432.943
-72.5	0	-82.5	431.091
-70	0	-82.5	429.094
-67.5	0	-82.5	426.974
-65	0	-82.5	424.717
-62.5	0	-82.5	422.236
-60	0	-82.5	419.464
-57.5	0	-82.5	416.397
-55	0	-82.5	412.98
-52.5	0	-82.5	409.19
-50	0	-82.5	404.906
-47.5	0	-82.5	400.056
-45	0	-82.5	394.805
-42.5	0	-82.5	389.29
-40	0	-82.5	383.767
-37.5	0	-82.5	378.426
-35	0	-82.5	373.402
-32.5	0	-82.5	368.86
-30	0	-82.5	364.738
-27.5	0	-82.5	360.897
-25	0	-82.5	357.235
-22.5	0	-82.5	353.734
-20	0	-82.5	350.253
-17.5	0	-82.5	346.59
-15	0	-82.5	342.603
-12.5	0	-82.5	338.192
-10	0	-82.5	333.222
-7.5	0	-82.5	327.558
-5	0	-82.5	321.101
-2.5	0	-82.5	313.836
0	0	-82.5	305.784
2.5	0	-82.5	297.038
5	0	-82.5	287.777
7.5	0	-82.5	278.313
10	0	-82.5	269.061
12.5	0	-82.5	260.191
15	0	-82.5	251.801
17.5	0	-82.5	243.989
20	0	-82.5	236.755
22.5	0	-82.5	230.046
25	0	-82.5	223.848
27.5	0	-82.5	218.114
30	0	-82.5	212.903
32.5	0	-82.5	208.366
35	0	-82.5	204.526
37.5	0	-82.5	201.252
40	0	-82.5	198.452
42.5	0	-82.5	196.236
45	0	-82.5	194.445
47.5	0	-82.5	192.84
50	0	-82.5	191.189
52.5	0	-82.5	189.261
55	0	-82.5	186.984
57.5	0	-82.5	184.283
60	0	-82.5	181.191
62.5	0	-82.5	177.778
65	0	-82.5	174.331
67.5	0	-82.5	171.117
70	0	-82.5	168.393
72.5	0	-82.5	166.353
-71.25	0	-86.25	427.538
-68.75	0	-86.25	425.824
-66.25	0	-86.25	423.941
-63.75	0	-86.25	421.825
-61.25	0	-86.25	419.382
-58.75	0	-86.25	416.592
-56.25	0	-86.25	413.448
-53.75	0	-86.25	409.922
-51.25	0	-86.25	405.93
-48.75	0	-86.25	401.515
-46.25	0	-86.25	396.714
-43.75	0	-86.25	391.753
-41.25	0	-86.25	386.827
-38.75	0	-86.25	382.055
-36.25	0	-86.25	377.611
-33.75	0	-86.25	373.547
-31.25	0	-86.25	369.818
-28.75	0	-86.25	366.382
-26.25	0	-86.25	363.143
-23.75	0	-86.25	359.977
-21.25	0	-86.25	356.861
-18.75	0	-86.25	353.658
-16.25	0	-86.25	350.165
-13.75	0	-86.25	346.263
-11.25	0	-86.25	341.85
-8.75	0	-86.25	336.857
-6.25	0	-86.25	331.163
-3.75	0	-86.25	324.664
-1.25	0	-86.25	317.298
1.25	0	-86.25	309.126
3.75	0	-86.25	300.207
6.25	0	-86.25	290.732
8.75	0	-86.25	280.995
11.25	0	-86.25	271.377
13.75	0	-86.25	262.136
16.25	0	-86.25	253.382
18.75	0	-86.25	245.246
21.25	0	-86.25	237.731
23.75	0	-86.25	230.799
26.25	0	-86.25	224.491
28.75	0	-86.25	218.759
31.25	0	-86.25	213.655
33.75	0	-86.25	209.312
36.25	0	-86.25	205.698
38.75	0	-86.25	202.603
41.25	0	-86.25	200.174
43.75	0	-86.25	198.22
46.25	0	-86.25	196.566
48.75	0	-86.25	195.011
51.25	0	-86.25	193.358
53.75	0	-86.25	191.393
56.25	0	-86.25	189.097
58.75	0	-86.25	186.442
61.25	0	-86.25	183.396
63.75	0	-86.25	180.067
66.25	0	-86.25	176.695
68.75	0	-86.25	173.555
-67.5	0	-90	421.661
-65	0	-90	419.9
-62.5	0	-90	417.864
-60	0	-90	415.473
-57.5	0	-90	412.725
-55	0	-90	409.622
-52.5	0	-90	406.201
-50	0	-90	402.483
-47.5	0	-90	398.434
-45	0	-90	394.202
-42.5	0	-90	389.973
-40	0	-90	385.883
-37.5	0	-90	382.03
-35	0	-90	378.395
-32.5	0	-90	374.955
-30	0	-90	371.783
-27.5	0	-90	368.819
-25	0	-90	365.979
-22.5	0	-90	363.115
-20	0	-90	360.147
-17.5	0	-90	356.992
-15	0	-90	353.502
-12.5	0	-90	349.593
-10	0	-90	345.154
-7.5	0	-90	340.095
-5	0	-90	334.35
-2.5	0	-90	327.797
0	0	-90	320.35
2.5	0	-90	312.019
5	0	-90	302.891
7.5	0	-90	293.142
10	0	-90	283.093
12.5	0	-90	273.16
15	0	-90	263.592
17.5	0	-90	254.556
20	0	-90	246.207
22.5	0	-90	238.546
25	0	-90	231.546
27.5	0	-90	225.258
30	0	-90	219.653
32.5	0	-90	214.791
35	0	-90	210.702
37.5	0	-90	207.265
40	0	-90	204.52
42.5	0	-90	202.341
45	0	-90	200.511
47.5	0	-90	198.877
50	0	-90	197.239
52.5	0	-90	195.457
55	0	-90	193.407
57.5	0	-90	191.048
60	0	-90	188.312
62.5	0	-90	185.258
65	0	-90	182.024
-63.75	0	-93.75	414.869
-61.25	0	-93.75	412.98
-58.75	0	-93.75	410.804
-56.25	0	-93.75	408.376
-53.75	0	-93.75	405.752
-51.25	0	-93.75	402.914
-48.75	0	-93.75	399.831
-46.25	0	-93.75	396.556
-43.75	0	-93.75	393.155
-41.25	0	-93.75	389.782
-38.75	0	-93.75	386.449
-36.25	0	-93.75	383.178
-33.75	0	-93.75	380.067
-31.25	0	-93.75	377.103
-28.75	0	-93.75	374.3
-26.25	0	-93.75	371.591
-23.75	0	-93.75	368.86
-21.25	0	-93.75	366.066
-18.75	0	-93.75	363.129
-16.25	0	-93.75	359.95
-13.75	0	-93.75	356.415
-11.25	0	-93.75	352.456
-8.75	0	-93.75	347.988
-6.25	0	-93.75	342.909
-3.75	0	-93.75	337.086
-1.25	0	-93.75	330.442
1.25	0	-93.75	322.883
3.75	0	-93.75	314.388
6.25	0	-93.75	305.006
8.75	0	-93.75	294.952
11.25	0	-93.75	284.598
13.75	0	-93.75	274.392
16.25	0	-93.75	264.605
18.75	0	-93.75	255.403
21.25	0	-93.75	246.942
23.75	0	-93.75	239.266
26.25	0	-93.75	232.362
28.75	0	-93.75	226.25
31.25	0	-93.75	220.905
33.75	0	-93.75	216.336
36.25	0	-93.75	212.484
38.75	0	-93.75	209.407
41.25	0	-93.75	206.884
43.75	0	-93.75	204.825
46.25	0	-93.75	203.027
48.75	0	-93.75	201.307
51.25	0	-93.75	199.506
53.75	0	-93.75	197.543
56.25	0	-93.75	195.31
58.75	0	-93.75	192.781
61.25	0	-93.75	189.977
-60	0	-97.5	407.747
-57.5	0	-97.5	406.229
-55	0	-97.5	404.606
-52.5	0	-97.5	402.814
-50	0	-97.5	400.798
-47.5	0	-97.5	398.582
-45	0	-97.5	396.146
-42.5	0	-97.5	393.496
-40	0	-97.5	390.665
-37.5	0	-97.5	387.811
-35	0	-97.5	384.969
-32.5	0	-97.5	382.194
-30	0	-97.5	379.488
-27.5	0	-97.5	376.799
-25	0	-97.5	374.114
-22.5	0	-97.5	371.384
-20	0	-97.5	368.545
-17.5	0	-97.5	365.587
-15	0	-97.5	362.399
-12.5	0	-97.5	358.835
-10	0	-97.5	354.848
-7.5	0	-97.5	350.35
-5	0	-97.5	345.226
-2.5	0	-97.5	339.341
0	0	-97.5	332.571
2.5	0	-97.5	324.847
5	0	-97.5	316.137
7.5	0	-97.5	306.495
10	0	-97.5	296.155
12.5	0	-97.5	285.546
15	0	-97.5	275.139
17.5	0	-97.5	265.229
20	0	-97.5	255.969
22.5	0	-97.5	247.545
25	0	-97.5	240.007
27.5	0	-97.5	233.329
30	0	-97.5	227.553
32.5	0	-97.5	222.556
35	0	-97.5	218.244
37.5	0	-97.5	214.767
40	0	-97.5	211.97
42.5	0	-97.5	209.604
45	0	-97.5	207.562
47.5	0	-97.5	205.675
50	0	-97.5	203.789
52.5	0	-97.5	201.773
55	0	-97.5	199.567
57.5	0	-97.5	197.113
-56.25	0	-101.25	402.735
-53.75	0	-101.25	402.106
-51.25	0	-101.25	401.256
-48.75	0	-101.25	400.104
-46.25	0	-101.25	398.605
-43.75	0	-101.25	396.702
-41.25	0	-101.25	394.479
-38.75	0	-101.25	392.08
-36.25	0	-101.25	389.521
-33.75	0	-101.25	386.904
-31.25	0	-101.25	384.238
-28.75	0	-101.25	381.531
-26.25	0	-101.25	378.831
-23.75	0	-101.25	376.119
-21.25	0	-101.25	373.346
-18.75	0	-101.25	370.481
-16.25	0	-101.25	367.49
-13.75	0	-101.25	364.308
-11.25	0	-101.25	360.76
-8.75	0	-101.25	356.761
-6.25	0	-101.25	352.223
-3.75	0	-101.25	347.034
-1.25	0	-101.25	341.058
1.25	0	-101.25	334.147
3.75	0	-101.25	326.198
6.25	0	-101.25	317.226
8.75	0	-101.25	307.341
11.25	0	-101.25	296.791
13.75	0	-101.25	285.998
16.25	0	-101.25	275.477
18.75	0	-101.25	265.532
21.25	0	-101.25	256.362
23.75	0	-101.25	248.126
26.25	0	-101.25	240.868
28.75	0	-101.25	234.569
31.25	0	-101.25	229.18
33.75	0	-101.25	224.501
36.25	0	-101.25	220.623
38.75	0	-101.25	217.46
41.25	0	-101.25	214.846
43.75	0	-101.25	212.557
46.25	0	-101.25	210.452
48.75	0	-101.25	208.365
51.25	0	-101.25	206.239
53.75	0	-101.25	204.006
-52.5	0	-105	401.025
-50	0	-105	400.901
-47.5	0	-105	400.278
-45	0	-105	399.179
-42.5	0	-105	397.635
-40	0	-105	395.705
-37.5	0	-105	393.481
-35	0	-105	391.047
-32.5	0	-105	388.432
-30	0	-105	385.731
-27.5	0	-105	382.982
-25	0	-105	380.234
-22.5	0	-105	377.505
-20	0	-105	374.728
-17.5	0	-105	371.868
-15	0	-105	368.889
-12.5	0	-105	365.696
-10	0	-105	362.172
-7.5	0	-105	358.18
-5	0	-105	353.599
-2.5	0	-105	348.32
0	0	-105	342.199
2.5	0	-105	335.094
5	0	-105	326.912
7.5	0	-105	317.691
10	0	-105	307.589
12.5	0	-105	296.889
15	0	-105	286.029
17.5	0	-105	275.499
20	0	-105	265.655
22.5	0	-105	256.702
25	0	-105	248.796
27.5	0	-105	241.952
30	0	-105	236.075
32.5	0	-105	231.053
35	0	-105	226.858
37.5	0	-105	223.36
40	0	-105	220.443
42.5	0	-105	217.932
45	0	-105	215.591
47.5	0	-105	213.328
50	0	-105	211.053
-48.75	0	-108.75	401.023
-46.25	0	-108.75	400.712
-43.75	0	-108.75	399.853
-41.25	0	-108.75	398.464
-38.75	0	-108.75	396.595
-36.25	0	-108.75	394.386
-33.75	0	-108.75	391.913
-31.25	0	-108.75	389.277
-28.75	0	-108.75	386.525
-26.25	0	-108.75	383.761
-23.75	0	-108.75	381.018
-21.25	0	-108.75	378.299
-18.75	0	-108.75	375.561
-16.25	0	-108.75	372.733
-13.75	0	-108.75	369.779
-11.25	0	-108.75	366.616
-8.75	0	-108.75	363.076
-6.25	0	-108.75	359.072
-3.75	0	-108.75	354.445
-1.25	0	-108.75	349.041
1.25	0	-108.75	342.733
3.75	0	-108.75	335.396
6.25	0	-108.75	326.989
8.75	0	-108.75	317.571
11.25	0	-108.75	307.316
13.75	0	-108.75	296.552
16.25	0	-108.75	285.717
18.75	0	-108.75	275.338
21.25	0	-108.75	265.737
23.75	0	-108.75	257.118
26.25	0	-108.75	249.637
28.75	0	-108.75	243.263
31.25	0	-108.75	237.801
33.75	0	-108.75	233.298
36.25	0	-108.75	229.528
38.75	0	-108.75	226.326
41.25	0	-108.75	223.563
43.75	0	-108.75	221.048
46.25	0	-108.75	218.604
-45	0	-112.5	400.919
-42.5	0	-112.5	400.082
-40	0	-112.5	398.663
-37.5	0	-112.5	396.754
-35	0	-112.5	394.507
-32.5	0	-112.5	392.005
-30	0	-112.5	389.347
-27.5	0	-112.5	386.647
-25	0	-112.5	383.914
-22.5	0	-112.5	381.221
-20	0	-112.5	378.556
-17.5	0	-112.5	375.864
-15	0	-112.5	373.096
-12.5	0	-112.5	370.191
-10	0	-112.5	367.04
-7.5	0	-112.5	363.494
-5	0	-112.5	359.424
-2.5	0	-112.5	354.706
0	0	-112.5	349.159
2.5	0	-112.5	342.634
5	0	-112.5	335.073
7.5	0	-112.5	326.474
10	0	-112.5	316.931
12.5	0	-112.5	306.629
15	0	-112.5	295.895
17.5	0	-112.5	285.219
20	0	-112.5	275.106
22.5	0	-112.5	265.87
25	0	-112.5	257.7
27.5	0	-112.5	250.702
30	0	-112.5	244.761
32.5	0	-112.5	239.861
35	0	-112.5	235.819
37.5	0	-112.5	232.372
40	0	-112.5	229.363
42.5	0	-112.5	226.67
-41.25	0	-116.25	399.466
-38.75	0	-116.25	397.992
-36.25	0	-116.25	396.059
-33.75	0	-116.25	393.802
-31.25	0	-116.25	391.334
-28.75	0	-116.25	388.753
-26.25	0	-116.25	386.12
-23.75	0	-116.25	383.495
-21.25	0	-116.25	380.881
-18.75	0	-116.25	378.3
-16.25	0	-116.25	375.683
-13.75	0	-116.25	372.973
-11.25	0	-116.25	370.112
-8.75	0	-116.25	366.969
-6.25	0	-116.25	363.387
-3.75	0	-116.25	359.236
-1.25	0	-116.25	354.355
1.25	0	-116.25	348.621
3.75	0	-116.25	341.916
6.25	0	-116.25	334.181
8.75	0	-116.25	325.458
11.25	0	-116.25	315.875
13.75	0	-116.25	305.63
16.25	0	-116.25	295.065
18.75	0	-116.25	284.65
21.25	0	-116.25	274.91
23.75	0	-116.25	266.15
26.25	0	-116.25	258.497
28.75	0	-116.25	251.957
31.25	0	-116.25	246.582
33.75	0	-116.25	242.148
36.25	0	-116.25	238.463
38.75	0	-116.25	235.267
-37.5	0	-120	396.44
-35	0	-120	394.539
-32.5	0	-120	392.361
-30	0	-120	389.996
-27.5	0	-120	387.53
-25	0	-120	385.028
-22.5	0	-120	382.517
-20	0	-120	380.041
-17.5	0	-120	377.553
-15	0	-120	375.027
-12.5	0	-120	372.375
-10	0	-120	369.532
-7.5	0	-120	366.384
-5	0	-120	362.732
-2.5	0	-120	358.445
0	0	-120	353.391
2.5	0	-120	347.465
5	0	-120	340.614
7.5	0	-120	332.799
10	0	-120	324.054
12.5	0	-120	314.521
15	0	-120	304.441
17.5	0	-120	294.162
20	0	-120	284.136
22.5	0	-120	274.87
25	0	-120	266.633
27.5	0	-120	259.464
30	0	-120	253.51
32.5	0	-120	248.615
35	0	-120	244.564
-33.75	0	-123.75	392.302
-31.25	0	-123.75	390.262
-28.75	0	-123.75	388.052
-26.25	0	-123.75	385.741
-23.75	0	-123.75	383.397
-21.25	0	-123.75	381.041
-18.75	0	-123.75	378.689
-16.25	0	-123.75	376.34
-13.75	0	-123.75	373.89
-11.25	0	-123.75	371.292
-8.75	0	-123.75	368.453
-6.25	0	-123.75	365.241
-3.75	0	-123.75	361.487
-1.25	0	-123.75	357.046
1.25	0	-123.75	351.827
3.75	0	-123.75	345.773
6.25	0	-123.75	338.83
8.75	0	-123.75	331.011
11.25	0	-123.75	322.347
13.75	0	-123.75	312.993
16.25	0	-123.75	303.195
18.75	0	-123.75	293.303
21.25	0	-123.75	283.774
23.75	0	-123.75	275.043
26.25	0	-123.75	267.283
28.75	0	-123.75	260.701
31.25	0	-123.75	255.265
-30	0	-127.5	387.573
-27.5	0	-127.5	385.548
-25	0	-127.5	383.429
-22.5	0	-127.5	381.261
-20	0	-127.5	379.069
-17.5	0	-127.5	376.874
-15	0	-127.5	374.631
-12.5	0	-127.5	372.276
-10	0	-127.5	369.697
-7.5	0	-127.5	366.831
-5	0	-127.5	363.531
-2.5	0	-127.5	359.632
0	0	-127.5	355.064
2.5	0	-127.5	349.738
5	0	-127.5	343.612
7.5	0	-127.5	336.67
10	0	-127.5	328.92
12.5	0	-127.5	320.453
15	0	-127.5	311.407
17.5	0	-127.5	302.005
20	0	-127.5	292.601
22.5	0	-127.5	283.601
25	0	-127.5	275.368
27.5	0	-127.5	268.221
-26.25	0	-131.25	382.532
-23.75	0	-131.25	380.615
-21.25	0	-131.25	378.644
-18.75	0	-131.25	376.63
-16.25	0	-131.25	374.575
-13.75	0	-131.25	372.44
-11.25	0	-131.25	370.136
-8.75	0	-131.25	367.576
-6.25	0	-131.25	364.64
-3.75	0	-131.25	361.234
-1.25	0	-131.25	357.226
1.25	0	-131.25	352.555
3.75	0	-131.25	347.184
6.25	0	-131.25	341.077
8.75	0	-131.25	334.223
11.25	0	-131.25	326.672
13.75	0	-131.25	318.497
16.25	0	-131.25	309.856
18.75	0	-131.25	300.957
21.25	0	-131.25	292.088
23.75	0	-131.25	283.598
-22.5	0	-135	377.332
-20	0	-135	375.56
-17.5	0	-135	373.715
-15	0	-135	371.791
-12.5	0	-135	369.744
-10	0	-135	367.473
-7.5	0	-135	364.879
-5	0	-135	361.885
-2.5	0	-135	358.384
0	0	-135	354.302
2.5	0	-135	349.604
5	0	-135	344.258
7.5	0	-135	338.262
10	0	-135	331.619
12.5	0	-135	324.369
15	0	-135	316.591
17.5	0	-135	308.43
20	0	-135	300.084
-18.75	0	-138.75	372.009
-16.25	0	-138.75	370.32
-13.75	0	-138.75	368.512
-11.25	0	-138.75	366.525
-8.75	0	-138.75	364.26
-6.25	0	-138.75	361.623
-3.75	0	-138.75	358.561
-1.25	0	-138.75	355.032
1.25	0	-138.75	350.939
3.75	0	-138.75	346.293
6.25	0	-138.75	341.072
8.75	0	-138.75	335.285
11.25	0	-138.75	328.953
13.75	0	-138.75	322.102
16.25	0	-138.75	314.818
-15	0	-142.5	366.446
-12.5	0	-142.5	364.726
-10	0	-142.5	362.77
-7.5	0	-142.5	360.483
-5	0	-142.5	357.82
-2.5	0	-142.5	354.748
0	0	-142.5	351.231
2.5	0	-142.5	347.231
5	0	-142.5	342.718
7.5	0	-142.5	337.723
10	0	-142.5	332.251
12.5	0	-142.5	326.319
-11.25	0	-146.25	360.41
-8.75	0	-146.25	358.463
-6.25	0	-146.25	356.179
-3.75	0	-146.25	353.527
-1.25	0	-146.25	350.505
1.25	0	-146.25	347.092
3.75	0	-146.25	343.24
6.25	0	-146.25	338.984
8.75	0	-146.25	334.314
-7.5	0	-150	353.642
-5	0	-150	351.398
-2.5	0	-150	348.821
0	0	-150	345.915
2.5	0	-150	342.678
5	0	-150	339.096
-3.75	0	-153.75	346.208
-1.25	0	-153.75	343.77
1.25	0	-153.75	341.069
