# ============================================================
# DC Voltage Distribution Along Pseudosection
# Paper: A Comparative Study of Pseudo-diode Arrays and Standard Arrays
# Based on High-density DC Resistivity Method
# ============================================================
# First row: NX  NY  NPoints
# Subsequent rows: X  Y  Z  Voltage
#   X/Z: Spatial coordinates (m)
#   Voltage: Electric potential in Volts

312	126	2583
0	0	0	-3112.2	0	0
1	0	0	-2617.67	0	0
2	0	0	-2205.56	0	0
3	0	0	-1862.13	0	0
4	0	0	-1575.94	0	0
5	0	0	-1337.45	0	0
6	0	0	-1138.71	0	0
7	0	0	-973.092	0	0
8	0	0	-835.077	0	0
9	0	0	-720.064	0	0
10	0	0	-624.22	0	0
11	0	0	-544.35	0	0
12	0	0	-477.792	0	0
13	0	0	-422.326	0	0
14	0	0	-376.105	0	0
15	0	0	-337.588	0	0
16	0	0	-305.49	0	0
17	0	0	-278.742	0	0
18	0	0	-256.451	0	0
19	0	0	-237.876	0	0
20	0	0	-222.397	0	0
21	0	0	-209.497	0	0
22	0	0	-198.748	0	0
23	0	0	-189.79	0	0
24	0	0	-182.325	0	0
25	0	0	-176.104	0	0
26	0	0	-170.92	0	0
27	0	0	-166.6	0	0
28	0	0	-163	0	0
29	0	0	-160	0	0
30	0	1	-157.5	0	0
31	0	0	-156.25	0	0
32	0	1	-155	0	0
33	0	0	-153.75	0	0
34	0	1	-152.5	0	0
35	0	0	-151.25	0	0
36	0	1	-150	0	0
37	0	0	-148.75	0	0
38	0	1	-147.5	0	0
39	0	0	-146.25	0	0
40	0	1	-145	0	0
41	0	0	-143.75	0	0
42	0	1	-142.5	0	0
43	0	0	-141.25	0	0
44	0	1	-140	0	0
45	0	0	-138.75	0	0
46	0	1	-137.5	0	0
47	0	0	-136.25	0	0
48	0	1	-135	0	0
49	0	0	-133.75	0	0
50	0	1	-132.5	0	0
51	0	0	-131.25	0	0
52	0	1	-130	0	0
53	0	0	-128.75	0	0
54	0	1	-127.5	0	0
55	0	0	-126.25	0	0
56	0	1	-125	0	0
57	0	0	-123.75	0	0
58	0	1	-122.5	0	0
59	0	0	-121.25	0	0
60	0	1	-120	0	0
61	0	0	-118.75	0	0
62	0	1	-117.5	0	0
63	0	0	-116.25	0	0
64	0	1	-115	0	0
65	0	0	-113.75	0	0
66	0	1	-112.5	0	0
67	0	0	-111.25	0	0
68	0	1	-110	0	0
69	0	0	-108.75	0	0
70	0	1	-107.5	0	0
71	0	0	-106.25	0	0
72	0	1	-105	0	0
73	0	0	-103.75	0	0
74	0	1	-102.5	0	0
75	0	0	-101.25	0	0
76	0	1	-100	0	0
77	0	0	-98.75	0	0
78	0	1	-97.5	0	0
79	0	0	-96.25	0	0
80	0	1	-95	0	0
81	0	0	-93.75	0	0
82	0	1	-92.5	0	0
83	0	0	-91.25	0	0
84	0	1	-90	0	0
85	0	0	-88.75	0	0
86	0	1	-87.5	0	0
87	0	0	-86.25	0	0
88	0	1	-85	0	0
89	0	0	-83.75	0	0
90	0	1	-82.5	0	0
91	0	0	-81.25	0	0
92	0	1	-80	0	0
93	0	0	-78.75	0	0
94	0	1	-77.5	0	0
95	0	0	-76.25	0	0
96	0	1	-75	0	0
97	0	0	-73.75	0	0
98	0	1	-72.5	0	0
99	0	0	-71.25	0	0
100	0	1	-70	0	0
101	0	0	-68.75	0	0
102	0	1	-67.5	0	0
103	0	0	-66.25	0	0
104	0	1	-65	0	0
105	0	0	-63.75	0	0
106	0	1	-62.5	0	0
107	0	0	-61.25	0	0
108	0	1	-60	0	0
109	0	0	-58.75	0	0
110	0	1	-57.5	0	0
111	0	0	-56.25	0	0
112	0	1	-55	0	0
113	0	0	-53.75	0	0
114	0	1	-52.5	0	0
115	0	0	-51.25	0	0
116	0	1	-50	0	0
117	0	0	-48.75	0	0
118	0	1	-47.5	0	0
119	0	0	-46.25	0	0
120	0	1	-45	0	0
121	0	0	-43.75	0	0
122	0	1	-42.5	0	0
123	0	0	-41.25	0	0
124	0	1	-40	0	0
125	0	0	-38.75	0	0
126	0	1	-37.5	0	0
127	0	0	-36.25	0	0
128	0	1	-35	0	0
129	0	0	-33.75	0	0
130	0	1	-32.5	0	0
131	0	0	-31.25	0	0
132	0	1	-30	0	0
133	0	0	-28.75	0	0
134	0	1	-27.5	0	0
135	0	0	-26.25	0	0
136	0	1	-25	0	0
137	0	0	-23.75	0	0
138	0	1	-22.5	0	0
139	0	0	-21.25	0	0
140	0	1	-20	0	0
141	0	0	-18.75	0	0
142	0	1	-17.5	0	0
143	0	0	-16.25	0	0
144	0	1	-15	0	0
145	0	0	-13.75	0	0
146	0	1	-12.5	0	0
147	0	0	-11.25	0	0
148	0	1	-10	0	0
149	0	0	-8.75	0	0
150	0	1	-7.5	0	0
151	0	0	-6.25	0	0
152	0	1	-5	0	0
153	0	0	-3.75	0	0
154	0	1	-2.5	0	0
155	0	0	-1.25	0	0
156	0	1	0	0	0
157	0	0	1.25	0	0
158	0	1	2.5	0	0
159	0	0	3.75	0	0
160	0	1	5	0	0
161	0	0	6.25	0	0
162	0	1	7.5	0	0
163	0	0	8.75	0	0
164	0	1	10	0	0
165	0	0	11.25	0	0
166	0	1	12.5	0	0
167	0	0	13.75	0	0
168	0	1	15	0	0
169	0	0	16.25	0	0
170	0	1	17.5	0	0
171	0	0	18.75	0	0
172	0	1	20	0	0
173	0	0	21.25	0	0
174	0	1	22.5	0	0
175	0	0	23.75	0	0
176	0	1	25	0	0
177	0	0	26.25	0	0
178	0	1	27.5	0	0
179	0	0	28.75	0	0
180	0	1	30	0	0
181	0	0	31.25	0	0
182	0	1	32.5	0	0
183	0	0	33.75	0	0
184	0	1	35	0	0
185	0	0	36.25	0	0
186	0	1	37.5	0	0
187	0	0	38.75	0	0
188	0	1	40	0	0
189	0	0	41.25	0	0
190	0	1	42.5	0	0
191	0	0	43.75	0	0
192	0	1	45	0	0
193	0	0	46.25	0	0
194	0	1	47.5	0	0
195	0	0	48.75	0	0
196	0	1	50	0	0
197	0	0	51.25	0	0
198	0	1	52.5	0	0
199	0	0	53.75	0	0
200	0	1	55	0	0
201	0	0	56.25	0	0
202	0	1	57.5	0	0
203	0	0	58.75	0	0
204	0	1	60	0	0
205	0	0	61.25	0	0
206	0	1	62.5	0	0
207	0	0	63.75	0	0
208	0	1	65	0	0
209	0	0	66.25	0	0
210	0	1	67.5	0	0
211	0	0	68.75	0	0
212	0	1	70	0	0
213	0	0	71.25	0	0
214	0	1	72.5	0	0
215	0	0	73.75	0	0
216	0	1	75	0	0
217	0	0	76.25	0	0
218	0	1	77.5	0	0
219	0	0	78.75	0	0
220	0	1	80	0	0
221	0	0	81.25	0	0
222	0	1	82.5	0	0
223	0	0	83.75	0	0
224	0	1	85	0	0
225	0	0	86.25	0	0
226	0	1	87.5	0	0
227	0	0	88.75	0	0
228	0	1	90	0	0
229	0	0	91.25	0	0
230	0	1	92.5	0	0
231	0	0	93.75	0	0
232	0	1	95	0	0
233	0	0	96.25	0	0
234	0	1	97.5	0	0
235	0	0	98.75	0	0
236	0	1	100	0	0
237	0	0	101.25	0	0
238	0	1	102.5	0	0
239	0	0	103.75	0	0
240	0	1	105	0	0
241	0	0	106.25	0	0
242	0	1	107.5	0	0
243	0	0	108.75	0	0
244	0	1	110	0	0
245	0	0	111.25	0	0
246	0	1	112.5	0	0
247	0	0	113.75	0	0
248	0	1	115	0	0
249	0	0	116.25	0	0
250	0	1	117.5	0	0
251	0	0	118.75	0	0
252	0	1	120	0	0
253	0	0	121.25	0	0
254	0	1	122.5	0	0
255	0	0	123.75	0	0
256	0	1	125	0	0
257	0	0	126.25	0	0
258	0	1	127.5	0	0
259	0	0	128.75	0	0
260	0	1	130	0	0
261	0	0	131.25	0	0
262	0	1	132.5	0	0
263	0	0	133.75	0	0
264	0	1	135	0	0
265	0	0	136.25	0	0
266	0	1	137.5	0	0
267	0	0	138.75	0	0
268	0	1	140	0	0
269	0	0	141.25	0	0
270	0	1	142.5	0	0
271	0	0	143.75	0	0
272	0	1	145	0	0
273	0	0	146.25	0	0
274	0	1	147.5	0	0
275	0	0	148.75	0	0
276	0	1	150	0	0
277	0	0	151.25	0	0
278	0	1	152.5	0	0
279	0	0	153.75	0	0
280	0	1	155	0	0
281	0	0	156.25	0	0
282	0	0	158.75	0	0
283	0	0	161.75	0	0
284	0	0	165.35	0	0
285	0	0	169.67	0	0
286	0	0	174.854	0	0
287	0	0	181.075	0	0
288	0	0	188.54	0	0
289	0	0	197.498	0	0
290	0	0	208.247	0	0
291	0	0	221.147	0	0
292	0	0	236.626	0	0
293	0	0	255.201	0	0
294	0	0	277.492	0	0
295	0	0	304.24	0	0
296	0	0	336.338	0	0
297	0	0	374.855	0	0
298	0	0	421.076	0	0
299	0	0	476.542	0	0
300	0	0	543.1	0	0
301	0	0	622.97	0	0
302	0	0	718.814	0	0
303	0	0	833.827	0	0
304	0	0	971.842	0	0
305	0	0	1137.46	0	0
306	0	0	1336.2	0	0
307	0	0	1574.69	0	0
308	0	0	1860.88	0	0
309	0	0	2204.31	0	0
310	0	0	2616.42	0	0
311	0	0	3110.95	0	0
30	36	32	34	15.708	13.6095	100
32	38	34	36	15.708	13.534	100
34	40	36	38	15.708	12.9157	100
36	42	38	40	15.708	13.9506	100
38	44	40	42	15.708	12.1776	100
40	46	42	44	15.708	14.4288	100
42	48	44	46	15.708	13.2064	100
44	50	46	48	15.708	13.1029	100
46	52	48	50	15.708	13.4897	100
48	54	50	52	15.708	12.759	100
50	56	52	54	15.708	13.8536	100
52	58	54	56	15.708	13.5417	100
54	60	56	58	15.708	13.9069	100
56	62	58	60	15.708	13.6673	100
58	64	60	62	15.708	13.5324	100
60	66	62	64	15.708	12.8731	100
62	68	64	66	15.708	13.7859	100
64	70	66	68	15.708	13.2335	100
66	72	68	70	15.708	13.8334	100
68	74	70	72	15.708	13.9124	100
70	76	72	74	15.708	13.3853	100
72	78	74	76	15.708	13.9974	100
74	80	76	78	15.708	13.2803	100
76	82	78	80	15.708	13.6178	100
78	84	80	82	15.708	12.8606	100
80	86	82	84	15.708	14.3697	100
82	88	84	86	15.708	12.8475	100
84	90	86	88	15.708	13.974	100
86	92	88	90	15.708	13.444	100
88	94	90	92	15.708	13.0272	100
90	96	92	94	15.708	13.9581	100
92	98	94	96	15.708	13.3609	100
94	100	96	98	15.708	13.9513	100
96	102	98	100	15.708	13.7381	100
98	104	100	102	15.708	13.8135	100
100	106	102	104	15.708	13.8269	100
102	108	104	106	15.708	13.9401	100
104	110	106	108	15.708	13.6801	100
106	112	108	110	15.708	12.9568	100
108	114	110	112	15.708	14.0144	100
110	116	112	114	15.708	13.0208	100
112	118	114	116	15.708	13.961	100
114	120	116	118	15.708	12.8031	100
116	122	118	120	15.708	13.7586	100
118	124	120	122	15.708	12.8599	100
120	126	122	124	15.708	13.8939	100
122	128	124	126	15.708	13.4911	100
124	130	126	128	15.708	13.1399	100
126	132	128	130	15.708	13.6834	100
128	134	130	132	15.708	13.2276	100
130	136	132	134	15.708	13.527	100
132	138	134	136	15.708	13.3461	100
134	140	136	138	15.708	13.7356	100
136	142	138	140	15.708	13.2554	100
138	144	140	142	15.708	13.1729	100
140	146	142	144	15.708	13.9796	100
142	148	144	146	15.708	12.7744	100
144	150	146	148	15.708	13.632	100
146	152	148	150	15.708	13.5408	100
148	154	150	152	15.708	12.8053	100
150	156	152	154	15.708	13.9298	100
152	158	154	156	15.708	12.1448	100
154	160	156	158	15.708	12.8979	100
156	162	158	160	15.708	12.6134	100
158	164	160	162	15.708	13.4364	100
160	166	162	164	15.708	12.8024	100
162	168	164	166	15.708	13.7944	100
164	170	166	168	15.708	12.8859	100
166	172	168	170	15.708	14.083	100
168	174	170	172	15.708	12.9954	100
170	176	172	174	15.708	13.0049	100
172	178	174	176	15.708	13.6305	100
174	180	176	178	15.708	13.0345	100
176	182	178	180	15.708	13.2783	100
178	184	180	182	15.708	13.6706	100
180	186	182	184	15.708	13.0877	100
182	188	184	186	15.708	13.5526	100
184	190	186	188	15.708	13.5232	100
186	192	188	190	15.708	13.0313	100
188	194	190	192	15.708	13.73	100
190	196	192	194	15.708	12.8793	100
192	198	194	196	15.708	13.7162	100
194	200	196	198	15.708	13.4636	100
196	202	198	200	15.708	13.2645	100
198	204	200	202	15.708	13.7824	100
200	206	202	204	15.708	12.6966	100
202	208	204	206	15.708	13.1491	100
204	210	206	208	15.708	13.8773	100
206	212	208	210	15.708	12.7897	100
208	214	210	212	15.708	12.8154	100
210	216	212	214	15.708	13.8468	100
212	218	214	216	15.708	12.8597	100
214	220	216	218	15.708	13.5963	100
216	222	218	220	15.708	13.6501	100
218	224	220	222	15.708	13.4547	100
220	226	222	224	15.708	13.4235	100
222	228	224	226	15.708	12.8107	100
224	230	226	228	15.708	14.0546	100
226	232	228	230	15.708	12.9619	100
228	234	230	232	15.708	13.6015	100
230	236	232	234	15.708	13.6189	100
232	238	234	236	15.708	12.8373	100
234	240	236	238	15.708	13.2614	100
236	242	238	240	15.708	12.952	100
238	244	240	242	15.708	13.0904	100
240	246	242	244	15.708	13.5303	100
242	248	244	246	15.708	13.0696	100
244	250	246	248	15.708	13.4284	100
246	252	248	250	15.708	12.6981	100
248	254	250	252	15.708	13.5277	100
250	256	252	254	15.708	12.3682	100
252	258	254	256	15.708	13.0318	100
254	260	256	258	15.708	13.3631	100
256	262	258	260	15.708	12.1548	100
258	264	260	262	15.708	13.4401	100
260	266	262	264	15.708	12.4073	100
262	268	264	266	15.708	13.5239	100
264	270	266	268	15.708	13.1061	100
266	272	268	270	15.708	13.2385	100
268	274	270	272	15.708	14.0289	100
270	276	272	274	15.708	12.9276	100
272	278	274	276	15.708	13.4214	100
274	280	276	278	15.708	12.291	100
30	42	34	38	31.4159	6.55786	100
32	44	36	40	31.4159	6.93334	100
34	46	38	42	31.4159	6.79986	100
36	48	40	44	31.4159	6.73278	100
38	50	42	46	31.4159	6.68095	100
40	52	44	48	31.4159	6.65223	100
42	54	46	50	31.4159	6.60887	100
44	56	48	52	31.4159	6.97784	100
46	58	50	54	31.4159	6.89527	100
48	60	52	56	31.4159	6.62777	100
50	62	54	58	31.4159	6.75764	100
52	64	56	60	31.4159	6.69778	100
54	66	58	62	31.4159	6.92781	100
56	68	60	64	31.4159	6.82437	100
58	70	62	66	31.4159	6.96835	100
60	72	64	68	31.4159	6.92634	100
62	74	66	70	31.4159	6.79079	100
64	76	68	72	31.4159	6.62611	100
66	78	70	74	31.4159	6.78565	100
68	80	72	76	31.4159	6.90672	100
70	82	74	78	31.4159	6.98476	100
72	84	76	80	31.4159	6.82625	100
74	86	78	82	31.4159	6.83788	100
76	88	80	84	31.4159	6.72276	100
78	90	82	86	31.4159	6.72283	100
80	92	84	88	31.4159	6.75872	100
82	94	86	90	31.4159	6.69349	100
84	96	88	92	31.4159	6.67372	100
86	98	90	94	31.4159	6.67911	100
88	100	92	96	31.4159	6.7656	100
90	102	94	98	31.4159	6.76529	100
92	104	96	100	31.4159	6.70837	100
94	106	98	102	31.4159	6.77134	100
96	108	100	104	31.4159	6.61628	100
98	110	102	106	31.4159	6.75127	100
100	112	104	108	31.4159	6.8416	100
102	114	106	110	31.4159	6.70348	100
104	116	108	112	31.4159	6.7523	100
106	118	110	114	31.4159	6.75693	100
108	120	112	116	31.4159	6.57438	100
110	122	114	118	31.4159	6.71023	100
112	124	116	120	31.4159	6.82872	100
114	126	118	122	31.4159	6.67642	100
116	128	120	124	31.4159	6.71605	100
118	130	122	126	31.4159	6.62671	100
120	132	124	128	31.4159	6.6063	100
122	134	126	130	31.4159	6.67983	100
124	136	128	132	31.4159	6.85522	100
126	138	130	134	31.4159	6.5866	100
128	140	132	136	31.4159	6.8232	100
130	142	134	138	31.4159	6.79438	100
132	144	136	140	31.4159	6.48109	100
134	146	138	142	31.4159	6.61537	100
136	148	140	144	31.4159	6.67846	100
138	150	142	146	31.4159	6.57948	100
140	152	144	148	31.4159	6.57507	100
142	154	146	150	31.4159	6.62977	100
144	156	148	152	31.4159	6.59643	100
146	158	150	154	31.4159	6.57466	100
148	160	152	156	31.4159	6.21673	100
150	162	154	158	31.4159	6.2572	100
152	164	156	160	31.4159	6.42531	100
154	166	158	162	31.4159	6.40037	100
156	168	160	164	31.4159	6.32727	100
158	170	162	166	31.4159	6.28613	100
160	172	164	168	31.4159	6.46503	100
162	174	166	170	31.4159	6.44399	100
164	176	168	172	31.4159	6.46057	100
166	178	170	174	31.4159	6.22062	100
168	180	172	176	31.4159	6.44648	100
170	182	174	178	31.4159	6.24991	100
172	184	176	180	31.4159	6.41057	100
174	186	178	182	31.4159	6.30996	100
176	188	180	184	31.4159	6.3624	100
178	190	182	186	31.4159	6.29337	100
180	192	184	188	31.4159	6.34238	100
182	194	186	190	31.4159	6.2751	100
184	196	188	192	31.4159	6.44124	100
186	198	190	194	31.4159	6.42961	100
188	200	192	196	31.4159	6.37403	100
190	202	194	198	31.4159	6.20113	100
192	204	196	200	31.4159	6.19163	100
194	206	198	202	31.4159	6.42047	100
196	208	200	204	31.4159	6.46132	100
198	210	202	206	31.4159	6.37179	100
200	212	204	208	31.4159	6.2543	100
202	214	206	210	31.4159	6.32785	100
204	216	208	212	31.4159	6.31977	100
206	218	210	214	31.4159	6.50787	100
208	220	212	216	31.4159	6.53001	100
210	222	214	218	31.4159	6.48711	100
212	224	216	220	31.4159	6.25855	100
214	226	218	222	31.4159	6.28511	100
216	228	220	224	31.4159	6.31889	100
218	230	222	226	31.4159	6.53792	100
220	232	224	228	31.4159	6.49872	100
222	234	226	230	31.4159	6.26534	100
224	236	228	232	31.4159	6.24752	100
226	238	230	234	31.4159	6.3989	100
228	240	232	236	31.4159	6.33929	100
230	242	234	238	31.4159	6.48006	100
232	244	236	240	31.4159	6.47157	100
234	246	238	242	31.4159	6.31845	100
236	248	240	244	31.4159	6.26356	100
238	250	242	246	31.4159	6.44989	100
240	252	244	248	31.4159	6.38117	100
242	254	246	250	31.4159	6.59175	100
244	256	248	252	31.4159	6.31653	100
246	258	250	254	31.4159	6.12892	100
248	260	252	256	31.4159	6.37761	100
250	262	254	258	31.4159	6.55471	100
252	264	256	260	31.4159	6.34761	100
254	266	258	262	31.4159	6.37797	100
256	268	260	264	31.4159	6.40598	100
258	270	262	266	31.4159	6.4072	100
260	272	264	268	31.4159	6.38789	100
262	274	266	270	31.4159	6.55449	100
264	276	268	272	31.4159	6.24855	100
266	278	270	274	31.4159	6.29511	100
268	280	272	276	31.4159	6.43288	100
30	48	36	42	47.1239	4.98211	100
32	50	38	44	47.1239	4.89473	100
34	52	40	46	47.1239	5.04731	100
36	54	42	48	47.1239	5.02777	100
38	56	44	50	47.1239	4.96229	100
40	58	46	52	47.1239	5.05315	100
42	60	48	54	47.1239	4.977	100
44	62	50	56	47.1239	4.97203	100
46	64	52	58	47.1239	4.82853	100
48	66	54	60	47.1239	4.87086	100
50	68	56	62	47.1239	5.06626	100
52	70	58	64	47.1239	5.05944	100
54	72	60	66	47.1239	5.05067	100
56	74	62	68	47.1239	4.8323	100
58	76	64	70	47.1239	4.83771	100
60	78	66	72	47.1239	5.01549	100
62	80	68	74	47.1239	4.96351	100
64	82	70	76	47.1239	4.84425	100
66	84	72	78	47.1239	4.85247	100
68	86	74	80	47.1239	4.97529	100
70	88	76	82	47.1239	4.91506	100
72	90	78	84	47.1239	5.02715	100
74	92	80	86	47.1239	4.81801	100
76	94	82	88	47.1239	4.86478	100
78	96	84	90	47.1239	4.9342	100
80	98	86	92	47.1239	4.92398	100
82	100	88	94	47.1239	4.97837	100
84	102	90	96	47.1239	4.85411	100
86	104	92	98	47.1239	4.93307	100
88	106	94	100	47.1239	4.80256	100
90	108	96	102	47.1239	4.77618	100
92	110	98	104	47.1239	4.83812	100
94	112	100	106	47.1239	4.83433	100
96	114	102	108	47.1239	4.74011	100
98	116	104	110	47.1239	4.79441	100
100	118	106	112	47.1239	4.98481	100
102	120	108	114	47.1239	4.9626	100
104	122	110	116	47.1239	4.91473	100
106	124	112	118	47.1239	4.82442	100
108	126	114	120	47.1239	4.93945	100
110	128	116	122	47.1239	4.94199	100
112	130	118	124	47.1239	4.81945	100
114	132	120	126	47.1239	4.92445	100
116	134	122	128	47.1239	4.91974	100
118	136	124	130	47.1239	4.80983	100
120	138	126	132	47.1239	4.66965	100
122	140	128	134	47.1239	4.8271	100
124	142	130	136	47.1239	4.65943	100
126	144	132	138	47.1239	4.61409	100
128	146	134	140	47.1239	4.76135	100
130	148	136	142	47.1239	4.71738	100
132	150	138	144	47.1239	4.62921	100
134	152	140	146	47.1239	4.64698	100
136	154	142	148	47.1239	4.63279	100
138	156	144	150	47.1239	4.56903	100
140	158	146	152	47.1239	4.39017	100
142	160	148	154	47.1239	4.3619	100
144	162	150	156	47.1239	4.36787	100
146	164	152	158	47.1239	4.35835	100
148	166	154	160	47.1239	4.2267	100
150	168	156	162	47.1239	4.38851	100
152	170	158	164	47.1239	4.32896	100
154	172	160	166	47.1239	4.24434	100
156	174	162	168	47.1239	4.18551	100
158	176	164	170	47.1239	4.31063	100
160	178	166	172	47.1239	4.25514	100
162	180	168	174	47.1239	4.34742	100
164	182	170	176	47.1239	4.23586	100
166	184	172	178	47.1239	4.15791	100
168	186	174	180	47.1239	4.20476	100
170	188	176	182	47.1239	4.22669	100
172	190	178	184	47.1239	4.14089	100
174	192	180	186	47.1239	4.25311	100
176	194	182	188	47.1239	4.14492	100
178	196	184	190	47.1239	4.06609	100
180	198	186	192	47.1239	4.12446	100
182	200	188	194	47.1239	4.15242	100
184	202	190	196	47.1239	4.21134	100
186	204	192	198	47.1239	4.08438	100
188	206	194	200	47.1239	4.05772	100
190	208	196	202	47.1239	4.09116	100
192	210	198	204	47.1239	4.04123	100
194	212	200	206	47.1239	4.0581	100
196	214	202	208	47.1239	4.12858	100
198	216	204	210	47.1239	4.02081	100
200	218	206	212	47.1239	4.20029	100
202	220	208	214	47.1239	4.22843	100
204	222	210	216	47.1239	4.20223	100
206	224	212	218	47.1239	4.23003	100
208	226	214	220	47.1239	4.2148	100
210	228	216	222	47.1239	4.1837	100
212	230	218	224	47.1239	4.14394	100
214	232	220	226	47.1239	4.16311	100
216	234	222	228	47.1239	4.30662	100
218	236	224	230	47.1239	4.17566	100
220	238	226	232	47.1239	4.30865	100
222	240	228	234	47.1239	4.19106	100
224	242	230	236	47.1239	4.18218	100
226	244	232	238	47.1239	4.24302	100
228	246	234	240	47.1239	4.2944	100
230	248	236	242	47.1239	4.29171	100
232	250	238	244	47.1239	4.14492	100
234	252	240	246	47.1239	4.31261	100
236	254	242	248	47.1239	4.25779	100
238	256	244	250	47.1239	4.23522	100
240	258	246	252	47.1239	4.37287	100
242	260	248	254	47.1239	4.34908	100
244	262	250	256	47.1239	4.35853	100
246	264	252	258	47.1239	4.34258	100
248	266	254	260	47.1239	4.2435	100
250	268	256	262	47.1239	4.24401	100
252	270	258	264	47.1239	4.24621	100
254	272	260	266	47.1239	4.27469	100
256	274	262	268	47.1239	4.27844	100
258	276	264	270	47.1239	4.38849	100
260	278	266	272	47.1239	4.3021	100
262	280	268	274	47.1239	4.23766	100
30	54	38	46	62.8319	4.14639	100
32	56	40	48	62.8319	4.036	100
34	58	42	50	62.8319	4.19478	100
36	60	44	52	62.8319	4.06501	100
38	62	46	54	62.8319	4.16161	100
40	64	48	56	62.8319	4.04788	100
42	66	50	58	62.8319	4.11925	100
44	68	52	60	62.8319	4.14811	100
46	70	54	62	62.8319	4.10636	100
48	72	56	64	62.8319	4.10694	100
50	74	58	66	62.8319	4.01743	100
52	76	60	68	62.8319	4.15703	100
54	78	62	70	62.8319	4.19789	100
56	80	64	72	62.8319	4.1327	100
58	82	66	74	62.8319	4.09924	100
60	84	68	76	62.8319	4.0132	100
62	86	70	78	62.8319	4.10054	100
64	88	72	80	62.8319	4.18093	100
66	90	74	82	62.8319	4.07989	100
68	92	76	84	62.8319	4.05864	100
70	94	78	86	62.8319	4.11119	100
72	96	80	88	62.8319	4.02159	100
74	98	82	90	62.8319	3.99458	100
76	100	84	92	62.8319	4.16699	100
78	102	86	94	62.8319	4.09175	100
80	104	88	96	62.8319	4.05877	100
82	106	90	98	62.8319	4.03927	100
84	108	92	100	62.8319	3.95573	100
86	110	94	102	62.8319	4.01071	100
88	112	96	104	62.8319	3.9292	100
90	114	98	106	62.8319	3.98755	100
92	116	100	108	62.8319	3.92921	100
94	118	102	110	62.8319	3.94969	100
96	120	104	112	62.8319	3.95168	100
98	122	106	114	62.8319	3.96298	100
100	124	108	116	62.8319	4.06076	100
102	126	110	118	62.8319	3.94689	100
104	128	112	120	62.8319	4.02956	100
106	130	114	122	62.8319	3.9483	100
108	132	116	124	62.8319	4.00866	100
110	134	118	126	62.8319	3.90412	100
112	136	120	128	62.8319	3.93796	100
114	138	122	130	62.8319	3.9311	100
116	140	124	132	62.8319	3.84263	100
118	142	126	134	62.8319	3.80049	100
120	144	128	136	62.8319	3.74746	100
122	146	130	138	62.8319	3.76214	100
124	148	132	140	62.8319	3.79543	100
126	150	134	142	62.8319	3.62856	100
128	152	136	144	62.8319	3.73974	100
130	154	138	146	62.8319	3.56515	100
132	156	140	148	62.8319	3.62064	100
134	158	142	150	62.8319	3.44961	100
136	160	144	152	62.8319	3.41307	100
138	162	146	154	62.8319	3.43706	100
140	164	148	156	62.8319	3.37999	100
142	166	150	158	62.8319	3.34601	100
144	168	152	160	62.8319	3.22039	100
146	170	154	162	62.8319	3.30098	100
148	172	156	164	62.8319	3.1752	100
150	174	158	166	62.8319	3.1641	100
152	176	160	168	62.8319	3.13472	100
154	178	162	170	62.8319	3.13827	100
156	180	164	172	62.8319	3.12951	100
158	182	166	174	62.8319	3.11261	100
160	184	168	176	62.8319	3.1315	100
162	186	170	178	62.8319	3.06399	100
164	188	172	180	62.8319	3.12911	100
166	190	174	182	62.8319	3.07262	100
168	192	176	184	62.8319	3.11281	100
170	194	178	186	62.8319	3.07814	100
172	196	180	188	62.8319	3.07836	100
174	198	182	190	62.8319	3.01188	100
176	200	184	192	62.8319	2.9918	100
178	202	186	194	62.8319	2.93362	100
180	204	188	196	62.8319	2.9853	100
182	206	190	198	62.8319	2.91623	100
184	208	192	200	62.8319	2.89987	100
186	210	194	202	62.8319	2.87045	100
188	212	196	204	62.8319	2.87155	100
190	214	198	206	62.8319	2.87339	100
192	216	200	208	62.8319	2.91919	100
194	218	202	210	62.8319	3.01195	100
196	220	204	212	62.8319	2.93229	100
198	222	206	214	62.8319	2.99866	100
200	224	208	216	62.8319	3.03118	100
202	226	210	218	62.8319	3.10987	100
204	228	212	220	62.8319	3.01953	100
206	230	214	222	62.8319	3.09586	100
208	232	216	224	62.8319	3.0805	100
210	234	218	226	62.8319	3.02785	100
212	236	220	228	62.8319	3.1161	100
214	238	222	230	62.8319	3.09822	100
216	240	224	232	62.8319	3.07292	100
218	242	226	234	62.8319	3.17916	100
220	244	228	236	62.8319	3.16749	100
222	246	230	238	62.8319	3.18432	100
224	248	232	240	62.8319	3.08481	100
226	250	234	242	62.8319	3.15186	100
228	252	236	244	62.8319	3.10168	100
230	254	238	246	62.8319	3.20254	100
232	256	240	248	62.8319	3.08578	100
234	258	242	250	62.8319	3.20652	100
236	260	244	252	62.8319	3.10704	100
238	262	246	254	62.8319	3.14212	100
240	264	248	256	62.8319	3.24333	100
242	266	250	258	62.8319	3.20643	100
244	268	252	260	62.8319	3.1872	100
246	270	254	262	62.8319	3.14075	100
248	272	256	264	62.8319	3.23218	100
250	274	258	266	62.8319	3.23473	100
252	276	260	268	62.8319	3.17721	100
254	278	262	270	62.8319	3.13725	100
256	280	264	272	62.8319	3.23511	100
30	60	40	50	78.5398	3.65738	100
32	62	42	52	78.5398	3.68208	100
34	64	44	54	78.5398	3.62733	100
36	66	46	56	78.5398	3.64896	100
38	68	48	58	78.5398	3.7353	100
40	70	50	60	78.5398	3.57109	100
42	72	52	62	78.5398	3.57205	100
44	74	54	64	78.5398	3.60283	100
46	76	56	66	78.5398	3.70564	100
48	78	58	68	78.5398	3.67807	100
50	80	60	70	78.5398	3.659	100
52	82	62	72	78.5398	3.69679	100
54	84	64	74	78.5398	3.65476	100
56	86	66	76	78.5398	3.62572	100
58	88	68	78	78.5398	3.71044	100
60	90	70	80	78.5398	3.5485	100
62	92	72	82	78.5398	3.63375	100
64	94	74	84	78.5398	3.65767	100
66	96	76	86	78.5398	3.53491	100
68	98	78	88	78.5398	3.57516	100
70	100	80	90	78.5398	3.6428	100
72	102	82	92	78.5398	3.56103	100
74	104	84	94	78.5398	3.53708	100
76	106	86	96	78.5398	3.55322	100
78	108	88	98	78.5398	3.62945	100
80	110	90	100	78.5398	3.54699	100
82	112	92	102	78.5398	3.49198	100
84	114	94	104	78.5398	3.55784	100
86	116	96	106	78.5398	3.5699	100
88	118	98	108	78.5398	3.47771	100
90	120	100	110	78.5398	3.47605	100
92	122	102	112	78.5398	3.45909	100
94	124	104	114	78.5398	3.55555	100
96	126	106	116	78.5398	3.49111	100
98	128	108	118	78.5398	3.49451	100
100	130	110	120	78.5398	3.49893	100
102	132	112	122	78.5398	3.453	100
104	134	114	124	78.5398	3.45446	100
106	136	116	126	78.5398	3.48003	100
108	138	118	128	78.5398	3.36937	100
110	140	120	130	78.5398	3.34829	100
112	142	122	132	78.5398	3.34573	100
114	144	124	134	78.5398	3.25628	100
116	146	126	136	78.5398	3.35484	100
118	148	128	138	78.5398	3.32929	100
120	150	130	140	78.5398	3.1577	100
122	152	132	142	78.5398	3.26789	100
124	154	134	144	78.5398	3.15099	100
126	156	136	146	78.5398	3.14733	100
128	158	138	148	78.5398	2.97941	100
130	160	140	150	78.5398	3.03742	100
132	162	142	152	78.5398	2.92793	100
134	164	144	154	78.5398	2.8405	100
136	166	146	156	78.5398	2.87251	100
138	168	148	158	78.5398	2.79229	100
140	170	150	160	78.5398	2.64944	100
142	172	152	162	78.5398	2.64717	100
144	174	154	164	78.5398	2.68657	100
146	176	156	166	78.5398	2.61609	100
148	178	158	168	78.5398	2.63363	100
150	180	160	170	78.5398	2.49168	100
152	182	162	172	78.5398	2.56281	100
154	184	164	174	78.5398	2.45592	100
156	186	166	176	78.5398	2.51913	100
158	188	168	178	78.5398	2.43236	100
160	190	170	180	78.5398	2.46958	100
162	192	172	182	78.5398	2.43506	100
164	194	174	184	78.5398	2.45908	100
166	196	176	186	78.5398	2.39216	100
168	198	178	188	78.5398	2.39174	100
170	200	180	190	78.5398	2.35857	100
172	202	182	192	78.5398	2.40125	100
174	204	184	194	78.5398	2.28144	100
176	206	186	196	78.5398	2.29837	100
178	208	188	198	78.5398	2.2995	100
180	210	190	200	78.5398	2.18621	100
182	212	192	202	78.5398	2.22381	100
184	214	194	204	78.5398	2.22878	100
186	216	196	206	78.5398	2.1998	100
188	218	198	208	78.5398	2.19264	100
190	220	200	210	78.5398	2.26683	100
192	222	202	212	78.5398	2.24002	100
194	224	204	214	78.5398	2.21189	100
196	226	206	216	78.5398	2.27593	100
198	228	208	218	78.5398	2.31894	100
200	230	210	220	78.5398	2.37806	100
202	232	212	222	78.5398	2.34221	100
204	234	214	224	78.5398	2.39697	100
206	236	216	226	78.5398	2.39381	100
208	238	218	228	78.5398	2.43469	100
210	240	220	230	78.5398	2.40937	100
212	242	222	232	78.5398	2.41398	100
214	244	224	234	78.5398	2.43695	100
216	246	226	236	78.5398	2.47534	100
218	248	228	238	78.5398	2.45228	100
220	250	230	240	78.5398	2.41099	100
222	252	232	242	78.5398	2.49026	100
224	254	234	244	78.5398	2.44131	100
226	256	236	246	78.5398	2.43702	100
228	258	238	248	78.5398	2.46167	100
230	260	240	250	78.5398	2.54387	100
232	262	242	252	78.5398	2.5117	100
234	264	244	254	78.5398	2.47389	100
236	266	246	256	78.5398	2.46095	100
238	268	248	258	78.5398	2.47968	100
240	270	250	260	78.5398	2.48011	100
242	272	252	262	78.5398	2.48968	100
244	274	254	264	78.5398	2.5754	100
246	276	256	266	78.5398	2.47411	100
248	278	258	268	78.5398	2.57264	100
250	280	260	270	78.5398	2.51445	100
30	66	42	54	94.2478	3.28298	100
32	68	44	56	94.2478	3.33471	100
34	70	46	58	94.2478	3.3321	100
36	72	48	60	94.2478	3.33671	100
38	74	50	62	94.2478	3.41959	100
40	76	52	64	94.2478	3.30353	100
42	78	54	66	94.2478	3.40336	100
44	80	56	68	94.2478	3.38464	100
46	82	58	70	94.2478	3.41214	100
48	84	60	72	94.2478	3.39229	100
50	86	62	74	94.2478	3.3323	100
52	88	64	76	94.2478	3.35176	100
54	90	66	78	94.2478	3.34142	100
56	92	68	80	94.2478	3.29887	100
58	94	70	82	94.2478	3.26256	100
60	96	72	84	94.2478	3.3429	100
62	98	74	86	94.2478	3.3916	100
64	100	76	88	94.2478	3.27672	100
66	102	78	90	94.2478	3.34371	100
68	104	80	92	94.2478	3.25039	100
70	106	82	94	94.2478	3.2344	100
72	108	84	96	94.2478	3.25014	100
74	110	86	98	94.2478	3.27072	100
76	112	88	100	94.2478	3.22041	100
78	114	90	102	94.2478	3.24863	100
80	116	92	104	94.2478	3.26495	100
82	118	94	106	94.2478	3.21931	100
84	120	96	108	94.2478	3.18372	100
86	122	98	110	94.2478	3.22819	100
88	124	100	112	94.2478	3.13987	100
90	126	102	114	94.2478	3.17599	100
92	128	104	116	94.2478	3.17663	100
94	130	106	118	94.2478	3.13724	100
96	132	108	120	94.2478	3.16629	100
98	134	110	122	94.2478	3.16524	100
100	136	112	124	94.2478	3.04562	100
102	138	114	126	94.2478	3.11833	100
104	140	116	128	94.2478	3.05366	100
106	142	118	130	94.2478	3.06904	100
108	144	120	132	94.2478	3.01612	100
110	146	122	134	94.2478	2.93788	100
112	148	124	136	94.2478	2.903	100
114	150	126	138	94.2478	2.87468	100
116	152	128	140	94.2478	2.93627	100
118	154	130	142	94.2478	2.86553	100
120	156	132	144	94.2478	2.79851	100
122	158	134	146	94.2478	2.76726	100
124	160	136	148	94.2478	2.72084	100
126	162	138	150	94.2478	2.6818	100
128	164	140	152	94.2478	2.56291	100
130	166	142	154	94.2478	2.56605	100
132	168	144	156	94.2478	2.50826	100
134	170	146	158	94.2478	2.41211	100
136	172	148	160	94.2478	2.32236	100
138	174	150	162	94.2478	2.25361	100
140	176	152	164	94.2478	2.31149	100
142	178	154	166	94.2478	2.25149	100
144	180	156	168	94.2478	2.16854	100
146	182	158	170	94.2478	2.10881	100
148	184	160	172	94.2478	2.09436	100
150	186	162	174	94.2478	2.07967	100
152	188	164	176	94.2478	2.06463	100
154	190	166	178	94.2478	1.96908	100
156	192	168	180	94.2478	1.94696	100
158	194	170	182	94.2478	1.97264	100
160	196	172	184	94.2478	2.00427	100
162	198	174	186	94.2478	1.93701	100
164	200	176	188	94.2478	1.93245	100
166	202	178	190	94.2478	1.9352	100
168	204	180	192	94.2478	1.88398	100
170	206	182	194	94.2478	1.85378	100
172	208	184	196	94.2478	1.81027	100
174	210	186	198	94.2478	1.83198	100
176	212	188	200	94.2478	1.79126	100
178	214	190	202	94.2478	1.71215	100
180	216	192	204	94.2478	1.71694	100
182	218	194	206	94.2478	1.68283	100
184	220	196	208	94.2478	1.73438	100
186	222	198	210	94.2478	1.68836	100
188	224	200	212	94.2478	1.78522	100
190	226	202	214	94.2478	1.82749	100
192	228	204	216	94.2478	1.84145	100
194	230	206	218	94.2478	1.85588	100
196	232	208	220	94.2478	1.8629	100
198	234	210	222	94.2478	1.83594	100
200	236	212	224	94.2478	1.91356	100
202	238	214	226	94.2478	1.89948	100
204	240	216	228	94.2478	1.93836	100
206	242	218	230	94.2478	1.87493	100
208	244	220	232	94.2478	1.94061	100
210	246	222	234	94.2478	1.90795	100
212	248	224	236	94.2478	1.96543	100
214	250	226	238	94.2478	1.9566	100
216	252	228	240	94.2478	1.96179	100
218	254	230	242	94.2478	2.02174	100
220	256	232	244	94.2478	2.05218	100
222	258	234	246	94.2478	1.99869	100
224	260	236	248	94.2478	1.9994	100
226	262	238	250	94.2478	2.04394	100
228	264	240	252	94.2478	2.11094	100
230	266	242	254	94.2478	2.0634	100
232	268	244	256	94.2478	2.09573	100
234	270	246	258	94.2478	2.0434	100
236	272	248	260	94.2478	2.05991	100
238	274	250	262	94.2478	2.08478	100
240	276	252	264	94.2478	2.07071	100
242	278	254	266	94.2478	2.11265	100
244	280	256	268	94.2478	2.09821	100
30	72	44	58	109.956	3.21354	100
32	74	46	60	109.956	3.17264	100
34	76	48	62	109.956	3.12453	100
36	78	50	64	109.956	3.20868	100
38	80	52	66	109.956	3.14263	100
40	82	54	68	109.956	3.07469	100
42	84	56	70	109.956	3.13003	100
44	86	58	72	109.956	3.14158	100
46	88	60	74	109.956	3.17609	100
48	90	62	76	109.956	3.19056	100
50	92	64	78	109.956	3.09665	100
52	94	66	80	109.956	3.17195	100
54	96	68	82	109.956	3.11615	100
56	98	70	84	109.956	3.10517	100
58	100	72	86	109.956	3.08629	100
60	102	74	88	109.956	3.14251	100
62	104	76	90	109.956	3.11545	100
64	106	78	92	109.956	3.01483	100
66	108	80	94	109.956	3.10281	100
68	110	82	96	109.956	3.12964	100
70	112	84	98	109.956	3.00568	100
72	114	86	100	109.956	2.98652	100
74	116	88	102	109.956	3.0956	100
76	118	90	104	109.956	3.04711	100
78	120	92	106	109.956	3.06255	100
80	122	94	108	109.956	3.07154	100
82	124	96	110	109.956	3.03091	100
84	126	98	112	109.956	2.91528	100
86	128	100	114	109.956	2.89363	100
88	130	102	116	109.956	2.90798	100
90	132	104	118	109.956	2.91645	100
92	134	106	120	109.956	2.80624	100
94	136	108	122	109.956	2.77694	100
96	138	110	124	109.956	2.73746	100
98	140	112	126	109.956	2.84119	100
100	142	114	128	109.956	2.75433	100
102	144	116	130	109.956	2.66035	100
104	146	118	132	109.956	2.67986	100
106	148	120	134	109.956	2.61494	100
108	150	122	136	109.956	2.69686	100
110	152	124	138	109.956	2.60489	100
112	154	126	140	109.956	2.59662	100
114	156	128	142	109.956	2.60593	100
116	158	130	144	109.956	2.58941	100
118	160	132	146	109.956	2.55906	100
120	162	134	148	109.956	2.41444	100
122	164	136	150	109.956	2.42723	100
124	166	138	152	109.956	2.36208	100
126	168	140	154	109.956	2.25274	100
128	170	142	156	109.956	2.20798	100
130	172	144	158	109.956	2.16697	100
132	174	146	160	109.956	2.09147	100
134	176	148	162	109.956	2.04653	100
136	178	150	164	109.956	1.99045	100
138	180	152	166	109.956	2.00114	100
140	182	154	168	109.956	1.88548	100
142	184	156	170	109.956	1.85316	100
144	186	158	172	109.956	1.84781	100
146	188	160	174	109.956	1.7731	100
148	190	162	176	109.956	1.74905	100
150	192	164	178	109.956	1.69022	100
152	194	166	180	109.956	1.73644	100
154	196	168	182	109.956	1.67551	100
156	198	170	184	109.956	1.63142	100
158	200	172	186	109.956	1.68214	100
160	202	174	188	109.956	1.62436	100
162	204	176	190	109.956	1.62706	100
164	206	178	192	109.956	1.54854	100
166	208	180	194	109.956	1.59003	100
168	210	182	196	109.956	1.55974	100
170	212	184	198	109.956	1.53247	100
172	214	186	200	109.956	1.44394	100
174	216	188	202	109.956	1.41789	100
176	218	190	204	109.956	1.41907	100
178	220	192	206	109.956	1.43472	100
180	222	194	208	109.956	1.43827	100
182	224	196	210	109.956	1.40794	100
184	226	198	212	109.956	1.42252	100
186	228	200	214	109.956	1.45191	100
188	230	202	216	109.956	1.48352	100
190	232	204	218	109.956	1.51438	100
192	234	206	220	109.956	1.55424	100
194	236	208	222	109.956	1.56924	100
196	238	210	224	109.956	1.60055	100
198	240	212	226	109.956	1.54899	100
200	242	214	228	109.956	1.59469	100
202	244	216	230	109.956	1.5552	100
204	246	218	232	109.956	1.58761	100
206	248	220	234	109.956	1.59421	100
208	250	222	236	109.956	1.61123	100
210	252	224	238	109.956	1.6576	100
212	254	226	240	109.956	1.64499	100
214	256	228	242	109.956	1.6546	100
216	258	230	244	109.956	1.6687	100
218	260	232	246	109.956	1.71298	100
220	262	234	248	109.956	1.70503	100
222	264	236	250	109.956	1.75689	100
224	266	238	252	109.956	1.73342	100
226	268	240	254	109.956	1.74437	100
228	270	242	256	109.956	1.77531	100
230	272	244	258	109.956	1.74125	100
232	274	246	260	109.956	1.75634	100
234	276	248	262	109.956	1.80921	100
236	278	250	264	109.956	1.77107	100
238	280	252	266	109.956	1.8104	100
30	78	46	62	125.664	2.98815	100
32	80	48	64	125.664	2.93631	100
34	82	50	66	125.664	2.92139	100
36	84	52	68	125.664	3.04474	100
38	86	54	70	125.664	2.99986	100
40	88	56	72	125.664	2.99792	100
42	90	58	74	125.664	2.98367	100
44	92	60	76	125.664	2.97231	100
46	94	62	78	125.664	2.95606	100
48	96	64	80	125.664	2.96297	100
50	98	66	82	125.664	2.97571	100
52	100	68	84	125.664	2.88613	100
54	102	70	86	125.664	2.95395	100
56	104	72	88	125.664	2.86234	100
58	106	74	90	125.664	2.91118	100
60	108	76	92	125.664	2.84509	100
62	110	78	94	125.664	2.96065	100
64	112	80	96	125.664	2.95641	100
66	114	82	98	125.664	2.88029	100
68	116	84	100	125.664	2.8431	100
70	118	86	102	125.664	2.88032	100
72	120	88	104	125.664	2.90158	100
74	122	90	106	125.664	2.78024	100
76	124	92	108	125.664	2.74968	100
78	126	94	110	125.664	2.76609	100
80	128	96	112	125.664	2.81469	100
82	130	98	114	125.664	2.70769	100
84	132	100	116	125.664	2.72352	100
86	134	102	118	125.664	2.69741	100
88	136	104	120	125.664	2.65746	100
90	138	106	122	125.664	2.58347	100
92	140	108	124	125.664	2.54353	100
94	142	110	126	125.664	2.58836	100
96	144	112	128	125.664	2.50813	100
98	146	114	130	125.664	2.45646	100
100	148	116	132	125.664	2.47405	100
102	150	118	134	125.664	2.40962	100
104	152	120	136	125.664	2.48349	100
106	154	122	138	125.664	2.37763	100
108	156	124	140	125.664	2.42485	100
110	158	126	142	125.664	2.37925	100
112	160	128	144	125.664	2.39721	100
114	162	130	146	125.664	2.36108	100
116	164	132	148	125.664	2.24375	100
118	166	134	150	125.664	2.28996	100
120	168	136	152	125.664	2.16706	100
122	170	138	154	125.664	2.10043	100
124	172	140	156	125.664	2.10765	100
126	174	142	158	125.664	1.98442	100
128	176	144	160	125.664	1.9691	100
130	178	146	162	125.664	1.86097	100
132	180	148	164	125.664	1.87334	100
134	182	150	166	125.664	1.79427	100
136	184	152	168	125.664	1.72168	100
138	186	154	170	125.664	1.72897	100
140	188	156	172	125.664	1.67622	100
142	190	158	174	125.664	1.56906	100
144	192	160	176	125.664	1.53202	100
146	194	162	178	125.664	1.51626	100
148	196	164	180	125.664	1.50573	100
150	198	166	182	125.664	1.48058	100
152	200	168	184	125.664	1.45718	100
154	202	170	186	125.664	1.45269	100
156	204	172	188	125.664	1.40238	100
158	206	174	190	125.664	1.422	100
160	208	176	192	125.664	1.40166	100
162	210	178	194	125.664	1.37087	100
164	212	180	196	125.664	1.35603	100
166	214	182	198	125.664	1.30893	100
168	216	184	200	125.664	1.28849	100
170	218	186	202	125.664	1.24395	100
172	220	188	204	125.664	1.19372	100
174	222	190	206	125.664	1.21167	100
176	224	192	208	125.664	1.18661	100
178	226	194	210	125.664	1.17775	100
180	228	196	212	125.664	1.20847	100
182	230	198	214	125.664	1.23139	100
184	232	200	216	125.664	1.24057	100
186	234	202	218	125.664	1.26331	100
188	236	204	220	125.664	1.31366	100
190	238	206	222	125.664	1.28401	100
192	240	208	224	125.664	1.33395	100
194	242	210	226	125.664	1.36207	100
196	244	212	228	125.664	1.36934	100
198	246	214	230	125.664	1.32318	100
200	248	216	232	125.664	1.38461	100
202	250	218	234	125.664	1.38169	100
204	252	220	236	125.664	1.35132	100
206	254	222	238	125.664	1.35194	100
208	256	224	240	125.664	1.37292	100
210	258	226	242	125.664	1.43501	100
212	260	228	244	125.664	1.44163	100
214	262	230	246	125.664	1.4665	100
216	264	232	248	125.664	1.4766	100
218	266	234	250	125.664	1.44972	100
220	268	236	252	125.664	1.51258	100
222	270	238	254	125.664	1.51749	100
224	272	240	256	125.664	1.55218	100
226	274	242	258	125.664	1.55089	100
228	276	244	260	125.664	1.53092	100
230	278	246	262	125.664	1.57232	100
232	280	248	264	125.664	1.54227	100
30	84	48	66	141.372	2.80876	100
32	86	50	68	141.372	2.79959	100
34	88	52	70	141.372	2.82819	100
36	90	54	72	141.372	2.82982	100
38	92	56	74	141.372	2.87108	100
40	94	58	76	141.372	2.7702	100
42	96	60	78	141.372	2.74191	100
44	98	62	80	141.372	2.78411	100
46	100	64	82	141.372	2.74903	100
48	102	66	84	141.372	2.75564	100
50	104	68	86	141.372	2.72549	100
52	106	70	88	141.372	2.71808	100
54	108	72	90	141.372	2.71679	100
56	110	74	92	141.372	2.71775	100
58	112	76	94	141.372	2.68813	100
60	114	78	96	141.372	2.66913	100
62	116	80	98	141.372	2.72816	100
64	118	82	100	141.372	2.67913	100
66	120	84	102	141.372	2.67567	100
68	122	86	104	141.372	2.68457	100
70	124	88	106	141.372	2.73831	100
72	126	90	108	141.372	2.60511	100
74	128	92	110	141.372	2.59388	100
76	130	94	112	141.372	2.56043	100
78	132	96	114	141.372	2.63248	100
80	134	98	116	141.372	2.59535	100
82	136	100	118	141.372	2.46146	100
84	138	102	120	141.372	2.49812	100
86	140	104	122	141.372	2.40636	100
88	142	106	124	141.372	2.44645	100
90	144	108	126	141.372	2.42526	100
92	146	110	128	141.372	2.36339	100
94	148	112	130	141.372	2.2913	100
96	150	114	132	141.372	2.30939	100
98	152	116	134	141.372	2.26589	100
100	154	118	136	141.372	2.24271	100
102	156	120	138	141.372	2.30181	100
104	158	122	140	141.372	2.2378	100
106	160	124	142	141.372	2.24449	100
108	162	126	144	141.372	2.15747	100
110	164	128	146	141.372	2.20229	100
112	166	130	148	141.372	2.1753	100
114	168	132	150	141.372	2.07416	100
116	170	134	152	141.372	1.99961	100
118	172	136	154	141.372	1.96229	100
120	174	138	156	141.372	1.93127	100
122	176	140	158	141.372	1.83646	100
124	178	142	160	141.372	1.83383	100
126	180	144	162	141.372	1.77184	100
128	182	146	164	141.372	1.68873	100
130	184	148	166	141.372	1.61939	100
132	186	150	168	141.372	1.60962	100
134	188	152	170	141.372	1.55032	100
136	190	154	172	141.372	1.49659	100
138	192	156	174	141.372	1.48579	100
140	194	158	176	141.372	1.4176	100
142	196	160	178	141.372	1.37031	100
144	198	162	180	141.372	1.38362	100
146	200	164	182	141.372	1.30268	100
148	202	166	184	141.372	1.30379	100
150	204	168	186	141.372	1.29842	100
152	206	170	188	141.372	1.23234	100
154	208	172	190	141.372	1.21943	100
156	210	174	192	141.372	1.24967	100
158	212	176	194	141.372	1.20207	100
160	214	178	196	141.372	1.16856	100
162	216	180	198	141.372	1.12785	100
164	218	182	200	141.372	1.11561	100
166	220	184	202	141.372	1.11459	100
168	222	186	204	141.372	1.09209	100
170	224	188	206	141.372	1.06042	100
172	226	190	208	141.372	1.05766	100
174	228	192	210	141.372	1.0564	100
176	230	194	212	141.372	1.06679	100
178	232	196	214	141.372	1.06974	100
180	234	198	216	141.372	1.04449	100
182	236	200	218	141.372	1.08532	100
184	238	202	220	141.372	1.13084	100
186	240	204	222	141.372	1.14033	100
188	242	206	224	141.372	1.12098	100
190	244	208	226	141.372	1.14857	100
192	246	210	228	141.372	1.14204	100
194	248	212	230	141.372	1.14358	100
196	250	214	232	141.372	1.1526	100
198	252	216	234	141.372	1.18859	100
200	254	218	236	141.372	1.21102	100
202	256	220	238	141.372	1.19606	100
204	258	222	240	141.372	1.22512	100
206	260	224	242	141.372	1.23286	100
208	262	226	244	141.372	1.23842	100
210	264	228	246	141.372	1.23581	100
212	266	230	248	141.372	1.26469	100
214	268	232	250	141.372	1.29108	100
216	270	234	252	141.372	1.29853	100
218	272	236	254	141.372	1.31682	100
220	274	238	256	141.372	1.3165	100
222	276	240	258	141.372	1.30919	100
224	278	242	260	141.372	1.37176	100
226	280	244	262	141.372	1.38471	100
30	90	50	70	157.08	2.71889	100
32	92	52	72	157.08	2.68027	100
34	94	54	74	157.08	2.63607	100
36	96	56	76	157.08	2.66236	100
38	98	58	78	157.08	2.63355	100
40	100	60	80	157.08	2.60721	100
42	102	62	82	157.08	2.6156	100
44	104	64	84	157.08	2.61791	100
46	106	66	86	157.08	2.64661	100
48	108	68	88	157.08	2.59251	100
50	110	70	90	157.08	2.57794	100
52	112	72	92	157.08	2.53013	100
54	114	74	94	157.08	2.63621	100
56	116	76	96	157.08	2.57907	100
58	118	78	98	157.08	2.51662	100
60	120	80	100	157.08	2.62686	100
62	122	82	102	157.08	2.50761	100
64	124	84	104	157.08	2.47995	100
66	126	86	106	157.08	2.53906	100
68	128	88	108	157.08	2.45799	100
70	130	90	110	157.08	2.53811	100
72	132	92	112	157.08	2.44373	100
74	134	94	114	157.08	2.44386	100
76	136	96	116	157.08	2.41068	100
78	138	98	118	157.08	2.32531	100
80	140	100	120	157.08	2.29586	100
82	142	102	122	157.08	2.26082	100
84	144	104	124	157.08	2.26341	100
86	146	106	126	157.08	2.20132	100
88	148	108	128	157.08	2.14923	100
90	150	110	130	157.08	2.16422	100
92	152	112	132	157.08	2.12909	100
94	154	114	134	157.08	2.16897	100
96	156	116	136	157.08	2.15876	100
98	158	118	138	157.08	2.15321	100
100	160	120	140	157.08	2.06711	100
102	162	122	142	157.08	2.03496	100
104	164	124	144	157.08	2.03003	100
106	166	126	146	157.08	2.04185	100
108	168	128	148	157.08	2.02354	100
110	170	130	150	157.08	1.96842	100
112	172	132	152	157.08	1.95689	100
114	174	134	154	157.08	1.89137	100
116	176	136	156	157.08	1.80885	100
118	178	138	158	157.08	1.74647	100
120	180	140	160	157.08	1.72058	100
122	182	142	162	157.08	1.62827	100
124	184	144	164	157.08	1.57734	100
126	186	146	166	157.08	1.54347	100
128	188	148	168	157.08	1.43454	100
130	190	150	170	157.08	1.43331	100
132	192	152	172	157.08	1.39851	100
134	194	154	174	157.08	1.338	100
136	196	156	176	157.08	1.29501	100
138	198	158	178	157.08	1.27196	100
140	200	160	180	157.08	1.25989	100
142	202	162	182	157.08	1.22888	100
144	204	164	184	157.08	1.21148	100
146	206	166	186	157.08	1.16287	100
148	208	168	188	157.08	1.17846	100
150	210	170	190	157.08	1.15005	100
152	212	172	192	157.08	1.12188	100
154	214	174	194	157.08	1.06969	100
156	216	176	196	157.08	1.06576	100
158	218	178	198	157.08	1.0364	100
160	220	180	200	157.08	1.03979	100
162	222	182	202	157.08	1.00153	100
164	224	184	204	157.08	0.969682	100
166	226	186	206	157.08	0.940434	100
168	228	188	208	157.08	0.933823	100
170	230	190	210	157.08	0.923377	100
172	232	192	212	157.08	0.947918	100
174	234	194	214	157.08	0.926519	100
176	236	196	216	157.08	0.925184	100
178	238	198	218	157.08	0.950323	100
180	240	200	220	157.08	0.984429	100
182	242	202	222	157.08	1.00709	100
184	244	204	224	157.08	1.01499	100
186	246	206	226	157.08	1.0034	100
188	248	208	228	157.08	1.0383	100
190	250	210	230	157.08	1.0519	100
192	252	212	232	157.08	1.01267	100
194	254	214	234	157.08	1.04633	100
196	256	216	236	157.08	1.03637	100
198	258	218	238	157.08	1.038	100
200	260	220	240	157.08	1.02602	100
202	262	222	242	157.08	1.03072	100
204	264	224	244	157.08	1.08535	100
206	266	226	246	157.08	1.08693	100
208	268	228	248	157.08	1.07671	100
210	270	230	250	157.08	1.11983	100
212	272	232	252	157.08	1.12037	100
214	274	234	254	157.08	1.16485	100
216	276	236	256	157.08	1.18289	100
218	278	238	258	157.08	1.14632	100
220	280	240	260	157.08	1.18468	100
30	96	52	74	172.788	2.57309	100
32	98	54	76	172.788	2.54115	100
34	100	56	78	172.788	2.55797	100
36	102	58	80	172.788	2.46151	100
38	104	60	82	172.788	2.44364	100
40	106	62	84	172.788	2.45391	100
42	108	64	86	172.788	2.42795	100
44	110	66	88	172.788	2.46697	100
46	112	68	90	172.788	2.45032	100
48	114	70	92	172.788	2.45656	100
50	116	72	94	172.788	2.42182	100
52	118	74	96	172.788	2.42819	100
54	120	76	98	172.788	2.41871	100
56	122	78	100	172.788	2.4426	100
58	124	80	102	172.788	2.38086	100
60	126	82	104	172.788	2.37735	100
62	128	84	106	172.788	2.40871	100
64	130	86	108	172.788	2.40887	100
66	132	88	110	172.788	2.36602	100
68	134	90	112	172.788	2.26521	100
70	136	92	114	172.788	2.33304	100
72	138	94	116	172.788	2.2795	100
74	140	96	118	172.788	2.27083	100
76	142	98	120	172.788	2.19709	100
78	144	100	122	172.788	2.09664	100
80	146	102	124	172.788	2.14718	100
82	148	104	126	172.788	2.0515	100
84	150	106	128	172.788	2.01348	100
86	152	108	130	172.788	2.07304	100
88	154	110	132	172.788	1.99888	100
90	156	112	134	172.788	2.00968	100
92	158	114	136	172.788	2.02858	100
94	160	116	138	172.788	1.93811	100
96	162	118	140	172.788	1.96557	100
98	164	120	142	172.788	1.90706	100
100	166	122	144	172.788	1.89622	100
102	168	124	146	172.788	1.92217	100
104	170	126	148	172.788	1.83718	100
106	172	128	150	172.788	1.84676	100
108	174	130	152	172.788	1.75927	100
110	176	132	154	172.788	1.76203	100
112	178	134	156	172.788	1.73296	100
114	180	136	158	172.788	1.6428	100
116	182	138	160	172.788	1.62639	100
118	184	140	162	172.788	1.52866	100
120	186	142	164	172.788	1.48114	100
122	188	144	166	172.788	1.3958	100
124	190	146	168	172.788	1.33926	100
126	192	148	170	172.788	1.31589	100
128	194	150	172	172.788	1.30362	100
130	196	152	174	172.788	1.22443	100
132	198	154	176	172.788	1.20724	100
134	200	156	178	172.788	1.19755	100
136	202	158	180	172.788	1.14639	100
138	204	160	182	172.788	1.17348	100
140	206	162	184	172.788	1.13277	100
142	208	164	186	172.788	1.12888	100
144	210	166	188	172.788	1.06336	100
146	212	168	190	172.788	1.06804	100
148	214	170	192	172.788	1.04865	100
150	216	172	194	172.788	1.00572	100
152	218	174	196	172.788	0.969626	100
154	220	176	198	172.788	0.964505	100
156	222	178	200	172.788	0.932499	100
158	224	180	202	172.788	0.917495	100
160	226	182	204	172.788	0.8966	100
162	228	184	206	172.788	0.87747	100
164	230	186	208	172.788	0.851388	100
166	232	188	210	172.788	0.858344	100
168	234	190	212	172.788	0.830163	100
170	236	192	214	172.788	0.838959	100
172	238	194	216	172.788	0.840697	100
174	240	196	218	172.788	0.878206	100
176	242	198	220	172.788	0.879125	100
178	244	200	222	172.788	0.867463	100
180	246	202	224	172.788	0.888153	100
182	248	204	226	172.788	0.895905	100
184	250	206	228	172.788	0.907481	100
186	252	208	230	172.788	0.921351	100
188	254	210	232	172.788	0.939428	100
190	256	212	234	172.788	0.919577	100
192	258	214	236	172.788	0.941569	100
194	260	216	238	172.788	0.917633	100
196	262	218	240	172.788	0.954962	100
198	264	220	242	172.788	0.954933	100
200	266	222	244	172.788	0.92532	100
202	268	224	246	172.788	0.949948	100
204	270	226	248	172.788	0.971083	100
206	272	228	250	172.788	0.958076	100
208	274	230	252	172.788	0.968337	100
210	276	232	254	172.788	0.999463	100
212	278	234	256	172.788	1.02212	100
214	280	236	258	172.788	1.02389	100
30	102	54	78	188.496	2.32619	100
32	104	56	80	188.496	2.31817	100
34	106	58	82	188.496	2.41442	100
36	108	60	84	188.496	2.37888	100
38	110	62	86	188.496	2.36693	100
40	112	64	88	188.496	2.31423	100
42	114	66	90	188.496	2.32834	100
44	116	68	92	188.496	2.3685	100
46	118	70	94	188.496	2.33808	100
48	120	72	96	188.496	2.34412	100
50	122	74	98	188.496	2.34491	100
52	124	76	100	188.496	2.28523	100
54	126	78	102	188.496	2.33989	100
56	128	80	104	188.496	2.2446	100
58	130	82	106	188.496	2.28475	100
60	132	84	108	188.496	2.2234	100
62	134	86	110	188.496	2.24559	100
64	136	88	112	188.496	2.1915	100
66	138	90	114	188.496	2.17384	100
68	140	92	116	188.496	2.12189	100
70	142	94	118	188.496	2.10888	100
72	144	96	120	188.496	2.06204	100
74	146	98	122	188.496	2.00767	100
76	148	100	124	188.496	2.02834	100
78	150	102	126	188.496	1.93293	100
80	152	104	128	188.496	1.91646	100
82	154	106	130	188.496	1.89791	100
84	156	108	132	188.496	1.90323	100
86	158	110	134	188.496	1.92706	100
88	160	112	136	188.496	1.92573	100
90	162	114	138	188.496	1.90364	100
92	164	116	140	188.496	1.90256	100
94	166	118	142	188.496	1.80097	100
96	168	120	144	188.496	1.84839	100
98	170	122	146	188.496	1.81195	100
100	172	124	148	188.496	1.78511	100
102	174	126	150	188.496	1.69518	100
104	176	128	152	188.496	1.66285	100
106	178	130	154	188.496	1.65716	100
108	180	132	156	188.496	1.62244	100
110	182	134	158	188.496	1.58481	100
112	184	136	160	188.496	1.49211	100
114	186	138	162	188.496	1.41425	100
116	188	140	164	188.496	1.40938	100
118	190	142	166	188.496	1.33933	100
120	192	144	168	188.496	1.30146	100
122	194	146	170	188.496	1.21611	100
124	196	148	172	188.496	1.18967	100
126	198	150	174	188.496	1.1558	100
128	200	152	176	188.496	1.15781	100
130	202	154	178	188.496	1.13605	100
132	204	156	180	188.496	1.06988	100
134	206	158	182	188.496	1.07236	100
136	208	160	184	188.496	1.04582	100
138	210	162	186	188.496	1.06406	100
140	212	164	188	188.496	1.02744	100
142	214	166	190	188.496	0.999089	100
144	216	168	192	188.496	0.95941	100
146	218	170	194	188.496	0.977861	100
148	220	172	196	188.496	0.917991	100
150	222	174	198	188.496	0.883298	100
152	224	176	200	188.496	0.893801	100
154	226	178	202	188.496	0.844699	100
156	228	180	204	188.496	0.818212	100
158	230	182	206	188.496	0.822347	100
160	232	184	208	188.496	0.818234	100
162	234	186	210	188.496	0.801174	100
164	236	188	212	188.496	0.788499	100
166	238	190	214	188.496	0.758981	100
168	240	192	216	188.496	0.771816	100
170	242	194	218	188.496	0.776228	100
172	244	196	220	188.496	0.801988	100
174	246	198	222	188.496	0.803478	100
176	248	200	224	188.496	0.80186	100
178	250	202	226	188.496	0.819779	100
180	252	204	228	188.496	0.811247	100
182	254	206	230	188.496	0.814942	100
184	256	208	232	188.496	0.845763	100
186	258	210	234	188.496	0.842296	100
188	260	212	236	188.496	0.841272	100
190	262	214	238	188.496	0.847473	100
192	264	216	240	188.496	0.84129	100
194	266	218	242	188.496	0.845175	100
196	268	220	244	188.496	0.867498	100
198	270	222	246	188.496	0.855127	100
200	272	224	248	188.496	0.84847	100
202	274	226	250	188.496	0.861555	100
204	276	228	252	188.496	0.848506	100
206	278	230	254	188.496	0.876539	100
208	280	232	256	188.496	0.891505	100
30	108	56	82	204.204	2.2012	100
32	110	58	84	204.204	2.21829	100
34	112	60	86	204.204	2.19641	100
36	114	62	88	204.204	2.2109	100
38	116	64	90	204.204	2.2134	100
40	118	66	92	204.204	2.25142	100
42	120	68	94	204.204	2.18512	100
44	122	70	96	204.204	2.1732	100
46	124	72	98	204.204	2.19395	100
48	126	74	100	204.204	2.16028	100
50	128	76	102	204.204	2.17773	100
52	130	78	104	204.204	2.19357	100
54	132	80	106	204.204	2.09778	100
56	134	82	108	204.204	2.08584	100
58	136	84	110	204.204	2.06281	100
60	138	86	112	204.204	2.08656	100
62	140	88	114	204.204	2.02294	100
64	142	90	116	204.204	1.98643	100
66	144	92	118	204.204	1.96606	100
68	146	94	120	204.204	1.98206	100
70	148	96	122	204.204	1.93814	100
72	150	98	124	204.204	1.83832	100
74	152	100	126	204.204	1.84597	100
76	154	102	128	204.204	1.81975	100
78	156	104	130	204.204	1.86698	100
80	158	106	132	204.204	1.84852	100
82	160	108	134	204.204	1.8059	100
84	162	110	136	204.204	1.78223	100
86	164	112	138	204.204	1.8118	100
88	166	114	140	204.204	1.71584	100
90	168	116	142	204.204	1.77887	100
92	170	118	144	204.204	1.69286	100
94	172	120	146	204.204	1.69131	100
96	174	122	148	204.204	1.64278	100
98	176	124	150	204.204	1.64523	100
100	178	126	152	204.204	1.636	100
102	180	128	154	204.204	1.5295	100
104	182	130	156	204.204	1.55375	100
106	184	132	158	204.204	1.45318	100
108	186	134	160	204.204	1.43343	100
110	188	136	162	204.204	1.3568	100
112	190	138	164	204.204	1.34005	100
114	192	140	166	204.204	1.26666	100
116	194	142	168	204.204	1.21217	100
118	196	144	170	204.204	1.20511	100
120	198	146	172	204.204	1.14819	100
122	200	148	174	204.204	1.08265	100
124	202	150	176	204.204	1.07224	100
126	204	152	178	204.204	1.03101	100
128	206	154	180	204.204	1.03988	100
130	208	156	182	204.204	1.01294	100
132	210	158	184	204.204	1.02264	100
134	212	160	186	204.204	0.994764	100
136	214	162	188	204.204	0.984324	100
138	216	164	190	204.204	0.938568	100
140	218	166	192	204.204	0.939488	100
142	220	168	194	204.204	0.920362	100
144	222	170	196	204.204	0.900139	100
146	224	172	198	204.204	0.844911	100
148	226	174	200	204.204	0.844021	100
150	228	176	202	204.204	0.826907	100
152	230	178	204	204.204	0.813773	100
154	232	180	206	204.204	0.786215	100
156	234	182	208	204.204	0.747655	100
158	236	184	210	204.204	0.732312	100
160	238	186	212	204.204	0.729443	100
162	240	188	214	204.204	0.713837	100
164	242	190	216	204.204	0.714504	100
166	244	192	218	204.204	0.71662	100
168	246	194	220	204.204	0.719977	100
170	248	196	222	204.204	0.743414	100
172	250	198	224	204.204	0.738689	100
174	252	200	226	204.204	0.729739	100
176	254	202	228	204.204	0.743276	100
178	256	204	230	204.204	0.772019	100
180	258	206	232	204.204	0.746659	100
182	260	208	234	204.204	0.785844	100
184	262	210	236	204.204	0.79052	100
186	264	212	238	204.204	0.773189	100
188	266	214	240	204.204	0.795045	100
190	268	216	242	204.204	0.777354	100
192	270	218	244	204.204	0.788699	100
194	272	220	246	204.204	0.790664	100
196	274	222	248	204.204	0.764338	100
198	276	224	250	204.204	0.781967	100
200	278	226	252	204.204	0.803612	100
202	280	228	254	204.204	0.798072	100
30	114	58	86	219.911	2.0679	100
32	116	60	88	219.911	2.12174	100
34	118	62	90	219.911	2.12163	100
36	120	64	92	219.911	2.1191	100
38	122	66	94	219.911	2.08302	100
40	124	68	96	219.911	2.10243	100
42	126	70	98	219.911	2.07335	100
44	128	72	100	219.911	2.07687	100
46	130	74	102	219.911	2.08728	100
48	132	76	104	219.911	2.07081	100
50	134	78	106	219.911	2.03918	100
52	136	80	108	219.911	1.9507	100
54	138	82	110	219.911	1.93169	100
56	140	84	112	219.911	1.99199	100
58	142	86	114	219.911	1.94768	100
60	144	88	116	219.911	1.8947	100
62	146	90	118	219.911	1.81641	100
64	148	92	120	219.911	1.79457	100
66	150	94	122	219.911	1.80266	100
68	152	96	124	219.911	1.74837	100
70	154	98	126	219.911	1.81101	100
72	156	100	128	219.911	1.7377	100
74	158	102	130	219.911	1.73386	100
76	160	104	132	219.911	1.76013	100
78	162	106	134	219.911	1.74	100
80	164	108	136	219.911	1.67906	100
82	166	110	138	219.911	1.70923	100
84	168	112	140	219.911	1.62745	100
86	170	114	142	219.911	1.67767	100
88	172	116	144	219.911	1.6532	100
90	174	118	146	219.911	1.6227	100
92	176	120	148	219.911	1.61777	100
94	178	122	150	219.911	1.5478	100
96	180	124	152	219.911	1.51059	100
98	182	126	154	219.911	1.4966	100
100	184	128	156	219.911	1.47159	100
102	186	130	158	219.911	1.37274	100
104	188	132	160	219.911	1.33561	100
106	190	134	162	219.911	1.31151	100
108	192	136	164	219.911	1.29024	100
110	194	138	166	219.911	1.24643	100
112	196	140	168	219.911	1.15197	100
114	198	142	170	219.911	1.15228	100
116	200	144	172	219.911	1.06594	100
118	202	146	174	219.911	1.03785	100
120	204	148	176	219.911	1.04052	100
122	206	150	178	219.911	1.01074	100
124	208	152	180	219.911	0.969501	100
126	210	154	182	219.911	0.984696	100
128	212	156	184	219.911	0.93358	100
130	214	158	186	219.911	0.929354	100
132	216	160	188	219.911	0.941938	100
134	218	162	190	219.911	0.909229	100
136	220	164	192	219.911	0.907955	100
138	222	166	194	219.911	0.890735	100
140	224	168	196	219.911	0.849163	100
142	226	170	198	219.911	0.816943	100
144	228	172	200	219.911	0.815816	100
146	230	174	202	219.911	0.781069	100
148	232	176	204	219.911	0.781153	100
150	234	178	206	219.911	0.742096	100
152	236	180	208	219.911	0.711333	100
154	238	182	210	219.911	0.726513	100
156	240	184	212	219.911	0.71318	100
158	242	186	214	219.911	0.688766	100
160	244	188	216	219.911	0.687548	100
162	246	190	218	219.911	0.690331	100
164	248	192	220	219.911	0.680978	100
166	250	194	222	219.911	0.689611	100
168	252	196	224	219.911	0.675601	100
170	254	198	226	219.911	0.686499	100
172	256	200	228	219.911	0.702458	100
174	258	202	230	219.911	0.69692	100
176	260	204	232	219.911	0.699423	100
178	262	206	234	219.911	0.719647	100
180	264	208	236	219.911	0.716001	100
182	266	210	238	219.911	0.701988	100
184	268	212	240	219.911	0.715242	100
186	270	214	242	219.911	0.727975	100
188	272	216	244	219.911	0.733607	100
190	274	218	246	219.911	0.717448	100
192	276	220	248	219.911	0.736418	100
194	278	222	250	219.911	0.726398	100
196	280	224	252	219.911	0.733677	100
30	120	60	90	235.619	2.01162	100
32	122	62	92	235.619	1.98418	100
34	124	64	94	235.619	1.94829	100
36	126	66	96	235.619	2.00479	100
38	128	68	98	235.619	1.92753	100
40	130	70	100	235.619	1.95623	100
42	132	72	102	235.619	1.96328	100
44	134	74	104	235.619	1.92683	100
46	136	76	106	235.619	1.91008	100
48	138	78	108	235.619	1.89384	100
50	140	80	110	235.619	1.84861	100
52	142	82	112	235.619	1.87877	100
54	144	84	114	235.619	1.78089	100
56	146	86	116	235.619	1.75149	100
58	148	88	118	235.619	1.75971	100
60	150	90	120	235.619	1.77507	100
62	152	92	122	235.619	1.70561	100
64	154	94	124	235.619	1.73171	100
66	156	96	126	235.619	1.69135	100
68	158	98	128	235.619	1.68519	100
70	160	100	130	235.619	1.6249	100
72	162	102	132	235.619	1.62648	100
74	164	104	134	235.619	1.60697	100
76	166	106	136	235.619	1.59276	100
78	168	108	138	235.619	1.6204	100
80	170	110	140	235.619	1.54643	100
82	172	112	142	235.619	1.53997	100
84	174	114	144	235.619	1.52472	100
86	176	116	146	235.619	1.56156	100
88	178	118	148	235.619	1.52421	100
90	180	120	150	235.619	1.43832	100
92	182	122	152	235.619	1.45548	100
94	184	124	154	235.619	1.39457	100
96	186	126	156	235.619	1.35313	100
98	188	128	158	235.619	1.33609	100
100	190	130	160	235.619	1.29173	100
102	192	132	162	235.619	1.27083	100
104	194	134	164	235.619	1.19813	100
106	196	136	166	235.619	1.1976	100
108	198	138	168	235.619	1.11682	100
110	200	140	170	235.619	1.10721	100
112	202	142	172	235.619	1.04052	100
114	204	144	174	235.619	1.00296	100
116	206	146	176	235.619	1.01155	100
118	208	148	178	235.619	0.958149	100
120	210	150	180	235.619	0.951193	100
122	212	152	182	235.619	0.942699	100
124	214	154	184	235.619	0.920948	100
126	216	156	186	235.619	0.898692	100
128	218	158	188	235.619	0.882258	100
130	220	160	190	235.619	0.868157	100
132	222	162	192	235.619	0.865466	100
134	224	164	194	235.619	0.854497	100
136	226	166	196	235.619	0.833072	100
138	228	168	198	235.619	0.823817	100
140	230	170	200	235.619	0.788122	100
142	232	172	202	235.619	0.77264	100
144	234	174	204	235.619	0.728162	100
146	236	176	206	235.619	0.733327	100
148	238	178	208	235.619	0.712681	100
150	240	180	210	235.619	0.703796	100
152	242	182	212	235.619	0.68641	100
154	244	184	214	235.619	0.661231	100
156	246	186	216	235.619	0.646817	100
158	248	188	218	235.619	0.633866	100
160	250	190	220	235.619	0.657608	100
162	252	192	222	235.619	0.646783	100
164	254	194	224	235.619	0.649477	100
166	256	196	226	235.619	0.630624	100
168	258	198	228	235.619	0.647965	100
170	260	200	230	235.619	0.666267	100
172	262	202	232	235.619	0.667872	100
174	264	204	234	235.619	0.668766	100
176	266	206	236	235.619	0.651279	100
178	268	208	238	235.619	0.677345	100
180	270	210	240	235.619	0.657204	100
182	272	212	242	235.619	0.68019	100
184	274	214	244	235.619	0.67661	100
186	276	216	246	235.619	0.681989	100
188	278	218	248	235.619	0.662572	100
190	280	220	250	235.619	0.6553	100
30	126	62	94	251.327	1.84543	100
32	128	64	96	251.327	1.90677	100
34	130	66	98	251.327	1.8914	100
36	132	68	100	251.327	1.88512	100
38	134	70	102	251.327	1.86774	100
40	136	72	104	251.327	1.80947	100
42	138	74	106	251.327	1.8087	100
44	140	76	108	251.327	1.8175	100
46	142	78	110	251.327	1.72679	100
48	144	80	112	251.327	1.71673	100
50	146	82	114	251.327	1.74306	100
52	148	84	116	251.327	1.73253	100
54	150	86	118	251.327	1.68871	100
56	152	88	120	251.327	1.61884	100
58	154	90	122	251.327	1.67723	100
60	156	92	124	251.327	1.62624	100
62	158	94	126	251.327	1.61956	100
64	160	96	128	251.327	1.60643	100
66	162	98	130	251.327	1.58798	100
68	164	100	132	251.327	1.53892	100
70	166	102	134	251.327	1.56121	100
72	168	104	136	251.327	1.53773	100
74	170	106	138	251.327	1.55818	100
76	172	108	140	251.327	1.52789	100
78	174	110	142	251.327	1.47582	100
80	176	112	144	251.327	1.43782	100
82	178	114	146	251.327	1.44727	100
84	180	116	148	251.327	1.45175	100
86	182	118	150	251.327	1.41891	100
88	184	120	152	251.327	1.38186	100
90	186	122	154	251.327	1.36598	100
92	188	124	156	251.327	1.33901	100
94	190	126	158	251.327	1.28086	100
96	192	128	160	251.327	1.25643	100
98	194	130	162	251.327	1.22962	100
100	196	132	164	251.327	1.16829	100
102	198	134	166	251.327	1.11445	100
104	200	136	168	251.327	1.09613	100
106	202	138	170	251.327	1.05315	100
108	204	140	172	251.327	1.01197	100
110	206	142	174	251.327	1.00124	100
112	208	144	176	251.327	0.944193	100
114	210	146	178	251.327	0.919412	100
116	212	148	180	251.327	0.905191	100
118	214	150	182	251.327	0.879126	100
120	216	152	184	251.327	0.86101	100
122	218	154	186	251.327	0.879359	100
124	220	156	188	251.327	0.863243	100
126	222	158	190	251.327	0.848374	100
128	224	160	192	251.327	0.822293	100
130	226	162	194	251.327	0.788252	100
132	228	164	196	251.327	0.790658	100
134	230	166	198	251.327	0.757817	100
136	232	168	200	251.327	0.777339	100
138	234	170	202	251.327	0.730984	100
140	236	172	204	251.327	0.71699	100
142	238	174	206	251.327	0.688866	100
144	240	176	208	251.327	0.695083	100
146	242	178	210	251.327	0.661843	100
148	244	180	212	251.327	0.66811	100
150	246	182	214	251.327	0.640974	100
152	248	184	216	251.327	0.62131	100
154	250	186	218	251.327	0.633836	100
156	252	188	220	251.327	0.630873	100
158	254	190	222	251.327	0.620808	100
160	256	192	224	251.327	0.611454	100
162	258	194	226	251.327	0.601341	100
164	260	196	228	251.327	0.618347	100
166	262	198	230	251.327	0.624768	100
168	264	200	232	251.327	0.616025	100
170	266	202	234	251.327	0.633408	100
172	268	204	236	251.327	0.624447	100
174	270	206	238	251.327	0.62995	100
176	272	208	240	251.327	0.616917	100
178	274	210	242	251.327	0.643784	100
180	276	212	244	251.327	0.642162	100
182	278	214	246	251.327	0.624684	100
184	280	216	248	251.327	0.641108	100
30	132	64	98	267.035	1.76776	100
32	134	66	100	267.035	1.79359	100
34	136	68	102	267.035	1.71285	100
36	138	70	104	267.035	1.72824	100
38	140	72	106	267.035	1.6979	100
40	142	74	108	267.035	1.66231	100
42	144	76	110	267.035	1.66975	100
44	146	78	112	267.035	1.6583	100
46	148	80	114	267.035	1.63199	100
48	150	82	116	267.035	1.61608	100
50	152	84	118	267.035	1.58036	100
52	154	86	120	267.035	1.59703	100
54	156	88	122	267.035	1.55272	100
56	158	90	124	267.035	1.56166	100
58	160	92	126	267.035	1.55772	100
60	162	94	128	267.035	1.49244	100
62	164	96	130	267.035	1.51364	100
64	166	98	132	267.035	1.50023	100
66	168	100	134	267.035	1.4971	100
68	170	102	136	267.035	1.49588	100
70	172	104	138	267.035	1.44748	100
72	174	106	140	267.035	1.45062	100
74	176	108	142	267.035	1.4159	100
76	178	110	144	267.035	1.39382	100
78	180	112	146	267.035	1.36101	100
80	182	114	148	267.035	1.32499	100
82	184	116	150	267.035	1.3299	100
84	186	118	152	267.035	1.27823	100
86	188	120	154	267.035	1.2975	100
88	190	122	156	267.035	1.26225	100
90	192	124	158	267.035	1.24278	100
92	194	126	160	267.035	1.18908	100
94	196	128	162	267.035	1.17859	100
96	198	130	164	267.035	1.11299	100
98	200	132	166	267.035	1.13521	100
100	202	134	168	267.035	1.05666	100
102	204	136	170	267.035	1.0324	100
104	206	138	172	267.035	1.01123	100
106	208	140	174	267.035	0.989626	100
108	210	142	176	267.035	0.961029	100
110	212	144	178	267.035	0.898485	100
112	214	146	180	267.035	0.873826	100
114	216	148	182	267.035	0.873182	100
116	218	150	184	267.035	0.850008	100
118	220	152	186	267.035	0.846297	100
120	222	154	188	267.035	0.814674	100
122	224	156	190	267.035	0.808565	100
124	226	158	192	267.035	0.784499	100
126	228	160	194	267.035	0.793592	100
128	230	162	196	267.035	0.75421	100
130	232	164	198	267.035	0.736874	100
132	234	166	200	267.035	0.726945	100
134	236	168	202	267.035	0.733807	100
136	238	170	204	267.035	0.707729	100
138	240	172	206	267.035	0.696469	100
140	242	174	208	267.035	0.663101	100
142	244	176	210	267.035	0.665049	100
144	246	178	212	267.035	0.636264	100
146	248	180	214	267.035	0.625127	100
148	250	182	216	267.035	0.619788	100
150	252	184	218	267.035	0.621329	100
152	254	186	220	267.035	0.586619	100
154	256	188	222	267.035	0.601398	100
156	258	190	224	267.035	0.586309	100
158	260	192	226	267.035	0.568686	100
160	262	194	228	267.035	0.586991	100
162	264	196	230	267.035	0.582591	100
164	266	198	232	267.035	0.575506	100
166	268	200	234	267.035	0.576983	100
168	270	202	236	267.035	0.583039	100
170	272	204	238	267.035	0.579708	100
172	274	206	240	267.035	0.589822	100
174	276	208	242	267.035	0.595827	100
176	278	210	244	267.035	0.605543	100
178	280	212	246	267.035	0.610774	100
30	138	66	102	282.743	1.6159	100
32	140	68	104	282.743	1.58874	100
34	142	70	106	282.743	1.60043	100
36	144	72	108	282.743	1.59808	100
38	146	74	110	282.743	1.53914	100
40	148	76	112	282.743	1.57776	100
42	150	78	114	282.743	1.57034	100
44	152	80	116	282.743	1.52414	100
46	154	82	118	282.743	1.53251	100
48	156	84	120	282.743	1.50253	100
50	158	86	122	282.743	1.46502	100
52	160	88	124	282.743	1.50646	100
54	162	90	126	282.743	1.44136	100
56	164	92	128	282.743	1.44485	100
58	166	94	130	282.743	1.41693	100
60	168	96	132	282.743	1.44012	100
62	170	98	134	282.743	1.40101	100
64	172	100	136	282.743	1.38541	100
66	174	102	138	282.743	1.39051	100
68	176	104	140	282.743	1.39707	100
70	178	106	142	282.743	1.34448	100
72	180	108	144	282.743	1.32333	100
74	182	110	146	282.743	1.31386	100
76	184	112	148	282.743	1.30341	100
78	186	114	150	282.743	1.27549	100
80	188	116	152	282.743	1.26898	100
82	190	118	154	282.743	1.2425	100
84	192	120	156	282.743	1.2283	100
86	194	122	158	282.743	1.16747	100
88	196	124	160	282.743	1.15575	100
90	198	126	162	282.743	1.14814	100
92	200	128	164	282.743	1.11128	100
94	202	130	166	282.743	1.08771	100
96	204	132	168	282.743	1.03959	100
98	206	134	170	282.743	1.00803	100
100	208	136	172	282.743	1.00247	100
102	210	138	174	282.743	0.984953	100
104	212	140	176	282.743	0.954695	100
106	214	142	178	282.743	0.927574	100
108	216	144	180	282.743	0.881338	100
110	218	146	182	282.743	0.849163	100
112	220	148	184	282.743	0.817218	100
114	222	150	186	282.743	0.811074	100
116	224	152	188	282.743	0.797711	100
118	226	154	190	282.743	0.779915	100
120	228	156	192	282.743	0.767606	100
122	230	158	194	282.743	0.736873	100
124	232	160	196	282.743	0.743688	100
126	234	162	198	282.743	0.730974	100
128	236	164	200	282.743	0.712005	100
130	238	166	202	282.743	0.695285	100
132	240	168	204	282.743	0.666863	100
134	242	170	206	282.743	0.683172	100
136	244	172	208	282.743	0.64149	100
138	246	174	210	282.743	0.653617	100
140	248	176	212	282.743	0.634777	100
142	250	178	214	282.743	0.634315	100
144	252	180	216	282.743	0.612769	100
146	254	182	218	282.743	0.598828	100
148	256	184	220	282.743	0.579243	100
150	258	186	222	282.743	0.565112	100
152	260	188	224	282.743	0.561823	100
154	262	190	226	282.743	0.568567	100
156	264	192	228	282.743	0.560511	100
158	266	194	230	282.743	0.551849	100
160	268	196	232	282.743	0.562837	100
162	270	198	234	282.743	0.547028	100
164	272	200	236	282.743	0.551839	100
166	274	202	238	282.743	0.567678	100
168	276	204	240	282.743	0.555654	100
170	278	206	242	282.743	0.577692	100
172	280	208	244	282.743	0.560372	100
30	144	68	106	298.451	1.5107	100
32	146	70	108	298.451	1.4959	100
34	148	72	110	298.451	1.51179	100
36	150	74	112	298.451	1.51123	100
38	152	76	114	298.451	1.50436	100
40	154	78	116	298.451	1.49082	100
42	156	80	118	298.451	1.46034	100
44	158	82	120	298.451	1.45739	100
46	160	84	122	298.451	1.43436	100
48	162	86	124	298.451	1.39811	100
50	164	88	126	298.451	1.43321	100
52	166	90	128	298.451	1.3996	100
54	168	92	130	298.451	1.36995	100
56	170	94	132	298.451	1.38511	100
58	172	96	134	298.451	1.33574	100
60	174	98	136	298.451	1.32907	100
62	176	100	138	298.451	1.31959	100
64	178	102	140	298.451	1.3287	100
66	180	104	142	298.451	1.29823	100
68	182	106	144	298.451	1.27395	100
70	184	108	146	298.451	1.22575	100
72	186	110	148	298.451	1.22303	100
74	188	112	150	298.451	1.19137	100
76	190	114	152	298.451	1.19244	100
78	192	116	154	298.451	1.15581	100
80	194	118	156	298.451	1.14892	100
82	196	120	158	298.451	1.15572	100
84	198	122	160	298.451	1.09078	100
86	200	124	162	298.451	1.10837	100
88	202	126	164	298.451	1.09417	100
90	204	128	166	298.451	1.04372	100
92	206	130	168	298.451	1.01361	100
94	208	132	170	298.451	0.993611	100
96	210	134	172	298.451	1.00796	100
98	212	136	174	298.451	0.978791	100
100	214	138	176	298.451	0.908687	100
102	216	140	178	298.451	0.915151	100
104	218	142	180	298.451	0.874711	100
106	220	144	182	298.451	0.859161	100
108	222	146	184	298.451	0.819533	100
110	224	148	186	298.451	0.813146	100
112	226	150	188	298.451	0.789826	100
114	228	152	190	298.451	0.744991	100
116	230	154	192	298.451	0.732417	100
118	232	156	194	298.451	0.727213	100
120	234	158	196	298.451	0.702854	100
122	236	160	198	298.451	0.69496	100
124	238	162	200	298.451	0.693566	100
126	240	164	202	298.451	0.684769	100
128	242	166	204	298.451	0.63997	100
130	244	168	206	298.451	0.639203	100
132	246	170	208	298.451	0.620102	100
134	248	172	210	298.451	0.620303	100
136	250	174	212	298.451	0.615364	100
138	252	176	214	298.451	0.60825	100
140	254	178	216	298.451	0.599049	100
142	256	180	218	298.451	0.598273	100
144	258	182	220	298.451	0.572612	100
146	260	184	222	298.451	0.566566	100
148	262	186	224	298.451	0.555219	100
150	264	188	226	298.451	0.534996	100
152	266	190	228	298.451	0.544465	100
154	268	192	230	298.451	0.534091	100
156	270	194	232	298.451	0.522238	100
158	272	196	234	298.451	0.533065	100
160	274	198	236	298.451	0.529275	100
162	276	200	238	298.451	0.526689	100
164	278	202	240	298.451	0.535769	100
166	280	204	242	298.451	0.527046	100
30	150	70	110	314.159	1.39229	100
32	152	72	112	314.159	1.37446	100
34	154	74	114	314.159	1.43144	100
36	156	76	116	314.159	1.4221	100
38	158	78	118	314.159	1.35629	100
40	160	80	120	314.159	1.3509	100
42	162	82	122	314.159	1.36238	100
44	164	84	124	314.159	1.34908	100
46	166	86	126	314.159	1.3562	100
48	168	88	128	314.159	1.32417	100
50	170	90	130	314.159	1.31924	100
52	172	92	132	314.159	1.32547	100
54	174	94	134	314.159	1.31186	100
56	176	96	136	314.159	1.28483	100
58	178	98	138	314.159	1.30636	100
60	180	100	140	314.159	1.23302	100
62	182	102	142	314.159	1.26783	100
64	184	104	144	314.159	1.22207	100
66	186	106	146	314.159	1.2273	100
68	188	108	148	314.159	1.16781	100
70	190	110	150	314.159	1.19269	100
72	192	112	152	314.159	1.13923	100
74	194	114	154	314.159	1.1188	100
76	196	116	156	314.159	1.12415	100
78	198	118	158	314.159	1.12071	100
80	200	120	160	314.159	1.08483	100
82	202	122	162	314.159	1.06017	100
84	204	124	164	314.159	1.04595	100
86	206	126	166	314.159	1.05161	100
88	208	128	168	314.159	1.03606	100
90	210	130	170	314.159	0.994561	100
92	212	132	172	314.159	0.996998	100
94	214	134	174	314.159	0.968179	100
96	216	136	176	314.159	0.918444	100
98	218	138	178	314.159	0.912991	100
100	220	140	180	314.159	0.845405	100
102	222	142	182	314.159	0.842401	100
104	224	144	184	314.159	0.808746	100
106	226	146	186	314.159	0.787052	100
108	228	148	188	314.159	0.758251	100
110	230	150	190	314.159	0.756149	100
112	232	152	192	314.159	0.741802	100
114	234	154	194	314.159	0.691033	100
116	236	156	196	314.159	0.690116	100
118	238	158	198	314.159	0.671228	100
120	240	160	200	314.159	0.644527	100
122	242	162	202	314.159	0.648872	100
124	244	164	204	314.159	0.628844	100
126	246	166	206	314.159	0.624932	100
128	248	168	208	314.159	0.614484	100
130	250	170	210	314.159	0.608842	100
132	252	172	212	314.159	0.60021	100
134	254	174	214	314.159	0.603524	100
136	256	176	216	314.159	0.596722	100
138	258	178	218	314.159	0.569088	100
140	260	180	220	314.159	0.575696	100
142	262	182	222	314.159	0.55488	100
144	264	184	224	314.159	0.547924	100
146	266	186	226	314.159	0.525901	100
148	268	188	228	314.159	0.518254	100
150	270	190	230	314.159	0.51603	100
152	272	192	232	314.159	0.514599	100
154	274	194	234	314.159	0.500511	100
156	276	196	236	314.159	0.502887	100
158	278	198	238	314.159	0.520943	100
160	280	200	240	314.159	0.499912	100
30	156	72	114	329.867	1.31609	100
32	158	74	116	329.867	1.3268	100
34	160	76	118	329.867	1.31436	100
36	162	78	120	329.867	1.32814	100
38	164	80	122	329.867	1.32617	100
40	166	82	124	329.867	1.27932	100
42	168	84	126	329.867	1.30044	100
44	170	86	128	329.867	1.30232	100
46	172	88	130	329.867	1.28308	100
48	174	90	132	329.867	1.23318	100
50	176	92	134	329.867	1.27247	100
52	178	94	136	329.867	1.22213	100
54	180	96	138	329.867	1.21582	100
56	182	98	140	329.867	1.20081	100
58	184	100	142	329.867	1.20393	100
60	186	102	144	329.867	1.19742	100
62	188	104	146	329.867	1.17604	100
64	190	106	148	329.867	1.13941	100
66	192	108	150	329.867	1.13459	100
68	194	110	152	329.867	1.07866	100
70	196	112	154	329.867	1.07672	100
72	198	114	156	329.867	1.05549	100
74	200	116	158	329.867	1.0659	100
76	202	118	160	329.867	1.04327	100
78	204	120	162	329.867	1.02666	100
80	206	122	164	329.867	1.04645	100
82	208	124	166	329.867	1.03066	100
84	210	126	168	329.867	0.990354	100
86	212	128	170	329.867	0.962495	100
88	214	130	172	329.867	0.974984	100
90	216	132	174	329.867	0.934349	100
92	218	134	176	329.867	0.912402	100
94	220	136	178	329.867	0.882715	100
96	222	138	180	329.867	0.877709	100
98	224	140	182	329.867	0.822648	100
100	226	142	184	329.867	0.7961	100
102	228	144	186	329.867	0.767447	100
104	230	146	188	329.867	0.774498	100
106	232	148	190	329.867	0.721007	100
108	234	150	192	329.867	0.727801	100
110	236	152	194	329.867	0.679603	100
112	238	154	196	329.867	0.660852	100
114	240	156	198	329.867	0.648915	100
116	242	158	200	329.867	0.642867	100
118	244	160	202	329.867	0.627792	100
120	246	162	204	329.867	0.630121	100
122	248	164	206	329.867	0.6036	100
124	250	166	208	329.867	0.592059	100
126	252	168	210	329.867	0.58855	100
128	254	170	212	329.867	0.573425	100
130	256	172	214	329.867	0.573312	100
132	258	174	216	329.867	0.578273	100
134	260	176	218	329.867	0.559299	100
136	262	178	220	329.867	0.569351	100
138	264	180	222	329.867	0.537721	100
140	266	182	224	329.867	0.54075	100
142	268	184	226	329.867	0.536631	100
144	270	186	228	329.867	0.529376	100
146	272	188	230	329.867	0.518742	100
148	274	190	232	329.867	0.511272	100
150	276	192	234	329.867	0.499912	100
152	278	194	236	329.867	0.485503	100
154	280	196	238	329.867	0.485609	100
30	162	74	118	345.575	1.28185	100
32	164	76	120	345.575	1.21973	100
34	166	78	122	345.575	1.24061	100
36	168	80	124	345.575	1.21645	100
38	170	82	126	345.575	1.21047	100
40	172	84	128	345.575	1.21816	100
42	174	86	130	345.575	1.20263	100
44	176	88	132	345.575	1.1798	100
46	178	90	134	345.575	1.19528	100
48	180	92	136	345.575	1.17495	100
50	182	94	138	345.575	1.15728	100
52	184	96	140	345.575	1.18468	100
54	186	98	142	345.575	1.15813	100
56	188	100	144	345.575	1.10707	100
58	190	102	146	345.575	1.10242	100
60	192	104	148	345.575	1.07179	100
62	194	106	150	345.575	1.08585	100
64	196	108	152	345.575	1.0672	100
66	198	110	154	345.575	1.0504	100
68	200	112	156	345.575	1.03341	100
70	202	114	158	345.575	1.04583	100
72	204	116	160	345.575	1.01082	100
74	206	118	162	345.575	1.0034	100
76	208	120	164	345.575	0.988143	100
78	210	122	166	345.575	1.01437	100
80	212	124	168	345.575	0.961202	100
82	214	126	170	345.575	0.940889	100
84	216	128	172	345.575	0.96194	100
86	218	130	174	345.575	0.941442	100
88	220	132	176	345.575	0.894895	100
90	222	134	178	345.575	0.865195	100
92	224	136	180	345.575	0.869325	100
94	226	138	182	345.575	0.822897	100
96	228	140	184	345.575	0.806906	100
98	230	142	186	345.575	0.79488	100
100	232	144	188	345.575	0.751473	100
102	234	146	190	345.575	0.746063	100
104	236	148	192	345.575	0.696652	100
106	238	150	194	345.575	0.686619	100
108	240	152	196	345.575	0.665091	100
110	242	154	198	345.575	0.650346	100
112	244	156	200	345.575	0.640578	100
114	246	158	202	345.575	0.614511	100
116	248	160	204	345.575	0.598561	100
118	250	162	206	345.575	0.60526	100
120	252	164	208	345.575	0.591194	100
122	254	166	210	345.575	0.572234	100
124	256	168	212	345.575	0.569332	100
126	258	170	214	345.575	0.557036	100
128	260	172	216	345.575	0.567332	100
130	262	174	218	345.575	0.562734	100
132	264	176	220	345.575	0.534896	100
134	266	178	222	345.575	0.529815	100
136	268	180	224	345.575	0.523743	100
138	270	182	226	345.575	0.517462	100
140	272	184	228	345.575	0.50279	100
142	274	186	230	345.575	0.499082	100
144	276	188	232	345.575	0.489073	100
146	278	190	234	345.575	0.495668	100
148	280	192	236	345.575	0.470564	100
30	168	76	122	361.283	1.18113	100
32	170	78	124	361.283	1.2022	100
34	172	80	126	361.283	1.18975	100
36	174	82	128	361.283	1.18073	100
38	176	84	130	361.283	1.15722	100
40	178	86	132	361.283	1.16443	100
42	180	88	134	361.283	1.12647	100
44	182	90	136	361.283	1.12988	100
46	184	92	138	361.283	1.14778	100
48	186	94	140	361.283	1.1242	100
50	188	96	142	361.283	1.11993	100
52	190	98	144	361.283	1.08492	100
54	192	100	146	361.283	1.07228	100
56	194	102	148	361.283	1.04941	100
58	196	104	150	361.283	1.06427	100
60	198	106	152	361.283	1.03306	100
62	200	108	154	361.283	1.00572	100
64	202	110	156	361.283	1.00368	100
66	204	112	158	361.283	0.981773	100
68	206	114	160	361.283	0.99389	100
70	208	116	162	361.283	0.969375	100
72	210	118	164	361.283	0.997384	100
74	212	120	166	361.283	0.968424	100
76	214	122	168	361.283	0.94459	100
78	216	124	170	361.283	0.923531	100
80	218	126	172	361.283	0.942736	100
82	220	128	174	361.283	0.905556	100
84	222	130	176	361.283	0.889982	100
86	224	132	178	361.283	0.899148	100
88	226	134	180	361.283	0.838627	100
90	228	136	182	361.283	0.825041	100
92	230	138	184	361.283	0.802214	100
94	232	140	186	361.283	0.758412	100
96	234	142	188	361.283	0.737475	100
98	236	144	190	361.283	0.71334	100
100	238	146	192	361.283	0.699244	100
102	240	148	194	361.283	0.690107	100
104	242	150	196	361.283	0.653074	100
106	244	152	198	361.283	0.650219	100
108	246	154	200	361.283	0.629553	100
110	248	156	202	361.283	0.592815	100
112	250	158	204	361.283	0.598912	100
114	252	160	206	361.283	0.572813	100
116	254	162	208	361.283	0.572492	100
118	256	164	210	361.283	0.549624	100
120	258	166	212	361.283	0.544064	100
122	260	168	214	361.283	0.537493	100
124	262	170	216	361.283	0.537334	100
126	264	172	218	361.283	0.537969	100
128	266	174	220	361.283	0.525241	100
130	268	176	222	361.283	0.53511	100
132	270	178	224	361.283	0.525	100
134	272	180	226	361.283	0.503302	100
136	274	182	228	361.283	0.49964	100
138	276	184	230	361.283	0.505196	100
140	278	186	232	361.283	0.477494	100
142	280	188	234	361.283	0.490171	100
30	174	78	126	376.991	1.09224	100
32	176	80	128	376.991	1.10455	100
34	178	82	130	376.991	1.12966	100
36	180	84	132	376.991	1.08186	100
38	182	86	134	376.991	1.10527	100
40	184	88	136	376.991	1.07683	100
42	186	90	138	376.991	1.05784	100
44	188	92	140	376.991	1.0851	100
46	190	94	142	376.991	1.05603	100
48	192	96	144	376.991	1.04961	100
50	194	98	146	376.991	1.04271	100
52	196	100	148	376.991	1.04066	100
54	198	102	150	376.991	1.00993	100
56	200	104	152	376.991	0.999876	100
58	202	106	154	376.991	1.01521	100
60	204	108	156	376.991	0.970745	100
62	206	110	158	376.991	0.987977	100
64	208	112	160	376.991	0.971982	100
66	210	114	162	376.991	0.953019	100
68	212	116	164	376.991	0.971386	100
70	214	118	166	376.991	0.95252	100
72	216	120	168	376.991	0.939611	100
74	218	122	170	376.991	0.916639	100
76	220	124	172	376.991	0.926792	100
78	222	126	174	376.991	0.890533	100
80	224	128	176	376.991	0.901548	100
82	226	130	178	376.991	0.880435	100
84	228	132	180	376.991	0.846712	100
86	230	134	182	376.991	0.831908	100
88	232	136	184	376.991	0.814599	100
90	234	138	186	376.991	0.7712	100
92	236	140	188	376.991	0.755938	100
94	238	142	190	376.991	0.710497	100
96	240	144	192	376.991	0.689379	100
98	242	146	194	376.991	0.684231	100
100	244	148	196	376.991	0.662973	100
102	246	150	198	376.991	0.634027	100
104	248	152	200	376.991	0.626537	100
106	250	154	202	376.991	0.601406	100
108	252	156	204	376.991	0.568777	100
110	254	158	206	376.991	0.569111	100
112	256	160	208	376.991	0.553042	100
114	258	162	210	376.991	0.559612	100
116	260	164	212	376.991	0.553618	100
118	262	166	214	376.991	0.542456	100
120	264	168	216	376.991	0.5391	100
122	266	170	218	376.991	0.516895	100
124	268	172	220	376.991	0.520859	100
126	270	174	222	376.991	0.513185	100
128	272	176	224	376.991	0.510086	100
130	274	178	226	376.991	0.500365	100
132	276	180	228	376.991	0.509852	100
134	278	182	230	376.991	0.501885	100
136	280	184	232	376.991	0.483238	100
30	180	80	130	392.699	1.06488	100
32	182	82	132	392.699	1.03425	100
34	184	84	134	392.699	1.03811	100
36	186	86	136	392.699	1.03529	100
38	188	88	138	392.699	1.03828	100
40	190	90	140	392.699	1.0491	100
42	192	92	142	392.699	1.00231	100
44	194	94	144	392.699	1.0317	100
46	196	96	146	392.699	1.00534	100
48	198	98	148	392.699	0.982639	100
50	200	100	150	392.699	0.966982	100
52	202	102	152	392.699	0.968436	100
54	204	104	154	392.699	0.948604	100
56	206	106	156	392.699	0.969525	100
58	208	108	158	392.699	0.941323	100
60	210	110	160	392.699	0.957266	100
62	212	112	162	392.699	0.949451	100
64	214	114	164	392.699	0.942873	100
66	216	116	166	392.699	0.902649	100
68	218	118	168	392.699	0.919982	100
70	220	120	170	392.699	0.913917	100
72	222	122	172	392.699	0.908137	100
74	224	124	174	392.699	0.879298	100
76	226	126	176	392.699	0.883501	100
78	228	128	178	392.699	0.843249	100
80	230	130	180	392.699	0.84743	100
82	232	132	182	392.699	0.806634	100
84	234	134	184	392.699	0.796362	100
86	236	136	186	392.699	0.778858	100
88	238	138	188	392.699	0.734083	100
90	240	140	190	392.699	0.739627	100
92	242	142	192	392.699	0.688788	100
94	244	144	194	392.699	0.664254	100
96	246	146	196	392.699	0.642527	100
98	248	148	198	392.699	0.6328	100
100	250	150	200	392.699	0.618848	100
102	252	152	202	392.699	0.583084	100
104	254	154	204	392.699	0.585206	100
106	256	156	206	392.699	0.569482	100
108	258	158	208	392.699	0.558939	100
110	260	160	210	392.699	0.53066	100
112	262	162	212	392.699	0.543905	100
114	264	164	214	392.699	0.517396	100
116	266	166	216	392.699	0.514209	100
118	268	168	218	392.699	0.519383	100
120	270	170	220	392.699	0.509904	100
122	272	172	222	392.699	0.519472	100
124	274	174	224	392.699	0.498218	100
126	276	176	226	392.699	0.487986	100
128	278	178	228	392.699	0.502529	100
130	280	180	230	392.699	0.493012	100
30	186	82	134	408.407	1.01148	100
32	188	84	136	408.407	1.0051	100
34	190	86	138	408.407	0.977194	100
36	192	88	140	408.407	0.986211	100
38	194	90	142	408.407	0.998896	100
40	196	92	144	408.407	0.993964	100
42	198	94	146	408.407	0.975756	100
44	200	96	148	408.407	0.95153	100
46	202	98	150	408.407	0.952977	100
48	204	100	152	408.407	0.957463	100
50	206	102	154	408.407	0.926732	100
52	208	104	156	408.407	0.942387	100
54	210	106	158	408.407	0.946964	100
56	212	108	160	408.407	0.918992	100
58	214	110	162	408.407	0.905343	100
60	216	112	164	408.407	0.918278	100
62	218	114	166	408.407	0.908272	100
64	220	116	168	408.407	0.876416	100
66	222	118	170	408.407	0.884843	100
68	224	120	172	408.407	0.875206	100
70	226	122	174	408.407	0.855648	100
72	228	124	176	408.407	0.851119	100
74	230	126	178	408.407	0.848016	100
76	232	128	180	408.407	0.827284	100
78	234	130	182	408.407	0.832035	100
80	236	132	184	408.407	0.813622	100
82	238	134	186	408.407	0.768784	100
84	240	136	188	408.407	0.740843	100
86	242	138	190	408.407	0.709975	100
88	244	140	192	408.407	0.693456	100
90	246	142	194	408.407	0.661076	100
92	248	144	196	408.407	0.660592	100
94	250	146	198	408.407	0.612533	100
96	252	148	200	408.407	0.601671	100
98	254	150	202	408.407	0.583026	100
100	256	152	204	408.407	0.582842	100
102	258	154	206	408.407	0.549439	100
104	260	156	208	408.407	0.557503	100
106	262	158	210	408.407	0.525169	100
108	264	160	212	408.407	0.529744	100
110	266	162	214	408.407	0.522325	100
112	268	164	216	408.407	0.508561	100
114	270	166	218	408.407	0.502836	100
116	272	168	220	408.407	0.503855	100
118	274	170	222	408.407	0.504973	100
120	276	172	224	408.407	0.495395	100
122	278	174	226	408.407	0.481475	100
124	280	176	228	408.407	0.479506	100
30	192	84	138	424.115	0.956041	100
32	194	86	140	424.115	0.955218	100
34	196	88	142	424.115	0.95994	100
36	198	90	144	424.115	0.959037	100
38	200	92	146	424.115	0.963029	100
40	202	94	148	424.115	0.928668	100
42	204	96	150	424.115	0.918266	100
44	206	98	152	424.115	0.944272	100
46	208	100	154	424.115	0.909939	100
48	210	102	156	424.115	0.917205	100
50	212	104	158	424.115	0.89112	100
52	214	106	160	424.115	0.894941	100
54	216	108	162	424.115	0.913099	100
56	218	110	164	424.115	0.877859	100
58	220	112	166	424.115	0.868873	100
60	222	114	168	424.115	0.894997	100
62	224	116	170	424.115	0.873016	100
64	226	118	172	424.115	0.862532	100
66	228	120	174	424.115	0.867409	100
68	230	122	176	424.115	0.856883	100
70	232	124	178	424.115	0.832309	100
72	234	126	180	424.115	0.799846	100
74	236	128	182	424.115	0.804994	100
76	238	130	184	424.115	0.774918	100
78	240	132	186	424.115	0.764064	100
80	242	134	188	424.115	0.759512	100
82	244	136	190	424.115	0.731233	100
84	246	138	192	424.115	0.686087	100
86	248	140	194	424.115	0.669724	100
88	250	142	196	424.115	0.662125	100
90	252	144	198	424.115	0.625415	100
92	254	146	200	424.115	0.619544	100
94	256	148	202	424.115	0.586147	100
96	258	150	204	424.115	0.561432	100
98	260	152	206	424.115	0.562228	100
100	262	154	208	424.115	0.541208	100
102	264	156	210	424.115	0.532726	100
104	266	158	212	424.115	0.509165	100
106	268	160	214	424.115	0.511698	100
108	270	162	216	424.115	0.517795	100
110	272	164	218	424.115	0.505794	100
112	274	166	220	424.115	0.499474	100
114	276	168	222	424.115	0.487351	100
116	278	170	224	424.115	0.489421	100
118	280	172	226	424.115	0.491334	100
30	198	86	142	439.823	0.915436	100
32	200	88	144	439.823	0.916995	100
34	202	90	146	439.823	0.913717	100
36	204	92	148	439.823	0.892282	100
38	206	94	150	439.823	0.904769	100
40	208	96	152	439.823	0.897571	100
42	210	98	154	439.823	0.90387	100
44	212	100	156	439.823	0.892003	100
46	214	102	158	439.823	0.904065	100
48	216	104	160	439.823	0.893578	100
50	218	106	162	439.823	0.889644	100
52	220	108	164	439.823	0.876709	100
54	222	110	166	439.823	0.860844	100
56	224	112	168	439.823	0.832488	100
58	226	114	170	439.823	0.830495	100
60	228	116	172	439.823	0.836489	100
62	230	118	174	439.823	0.83232	100
64	232	120	176	439.823	0.8088	100
66	234	122	178	439.823	0.8341	100
68	236	124	180	439.823	0.815685	100
70	238	126	182	439.823	0.810765	100
72	240	128	184	439.823	0.778637	100
74	242	130	186	439.823	0.758826	100
76	244	132	188	439.823	0.726591	100
78	246	134	190	439.823	0.739462	100
80	248	136	192	439.823	0.694546	100
82	250	138	194	439.823	0.682955	100
84	252	140	196	439.823	0.653781	100
86	254	142	198	439.823	0.632718	100
88	256	144	200	439.823	0.599906	100
90	258	146	202	439.823	0.584677	100
92	260	148	204	439.823	0.559515	100
94	262	150	206	439.823	0.563446	100
96	264	152	208	439.823	0.526418	100
98	266	154	210	439.823	0.523886	100
100	268	156	212	439.823	0.515793	100
102	270	158	214	439.823	0.509564	100
104	272	160	216	439.823	0.492472	100
106	274	162	218	439.823	0.484729	100
108	276	164	220	439.823	0.49119	100
110	278	166	222	439.823	0.47361	100
112	280	168	224	439.823	0.491829	100
30	204	88	146	455.531	0.872569	100
32	206	90	148	455.531	0.883534	100
34	208	92	150	455.531	0.857624	100
36	210	94	152	455.531	0.873351	100
38	212	96	154	455.531	0.850373	100
40	214	98	156	455.531	0.868435	100
42	216	100	158	455.531	0.865194	100
44	218	102	160	455.531	0.834017	100
46	220	104	162	455.531	0.842292	100
48	222	106	164	455.531	0.846147	100
50	224	108	166	455.531	0.837877	100
52	226	110	168	455.531	0.841794	100
54	228	112	170	455.531	0.830164	100
56	230	114	172	455.531	0.818626	100
58	232	116	174	455.531	0.796969	100
60	234	118	176	455.531	0.799733	100
62	236	120	178	455.531	0.781723	100
64	238	122	180	455.531	0.801567	100
66	240	124	182	455.531	0.787356	100
68	242	126	184	455.531	0.772011	100
70	244	128	186	455.531	0.738092	100
72	246	130	188	455.531	0.74448	100
74	248	132	190	455.531	0.727362	100
76	250	134	192	455.531	0.699414	100
78	252	136	194	455.531	0.665285	100
80	254	138	196	455.531	0.64559	100
82	256	140	198	455.531	0.634005	100
84	258	142	200	455.531	0.598031	100
86	260	144	202	455.531	0.594295	100
88	262	146	204	455.531	0.571364	100
90	264	148	206	455.531	0.542178	100
92	266	150	208	455.531	0.525969	100
94	268	152	210	455.531	0.517688	100
96	270	154	212	455.531	0.50774	100
98	272	156	214	455.531	0.508078	100
100	274	158	216	455.531	0.493572	100
102	276	160	218	455.531	0.500333	100
104	278	162	220	455.531	0.479911	100
106	280	164	222	455.531	0.477196	100
30	210	90	150	471.239	0.839836	100
32	212	92	152	471.239	0.864605	100
34	214	94	154	471.239	0.863858	100
36	216	96	156	471.239	0.821556	100
38	218	98	158	471.239	0.837435	100
40	220	100	160	471.239	0.829029	100
42	222	102	162	471.239	0.811826	100
44	224	104	164	471.239	0.836086	100
46	226	106	166	471.239	0.816629	100
48	228	108	168	471.239	0.828774	100
50	230	110	170	471.239	0.808073	100
52	232	112	172	471.239	0.785582	100
54	234	114	174	471.239	0.776282	100
56	236	116	176	471.239	0.779331	100
58	238	118	178	471.239	0.796967	100
60	240	120	180	471.239	0.778097	100
62	242	122	182	471.239	0.765164	100
64	244	124	184	471.239	0.745109	100
66	246	126	186	471.239	0.736908	100
68	248	128	188	471.239	0.739897	100
70	250	130	190	471.239	0.699425	100
72	252	132	192	471.239	0.680215	100
74	254	134	194	471.239	0.660416	100
76	256	136	196	471.239	0.646508	100
78	258	138	198	471.239	0.626976	100
80	260	140	200	471.239	0.604261	100
82	262	142	202	471.239	0.570325	100
84	264	144	204	471.239	0.57375	100
86	266	146	206	471.239	0.54294	100
88	268	148	208	471.239	0.527175	100
90	270	150	210	471.239	0.512297	100
92	272	152	212	471.239	0.511534	100
94	274	154	214	471.239	0.492568	100
96	276	156	216	471.239	0.484454	100
98	278	158	218	471.239	0.489532	100
100	280	160	220	471.239	0.485635	100
30	216	92	154	486.947	0.823668	100
32	218	94	156	486.947	0.82823	100
34	220	96	158	486.947	0.8163	100
36	222	98	160	486.947	0.793697	100
38	224	100	162	486.947	0.813952	100
40	226	102	164	486.947	0.786005	100
42	228	104	166	486.947	0.786081	100
44	230	106	168	486.947	0.801965	100
46	232	108	170	486.947	0.783432	100
48	234	110	172	486.947	0.768776	100
50	236	112	174	486.947	0.773081	100
52	238	114	176	486.947	0.750471	100
54	240	116	178	486.947	0.763464	100
56	242	118	180	486.947	0.76989	100
58	244	120	182	486.947	0.76298	100
60	246	122	184	486.947	0.747414	100
62	248	124	186	486.947	0.712014	100
64	250	126	188	486.947	0.701164	100
66	252	128	190	486.947	0.689316	100
68	254	130	192	486.947	0.687618	100
70	256	132	194	486.947	0.670192	100
72	258	134	196	486.947	0.638068	100
74	260	136	198	486.947	0.62381	100
76	262	138	200	486.947	0.618414	100
78	264	140	202	486.947	0.5843	100
80	266	142	204	486.947	0.567505	100
82	268	144	206	486.947	0.546869	100
84	270	146	208	486.947	0.535553	100
86	272	148	210	486.947	0.523978	100
88	274	150	212	486.947	0.496924	100
90	276	152	214	486.947	0.494034	100
92	278	154	216	486.947	0.485654	100
94	280	156	218	486.947	0.492648	100
30	222	94	158	502.655	0.806121	100
32	224	96	160	502.655	0.783452	100
34	226	98	162	502.655	0.786421	100
36	228	100	164	502.655	0.761626	100
38	230	102	166	502.655	0.78214	100
40	232	104	168	502.655	0.766593	100
42	234	106	170	502.655	0.767261	100
44	236	108	172	502.655	0.740235	100
46	238	110	174	502.655	0.734465	100
48	240	112	176	502.655	0.755819	100
50	242	114	178	502.655	0.747136	100
52	244	116	180	502.655	0.753121	100
54	246	118	182	502.655	0.736513	100
56	248	120	184	502.655	0.71922	100
58	250	122	186	502.655	0.697317	100
60	252	124	188	502.655	0.713469	100
62	254	126	190	502.655	0.693583	100
64	256	128	192	502.655	0.680891	100
66	258	130	194	502.655	0.657154	100
68	260	132	196	502.655	0.652418	100
70	262	134	198	502.655	0.640552	100
72	264	136	200	502.655	0.598474	100
74	266	138	202	502.655	0.577346	100
76	268	140	204	502.655	0.567488	100
78	270	142	206	502.655	0.554314	100
80	272	144	208	502.655	0.541274	100
82	274	146	210	502.655	0.511846	100
84	276	148	212	502.655	0.514425	100
86	278	150	214	502.655	0.489105	100
88	280	152	216	502.655	0.490586	100
30	228	96	162	518.363	0.767903	100
32	230	98	164	518.363	0.742318	100
34	232	100	166	518.363	0.734723	100
36	234	102	168	518.363	0.742025	100
38	236	104	170	518.363	0.73417	100
40	238	106	172	518.363	0.75048	100
42	240	108	174	518.363	0.7473	100
44	242	110	176	518.363	0.708486	100
46	244	112	178	518.363	0.70326	100
48	246	114	180	518.363	0.698915	100
50	248	116	182	518.363	0.720677	100
52	250	118	184	518.363	0.710617	100
54	252	120	186	518.363	0.68006	100
56	254	122	188	518.363	0.68834	100
58	256	124	190	518.363	0.665282	100
60	258	126	192	518.363	0.652408	100
62	260	128	194	518.363	0.64657	100
64	262	130	196	518.363	0.64403	100
66	264	132	198	518.363	0.626748	100
68	266	134	200	518.363	0.607868	100
70	268	136	202	518.363	0.582303	100
72	270	138	204	518.363	0.569543	100
74	272	140	206	518.363	0.558305	100
76	274	142	208	518.363	0.534362	100
78	276	144	210	518.363	0.50815	100
80	278	146	212	518.363	0.507216	100
82	280	148	214	518.363	0.493676	100
30	234	98	166	534.071	0.727209	100
32	236	100	168	534.071	0.72444	100
34	238	102	170	534.071	0.729697	100
36	240	104	172	534.071	0.703447	100
38	242	106	174	534.071	0.704925	100
40	244	108	176	534.071	0.689687	100
42	246	110	178	534.071	0.695738	100
44	248	112	180	534.071	0.707726	100
46	250	114	182	534.071	0.688749	100
48	252	116	184	534.071	0.678466	100
50	254	118	186	534.071	0.689693	100
52	256	120	188	534.071	0.670573	100
54	258	122	190	534.071	0.656705	100
56	260	124	192	534.071	0.664022	100
58	262	126	194	534.071	0.633555	100
60	264	128	196	534.071	0.643822	100
62	266	130	198	534.071	0.624613	100
64	268	132	200	534.071	0.605459	100
66	270	134	202	534.071	0.569382	100
68	272	136	204	534.071	0.575228	100
70	274	138	206	534.071	0.560596	100
72	276	140	208	534.071	0.536356	100
74	278	142	210	534.071	0.515659	100
76	280	144	212	534.071	0.504703	100
30	240	100	170	549.779	0.682293	100
32	242	102	172	549.779	0.679624	100
34	244	104	174	549.779	0.688576	100
36	246	106	176	549.779	0.693752	100
38	248	108	178	549.779	0.675988	100
40	250	110	180	549.779	0.666129	100
42	252	112	182	549.779	0.666642	100
44	254	114	184	549.779	0.681465	100
46	256	116	186	549.779	0.671087	100
48	258	118	188	549.779	0.644946	100
50	260	120	190	549.779	0.636541	100
52	262	122	192	549.779	0.628435	100
54	264	124	194	549.779	0.62135	100
56	266	126	196	549.779	0.618211	100
58	268	128	198	549.779	0.620264	100
60	270	130	200	549.779	0.596512	100
62	272	132	202	549.779	0.584689	100
64	274	134	204	549.779	0.568415	100
66	276	136	206	549.779	0.56096	100
68	278	138	208	549.779	0.542999	100
70	280	140	210	549.779	0.514572	100
30	246	102	174	565.487	0.656904	100
32	248	104	176	565.487	0.676334	100
34	250	106	178	565.487	0.652105	100
36	252	108	180	565.487	0.669655	100
38	254	110	182	565.487	0.666844	100
40	256	112	184	565.487	0.636172	100
42	258	114	186	565.487	0.656061	100
44	260	116	188	565.487	0.643106	100
46	262	118	190	565.487	0.63635	100
48	264	120	192	565.487	0.624479	100
50	266	122	194	565.487	0.624742	100
52	268	124	196	565.487	0.615335	100
54	270	126	198	565.487	0.611036	100
56	272	128	200	565.487	0.585385	100
58	274	130	202	565.487	0.560956	100
60	276	132	204	565.487	0.548548	100
62	278	134	206	565.487	0.552736	100
64	280	136	208	565.487	0.542445	100
30	252	104	178	581.195	0.650715	100
32	254	106	180	581.195	0.6499	100
34	256	108	182	581.195	0.619379	100
36	258	110	184	581.195	0.64427	100
38	260	112	186	581.195	0.613525	100
40	262	114	188	581.195	0.62117	100
42	264	116	190	581.195	0.627371	100
44	266	118	192	581.195	0.615642	100
46	268	120	194	581.195	0.593318	100
48	270	122	196	581.195	0.596098	100
50	272	124	198	581.195	0.591283	100
52	274	126	200	581.195	0.565153	100
54	276	128	202	581.195	0.579008	100
56	278	130	204	581.195	0.563643	100
58	280	132	206	581.195	0.554145	100
30	258	106	182	596.903	0.604535	100
32	260	108	184	596.903	0.617484	100
34	262	110	186	596.903	0.61863	100
36	264	112	188	596.903	0.597098	100
38	266	114	190	596.903	0.600851	100
40	268	116	192	596.903	0.593019	100
42	270	118	194	596.903	0.598887	100
44	272	120	196	596.903	0.595696	100
46	274	122	198	596.903	0.564598	100
48	276	124	200	596.903	0.567799	100
50	278	126	202	596.903	0.568045	100
52	280	128	204	596.903	0.550273	100
30	264	108	186	612.611	0.592134	100
32	266	110	188	612.611	0.570698	100
34	268	112	190	612.611	0.578485	100
36	270	114	192	612.611	0.579208	100
38	272	116	194	612.611	0.581842	100
40	274	118	196	612.611	0.56088	100
42	276	120	198	612.611	0.563388	100
44	278	122	200	612.611	0.560841	100
46	280	124	202	612.611	0.542365	100
30	270	110	190	628.319	0.550941	100
32	272	112	192	628.319	0.56232	100
34	274	114	194	628.319	0.542215	100
36	276	116	196	628.319	0.543089	100
38	278	118	198	628.319	0.534977	100
40	280	120	200	628.319	0.544671	100
30	276	112	194	644.026	0.532794	100
32	278	114	196	644.026	0.52252	100
34	280	116	198	644.026	0.530255	100
0	0
