# ============================================================
# Electrode Geometry and Array Coefficients
# Paper: A Comparative Study of Pseudo-diode Arrays and Standard Arrays
# Based on High-density DC Resistivity Method
# ============================================================
# Column 1: X_Coord (m)       - Horizontal electrode position
# Column 2: Z_Coord (m)       - Depth coordinate (negative downward)
# Column 3: App_Resistivity   - Apparent resistivity (Ohm-m)
# Column 4: ElectrodeSpacing  - Electrode spacing 'a' for this measurement
# Column 5: GeometricFactor    - Array geometric factor K = 2*pi*a

-153.75	-3.75	211.24	1000	0.78876
-151.25	-3.75	212.002	1000	0.787998
-148.75	-3.75	208.002	1000	0.791998
-146.25	-3.75	217.66	1000	0.78234
-143.75	-3.75	194.951	1000	0.805049
-141.25	-3.75	221.795	1000	0.778205
-138.75	-3.75	202.674	1000	0.797326
-136.25	-3.75	208.675	1000	0.791325
-133.75	-3.75	215.579	1000	0.78442
-131.25	-3.75	205.015	1000	0.794985
-128.75	-3.75	217.525	1000	0.782474
-126.25	-3.75	212.162	1000	0.787838
-123.75	-3.75	217.728	999.999	0.782271
-121.25	-3.75	214.862	999.999	0.785138
-118.75	-3.75	215.178	999.999	0.784822
-116.25	-3.75	206.13	999.999	0.79387
-113.75	-3.75	218.818	999.999	0.781181
-111.25	-3.75	205.709	999.999	0.794291
-108.75	-3.75	217.531	999.999	0.782469
-106.25	-3.75	215.569	999.999	0.78443
-103.75	-3.75	206.706	999.999	0.793294
-101.25	-3.75	217.171	999.998	0.782829
-98.75	-3.75	204.729	999.998	0.795271
-96.25	-3.75	217.15	999.998	0.78285
-93.75	-3.75	202.888	999.997	0.797111
-91.25	-3.75	221.079	999.997	0.77892
-88.75	-3.75	205.261	999.997	0.794738
-86.25	-3.75	217.335	999.996	0.782665
-83.75	-3.75	215.478	999.995	0.784521
-81.25	-3.75	206.695	999.994	0.793304
-78.75	-3.75	217.232	999.993	0.782767
-76.25	-3.75	206.352	999.992	0.793647
-73.75	-3.75	215.316	999.991	0.784682
-71.25	-3.75	213.73	999.989	0.786268
-68.75	-3.75	217.232	999.987	0.782765
-66.25	-3.75	212.105	999.984	0.787891
-63.75	-3.75	217.544	999.981	0.782451
-61.25	-3.75	215.449	999.976	0.784546
-58.75	-3.75	206.562	999.971	0.793432
-56.25	-3.75	216.999	999.964	0.782993
-53.75	-3.75	204.537	999.956	0.795454
-51.25	-3.75	216.979	999.945	0.78301
-48.75	-3.75	202.721	999.931	0.797265
-46.25	-3.75	220.918	999.913	0.779063
-43.75	-3.75	205.105	999.89	0.794873
-41.25	-3.75	217.175	999.86	0.782795
-38.75	-3.75	215.306	999.822	0.784655
-36.25	-3.75	206.505	999.771	0.793448
-33.75	-3.75	217.014	999.706	0.782922
-31.25	-3.75	206.094	999.622	0.793828
-28.75	-3.75	215.007	999.513	0.784889
-26.25	-3.75	213.351	999.375	0.786516
-23.75	-3.75	216.711	999.201	0.783116
-21.25	-3.75	211.99	998.989	0.787796
-18.75	-3.75	208.445	998.738	0.791291
-16.25	-3.75	216.07	998.452	0.783595
-13.75	-3.75	205.135	998.145	0.794484
-11.25	-3.75	213.948	997.84	0.785589
-8.75	-3.75	212.428	997.563	0.787053
-6.25	-3.75	204.576	997.34	0.794878
-3.75	-3.75	215.39	997.188	0.784002
-1.25	-3.75	193.562	997.112	0.805878
1.25	-3.75	207.731	997.112	0.791667
3.75	-3.75	196.429	997.188	0.803017
6.25	-3.75	206.868	997.34	0.79258
8.75	-3.75	201.273	997.563	0.798236
11.25	-3.75	215.038	997.84	0.784497
13.75	-3.75	202.046	998.145	0.797579
16.25	-3.75	216.552	998.452	0.783112
18.75	-3.75	200.532	998.738	0.799215
21.25	-3.75	206.078	998.989	0.793713
23.75	-3.75	214.86	999.201	0.784969
26.25	-3.75	204.002	999.375	0.795871
28.75	-3.75	206.851	999.513	0.793049
31.25	-3.75	214.785	999.622	0.785134
33.75	-3.75	202.838	999.706	0.797102
36.25	-3.75	215.414	999.771	0.784537
38.75	-3.75	210.519	999.822	0.789443
41.25	-3.75	207.178	999.86	0.792794
43.75	-3.75	214.876	999.89	0.7851
46.25	-3.75	203.895	999.913	0.796087
48.75	-3.75	215.18	999.931	0.784805
51.25	-3.75	209.122	999.945	0.790867
53.75	-3.75	205.72	999.956	0.794271
56.25	-3.75	214.675	999.964	0.785317
58.75	-3.75	203.721	999.971	0.796273
61.25	-3.75	205.698	999.976	0.794297
63.75	-3.75	215.473	999.981	0.784523
66.25	-3.75	199.934	999.984	0.800063
68.75	-3.75	205.329	999.987	0.794668
71.25	-3.75	213.264	999.989	0.786734
73.75	-3.75	202.872	999.991	0.797127
76.25	-3.75	215.516	999.992	0.784482
78.75	-3.75	210.173	999.993	0.789825
81.25	-3.75	215.798	999.994	0.784201
83.75	-3.75	213.801	999.995	0.786198
86.25	-3.75	202.379	999.996	0.797621
88.75	-3.75	218.148	999.997	0.781851
91.25	-3.75	200.985	999.997	0.799015
93.75	-3.75	215.624	999.997	0.784376
96.25	-3.75	212.869	999.998	0.78713
98.75	-3.75	205.908	999.998	0.794092
101.25	-3.75	205.767	999.998	0.794232
103.75	-3.75	206.841	999.999	0.793159
106.25	-3.75	203.056	999.999	0.796944
108.75	-3.75	215.305	999.999	0.784695
111.25	-3.75	200.853	999.999	0.799147
113.75	-3.75	216.142	999.999	0.783858
116.25	-3.75	195.326	999.999	0.804674
118.75	-3.75	215.698	999.999	0.784302
121.25	-3.75	193.391	999.999	0.806609
123.75	-3.75	207.107	999.999	0.792893
126.25	-3.75	207.537	1000	0.792462
128.75	-3.75	192.681	1000	0.807319
131.25	-3.75	216.26	1000	0.783739
133.75	-3.75	195.896	1000	0.804104
136.25	-3.75	213.528	1000	0.786472
138.75	-3.75	204.779	1000	0.795221
141.25	-3.75	211.861	1000	0.788139
143.75	-3.75	215.053	1000	0.784947
146.25	-3.75	200.911	1000	0.799089
148.75	-3.75	215.914	1000	0.784086
151.25	-3.75	193.956	1000	0.806044
-150	-7.5	210.937	999.999	0.789062
-147.5	-7.5	213.211	999.998	0.786789
-145	-7.5	213.671	999.998	0.786328
-142.5	-7.5	214.103	999.998	0.785897
-140	-7.5	211.81	999.998	0.78819
-137.5	-7.5	211.783	999.998	0.788216
-135	-7.5	212.739	999.997	0.78726
-132.5	-7.5	217.739	999.997	0.78226
-130	-7.5	213.053	999.997	0.786947
-127.5	-7.5	212.409	999.996	0.78759
-125	-7.5	213.551	999.996	0.786448
-122.5	-7.5	215.734	999.995	0.784265
-120	-7.5	213.815	999.995	0.786184
-117.5	-7.5	213.06	999.994	0.786939
-115	-7.5	214.105	999.993	0.785894
-112.5	-7.5	213.58	999.993	0.786418
-110	-7.5	212.821	999.992	0.787177
-107.5	-7.5	211.848	999.99	0.78815
-105	-7.5	213.519	999.989	0.786479
-102.5	-7.5	213.601	999.987	0.786396
-100	-7.5	215.335	999.986	0.784662
-97.5	-7.5	211.431	999.983	0.788566
-95	-7.5	211.22	999.981	0.788776
-92.5	-7.5	213.569	999.978	0.786426
-90	-7.5	214.602	999.974	0.785393
-87.5	-7.5	212.892	999.97	0.787102
-85	-7.5	211.242	999.965	0.78875
-82.5	-7.5	213.097	999.959	0.786894
-80	-7.5	213.44	999.951	0.78655
-77.5	-7.5	213.213	999.943	0.786775
-75	-7.5	211.631	999.932	0.788355
-72.5	-7.5	214.006	999.918	0.785977
-70	-7.5	214.123	999.902	0.785856
-67.5	-7.5	212.301	999.882	0.787674
-65	-7.5	212.585	999.857	0.787385
-62.5	-7.5	212.932	999.826	0.787031
-60	-7.5	212.539	999.788	0.787415
-57.5	-7.5	212.414	999.739	0.78753
-55	-7.5	214.162	999.677	0.785768
-52.5	-7.5	210.196	999.599	0.789719
-50	-7.5	209.984	999.499	0.789911
-47.5	-7.5	212.34	999.371	0.787527
-45	-7.5	213.382	999.206	0.786449
-42.5	-7.5	211.662	998.993	0.788125
-40	-7.5	209.952	998.718	0.789778
-37.5	-7.5	211.684	998.361	0.787969
-35	-7.5	211.836	997.9	0.787718
-32.5	-7.5	211.345	997.305	0.788084
-30	-7.5	209.426	996.544	0.789848
-27.5	-7.5	211.389	995.581	0.787672
-25	-7.5	211.372	994.384	0.787434
-22.5	-7.5	207.323	992.932	0.791201
-20	-7.5	207.137	991.234	0.791031
-17.5	-7.5	209.418	989.338	0.788326
-15	-7.5	207.53	987.354	0.789812
-12.5	-7.5	204.011	985.44	0.792974
-10	-7.5	203.351	983.778	0.793296
-7.5	-7.5	203.878	982.512	0.792493
-5	-7.5	202.226	981.69	0.794002
-2.5	-7.5	198.817	981.262	0.797386
0	-7.5	198.896	981.134	0.79728
2.5	-7.5	201.724	981.262	0.794424
5	-7.5	202.671	981.69	0.793549
7.5	-7.5	197.431	982.512	0.799055
10	-7.5	196.556	983.778	0.800203
12.5	-7.5	200.138	985.44	0.796905
15	-7.5	204.235	987.354	0.793149
17.5	-7.5	198.872	989.338	0.798985
20	-7.5	197.704	991.234	0.800548
22.5	-7.5	201.031	992.932	0.797538
25	-7.5	200.725	994.384	0.798142
27.5	-7.5	197.948	995.581	0.801173
30	-7.5	199.684	996.544	0.799623
32.5	-7.5	202.688	997.305	0.796764
35	-7.5	199.863	997.9	0.799716
37.5	-7.5	197.413	998.361	0.802263
40	-7.5	198.81	998.718	0.800934
42.5	-7.5	201.376	998.993	0.798422
45	-7.5	201.322	999.206	0.798518
47.5	-7.5	199.321	999.371	0.800554
50	-7.5	196.007	999.499	0.803895
52.5	-7.5	196.846	999.599	0.803075
55	-7.5	199.366	999.677	0.800569
57.5	-7.5	198.57	999.739	0.801378
60	-7.5	197.21	999.788	0.802748
62.5	-7.5	199.937	999.826	0.800028
65	-7.5	196.875	999.857	0.803097
67.5	-7.5	195.746	999.882	0.80423
70	-7.5	199.622	999.902	0.800359
72.5	-7.5	203.897	999.918	0.796086
75	-7.5	199.488	999.932	0.800499
77.5	-7.5	199.102	999.943	0.800887
80	-7.5	201.115	999.951	0.798875
82.5	-7.5	200.778	999.959	0.799214
85	-7.5	201.497	999.965	0.798496
87.5	-7.5	201.839	999.97	0.798155
90	-7.5	201.147	999.974	0.798848
92.5	-7.5	199.145	999.978	0.800851
95	-7.5	199.611	999.981	0.800385
97.5	-7.5	200.755	999.983	0.799242
100	-7.5	199.979	999.986	0.800018
102.5	-7.5	201.241	999.987	0.798757
105	-7.5	201.638	999.989	0.798359
107.5	-7.5	199.625	999.99	0.800373
110	-7.5	198.377	999.992	0.801621
112.5	-7.5	200.737	999.993	0.799262
115	-7.5	203.017	999.993	0.796981
117.5	-7.5	200.845	999.994	0.799154
120	-7.5	196.766	999.995	0.803233
122.5	-7.5	200.686	999.995	0.799313
125	-7.5	202.347	999.996	0.797652
127.5	-7.5	199.923	999.996	0.800076
130	-7.5	198.085	999.997	0.801914
132.5	-7.5	200.369	999.997	0.799631
135	-7.5	202.357	999.997	0.797642
137.5	-7.5	200.367	999.998	0.799633
140	-7.5	203.447	999.998	0.796552
142.5	-7.5	200.419	999.998	0.799581
145	-7.5	199.593	999.998	0.800406
147.5	-7.5	199.832	999.998	0.800167
-146.25	-11.25	232.315	999.994	0.767684
-143.75	-11.25	233.589	999.994	0.76641
-141.25	-11.25	232.309	999.993	0.767689
-138.75	-11.25	232.879	999.992	0.767119
-136.25	-11.25	233.567	999.992	0.766431
-133.75	-11.25	233.869	999.991	0.766128
-131.25	-11.25	233.624	999.99	0.766373
-128.75	-11.25	233.199	999.988	0.766798
-126.25	-11.25	232.475	999.987	0.767522
-123.75	-11.25	232.793	999.985	0.767203
-121.25	-11.25	233.658	999.983	0.766338
-118.75	-11.25	233.344	999.981	0.766652
-116.25	-11.25	233.047	999.979	0.766948
-113.75	-11.25	232.082	999.976	0.767912
-111.25	-11.25	232.036	999.973	0.767958
-108.75	-11.25	232.235	999.969	0.767758
-106.25	-11.25	232.768	999.965	0.767224
-103.75	-11.25	233.528	999.96	0.766462
-101.25	-11.25	233.157	999.954	0.766832
-98.75	-11.25	232.499	999.947	0.767488
-96.25	-11.25	231.41	999.939	0.768576
-93.75	-11.25	231.48	999.93	0.768503
-91.25	-11.25	231.47	999.918	0.768511
-88.75	-11.25	232.166	999.905	0.767811
-86.25	-11.25	231.868	999.889	0.768106
-83.75	-11.25	231.9	999.87	0.76807
-81.25	-11.25	231.362	999.846	0.768603
-78.75	-11.25	231.07	999.819	0.768888
-76.25	-11.25	231.296	999.785	0.768655
-73.75	-11.25	230.971	999.743	0.76897
-71.25	-11.25	230.546	999.692	0.769383
-68.75	-11.25	230.142	999.63	0.769773
-66.25	-11.25	229.58	999.552	0.770317
-63.75	-11.25	229.075	999.456	0.7708
-61.25	-11.25	229.829	999.336	0.770018
-58.75	-11.25	230.641	999.186	0.769171
-56.25	-11.25	229.655	998.995	0.770114
-53.75	-11.25	228.868	998.754	0.770846
-51.25	-11.25	227.753	998.447	0.771892
-48.75	-11.25	227.741	998.055	0.771815
-46.25	-11.25	227.664	997.551	0.771777
-43.75	-11.25	228.261	996.904	0.77103
-41.25	-11.25	227.772	996.069	0.771329
-38.75	-11.25	227.465	994.995	0.771391
-36.25	-11.25	226.396	993.613	0.772148
-33.75	-11.25	225.392	991.848	0.772755
-31.25	-11.25	224.788	989.612	0.772852
-28.75	-11.25	223.82	986.821	0.773191
-26.25	-11.25	222.136	983.41	0.774117
-23.75	-11.25	220.475	979.367	0.77488
-21.25	-11.25	219.14	974.768	0.775188
-18.75	-11.25	217.12	969.82	0.776123
-16.25	-11.25	215.516	964.87	0.776637
-13.75	-11.25	213.971	960.362	0.777198
-11.25	-11.25	211.68	956.726	0.778746
-8.75	-11.25	208.152	954.221	0.781862
-6.25	-11.25	206.397	952.83	0.783385
-3.75	-11.25	204.573	952.263	0.785172
-1.25	-11.25	203.584	952.121	0.786179
1.25	-11.25	204.086	952.121	0.785651
3.75	-11.25	204.555	952.263	0.785191
6.25	-11.25	201.959	952.83	0.788043
8.75	-11.25	201.703	954.221	0.788621
11.25	-11.25	201.614	956.726	0.789267
13.75	-11.25	201.083	960.362	0.790618
16.25	-11.25	200.59	964.87	0.792107
18.75	-11.25	200.501	969.82	0.79326
21.25	-11.25	198.914	974.768	0.795937
23.75	-11.25	198.601	979.367	0.797215
26.25	-11.25	199.143	983.41	0.797497
28.75	-11.25	199.066	986.821	0.798276
31.25	-11.25	198.202	989.612	0.799717
33.75	-11.25	197.471	991.848	0.800906
36.25	-11.25	196.427	993.613	0.80231
38.75	-11.25	195.771	994.995	0.803244
41.25	-11.25	196.105	996.069	0.803121
43.75	-11.25	196.524	996.904	0.802866
46.25	-11.25	195.39	997.551	0.80413
48.75	-11.25	193.028	998.055	0.806596
51.25	-11.25	191.306	998.447	0.808397
53.75	-11.25	191.192	998.754	0.80857
56.25	-11.25	193.036	998.995	0.80677
58.75	-11.25	195.284	999.186	0.804556
61.25	-11.25	194.661	999.336	0.80521
63.75	-11.25	192.979	999.456	0.806916
66.25	-11.25	193.785	999.552	0.806128
68.75	-11.25	195.668	999.63	0.804259
71.25	-11.25	197.484	999.692	0.802455
73.75	-11.25	198.827	999.743	0.801122
76.25	-11.25	198.184	999.785	0.801774
78.75	-11.25	196.426	999.819	0.803538
81.25	-11.25	197.54	999.846	0.80243
83.75	-11.25	198.709	999.87	0.801266
86.25	-11.25	198.906	999.889	0.801072
88.75	-11.25	198.391	999.905	0.80159
91.25	-11.25	198.576	999.918	0.801408
93.75	-11.25	198.501	999.93	0.801485
96.25	-11.25	199.349	999.939	0.800639
98.75	-11.25	199.752	999.947	0.800238
101.25	-11.25	201.054	999.954	0.798936
103.75	-11.25	200.516	999.96	0.799476
106.25	-11.25	200.016	999.965	0.799977
108.75	-11.25	200.014	999.969	0.799979
111.25	-11.25	200.934	999.973	0.799061
113.75	-11.25	200.395	999.976	0.7996
116.25	-11.25	202.065	999.979	0.797931
118.75	-11.25	201.984	999.981	0.798012
121.25	-11.25	202.031	999.983	0.797965
123.75	-11.25	202.515	999.985	0.797482
126.25	-11.25	202.649	999.987	0.797348
128.75	-11.25	201.778	999.988	0.798219
131.25	-11.25	201.334	999.99	0.798663
133.75	-11.25	201.778	999.991	0.79822
136.25	-11.25	202.546	999.992	0.797453
138.75	-11.25	203.083	999.992	0.796915
141.25	-11.25	201.688	999.993	0.798311
143.75	-11.25	201.341	999.994	0.798658
-142.5	-15	257.52	999.984	0.742476
-140	-15	257.996	999.983	0.741999
-137.5	-15	258.554	999.981	0.741441
-135	-15	258.29	999.979	0.741705
-132.5	-15	258.479	999.976	0.741515
-130	-15	258.751	999.973	0.741242
-127.5	-15	258.524	999.97	0.741468
-125	-15	258.843	999.967	0.741149
-122.5	-15	258.066	999.963	0.741924
-120	-15	258.402	999.958	0.741587
-117.5	-15	258.4	999.952	0.741588
-115	-15	257.739	999.946	0.742247
-112.5	-15	257.426	999.939	0.742558
-110	-15	257.501	999.931	0.742481
-107.5	-15	258.335	999.921	0.741645
-105	-15	258.317	999.91	0.74166
-102.5	-15	257.783	999.897	0.742191
-100	-15	257.401	999.881	0.742568
-97.5	-15	257.096	999.863	0.742869
-95	-15	256.481	999.842	0.743478
-92.5	-15	255.698	999.817	0.744255
-90	-15	255.568	999.787	0.744378
-87.5	-15	256.171	999.751	0.743765
-85	-15	256.182	999.708	0.743743
-82.5	-15	255.845	999.657	0.744067
-80	-15	255.373	999.595	0.744524
-77.5	-15	254.985	999.519	0.744893
-75	-15	254.843	999.427	0.745011
-72.5	-15	254.049	999.315	0.745776
-70	-15	253.077	999.177	0.746714
-67.5	-15	252.537	999.006	0.747211
-65	-15	252.278	998.794	0.747418
-62.5	-15	252.349	998.53	0.74728
-60	-15	251.69	998.198	0.747855
-57.5	-15	250.893	997.781	0.748549
-55	-15	250.132	997.254	0.749179
-52.5	-15	249.379	996.584	0.749766
-50	-15	248.56	995.731	0.750374
-47.5	-15	247.594	994.641	0.751072
-45	-15	247.123	993.245	0.751196
-42.5	-15	247.224	991.459	0.750646
-40	-15	246.486	989.176	0.750817
-37.5	-15	245.131	986.271	0.751457
-35	-15	243.426	982.605	0.752264
-32.5	-15	241.88	978.038	0.752688
-30	-15	240.356	972.456	0.752836
-27.5	-15	238.05	965.815	0.753524
-25	-15	235.717	958.203	0.754001
-22.5	-15	233.787	949.892	0.75388
-20	-15	231.484	941.377	0.754101
-17.5	-15	228.351	933.33	0.755338
-15	-15	225.144	926.476	0.756989
-12.5	-15	221.441	921.385	0.759665
-10	-15	217.554	918.291	0.763088
-7.5	-15	214.363	916.986	0.766231
-5	-15	210.546	916.89	0.770369
-2.5	-15	208.288	917.254	0.772922
0	-15	206.944	917.456	0.774437
2.5	-15	205.566	917.254	0.77589
5	-15	204.35	916.89	0.777127
7.5	-15	203.221	916.986	0.778381
10	-15	201.79	918.291	0.780255
12.5	-15	201.231	921.385	0.7816
15	-15	199.283	926.476	0.784902
17.5	-15	198.034	933.33	0.78782
20	-15	197.281	941.377	0.790433
22.5	-15	196.097	949.892	0.793559
25	-15	195.242	958.203	0.796242
27.5	-15	194.822	965.815	0.798283
30	-15	193.896	972.456	0.800612
32.5	-15	193.171	978.038	0.802491
35	-15	191.85	982.605	0.804754
37.5	-15	191.632	986.271	0.8057
40	-15	191.07	989.176	0.806839
42.5	-15	189.047	991.459	0.809324
45	-15	187.617	993.245	0.811107
47.5	-15	185.371	994.641	0.81363
50	-15	183.486	995.731	0.815727
52.5	-15	182.832	996.584	0.816541
55	-15	182.494	997.254	0.817003
57.5	-15	183.646	997.781	0.815946
60	-15	184.818	998.198	0.814848
62.5	-15	184.796	998.53	0.814932
65	-15	186.689	998.794	0.813086
67.5	-15	187.819	999.006	0.811994
70	-15	189.221	999.177	0.810623
72.5	-15	191.463	999.315	0.808405
75	-15	192.123	999.427	0.807767
77.5	-15	192.729	999.519	0.807178
80	-15	192.684	999.595	0.807238
82.5	-15	192.402	999.657	0.807532
85	-15	193.362	999.708	0.806582
87.5	-15	193.587	999.751	0.806365
90	-15	194.306	999.787	0.805652
92.5	-15	195.021	999.817	0.804943
95	-15	195.473	999.842	0.804496
97.5	-15	196.921	999.863	0.803052
100	-15	197.578	999.881	0.802399
102.5	-15	198.01	999.897	0.80197
105	-15	198.461	999.91	0.801521
107.5	-15	198.306	999.921	0.801679
110	-15	198.582	999.931	0.801404
112.5	-15	198.464	999.939	0.801524
115	-15	199.769	999.946	0.80022
117.5	-15	200.395	999.952	0.799595
120	-15	200.738	999.958	0.799254
122.5	-15	201.066	999.963	0.798927
125	-15	200.53	999.967	0.799463
127.5	-15	200.713	999.97	0.799281
130	-15	200.389	999.973	0.799606
132.5	-15	200.775	999.976	0.79922
135	-15	201.386	999.979	0.79861
137.5	-15	200.963	999.981	0.799033
140	-15	200.98	999.983	0.799016
-138.75	-18.75	286.343	999.964	0.713647
-136.25	-18.75	286.602	999.96	0.713387
-133.75	-18.75	286.926	999.955	0.713061
-131.25	-18.75	286.955	999.95	0.713031
-128.75	-18.75	287.185	999.944	0.712799
-126.25	-18.75	287.02	999.938	0.712962
-123.75	-18.75	286.791	999.93	0.713189
-121.25	-18.75	287.179	999.921	0.712798
-118.75	-18.75	286.811	999.911	0.713163
-116.25	-18.75	286.352	999.899	0.71362
-113.75	-18.75	286.232	999.886	0.713736
-111.25	-18.75	286.334	999.871	0.713629
-108.75	-18.75	286.485	999.853	0.713473
-106.25	-18.75	286.187	999.832	0.713765
-103.75	-18.75	285.7	999.808	0.714245
-101.25	-18.75	285.233	999.779	0.714704
-98.75	-18.75	284.824	999.746	0.715104
-96.25	-18.75	284.509	999.706	0.715408
-93.75	-18.75	283.749	999.659	0.716154
-91.25	-18.75	283.012	999.604	0.716876
-88.75	-18.75	282.727	999.538	0.717142
-86.25	-18.75	282.902	999.458	0.716944
-83.75	-18.75	282.797	999.363	0.717022
-81.25	-18.75	282.19	999.249	0.717598
-78.75	-18.75	281.605	999.109	0.718144
-76.25	-18.75	281.246	998.94	0.718456
-73.75	-18.75	280.605	998.733	0.719039
-71.25	-18.75	279.557	998.479	0.720017
-68.75	-18.75	278.485	998.165	0.721003
-66.25	-18.75	277.788	997.776	0.721593
-63.75	-18.75	276.903	997.292	0.722346
-61.25	-18.75	275.822	996.687	0.723261
-58.75	-18.75	274.505	995.926	0.724372
-56.25	-18.75	273.143	994.966	0.725475
-53.75	-18.75	272.092	993.752	0.726197
-51.25	-18.75	271.056	992.211	0.726816
-48.75	-18.75	269.574	990.253	0.727773
-46.25	-18.75	268.115	987.763	0.728563
-43.75	-18.75	266.874	984.603	0.728952
-41.25	-18.75	265.753	980.608	0.728991
-38.75	-18.75	264.1	975.597	0.729294
-36.25	-18.75	261.945	969.388	0.729783
-33.75	-18.75	259.7	961.83	0.729994
-31.25	-18.75	257.642	952.858	0.729611
-28.75	-18.75	255.556	942.562	0.728871
-26.25	-18.75	253.121	931.255	0.728194
-23.75	-18.75	250.452	919.513	0.727625
-21.25	-18.75	247.431	908.133	0.727539
-18.75	-18.75	243.657	898.006	0.728669
-16.25	-18.75	239.211	889.923	0.7312
-13.75	-18.75	234.491	884.373	0.734851
-11.25	-18.75	229.626	881.417	0.739481
-8.75	-18.75	224.928	880.666	0.744594
-6.25	-18.75	220.172	881.362	0.750191
-3.75	-18.75	215.982	882.572	0.755281
-1.25	-18.75	212.529	883.434	0.759429
1.25	-18.75	209.966	883.434	0.76233
3.75	-18.75	207.317	882.572	0.765099
6.25	-18.75	204.72	881.362	0.767723
8.75	-18.75	202.391	880.666	0.770184
11.25	-18.75	200.5	881.417	0.772526
13.75	-18.75	198.388	884.373	0.775673
16.25	-18.75	196.428	889.923	0.779275
18.75	-18.75	194.29	898.006	0.783643
21.25	-18.75	192.302	908.133	0.788245
23.75	-18.75	190.968	919.513	0.792316
26.25	-18.75	189.889	931.255	0.796094
28.75	-18.75	188.526	942.562	0.799985
31.25	-18.75	187.393	952.858	0.803335
33.75	-18.75	186.666	961.83	0.805926
36.25	-18.75	186.131	969.388	0.807991
38.75	-18.75	184.293	975.597	0.811097
41.25	-18.75	182.007	980.608	0.814393
43.75	-18.75	179.615	984.603	0.817576
46.25	-18.75	176.883	987.763	0.820926
48.75	-18.75	174.732	990.253	0.823548
51.25	-18.75	172.964	992.211	0.825678
53.75	-18.75	171.48	993.752	0.827442
56.25	-18.75	171.424	994.966	0.827709
58.75	-18.75	172.331	995.926	0.826964
61.25	-18.75	173.858	996.687	0.825564
63.75	-18.75	175.894	997.292	0.823629
66.25	-18.75	178.039	997.776	0.821564
68.75	-18.75	180.398	998.165	0.819271
71.25	-18.75	182.148	998.479	0.817574
73.75	-18.75	183.806	998.733	0.815961
76.25	-18.75	184.887	998.94	0.814917
78.75	-18.75	185.457	999.109	0.814377
81.25	-18.75	186.348	999.249	0.813512
83.75	-18.75	186.807	999.363	0.813074
86.25	-18.75	186.968	999.458	0.81293
88.75	-18.75	187.724	999.538	0.812189
91.25	-18.75	188.901	999.604	0.811024
93.75	-18.75	190.773	999.659	0.809162
96.25	-18.75	191.969	999.706	0.807975
98.75	-18.75	192.9	999.746	0.80705
101.25	-18.75	193.697	999.779	0.806261
103.75	-18.75	194.569	999.808	0.805393
106.25	-18.75	195.092	999.832	0.804875
108.75	-18.75	195.817	999.853	0.804154
111.25	-18.75	196.497	999.871	0.803478
113.75	-18.75	197.01	999.886	0.802968
116.25	-18.75	197.121	999.899	0.802859
118.75	-18.75	197.981	999.911	0.802001
121.25	-18.75	198.461	999.921	0.801523
123.75	-18.75	198.417	999.93	0.801569
126.25	-18.75	198.731	999.938	0.801257
128.75	-18.75	199.065	999.944	0.800924
131.25	-18.75	198.785	999.95	0.801205
133.75	-18.75	198.715	999.955	0.801276
136.25	-18.75	199.397	999.96	0.800595
-135	-22.5	316.843	999.926	0.683133
-132.5	-22.5	316.819	999.917	0.683155
-130	-22.5	316.845	999.907	0.683126
-127.5	-22.5	316.878	999.896	0.683089
-125	-22.5	316.929	999.883	0.683034
-122.5	-22.5	316.962	999.869	0.682996
-120	-22.5	316.831	999.852	0.683122
-117.5	-22.5	316.775	999.833	0.683172
-115	-22.5	316.456	999.811	0.683484
-112.5	-22.5	316.231	999.785	0.683701
-110	-22.5	315.922	999.756	0.684001
-107.5	-22.5	315.526	999.721	0.684386
-105	-22.5	315.163	999.681	0.684736
-102.5	-22.5	314.627	999.634	0.685258
-100	-22.5	313.934	999.579	0.685933
-97.5	-22.5	313.222	999.513	0.686626
-95	-22.5	312.482	999.436	0.687341
-92.5	-22.5	311.965	999.345	0.68783
-90	-22.5	311.413	999.236	0.688349
-87.5	-22.5	310.918	999.105	0.688804
-85	-22.5	310.513	998.949	0.68916
-82.5	-22.5	309.953	998.76	0.689662
-80	-22.5	309.507	998.531	0.690037
-77.5	-22.5	308.772	998.252	0.690688
-75	-22.5	307.841	997.912	0.691515
-72.5	-22.5	306.894	997.495	0.692336
-70	-22.5	305.883	996.981	0.69319
-67.5	-22.5	304.411	996.344	0.694472
-65	-22.5	302.679	995.553	0.695969
-62.5	-22.5	300.821	994.565	0.697535
-60	-22.5	298.998	993.327	0.698993
-57.5	-22.5	297.385	991.772	0.700148
-55	-22.5	295.457	989.811	0.701501
-52.5	-22.5	293.35	987.337	0.702887
-50	-22.5	291.278	984.214	0.704051
-47.5	-22.5	289.166	980.278	0.705016
-45	-22.5	286.85	975.342	0.705898
-42.5	-22.5	284.51	969.195	0.706447
-40	-22.5	282.287	961.633	0.70645
-37.5	-22.5	279.848	952.489	0.706193
-35	-22.5	277.559	941.695	0.705256
-32.5	-22.5	275.315	929.353	0.703757
-30	-22.5	273.132	915.801	0.701756
-27.5	-22.5	270.827	901.65	0.699631
-25	-22.5	268.202	887.733	0.69788
-22.5	-22.5	264.702	874.985	0.697478
-20	-22.5	260.108	864.255	0.699038
-17.5	-22.5	255.182	856.148	0.701942
-15	-22.5	249.918	850.916	0.706295
-12.5	-22.5	244.075	848.44	0.712325
-10	-22.5	238.226	848.251	0.719156
-7.5	-22.5	232.205	849.598	0.726688
-5	-22.5	226.673	851.552	0.733812
-2.5	-22.5	221.95	853.192	0.739859
0	-22.5	217.612	853.825	0.745133
2.5	-22.5	213.055	853.192	0.750284
5	-22.5	209.304	851.552	0.754209
7.5	-22.5	205.829	849.598	0.757734
10	-22.5	202.143	848.251	0.761695
12.5	-22.5	198.576	848.44	0.765951
15	-22.5	195.673	850.916	0.770044
17.5	-22.5	192.789	856.148	0.774819
20	-22.5	190.191	864.255	0.779937
22.5	-22.5	187.733	874.985	0.785444
25	-22.5	185.621	887.733	0.790905
27.5	-22.5	184.303	901.65	0.795593
30	-22.5	183.46	915.801	0.799673
32.5	-22.5	181.919	929.353	0.804252
35	-22.5	180.316	941.695	0.80852
37.5	-22.5	178.497	952.489	0.8126
40	-22.5	176.136	961.633	0.816837
42.5	-22.5	173.375	969.195	0.821115
45	-22.5	170.355	975.342	0.825338
47.5	-22.5	167.337	980.278	0.829296
50	-22.5	164.509	984.214	0.832852
52.5	-22.5	162.55	987.337	0.835365
55	-22.5	161.792	989.811	0.836543
57.5	-22.5	162.07	991.772	0.836586
60	-22.5	163.137	993.327	0.835767
62.5	-22.5	165.5	994.565	0.833596
65	-22.5	168.325	995.553	0.830923
67.5	-22.5	170.889	996.344	0.828484
70	-22.5	173.233	996.981	0.826243
72.5	-22.5	175.37	997.495	0.82419
75	-22.5	177.153	997.912	0.822476
77.5	-22.5	178.433	998.252	0.821255
80	-22.5	179.258	998.531	0.820479
82.5	-22.5	179.885	998.76	0.819892
85	-22.5	180.554	998.949	0.819256
87.5	-22.5	181.644	999.105	0.818193
90	-22.5	182.634	999.236	0.817226
92.5	-22.5	184.245	999.345	0.815634
95	-22.5	186.037	999.436	0.813858
97.5	-22.5	187.643	999.513	0.812266
100	-22.5	189.066	999.579	0.810855
102.5	-22.5	190.027	999.634	0.809904
105	-22.5	191.186	999.681	0.808753
107.5	-22.5	192.695	999.721	0.807251
110	-22.5	193.803	999.756	0.80615
112.5	-22.5	194.712	999.785	0.805246
115	-22.5	194.926	999.811	0.805037
117.5	-22.5	195.386	999.833	0.804581
120	-22.5	196.345	999.852	0.803626
122.5	-22.5	196.859	999.869	0.803115
125	-22.5	197.515	999.883	0.802462
127.5	-22.5	197.78	999.896	0.8022
130	-22.5	197.789	999.907	0.802192
132.5	-22.5	197.735	999.917	0.802248
-131.25	-26.25	346.303	999.858	0.653647
-128.75	-26.25	346.393	999.841	0.653551
-126.25	-26.25	346.428	999.821	0.65351
-123.75	-26.25	346.376	999.799	0.653554
-121.25	-26.25	346.353	999.774	0.653569
-118.75	-26.25	346.246	999.744	0.653665
-116.25	-26.25	345.982	999.711	0.653918
-113.75	-26.25	345.633	999.671	0.654254
-111.25	-26.25	345.036	999.626	0.654834
-108.75	-26.25	344.471	999.573	0.655382
-106.25	-26.25	343.935	999.512	0.655897
-103.75	-26.25	343.334	999.44	0.656474
-101.25	-26.25	342.525	999.356	0.657254
-98.75	-26.25	341.571	999.256	0.658174
-96.25	-26.25	340.638	999.138	0.659068
-93.75	-26.25	339.906	998.999	0.659753
-91.25	-26.25	339.19	998.832	0.660413
-88.75	-26.25	338.589	998.633	0.660947
-86.25	-26.25	337.998	998.395	0.661459
-83.75	-26.25	337.301	998.107	0.662059
-81.25	-26.25	336.561	997.758	0.662683
-78.75	-26.25	335.644	997.334	0.663459
-76.25	-26.25	334.69	996.817	0.664242
-73.75	-26.25	333.503	996.183	0.665219
-71.25	-26.25	332.004	995.403	0.666463
-68.75	-26.25	330.188	994.438	0.667965
-66.25	-26.25	328.074	993.24	0.669694
-63.75	-26.25	325.741	991.75	0.671549
-61.25	-26.25	323.146	989.888	0.673553
-58.75	-26.25	320.544	987.558	0.675417
-56.25	-26.25	317.773	984.637	0.677269
-53.75	-26.25	314.877	980.978	0.679017
-51.25	-26.25	311.696	976.403	0.680771
-48.75	-26.25	308.442	970.708	0.68225
-46.25	-26.25	305.224	963.674	0.683271
-43.75	-26.25	302.162	955.093	0.683631
-41.25	-26.25	299.319	944.801	0.683194
-38.75	-26.25	296.661	932.746	0.681949
-36.25	-26.25	294.381	919.051	0.67969
-33.75	-26.25	292.315	904.082	0.676672
-31.25	-26.25	290.281	888.461	0.673276
-28.75	-26.25	287.898	873.013	0.670224
-26.25	-26.25	285.031	858.631	0.66804
-23.75	-26.25	281.333	846.117	0.667501
-21.25	-26.25	276.869	836.043	0.668834
-18.75	-26.25	271.865	828.698	0.671937
-16.25	-26.25	265.93	824.099	0.677308
-13.75	-26.25	259.401	822.035	0.684441
-11.25	-26.25	252.609	822.09	0.692724
-8.75	-26.25	245.731	823.655	0.701658
-6.25	-26.25	239.116	825.952	0.710497
-3.75	-26.25	232.87	828.131	0.7188
-1.25	-26.25	226.988	829.443	0.726337
1.25	-26.25	221.416	829.443	0.733054
3.75	-26.25	216.323	828.131	0.738782
6.25	-26.25	211.411	825.952	0.74404
8.75	-26.25	206.593	823.655	0.749176
11.25	-26.25	201.565	822.09	0.754813
13.75	-26.25	196.988	822.035	0.760366
16.25	-26.25	193.106	824.099	0.765677
18.75	-26.25	189.542	828.698	0.771277
21.25	-26.25	186.48	836.043	0.776949
23.75	-26.25	184.073	846.117	0.78245
26.25	-26.25	182.092	858.631	0.787927
28.75	-26.25	180.496	873.013	0.79325
31.25	-26.25	178.716	888.461	0.798848
33.75	-26.25	176.71	904.082	0.804542
36.25	-26.25	174.275	919.051	0.810376
38.75	-26.25	171.797	932.746	0.815815
41.25	-26.25	169.112	944.801	0.821008
43.75	-26.25	165.775	955.093	0.826431
46.25	-26.25	162.113	963.674	0.831776
48.75	-26.25	158.948	970.708	0.836256
51.25	-26.25	156.544	976.403	0.839673
53.75	-26.25	155.208	980.978	0.841782
56.25	-26.25	154.718	984.637	0.842868
58.75	-26.25	155.079	987.558	0.842967
61.25	-26.25	157.197	989.888	0.841197
63.75	-26.25	159.901	991.75	0.838769
66.25	-26.25	162.497	993.24	0.836397
68.75	-26.25	165.191	994.438	0.833886
71.25	-26.25	167.567	995.403	0.831659
73.75	-26.25	169.766	996.183	0.829583
76.25	-26.25	171.801	996.817	0.82765
78.75	-26.25	173.206	997.334	0.826331
81.25	-26.25	173.859	997.758	0.825751
83.75	-26.25	174.489	998.107	0.82518
86.25	-26.25	175.505	998.395	0.824212
88.75	-26.25	176.786	998.633	0.822972
91.25	-26.25	178.1	998.832	0.821692
93.75	-26.25	179.468	998.999	0.820352
96.25	-26.25	181.409	999.138	0.818435
98.75	-26.25	183.102	999.256	0.816762
101.25	-26.25	185.068	999.356	0.814813
103.75	-26.25	187.007	999.44	0.812888
106.25	-26.25	188.731	999.512	0.811176
108.75	-26.25	190.169	999.573	0.80975
111.25	-26.25	191.632	999.626	0.808297
113.75	-26.25	192.693	999.671	0.807244
116.25	-26.25	193.56	999.711	0.806384
118.75	-26.25	194.623	999.744	0.805327
121.25	-26.25	195.693	999.774	0.804263
123.75	-26.25	196.403	999.799	0.803557
126.25	-26.25	196.785	999.821	0.80318
128.75	-26.25	197.367	999.841	0.802602
-127.5	-30	373.896	999.741	0.626007
-125	-30	373.937	999.709	0.625955
-122.5	-30	373.892	999.673	0.625986
-120	-30	373.531	999.63	0.626331
-117.5	-30	373.178	999.582	0.626666
-115	-30	372.737	999.525	0.627086
-112.5	-30	372.211	999.46	0.627588
-110	-30	371.636	999.384	0.628135
-107.5	-30	370.694	999.295	0.629044
-105	-30	369.857	999.191	0.629844
-102.5	-30	369.001	999.069	0.630656
-100	-30	367.965	998.926	0.63164
-97.5	-30	366.898	998.756	0.632645
-95	-30	365.899	998.554	0.633571
-92.5	-30	365.029	998.314	0.634354
-90	-30	364.271	998.027	0.635009
-87.5	-30	363.464	997.683	0.635692
-85	-30	362.715	997.268	0.636291
-82.5	-30	361.914	996.765	0.636912
-80	-30	360.864	996.155	0.637743
-77.5	-30	359.632	995.41	0.638709
-75	-30	358.017	994.498	0.640002
-72.5	-30	356.184	993.377	0.641442
-70	-30	354.009	991.994	0.643134
-67.5	-30	351.521	990.281	0.645029
-65	-30	348.687	988.156	0.647133
-62.5	-30	345.506	985.513	0.649415
-60	-30	342.013	982.224	0.651797
-57.5	-30	338.2	978.132	0.654239
-55	-30	334.141	973.054	0.656606
-52.5	-30	329.831	966.785	0.658837
-50	-30	325.633	959.108	0.660483
-47.5	-30	321.665	949.823	0.661342
-45	-30	317.994	938.789	0.661272
-42.5	-30	314.706	925.981	0.660137
-40	-30	312.035	911.558	0.657691
-37.5	-30	309.973	895.913	0.654014
-35	-30	308.016	879.675	0.649852
-32.5	-30	306.003	863.639	0.645682
-30	-30	303.515	848.629	0.642347
-27.5	-30	300.514	835.343	0.640251
-25	-30	296.853	824.243	0.639847
-22.5	-30	292.432	815.531	0.641421
-20	-30	287.228	809.21	0.645051
-17.5	-30	281.344	805.161	0.650574
-15	-30	274.575	803.193	0.658146
-12.5	-30	267.119	803.043	0.667366
-10	-30	259.297	804.318	0.677619
-7.5	-30	251.622	806.458	0.687991
-5	-30	244.214	808.764	0.69804
-2.5	-30	237.06	810.516	0.70752
0	-30	230.231	811.168	0.716173
2.5	-30	223.979	810.516	0.723658
5	-30	218.017	808.764	0.730432
7.5	-30	212.268	806.458	0.73679
10	-30	206.406	804.318	0.743378
12.5	-30	200.837	803.043	0.749905
15	-30	195.775	803.193	0.756255
17.5	-30	191.265	805.161	0.762451
20	-30	187.522	809.21	0.768265
22.5	-30	184.617	815.531	0.773624
25	-30	182.115	824.243	0.779051
27.5	-30	179.748	835.343	0.784821
30	-30	177.296	848.629	0.79108
32.5	-30	174.908	863.639	0.797475
35	-30	172.435	879.675	0.803978
37.5	-30	169.666	895.913	0.810622
40	-30	166.49	911.558	0.817357
42.5	-30	162.909	925.981	0.824069
45	-30	159.25	938.789	0.830366
47.5	-30	155.934	949.823	0.835828
50	-30	153.132	959.108	0.840339
52.5	-30	151.275	966.785	0.843528
55	-30	150.307	973.054	0.845531
57.5	-30	150.066	978.132	0.846579
60	-30	151.202	982.224	0.846061
62.5	-30	153.382	985.513	0.844363
65	-30	155.992	988.156	0.842138
67.5	-30	158.627	990.281	0.839816
70	-30	161.068	991.994	0.837632
72.5	-30	163.379	993.377	0.835531
75	-30	165.596	994.498	0.833487
77.5	-30	167.411	995.41	0.831817
80	-30	168.822	996.155	0.830526
82.5	-30	169.731	996.765	0.829718
85	-30	170.422	997.268	0.829111
87.5	-30	171.098	997.683	0.828505
90	-30	172.152	998.027	0.827508
92.5	-30	173.474	998.314	0.826234
95	-30	174.978	998.554	0.824769
97.5	-30	176.718	998.756	0.823062
100	-30	178.989	998.926	0.820819
102.5	-30	181.298	999.069	0.818533
105	-30	183.532	999.191	0.816319
107.5	-30	185.684	999.295	0.814185
110	-30	187.614	999.384	0.81227
112.5	-30	189.275	999.46	0.810623
115	-30	190.957	999.525	0.808953
117.5	-30	192.65	999.582	0.80727
120	-30	193.899	999.63	0.806029
122.5	-30	195.011	999.673	0.804925
125	-30	195.942	999.709	0.804001
-123.75	-33.75	398.368	999.547	0.601451
-121.25	-33.75	397.883	999.488	0.601914
-118.75	-33.75	397.375	999.421	0.602395
-116.25	-33.75	396.88	999.343	0.602859
-113.75	-33.75	396.348	999.253	0.603356
-111.25	-33.75	395.573	999.147	0.604089
-108.75	-33.75	394.583	999.025	0.605032
-106.25	-33.75	393.648	998.881	0.605911
-103.75	-33.75	392.587	998.712	0.606906
-101.25	-33.75	391.538	998.513	0.607879
-98.75	-33.75	390.329	998.278	0.608998
-96.25	-33.75	389.187	997.999	0.610033
-93.75	-33.75	388.252	997.667	0.61084
-91.25	-33.75	387.398	997.269	0.611541
-88.75	-33.75	386.476	996.792	0.61228
-86.25	-33.75	385.418	996.218	0.613118
-83.75	-33.75	384.461	995.522	0.61381
-81.25	-33.75	383.49	994.678	0.614458
-78.75	-33.75	382.073	993.65	0.615486
-76.25	-33.75	380.047	992.391	0.617039
-73.75	-33.75	377.758	990.847	0.618753
-71.25	-33.75	375.226	988.946	0.62058
-68.75	-33.75	372.421	986.601	0.622521
-66.25	-33.75	369.021	983.703	0.624866
-63.75	-33.75	364.991	980.119	0.627606
-61.25	-33.75	360.726	975.693	0.630287
-58.75	-33.75	356.044	970.241	0.633035
-56.25	-33.75	350.961	963.564	0.635767
-53.75	-33.75	345.614	955.457	0.638274
-51.25	-33.75	340.564	945.741	0.639897
-48.75	-33.75	336.016	934.305	0.640357
-46.25	-33.75	332.099	921.164	0.639479
-43.75	-33.75	328.769	906.517	0.637327
-41.25	-33.75	325.979	890.787	0.634055
-38.75	-33.75	323.87	874.611	0.629699
-36.25	-33.75	322.099	858.752	0.624922
-33.75	-33.75	320.107	843.958	0.620707
-31.25	-33.75	317.486	830.814	0.617861
-28.75	-33.75	314.414	819.643	0.616402
-26.25	-33.75	310.753	810.511	0.616596
-23.75	-33.75	306.309	803.307	0.61869
-21.25	-33.75	301.101	797.864	0.622616
-18.75	-33.75	295.044	794.046	0.62843
-16.25	-33.75	288.258	791.773	0.635933
-13.75	-33.75	280.747	790.978	0.645063
-11.25	-33.75	272.442	791.511	0.655795
-8.75	-33.75	263.654	793.043	0.667542
-6.25	-33.75	255.093	795.051	0.679149
-3.75	-33.75	246.836	796.896	0.690253
-1.25	-33.75	238.799	797.993	0.700751
1.25	-33.75	231.267	797.993	0.710189
3.75	-33.75	224.284	796.896	0.718553
6.25	-33.75	217.808	795.051	0.726045
8.75	-33.75	211.668	793.043	0.733094
11.25	-33.75	205.834	791.511	0.739949
13.75	-33.75	200.228	790.978	0.74686
16.25	-33.75	195.344	791.773	0.753283
18.75	-33.75	191.239	794.046	0.759159
21.25	-33.75	187.505	797.864	0.764991
23.75	-33.75	184.133	803.307	0.770782
26.25	-33.75	181.136	810.511	0.776516
28.75	-33.75	178.219	819.643	0.782565
31.25	-33.75	175.538	830.814	0.788716
33.75	-33.75	172.587	843.958	0.795503
36.25	-33.75	169.246	858.752	0.802916
38.75	-33.75	165.837	874.611	0.810388
41.25	-33.75	162.206	890.787	0.817907
43.75	-33.75	158.403	906.517	0.825263
46.25	-33.75	154.842	921.164	0.831906
48.75	-33.75	151.781	934.305	0.837546
51.25	-33.75	149.589	945.741	0.841829
53.75	-33.75	148.181	955.457	0.844911
56.25	-33.75	147.352	963.564	0.847076
58.75	-33.75	147.71	970.241	0.847759
61.25	-33.75	149.035	975.693	0.847252
63.75	-33.75	151.192	980.119	0.845741
66.25	-33.75	153.717	983.703	0.843737
68.75	-33.75	156.054	986.601	0.841827
71.25	-33.75	158.367	988.946	0.839863
73.75	-33.75	160.407	990.847	0.838111
76.25	-33.75	162.506	992.391	0.836248
78.75	-33.75	164.266	993.65	0.834685
81.25	-33.75	165.385	994.678	0.83373
83.75	-33.75	166.193	995.522	0.833059
86.25	-33.75	166.792	996.218	0.832574
88.75	-33.75	167.353	996.792	0.832109
91.25	-33.75	168.021	997.269	0.831519
93.75	-33.75	169.116	997.667	0.830489
96.25	-33.75	170.731	997.999	0.828926
98.75	-33.75	172.741	998.278	0.826961
101.25	-33.75	174.683	998.513	0.825057
103.75	-33.75	177.157	998.712	0.822615
106.25	-33.75	179.634	998.881	0.820165
108.75	-33.75	182.257	999.025	0.817565
111.25	-33.75	184.706	999.147	0.815136
113.75	-33.75	187.018	999.253	0.812842
116.25	-33.75	189.168	999.343	0.810708
118.75	-33.75	190.9	999.421	0.808989
121.25	-33.75	192.706	999.488	0.807195
-120	-37.5	418.288	999.225	0.581388
-117.5	-37.5	417.652	999.121	0.58198
-115	-37.5	416.99	999	0.582593
-112.5	-37.5	416.089	998.859	0.583436
-110	-37.5	415.095	998.694	0.584362
-107.5	-37.5	414.089	998.502	0.58529
-105	-37.5	413	998.275	0.586286
-102.5	-37.5	411.949	998.009	0.587229
-100	-37.5	410.729	997.693	0.588321
-97.5	-37.5	409.583	997.319	0.589316
-95	-37.5	408.543	996.873	0.590176
-92.5	-37.5	407.57	996.34	0.590933
-90	-37.5	406.593	995.7	0.591651
-87.5	-37.5	405.501	994.93	0.592432
-85	-37.5	404.342	993.998	0.593217
-82.5	-37.5	402.992	992.868	0.594113
-80	-37.5	401.322	991.492	0.595235
-77.5	-37.5	399.26	989.811	0.59663
-75	-37.5	396.749	987.754	0.598333
-72.5	-37.5	393.728	985.23	0.600369
-70	-37.5	390.282	982.129	0.602616
-67.5	-37.5	386.259	978.319	0.605181
-65	-37.5	381.676	973.646	0.607993
-62.5	-37.5	376.501	967.932	0.611026
-60	-37.5	370.872	960.988	0.614072
-57.5	-37.5	365.01	952.63	0.61684
-55	-37.5	359.211	942.705	0.618957
-52.5	-37.5	353.754	931.138	0.620084
-50	-37.5	348.779	917.988	0.620062
-47.5	-37.5	344.666	903.496	0.618519
-45	-37.5	341.364	888.118	0.615632
-42.5	-37.5	338.692	872.498	0.611813
-40	-37.5	336.479	857.37	0.607546
-37.5	-37.5	334.457	843.416	0.60345
-35	-37.5	332.403	831.115	0.600052
-32.5	-37.5	329.935	820.66	0.597963
-30	-37.5	326.88	811.973	0.597425
-27.5	-37.5	322.97	804.799	0.598695
-25	-37.5	318.388	798.846	0.601441
-22.5	-37.5	313.143	793.905	0.605566
-20	-37.5	307.176	789.913	0.611127
-17.5	-37.5	300.314	786.952	0.618383
-15	-37.5	292.652	785.16	0.627271
-12.5	-37.5	284.123	784.613	0.637882
-10	-37.5	274.993	785.199	0.649779
-7.5	-37.5	265.529	786.566	0.66242
-5	-37.5	256.038	788.175	0.67515
-2.5	-37.5	246.756	789.441	0.687429
0	-37.5	238.038	789.919	0.698656
2.5	-37.5	230.124	789.441	0.708498
5	-37.5	222.975	788.175	0.717099
7.5	-37.5	216.419	786.566	0.724856
10	-37.5	210.596	785.199	0.731793
12.5	-37.5	205.369	784.613	0.738254
15	-37.5	200.637	785.16	0.744463
17.5	-37.5	196.361	786.952	0.750479
20	-37.5	192.357	789.913	0.756484
22.5	-37.5	188.516	793.905	0.762545
25	-37.5	184.902	798.846	0.768538
27.5	-37.5	181.496	804.799	0.774483
30	-37.5	178.163	811.973	0.78058
32.5	-37.5	174.695	820.66	0.787129
35	-37.5	171.045	831.115	0.794199
37.5	-37.5	167.157	843.416	0.801809
40	-37.5	163.184	857.37	0.809669
42.5	-37.5	159.365	872.498	0.817346
45	-37.5	155.664	888.118	0.824726
47.5	-37.5	152.239	903.496	0.831501
50	-37.5	149.639	917.988	0.836993
52.5	-37.5	147.718	931.138	0.841357
55	-37.5	146.424	942.705	0.844677
57.5	-37.5	146.154	952.63	0.846579
60	-37.5	146.777	960.988	0.847264
62.5	-37.5	148.179	967.932	0.846912
65	-37.5	150.205	973.646	0.845729
67.5	-37.5	152.474	978.319	0.844147
70	-37.5	154.546	982.129	0.842642
72.5	-37.5	156.652	985.23	0.841
75	-37.5	158.683	987.754	0.83935
77.5	-37.5	160.349	989.811	0.838
80	-37.5	161.681	991.492	0.836932
82.5	-37.5	162.65	992.868	0.836181
85	-37.5	163.184	993.998	0.835831
87.5	-37.5	163.619	994.93	0.835547
90	-37.5	164.117	995.7	0.835175
92.5	-37.5	164.791	996.34	0.834604
95	-37.5	165.58	996.873	0.833901
97.5	-37.5	166.815	997.319	0.832736
100	-37.5	168.632	997.693	0.830978
102.5	-37.5	170.717	998.009	0.828942
105	-37.5	172.974	998.275	0.826727
107.5	-37.5	175.739	998.502	0.823997
110	-37.5	178.607	998.694	0.821159
112.5	-37.5	181.401	998.859	0.818392
115	-37.5	184.131	999	0.815685
117.5	-37.5	186.634	999.121	0.813202
-116.25	-41.25	434.106	998.696	0.565327
-113.75	-41.25	433.209	998.512	0.566145
-111.25	-41.25	432.216	998.297	0.567047
-108.75	-41.25	431.197	998.046	0.567958
-106.25	-41.25	430.165	997.75	0.568864
-103.75	-41.25	429.08	997.401	0.569802
-101.25	-41.25	428.016	996.989	0.570691
-98.75	-41.25	427.071	996.499	0.571428
-96.25	-41.25	425.97	995.916	0.572283
-93.75	-41.25	424.902	995.218	0.573057
-91.25	-41.25	423.857	994.381	0.573748
-88.75	-41.25	422.717	993.373	0.574463
-86.25	-41.25	421.409	992.156	0.57526
-83.75	-41.25	419.729	990.681	0.576323
-81.25	-41.25	417.788	988.888	0.577517
-78.75	-41.25	415.475	986.703	0.578926
-76.25	-41.25	412.679	984.038	0.580627
-73.75	-41.25	409.322	980.781	0.582657
-71.25	-41.25	405.316	976.806	0.58506
-68.75	-41.25	400.607	971.96	0.587836
-66.25	-41.25	395.268	966.077	0.590852
-63.75	-41.25	389.411	958.984	0.593934
-61.25	-41.25	383.165	950.517	0.596888
-58.75	-41.25	376.867	940.555	0.599315
-56.25	-41.25	370.748	929.063	0.600944
-53.75	-41.25	365.176	916.141	0.601397
-51.25	-41.25	360.331	902.074	0.600553
-48.75	-41.25	356.242	887.349	0.598532
-46.25	-41.25	352.813	872.615	0.595683
-43.75	-41.25	350.051	858.584	0.592293
-41.25	-41.25	347.707	845.88	0.588941
-38.75	-41.25	345.529	834.894	0.58614
-36.25	-41.25	343.394	825.71	0.584123
-33.75	-41.25	340.893	818.125	0.583324
-31.25	-41.25	337.692	811.746	0.583993
-28.75	-41.25	333.729	806.142	0.586017
-26.25	-41.25	329.015	800.972	0.58923
-23.75	-41.25	323.612	796.081	0.593493
-21.25	-41.25	317.551	791.533	0.598816
-18.75	-41.25	310.694	787.578	0.605507
-16.25	-41.25	302.972	784.546	0.613825
-13.75	-41.25	294.389	782.707	0.623883
-11.25	-41.25	285.018	782.136	0.635591
-8.75	-41.25	275.07	782.634	0.648533
-6.25	-41.25	264.75	783.758	0.662205
-3.75	-41.25	254.501	784.947	0.675773
-1.25	-41.25	244.77	785.691	0.688465
1.25	-41.25	235.842	785.691	0.699828
3.75	-41.25	227.952	784.947	0.709596
6.25	-41.25	221.056	783.758	0.717953
8.75	-41.25	215.179	782.634	0.725057
11.25	-41.25	210.211	782.136	0.731235
13.75	-41.25	205.807	782.707	0.737058
16.25	-41.25	201.662	784.546	0.742956
18.75	-41.25	197.885	787.578	0.748743
21.25	-41.25	194.259	791.533	0.754578
23.75	-41.25	190.633	796.081	0.760536
26.25	-41.25	186.839	800.972	0.766735
28.75	-41.25	182.869	806.142	0.773155
31.25	-41.25	178.788	811.746	0.779749
33.75	-41.25	174.64	818.125	0.786536
36.25	-41.25	170.465	825.71	0.793553
38.75	-41.25	166.176	834.894	0.800962
41.25	-41.25	161.891	845.88	0.808612
43.75	-41.25	157.881	858.584	0.816114
46.25	-41.25	154.355	872.615	0.823112
48.75	-41.25	151.309	887.349	0.829482
51.25	-41.25	148.81	902.074	0.835036
53.75	-41.25	146.9	916.141	0.839653
56.25	-41.25	146.086	929.063	0.84276
58.75	-41.25	146.136	940.555	0.844628
61.25	-41.25	146.802	950.517	0.845556
63.75	-41.25	148.181	958.984	0.845482
66.25	-41.25	149.97	966.077	0.844764
68.75	-41.25	151.994	971.96	0.843622
71.25	-41.25	153.968	976.806	0.842376
73.75	-41.25	155.818	980.781	0.841129
76.25	-41.25	157.358	984.038	0.840089
78.75	-41.25	158.737	986.703	0.839124
81.25	-41.25	159.777	988.888	0.838427
83.75	-41.25	160.427	990.681	0.838064
86.25	-41.25	160.903	992.156	0.837825
88.75	-41.25	161.258	993.373	0.837666
91.25	-41.25	161.636	994.381	0.83745
93.75	-41.25	162.026	995.218	0.837195
96.25	-41.25	162.668	995.916	0.836665
98.75	-41.25	163.582	996.499	0.835843
101.25	-41.25	165.057	996.989	0.834444
103.75	-41.25	167	997.401	0.832565
106.25	-41.25	169.424	997.75	0.830194
108.75	-41.25	171.832	998.046	0.827832
111.25	-41.25	174.63	998.297	0.825072
113.75	-41.25	177.732	998.512	0.822003
-112.5	-45	446.103	997.826	0.552925
-110	-45	445.159	997.504	0.553727
-107.5	-45	444.217	997.125	0.554502
-105	-45	443.277	996.678	0.555245
-102.5	-45	442.342	996.149	0.555947
-100	-45	441.479	995.521	0.556535
-97.5	-45	440.564	994.773	0.557121
-95	-45	439.628	993.879	0.557665
-92.5	-45	438.501	992.806	0.558321
-90	-45	437.183	991.515	0.559076
-87.5	-45	435.66	989.958	0.559921
-85	-45	433.818	988.073	0.560945
-82.5	-45	431.637	985.788	0.56214
-80	-45	428.985	983.014	0.563603
-77.5	-45	425.805	979.643	0.565347
-75	-45	421.933	975.552	0.567493
-72.5	-45	417.366	970.597	0.56999
-70	-45	412.126	964.622	0.57276
-67.5	-45	406.217	957.473	0.57574
-65	-45	399.847	949.008	0.578669
-62.5	-45	393.354	939.141	0.581155
-60	-45	386.92	927.872	0.583002
-57.5	-45	380.853	915.345	0.583924
-55	-45	375.403	901.884	0.583757
-52.5	-45	370.661	888.002	0.58259
-50	-45	366.664	874.354	0.580646
-47.5	-45	363.292	861.632	0.578368
-45	-45	360.361	850.41	0.576251
-42.5	-45	357.789	841.01	0.574572
-40	-45	355.502	833.43	0.573447
-37.5	-45	353.199	827.368	0.573105
-35	-45	350.511	822.323	0.573755
-32.5	-45	347.231	817.738	0.575375
-30	-45	343.112	813.137	0.578039
-27.5	-45	338.257	808.231	0.581485
-25	-45	332.731	802.973	0.585626
-22.5	-45	326.539	797.567	0.590581
-20	-45	319.543	792.415	0.596747
-17.5	-45	311.804	788.009	0.604314
-15	-45	303.215	784.779	0.61363
-12.5	-45	293.855	782.953	0.624684
-10	-45	283.704	782.46	0.63742
-7.5	-45	272.985	782.945	0.651336
-5	-45	262.143	783.875	0.665581
-2.5	-45	251.791	784.704	0.679126
0	-45	242.182	785.029	0.691499
2.5	-45	233.503	784.704	0.702432
5	-45	226.094	783.875	0.711569
7.5	-45	220	782.945	0.71901
10	-45	214.926	782.46	0.72532
12.5	-45	210.535	782.953	0.731102
15	-45	206.655	784.779	0.736671
17.5	-45	203.152	788.009	0.742196
20	-45	199.975	792.415	0.747638
22.5	-45	196.768	797.567	0.753289
25	-45	193.097	802.973	0.759523
27.5	-45	189.08	808.231	0.766057
30	-45	184.711	813.137	0.772841
32.5	-45	180.091	817.738	0.779769
35	-45	175.451	822.323	0.78664
37.5	-45	170.743	827.368	0.793631
40	-45	166.082	833.43	0.800725
42.5	-45	161.747	841.01	0.807676
45	-45	157.732	850.41	0.814523
47.5	-45	154.256	861.632	0.820972
50	-45	151.341	874.354	0.826911
52.5	-45	148.921	888.002	0.832296
55	-45	147.387	901.884	0.836579
57.5	-45	146.731	915.345	0.839699
60	-45	146.822	927.872	0.841765
62.5	-45	147.492	939.141	0.84295
65	-45	148.702	949.008	0.843308
67.5	-45	150.36	957.473	0.842961
70	-45	152.127	964.622	0.842294
72.5	-45	153.752	970.597	0.84159
75	-45	155.26	975.552	0.840849
77.5	-45	156.506	979.643	0.840241
80	-45	157.574	983.014	0.839704
82.5	-45	158.494	985.788	0.839221
85	-45	159.085	988.073	0.838995
87.5	-45	159.4	989.958	0.838983
90	-45	159.558	991.515	0.839077
92.5	-45	159.684	992.806	0.839158
95	-45	159.976	993.879	0.839039
97.5	-45	160.442	994.773	0.838715
100	-45	161.224	995.521	0.838051
102.5	-45	162.381	996.149	0.836991
105	-45	163.931	996.678	0.835523
107.5	-45	165.877	997.125	0.833644
110	-45	168.279	997.504	0.8313
-108.75	-48.75	455.459	996.388	0.54289
-106.25	-48.75	454.713	995.824	0.54338
-103.75	-48.75	453.947	995.157	0.543844
-101.25	-48.75	453.154	994.366	0.544278
-98.75	-48.75	452.442	993.422	0.544562
-96.25	-48.75	451.657	992.295	0.544836
-93.75	-48.75	450.534	990.943	0.545349
-91.25	-48.75	449.133	989.318	0.546018
-88.75	-48.75	447.415	987.361	0.546858
-86.25	-48.75	445.405	984.999	0.547812
-83.75	-48.75	442.948	982.144	0.548999
-81.25	-48.75	439.859	978.694	0.550565
-78.75	-48.75	436.216	974.53	0.552383
-76.25	-48.75	431.888	969.516	0.554533
-73.75	-48.75	426.816	963.512	0.557021
-71.25	-48.75	421.011	956.379	0.559786
-68.75	-48.75	414.698	948.002	0.562556
-66.25	-48.75	408.32	938.323	0.564841
-63.75	-48.75	401.967	927.382	0.566558
-61.25	-48.75	395.696	915.361	0.567716
-58.75	-48.75	389.838	902.617	0.568103
-56.25	-48.75	384.646	889.687	0.567661
-53.75	-48.75	380.097	877.228	0.566707
-51.25	-48.75	376.153	865.912	0.565599
-48.75	-48.75	372.64	856.271	0.564811
-46.25	-48.75	369.573	848.572	0.564477
-43.75	-48.75	366.978	842.747	0.564546
-41.25	-48.75	364.592	838.422	0.565145
-38.75	-48.75	362	835.017	0.566475
-36.25	-48.75	359.015	831.885	0.568432
-33.75	-48.75	355.497	828.439	0.570883
-31.25	-48.75	351.333	824.259	0.573759
-28.75	-48.75	346.361	819.157	0.577174
-26.25	-48.75	340.624	813.21	0.581136
-23.75	-48.75	334.215	806.747	0.585725
-21.25	-48.75	327.162	800.298	0.591199
-18.75	-48.75	319.435	794.48	0.597932
-16.25	-48.75	310.868	789.852	0.606422
-13.75	-48.75	301.507	786.759	0.616773
-11.25	-48.75	291.519	785.237	0.628751
-8.75	-48.75	280.985	785.008	0.642062
-6.25	-48.75	270.089	785.571	0.656187
-3.75	-48.75	259.319	786.356	0.670228
-1.25	-48.75	249.257	786.884	0.683235
1.25	-48.75	240.231	786.884	0.694706
3.75	-48.75	232.288	786.356	0.704602
6.25	-48.75	225.568	785.571	0.712862
8.75	-48.75	219.945	785.008	0.719819
11.25	-48.75	215.315	785.237	0.725796
13.75	-48.75	211.524	786.759	0.731145
16.25	-48.75	208.227	789.852	0.736372
18.75	-48.75	205.129	794.48	0.741807
21.25	-48.75	202.158	800.298	0.747396
23.75	-48.75	198.993	806.747	0.753339
26.25	-48.75	195.386	813.21	0.759735
28.75	-48.75	191.288	819.157	0.766482
31.25	-48.75	186.732	824.259	0.773455
33.75	-48.75	181.846	828.439	0.780496
36.25	-48.75	176.753	831.885	0.787527
38.75	-48.75	171.749	835.017	0.794317
41.25	-48.75	166.895	838.422	0.800942
43.75	-48.75	162.449	842.747	0.807239
46.25	-48.75	158.575	848.572	0.813128
48.75	-48.75	155.172	856.271	0.818782
51.25	-48.75	152.16	865.912	0.824277
53.75	-48.75	150.055	877.228	0.828944
56.25	-48.75	148.738	889.687	0.83282
58.75	-48.75	148.045	902.617	0.835983
61.25	-48.75	148.07	915.361	0.838239
63.75	-48.75	148.622	927.382	0.839741
66.25	-48.75	149.619	938.323	0.840547
68.75	-48.75	150.943	948.002	0.840777
71.25	-48.75	152.461	956.379	0.840585
73.75	-48.75	153.766	963.512	0.840411
76.25	-48.75	154.953	969.516	0.840175
78.75	-48.75	156.096	974.53	0.839825
81.25	-48.75	157.102	978.694	0.839478
83.75	-48.75	157.874	982.144	0.839256
86.25	-48.75	158.319	984.999	0.83927
88.75	-48.75	158.507	987.361	0.839464
91.25	-48.75	158.517	989.318	0.839771
93.75	-48.75	158.574	990.943	0.839976
96.25	-48.75	158.714	992.295	0.840053
98.75	-48.75	159.067	993.422	0.83988
101.25	-48.75	159.562	994.366	0.839534
103.75	-48.75	160.379	995.157	0.83884
106.25	-48.75	161.492	995.824	0.837831
-105	-52.5	462.989	993.995	0.534214
-102.5	-52.5	462.427	993.01	0.534318
-100	-52.5	461.825	991.837	0.534374
-97.5	-52.5	461.068	990.436	0.53448
-95	-52.5	460.023	988.758	0.534746
-92.5	-52.5	458.581	986.744	0.535259
-90	-52.5	456.79	984.325	0.535936
-87.5	-52.5	454.602	981.414	0.536789
-85	-52.5	451.788	977.914	0.538008
-82.5	-52.5	448.294	973.711	0.539603
-80	-52.5	444.128	968.681	0.541513
-77.5	-52.5	439.289	962.696	0.543689
-75	-52.5	433.854	955.634	0.546004
-72.5	-52.5	427.817	947.407	0.548433
-70	-52.5	421.501	937.985	0.550632
-67.5	-52.5	415.228	927.442	0.552287
-65	-52.5	409.128	915.994	0.553351
-62.5	-52.5	403.419	904.028	0.553754
-60	-52.5	398.073	892.097	0.553778
-57.5	-52.5	393.089	880.859	0.553744
-55	-52.5	388.66	870.965	0.553759
-52.5	-52.5	384.69	862.91	0.554194
-50	-52.5	381.146	856.915	0.555212
-47.5	-52.5	378.018	852.862	0.556765
-45	-52.5	375.229	850.328	0.558724
-42.5	-52.5	372.583	848.682	0.560986
-40	-52.5	369.875	847.219	0.563424
-37.5	-52.5	366.698	845.278	0.566181
-35	-52.5	362.85	842.337	0.569234
-32.5	-52.5	358.384	838.081	0.572376
-30	-52.5	353.268	832.437	0.575622
-27.5	-52.5	347.429	825.592	0.579177
-25	-52.5	340.907	817.978	0.583232
-22.5	-52.5	333.725	810.219	0.588106
-20	-52.5	325.951	803.027	0.594097
-17.5	-52.5	317.516	797.055	0.601639
-15	-52.5	308.472	792.744	0.610881
-12.5	-52.5	298.827	790.217	0.621841
-10	-52.5	288.735	789.259	0.634169
-7.5	-52.5	278.275	789.402	0.647486
-5	-52.5	267.749	790.065	0.661105
-2.5	-52.5	257.554	790.712	0.674276
0	-52.5	248.147	790.971	0.686276
2.5	-52.5	239.719	790.712	0.696831
5	-52.5	232.288	790.065	0.705989
7.5	-52.5	226.033	789.402	0.713666
10	-52.5	220.876	789.259	0.720148
12.5	-52.5	216.694	790.217	0.725778
15	-52.5	213.222	792.744	0.731033
17.5	-52.5	210.098	797.055	0.736408
20	-52.5	207.065	803.027	0.742144
22.5	-52.5	204.022	810.219	0.748189
25	-52.5	200.842	817.978	0.754466
27.5	-52.5	197.223	825.592	0.761113
30	-52.5	193.131	832.437	0.767994
32.5	-52.5	188.564	838.081	0.775005
35	-52.5	183.613	842.337	0.78202
37.5	-52.5	178.429	845.278	0.788911
40	-52.5	173.269	847.219	0.795485
42.5	-52.5	168.379	848.682	0.801599
45	-52.5	164.029	850.328	0.807099
47.5	-52.5	160.2	852.862	0.812161
50	-52.5	156.756	856.915	0.81707
52.5	-52.5	154.008	862.91	0.821525
55	-52.5	151.941	870.965	0.825549
57.5	-52.5	150.606	880.859	0.829024
60	-52.5	149.925	892.097	0.831941
62.5	-52.5	149.678	904.028	0.834432
65	-52.5	149.879	915.994	0.836376
67.5	-52.5	150.608	927.442	0.837609
70	-52.5	151.706	937.985	0.838264
72.5	-52.5	152.863	947.407	0.838651
75	-52.5	154.017	955.634	0.838833
77.5	-52.5	155.159	962.696	0.838828
80	-52.5	156.161	968.681	0.83879
82.5	-52.5	157.042	973.711	0.838719
85	-52.5	157.743	977.914	0.838694
87.5	-52.5	158.119	981.414	0.838887
90	-52.5	158.264	984.325	0.839216
92.5	-52.5	158.283	986.744	0.83959
95	-52.5	158.258	988.758	0.839942
97.5	-52.5	158.221	990.436	0.840251
100	-52.5	158.234	991.837	0.840463
102.5	-52.5	158.568	993.01	0.840316
-101.25	-56.25	468.84	989.989	0.526419
-98.75	-56.25	468.08	988.27	0.526364
-96.25	-56.25	467.071	986.215	0.5264
-93.75	-56.25	465.663	983.755	0.526647
-91.25	-56.25	463.778	980.809	0.527148
-88.75	-56.25	461.313	977.282	0.527964
-86.25	-56.25	458.177	973.07	0.529142
-83.75	-56.25	454.369	968.056	0.530638
-81.25	-56.25	449.77	962.126	0.532525
-78.75	-56.25	444.517	955.179	0.534625
-76.25	-56.25	438.837	947.146	0.536674
-73.75	-56.25	432.929	938.027	0.538469
-71.25	-56.25	426.96	927.925	0.539876
-68.75	-56.25	421.048	917.086	0.540884
-66.25	-56.25	415.441	905.921	0.541415
-63.75	-56.25	410.19	894.995	0.541684
-61.25	-56.25	405.269	884.963	0.54205
-58.75	-56.25	400.744	876.452	0.542765
-56.25	-56.25	396.453	869.926	0.544268
-53.75	-56.25	392.466	865.565	0.546578
-51.25	-56.25	388.893	863.211	0.549481
-48.75	-56.25	385.689	862.411	0.552779
-46.25	-56.25	382.704	862.505	0.556288
-43.75	-56.25	379.794	862.756	0.55979
-41.25	-56.25	376.754	862.463	0.563165
-38.75	-56.25	373.368	861.043	0.566377
-36.25	-56.25	369.358	858.085	0.569555
-33.75	-56.25	364.6	853.39	0.572762
-31.25	-56.25	359.153	846.986	0.575964
-28.75	-56.25	353.162	839.146	0.579141
-26.25	-56.25	346.577	830.374	0.582625
-23.75	-56.25	339.408	821.36	0.586773
-21.25	-56.25	331.675	812.883	0.591977
-18.75	-56.25	323.457	805.666	0.598522
-16.25	-56.25	314.87	800.225	0.606523
-13.75	-56.25	305.899	796.751	0.616067
-11.25	-56.25	296.514	795.087	0.627067
-8.75	-56.25	286.767	794.797	0.639195
-6.25	-56.25	276.878	795.298	0.651856
-3.75	-56.25	267.025	796.012	0.664547
-1.25	-56.25	257.463	796.491	0.676754
1.25	-56.25	248.474	796.491	0.688039
3.75	-56.25	240.41	796.012	0.697982
6.25	-56.25	233.425	795.298	0.706494
8.75	-56.25	227.617	794.797	0.713616
11.25	-56.25	222.783	795.087	0.719801
13.75	-56.25	218.687	796.751	0.725527
16.25	-56.25	215.173	800.225	0.731109
18.75	-56.25	211.926	805.666	0.736956
21.25	-56.25	208.735	812.883	0.743216
23.75	-56.25	205.546	821.36	0.749749
26.25	-56.25	202.172	830.374	0.756529
28.75	-56.25	198.455	839.146	0.763504
31.25	-56.25	194.434	846.986	0.770441
33.75	-56.25	189.97	853.39	0.777393
36.25	-56.25	185.159	858.085	0.784219
38.75	-56.25	180.169	861.043	0.790755
41.25	-56.25	175.223	862.463	0.796834
43.75	-56.25	170.528	862.756	0.802345
46.25	-56.25	166.278	862.505	0.807215
48.75	-56.25	162.409	862.411	0.81168
51.25	-56.25	159.172	863.211	0.815605
53.75	-56.25	156.536	865.565	0.819152
56.25	-56.25	154.45	869.926	0.822456
58.75	-56.25	152.905	876.452	0.825541
61.25	-56.25	151.892	884.963	0.828363
63.75	-56.25	151.38	894.995	0.830859
66.25	-56.25	151.275	905.921	0.833015
68.75	-56.25	151.693	917.086	0.834593
71.25	-56.25	152.544	927.925	0.835607
73.75	-56.25	153.597	938.027	0.836255
76.25	-56.25	154.611	947.146	0.836761
78.75	-56.25	155.623	955.179	0.837075
81.25	-56.25	156.58	962.126	0.837256
83.75	-56.25	157.413	968.056	0.837392
86.25	-56.25	158.111	973.07	0.837513
88.75	-56.25	158.517	977.282	0.837798
91.25	-56.25	158.699	980.809	0.838195
93.75	-56.25	158.654	983.755	0.838726
96.25	-56.25	158.46	986.215	0.839325
98.75	-56.25	158.288	988.27	0.839833
-97.5	-60	471.823	983.278	0.520153
-95	-60	470.358	980.313	0.520196
-92.5	-60	468.352	976.78	0.520514
-90	-60	465.613	972.581	0.52126
-87.5	-60	462.192	967.609	0.522336
-85	-60	458.034	961.765	0.523756
-82.5	-60	453.223	954.961	0.525401
-80	-60	447.931	947.154	0.527077
-77.5	-60	442.345	938.366	0.528601
-75	-60	436.759	928.728	0.529724
-72.5	-60	431.255	918.512	0.530485
-70	-60	425.979	908.146	0.530935
-67.5	-60	420.983	898.203	0.531305
-65	-60	416.195	889.329	0.532012
-62.5	-60	411.675	882.13	0.533317
-60	-60	407.39	877.037	0.535493
-57.5	-60	403.302	874.194	0.538659
-55	-60	399.526	873.415	0.54257
-52.5	-60	396.019	874.222	0.547004
-50	-60	392.617	875.944	0.551778
-47.5	-60	389.413	877.836	0.556394
-45	-60	386.246	879.181	0.560676
-42.5	-60	382.938	879.369	0.564531
-40	-60	379.206	877.937	0.568071
-37.5	-60	374.868	874.592	0.57138
-35	-60	369.859	869.233	0.574499
-32.5	-60	364.221	861.968	0.577454
-30	-60	358.057	853.124	0.580299
-27.5	-60	351.389	843.253	0.583293
-25	-60	344.244	833.086	0.586784
-22.5	-60	336.755	823.446	0.591042
-20	-60	329.007	815.108	0.596364
-17.5	-60	321.04	808.645	0.60299
-15	-60	312.826	804.305	0.61106
-12.5	-60	304.347	801.982	0.620506
-10	-60	295.588	801.269	0.631101
-7.5	-60	286.599	801.591	0.642462
-5	-60	277.32	802.343	0.654362
-2.5	-60	267.865	803.017	0.666426
0	-60	258.627	803.28	0.678036
2.5	-60	250.071	803.017	0.688586
5	-60	242.403	802.343	0.697881
7.5	-60	235.645	801.591	0.706028
10	-60	229.93	801.269	0.713043
12.5	-60	225.108	801.982	0.71931
15	-60	220.913	804.305	0.725336
17.5	-60	217.166	808.645	0.731445
20	-60	213.584	815.108	0.737968
22.5	-60	210.049	823.446	0.744915
25	-60	206.566	833.086	0.752047
27.5	-60	203.001	843.253	0.759264
30	-60	199.172	853.124	0.766538
32.5	-60	195.13	861.968	0.773622
35	-60	190.871	869.233	0.780415
37.5	-60	186.449	874.592	0.786816
40	-60	181.924	877.937	0.792782
42.5	-60	177.464	879.369	0.798191
45	-60	173.132	879.181	0.803076
47.5	-60	168.953	877.836	0.807535
50	-60	165.361	875.944	0.81122
52.5	-60	162.247	874.222	0.814409
55	-60	159.504	873.415	0.817379
57.5	-60	157.208	874.194	0.820168
60	-60	155.352	877.037	0.822867
62.5	-60	153.961	882.13	0.825467
65	-60	153.105	889.329	0.827842
67.5	-60	152.818	898.203	0.829862
70	-60	153.004	908.146	0.83152
72.5	-60	153.623	918.512	0.832748
75	-60	154.499	928.728	0.833644
77.5	-60	155.444	938.366	0.834346
80	-60	156.411	947.154	0.834862
82.5	-60	157.371	954.961	0.835207
85	-60	158.258	961.765	0.83545
87.5	-60	158.968	967.609	0.83571
90	-60	159.388	972.581	0.836118
92.5	-60	159.51	976.78	0.836698
95	-60	159.453	980.313	0.837345
-93.75	-63.75	470.47	972.223	0.516089
-91.25	-63.75	467.561	967.314	0.51664
-88.75	-63.75	463.895	961.575	0.517568
-86.25	-63.75	459.54	954.938	0.518775
-83.75	-63.75	454.736	947.376	0.520005
-81.25	-63.75	449.72	938.936	0.521032
-78.75	-63.75	444.627	929.771	0.521788
-76.25	-63.75	439.571	920.174	0.522296
-73.75	-63.75	434.682	910.587	0.522636
-71.25	-63.75	430.087	901.586	0.522966
-68.75	-63.75	425.664	893.805	0.523762
-66.25	-63.75	421.365	887.827	0.525398
-63.75	-63.75	417.199	884.051	0.528083
-61.25	-63.75	413.169	882.589	0.531866
-58.75	-63.75	409.378	883.229	0.536498
-56.25	-63.75	405.774	885.48	0.541746
-53.75	-63.75	402.209	888.668	0.547402
-51.25	-63.75	398.818	892.052	0.55292
-48.75	-63.75	395.476	894.923	0.55809
-46.25	-63.75	392.039	896.669	0.562783
-43.75	-63.75	388.388	896.806	0.566921
-41.25	-63.75	384.291	894.992	0.570621
-38.75	-63.75	379.609	891.038	0.57397
-36.25	-63.75	374.323	884.914	0.576995
-33.75	-63.75	368.454	876.776	0.579763
-31.25	-63.75	362.124	866.987	0.58232
-28.75	-63.75	355.468	856.12	0.584792
-26.25	-63.75	348.583	844.93	0.587441
-23.75	-63.75	341.476	834.267	0.590687
-21.25	-63.75	334.287	824.942	0.594775
-18.75	-63.75	327.057	817.573	0.599966
-16.25	-63.75	319.762	812.457	0.606426
-13.75	-63.75	312.328	809.531	0.614186
-11.25	-63.75	304.614	808.421	0.623199
-8.75	-63.75	296.534	808.561	0.633257
-6.25	-63.75	288	809.331	0.64415
-3.75	-63.75	279.11	810.182	0.655497
-1.25	-63.75	270.008	810.713	0.66695
1.25	-63.75	261.095	810.713	0.677944
3.75	-63.75	252.759	810.182	0.688022
6.25	-63.75	245.197	809.331	0.697037
8.75	-63.75	238.454	808.561	0.705088
11.25	-63.75	232.61	808.421	0.712266
13.75	-63.75	227.585	809.531	0.718869
16.25	-63.75	223.118	812.457	0.725379
18.75	-63.75	218.97	817.573	0.73217
21.25	-63.75	214.946	824.942	0.739441
23.75	-63.75	211.005	834.267	0.747077
26.25	-63.75	207.152	844.93	0.754829
28.75	-63.75	203.355	856.12	0.762469
31.25	-63.75	199.419	866.987	0.769986
33.75	-63.75	195.446	876.776	0.777086
36.25	-63.75	191.474	884.914	0.783624
38.75	-63.75	187.538	891.038	0.789529
41.25	-63.75	183.678	894.992	0.794772
43.75	-63.75	179.809	896.806	0.799501
46.25	-63.75	175.867	896.669	0.803866
48.75	-63.75	172.214	894.923	0.807565
51.25	-63.75	168.792	892.052	0.810783
53.75	-63.75	165.596	888.668	0.813658
56.25	-63.75	162.679	885.48	0.816282
58.75	-63.75	160.06	883.229	0.818779
61.25	-63.75	157.839	882.589	0.821164
63.75	-63.75	156.163	884.051	0.823356
66.25	-63.75	155.057	887.827	0.825352
68.75	-63.75	154.471	893.805	0.827176
71.25	-63.75	154.443	901.586	0.828699
73.75	-63.75	154.902	910.587	0.829888
76.25	-63.75	155.656	920.174	0.83084
78.75	-63.75	156.56	929.771	0.831615
81.25	-63.75	157.572	938.936	0.83218
83.75	-63.75	158.558	947.376	0.832634
86.25	-63.75	159.423	954.938	0.833054
88.75	-63.75	160.127	961.575	0.833474
91.25	-63.75	160.577	967.314	0.833997
-90	-67.5	463.421	955.072	0.514779
-87.5	-67.5	459.154	947.768	0.515542
-85	-67.5	454.691	939.682	0.516123
-82.5	-67.5	450.176	930.989	0.516454
-80	-67.5	445.73	921.996	0.516559
-77.5	-67.5	441.422	913.157	0.516598
-75	-67.5	437.252	905.046	0.516873
-72.5	-67.5	433.302	898.283	0.517633
-70	-67.5	429.448	893.427	0.519325
-67.5	-67.5	425.606	890.843	0.522244
-65	-67.5	421.777	890.615	0.526421
-62.5	-67.5	418.097	892.509	0.531548
-60	-67.5	414.592	896.025	0.537299
-57.5	-67.5	411.116	900.493	0.543454
-55	-67.5	407.664	905.185	0.549634
-52.5	-67.5	404.181	909.411	0.555558
-50	-67.5	400.698	912.575	0.560916
-47.5	-67.5	397.108	914.2	0.565622
-45	-67.5	393.2	913.927	0.569769
-42.5	-67.5	388.727	911.519	0.573539
-40	-67.5	383.673	906.855	0.576919
-37.5	-67.5	378.083	899.956	0.579887
-35	-67.5	372.049	891.002	0.582437
-32.5	-67.5	365.637	880.367	0.584676
-30	-67.5	359.033	868.633	0.586668
-27.5	-67.5	352.471	856.561	0.588505
-25	-67.5	346.002	845.019	0.590539
-22.5	-67.5	339.546	834.844	0.593282
-20	-67.5	333.104	826.685	0.597061
-17.5	-67.5	326.727	820.884	0.601981
-15	-67.5	320.3	817.417	0.608156
-12.5	-67.5	313.623	815.94	0.615629
-10	-67.5	306.47	815.901	0.624378
-7.5	-67.5	298.8	816.677	0.634127
-5	-67.5	290.659	817.689	0.644536
-2.5	-67.5	282.077	818.486	0.655367
0	-67.5	273.211	818.783	0.666321
2.5	-67.5	264.378	818.486	0.676991
5	-67.5	256.022	817.689	0.686895
7.5	-67.5	248.372	816.677	0.695875
10	-67.5	241.499	815.901	0.704009
12.5	-67.5	235.423	815.94	0.71147
15	-67.5	230.001	817.417	0.718625
17.5	-67.5	225.06	820.884	0.725833
20	-67.5	220.479	826.685	0.733298
22.5	-67.5	215.998	834.844	0.741271
25	-67.5	211.605	845.019	0.749585
27.5	-67.5	207.419	856.561	0.757847
30	-67.5	203.378	868.633	0.765864
32.5	-67.5	199.423	880.367	0.773478
35	-67.5	195.622	891.002	0.780447
37.5	-67.5	192.003	899.956	0.786653
40	-67.5	188.614	906.855	0.792013
42.5	-67.5	185.378	911.519	0.796627
45	-67.5	182.086	913.927	0.800765
47.5	-67.5	178.839	914.2	0.804377
50	-67.5	175.597	912.575	0.80758
52.5	-67.5	172.348	909.411	0.810484
55	-67.5	169.079	905.185	0.813211
57.5	-67.5	165.88	900.493	0.81579
60	-67.5	162.969	896.025	0.81812
62.5	-67.5	160.471	892.509	0.820202
65	-67.5	158.51	890.615	0.822022
67.5	-67.5	157.077	890.843	0.823676
70	-67.5	156.246	893.427	0.825116
72.5	-67.5	156.055	898.283	0.826274
75	-67.5	156.425	905.046	0.827164
77.5	-67.5	157.137	913.157	0.827919
80	-67.5	158.015	921.996	0.828616
82.5	-67.5	158.99	930.989	0.829224
85	-67.5	159.94	939.682	0.829794
87.5	-67.5	160.861	947.768	0.830274
-86.25	-71.25	453.302	932.329	0.513796
-83.75	-71.25	449.456	923.919	0.513533
-81.25	-71.25	445.792	915.791	0.513217
-78.75	-71.25	442.27	908.512	0.513193
-76.25	-71.25	438.833	902.688	0.51386
-73.75	-71.25	435.476	898.85	0.515519
-71.25	-71.25	432.139	897.335	0.518419
-68.75	-71.25	428.809	898.196	0.522588
-66.25	-71.25	425.444	901.181	0.527903
-63.75	-71.25	422.124	905.784	0.533969
-61.25	-71.25	418.797	911.341	0.54046
-58.75	-71.25	415.5	917.143	0.546963
-56.25	-71.25	412.197	922.528	0.553187
-53.75	-71.25	408.769	926.925	0.559005
-51.25	-71.25	405.174	929.879	0.564273
-48.75	-71.25	401.368	931.041	0.568904
-46.25	-71.25	397.179	930.158	0.572998
-43.75	-71.25	392.511	927.064	0.576609
-41.25	-71.25	387.227	921.686	0.579871
-38.75	-71.25	381.353	914.064	0.582794
-36.25	-71.25	375.125	904.389	0.585217
-33.75	-71.25	368.783	893.031	0.587044
-31.25	-71.25	362.471	880.566	0.588366
-28.75	-71.25	356.3	867.758	0.589402
-26.25	-71.25	350.371	855.479	0.590439
-23.75	-71.25	344.716	844.583	0.591851
-21.25	-71.25	339.232	835.748	0.594098
-18.75	-71.25	333.787	829.349	0.597532
-16.25	-71.25	328.207	825.401	0.602367
-13.75	-71.25	322.354	823.588	0.608598
-11.25	-71.25	316.157	823.378	0.616025
-8.75	-71.25	309.471	824.148	0.624496
-6.25	-71.25	302.179	825.304	0.633857
-3.75	-71.25	294.238	826.357	0.643934
-1.25	-71.25	285.742	826.969	0.65447
1.25	-71.25	276.883	826.969	0.665183
3.75	-71.25	268.005	826.357	0.675679
6.25	-71.25	259.53	825.304	0.685534
8.75	-71.25	251.683	824.148	0.694615
11.25	-71.25	244.511	823.378	0.703039
13.75	-71.25	238.069	823.588	0.710937
16.25	-71.25	232.2	825.401	0.718682
18.75	-71.25	226.731	829.349	0.726616
21.25	-71.25	221.627	835.748	0.734816
23.75	-71.25	216.717	844.583	0.743403
26.25	-71.25	211.982	855.479	0.752206
28.75	-71.25	207.5	867.758	0.760879
31.25	-71.25	203.325	880.566	0.769097
33.75	-71.25	199.414	893.031	0.7767
36.25	-71.25	195.862	904.389	0.783431
38.75	-71.25	192.685	914.064	0.789199
41.25	-71.25	189.803	921.686	0.794069
43.75	-71.25	187.009	927.064	0.798279
46.25	-71.25	184.391	930.158	0.801764
48.75	-71.25	181.733	931.041	0.804807
51.25	-71.25	178.877	929.879	0.807634
53.75	-71.25	175.789	926.925	0.810353
56.25	-71.25	172.503	922.528	0.81301
58.75	-71.25	169.125	917.143	0.815596
61.25	-71.25	165.935	911.341	0.817923
63.75	-71.25	163.141	905.784	0.81989
66.25	-71.25	160.876	901.181	0.821483
68.75	-71.25	159.219	898.196	0.822735
71.25	-71.25	158.223	897.335	0.823674
73.75	-71.25	157.915	898.85	0.824314
76.25	-71.25	158.206	902.688	0.824739
78.75	-71.25	158.851	908.512	0.825153
81.25	-71.25	159.649	915.791	0.825671
83.75	-71.25	160.614	923.919	0.82616
-82.5	-75	444.801	911.933	0.512245
-80	-75	442.008	906.969	0.512653
-77.5	-75	439.272	904.05	0.514107
-75	-75	436.492	903.483	0.516879
-72.5	-75	433.659	905.295	0.520975
-70	-75	430.841	909.216	0.52614
-67.5	-75	427.995	914.736	0.532111
-65	-75	425.058	921.2	0.538582
-62.5	-75	422.003	927.921	0.545217
-60	-75	418.904	934.264	0.551621
-57.5	-75	415.716	939.692	0.557604
-55	-75	412.37	943.78	0.563066
-52.5	-75	408.807	946.204	0.56795
-50	-75	404.847	946.72	0.572369
-47.5	-75	400.495	945.149	0.576262
-45	-75	395.612	941.369	0.579748
-42.5	-75	390.138	935.33	0.582888
-40	-75	384.217	927.078	0.585562
-37.5	-75	378.049	916.796	0.587641
-35	-75	371.859	904.845	0.589036
-32.5	-75	365.896	891.789	0.589706
-30	-75	360.237	878.383	0.589886
-27.5	-75	354.913	865.499	0.589933
-25	-75	349.971	854.003	0.590199
-22.5	-75	345.296	844.596	0.59117
-20	-75	340.669	837.683	0.59332
-17.5	-75	335.888	833.31	0.596923
-15	-75	330.874	831.194	0.601929
-12.5	-75	325.503	830.82	0.608215
-10	-75	319.683	831.574	0.615568
-7.5	-75	313.244	832.852	0.62389
-5	-75	306.076	834.144	0.633065
-2.5	-75	298.179	835.071	0.642929
0	-75	289.636	835.405	0.653299
2.5	-75	280.686	835.071	0.663877
5	-75	271.673	834.144	0.674309
7.5	-75	263.005	832.852	0.684212
10	-75	254.868	831.574	0.693511
12.5	-75	247.329	830.82	0.702308
15	-75	240.408	831.194	0.710768
17.5	-75	234.05	833.31	0.719133
20	-75	228.099	837.683	0.727703
22.5	-75	222.511	844.596	0.736548
25	-75	217.22	854.003	0.745645
27.5	-75	212.209	865.499	0.754813
30	-75	207.59	878.383	0.763668
32.5	-75	203.392	891.789	0.771928
35	-75	199.629	904.845	0.779378
37.5	-75	196.397	916.796	0.785779
40	-75	193.6	927.078	0.791172
42.5	-75	191.038	935.33	0.795753
45	-75	188.808	941.369	0.799433
47.5	-75	186.681	945.149	0.802485
50	-75	184.411	946.72	0.805211
52.5	-75	181.911	946.204	0.807747
55	-75	179.016	943.78	0.81032
57.5	-75	175.73	939.692	0.812992
60	-75	172.239	934.264	0.815642
62.5	-75	168.861	927.921	0.818022
65	-75	165.808	921.2	0.820009
67.5	-75	163.331	914.736	0.821445
70	-75	161.523	909.216	0.822349
72.5	-75	160.404	905.295	0.822816
75	-75	159.966	903.483	0.822945
77.5	-75	160.122	904.05	0.822884
80	-75	160.726	906.969	0.822788
-78.75	-78.75	438.412	909.267	0.51784
-76.25	-78.75	436.212	911.902	0.521646
-73.75	-78.75	433.982	916.618	0.526539
-71.25	-78.75	431.652	922.899	0.532287
-68.75	-78.75	429.217	930.103	0.538528
-66.25	-78.75	426.703	937.563	0.544881
-63.75	-78.75	424.035	944.674	0.551131
-61.25	-78.75	421.225	950.934	0.557041
-58.75	-78.75	418.188	955.953	0.562543
-56.25	-78.75	414.941	959.439	0.567516
-53.75	-78.75	411.407	961.17	0.571973
-51.25	-78.75	407.483	960.977	0.57597
-48.75	-78.75	403.087	958.725	0.579559
-46.25	-78.75	398.131	954.317	0.582811
-43.75	-78.75	392.629	947.707	0.585706
-41.25	-78.75	386.792	938.934	0.588052
-38.75	-78.75	380.848	928.167	0.589677
-36.25	-78.75	375.054	915.751	0.59044
-33.75	-78.75	369.547	902.233	0.590409
-31.25	-78.75	364.406	888.356	0.589797
-28.75	-78.75	359.697	874.99	0.588913
-26.25	-78.75	355.368	863.006	0.58822
-23.75	-78.75	351.317	853.122	0.588198
-21.25	-78.75	347.321	845.769	0.589343
-18.75	-78.75	343.229	841.025	0.591892
-16.25	-78.75	338.96	838.633	0.595819
-13.75	-78.75	334.386	838.104	0.601021
-11.25	-78.75	329.331	838.831	0.607392
-8.75	-78.75	323.642	840.21	0.614808
-6.25	-78.75	317.23	841.716	0.623115
-3.75	-78.75	310.038	842.945	0.632197
-1.25	-78.75	302.105	843.625	0.641897
1.25	-78.75	293.478	843.625	0.652122
3.75	-78.75	284.369	842.945	0.662649
6.25	-78.75	275.159	841.716	0.673098
8.75	-78.75	266.236	840.21	0.683132
11.25	-78.75	257.76	838.831	0.692715
13.75	-78.75	249.773	838.104	0.701978
16.25	-78.75	242.385	838.633	0.710977
18.75	-78.75	235.548	841.025	0.719927
21.25	-78.75	229.175	845.769	0.729033
23.75	-78.75	223.238	853.122	0.738328
26.25	-78.75	217.632	863.006	0.747821
28.75	-78.75	212.451	874.99	0.757196
31.25	-78.75	207.831	888.356	0.76605
33.75	-78.75	203.771	902.233	0.774148
36.25	-78.75	200.238	915.751	0.78134
38.75	-78.75	197.266	928.167	0.787467
41.25	-78.75	194.693	938.934	0.792645
43.75	-78.75	192.598	947.707	0.796775
46.25	-78.75	190.745	954.317	0.800124
48.75	-78.75	188.938	958.725	0.802928
51.25	-78.75	186.95	960.977	0.805458
53.75	-78.75	184.618	961.17	0.807923
56.25	-78.75	181.839	959.439	0.810473
58.75	-78.75	178.634	955.953	0.813136
61.25	-78.75	175.148	950.934	0.815815
63.75	-78.75	171.673	944.674	0.818273
66.25	-78.75	168.501	937.563	0.820278
68.75	-78.75	165.885	930.103	0.821649
71.25	-78.75	163.919	922.899	0.822387
73.75	-78.75	162.652	916.618	0.822553
76.25	-78.75	162.144	911.902	0.822191
-75	-82.5	432.943	930.312	0.534626
-72.5	-82.5	431.091	938.106	0.540466
-70	-82.5	429.094	946.145	0.546482
-67.5	-82.5	426.974	953.853	0.552369
-65	-82.5	424.717	960.762	0.557937
-62.5	-82.5	422.236	966.516	0.563136
-60	-82.5	419.464	970.858	0.567945
-57.5	-82.5	416.397	973.599	0.572311
-55	-82.5	412.98	974.591	0.576253
-52.5	-82.5	409.19	973.708	0.579761
-50	-82.5	404.906	970.839	0.582932
-47.5	-82.5	400.056	965.892	0.585817
-45	-82.5	394.805	958.815	0.588236
-42.5	-82.5	389.29	949.634	0.590063
-40	-82.5	383.767	938.5	0.591085
-37.5	-82.5	378.426	925.738	0.591216
-35	-82.5	373.402	911.877	0.590513
-32.5	-82.5	368.86	897.645	0.58908
-30	-82.5	364.738	883.905	0.587356
-27.5	-82.5	360.897	871.531	0.585905
-25	-82.5	357.235	861.256	0.585216
-22.5	-82.5	353.734	853.532	0.585565
-20	-82.5	350.253	848.464	0.587192
-17.5	-82.5	346.59	845.826	0.590234
-15	-82.5	342.603	845.147	0.594624
-12.5	-82.5	338.192	845.837	0.600169
-10	-82.5	333.222	847.295	0.606723
-7.5	-82.5	327.558	848.988	0.614179
-5	-82.5	321.101	850.494	0.622454
-2.5	-82.5	313.836	851.514	0.631437
0	-82.5	305.784	851.873	0.641044
2.5	-82.5	297.038	851.514	0.651165
5	-82.5	287.777	850.494	0.661635
7.5	-82.5	278.313	848.988	0.672183
10	-82.5	269.061	847.295	0.682447
12.5	-82.5	260.191	845.837	0.692387
15	-82.5	251.801	845.147	0.702063
17.5	-82.5	243.989	845.826	0.711538
20	-82.5	236.755	848.464	0.720961
22.5	-82.5	230.046	853.532	0.730477
25	-82.5	223.848	861.256	0.740091
27.5	-82.5	218.114	871.531	0.749735
30	-82.5	212.903	883.905	0.759134
32.5	-82.5	208.366	897.645	0.767874
35	-82.5	204.526	911.877	0.775709
37.5	-82.5	201.252	925.738	0.782604
40	-82.5	198.452	938.5	0.788544
42.5	-82.5	196.236	949.634	0.793356
45	-82.5	194.445	958.815	0.797202
47.5	-82.5	192.84	965.892	0.80035
50	-82.5	191.189	970.839	0.803068
52.5	-82.5	189.261	973.708	0.805629
55	-82.5	186.984	974.591	0.808141
57.5	-82.5	184.283	973.599	0.81072
60	-82.5	181.191	970.858	0.81337
62.5	-82.5	177.778	966.516	0.816063
65	-82.5	174.331	960.762	0.81855
67.5	-82.5	171.117	953.853	0.820604
70	-82.5	168.393	946.145	0.822022
72.5	-82.5	166.353	938.106	0.822671
-71.25	-86.25	427.538	961.911	0.555533
-68.75	-86.25	425.824	969.305	0.560692
-66.25	-86.25	423.941	975.618	0.565464
-63.75	-86.25	421.825	980.626	0.569841
-61.25	-86.25	419.382	984.172	0.573873
-58.75	-86.25	416.592	986.139	0.577552
-56.25	-86.25	413.448	986.422	0.580861
-53.75	-86.25	409.922	984.918	0.583801
-51.25	-86.25	405.93	981.523	0.586428
-48.75	-86.25	401.515	976.138	0.58867
-46.25	-86.25	396.714	968.701	0.590468
-43.75	-86.25	391.753	959.222	0.591593
-41.25	-86.25	386.827	947.83	0.591882
-38.75	-86.25	382.055	934.829	0.59131
-36.25	-86.25	377.611	920.73	0.589878
-33.75	-86.25	373.547	906.245	0.587808
-31.25	-86.25	369.818	892.228	0.585511
-28.75	-86.25	366.382	879.552	0.583445
-26.25	-86.25	363.143	868.96	0.582095
-23.75	-86.25	359.977	860.926	0.581872
-21.25	-86.25	356.861	855.578	0.582901
-18.75	-86.25	353.658	852.718	0.585258
-16.25	-86.25	350.165	851.898	0.588959
-13.75	-86.25	346.263	852.542	0.593847
-11.25	-86.25	341.85	854.056	0.599734
-8.75	-86.25	336.857	855.906	0.606433
-6.25	-86.25	331.163	857.659	0.613876
-3.75	-86.25	324.664	858.997	0.622042
-1.25	-86.25	317.298	859.715	0.630927
1.25	-86.25	309.126	859.715	0.640433
3.75	-86.25	300.207	858.997	0.650514
6.25	-86.25	290.732	857.659	0.661016
8.75	-86.25	280.995	855.906	0.671699
11.25	-86.25	271.377	854.056	0.682249
13.75	-86.25	262.136	852.542	0.692524
16.25	-86.25	253.382	851.898	0.702568
18.75	-86.25	245.246	852.718	0.712395
21.25	-86.25	237.731	855.578	0.72214
23.75	-86.25	230.799	860.926	0.731918
26.25	-86.25	224.491	868.96	0.741655
28.75	-86.25	218.759	879.552	0.751283
31.25	-86.25	213.655	892.228	0.760537
33.75	-86.25	209.312	906.245	0.769033
36.25	-86.25	205.698	920.73	0.776592
38.75	-86.25	202.603	934.829	0.783273
41.25	-86.25	200.174	947.83	0.788808
43.75	-86.25	198.22	959.222	0.793353
46.25	-86.25	196.566	968.701	0.797083
48.75	-86.25	195.011	976.138	0.800222
51.25	-86.25	193.358	981.523	0.803002
53.75	-86.25	191.393	984.918	0.805677
56.25	-86.25	189.097	986.422	0.8083
58.75	-86.25	186.442	986.139	0.810938
61.25	-86.25	183.396	984.172	0.813655
63.75	-86.25	180.067	980.626	0.816375
66.25	-86.25	176.695	975.618	0.818889
68.75	-86.25	173.555	969.305	0.820949
-67.5	-90	421.661	988.923	0.573616
-65	-90	419.9	993.088	0.577178
-62.5	-90	417.864	995.827	0.580385
-60	-90	415.473	997.062	0.583303
-57.5	-90	412.725	996.713	0.585914
-55	-90	409.622	994.682	0.588188
-52.5	-90	406.201	990.86	0.590052
-50	-90	402.483	985.141	0.591447
-47.5	-90	398.434	977.447	0.592373
-45	-90	394.202	967.767	0.592669
-42.5	-90	389.973	956.214	0.59217
-40	-90	385.883	943.07	0.590822
-37.5	-90	382.03	928.824	0.588695
-35	-90	378.395	914.174	0.58608
-32.5	-90	374.955	899.962	0.583366
-30	-90	371.783	887.061	0.580882
-27.5	-90	368.819	876.219	0.579079
-25	-90	365.979	867.928	0.57833
-22.5	-90	363.115	862.34	0.578919
-20	-90	360.147	859.281	0.580874
-17.5	-90	356.992	858.326	0.584083
-15	-90	353.502	858.915	0.588432
-12.5	-90	349.593	860.466	0.593717
-10	-90	345.154	862.443	0.599795
-7.5	-90	340.095	864.409	0.606558
-5	-90	334.35	866.035	0.61393
-2.5	-90	327.797	867.097	0.62196
0	-90	320.35	867.465	0.630706
2.5	-90	312.019	867.097	0.640157
5	-90	302.891	866.035	0.650256
7.5	-90	293.142	864.409	0.660876
10	-90	283.093	862.443	0.671754
12.5	-90	273.16	860.466	0.682544
15	-90	263.592	858.915	0.69311
17.5	-90	254.556	858.326	0.703427
20	-90	246.207	859.281	0.713473
22.5	-90	238.546	862.34	0.723374
25	-90	231.546	867.928	0.73322
27.5	-90	225.258	876.219	0.74292
30	-90	219.653	887.061	0.752381
32.5	-90	214.791	899.962	0.761333
35	-90	210.702	914.174	0.769516
37.5	-90	207.265	928.824	0.776853
40	-90	204.52	943.07	0.783134
42.5	-90	202.341	956.214	0.788394
45	-90	200.511	967.767	0.792811
47.5	-90	198.877	977.447	0.796535
50	-90	197.239	985.141	0.799786
52.5	-90	195.457	990.86	0.80274
55	-90	193.407	994.682	0.805559
57.5	-90	191.048	996.713	0.808322
60	-90	188.312	997.062	0.811133
62.5	-90	185.258	995.827	0.813965
65	-90	182.024	993.088	0.816709
-63.75	-93.75	414.869	1005.86	0.587549
-61.25	-93.75	412.98	1006.45	0.589667
-58.75	-93.75	410.804	1005.57	0.59147
-56.25	-93.75	408.376	1003.11	0.59289
-53.75	-93.75	405.752	998.963	0.593827
-51.25	-93.75	402.914	993.005	0.594248
-48.75	-93.75	399.831	985.145	0.594139
-46.25	-93.75	396.556	975.353	0.593423
-43.75	-93.75	393.155	963.722	0.592046
-41.25	-93.75	389.782	950.514	0.589926
-38.75	-93.75	386.449	936.201	0.587216
-36.25	-93.75	383.178	921.461	0.584162
-33.75	-93.75	380.067	907.126	0.581021
-31.25	-93.75	377.103	894.065	0.578215
-28.75	-93.75	374.3	883.031	0.576119
-26.25	-93.75	371.591	874.531	0.575097
-23.75	-93.75	368.86	868.738	0.575407
-21.25	-93.75	366.066	865.5	0.577047
-18.75	-93.75	363.129	864.417	0.579915
-16.25	-93.75	359.95	864.946	0.583847
-13.75	-93.75	356.415	866.513	0.588678
-11.25	-93.75	352.456	868.589	0.59422
-8.75	-93.75	347.988	870.736	0.600352
-6.25	-93.75	342.909	872.616	0.607033
-3.75	-93.75	337.086	873.993	0.614315
-1.25	-93.75	330.442	874.716	0.62223
1.25	-93.75	322.883	874.716	0.630871
3.75	-93.75	314.388	873.993	0.640286
6.25	-93.75	305.006	872.616	0.650469
8.75	-93.75	294.952	870.736	0.661262
11.25	-93.75	284.598	868.589	0.672345
13.75	-93.75	274.392	866.513	0.683338
16.25	-93.75	264.605	864.946	0.694079
18.75	-93.75	255.403	864.417	0.704538
21.25	-93.75	246.942	865.5	0.714683
23.75	-93.75	239.266	868.738	0.724581
26.25	-93.75	232.362	874.531	0.734301
28.75	-93.75	226.25	883.031	0.743781
31.25	-93.75	220.905	894.065	0.752921
33.75	-93.75	216.336	907.126	0.761515
36.25	-93.75	212.484	921.461	0.769405
38.75	-93.75	209.407	936.201	0.776323
41.25	-93.75	206.884	950.514	0.782345
43.75	-93.75	204.825	963.722	0.787465
46.25	-93.75	203.027	975.353	0.791843
48.75	-93.75	201.307	985.145	0.795658
51.25	-93.75	199.506	993.005	0.799089
53.75	-93.75	197.543	998.963	0.802252
56.25	-93.75	195.31	1003.11	0.805296
58.75	-93.75	192.781	1005.57	0.808286
61.25	-93.75	189.977	1006.45	0.811241
-60	-97.5	407.747	1013.12	0.597532
-57.5	-97.5	406.229	1010.33	0.597926
-55	-97.5	404.606	1005.95	0.597788
-52.5	-97.5	402.814	999.843	0.597123
-50	-97.5	400.798	991.895	0.595926
-47.5	-97.5	398.582	982.065	0.594139
-45	-97.5	396.146	970.427	0.591781
-42.5	-97.5	393.496	957.224	0.58892
-40	-97.5	390.665	942.909	0.585681
-37.5	-97.5	387.811	928.143	0.582165
-35	-97.5	384.969	913.747	0.578692
-32.5	-97.5	382.194	900.581	0.575614
-30	-97.5	379.488	889.406	0.573325
-27.5	-97.5	376.799	880.738	0.572178
-25	-97.5	374.114	874.771	0.572329
-22.5	-97.5	371.384	871.375	0.573795
-20	-97.5	368.545	870.17	0.576468
-17.5	-97.5	365.587	870.632	0.58009
-15	-97.5	362.399	872.199	0.5845
-12.5	-97.5	358.835	874.349	0.589598
-10	-97.5	354.848	876.644	0.59522
-7.5	-97.5	350.35	878.742	0.601306
-5	-97.5	345.226	880.4	0.607876
-2.5	-97.5	339.341	881.456	0.615022
0	-97.5	332.571	881.817	0.622857
2.5	-97.5	324.847	881.456	0.631466
5	-97.5	316.137	880.4	0.640917
7.5	-97.5	306.495	878.742	0.651212
10	-97.5	296.155	876.644	0.662171
12.5	-97.5	285.546	874.349	0.673419
15	-97.5	275.139	872.199	0.684546
17.5	-97.5	265.229	870.632	0.69536
20	-97.5	255.969	870.17	0.70584
22.5	-97.5	247.545	871.375	0.715914
25	-97.5	240.007	874.771	0.725635
27.5	-97.5	233.329	880.738	0.735075
30	-97.5	227.553	889.406	0.744151
32.5	-97.5	222.556	900.581	0.752875
35	-97.5	218.244	913.747	0.761154
37.5	-97.5	214.767	928.143	0.768605
40	-97.5	211.97	942.909	0.775195
42.5	-97.5	209.604	957.224	0.78103
45	-97.5	207.562	970.427	0.786112
47.5	-97.5	205.675	982.065	0.790569
50	-97.5	203.789	991.895	0.794546
52.5	-97.5	201.773	999.843	0.798196
55	-97.5	199.567	1005.95	0.801614
57.5	-97.5	197.113	1010.33	0.804903
-56.25	-101.25	402.735	1011.95	0.602022
-53.75	-101.25	402.106	1005.76	0.600198
-51.25	-101.25	401.256	997.796	0.597858
-48.75	-101.25	400.104	987.99	0.595033
-46.25	-101.25	398.605	976.403	0.591762
-43.75	-101.25	396.702	963.262	0.588168
-41.25	-101.25	394.479	948.999	0.584321
-38.75	-101.25	392.08	934.261	0.580331
-36.25	-101.25	389.521	919.854	0.57654
-33.75	-101.25	386.904	906.634	0.573252
-31.25	-101.25	384.238	895.36	0.570856
-28.75	-101.25	381.531	886.561	0.56965
-26.25	-101.25	378.831	880.447	0.569729
-23.75	-101.25	376.119	876.91	0.571086
-21.25	-101.25	373.346	875.59	0.573606
-18.75	-101.25	370.481	875.981	0.577067
-16.25	-101.25	367.49	877.534	0.581225
-13.75	-101.25	364.308	879.734	0.585889
-11.25	-101.25	360.76	882.146	0.591043
-8.75	-101.25	356.761	884.429	0.59662
-6.25	-101.25	352.223	886.333	0.602606
-3.75	-101.25	347.034	887.688	0.609058
-1.25	-101.25	341.058	888.391	0.616094
1.25	-101.25	334.147	888.391	0.623874
3.75	-101.25	326.198	887.688	0.632531
6.25	-101.25	317.226	886.333	0.642091
8.75	-101.25	307.341	884.429	0.652498
11.25	-101.25	296.791	882.146	0.663558
13.75	-101.25	285.998	879.734	0.674905
16.25	-101.25	275.477	877.534	0.686079
18.75	-101.25	265.532	875.981	0.696875
21.25	-101.25	256.362	875.59	0.707213
23.75	-101.25	248.126	876.91	0.717045
26.25	-101.25	240.868	880.447	0.726426
28.75	-101.25	234.569	886.561	0.735417
31.25	-101.25	229.18	895.36	0.744036
33.75	-101.25	224.501	906.634	0.75238
36.25	-101.25	220.623	919.854	0.760154
38.75	-101.25	217.46	934.261	0.767238
41.25	-101.25	214.846	948.999	0.773608
43.75	-101.25	212.557	963.262	0.779336
46.25	-101.25	210.452	976.403	0.784462
48.75	-101.25	208.365	987.99	0.789102
51.25	-101.25	206.239	997.796	0.793306
53.75	-101.25	204.006	1005.76	0.797163
-52.5	-105	401.025	1002.94	0.600152
-50	-105	400.901	993.211	0.596359
-47.5	-105	400.278	981.723	0.59227
-45	-105	399.179	968.688	0.587918
-42.5	-105	397.635	954.523	0.58342
-40	-105	395.705	939.858	0.578973
-37.5	-105	393.481	925.483	0.574837
-35	-105	391.047	912.248	0.571337
-32.5	-105	388.432	900.914	0.568846
-30	-105	385.731	892.015	0.567573
-27.5	-105	382.982	885.779	0.567633
-25	-105	380.234	882.117	0.568952
-22.5	-105	377.505	880.689	0.571353
-20	-105	374.728	881.006	0.574659
-17.5	-105	371.868	882.533	0.578635
-15	-105	368.889	884.763	0.583064
-12.5	-105	365.696	887.265	0.587839
-10	-105	362.172	889.699	0.592928
-7.5	-105	358.18	891.814	0.598369
-5	-105	353.599	893.434	0.604225
-2.5	-105	348.32	894.447	0.610575
0	-105	342.199	894.792	0.617566
2.5	-105	335.094	894.447	0.625362
5	-105	326.912	893.434	0.634095
7.5	-105	317.691	891.814	0.64377
10	-105	307.589	889.699	0.654277
12.5	-105	296.889	887.265	0.665389
15	-105	286.029	884.763	0.676717
17.5	-105	275.499	882.533	0.687832
20	-105	265.655	881.006	0.698464
22.5	-105	256.702	880.689	0.708521
25	-105	248.796	882.117	0.717956
27.5	-105	241.952	885.779	0.726848
30	-105	236.075	892.015	0.735346
32.5	-105	231.053	900.914	0.743534
35	-105	226.858	912.248	0.75132
37.5	-105	223.36	925.483	0.758656
40	-105	220.443	939.858	0.765451
42.5	-105	217.932	954.523	0.771685
45	-105	215.591	968.688	0.77744
47.5	-105	213.328	981.723	0.782701
50	-105	211.053	993.211	0.787505
-48.75	-108.75	401.023	986.454	0.59347
-46.25	-108.75	400.712	973.563	0.588407
-43.75	-108.75	399.853	959.532	0.583284
-41.25	-108.75	398.464	944.974	0.578333
-38.75	-108.75	396.595	930.668	0.573859
-36.25	-108.75	394.386	917.453	0.57013
-33.75	-108.75	391.913	906.089	0.567468
-31.25	-108.75	389.277	897.119	0.566081
-28.75	-108.75	386.525	890.783	0.566083
-26.25	-108.75	383.761	887.01	0.567354
-23.75	-108.75	381.018	885.481	0.569705
-21.25	-108.75	378.299	885.723	0.572892
-18.75	-108.75	375.561	887.214	0.576696
-16.25	-108.75	372.733	889.456	0.580942
-13.75	-108.75	369.779	892.024	0.58546
-11.25	-108.75	366.616	894.579	0.59018
-8.75	-108.75	363.076	896.871	0.595174
-6.25	-108.75	359.072	898.721	0.600464
-3.75	-108.75	354.445	900.012	0.606177
-1.25	-108.75	349.041	900.674	0.612466
1.25	-108.75	342.733	900.674	0.619471
3.75	-108.75	335.396	900.012	0.627343
6.25	-108.75	326.989	898.721	0.636161
8.75	-108.75	317.571	896.871	0.645912
11.25	-108.75	307.316	894.579	0.656469
13.75	-108.75	296.552	892.024	0.667552
16.25	-108.75	285.717	889.456	0.678773
18.75	-108.75	275.338	887.214	0.689659
21.25	-108.75	265.737	885.723	0.699978
23.75	-108.75	257.118	885.481	0.709629
26.25	-108.75	249.637	887.01	0.718564
28.75	-108.75	243.263	890.783	0.726911
31.25	-108.75	237.801	897.119	0.734928
33.75	-108.75	233.298	906.089	0.742522
36.25	-108.75	229.528	917.453	0.74982
38.75	-108.75	226.326	930.668	0.756813
41.25	-108.75	223.563	944.974	0.763419
43.75	-108.75	221.048	959.532	0.769629
46.25	-108.75	218.604	973.563	0.77546
-45	-112.5	400.919	964.071	0.58414
-42.5	-112.5	400.082	949.651	0.578706
-40	-112.5	398.663	935.442	0.573824
-37.5	-112.5	396.754	922.277	0.569811
-35	-112.5	394.507	910.911	0.566909
-32.5	-112.5	392.005	901.893	0.565353
-30	-112.5	389.347	895.476	0.565206
-27.5	-112.5	386.647	891.606	0.566348
-25	-112.5	383.914	889.982	0.568627
-22.5	-112.5	381.221	890.148	0.571733
-20	-112.5	378.556	891.595	0.575416
-17.5	-112.5	375.864	893.834	0.579493
-15	-112.5	373.096	896.446	0.583805
-12.5	-112.5	370.191	899.097	0.588264
-10	-112.5	367.04	901.534	0.592872
-7.5	-112.5	363.494	903.58	0.597718
-5	-112.5	359.424	905.114	0.602897
-2.5	-112.5	354.706	906.062	0.608519
0	-112.5	349.159	906.382	0.614777
2.5	-112.5	342.634	906.062	0.621842
5	-112.5	335.073	905.114	0.629801
7.5	-112.5	326.474	903.58	0.638688
10	-112.5	316.931	901.534	0.648454
12.5	-112.5	306.629	899.097	0.658959
15	-112.5	295.895	896.446	0.669925
17.5	-112.5	285.219	893.834	0.680904
20	-112.5	275.106	891.595	0.691445
22.5	-112.5	265.87	890.148	0.70132
25	-112.5	257.7	889.982	0.710443
27.5	-112.5	250.702	891.606	0.71882
30	-112.5	244.761	895.476	0.72667
32.5	-112.5	239.861	901.893	0.734047
35	-112.5	235.819	910.911	0.741117
37.5	-112.5	232.372	922.277	0.748046
40	-112.5	229.363	935.442	0.754808
42.5	-112.5	226.67	949.651	0.761312
-41.25	-116.25	399.466	939.839	0.574964
-38.75	-116.25	397.992	926.747	0.57055
-36.25	-116.25	396.059	915.402	0.567339
-33.75	-116.25	393.802	906.357	0.565511
-31.25	-116.25	391.334	899.877	0.565125
-28.75	-116.25	388.753	895.922	0.566086
-26.25	-116.25	386.12	894.21	0.5682
-23.75	-116.25	383.495	894.3	0.571178
-21.25	-116.25	380.881	895.696	0.574765
-18.75	-116.25	378.3	897.92	0.578693
-16.25	-116.25	375.683	900.559	0.582834
-13.75	-116.25	372.973	903.281	0.587091
-11.25	-116.25	370.112	905.836	0.591414
-8.75	-116.25	366.969	908.046	0.59587
-6.25	-116.25	363.387	909.79	0.600582
-3.75	-116.25	359.236	910.991	0.605665
-1.25	-116.25	354.355	911.601	0.611283
1.25	-116.25	348.621	911.601	0.617573
3.75	-116.25	341.916	910.991	0.624677
6.25	-116.25	334.181	909.79	0.632683
8.75	-116.25	325.458	908.046	0.641584
11.25	-116.25	315.875	905.836	0.651289
13.75	-116.25	305.63	903.281	0.661645
16.25	-116.25	295.065	900.559	0.672353
18.75	-116.25	284.65	897.92	0.68299
21.25	-116.25	274.91	895.696	0.693076
23.75	-116.25	266.15	894.3	0.702393
26.25	-116.25	258.497	894.21	0.710922
28.75	-116.25	251.957	895.922	0.718773
31.25	-116.25	246.582	899.877	0.725982
33.75	-116.25	242.148	906.357	0.732833
36.25	-116.25	238.463	915.402	0.739499
38.75	-116.25	235.267	926.747	0.746137
-37.5	-120	396.44	919.587	0.568893
-35	-120	394.539	910.533	0.566695
-32.5	-120	392.361	904.004	0.565974
-30	-120	389.996	899.976	0.566659
-27.5	-120	387.53	898.181	0.568539
-25	-120	385.028	898.196	0.571332
-22.5	-120	382.517	899.537	0.574763
-20	-120	380.041	901.736	0.578546
-17.5	-120	377.553	904.386	0.582531
-15	-120	375.027	907.159	0.586592
-12.5	-120	372.375	909.807	0.59071
-10	-120	369.532	912.153	0.594879
-7.5	-120	366.384	914.076	0.599176
-5	-120	362.732	915.496	0.603786
-2.5	-120	358.445	916.365	0.608841
0	-120	353.391	916.657	0.614479
2.5	-120	347.465	916.365	0.620822
5	-120	340.614	915.496	0.627946
7.5	-120	332.799	914.076	0.635917
10	-120	324.054	912.153	0.644737
12.5	-120	314.521	909.807	0.654299
15	-120	304.441	907.159	0.664402
17.5	-120	294.162	904.386	0.674738
20	-120	284.136	901.736	0.684901
22.5	-120	274.87	899.537	0.694432
25	-120	266.633	898.196	0.703146
27.5	-120	259.464	898.181	0.711123
30	-120	253.51	899.976	0.718315
32.5	-120	248.615	904.004	0.724984
35	-120	244.564	910.533	0.731406
-33.75	-123.75	392.302	907.875	0.567889
-31.25	-123.75	390.262	903.784	0.568191
-28.75	-123.75	388.052	901.913	0.569746
-26.25	-123.75	385.741	901.855	0.572281
-23.75	-123.75	383.397	903.137	0.575484
-21.25	-123.75	381.041	905.303	0.579101
-18.75	-123.75	378.689	907.95	0.582919
-16.25	-123.75	376.34	910.756	0.586783
-13.75	-123.75	373.89	913.476	0.590695
-11.25	-123.75	371.292	915.932	0.59463
-8.75	-123.75	368.453	918.005	0.598637
-6.25	-123.75	365.241	919.614	0.602832
-3.75	-123.75	361.487	920.71	0.607383
-1.25	-123.75	357.046	921.264	0.612439
1.25	-123.75	351.827	921.264	0.618104
3.75	-123.75	345.773	920.71	0.624449
6.25	-123.75	338.83	919.614	0.631552
8.75	-123.75	331.011	918.005	0.639423
11.25	-123.75	322.347	915.932	0.648067
13.75	-123.75	312.993	913.476	0.65736
16.25	-123.75	303.195	910.756	0.667095
18.75	-123.75	293.303	907.95	0.676962
21.25	-123.75	283.774	905.303	0.686543
23.75	-123.75	275.043	903.137	0.695459
26.25	-123.75	267.283	901.855	0.703629
28.75	-123.75	260.701	901.913	0.710947
31.25	-123.75	255.265	903.784	0.71756
-30	-127.5	387.573	905.422	0.571942
-27.5	-127.5	385.548	905.292	0.574117
-25	-127.5	383.429	906.515	0.577029
-22.5	-127.5	381.261	908.64	0.580405
-20	-127.5	379.069	911.274	0.584023
-17.5	-127.5	376.874	914.099	0.58771
-15	-127.5	374.631	916.871	0.591403
-12.5	-127.5	372.276	919.415	0.595095
-10	-127.5	369.697	921.612	0.598858
-7.5	-127.5	366.831	923.381	0.60273
-5	-127.5	363.531	924.673	0.606855
-2.5	-127.5	359.632	925.459	0.611401
0	-127.5	355.064	925.722	0.616446
2.5	-127.5	349.738	925.459	0.622092
5	-127.5	343.612	924.673	0.628396
7.5	-127.5	336.67	923.381	0.635394
10	-127.5	328.92	921.612	0.643104
12.5	-127.5	320.453	919.415	0.65146
15	-127.5	311.407	916.871	0.660359
17.5	-127.5	302.005	914.099	0.669614
20	-127.5	292.601	911.274	0.67891
22.5	-127.5	283.601	908.64	0.687884
25	-127.5	275.368	906.515	0.696234
27.5	-127.5	268.221	905.292	0.703719
-26.25	-131.25	382.532	909.685	0.579489
-23.75	-131.25	380.615	911.765	0.582551
-21.25	-131.25	378.644	914.378	0.5859
-18.75	-131.25	376.63	917.208	0.589373
-16.25	-131.25	374.575	920.016	0.59286
-13.75	-131.25	372.44	922.629	0.596327
-11.25	-131.25	370.136	924.927	0.599821
-8.75	-131.25	367.576	926.831	0.603405
-6.25	-131.25	364.64	928.292	0.607193
-3.75	-131.25	361.234	929.279	0.611274
-1.25	-131.25	357.226	929.776	0.615793
1.25	-131.25	352.555	929.776	0.620817
3.75	-131.25	347.184	929.279	0.626394
6.25	-131.25	341.077	928.292	0.632576
8.75	-131.25	334.223	926.831	0.639391
11.25	-131.25	326.672	924.927	0.646813
13.75	-131.25	318.497	922.629	0.654794
16.25	-131.25	309.856	920.016	0.663206
18.75	-131.25	300.957	917.208	0.671877
21.25	-131.25	292.088	914.378	0.680561
23.75	-131.25	283.598	911.765	0.688957
-22.5	-135	377.332	917.28	0.58864
-20	-135	375.56	920.105	0.591829
-17.5	-135	373.715	922.936	0.59508
-15	-135	371.791	925.6	0.598324
-12.5	-135	369.744	927.979	0.60156
-10	-135	367.473	929.995	0.604866
-7.5	-135	364.879	931.599	0.608331
-5	-135	361.885	932.76	0.612028
-2.5	-135	358.384	933.462	0.61607
0	-135	354.302	933.697	0.620538
2.5	-135	349.604	933.462	0.625476
5	-135	344.258	932.76	0.630925
7.5	-135	338.262	931.599	0.636901
10	-135	331.619	929.995	0.643418
12.5	-135	324.369	927.979	0.650456
15	-135	316.591	925.6	0.657961
17.5	-135	308.43	922.936	0.665816
20	-135	300.084	920.105	0.673859
-18.75	-138.75	372.009	925.65	0.598111
-16.25	-138.75	370.32	928.351	0.601099
-13.75	-138.75	368.512	930.794	0.604088
-11.25	-138.75	366.525	932.902	0.607113
-8.75	-138.75	364.26	934.626	0.610261
-6.25	-138.75	361.623	935.936	0.613624
-3.75	-138.75	358.561	936.817	0.617256
-1.25	-138.75	355.032	937.259	0.621202
1.25	-138.75	350.939	937.259	0.625569
3.75	-138.75	346.293	936.817	0.630351
6.25	-138.75	341.072	935.936	0.635582
8.75	-138.75	335.285	934.626	0.641263
11.25	-138.75	328.953	932.902	0.647387
13.75	-138.75	322.102	930.794	0.65395
16.25	-138.75	314.818	928.351	0.660885
-15	-142.5	366.446	933.396	0.607405
-12.5	-142.5	364.726	935.578	0.610159
-10	-142.5	362.77	937.402	0.613004
-7.5	-142.5	360.483	938.839	0.616033
-5	-142.5	357.82	939.873	0.619289
-2.5	-142.5	354.748	940.496	0.622808
0	-142.5	351.231	940.704	0.626629
2.5	-142.5	347.231	940.496	0.6308
5	-142.5	342.718	939.873	0.635357
7.5	-142.5	337.723	938.839	0.640276
10	-142.5	332.251	937.402	0.645562
12.5	-142.5	326.319	935.578	0.651211
-11.25	-146.25	360.41	939.952	0.616565
-8.75	-146.25	358.463	941.496	0.619262
-6.25	-146.25	356.179	942.662	0.622156
-3.75	-146.25	353.527	943.442	0.62528
-1.25	-146.25	350.505	943.832	0.628636
1.25	-146.25	347.092	943.832	0.632253
3.75	-146.25	343.24	943.442	0.636183
6.25	-146.25	338.984	942.662	0.640397
8.75	-146.25	334.314	941.496	0.644912
-7.5	-150	353.642	945.211	0.625859
-5	-150	351.398	946.126	0.628593
-2.5	-150	348.821	946.676	0.631531
0	-150	345.915	946.859	0.634671
2.5	-150	342.678	946.676	0.63802
5	-150	339.096	946.126	0.641595
-3.75	-153.75	346.208	949.264	0.635288
-1.25	-153.75	343.77	949.608	0.637987
1.25	-153.75	341.069	949.608	0.640832
