# ============================================================
# DC Resistivity Section with Temperature Correction
# Paper: A Comparative Study of Pseudo-diode Arrays and Standard Arrays
# Based on High-density DC Resistivity Method
# ============================================================
# Column 1: X_Coord (m)       - Horizontal coordinate
# Column 2: Y_Coord           - Profile offset (Y = 0 for 2D)
# Column 3: Z_Coord (m)       - Depth (negative downward)
# Column 4: App_Resistivity   - Temperature-corrected resistivity (Ohm-m)

312	126	2583
0	0	0	-2359.16	0	0
1	0	0	-1990.55	0	0
2	0	0	-1683.38	0	0
3	0	0	-1427.4	0	0
4	0	0	-1214.08	0	0
5	0	0	-1036.32	0	0
6	0	0	-888.182	0	0
7	0	0	-764.735	0	0
8	0	0	-661.863	0	0
9	0	0	-576.136	0	0
10	0	0	-504.696	0	0
11	0	0	-445.163	0	0
12	0	0	-395.553	0	0
13	0	0	-354.211	0	0
14	0	0	-319.76	0	0
15	0	0	-291.049	0	0
16	0	0	-267.124	0	0
17	0	0	-247.187	0	0
18	0	0	-230.572	0	0
19	0	0	-216.727	0	0
20	0	0	-205.189	0	0
21	0	0	-195.575	0	0
22	0	0	-187.562	0	0
23	0	0	-180.885	0	0
24	0	0	-175.321	0	0
25	0	0	-170.684	0	0
26	0	0	-166.82	0	0
27	0	0	-163.6	0	0
28	0	0	-161.75	0	0
29	0	0	-160	0	0
30	0	1	-157.5	0	0
31	0	0	-156.25	0	0
32	0	1	-155	0	0
33	0	0	-153.75	0	0
34	0	1	-152.5	0	0
35	0	0	-151.25	0	0
36	0	1	-150	0	0
37	0	0	-148.75	0	0
38	0	1	-147.5	0	0
39	0	0	-146.25	0	0
40	0	1	-145	0	0
41	0	0	-143.75	0	0
42	0	1	-142.5	0	0
43	0	0	-141.25	0	0
44	0	1	-140	0	0
45	0	0	-138.75	0	0
46	0	1	-137.5	0	0
47	0	0	-136.25	0	0
48	0	1	-135	0	0
49	0	0	-133.75	0	0
50	0	1	-132.5	0	0
51	0	0	-131.25	0	0
52	0	1	-130	0	0
53	0	0	-128.75	0	0
54	0	1	-127.5	0	0
55	0	0	-126.25	0	0
56	0	1	-125	0	0
57	0	0	-123.75	0	0
58	0	1	-122.5	0	0
59	0	0	-121.25	0	0
60	0	1	-120	0	0
61	0	0	-118.75	0	0
62	0	1	-117.5	0	0
63	0	0	-116.25	0	0
64	0	1	-115	0	0
65	0	0	-113.75	0	0
66	0	1	-112.5	0	0
67	0	0	-111.25	0	0
68	0	1	-110	0	0
69	0	0	-108.75	0	0
70	0	1	-107.5	0	0
71	0	0	-106.25	0	0
72	0	1	-105	0	0
73	0	0	-103.75	0	0
74	0	1	-102.5	0	0
75	0	0	-101.25	0	0
76	0	1	-100	0	0
77	0	0	-98.75	0	0
78	0	1	-97.5	0	0
79	0	0	-96.25	0	0
80	0	1	-95	0	0
81	0	0	-93.75	0	0
82	0	1	-92.5	0	0
83	0	0	-91.25	0	0
84	0	1	-90	0	0
85	0	0	-88.75	0	0
86	0	1	-87.5	0	0
87	0	0	-86.25	0	0
88	0	1	-85	0	0
89	0	0	-83.75	0	0
90	0	1	-82.5	0	0
91	0	0	-81.25	0	0
92	0	1	-80	0	0
93	0	0	-78.75	0	0
94	0	1	-77.5	0	0
95	0	0	-76.25	0	0
96	0	1	-75	0	0
97	0	0	-73.75	0	0
98	0	1	-72.5	0	0
99	0	0	-71.25	0	0
100	0	1	-70	0	0
101	0	0	-68.75	0	0
102	0	1	-67.5	0	0
103	0	0	-66.25	0	0
104	0	1	-65	0	0
105	0	0	-63.75	0	0
106	0	1	-62.5	0	0
107	0	0	-61.25	0	0
108	0	1	-60	0	0
109	0	0	-58.75	0	0
110	0	1	-57.5	0	0
111	0	0	-56.25	0	0
112	0	1	-55	0	0
113	0	0	-53.75	0	0
114	0	1	-52.5	0	0
115	0	0	-51.25	0	0
116	0	1	-50	0	0
117	0	0	-48.75	0	0
118	0	1	-47.5	0	0
119	0	0	-46.25	0	0
120	0	1	-45	0	0
121	0	0	-43.75	0	0
122	0	1	-42.5	0	0
123	0	0	-41.25	0	0
124	0	1	-40	0	0
125	0	0	-38.75	0	0
126	0	1	-37.5	0	0
127	0	0	-36.25	0	0
128	0	1	-35	0	0
129	0	0	-33.75	0	0
130	0	1	-32.5	0	0
131	0	0	-31.25	0	0
132	0	1	-30	0	0
133	0	0	-28.75	0	0
134	0	1	-27.5	0	0
135	0	0	-26.25	0	0
136	0	1	-25	0	0
137	0	0	-23.75	0	0
138	0	1	-22.5	0	0
139	0	0	-21.25	0	0
140	0	1	-20	0	0
141	0	0	-18.75	0	0
142	0	1	-17.5	0	0
143	0	0	-16.25	0	0
144	0	1	-15	0	0
145	0	0	-13.75	0	0
146	0	1	-12.5	0	0
147	0	0	-11.25	0	0
148	0	1	-10	0	0
149	0	0	-8.75	0	0
150	0	1	-7.5	0	0
151	0	0	-6.25	0	0
152	0	1	-5	0	0
153	0	0	-3.75	0	0
154	0	1	-2.5	0	0
155	0	0	-1.25	0	0
156	0	1	0	0	0
157	0	0	1.25	0	0
158	0	1	2.5	0	0
159	0	0	3.75	0	0
160	0	1	5	0	0
161	0	0	6.25	0	0
162	0	1	7.5	0	0
163	0	0	8.75	0	0
164	0	1	10	0	0
165	0	0	11.25	0	0
166	0	1	12.5	0	0
167	0	0	13.75	0	0
168	0	1	15	0	0
169	0	0	16.25	0	0
170	0	1	17.5	0	0
171	0	0	18.75	0	0
172	0	1	20	0	0
173	0	0	21.25	0	0
174	0	1	22.5	0	0
175	0	0	23.75	0	0
176	0	1	25	0	0
177	0	0	26.25	0	0
178	0	1	27.5	0	0
179	0	0	28.75	0	0
180	0	1	30	0	0
181	0	0	31.25	0	0
182	0	1	32.5	0	0
183	0	0	33.75	0	0
184	0	1	35	0	0
185	0	0	36.25	0	0
186	0	1	37.5	0	0
187	0	0	38.75	0	0
188	0	1	40	0	0
189	0	0	41.25	0	0
190	0	1	42.5	0	0
191	0	0	43.75	0	0
192	0	1	45	0	0
193	0	0	46.25	0	0
194	0	1	47.5	0	0
195	0	0	48.75	0	0
196	0	1	50	0	0
197	0	0	51.25	0	0
198	0	1	52.5	0	0
199	0	0	53.75	0	0
200	0	1	55	0	0
201	0	0	56.25	0	0
202	0	1	57.5	0	0
203	0	0	58.75	0	0
204	0	1	60	0	0
205	0	0	61.25	0	0
206	0	1	62.5	0	0
207	0	0	63.75	0	0
208	0	1	65	0	0
209	0	0	66.25	0	0
210	0	1	67.5	0	0
211	0	0	68.75	0	0
212	0	1	70	0	0
213	0	0	71.25	0	0
214	0	1	72.5	0	0
215	0	0	73.75	0	0
216	0	1	75	0	0
217	0	0	76.25	0	0
218	0	1	77.5	0	0
219	0	0	78.75	0	0
220	0	1	80	0	0
221	0	0	81.25	0	0
222	0	1	82.5	0	0
223	0	0	83.75	0	0
224	0	1	85	0	0
225	0	0	86.25	0	0
226	0	1	87.5	0	0
227	0	0	88.75	0	0
228	0	1	90	0	0
229	0	0	91.25	0	0
230	0	1	92.5	0	0
231	0	0	93.75	0	0
232	0	1	95	0	0
233	0	0	96.25	0	0
234	0	1	97.5	0	0
235	0	0	98.75	0	0
236	0	1	100	0	0
237	0	0	101.25	0	0
238	0	1	102.5	0	0
239	0	0	103.75	0	0
240	0	1	105	0	0
241	0	0	106.25	0	0
242	0	1	107.5	0	0
243	0	0	108.75	0	0
244	0	1	110	0	0
245	0	0	111.25	0	0
246	0	1	112.5	0	0
247	0	0	113.75	0	0
248	0	1	115	0	0
249	0	0	116.25	0	0
250	0	1	117.5	0	0
251	0	0	118.75	0	0
252	0	1	120	0	0
253	0	0	121.25	0	0
254	0	1	122.5	0	0
255	0	0	123.75	0	0
256	0	1	125	0	0
257	0	0	126.25	0	0
258	0	1	127.5	0	0
259	0	0	128.75	0	0
260	0	1	130	0	0
261	0	0	131.25	0	0
262	0	1	132.5	0	0
263	0	0	133.75	0	0
264	0	1	135	0	0
265	0	0	136.25	0	0
266	0	1	137.5	0	0
267	0	0	138.75	0	0
268	0	1	140	0	0
269	0	0	141.25	0	0
270	0	1	142.5	0	0
271	0	0	143.75	0	0
272	0	1	145	0	0
273	0	0	146.25	0	0
274	0	1	147.5	0	0
275	0	0	148.75	0	0
276	0	1	150	0	0
277	0	0	151.25	0	0
278	0	1	152.5	0	0
279	0	0	153.75	0	0
280	0	1	155	0	0
281	0	0	156.25	0	0
282	0	0	158.75	0	0
283	0	0	160.5	0	0
284	0	0	162.35	0	0
285	0	0	165.57	0	0
286	0	0	169.434	0	0
287	0	0	174.071	0	0
288	0	0	179.635	0	0
289	0	0	186.312	0	0
290	0	0	194.325	0	0
291	0	0	203.939	0	0
292	0	0	215.477	0	0
293	0	0	229.322	0	0
294	0	0	245.937	0	0
295	0	0	265.874	0	0
296	0	0	289.799	0	0
297	0	0	318.51	0	0
298	0	0	352.961	0	0
299	0	0	394.303	0	0
300	0	0	443.913	0	0
301	0	0	503.446	0	0
302	0	0	574.886	0	0
303	0	0	660.613	0	0
304	0	0	763.485	0	0
305	0	0	886.932	0	0
306	0	0	1035.07	0	0
307	0	0	1212.83	0	0
308	0	0	1426.15	0	0
309	0	0	1682.13	0	0
310	0	0	1989.3	0	0
311	0	0	2357.91	0	0
30	36	32	34	0	217.238	100
32	38	34	36	0	212.199	100
34	40	36	38	0	208.025	100
36	42	38	40	0	217.662	100
38	44	40	42	0	194.95	100
40	46	42	44	0	221.795	100
42	48	44	46	0	202.674	100
44	50	46	48	0	208.675	100
46	52	48	50	0	215.579	100
48	54	50	52	0	205.016	100
50	56	52	54	0	217.526	100
52	58	54	56	0	212.162	100
54	60	56	58	0	217.728	100
56	62	58	60	0	214.862	100
58	64	60	62	0	215.178	100
60	66	62	64	0	206.131	100
62	68	64	66	0	218.818	100
64	70	66	68	0	205.709	100
66	72	68	70	0	217.53	100
68	74	70	72	0	215.57	100
70	76	72	74	0	206.705	100
72	78	74	76	0	217.171	100
74	80	76	78	0	204.728	100
76	82	78	80	0	217.15	100
78	84	80	82	0	202.888	100
80	86	82	84	0	221.078	100
82	88	84	86	0	205.26	100
84	90	86	88	0	217.335	100
86	92	88	90	0	215.478	100
88	94	90	92	0	206.696	100
90	96	92	94	0	217.231	100
92	98	94	96	0	206.351	100
94	100	96	98	0	215.317	100
96	102	98	100	0	213.729	100
98	104	100	102	0	217.231	100
100	106	102	104	0	212.106	100
102	108	104	106	0	217.544	100
104	110	106	108	0	215.449	100
106	112	108	110	0	206.561	100
108	114	110	112	0	216.998	100
110	116	112	114	0	204.536	100
112	118	114	116	0	216.98	100
114	120	116	118	0	202.721	100
116	122	118	120	0	220.918	100
118	124	120	122	0	205.105	100
120	126	122	124	0	217.174	100
122	128	124	126	0	215.307	100
124	130	126	128	0	206.505	100
126	132	128	130	0	217.014	100
128	134	130	132	0	206.094	100
130	136	132	134	0	215.007	100
132	138	134	136	0	213.352	100
134	140	136	138	0	216.711	100
136	142	138	140	0	211.99	100
138	144	140	142	0	208.444	100
140	146	142	144	0	216.069	100
142	148	144	146	0	205.135	100
144	150	146	148	0	213.948	100
146	152	148	150	0	212.427	100
148	154	150	152	0	204.575	100
150	156	152	154	0	215.392	100
152	158	154	156	0	193.562	100
154	160	156	158	0	207.732	100
156	162	158	160	0	196.429	100
158	164	160	162	0	206.868	100
160	166	162	164	0	201.271	100
162	168	164	166	0	215.038	100
164	170	166	168	0	202.045	100
166	172	168	170	0	216.552	100
168	174	170	172	0	200.531	100
170	176	172	174	0	206.078	100
172	178	174	176	0	214.859	100
174	180	176	178	0	204.001	100
176	182	178	180	0	206.851	100
178	184	180	182	0	214.785	100
180	186	182	184	0	202.838	100
182	188	184	186	0	215.414	100
184	190	186	188	0	210.518	100
186	192	188	190	0	207.178	100
188	194	190	192	0	214.876	100
190	196	192	194	0	203.895	100
192	198	194	196	0	215.181	100
194	200	196	198	0	209.122	100
196	202	198	200	0	205.719	100
198	204	200	202	0	214.675	100
200	206	202	204	0	203.722	100
202	208	204	206	0	205.699	100
204	210	206	208	0	215.473	100
206	212	208	210	0	199.934	100
208	214	210	212	0	205.329	100
210	216	212	214	0	213.265	100
212	218	214	216	0	202.87	100
214	220	216	218	0	215.516	100
216	222	218	220	0	210.174	100
218	224	220	222	0	215.798	100
220	226	222	224	0	213.802	100
222	228	224	226	0	202.378	100
224	230	226	228	0	218.148	100
226	232	228	230	0	200.985	100
228	234	230	232	0	215.622	100
230	236	232	234	0	212.869	100
232	238	234	236	0	205.904	100
234	240	236	238	0	205.759	100
236	242	238	240	0	206.824	100
238	244	240	242	0	203.03	100
240	246	242	244	0	215.276	100
242	248	244	246	0	200.82	100
244	250	246	248	0	216.072	100
246	252	248	250	0	195.195	100
248	254	250	252	0	215.569	100
250	256	252	254	0	193.247	100
252	258	254	256	0	206.88	100
254	260	256	258	0	206.951	100
256	262	258	260	0	191.669	100
258	264	260	262	0	215.582	100
260	266	262	264	0	194.311	100
262	268	264	266	0	212.135	100
264	270	266	268	0	206.171	100
266	272	268	270	0	209.04	100
268	274	270	272	0	205.242	100
270	276	272	274	0	214.539	100
272	278	274	276	0	193.588	100
274	280	276	278	0	214.636	100
30	42	34	38	0	212.752	100
32	44	36	40	0	213.367	100
34	46	38	42	0	213.689	100
36	48	40	44	0	214.1	100
38	50	42	46	0	211.808	100
40	52	44	48	0	211.782	100
42	54	46	50	0	212.738	100
44	56	48	52	0	217.739	100
46	58	50	54	0	213.052	100
48	60	52	56	0	212.409	100
50	62	54	58	0	213.55	100
52	64	56	60	0	215.733	100
54	66	58	62	0	213.814	100
56	68	60	64	0	213.059	100
58	70	62	66	0	214.104	100
60	72	64	68	0	213.58	100
62	74	66	70	0	212.82	100
64	76	68	72	0	211.847	100
66	78	70	74	0	213.518	100
68	80	72	76	0	213.6	100
70	82	74	78	0	215.334	100
72	84	76	80	0	211.43	100
74	86	78	82	0	211.219	100
76	88	80	84	0	213.569	100
78	90	82	86	0	214.601	100
80	92	84	88	0	212.891	100
82	94	86	90	0	211.242	100
84	96	88	92	0	213.097	100
86	98	90	94	0	213.439	100
88	100	92	96	0	213.212	100
90	102	94	98	0	211.63	100
92	104	96	100	0	214.005	100
94	106	98	102	0	214.122	100
96	108	100	104	0	212.301	100
98	110	102	106	0	212.585	100
100	112	104	108	0	212.931	100
102	114	106	110	0	212.539	100
104	116	108	112	0	212.414	100
106	118	110	114	0	214.162	100
108	120	112	116	0	210.196	100
110	122	114	118	0	209.984	100
112	124	116	120	0	212.34	100
114	126	118	122	0	213.381	100
116	128	120	124	0	211.662	100
118	130	122	126	0	209.952	100
120	132	124	128	0	211.684	100
122	134	126	130	0	211.836	100
124	136	128	132	0	211.344	100
126	138	130	134	0	209.425	100
128	140	132	136	0	211.389	100
130	142	134	138	0	211.372	100
132	144	136	140	0	207.323	100
134	146	138	142	0	207.137	100
136	148	140	144	0	209.418	100
138	150	142	146	0	207.53	100
140	152	144	148	0	204.011	100
142	154	146	150	0	203.351	100
144	156	148	152	0	203.878	100
146	158	150	154	0	202.226	100
148	160	152	156	0	198.817	100
150	162	154	158	0	198.895	100
152	164	156	160	0	201.724	100
154	166	158	162	0	202.671	100
156	168	160	164	0	197.43	100
158	170	162	166	0	196.556	100
160	172	164	168	0	200.138	100
162	174	166	170	0	204.235	100
164	176	168	172	0	198.872	100
166	178	170	174	0	197.704	100
168	180	172	176	0	201.031	100
170	182	174	178	0	200.725	100
172	184	176	180	0	197.948	100
174	186	178	182	0	199.684	100
176	188	180	184	0	202.688	100
178	190	182	186	0	199.863	100
180	192	184	188	0	197.413	100
182	194	186	190	0	198.811	100
184	196	188	192	0	201.375	100
186	198	190	194	0	201.322	100
188	200	192	196	0	199.321	100
190	202	194	198	0	196.007	100
192	204	196	200	0	196.846	100
194	206	198	202	0	199.366	100
196	208	200	204	0	198.57	100
198	210	202	206	0	197.21	100
200	212	204	208	0	199.937	100
202	214	206	210	0	196.875	100
204	216	208	212	0	195.746	100
206	218	210	214	0	199.622	100
208	220	212	216	0	203.897	100
210	222	214	218	0	199.487	100
212	224	216	220	0	199.101	100
214	226	218	222	0	201.114	100
216	228	220	224	0	200.777	100
218	230	222	226	0	201.495	100
220	232	224	228	0	201.836	100
222	234	226	230	0	201.142	100
224	236	228	232	0	199.136	100
226	238	230	234	0	199.597	100
228	240	232	236	0	200.728	100
230	242	234	238	0	199.927	100
232	244	236	240	0	201.147	100
234	246	238	242	0	201.504	100
236	248	240	244	0	199.477	100
238	250	242	246	0	198.218	100
240	252	244	248	0	200.468	100
242	254	246	250	0	202.54	100
244	256	248	252	0	200.227	100
246	258	250	254	0	196.087	100
248	260	252	256	0	199.818	100
250	262	254	258	0	200.727	100
252	264	256	260	0	198.268	100
254	266	258	262	0	196.399	100
256	268	260	264	0	198.107	100
258	270	262	266	0	200.667	100
260	272	264	268	0	200.043	100
262	274	266	270	0	197.891	100
264	276	268	272	0	197.303	100
266	278	270	274	0	200.033	100
268	280	272	276	0	199.278	100
30	48	36	42	0	232.967	100
32	50	38	44	0	233.667	100
34	52	40	46	0	232.314	100
36	54	42	48	0	232.874	100
38	56	44	50	0	233.562	100
40	58	46	52	0	233.866	100
42	60	48	54	0	233.621	100
44	62	50	56	0	233.196	100
46	64	52	58	0	232.472	100
48	66	54	60	0	232.791	100
50	68	56	62	0	233.656	100
52	70	58	64	0	233.342	100
54	72	60	66	0	233.045	100
56	74	62	68	0	232.08	100
58	76	64	70	0	232.034	100
60	78	66	72	0	232.232	100
62	80	68	74	0	232.766	100
64	82	70	76	0	233.526	100
66	84	72	78	0	233.155	100
68	86	74	80	0	232.497	100
70	88	76	82	0	231.408	100
72	90	78	84	0	231.478	100
74	92	80	86	0	231.468	100
76	94	82	88	0	232.164	100
78	96	84	90	0	231.865	100
80	98	86	92	0	231.898	100
82	100	88	94	0	231.36	100
84	102	90	96	0	231.068	100
86	104	92	98	0	231.294	100
88	106	94	100	0	230.969	100
90	108	96	102	0	230.544	100
92	110	98	104	0	230.14	100
94	112	100	106	0	229.579	100
96	114	102	108	0	229.074	100
98	116	104	110	0	229.828	100
100	118	106	112	0	230.64	100
102	120	108	114	0	229.654	100
104	122	110	116	0	228.868	100
106	124	112	118	0	227.753	100
108	126	114	120	0	227.74	100
110	128	116	122	0	227.663	100
112	130	118	124	0	228.261	100
114	132	120	126	0	227.771	100
116	134	122	128	0	227.465	100
118	136	124	130	0	226.395	100
120	138	126	132	0	225.392	100
122	140	128	134	0	224.788	100
124	142	130	136	0	223.819	100
126	144	132	138	0	222.135	100
128	146	134	140	0	220.474	100
130	148	136	142	0	219.14	100
132	150	138	144	0	217.12	100
134	152	140	146	0	215.515	100
136	154	142	148	0	213.971	100
138	156	144	150	0	211.679	100
140	158	146	152	0	208.151	100
142	160	148	154	0	206.397	100
144	162	150	156	0	204.573	100
146	164	152	158	0	203.584	100
148	166	154	160	0	204.086	100
150	168	156	162	0	204.554	100
152	170	158	164	0	201.958	100
154	172	160	166	0	201.703	100
156	174	162	168	0	201.614	100
158	176	164	170	0	201.083	100
160	178	166	172	0	200.589	100
162	180	168	174	0	200.5	100
164	182	170	176	0	198.915	100
166	184	172	178	0	198.601	100
168	186	174	180	0	199.143	100
170	188	176	182	0	199.065	100
172	190	178	184	0	198.202	100
174	192	180	186	0	197.471	100
176	194	182	188	0	196.427	100
178	196	184	190	0	195.771	100
180	198	186	192	0	196.105	100
182	200	188	194	0	196.524	100
184	202	190	196	0	195.39	100
186	204	192	198	0	193.028	100
188	206	194	200	0	191.306	100
190	208	196	202	0	191.192	100
192	210	198	204	0	193.035	100
194	212	200	206	0	195.285	100
196	214	202	208	0	194.661	100
198	216	204	210	0	192.979	100
200	218	206	212	0	193.784	100
202	220	208	214	0	195.667	100
204	222	210	216	0	197.483	100
206	224	212	218	0	198.825	100
208	226	214	220	0	198.182	100
210	228	216	222	0	196.424	100
212	230	218	224	0	197.536	100
214	232	220	226	0	198.703	100
216	234	222	228	0	198.897	100
218	236	224	230	0	198.376	100
220	238	226	232	0	198.551	100
222	240	228	234	0	198.46	100
224	242	230	236	0	199.274	100
226	244	232	238	0	199.617	100
228	246	234	240	0	200.845	100
230	248	236	242	0	200.26	100
232	250	238	244	0	199.766	100
234	252	240	246	0	199.749	100
236	254	242	248	0	200.515	100
238	256	244	250	0	199.724	100
240	258	246	252	0	201.169	100
242	260	248	254	0	201.023	100
244	262	250	256	0	200.878	100
246	264	252	258	0	201.125	100
248	266	254	260	0	201.432	100
250	268	256	262	0	200.145	100
252	270	258	264	0	199.8	100
254	272	260	266	0	201.103	100
256	274	262	268	0	200.486	100
258	276	264	270	0	200.254	100
260	278	266	272	0	199.658	100
262	280	268	274	0	199.841	100
30	54	38	46	0	257.789	100
32	56	40	48	0	258.023	100
34	58	42	50	0	258.55	100
36	60	44	52	0	258.28	100
38	62	46	54	0	258.472	100
40	64	48	56	0	258.744	100
42	66	50	58	0	258.518	100
44	68	52	60	0	258.837	100
46	70	54	62	0	258.06	100
48	72	56	64	0	258.396	100
50	74	58	66	0	258.395	100
52	76	60	68	0	257.734	100
54	78	62	70	0	257.421	100
56	80	64	72	0	257.496	100
58	82	66	74	0	258.33	100
60	84	68	76	0	258.311	100
62	86	70	78	0	257.777	100
64	88	72	80	0	257.395	100
66	90	74	82	0	257.091	100
68	92	76	84	0	256.475	100
70	94	78	86	0	255.692	100
72	96	80	88	0	255.562	100
74	98	82	90	0	256.167	100
76	100	84	92	0	256.176	100
78	102	86	94	0	255.84	100
80	104	88	96	0	255.368	100
82	106	90	98	0	254.98	100
84	108	92	100	0	254.839	100
86	110	94	102	0	254.046	100
88	112	96	104	0	253.074	100
90	114	98	106	0	252.534	100
92	116	100	108	0	252.275	100
94	118	102	110	0	252.347	100
96	120	104	112	0	251.689	100
98	122	106	114	0	250.891	100
100	124	108	116	0	250.13	100
102	126	110	118	0	249.378	100
104	128	112	120	0	248.559	100
106	130	114	122	0	247.592	100
108	132	116	124	0	247.122	100
110	134	118	126	0	247.223	100
112	136	120	128	0	246.484	100
114	138	122	130	0	245.13	100
116	140	124	132	0	243.424	100
118	142	126	134	0	241.879	100
120	144	128	136	0	240.354	100
122	146	130	138	0	238.049	100
124	148	132	140	0	235.716	100
126	150	134	142	0	233.785	100
128	152	136	144	0	231.483	100
130	154	138	146	0	228.35	100
132	156	140	148	0	225.143	100
134	158	142	150	0	221.441	100
136	160	144	152	0	217.553	100
138	162	146	154	0	214.363	100
140	164	148	156	0	210.546	100
142	166	150	158	0	208.288	100
144	168	152	160	0	206.944	100
146	170	154	162	0	205.566	100
148	172	156	164	0	204.35	100
150	174	158	166	0	203.221	100
152	176	160	168	0	201.789	100
154	178	162	170	0	201.23	100
156	180	164	172	0	199.283	100
158	182	166	174	0	198.033	100
160	184	168	176	0	197.281	100
162	186	170	178	0	196.097	100
164	188	172	180	0	195.242	100
166	190	174	182	0	194.822	100
168	192	176	184	0	193.896	100
170	194	178	186	0	193.171	100
172	196	180	188	0	191.849	100
174	198	182	190	0	191.632	100
176	200	184	192	0	191.07	100
178	202	186	194	0	189.047	100
180	204	188	196	0	187.616	100
182	206	190	198	0	185.371	100
184	208	192	200	0	183.486	100
186	210	194	202	0	182.832	100
188	212	196	204	0	182.494	100
190	214	198	206	0	183.646	100
192	216	200	208	0	184.817	100
194	218	202	210	0	184.795	100
196	220	204	212	0	186.688	100
198	222	206	214	0	187.817	100
200	224	208	216	0	189.219	100
202	226	210	218	0	191.46	100
204	228	212	220	0	192.119	100
206	230	214	222	0	192.723	100
208	232	216	224	0	192.676	100
210	234	218	226	0	192.389	100
212	236	220	228	0	193.341	100
214	238	222	230	0	193.555	100
216	240	224	232	0	194.255	100
218	242	226	234	0	194.935	100
220	244	228	236	0	195.328	100
222	246	230	238	0	196.695	100
224	248	232	240	0	197.289	100
226	250	234	242	0	197.724	100
228	252	236	244	0	198.215	100
230	254	238	246	0	198.018	100
232	256	240	248	0	198.131	100
234	258	242	250	0	197.84	100
236	260	244	252	0	199.129	100
238	262	246	254	0	199.698	100
240	264	248	256	0	199.728	100
242	266	250	258	0	200.025	100
244	268	252	260	0	199.792	100
246	270	254	262	0	199.859	100
248	272	256	264	0	199.375	100
250	274	258	266	0	199.04	100
252	276	260	268	0	200.008	100
254	278	262	270	0	199.521	100
256	280	264	272	0	199.175	100
30	60	40	50	0	286.442	100
32	62	42	52	0	286.6	100
34	64	44	54	0	286.912	100
36	66	46	56	0	286.94	100
38	68	48	58	0	287.172	100
40	70	50	60	0	287.008	100
42	72	52	62	0	286.781	100
44	74	54	64	0	287.169	100
46	76	56	66	0	286.801	100
48	78	58	68	0	286.341	100
50	80	60	70	0	286.222	100
52	82	62	72	0	286.324	100
54	84	64	74	0	286.474	100
56	86	66	76	0	286.176	100
58	88	68	78	0	285.691	100
60	90	70	80	0	285.223	100
62	92	72	82	0	284.813	100
64	94	74	84	0	284.499	100
66	96	76	86	0	283.738	100
68	98	78	88	0	283	100
70	100	80	90	0	282.717	100
72	102	82	92	0	282.892	100
74	104	84	94	0	282.788	100
76	106	86	96	0	282.181	100
78	108	88	98	0	281.596	100
80	110	90	100	0	281.238	100
82	112	92	102	0	280.596	100
84	114	94	104	0	279.55	100
86	116	96	106	0	278.479	100
88	118	98	108	0	277.783	100
90	120	100	110	0	276.898	100
92	122	102	112	0	275.818	100
94	124	104	114	0	274.501	100
96	126	106	116	0	273.14	100
98	128	108	118	0	272.089	100
100	130	110	120	0	271.053	100
102	132	112	122	0	269.571	100
104	134	114	124	0	268.113	100
106	136	116	126	0	266.872	100
108	138	118	128	0	265.751	100
110	140	120	130	0	264.096	100
112	142	122	132	0	261.943	100
114	144	124	134	0	259.697	100
116	146	126	136	0	257.64	100
118	148	128	138	0	255.554	100
120	150	130	140	0	253.118	100
122	152	132	142	0	250.449	100
124	154	134	144	0	247.429	100
126	156	136	146	0	243.654	100
128	158	138	148	0	239.21	100
130	160	140	150	0	234.489	100
132	162	142	152	0	229.624	100
134	164	144	154	0	224.926	100
136	166	146	156	0	220.171	100
138	168	148	158	0	215.981	100
140	170	150	160	0	212.529	100
142	172	152	162	0	209.964	100
144	174	154	164	0	207.316	100
146	176	156	166	0	204.719	100
148	178	158	168	0	202.39	100
150	180	160	170	0	200.499	100
152	182	162	172	0	198.387	100
154	184	164	174	0	196.428	100
156	186	166	176	0	194.29	100
158	188	168	178	0	192.301	100
160	190	170	180	0	190.968	100
162	192	172	182	0	189.888	100
164	194	174	184	0	188.526	100
166	196	176	186	0	187.393	100
168	198	178	188	0	186.666	100
170	200	180	190	0	186.131	100
172	202	182	192	0	184.294	100
174	204	184	194	0	182.007	100
176	206	186	196	0	179.615	100
178	208	188	198	0	176.883	100
180	210	190	200	0	174.731	100
182	212	192	202	0	172.964	100
184	214	194	204	0	171.479	100
186	216	196	206	0	171.424	100
188	218	198	208	0	172.329	100
190	220	200	210	0	173.857	100
192	222	202	212	0	175.893	100
194	224	204	214	0	178.037	100
196	226	206	216	0	180.394	100
198	228	208	218	0	182.143	100
200	230	210	220	0	183.8	100
202	232	212	222	0	184.876	100
204	234	214	224	0	185.442	100
206	236	216	226	0	186.323	100
208	238	218	228	0	186.771	100
210	240	220	230	0	186.912	100
212	242	222	232	0	187.635	100
214	244	224	234	0	188.759	100
216	246	226	236	0	190.558	100
218	248	228	238	0	191.692	100
220	250	230	240	0	192.623	100
222	252	232	242	0	193.477	100
224	254	234	244	0	194.389	100
226	256	236	246	0	194.866	100
228	258	238	248	0	195.509	100
230	260	240	250	0	196.239	100
232	262	242	252	0	196.769	100
234	264	244	254	0	196.619	100
236	266	246	256	0	197.287	100
238	268	248	258	0	197.871	100
240	270	250	260	0	198.113	100
242	272	252	262	0	198.19	100
244	274	254	264	0	197.715	100
246	276	256	266	0	197.536	100
248	278	258	268	0	197.642	100
250	280	260	270	0	197.996	100
30	66	42	54	0	316.862	100
32	68	44	56	0	316.796	100
34	70	46	58	0	316.821	100
36	72	48	60	0	316.856	100
38	74	50	62	0	316.91	100
40	76	52	64	0	316.944	100
42	78	54	66	0	316.814	100
44	80	56	68	0	316.757	100
46	82	58	70	0	316.44	100
48	84	60	72	0	316.215	100
50	86	62	74	0	315.904	100
52	88	64	76	0	315.509	100
54	90	66	78	0	315.147	100
56	92	68	80	0	314.61	100
58	94	70	82	0	313.916	100
60	96	72	84	0	313.205	100
62	98	74	86	0	312.465	100
64	100	76	88	0	311.947	100
66	102	78	90	0	311.394	100
68	104	80	92	0	310.9	100
70	106	82	94	0	310.496	100
72	108	84	96	0	309.937	100
74	110	86	98	0	309.491	100
76	112	88	100	0	308.757	100
78	114	90	102	0	307.828	100
80	116	92	104	0	306.88	100
82	118	94	106	0	305.872	100
84	120	96	108	0	304.401	100
86	122	98	110	0	302.669	100
88	124	100	112	0	300.813	100
90	126	102	114	0	298.991	100
92	128	104	116	0	297.379	100
94	130	106	118	0	295.452	100
96	132	108	120	0	293.345	100
98	134	110	122	0	291.273	100
100	136	112	124	0	289.162	100
102	138	114	126	0	286.845	100
104	140	116	128	0	284.507	100
106	142	118	130	0	282.283	100
108	144	120	132	0	279.842	100
110	146	122	134	0	277.555	100
112	148	124	136	0	275.31	100
114	150	126	138	0	273.127	100
116	152	128	140	0	270.824	100
118	154	130	142	0	268.198	100
120	156	132	144	0	264.699	100
122	158	134	146	0	260.104	100
124	160	136	148	0	255.179	100
126	162	138	150	0	249.915	100
128	164	140	152	0	244.072	100
130	166	142	154	0	238.223	100
132	168	144	156	0	232.202	100
134	170	146	158	0	226.67	100
136	172	148	160	0	221.948	100
138	174	150	162	0	217.61	100
140	176	152	164	0	213.054	100
142	178	154	166	0	209.302	100
144	180	156	168	0	205.827	100
146	182	158	170	0	202.141	100
148	184	160	172	0	198.575	100
150	186	162	174	0	195.673	100
152	188	164	176	0	192.788	100
154	190	166	178	0	190.19	100
156	192	168	180	0	187.732	100
158	194	170	182	0	185.619	100
160	196	172	184	0	184.302	100
162	198	174	186	0	183.46	100
164	200	176	188	0	181.918	100
166	202	178	190	0	180.316	100
168	204	180	192	0	178.496	100
170	206	182	194	0	176.136	100
172	208	184	196	0	173.374	100
174	210	186	198	0	170.354	100
176	212	188	200	0	167.336	100
178	214	190	202	0	164.508	100
180	216	192	204	0	162.548	100
182	218	194	206	0	161.791	100
184	220	196	208	0	162.068	100
186	222	198	210	0	163.135	100
188	224	200	212	0	165.497	100
190	226	202	214	0	168.322	100
192	228	204	216	0	170.884	100
194	230	206	218	0	173.225	100
196	232	208	220	0	175.357	100
198	234	210	222	0	177.136	100
200	236	212	224	0	178.407	100
202	238	214	226	0	179.219	100
204	240	216	228	0	179.827	100
206	242	218	230	0	180.466	100
208	244	220	232	0	181.51	100
210	246	222	234	0	182.44	100
212	248	224	236	0	183.997	100
214	250	226	238	0	185.783	100
216	252	228	240	0	187.442	100
218	254	230	242	0	188.938	100
220	256	232	244	0	189.947	100
222	258	234	246	0	191.139	100
224	260	236	248	0	192.752	100
226	262	238	250	0	193.899	100
228	264	240	252	0	194.577	100
230	266	242	254	0	194.628	100
232	268	244	256	0	195.132	100
234	270	246	258	0	196.258	100
236	272	248	260	0	196.795	100
238	274	250	262	0	196.728	100
240	276	252	264	0	196.79	100
242	278	254	266	0	196.963	100
244	280	256	268	0	196.806	100
30	72	44	58	0	346.275	100
32	74	46	60	0	346.355	100
34	76	48	62	0	346.396	100
36	78	50	64	0	346.345	100
38	80	52	66	0	346.325	100
40	82	54	68	0	346.219	100
42	84	56	70	0	345.955	100
44	86	58	72	0	345.606	100
46	88	60	74	0	345.011	100
48	90	62	76	0	344.445	100
50	92	64	78	0	343.909	100
52	94	66	80	0	343.308	100
54	96	68	82	0	342.498	100
56	98	70	84	0	341.545	100
58	100	72	86	0	340.611	100
60	102	74	88	0	339.878	100
62	104	76	90	0	339.163	100
64	106	78	92	0	338.563	100
66	108	80	94	0	337.973	100
68	110	82	96	0	337.275	100
70	112	84	98	0	336.536	100
72	114	86	100	0	335.622	100
74	116	88	102	0	334.668	100
76	118	90	104	0	333.482	100
78	120	92	106	0	331.985	100
80	122	94	108	0	330.171	100
82	124	96	110	0	328.058	100
84	126	98	112	0	325.727	100
86	128	100	114	0	323.134	100
88	130	102	116	0	320.533	100
90	132	104	118	0	317.763	100
92	134	106	120	0	314.868	100
94	136	108	122	0	311.688	100
96	138	110	124	0	308.434	100
98	140	112	126	0	305.215	100
100	142	114	128	0	302.154	100
102	144	116	130	0	299.312	100
104	146	118	132	0	296.653	100
106	148	120	134	0	294.375	100
108	150	122	136	0	292.31	100
110	152	124	138	0	290.275	100
112	154	126	140	0	287.892	100
114	156	128	142	0	285.025	100
116	158	130	144	0	281.327	100
118	160	132	146	0	276.862	100
120	162	134	148	0	271.86	100
122	164	136	150	0	265.924	100
124	166	138	152	0	259.395	100
126	168	140	154	0	252.605	100
128	170	142	156	0	245.727	100
130	172	144	158	0	239.113	100
132	174	146	160	0	232.867	100
134	176	148	162	0	226.985	100
136	178	150	164	0	221.413	100
138	180	152	166	0	216.32	100
140	182	154	168	0	211.409	100
142	184	156	170	0	206.591	100
144	186	158	172	0	201.564	100
146	188	160	174	0	196.986	100
148	190	162	176	0	193.104	100
150	192	164	178	0	189.542	100
152	194	166	180	0	186.479	100
154	196	168	182	0	184.071	100
156	198	170	184	0	182.09	100
158	200	172	186	0	180.494	100
160	202	174	188	0	178.715	100
162	204	176	190	0	176.708	100
164	206	178	192	0	174.273	100
166	208	180	194	0	171.796	100
168	210	182	196	0	169.111	100
170	212	184	198	0	165.774	100
172	214	186	200	0	162.112	100
174	216	188	202	0	158.946	100
176	218	190	204	0	156.542	100
178	220	192	206	0	155.207	100
180	222	194	208	0	154.716	100
182	224	196	210	0	155.076	100
184	226	198	212	0	157.193	100
186	228	200	214	0	159.895	100
188	230	202	216	0	162.488	100
190	232	204	218	0	165.178	100
192	234	206	220	0	167.548	100
194	236	208	222	0	169.739	100
196	238	210	224	0	171.763	100
198	240	212	226	0	173.149	100
200	242	214	228	0	173.775	100
202	244	216	230	0	174.365	100
204	246	218	232	0	175.332	100
206	248	220	234	0	176.568	100
208	250	222	236	0	177.872	100
210	252	224	238	0	179.279	100
212	254	226	240	0	181.295	100
214	256	228	242	0	183.081	100
216	258	230	244	0	185.171	100
218	260	232	246	0	187.291	100
220	262	234	248	0	189.078	100
222	264	236	250	0	190.314	100
224	266	238	252	0	191.623	100
226	268	240	254	0	192.72	100
228	270	242	256	0	193.716	100
230	272	244	258	0	194.825	100
232	274	246	260	0	195.582	100
234	276	248	262	0	196.008	100
236	278	250	264	0	196.193	100
238	280	252	266	0	196.646	100
30	78	46	62	0	373.839	100
32	80	48	64	0	373.883	100
34	82	50	66	0	373.848	100
36	84	52	68	0	373.491	100
38	86	54	70	0	373.138	100
40	88	56	72	0	372.699	100
42	90	58	74	0	372.173	100
44	92	60	76	0	371.599	100
46	94	62	78	0	370.657	100
48	96	64	80	0	369.82	100
50	98	66	82	0	368.962	100
52	100	68	84	0	367.925	100
54	102	70	86	0	366.86	100
56	104	72	88	0	365.86	100
58	106	74	90	0	364.991	100
60	108	76	92	0	364.233	100
62	110	78	94	0	363.427	100
64	112	80	96	0	362.678	100
66	114	82	98	0	361.878	100
68	116	84	100	0	360.831	100
70	118	86	102	0	359.599	100
72	120	88	104	0	357.987	100
74	122	90	106	0	356.155	100
76	124	92	108	0	353.982	100
78	126	94	110	0	351.497	100
80	128	96	112	0	348.665	100
82	130	98	114	0	345.485	100
84	132	100	116	0	341.996	100
86	134	102	118	0	338.183	100
88	136	104	120	0	334.127	100
90	138	106	122	0	329.817	100
92	140	108	124	0	325.622	100
94	142	110	126	0	321.654	100
96	144	112	128	0	317.984	100
98	146	114	130	0	314.696	100
100	148	116	132	0	312.025	100
102	150	118	134	0	309.963	100
104	152	120	136	0	308.007	100
106	154	122	138	0	305.994	100
108	156	124	140	0	303.505	100
110	158	126	142	0	300.504	100
112	160	128	144	0	296.845	100
114	162	130	146	0	292.423	100
116	164	132	148	0	287.22	100
118	166	134	150	0	281.336	100
120	168	136	152	0	274.568	100
122	170	138	154	0	267.113	100
124	172	140	156	0	259.291	100
126	174	142	158	0	251.616	100
128	176	144	160	0	244.209	100
130	178	146	162	0	237.055	100
132	180	148	164	0	230.227	100
134	182	150	166	0	223.976	100
136	184	152	168	0	218.014	100
138	186	154	170	0	212.264	100
140	188	156	172	0	206.403	100
142	190	158	174	0	200.834	100
144	192	160	176	0	195.772	100
146	194	162	178	0	191.263	100
148	196	164	180	0	187.52	100
150	198	166	182	0	184.615	100
152	200	168	184	0	182.113	100
154	202	170	186	0	179.746	100
156	204	172	188	0	177.294	100
158	206	174	190	0	174.906	100
160	208	176	192	0	172.434	100
162	210	178	194	0	169.665	100
164	212	180	196	0	166.488	100
166	214	182	198	0	162.907	100
168	216	184	200	0	159.248	100
170	218	186	202	0	155.933	100
172	220	188	204	0	153.13	100
174	222	190	206	0	151.272	100
176	224	192	208	0	150.303	100
178	226	194	210	0	150.061	100
180	228	196	212	0	151.196	100
182	230	198	214	0	153.374	100
184	232	200	216	0	155.98	100
186	234	202	218	0	158.609	100
188	236	204	220	0	161.042	100
190	238	206	222	0	163.341	100
192	240	208	224	0	165.541	100
194	242	210	226	0	167.331	100
196	244	212	228	0	168.709	100
198	246	214	230	0	169.576	100
200	248	216	232	0	170.229	100
202	250	218	234	0	170.892	100
204	252	220	236	0	171.972	100
206	254	222	238	0	173.355	100
208	256	224	240	0	174.962	100
210	258	226	242	0	176.869	100
212	260	228	244	0	179.379	100
214	262	230	246	0	181.808	100
216	264	232	248	0	183.893	100
218	266	234	250	0	185.91	100
220	268	236	252	0	187.855	100
222	270	238	254	0	189.617	100
224	272	240	256	0	191.351	100
226	274	242	258	0	192.88	100
228	276	244	260	0	194.139	100
230	278	246	262	0	195.034	100
232	280	248	264	0	195.584	100
30	84	48	66	0	398.29	100
32	86	50	68	0	397.817	100
34	88	52	70	0	397.318	100
36	90	54	72	0	396.826	100
38	92	56	74	0	396.295	100
40	94	58	76	0	395.52	100
42	96	60	78	0	394.531	100
44	98	62	80	0	393.597	100
46	100	64	82	0	392.536	100
48	102	66	84	0	391.486	100
50	104	68	86	0	390.276	100
52	106	70	88	0	389.133	100
54	108	72	90	0	388.198	100
56	110	74	92	0	387.345	100
58	112	76	94	0	386.425	100
60	114	78	96	0	385.367	100
62	116	80	98	0	384.41	100
64	118	82	100	0	383.443	100
66	120	84	102	0	382.026	100
68	122	86	104	0	380.005	100
70	124	88	106	0	377.718	100
72	126	90	108	0	375.189	100
74	128	92	110	0	372.386	100
76	130	94	112	0	368.99	100
78	132	96	114	0	364.961	100
80	134	98	116	0	360.701	100
82	136	100	118	0	356.021	100
84	138	102	120	0	350.939	100
86	140	104	122	0	345.594	100
88	142	106	124	0	340.545	100
90	144	108	126	0	335.999	100
92	146	110	128	0	332.084	100
94	148	112	130	0	328.754	100
96	150	114	132	0	325.965	100
98	152	116	134	0	323.856	100
100	154	118	136	0	322.085	100
102	156	120	138	0	320.095	100
104	158	122	140	0	317.473	100
106	160	124	142	0	314.401	100
108	162	126	144	0	310.741	100
110	164	128	146	0	306.298	100
112	166	130	148	0	301.09	100
114	168	132	150	0	295.033	100
116	170	134	152	0	288.247	100
118	172	136	154	0	280.738	100
120	174	138	156	0	272.434	100
122	176	140	158	0	263.646	100
124	178	142	160	0	255.086	100
126	180	144	162	0	246.829	100
128	182	146	164	0	238.792	100
130	184	148	166	0	231.26	100
132	186	150	168	0	224.279	100
134	188	152	170	0	217.804	100
136	190	154	172	0	211.663	100
138	192	156	174	0	205.829	100
140	194	158	176	0	200.224	100
142	196	160	178	0	195.339	100
144	198	162	180	0	191.235	100
146	200	164	182	0	187.503	100
148	202	166	184	0	184.13	100
150	204	168	186	0	181.133	100
152	206	170	188	0	178.216	100
154	208	172	190	0	175.536	100
156	210	174	192	0	172.584	100
158	212	176	194	0	169.245	100
160	214	178	196	0	165.834	100
162	216	180	198	0	162.204	100
164	218	182	200	0	158.4	100
166	220	184	202	0	154.839	100
168	222	186	204	0	151.778	100
170	224	188	206	0	149.585	100
172	226	190	208	0	148.176	100
174	228	192	210	0	147.346	100
176	230	194	212	0	147.702	100
178	232	196	214	0	149.022	100
180	234	198	216	0	151.174	100
182	236	200	218	0	153.691	100
184	238	202	220	0	156.017	100
186	240	204	222	0	158.315	100
188	242	206	224	0	160.333	100
190	244	208	226	0	162.403	100
192	246	210	228	0	164.127	100
194	248	212	230	0	165.212	100
196	250	214	232	0	166.006	100
198	252	216	234	0	166.619	100
200	254	218	236	0	167.226	100
202	256	220	238	0	167.989	100
204	258	222	240	0	169.256	100
206	260	224	242	0	171.13	100
208	262	226	244	0	173.307	100
210	264	228	246	0	175.181	100
212	266	230	248	0	177.564	100
214	268	232	250	0	180.05	100
216	270	234	252	0	182.741	100
218	272	236	254	0	185.234	100
220	274	238	256	0	187.457	100
222	276	240	258	0	189.693	100
224	278	242	260	0	191.46	100
226	280	244	262	0	192.937	100
30	90	50	70	0	418.19	100
32	92	52	72	0	417.57	100
34	94	54	74	0	416.918	100
36	96	56	76	0	416.02	100
38	98	58	78	0	415.028	100
40	100	60	80	0	414.021	100
42	102	62	82	0	412.932	100
44	104	64	84	0	411.88	100
46	106	66	86	0	410.661	100
48	108	68	88	0	409.514	100
50	110	70	90	0	408.473	100
52	112	72	92	0	407.501	100
54	114	74	94	0	406.524	100
56	116	76	96	0	405.434	100
58	118	78	98	0	404.275	100
60	120	80	100	0	402.928	100
62	122	82	102	0	401.261	100
64	124	84	104	0	399.201	100
66	126	86	106	0	396.693	100
68	128	88	108	0	393.677	100
70	130	90	110	0	390.234	100
72	132	92	112	0	386.215	100
74	134	94	114	0	381.635	100
76	136	96	116	0	376.463	100
78	138	98	118	0	370.837	100
80	140	100	120	0	364.979	100
82	142	102	122	0	359.182	100
84	144	104	124	0	353.727	100
86	146	106	126	0	348.753	100
88	148	108	128	0	344.643	100
90	150	110	130	0	341.343	100
92	152	112	132	0	338.672	100
94	154	114	134	0	336.46	100
96	156	116	136	0	334.438	100
98	158	118	138	0	332.385	100
100	160	120	140	0	329.916	100
102	162	122	142	0	326.863	100
104	164	124	144	0	322.953	100
106	166	126	146	0	318.372	100
108	168	128	148	0	313.127	100
110	170	130	150	0	307.162	100
112	172	132	152	0	300.3	100
114	174	134	154	0	292.639	100
116	176	136	156	0	284.11	100
118	178	138	158	0	274.981	100
120	180	140	160	0	265.519	100
122	182	142	162	0	256.028	100
124	184	144	164	0	246.747	100
126	186	146	166	0	238.03	100
128	188	148	168	0	230.116	100
130	190	150	170	0	222.967	100
132	192	152	172	0	216.412	100
134	194	154	174	0	210.591	100
136	196	156	176	0	205.363	100
138	198	158	178	0	200.631	100
140	200	160	180	0	196.355	100
142	202	162	182	0	192.351	100
144	204	164	184	0	188.512	100
146	206	166	186	0	184.899	100
148	208	168	188	0	181.493	100
150	210	170	190	0	178.159	100
152	212	172	192	0	174.69	100
154	214	174	194	0	171.04	100
156	216	176	196	0	167.154	100
158	218	178	198	0	163.181	100
160	220	180	200	0	159.362	100
162	222	182	202	0	155.66	100
164	224	184	204	0	152.234	100
166	226	186	206	0	149.633	100
168	228	188	208	0	147.712	100
170	230	190	210	0	146.415	100
172	232	192	212	0	146.141	100
174	234	194	214	0	146.76	100
176	236	196	216	0	148.154	100
178	238	198	218	0	150.17	100
180	240	200	220	0	152.425	100
182	242	202	222	0	154.478	100
184	244	204	224	0	156.559	100
186	246	206	226	0	158.559	100
188	248	208	228	0	160.195	100
190	250	210	230	0	161.508	100
192	252	212	232	0	162.483	100
194	254	214	234	0	163.05	100
196	256	216	236	0	163.566	100
198	258	218	238	0	164.223	100
200	260	220	240	0	165.146	100
202	262	222	242	0	166.117	100
204	264	224	244	0	167.352	100
206	266	226	246	0	169.15	100
208	268	228	248	0	171.267	100
210	270	230	250	0	173.572	100
212	272	232	252	0	176.363	100
214	274	234	254	0	179.173	100
216	276	236	256	0	182.078	100
218	278	238	258	0	184.908	100
220	280	240	260	0	187.318	100
30	96	52	74	0	433.99	100
32	98	54	76	0	433.109	100
34	100	56	78	0	432.126	100
36	102	58	80	0	431.111	100
38	104	60	82	0	430.079	100
40	106	62	84	0	428.994	100
42	108	64	86	0	427.931	100
44	110	66	88	0	426.984	100
46	112	68	90	0	425.883	100
48	114	70	92	0	424.815	100
50	116	72	94	0	423.771	100
52	118	74	96	0	422.631	100
54	120	76	98	0	421.325	100
56	122	78	100	0	419.648	100
58	124	80	102	0	417.709	100
60	126	82	104	0	415.397	100
62	128	84	106	0	412.607	100
64	130	86	108	0	409.253	100
66	132	88	110	0	405.25	100
68	134	90	112	0	400.546	100
70	136	92	114	0	395.211	100
72	138	94	116	0	389.359	100
74	140	96	118	0	383.117	100
76	142	98	120	0	376.824	100
78	144	100	122	0	370.707	100
80	146	102	124	0	365.14	100
82	148	104	126	0	360.298	100
84	150	106	128	0	356.212	100
86	152	108	130	0	352.784	100
88	154	110	132	0	350.023	100
90	156	112	134	0	347.681	100
92	158	114	136	0	345.505	100
94	160	116	138	0	343.37	100
96	162	118	140	0	340.87	100
98	164	120	142	0	337.67	100
100	166	122	144	0	333.708	100
102	168	124	146	0	328.994	100
104	170	126	148	0	323.591	100
106	172	128	150	0	317.531	100
108	174	130	152	0	310.676	100
110	176	132	154	0	302.955	100
112	178	134	156	0	294.373	100
114	180	136	158	0	285.002	100
116	182	138	160	0	275.056	100
118	184	140	162	0	264.736	100
120	186	142	164	0	254.488	100
122	188	144	166	0	244.758	100
124	190	146	168	0	235.832	100
126	192	148	170	0	227.941	100
128	194	150	172	0	221.046	100
130	196	152	174	0	215.171	100
132	198	154	176	0	210.202	100
134	200	156	178	0	205.798	100
136	202	158	180	0	201.656	100
138	204	160	182	0	197.879	100
140	206	162	184	0	194.252	100
142	208	164	186	0	190.626	100
144	210	166	188	0	186.833	100
146	212	168	190	0	182.864	100
148	214	170	192	0	178.783	100
150	216	172	194	0	174.635	100
152	218	174	196	0	170.46	100
154	220	176	198	0	166.171	100
156	222	178	200	0	161.886	100
158	224	180	202	0	157.876	100
160	226	182	204	0	154.349	100
162	228	184	206	0	151.302	100
164	230	186	208	0	148.8	100
166	232	188	210	0	146.888	100
168	234	190	212	0	146.069	100
170	236	192	214	0	146.113	100
172	238	194	216	0	146.769	100
174	240	196	218	0	148.135	100
176	242	198	220	0	149.907	100
178	244	200	222	0	151.909	100
180	246	202	224	0	153.857	100
182	248	204	226	0	155.679	100
184	250	206	228	0	157.2	100
186	252	208	230	0	158.577	100
188	254	210	232	0	159.639	100
190	256	212	234	0	160.356	100
192	258	214	236	0	160.972	100
194	260	216	238	0	161.553	100
196	262	218	240	0	162.103	100
198	264	220	242	0	162.525	100
200	266	222	244	0	163.208	100
202	268	224	246	0	164.202	100
204	270	226	248	0	165.739	100
206	272	228	250	0	167.701	100
208	274	230	252	0	170.075	100
210	276	232	254	0	172.588	100
212	278	234	256	0	175.499	100
214	280	236	258	0	178.579	100
30	102	54	78	0	445.967	100
32	104	56	80	0	445.039	100
34	106	58	82	0	444.107	100
36	108	60	84	0	443.17	100
38	110	62	86	0	442.237	100
40	112	64	88	0	441.374	100
42	114	66	90	0	440.458	100
44	116	68	92	0	439.523	100
46	118	70	94	0	438.394	100
48	120	72	96	0	437.077	100
50	122	74	98	0	435.557	100
52	124	76	100	0	433.718	100
54	126	78	102	0	431.538	100
56	128	80	104	0	428.888	100
58	130	82	106	0	425.713	100
60	132	84	108	0	421.845	100
62	134	86	110	0	417.282	100
64	136	88	112	0	412.047	100
66	138	90	114	0	406.145	100
68	140	92	116	0	399.778	100
70	142	94	118	0	393.292	100
72	144	96	120	0	386.863	100
74	146	98	122	0	380.799	100
76	148	100	124	0	375.352	100
78	150	102	126	0	370.615	100
80	152	104	128	0	366.622	100
82	154	106	130	0	363.252	100
84	156	108	132	0	360.324	100
86	158	110	134	0	357.754	100
88	160	112	136	0	355.468	100
90	162	114	138	0	353.167	100
92	164	116	140	0	350.48	100
94	166	118	142	0	347.201	100
96	168	120	144	0	343.082	100
98	170	122	146	0	338.229	100
100	172	124	148	0	332.705	100
102	174	126	150	0	326.513	100
104	176	128	152	0	319.519	100
106	178	130	154	0	311.781	100
108	180	132	156	0	303.194	100
110	182	134	158	0	293.835	100
112	184	136	160	0	283.685	100
114	186	138	162	0	272.968	100
116	188	140	164	0	262.126	100
118	190	142	166	0	251.776	100
120	192	144	168	0	242.167	100
122	194	146	170	0	233.49	100
124	196	148	172	0	226.083	100
126	198	150	174	0	219.989	100
128	200	152	176	0	214.914	100
130	202	154	178	0	210.524	100
132	204	156	180	0	206.645	100
134	206	158	182	0	203.144	100
136	208	160	184	0	199.967	100
138	210	162	186	0	196.761	100
140	212	164	188	0	193.089	100
142	214	166	190	0	189.072	100
144	216	168	192	0	184.704	100
146	218	170	194	0	180.085	100
148	220	172	196	0	175.444	100
150	222	174	198	0	170.736	100
152	224	176	200	0	166.075	100
154	226	178	202	0	161.739	100
156	228	180	204	0	157.723	100
158	230	182	206	0	154.246	100
160	232	184	208	0	151.329	100
162	234	186	210	0	148.905	100
164	236	188	212	0	147.365	100
166	238	190	214	0	146.7	100
168	240	192	216	0	146.78	100
170	242	194	218	0	147.435	100
172	244	196	220	0	148.626	100
174	246	198	222	0	150.261	100
176	248	200	224	0	152.002	100
178	250	202	226	0	153.607	100
180	252	204	228	0	155.107	100
182	254	206	230	0	156.368	100
184	256	208	232	0	157.49	100
186	258	210	234	0	158.532	100
188	260	212	236	0	159.319	100
190	262	214	238	0	159.785	100
192	264	216	240	0	159.983	100
194	266	218	242	0	160.176	100
196	268	220	244	0	160.588	100
198	270	222	246	0	161.154	100
200	272	224	248	0	161.975	100
202	274	226	250	0	163.096	100
204	276	228	252	0	164.732	100
206	278	230	254	0	166.782	100
208	280	232	256	0	169.174	100
30	108	56	82	0	455.302	100
32	110	58	84	0	454.575	100
34	112	60	86	0	453.818	100
36	114	62	88	0	453.027	100
38	116	64	90	0	452.316	100
40	118	66	92	0	451.531	100
42	120	68	94	0	450.408	100
44	122	70	96	0	449.009	100
46	124	72	98	0	447.29	100
48	126	74	100	0	445.283	100
50	128	76	102	0	442.828	100
52	130	78	104	0	439.743	100
54	132	80	106	0	436.103	100
56	134	82	108	0	431.78	100
58	136	84	110	0	426.713	100
60	138	86	112	0	420.912	100
62	140	88	114	0	414.605	100
64	142	90	116	0	408.233	100
66	144	92	118	0	401.886	100
68	146	94	120	0	395.62	100
70	148	96	122	0	389.767	100
72	150	98	124	0	384.581	100
74	152	100	126	0	380.036	100
76	154	102	128	0	376.097	100
78	156	104	130	0	372.588	100
80	158	106	132	0	369.525	100
82	160	108	134	0	366.933	100
84	162	110	136	0	364.548	100
86	164	112	138	0	361.96	100
88	166	114	140	0	358.976	100
90	168	116	142	0	355.459	100
92	170	118	144	0	351.296	100
94	172	120	146	0	346.327	100
96	174	122	148	0	340.591	100
98	176	124	150	0	334.184	100
100	178	126	152	0	327.132	100
102	180	128	154	0	319.406	100
104	182	130	156	0	310.841	100
106	184	132	158	0	301.482	100
108	186	134	160	0	291.494	100
110	188	136	162	0	280.962	100
112	190	138	164	0	270.067	100
114	192	140	166	0	259.298	100
116	194	142	168	0	249.239	100
118	196	144	170	0	240.214	100
120	198	146	172	0	232.272	100
122	200	148	174	0	225.551	100
124	202	150	176	0	219.93	100
126	204	152	178	0	215.302	100
128	206	154	180	0	211.511	100
130	208	156	182	0	208.215	100
132	210	158	184	0	205.118	100
134	212	160	186	0	202.148	100
136	214	162	188	0	198.983	100
138	216	164	190	0	195.376	100
140	218	166	192	0	191.279	100
142	220	168	194	0	186.723	100
144	222	170	196	0	181.836	100
146	224	172	198	0	176.744	100
148	226	174	200	0	171.74	100
150	228	176	202	0	166.885	100
152	230	178	204	0	162.438	100
154	232	180	206	0	158.562	100
156	234	182	208	0	155.155	100
158	236	184	210	0	152.139	100
160	238	186	212	0	150.026	100
162	240	188	214	0	148.699	100
164	242	190	216	0	147.993	100
166	244	192	218	0	148.002	100
168	246	194	220	0	148.533	100
170	248	196	222	0	149.506	100
172	250	198	224	0	150.811	100
174	252	200	226	0	152.318	100
176	254	202	228	0	153.63	100
178	256	204	230	0	154.862	100
180	258	206	232	0	156.109	100
182	260	208	234	0	157.284	100
184	262	210	236	0	158.183	100
186	264	212	238	0	158.661	100
188	266	214	240	0	158.921	100
190	268	216	242	0	159.064	100
192	270	218	244	0	159.254	100
194	272	220	246	0	159.469	100
196	274	222	248	0	159.817	100
198	276	224	250	0	160.391	100
200	278	226	252	0	161.291	100
202	280	228	254	0	162.396	100
30	114	58	86	0	462.813	100
32	116	60	88	0	462.268	100
34	118	62	90	0	461.675	100
36	120	64	92	0	460.92	100
38	122	66	94	0	459.876	100
40	124	68	96	0	458.435	100
42	126	70	98	0	456.646	100
44	128	72	100	0	454.459	100
46	130	74	102	0	451.647	100
48	132	76	104	0	448.156	100
50	134	78	106	0	443.992	100
52	136	80	108	0	439.157	100
54	138	82	110	0	433.729	100
56	140	84	112	0	427.697	100
58	142	86	114	0	421.385	100
60	144	88	116	0	415.12	100
62	146	90	118	0	409.026	100
64	148	92	120	0	403.324	100
66	150	94	122	0	397.984	100
68	152	96	124	0	393.008	100
70	154	98	126	0	388.584	100
72	156	100	128	0	384.619	100
74	158	102	130	0	381.081	100
76	160	104	132	0	377.956	100
78	162	106	134	0	375.172	100
80	164	108	136	0	372.528	100
82	166	110	138	0	369.823	100
84	168	112	140	0	366.648	100
86	170	114	142	0	362.802	100
88	172	116	144	0	358.338	100
90	174	118	146	0	353.224	100
92	176	120	148	0	347.386	100
94	178	122	150	0	340.867	100
96	180	124	152	0	333.686	100
98	182	126	154	0	325.915	100
100	184	128	156	0	317.482	100
102	186	130	158	0	308.439	100
104	188	132	160	0	298.797	100
106	190	134	162	0	288.707	100
108	192	136	164	0	278.247	100
110	194	138	166	0	267.724	100
112	196	140	168	0	257.53	100
114	198	142	170	0	248.124	100
116	200	144	172	0	239.698	100
118	202	146	174	0	232.269	100
120	204	148	176	0	226.014	100
122	206	150	178	0	220.858	100
124	208	152	180	0	216.678	100
126	210	154	182	0	213.206	100
128	212	156	184	0	210.083	100
130	214	158	186	0	207.051	100
132	216	160	188	0	204.009	100
134	218	162	190	0	200.829	100
136	220	164	192	0	197.21	100
138	222	166	194	0	193.118	100
140	224	168	196	0	188.552	100
142	226	170	198	0	183.601	100
144	228	172	200	0	178.417	100
146	230	174	202	0	173.256	100
148	232	176	204	0	168.364	100
150	234	178	206	0	164.012	100
152	236	180	208	0	160.179	100
154	238	182	210	0	156.728	100
156	240	184	212	0	153.972	100
158	242	186	214	0	151.894	100
160	244	188	216	0	150.544	100
162	246	190	218	0	149.845	100
164	248	192	220	0	149.577	100
166	250	194	222	0	149.758	100
168	252	196	224	0	150.475	100
170	254	198	226	0	151.575	100
172	256	200	228	0	152.768	100
174	258	202	230	0	154.011	100
176	260	204	232	0	155.299	100
178	262	206	234	0	156.405	100
180	264	208	236	0	157.308	100
182	266	210	238	0	158.072	100
184	268	212	240	0	158.575	100
186	270	214	242	0	158.859	100
188	272	216	244	0	158.984	100
190	274	218	246	0	158.996	100
192	276	220	248	0	159.054	100
194	278	222	250	0	159.143	100
196	280	224	252	0	159.455	100
30	120	60	90	0	468.644	100
32	122	62	92	0	467.9	100
34	124	64	94	0	466.902	100
36	126	66	96	0	465.495	100
38	128	68	98	0	463.611	100
40	130	70	100	0	461.148	100
42	132	72	102	0	458.015	100
44	134	74	104	0	454.208	100
46	136	76	106	0	449.613	100
48	138	78	108	0	444.363	100
50	140	80	110	0	438.689	100
52	142	82	112	0	432.786	100
54	144	84	114	0	426.824	100
56	146	86	116	0	420.917	100
58	148	88	118	0	415.319	100
60	150	90	120	0	410.074	100
62	152	92	122	0	405.161	100
64	154	94	124	0	400.644	100
66	156	96	126	0	396.358	100
68	158	98	128	0	392.377	100
70	160	100	130	0	388.811	100
72	162	102	132	0	385.611	100
74	164	104	134	0	382.631	100
76	166	106	136	0	379.726	100
78	168	108	138	0	376.689	100
80	170	110	140	0	373.306	100
82	172	112	142	0	369.299	100
84	174	114	144	0	364.544	100
86	176	116	146	0	359.099	100
88	178	118	148	0	353.111	100
90	180	120	150	0	346.527	100
92	182	122	152	0	339.361	100
94	184	124	154	0	331.629	100
96	186	126	156	0	323.414	100
98	188	128	158	0	314.83	100
100	190	130	160	0	305.86	100
102	192	132	162	0	296.478	100
104	194	134	164	0	286.733	100
106	196	136	166	0	276.847	100
108	198	138	168	0	266.996	100
110	200	140	170	0	257.435	100
112	202	142	172	0	248.448	100
114	204	144	174	0	240.385	100
116	206	146	176	0	233.402	100
118	208	148	178	0	227.596	100
120	210	150	180	0	222.763	100
122	212	152	182	0	218.667	100
124	214	154	184	0	215.154	100
126	216	156	186	0	211.908	100
128	218	158	188	0	208.718	100
130	220	160	190	0	205.529	100
132	222	162	192	0	202.156	100
134	224	164	194	0	198.439	100
136	226	166	196	0	194.418	100
138	228	168	198	0	189.955	100
140	230	170	200	0	185.143	100
142	232	172	202	0	180.152	100
144	234	174	204	0	175.204	100
146	236	176	206	0	170.506	100
148	238	178	208	0	166.25	100
150	240	180	210	0	162.374	100
152	242	182	212	0	159.128	100
154	244	184	214	0	156.48	100
156	246	186	216	0	154.379	100
158	248	188	218	0	152.814	100
160	250	190	220	0	151.783	100
162	252	192	222	0	151.258	100
164	254	194	224	0	151.152	100
166	256	196	226	0	151.598	100
168	258	198	228	0	152.525	100
170	260	200	230	0	153.702	100
172	262	202	232	0	154.802	100
174	264	204	234	0	155.825	100
176	266	206	236	0	156.833	100
178	268	208	238	0	157.777	100
180	270	210	240	0	158.607	100
182	272	212	242	0	159.125	100
184	274	214	244	0	159.377	100
186	276	216	246	0	159.45	100
188	278	218	248	0	159.341	100
190	280	220	250	0	159.16	100
30	126	62	94	0	471.608	100
32	128	64	96	0	470.159	100
34	130	66	98	0	468.163	100
36	132	68	100	0	465.426	100
38	134	70	102	0	462.008	100
40	136	72	104	0	457.852	100
42	138	74	106	0	453.044	100
44	140	76	108	0	447.756	100
46	142	78	110	0	442.174	100
48	144	80	112	0	436.593	100
50	146	82	114	0	431.095	100
52	148	84	116	0	425.826	100
54	150	86	118	0	420.837	100
56	152	88	120	0	416.056	100
58	154	90	122	0	411.544	100
60	156	92	124	0	407.265	100
62	158	94	126	0	403.185	100
64	160	96	128	0	399.418	100
66	162	98	130	0	395.917	100
68	164	100	132	0	392.521	100
70	166	102	134	0	389.323	100
72	168	104	136	0	386.161	100
74	170	106	138	0	382.859	100
76	172	108	140	0	379.131	100
78	174	110	142	0	374.796	100
80	176	112	144	0	369.791	100
82	178	114	146	0	364.156	100
84	180	116	148	0	357.994	100
86	182	118	150	0	351.329	100
88	184	120	152	0	344.187	100
90	186	122	154	0	336.701	100
92	188	124	156	0	328.953	100
94	190	126	158	0	320.99	100
96	192	128	160	0	312.779	100
98	194	130	162	0	304.303	100
100	196	132	164	0	295.546	100
102	198	134	166	0	286.56	100
104	200	136	168	0	277.282	100
106	202	138	170	0	267.831	100
108	204	140	172	0	258.595	100
110	206	142	174	0	250.041	100
112	208	144	176	0	242.375	100
114	210	146	178	0	235.618	100
116	212	148	180	0	229.904	100
118	214	150	182	0	225.084	100
120	216	152	184	0	220.89	100
122	218	154	186	0	217.143	100
124	220	156	188	0	213.562	100
126	222	158	190	0	210.028	100
128	224	160	192	0	206.546	100
130	226	162	194	0	202.981	100
132	228	164	196	0	199.152	100
134	230	166	198	0	195.11	100
136	232	168	200	0	190.85	100
138	234	170	202	0	186.427	100
140	236	172	204	0	181.899	100
142	238	174	206	0	177.436	100
144	240	176	208	0	173.098	100
146	242	178	210	0	168.911	100
148	244	180	212	0	165.309	100
150	246	182	214	0	162.182	100
152	248	184	216	0	159.422	100
154	250	186	218	0	157.109	100
156	252	188	220	0	155.239	100
158	254	190	222	0	153.845	100
160	256	192	224	0	153.012	100
162	258	194	226	0	152.789	100
164	260	196	228	0	153.081	100
166	262	198	230	0	153.77	100
168	264	200	232	0	154.649	100
170	266	202	234	0	155.633	100
172	268	204	236	0	156.694	100
174	270	206	238	0	157.768	100
176	272	208	240	0	158.759	100
178	274	210	242	0	159.55	100
180	276	212	244	0	160.108	100
182	278	214	246	0	160.336	100
184	280	216	248	0	160.273	100
30	132	64	98	0	470.237	100
32	134	66	100	0	467.343	100
34	136	68	102	0	463.688	100
36	138	70	104	0	459.337	100
38	140	72	106	0	454.536	100
40	142	74	108	0	449.523	100
42	144	76	110	0	444.434	100
44	146	78	112	0	439.383	100
46	148	80	114	0	434.499	100
48	150	82	116	0	429.91	100
50	152	84	118	0	425.494	100
52	154	86	120	0	421.203	100
54	156	88	122	0	417.045	100
56	158	90	124	0	413.024	100
58	160	92	126	0	409.241	100
60	162	94	128	0	405.645	100
62	164	96	130	0	402.087	100
64	166	98	132	0	398.704	100
66	168	100	134	0	395.368	100
68	170	102	136	0	391.936	100
70	172	104	138	0	388.292	100
72	174	106	140	0	384.2	100
74	176	108	142	0	379.52	100
76	178	110	144	0	374.239	100
78	180	112	146	0	368.373	100
80	182	114	148	0	362.047	100
82	184	116	150	0	355.395	100
84	186	118	152	0	348.515	100
86	188	120	154	0	341.411	100
88	190	122	156	0	334.224	100
90	192	124	158	0	326.997	100
92	194	126	160	0	319.706	100
94	196	128	162	0	312.275	100
96	198	130	164	0	304.563	100
98	200	132	166	0	296.486	100
100	202	134	168	0	287.956	100
102	204	136	170	0	279.069	100
104	206	138	172	0	269.969	100
106	208	140	174	0	261.059	100
108	210	142	176	0	252.725	100
110	212	144	178	0	245.165	100
112	214	146	180	0	238.423	100
114	216	148	182	0	232.58	100
116	218	150	184	0	227.556	100
118	220	152	186	0	223.09	100
120	222	154	188	0	218.943	100
122	224	156	190	0	214.92	100
124	226	158	192	0	210.979	100
126	228	160	194	0	207.127	100
128	230	162	196	0	203.33	100
130	232	164	198	0	199.394	100
132	234	166	200	0	195.42	100
134	236	168	202	0	191.447	100
136	238	170	204	0	187.507	100
138	240	172	206	0	183.642	100
140	242	174	208	0	179.768	100
142	244	176	210	0	175.818	100
144	246	178	212	0	172.153	100
146	248	180	214	0	168.716	100
148	250	182	216	0	165.506	100
150	252	184	218	0	162.575	100
152	254	186	220	0	159.952	100
154	256	188	222	0	157.748	100
156	258	190	224	0	156.127	100
158	260	192	226	0	155.112	100
160	262	194	228	0	154.583	100
162	264	196	230	0	154.552	100
164	266	198	232	0	155.039	100
166	268	200	234	0	155.871	100
168	270	202	236	0	156.869	100
170	272	204	238	0	157.972	100
172	274	206	240	0	159.036	100
174	276	208	242	0	160.035	100
176	278	210	244	0	160.861	100
178	280	212	246	0	161.353	100
30	138	66	102	0	463.172	100
32	140	68	104	0	458.921	100
34	142	70	106	0	454.468	100
36	144	72	108	0	449.957	100
38	146	74	110	0	445.516	100
40	148	76	112	0	441.212	100
42	150	78	114	0	437.047	100
44	152	80	116	0	433.103	100
46	154	82	118	0	429.256	100
48	156	84	120	0	425.421	100
50	158	86	122	0	421.599	100
52	160	88	124	0	417.928	100
54	162	90	126	0	414.432	100
56	164	92	128	0	410.964	100
58	166	94	130	0	407.521	100
60	168	96	132	0	404.045	100
62	170	98	134	0	400.569	100
64	172	100	136	0	396.987	100
66	174	102	138	0	393.085	100
68	176	104	140	0	388.618	100
70	178	106	142	0	383.569	100
72	180	108	144	0	377.985	100
74	182	110	146	0	371.955	100
76	184	112	148	0	365.548	100
78	186	114	150	0	358.947	100
80	188	116	152	0	352.389	100
82	190	118	154	0	345.924	100
84	192	120	156	0	339.472	100
86	194	122	158	0	333.033	100
88	196	124	160	0	326.66	100
90	198	126	162	0	320.237	100
92	200	128	164	0	313.563	100
94	202	130	166	0	306.414	100
96	204	132	168	0	298.747	100
98	206	134	170	0	290.609	100
100	208	136	172	0	282.03	100
102	210	138	174	0	273.167	100
104	212	140	176	0	264.337	100
106	214	142	178	0	255.983	100
108	216	144	180	0	248.335	100
110	218	146	182	0	241.463	100
112	220	148	184	0	235.389	100
114	222	150	186	0	229.967	100
116	224	152	188	0	225.027	100
118	226	154	190	0	220.447	100
120	228	156	192	0	215.967	100
122	230	158	194	0	211.575	100
124	232	160	196	0	207.388	100
126	234	162	198	0	203.347	100
128	236	164	200	0	199.39	100
130	238	166	202	0	195.588	100
132	240	168	204	0	191.965	100
134	242	170	206	0	188.571	100
136	244	172	208	0	185.329	100
138	246	174	210	0	182.028	100
140	248	176	212	0	178.768	100
142	250	178	214	0	175.513	100
144	252	180	216	0	172.252	100
146	254	182	218	0	168.978	100
148	256	184	220	0	165.793	100
150	258	186	222	0	162.928	100
152	260	188	224	0	160.507	100
154	262	190	226	0	158.593	100
156	264	192	228	0	157.155	100
158	266	194	230	0	156.344	100
160	268	196	232	0	156.216	100
162	270	198	234	0	156.664	100
164	272	200	236	0	157.448	100
166	274	202	238	0	158.394	100
168	276	204	240	0	159.494	100
170	278	206	242	0	160.562	100
172	280	208	244	0	161.526	100
30	144	68	106	0	453.041	100
32	146	70	108	0	449.21	100
34	148	72	110	0	445.556	100
36	150	74	112	0	442.04	100
38	152	76	114	0	438.608	100
40	154	78	116	0	435.256	100
42	156	80	118	0	431.926	100
44	158	82	120	0	428.602	100
46	160	84	122	0	425.244	100
48	162	86	124	0	421.932	100
50	164	88	126	0	418.613	100
52	166	90	128	0	415.325	100
54	168	92	130	0	412.031	100
56	170	94	132	0	408.611	100
58	172	96	134	0	405.024	100
60	174	98	136	0	401.226	100
62	176	100	138	0	397.044	100
64	178	102	140	0	392.383	100
66	180	104	142	0	387.105	100
68	182	106	144	0	381.237	100
70	184	108	146	0	375.015	100
72	186	110	148	0	368.677	100
74	188	112	150	0	362.371	100
76	190	114	152	0	356.205	100
78	192	116	154	0	350.28	100
80	194	118	156	0	344.629	100
82	196	120	158	0	339.149	100
84	198	122	160	0	333.708	100
86	200	124	162	0	328.132	100
88	202	126	164	0	322.283	100
90	204	128	166	0	316.09	100
92	206	130	168	0	309.408	100
94	208	132	170	0	302.119	100
96	210	134	172	0	294.181	100
98	212	136	174	0	285.69	100
100	214	138	176	0	276.833	100
102	216	140	178	0	267.958	100
104	218	142	180	0	259.485	100
106	220	144	182	0	251.64	100
108	222	146	184	0	244.47	100
110	224	148	186	0	238.029	100
112	226	150	188	0	232.161	100
114	228	152	190	0	226.693	100
116	230	154	192	0	221.59	100
118	232	156	194	0	216.68	100
120	234	158	196	0	211.945	100
122	236	160	198	0	207.462	100
124	238	162	200	0	203.286	100
126	240	164	202	0	199.373	100
128	242	166	204	0	195.817	100
130	244	168	206	0	192.635	100
132	246	170	208	0	189.745	100
134	248	172	210	0	186.941	100
136	250	174	212	0	184.312	100
138	252	176	214	0	181.643	100
140	254	178	216	0	178.783	100
142	256	180	218	0	175.705	100
144	258	182	220	0	172.458	100
146	260	184	222	0	169.146	100
148	262	186	224	0	165.993	100
150	264	188	226	0	163.191	100
152	266	190	228	0	160.94	100
154	268	192	230	0	159.336	100
156	270	194	232	0	158.406	100
158	272	196	234	0	158.155	100
160	274	198	236	0	158.499	100
162	276	200	238	0	159.255	100
164	278	202	240	0	160.161	100
166	280	204	242	0	161.169	100
30	150	70	110	0	444.528	100
32	152	72	112	0	441.752	100
34	154	74	114	0	439.026	100
36	156	76	116	0	436.251	100
38	158	78	118	0	433.425	100
40	160	80	120	0	430.614	100
42	162	82	122	0	427.774	100
44	164	84	124	0	424.844	100
46	166	86	126	0	421.797	100
48	168	88	128	0	418.707	100
50	170	90	130	0	415.527	100
52	172	92	132	0	412.19	100
54	174	94	134	0	408.636	100
56	176	96	136	0	404.683	100
58	178	98	138	0	400.34	100
60	180	100	140	0	395.464	100
62	182	102	142	0	389.996	100
64	184	104	144	0	384.082	100
66	186	106	146	0	377.921	100
68	188	108	148	0	371.737	100
70	190	110	150	0	365.78	100
72	192	112	152	0	360.126	100
74	194	114	154	0	354.807	100
76	196	116	156	0	349.87	100
78	198	118	158	0	345.2	100
80	200	120	160	0	340.578	100
82	202	122	162	0	335.801	100
84	204	124	164	0	330.792	100
86	206	126	166	0	325.424	100
88	208	128	168	0	319.609	100
90	210	130	170	0	313.173	100
92	212	132	172	0	306.01	100
94	214	134	174	0	298.116	100
96	216	136	176	0	289.577	100
98	218	138	178	0	280.63	100
100	220	140	180	0	271.619	100
102	222	142	182	0	262.954	100
104	224	144	184	0	254.819	100
106	226	146	186	0	247.281	100
108	228	148	188	0	240.361	100
110	230	150	190	0	234.004	100
112	232	152	192	0	228.055	100
114	234	154	194	0	222.467	100
116	236	156	196	0	217.175	100
118	238	158	198	0	212.164	100
120	240	160	200	0	207.543	100
122	242	162	202	0	203.342	100
124	244	164	204	0	199.576	100
126	246	166	206	0	196.339	100
128	248	168	208	0	193.533	100
130	250	170	210	0	190.962	100
132	252	172	212	0	188.722	100
134	254	174	214	0	186.59	100
136	256	176	216	0	184.329	100
138	258	178	218	0	181.862	100
140	260	180	220	0	179.023	100
142	262	182	222	0	175.77	100
144	264	184	224	0	172.27	100
146	266	186	226	0	168.902	100
148	268	188	228	0	165.887	100
150	270	190	230	0	163.466	100
152	272	192	232	0	161.705	100
154	274	194	234	0	160.631	100
156	276	196	236	0	160.286	100
158	278	198	238	0	160.534	100
160	280	200	240	0	161.203	100
30	156	72	114	0	438.13	100
32	158	74	116	0	435.947	100
34	160	76	118	0	433.729	100
36	162	78	120	0	431.405	100
38	164	80	122	0	428.976	100
40	166	82	124	0	426.469	100
42	168	84	126	0	423.808	100
44	170	86	128	0	421.007	100
46	172	88	130	0	417.978	100
48	174	90	132	0	414.739	100
50	176	92	134	0	411.213	100
52	178	94	136	0	407.298	100
54	180	96	138	0	402.91	100
56	182	98	140	0	397.962	100
58	184	100	142	0	392.467	100
60	186	102	144	0	386.638	100
62	188	104	146	0	380.702	100
64	190	106	148	0	374.915	100
66	192	108	150	0	369.414	100
68	194	110	152	0	364.279	100
70	196	112	154	0	359.576	100
72	198	114	156	0	355.253	100
74	200	116	158	0	351.208	100
76	202	118	160	0	347.216	100
78	204	120	162	0	343.129	100
80	206	122	164	0	338.865	100
82	208	124	166	0	334.296	100
84	210	126	168	0	329.245	100
86	212	128	170	0	323.56	100
88	214	130	172	0	317.152	100
90	216	132	174	0	309.964	100
92	218	134	176	0	302.035	100
94	220	136	178	0	293.412	100
96	222	138	180	0	284.305	100
98	224	140	182	0	275.098	100
100	226	142	184	0	266.178	100
102	228	144	186	0	257.705	100
104	230	146	188	0	249.719	100
106	232	148	190	0	242.332	100
108	234	150	192	0	235.496	100
110	236	152	194	0	229.123	100
112	238	154	196	0	223.186	100
114	240	156	198	0	217.578	100
116	242	158	200	0	212.397	100
118	244	160	202	0	207.774	100
120	246	162	204	0	203.709	100
122	248	164	206	0	200.169	100
124	250	166	208	0	197.19	100
126	252	168	210	0	194.609	100
128	254	170	212	0	192.51	100
130	256	172	214	0	190.665	100
132	258	174	216	0	188.885	100
134	260	176	218	0	186.945	100
136	262	178	220	0	184.639	100
138	264	180	222	0	181.852	100
140	266	182	224	0	178.653	100
142	268	184	226	0	175.201	100
144	270	186	228	0	171.768	100
146	272	188	230	0	168.638	100
148	274	190	232	0	166.055	100
150	276	192	234	0	164.165	100
152	278	194	236	0	162.974	100
154	280	196	238	0	162.511	100
30	162	74	118	0	432.656	100
32	164	76	120	0	430.823	100
34	166	78	122	0	428.836	100
36	168	80	124	0	426.723	100
38	170	82	126	0	424.473	100
40	172	84	128	0	421.999	100
42	174	86	130	0	419.234	100
44	176	88	132	0	416.175	100
46	178	90	134	0	412.766	100
48	180	92	136	0	408.984	100
50	182	94	138	0	404.708	100
52	184	96	140	0	399.866	100
54	186	98	142	0	394.624	100
56	188	100	144	0	389.116	100
58	190	102	146	0	383.601	100
60	192	104	148	0	378.269	100
62	194	106	150	0	373.252	100
64	196	108	152	0	368.716	100
66	198	110	154	0	364.601	100
68	200	112	156	0	360.766	100
70	202	114	158	0	357.111	100
72	204	116	160	0	353.615	100
74	206	118	162	0	350.139	100
76	208	120	164	0	346.482	100
78	210	122	166	0	342.499	100
80	212	124	168	0	338.093	100
82	214	126	170	0	333.128	100
84	216	128	172	0	327.468	100
86	218	130	174	0	321.015	100
88	220	132	176	0	313.755	100
90	222	134	178	0	305.707	100
92	224	136	180	0	296.965	100
94	226	138	182	0	287.706	100
96	228	140	184	0	278.245	100
98	230	142	186	0	268.996	100
100	232	144	188	0	260.128	100
102	234	146	190	0	251.739	100
104	236	148	192	0	243.928	100
106	238	150	194	0	236.694	100
108	240	152	196	0	229.986	100
110	242	154	198	0	223.787	100
112	244	156	200	0	218.051	100
114	246	158	202	0	212.837	100
116	248	160	204	0	208.295	100
118	250	162	206	0	204.449	100
120	252	164	208	0	201.169	100
122	254	166	210	0	198.366	100
124	256	168	212	0	196.157	100
126	258	170	214	0	194.389	100
128	260	172	216	0	192.823	100
130	262	174	218	0	191.194	100
132	264	176	220	0	189.256	100
134	266	178	222	0	186.983	100
136	268	180	224	0	184.312	100
138	270	182	226	0	181.258	100
140	272	184	228	0	177.873	100
142	274	186	230	0	174.455	100
144	276	188	232	0	171.307	100
146	278	190	234	0	168.648	100
148	280	192	236	0	166.64	100
30	168	76	122	0	427.248	100
32	170	78	124	0	425.551	100
34	172	80	126	0	423.679	100
36	174	82	128	0	421.571	100
38	176	84	130	0	419.135	100
40	178	86	132	0	416.352	100
42	180	88	134	0	413.216	100
44	182	90	136	0	409.697	100
46	184	92	138	0	405.713	100
48	186	94	140	0	401.305	100
50	188	96	142	0	396.513	100
52	190	98	144	0	391.56	100
54	192	100	146	0	386.643	100
56	194	102	148	0	381.879	100
58	196	104	150	0	377.443	100
60	198	106	152	0	373.386	100
62	200	108	154	0	369.665	100
64	202	110	156	0	366.236	100
66	204	112	158	0	363.003	100
68	206	114	160	0	359.843	100
70	208	116	162	0	356.733	100
72	210	118	164	0	353.535	100
74	212	120	166	0	350.048	100
76	214	122	168	0	346.151	100
78	216	124	170	0	341.742	100
80	218	126	172	0	336.754	100
82	220	128	174	0	331.065	100
84	222	130	176	0	324.571	100
86	224	132	178	0	317.208	100
88	226	134	180	0	309.04	100
90	228	136	182	0	300.125	100
92	230	138	184	0	290.653	100
94	232	140	186	0	280.92	100
96	234	142	188	0	271.304	100
98	236	144	190	0	262.065	100
100	238	146	192	0	253.311	100
102	240	148	194	0	245.177	100
104	242	150	196	0	237.661	100
106	244	152	198	0	230.729	100
108	246	154	200	0	224.42	100
110	248	156	202	0	218.684	100
112	250	158	204	0	213.576	100
114	252	160	206	0	209.228	100
116	254	162	208	0	205.611	100
118	256	164	210	0	202.522	100
120	258	166	212	0	200.113	100
122	260	168	214	0	198.193	100
124	262	170	216	0	196.556	100
126	264	172	218	0	194.993	100
128	266	174	220	0	193.343	100
130	268	176	222	0	191.402	100
132	270	178	224	0	189.138	100
134	272	180	226	0	186.509	100
136	274	182	228	0	183.483	100
138	276	184	230	0	180.209	100
140	278	186	232	0	176.891	100
142	280	188	234	0	173.772	100
30	174	78	126	0	421.369	100
32	176	80	128	0	419.626	100
34	178	82	130	0	417.601	100
36	180	84	132	0	415.217	100
38	182	86	134	0	412.476	100
40	184	88	136	0	409.38	100
42	186	90	138	0	405.966	100
44	188	92	140	0	402.255	100
46	190	94	142	0	398.215	100
48	192	96	144	0	393.991	100
50	194	98	146	0	389.771	100
52	196	100	148	0	385.689	100
54	198	102	150	0	381.845	100
56	200	104	152	0	378.218	100
58	202	106	154	0	374.785	100
60	204	108	156	0	371.621	100
62	206	110	158	0	368.664	100
64	208	112	160	0	365.83	100
66	210	114	162	0	362.973	100
68	212	116	164	0	360.01	100
70	214	118	166	0	356.861	100
72	216	120	168	0	353.377	100
74	218	122	170	0	349.472	100
76	220	124	172	0	345.038	100
78	222	126	174	0	339.983	100
80	224	128	176	0	334.243	100
82	226	130	178	0	327.695	100
84	228	132	180	0	320.251	100
86	230	134	182	0	311.925	100
88	232	136	184	0	302.8	100
90	234	138	186	0	293.055	100
92	236	140	188	0	283.009	100
94	238	142	190	0	273.078	100
96	240	144	192	0	263.512	100
98	242	146	194	0	254.477	100
100	244	148	196	0	246.129	100
102	246	150	198	0	238.466	100
104	248	152	200	0	231.464	100
106	250	154	202	0	225.174	100
108	252	156	204	0	219.566	100
110	254	158	206	0	214.702	100
112	256	160	208	0	210.62	100
114	258	162	210	0	207.199	100
116	260	164	212	0	204.483	100
118	262	166	214	0	202.319	100
120	264	168	216	0	200.48	100
122	266	170	218	0	198.851	100
124	268	172	220	0	197.23	100
126	270	174	222	0	195.475	100
128	272	176	224	0	193.447	100
130	274	178	226	0	191.104	100
132	276	180	228	0	188.414	100
134	278	182	230	0	185.404	100
136	280	184	232	0	182.172	100
30	180	80	130	0	414.578	100
32	182	82	132	0	412.706	100
34	184	84	134	0	410.54	100
36	186	86	136	0	408.119	100
38	188	88	138	0	405.502	100
40	190	90	140	0	402.671	100
42	192	92	142	0	399.596	100
44	194	94	144	0	396.328	100
46	196	96	146	0	392.935	100
48	198	98	148	0	389.571	100
50	200	100	150	0	386.246	100
52	202	102	152	0	382.984	100
54	204	104	154	0	379.881	100
56	206	106	156	0	376.925	100
58	208	108	158	0	374.129	100
60	210	110	160	0	371.427	100
62	212	112	162	0	368.703	100
64	214	114	164	0	365.915	100
66	216	116	166	0	362.984	100
68	218	118	168	0	359.81	100
70	220	120	170	0	356.281	100
72	222	122	172	0	352.326	100
74	224	124	174	0	347.864	100
76	226	126	176	0	342.789	100
78	228	128	178	0	336.97	100
80	230	130	180	0	330.33	100
82	232	132	182	0	322.776	100
84	234	134	184	0	314.284	100
86	236	136	186	0	304.906	100
88	238	138	188	0	294.855	100
90	240	140	190	0	284.504	100
92	242	142	192	0	274.301	100
94	244	144	194	0	264.517	100
96	246	146	196	0	255.314	100
98	248	148	198	0	246.853	100
100	250	150	200	0	239.176	100
102	252	152	202	0	232.27	100
104	254	154	204	0	226.157	100
106	256	156	206	0	220.818	100
108	258	158	208	0	216.264	100
110	260	160	210	0	212.438	100
112	262	162	212	0	209.375	100
114	264	164	214	0	206.842	100
116	266	166	216	0	204.788	100
118	268	168	218	0	203.003	100
120	270	170	220	0	201.305	100
122	272	172	222	0	199.521	100
124	274	174	224	0	197.576	100
126	276	176	226	0	195.378	100
128	278	178	228	0	192.887	100
130	280	180	230	0	190.098	100
30	186	82	134	0	407.458	100
32	188	84	136	0	405.955	100
34	190	86	138	0	404.343	100
36	192	88	140	0	402.557	100
38	194	90	142	0	400.549	100
40	196	92	144	0	398.34	100
42	198	94	146	0	395.913	100
44	200	96	148	0	393.27	100
46	202	98	150	0	390.447	100
48	204	100	152	0	387.601	100
50	206	102	154	0	384.768	100
52	208	104	156	0	382.001	100
54	210	106	158	0	379.302	100
56	212	108	160	0	376.62	100
58	214	110	162	0	373.943	100
60	216	112	164	0	371.219	100
62	218	114	166	0	368.386	100
64	220	116	168	0	365.434	100
66	222	118	170	0	362.251	100
68	224	120	172	0	358.692	100
70	226	122	174	0	354.71	100
72	228	124	176	0	350.216	100
74	230	126	178	0	345.097	100
76	232	128	180	0	339.216	100
78	234	130	182	0	332.45	100
80	236	132	184	0	324.729	100
82	238	134	186	0	316.024	100
84	240	136	188	0	306.385	100
86	242	138	190	0	296.05	100
88	244	140	192	0	285.444	100
90	246	142	194	0	275.039	100
92	248	144	196	0	265.129	100
94	250	146	198	0	255.87	100
96	252	148	200	0	247.446	100
98	254	150	202	0	239.909	100
100	256	152	204	0	233.238	100
102	258	154	206	0	227.476	100
104	260	156	208	0	222.498	100
106	262	158	210	0	218.198	100
108	264	160	212	0	214.713	100
110	266	162	214	0	211.918	100
112	268	164	216	0	209.57	100
114	270	166	218	0	207.542	100
116	272	168	220	0	205.671	100
118	274	170	222	0	203.796	100
120	276	172	224	0	201.815	100
122	278	174	226	0	199.638	100
124	280	176	228	0	197.204	100
30	192	84	138	0	402.448	100
32	194	86	140	0	401.835	100
34	196	88	142	0	400.996	100
36	198	90	144	0	399.85	100
38	200	92	146	0	398.359	100
40	202	94	148	0	396.463	100
42	204	96	150	0	394.248	100
44	206	98	152	0	391.857	100
46	208	100	154	0	389.306	100
48	210	102	156	0	386.697	100
50	212	104	158	0	384.039	100
52	214	106	160	0	381.34	100
54	216	108	162	0	378.646	100
56	218	110	164	0	375.94	100
58	220	112	166	0	373.174	100
60	222	114	168	0	370.315	100
62	224	116	170	0	367.328	100
64	226	118	172	0	364.152	100
66	228	120	174	0	360.609	100
68	230	122	176	0	356.614	100
70	232	124	178	0	352.081	100
72	234	126	180	0	346.896	100
74	236	128	182	0	340.924	100
76	238	130	184	0	334.016	100
78	240	132	186	0	326.071	100
80	242	134	188	0	317.104	100
82	244	136	190	0	307.223	100
84	246	138	192	0	296.677	100
86	248	140	194	0	285.886	100
88	250	142	196	0	275.366	100
90	252	144	198	0	265.424	100
92	254	146	200	0	256.256	100
94	256	148	202	0	248.027	100
96	258	150	204	0	240.782	100
98	260	152	206	0	234.505	100
100	262	154	208	0	229.126	100
102	264	156	210	0	224.443	100
104	266	158	212	0	220.562	100
106	268	160	214	0	217.413	100
108	270	162	216	0	214.817	100
110	272	164	218	0	212.534	100
112	274	166	220	0	210.443	100
114	276	168	222	0	208.382	100
116	278	170	224	0	206.283	100
118	280	172	226	0	204.068	100
30	198	86	142	0	400.743	100
32	200	88	144	0	400.634	100
34	202	90	146	0	400.021	100
36	204	92	148	0	398.93	100
38	206	94	150	0	397.394	100
40	208	96	152	0	395.471	100
42	210	98	154	0	393.255	100
44	212	100	156	0	390.828	100
46	214	102	158	0	388.221	100
48	216	104	160	0	385.527	100
50	218	106	162	0	382.785	100
52	220	108	164	0	380.044	100
54	222	110	166	0	377.321	100
56	224	112	168	0	374.55	100
58	226	114	170	0	371.695	100
60	228	116	172	0	368.721	100
62	230	118	174	0	365.532	100
64	232	120	176	0	362.012	100
66	234	122	178	0	358.025	100
68	236	124	180	0	353.447	100
70	238	126	182	0	348.172	100
72	240	128	184	0	342.056	100
74	242	130	186	0	334.955	100
76	244	132	188	0	326.777	100
78	246	134	190	0	317.56	100
80	248	136	192	0	307.462	100
82	250	138	194	0	296.765	100
84	252	140	196	0	285.908	100
86	254	142	198	0	275.383	100
88	256	144	200	0	265.547	100
90	258	146	202	0	256.608	100
92	260	148	204	0	248.718	100
94	262	150	206	0	241.883	100
96	264	152	208	0	236.006	100
98	266	154	210	0	230.983	100
100	268	156	212	0	226.803	100
102	270	158	214	0	223.317	100
104	272	160	216	0	220.408	100
106	274	162	218	0	217.91	100
108	276	164	220	0	215.589	100
110	278	166	222	0	213.348	100
112	280	168	224	0	211.083	100
30	204	88	146	0	400.747	100
32	206	90	148	0	400.451	100
34	208	92	150	0	399.602	100
36	210	94	152	0	398.221	100
38	212	96	154	0	396.359	100
40	214	98	156	0	394.157	100
42	216	100	158	0	391.691	100
44	218	102	160	0	389.063	100
46	220	104	162	0	386.318	100
48	222	106	164	0	383.56	100
50	224	108	166	0	380.822	100
52	226	110	168	0	378.109	100
54	228	112	170	0	375.376	100
56	230	114	172	0	372.553	100
58	232	116	174	0	369.604	100
60	234	118	176	0	366.445	100
62	236	120	178	0	362.908	100
64	238	122	180	0	358.908	100
66	240	124	182	0	354.285	100
68	242	126	184	0	348.886	100
70	244	128	186	0	342.582	100
72	246	130	188	0	335.249	100
74	248	132	190	0	326.846	100
76	250	134	192	0	317.432	100
78	252	136	194	0	307.181	100
80	254	138	196	0	296.423	100
82	256	140	198	0	285.597	100
84	258	142	200	0	275.232	100
86	260	144	202	0	265.649	100
88	262	146	204	0	257.037	100
90	264	148	206	0	249.557	100
92	266	150	208	0	243.188	100
94	268	152	210	0	237.734	100
96	270	154	212	0	233.242	100
98	272	156	214	0	229.481	100
100	274	158	216	0	226.285	100
102	276	160	218	0	223.545	100
104	278	162	220	0	221.047	100
106	280	164	222	0	218.603	100
30	210	90	150	0	400.651	100
32	212	92	152	0	399.828	100
34	214	94	154	0	398.419	100
36	216	96	156	0	396.517	100
38	218	98	158	0	394.278	100
40	220	100	160	0	391.782	100
42	222	102	162	0	389.131	100
44	224	104	164	0	386.437	100
46	226	106	166	0	383.71	100
48	228	108	168	0	381.022	100
50	230	110	170	0	378.362	100
52	232	112	172	0	375.674	100
54	234	114	174	0	372.91	100
56	236	116	176	0	370.009	100
58	238	118	178	0	366.862	100
60	240	120	180	0	363.319	100
62	242	122	182	0	359.253	100
64	244	124	184	0	354.539	100
66	246	126	186	0	348.997	100
68	248	128	188	0	342.475	100
70	250	130	190	0	334.918	100
72	252	132	192	0	326.324	100
74	254	134	194	0	316.787	100
76	256	136	196	0	306.495	100
78	258	138	198	0	295.776	100
80	260	140	200	0	285.117	100
82	262	142	202	0	275.013	100
84	264	144	204	0	265.779	100
86	266	146	206	0	257.611	100
88	268	148	208	0	250.627	100
90	270	150	210	0	244.694	100
92	272	152	212	0	239.802	100
94	274	154	214	0	235.768	100
96	276	156	216	0	232.339	100
98	278	158	218	0	229.345	100
100	280	160	220	0	226.65	100
30	216	92	154	0	399.207	100
32	218	94	156	0	397.747	100
34	220	96	158	0	395.824	100
36	222	98	160	0	393.573	100
38	224	100	162	0	391.112	100
40	226	102	164	0	388.536	100
42	228	104	166	0	385.908	100
44	230	106	168	0	383.288	100
46	232	108	170	0	380.679	100
48	234	110	172	0	378.101	100
50	236	112	174	0	375.489	100
52	238	114	176	0	372.783	100
54	240	116	178	0	369.925	100
56	242	118	180	0	366.785	100
58	244	120	182	0	363.208	100
60	246	122	184	0	359.06	100
62	248	124	186	0	354.182	100
64	250	126	188	0	348.452	100
66	252	128	190	0	341.751	100
68	254	130	192	0	334.023	100
70	256	132	194	0	325.31	100
72	258	134	196	0	315.744	100
74	260	136	198	0	305.512	100
76	262	138	200	0	294.959	100
78	264	140	202	0	284.546	100
80	266	142	204	0	274.811	100
82	268	144	206	0	266.065	100
84	270	146	208	0	258.418	100
86	272	148	210	0	251.889	100
88	274	150	212	0	246.521	100
90	276	152	214	0	242.106	100
92	278	154	216	0	238.435	100
94	280	156	218	0	235.256	100
30	222	94	158	0	396.19	100
32	224	96	160	0	394.303	100
34	226	98	162	0	392.134	100
36	228	100	164	0	389.775	100
38	230	102	166	0	387.313	100
40	232	104	168	0	384.816	100
42	234	106	170	0	382.309	100
44	236	108	172	0	379.837	100
46	238	110	174	0	377.352	100
48	240	112	176	0	374.83	100
50	242	114	178	0	372.181	100
52	244	116	180	0	369.343	100
54	246	118	182	0	366.197	100
56	248	120	184	0	362.549	100
58	250	122	186	0	358.264	100
60	252	124	188	0	353.215	100
62	254	126	190	0	347.296	100
64	256	128	192	0	340.452	100
66	258	130	194	0	332.654	100
68	260	132	196	0	323.923	100
70	262	134	198	0	314.401	100
72	264	136	200	0	304.328	100
74	266	138	202	0	294.052	100
76	268	140	204	0	284.04	100
78	270	142	206	0	274.784	100
80	272	144	208	0	266.553	100
82	274	146	210	0	259.394	100
84	276	148	212	0	253.452	100
86	278	150	214	0	248.573	100
88	280	152	216	0	244.502	100
30	228	96	162	0	392.063	100
32	230	98	164	0	390.035	100
34	232	100	166	0	387.832	100
36	234	102	168	0	385.526	100
38	236	104	170	0	383.186	100
40	238	106	172	0	380.834	100
42	240	108	174	0	378.485	100
44	242	110	176	0	376.139	100
46	244	112	178	0	373.693	100
48	246	114	180	0	371.099	100
50	248	116	182	0	368.262	100
52	250	118	184	0	365.053	100
54	252	120	186	0	361.302	100
56	254	122	188	0	356.867	100
58	256	124	190	0	351.66	100
60	258	126	192	0	345.618	100
62	260	128	194	0	338.69	100
64	262	130	196	0	330.878	100
66	264	132	198	0	322.222	100
68	266	134	200	0	312.869	100
70	268	136	202	0	303.086	100
72	270	138	204	0	293.209	100
74	272	140	206	0	283.685	100
76	274	142	208	0	274.966	100
78	276	144	210	0	267.217	100
80	278	146	212	0	260.647	100
82	280	148	214	0	255.19	100
30	234	98	166	0	387.343	100
32	236	100	168	0	385.33	100
34	238	102	170	0	383.217	100
36	240	104	172	0	381.053	100
38	242	106	174	0	378.865	100
40	244	108	176	0	376.673	100
42	246	110	178	0	374.433	100
44	248	112	180	0	372.081	100
46	250	114	182	0	369.504	100
48	252	116	184	0	366.64	100
50	254	118	186	0	363.345	100
52	256	120	188	0	359.454	100
54	258	122	190	0	354.9	100
56	260	124	192	0	349.59	100
58	262	126	194	0	343.474	100
60	264	128	196	0	336.533	100
62	266	130	198	0	328.788	100
64	268	132	200	0	320.333	100
66	270	134	202	0	311.299	100
68	272	136	204	0	301.908	100
70	274	138	206	0	292.509	100
72	276	140	208	0	283.527	100
74	278	142	210	0	275.307	100
76	280	144	212	0	268.133	100
30	240	100	170	0	382.312	100
32	242	102	172	0	380.406	100
34	244	104	174	0	378.442	100
36	246	106	176	0	376.432	100
38	248	108	178	0	374.378	100
40	250	110	180	0	372.249	100
42	252	112	182	0	369.945	100
44	254	114	184	0	367.391	100
46	256	116	186	0	364.462	100
48	258	118	188	0	361.069	100
50	260	120	190	0	357.072	100
52	262	122	192	0	352.41	100
54	264	124	194	0	347.039	100
56	266	126	196	0	340.941	100
58	268	128	198	0	334.094	100
60	270	130	200	0	326.553	100
62	272	132	202	0	318.393	100
64	274	134	204	0	309.759	100
66	276	136	206	0	300.87	100
68	278	138	208	0	292.014	100
70	280	140	210	0	283.53	100
30	246	102	174	0	377.127	100
32	248	104	176	0	375.365	100
34	250	106	178	0	373.52	100
36	252	108	180	0	371.604	100
38	254	110	182	0	369.559	100
40	256	112	184	0	367.294	100
42	258	114	186	0	364.715	100
44	260	116	188	0	361.733	100
46	262	118	190	0	358.238	100
48	264	120	192	0	354.159	100
50	266	122	194	0	349.465	100
52	268	124	196	0	344.13	100
54	270	126	198	0	338.138	100
56	272	128	200	0	331.51	100
58	274	130	202	0	324.265	100
60	276	132	204	0	316.499	100
62	278	134	206	0	308.353	100
64	280	136	208	0	300.028	100
30	252	104	178	0	371.817	100
32	254	106	180	0	370.139	100
34	256	108	182	0	368.342	100
36	258	110	184	0	366.365	100
38	260	112	186	0	364.112	100
40	262	114	188	0	361.48	100
42	264	116	190	0	358.42	100
44	266	118	192	0	354.898	100
46	268	120	194	0	350.811	100
48	270	122	196	0	346.174	100
50	272	124	198	0	340.961	100
52	274	126	200	0	335.183	100
54	276	128	202	0	328.86	100
56	278	130	204	0	322.019	100
58	280	132	206	0	314.728	100
30	258	106	182	0	366.284	100
32	260	108	184	0	364.583	100
34	262	110	186	0	362.638	100
36	264	112	188	0	360.354	100
38	266	114	190	0	357.695	100
40	268	116	192	0	354.625	100
42	270	118	194	0	351.117	100
44	272	120	196	0	347.128	100
46	274	122	198	0	342.621	100
48	276	124	200	0	337.635	100
50	278	126	202	0	332.168	100
52	280	128	204	0	326.27	100
30	264	108	186	0	360.282	100
32	266	110	188	0	358.341	100
34	268	112	190	0	356.07	100
36	270	114	192	0	353.424	100
38	272	116	194	0	350.415	100
40	274	118	196	0	347.001	100
42	276	120	198	0	343.164	100
44	278	122	200	0	338.915	100
46	280	124	202	0	334.257	100
30	270	110	190	0	353.55	100
32	272	112	192	0	351.319	100
34	274	114	194	0	348.751	100
36	276	116	196	0	345.848	100
38	278	118	198	0	342.617	100
40	280	120	200	0	339.044	100
30	276	112	194	0	346.149	100
32	278	114	196	0	343.726	100
34	280	116	198	0	341.039	100
0	0
