# File: DCSection_PriPro_Tra.dat
# (No specific header documentation)

-153.75	0	-3.75	217.238
-151.25	0	-3.75	212.199
-148.75	0	-3.75	208.025
-146.25	0	-3.75	217.662
-143.75	0	-3.75	194.95
-141.25	0	-3.75	221.795
-138.75	0	-3.75	202.674
-136.25	0	-3.75	208.675
-133.75	0	-3.75	215.579
-131.25	0	-3.75	205.016
-128.75	0	-3.75	217.526
-126.25	0	-3.75	212.162
-123.75	0	-3.75	217.728
-121.25	0	-3.75	214.862
-118.75	0	-3.75	215.178
-116.25	0	-3.75	206.131
-113.75	0	-3.75	218.818
-111.25	0	-3.75	205.709
-108.75	0	-3.75	217.53
-106.25	0	-3.75	215.57
-103.75	0	-3.75	206.705
-101.25	0	-3.75	217.171
-98.75	0	-3.75	204.728
-96.25	0	-3.75	217.15
-93.75	0	-3.75	202.888
-91.25	0	-3.75	221.078
-88.75	0	-3.75	205.26
-86.25	0	-3.75	217.335
-83.75	0	-3.75	215.478
-81.25	0	-3.75	206.696
-78.75	0	-3.75	217.231
-76.25	0	-3.75	206.351
-73.75	0	-3.75	215.317
-71.25	0	-3.75	213.729
-68.75	0	-3.75	217.231
-66.25	0	-3.75	212.106
-63.75	0	-3.75	217.544
-61.25	0	-3.75	215.449
-58.75	0	-3.75	206.561
-56.25	0	-3.75	216.998
-53.75	0	-3.75	204.536
-51.25	0	-3.75	216.98
-48.75	0	-3.75	202.721
-46.25	0	-3.75	220.918
-43.75	0	-3.75	205.105
-41.25	0	-3.75	217.174
-38.75	0	-3.75	215.307
-36.25	0	-3.75	206.505
-33.75	0	-3.75	217.014
-31.25	0	-3.75	206.094
-28.75	0	-3.75	215.007
-26.25	0	-3.75	213.352
-23.75	0	-3.75	216.711
-21.25	0	-3.75	211.99
-18.75	0	-3.75	208.444
-16.25	0	-3.75	216.069
-13.75	0	-3.75	205.135
-11.25	0	-3.75	213.948
-8.75	0	-3.75	212.427
-6.25	0	-3.75	204.575
-3.75	0	-3.75	215.392
-1.25	0	-3.75	193.562
1.25	0	-3.75	207.732
3.75	0	-3.75	196.429
6.25	0	-3.75	206.868
8.75	0	-3.75	201.271
11.25	0	-3.75	215.038
13.75	0	-3.75	202.045
16.25	0	-3.75	216.552
18.75	0	-3.75	200.531
21.25	0	-3.75	206.078
23.75	0	-3.75	214.859
26.25	0	-3.75	204.001
28.75	0	-3.75	206.851
31.25	0	-3.75	214.785
33.75	0	-3.75	202.838
36.25	0	-3.75	215.414
38.75	0	-3.75	210.518
41.25	0	-3.75	207.178
43.75	0	-3.75	214.876
46.25	0	-3.75	203.895
48.75	0	-3.75	215.181
51.25	0	-3.75	209.122
53.75	0	-3.75	205.719
56.25	0	-3.75	214.675
58.75	0	-3.75	203.722
61.25	0	-3.75	205.699
63.75	0	-3.75	215.473
66.25	0	-3.75	199.934
68.75	0	-3.75	205.329
71.25	0	-3.75	213.265
73.75	0	-3.75	202.87
76.25	0	-3.75	215.516
78.75	0	-3.75	210.174
81.25	0	-3.75	215.798
83.75	0	-3.75	213.802
86.25	0	-3.75	202.378
88.75	0	-3.75	218.148
91.25	0	-3.75	200.985
93.75	0	-3.75	215.622
96.25	0	-3.75	212.869
98.75	0	-3.75	205.904
101.25	0	-3.75	205.759
103.75	0	-3.75	206.824
106.25	0	-3.75	203.03
108.75	0	-3.75	215.276
111.25	0	-3.75	200.82
113.75	0	-3.75	216.072
116.25	0	-3.75	195.195
118.75	0	-3.75	215.569
121.25	0	-3.75	193.247
123.75	0	-3.75	206.88
126.25	0	-3.75	206.951
128.75	0	-3.75	191.669
131.25	0	-3.75	215.582
133.75	0	-3.75	194.311
136.25	0	-3.75	212.135
138.75	0	-3.75	206.171
141.25	0	-3.75	209.04
143.75	0	-3.75	205.242
146.25	0	-3.75	214.539
148.75	0	-3.75	193.588
151.25	0	-3.75	214.636
-150	0	-7.5	212.752
-147.5	0	-7.5	213.367
-145	0	-7.5	213.689
-142.5	0	-7.5	214.1
-140	0	-7.5	211.808
-137.5	0	-7.5	211.782
-135	0	-7.5	212.738
-132.5	0	-7.5	217.739
-130	0	-7.5	213.052
-127.5	0	-7.5	212.409
-125	0	-7.5	213.55
-122.5	0	-7.5	215.733
-120	0	-7.5	213.814
-117.5	0	-7.5	213.059
-115	0	-7.5	214.104
-112.5	0	-7.5	213.58
-110	0	-7.5	212.82
-107.5	0	-7.5	211.847
-105	0	-7.5	213.518
-102.5	0	-7.5	213.6
-100	0	-7.5	215.334
-97.5	0	-7.5	211.43
-95	0	-7.5	211.219
-92.5	0	-7.5	213.569
-90	0	-7.5	214.601
-87.5	0	-7.5	212.891
-85	0	-7.5	211.242
-82.5	0	-7.5	213.097
-80	0	-7.5	213.439
-77.5	0	-7.5	213.212
-75	0	-7.5	211.63
-72.5	0	-7.5	214.005
-70	0	-7.5	214.122
-67.5	0	-7.5	212.301
-65	0	-7.5	212.585
-62.5	0	-7.5	212.931
-60	0	-7.5	212.539
-57.5	0	-7.5	212.414
-55	0	-7.5	214.162
-52.5	0	-7.5	210.196
-50	0	-7.5	209.984
-47.5	0	-7.5	212.34
-45	0	-7.5	213.381
-42.5	0	-7.5	211.662
-40	0	-7.5	209.952
-37.5	0	-7.5	211.684
-35	0	-7.5	211.836
-32.5	0	-7.5	211.344
-30	0	-7.5	209.425
-27.5	0	-7.5	211.389
-25	0	-7.5	211.372
-22.5	0	-7.5	207.323
-20	0	-7.5	207.137
-17.5	0	-7.5	209.418
-15	0	-7.5	207.53
-12.5	0	-7.5	204.011
-10	0	-7.5	203.351
-7.5	0	-7.5	203.878
-5	0	-7.5	202.226
-2.5	0	-7.5	198.817
0	0	-7.5	198.895
2.5	0	-7.5	201.724
5	0	-7.5	202.671
7.5	0	-7.5	197.43
10	0	-7.5	196.556
12.5	0	-7.5	200.138
15	0	-7.5	204.235
17.5	0	-7.5	198.872
20	0	-7.5	197.704
22.5	0	-7.5	201.031
25	0	-7.5	200.725
27.5	0	-7.5	197.948
30	0	-7.5	199.684
32.5	0	-7.5	202.688
35	0	-7.5	199.863
37.5	0	-7.5	197.413
40	0	-7.5	198.811
42.5	0	-7.5	201.375
45	0	-7.5	201.322
47.5	0	-7.5	199.321
50	0	-7.5	196.007
52.5	0	-7.5	196.846
55	0	-7.5	199.366
57.5	0	-7.5	198.57
60	0	-7.5	197.21
62.5	0	-7.5	199.937
65	0	-7.5	196.875
67.5	0	-7.5	195.746
70	0	-7.5	199.622
72.5	0	-7.5	203.897
75	0	-7.5	199.487
77.5	0	-7.5	199.101
80	0	-7.5	201.114
82.5	0	-7.5	200.777
85	0	-7.5	201.495
87.5	0	-7.5	201.836
90	0	-7.5	201.142
92.5	0	-7.5	199.136
95	0	-7.5	199.597
97.5	0	-7.5	200.728
100	0	-7.5	199.927
102.5	0	-7.5	201.147
105	0	-7.5	201.504
107.5	0	-7.5	199.477
110	0	-7.5	198.218
112.5	0	-7.5	200.468
115	0	-7.5	202.54
117.5	0	-7.5	200.227
120	0	-7.5	196.087
122.5	0	-7.5	199.818
125	0	-7.5	200.727
127.5	0	-7.5	198.268
130	0	-7.5	196.399
132.5	0	-7.5	198.107
135	0	-7.5	200.667
137.5	0	-7.5	200.043
140	0	-7.5	197.891
142.5	0	-7.5	197.303
145	0	-7.5	200.033
147.5	0	-7.5	199.278
-146.25	0	-11.25	232.967
-143.75	0	-11.25	233.667
-141.25	0	-11.25	232.314
-138.75	0	-11.25	232.874
-136.25	0	-11.25	233.562
-133.75	0	-11.25	233.866
-131.25	0	-11.25	233.621
-128.75	0	-11.25	233.196
-126.25	0	-11.25	232.472
-123.75	0	-11.25	232.791
-121.25	0	-11.25	233.656
-118.75	0	-11.25	233.342
-116.25	0	-11.25	233.045
-113.75	0	-11.25	232.08
-111.25	0	-11.25	232.034
-108.75	0	-11.25	232.232
-106.25	0	-11.25	232.766
-103.75	0	-11.25	233.526
-101.25	0	-11.25	233.155
-98.75	0	-11.25	232.497
-96.25	0	-11.25	231.408
-93.75	0	-11.25	231.478
-91.25	0	-11.25	231.468
-88.75	0	-11.25	232.164
-86.25	0	-11.25	231.865
-83.75	0	-11.25	231.898
-81.25	0	-11.25	231.36
-78.75	0	-11.25	231.068
-76.25	0	-11.25	231.294
-73.75	0	-11.25	230.969
-71.25	0	-11.25	230.544
-68.75	0	-11.25	230.14
-66.25	0	-11.25	229.579
-63.75	0	-11.25	229.074
-61.25	0	-11.25	229.828
-58.75	0	-11.25	230.64
-56.25	0	-11.25	229.654
-53.75	0	-11.25	228.868
-51.25	0	-11.25	227.753
-48.75	0	-11.25	227.74
-46.25	0	-11.25	227.663
-43.75	0	-11.25	228.261
-41.25	0	-11.25	227.771
-38.75	0	-11.25	227.465
-36.25	0	-11.25	226.395
-33.75	0	-11.25	225.392
-31.25	0	-11.25	224.788
-28.75	0	-11.25	223.819
-26.25	0	-11.25	222.135
-23.75	0	-11.25	220.474
-21.25	0	-11.25	219.14
-18.75	0	-11.25	217.12
-16.25	0	-11.25	215.515
-13.75	0	-11.25	213.971
-11.25	0	-11.25	211.679
-8.75	0	-11.25	208.151
-6.25	0	-11.25	206.397
-3.75	0	-11.25	204.573
-1.25	0	-11.25	203.584
1.25	0	-11.25	204.086
3.75	0	-11.25	204.554
6.25	0	-11.25	201.958
8.75	0	-11.25	201.703
11.25	0	-11.25	201.614
13.75	0	-11.25	201.083
16.25	0	-11.25	200.589
18.75	0	-11.25	200.5
21.25	0	-11.25	198.915
23.75	0	-11.25	198.601
26.25	0	-11.25	199.143
28.75	0	-11.25	199.065
31.25	0	-11.25	198.202
33.75	0	-11.25	197.471
36.25	0	-11.25	196.427
38.75	0	-11.25	195.771
41.25	0	-11.25	196.105
43.75	0	-11.25	196.524
46.25	0	-11.25	195.39
48.75	0	-11.25	193.028
51.25	0	-11.25	191.306
53.75	0	-11.25	191.192
56.25	0	-11.25	193.035
58.75	0	-11.25	195.285
61.25	0	-11.25	194.661
63.75	0	-11.25	192.979
66.25	0	-11.25	193.784
68.75	0	-11.25	195.667
71.25	0	-11.25	197.483
73.75	0	-11.25	198.825
76.25	0	-11.25	198.182
78.75	0	-11.25	196.424
81.25	0	-11.25	197.536
83.75	0	-11.25	198.703
86.25	0	-11.25	198.897
88.75	0	-11.25	198.376
91.25	0	-11.25	198.551
93.75	0	-11.25	198.46
96.25	0	-11.25	199.274
98.75	0	-11.25	199.617
101.25	0	-11.25	200.845
103.75	0	-11.25	200.26
106.25	0	-11.25	199.766
108.75	0	-11.25	199.749
111.25	0	-11.25	200.515
113.75	0	-11.25	199.724
116.25	0	-11.25	201.169
118.75	0	-11.25	201.023
121.25	0	-11.25	200.878
123.75	0	-11.25	201.125
126.25	0	-11.25	201.432
128.75	0	-11.25	200.145
131.25	0	-11.25	199.8
133.75	0	-11.25	201.103
136.25	0	-11.25	200.486
138.75	0	-11.25	200.254
141.25	0	-11.25	199.658
143.75	0	-11.25	199.841
-142.5	0	-15	257.789
-140	0	-15	258.023
-137.5	0	-15	258.55
-135	0	-15	258.28
-132.5	0	-15	258.472
-130	0	-15	258.744
-127.5	0	-15	258.518
-125	0	-15	258.837
-122.5	0	-15	258.06
-120	0	-15	258.396
-117.5	0	-15	258.395
-115	0	-15	257.734
-112.5	0	-15	257.421
-110	0	-15	257.496
-107.5	0	-15	258.33
-105	0	-15	258.311
-102.5	0	-15	257.777
-100	0	-15	257.395
-97.5	0	-15	257.091
-95	0	-15	256.475
-92.5	0	-15	255.692
-90	0	-15	255.562
-87.5	0	-15	256.167
-85	0	-15	256.176
-82.5	0	-15	255.84
-80	0	-15	255.368
-77.5	0	-15	254.98
-75	0	-15	254.839
-72.5	0	-15	254.046
-70	0	-15	253.074
-67.5	0	-15	252.534
-65	0	-15	252.275
-62.5	0	-15	252.347
-60	0	-15	251.689
-57.5	0	-15	250.891
-55	0	-15	250.13
-52.5	0	-15	249.378
-50	0	-15	248.559
-47.5	0	-15	247.592
-45	0	-15	247.122
-42.5	0	-15	247.223
-40	0	-15	246.484
-37.5	0	-15	245.13
-35	0	-15	243.424
-32.5	0	-15	241.879
-30	0	-15	240.354
-27.5	0	-15	238.049
-25	0	-15	235.716
-22.5	0	-15	233.785
-20	0	-15	231.483
-17.5	0	-15	228.35
-15	0	-15	225.143
-12.5	0	-15	221.441
-10	0	-15	217.553
-7.5	0	-15	214.363
-5	0	-15	210.546
-2.5	0	-15	208.288
0	0	-15	206.944
2.5	0	-15	205.566
5	0	-15	204.35
7.5	0	-15	203.221
10	0	-15	201.789
12.5	0	-15	201.23
15	0	-15	199.283
17.5	0	-15	198.033
20	0	-15	197.281
22.5	0	-15	196.097
25	0	-15	195.242
27.5	0	-15	194.822
30	0	-15	193.896
32.5	0	-15	193.171
35	0	-15	191.849
37.5	0	-15	191.632
40	0	-15	191.07
42.5	0	-15	189.047
45	0	-15	187.616
47.5	0	-15	185.371
50	0	-15	183.486
52.5	0	-15	182.832
55	0	-15	182.494
57.5	0	-15	183.646
60	0	-15	184.817
62.5	0	-15	184.795
65	0	-15	186.688
67.5	0	-15	187.817
70	0	-15	189.219
72.5	0	-15	191.46
75	0	-15	192.119
77.5	0	-15	192.723
80	0	-15	192.676
82.5	0	-15	192.389
85	0	-15	193.341
87.5	0	-15	193.555
90	0	-15	194.255
92.5	0	-15	194.935
95	0	-15	195.328
97.5	0	-15	196.695
100	0	-15	197.289
102.5	0	-15	197.724
105	0	-15	198.215
107.5	0	-15	198.018
110	0	-15	198.131
112.5	0	-15	197.84
115	0	-15	199.129
117.5	0	-15	199.698
120	0	-15	199.728
122.5	0	-15	200.025
125	0	-15	199.792
127.5	0	-15	199.859
130	0	-15	199.375
132.5	0	-15	199.04
135	0	-15	200.008
137.5	0	-15	199.521
140	0	-15	199.175
-138.75	0	-18.75	286.442
-136.25	0	-18.75	286.6
-133.75	0	-18.75	286.912
-131.25	0	-18.75	286.94
-128.75	0	-18.75	287.172
-126.25	0	-18.75	287.008
-123.75	0	-18.75	286.781
-121.25	0	-18.75	287.169
-118.75	0	-18.75	286.801
-116.25	0	-18.75	286.341
-113.75	0	-18.75	286.222
-111.25	0	-18.75	286.324
-108.75	0	-18.75	286.474
-106.25	0	-18.75	286.176
-103.75	0	-18.75	285.691
-101.25	0	-18.75	285.223
-98.75	0	-18.75	284.813
-96.25	0	-18.75	284.499
-93.75	0	-18.75	283.738
-91.25	0	-18.75	283
-88.75	0	-18.75	282.717
-86.25	0	-18.75	282.892
-83.75	0	-18.75	282.788
-81.25	0	-18.75	282.181
-78.75	0	-18.75	281.596
-76.25	0	-18.75	281.238
-73.75	0	-18.75	280.596
-71.25	0	-18.75	279.55
-68.75	0	-18.75	278.479
-66.25	0	-18.75	277.783
-63.75	0	-18.75	276.898
-61.25	0	-18.75	275.818
-58.75	0	-18.75	274.501
-56.25	0	-18.75	273.14
-53.75	0	-18.75	272.089
-51.25	0	-18.75	271.053
-48.75	0	-18.75	269.571
-46.25	0	-18.75	268.113
-43.75	0	-18.75	266.872
-41.25	0	-18.75	265.751
-38.75	0	-18.75	264.096
-36.25	0	-18.75	261.943
-33.75	0	-18.75	259.697
-31.25	0	-18.75	257.64
-28.75	0	-18.75	255.554
-26.25	0	-18.75	253.118
-23.75	0	-18.75	250.449
-21.25	0	-18.75	247.429
-18.75	0	-18.75	243.654
-16.25	0	-18.75	239.21
-13.75	0	-18.75	234.489
-11.25	0	-18.75	229.624
-8.75	0	-18.75	224.926
-6.25	0	-18.75	220.171
-3.75	0	-18.75	215.981
-1.25	0	-18.75	212.529
1.25	0	-18.75	209.964
3.75	0	-18.75	207.316
6.25	0	-18.75	204.719
8.75	0	-18.75	202.39
11.25	0	-18.75	200.499
13.75	0	-18.75	198.387
16.25	0	-18.75	196.428
18.75	0	-18.75	194.29
21.25	0	-18.75	192.301
23.75	0	-18.75	190.968
26.25	0	-18.75	189.888
28.75	0	-18.75	188.526
31.25	0	-18.75	187.393
33.75	0	-18.75	186.666
36.25	0	-18.75	186.131
38.75	0	-18.75	184.294
41.25	0	-18.75	182.007
43.75	0	-18.75	179.615
46.25	0	-18.75	176.883
48.75	0	-18.75	174.731
51.25	0	-18.75	172.964
53.75	0	-18.75	171.479
56.25	0	-18.75	171.424
58.75	0	-18.75	172.329
61.25	0	-18.75	173.857
63.75	0	-18.75	175.893
66.25	0	-18.75	178.037
68.75	0	-18.75	180.394
71.25	0	-18.75	182.143
73.75	0	-18.75	183.8
76.25	0	-18.75	184.876
78.75	0	-18.75	185.442
81.25	0	-18.75	186.323
83.75	0	-18.75	186.771
86.25	0	-18.75	186.912
88.75	0	-18.75	187.635
91.25	0	-18.75	188.759
93.75	0	-18.75	190.558
96.25	0	-18.75	191.692
98.75	0	-18.75	192.623
101.25	0	-18.75	193.477
103.75	0	-18.75	194.389
106.25	0	-18.75	194.866
108.75	0	-18.75	195.509
111.25	0	-18.75	196.239
113.75	0	-18.75	196.769
116.25	0	-18.75	196.619
118.75	0	-18.75	197.287
121.25	0	-18.75	197.871
123.75	0	-18.75	198.113
126.25	0	-18.75	198.19
128.75	0	-18.75	197.715
131.25	0	-18.75	197.536
133.75	0	-18.75	197.642
136.25	0	-18.75	197.996
-135	0	-22.5	316.862
-132.5	0	-22.5	316.796
-130	0	-22.5	316.821
-127.5	0	-22.5	316.856
-125	0	-22.5	316.91
-122.5	0	-22.5	316.944
-120	0	-22.5	316.814
-117.5	0	-22.5	316.757
-115	0	-22.5	316.44
-112.5	0	-22.5	316.215
-110	0	-22.5	315.904
-107.5	0	-22.5	315.509
-105	0	-22.5	315.147
-102.5	0	-22.5	314.61
-100	0	-22.5	313.916
-97.5	0	-22.5	313.205
-95	0	-22.5	312.465
-92.5	0	-22.5	311.947
-90	0	-22.5	311.394
-87.5	0	-22.5	310.9
-85	0	-22.5	310.496
-82.5	0	-22.5	309.937
-80	0	-22.5	309.491
-77.5	0	-22.5	308.757
-75	0	-22.5	307.828
-72.5	0	-22.5	306.88
-70	0	-22.5	305.872
-67.5	0	-22.5	304.401
-65	0	-22.5	302.669
-62.5	0	-22.5	300.813
-60	0	-22.5	298.991
-57.5	0	-22.5	297.379
-55	0	-22.5	295.452
-52.5	0	-22.5	293.345
-50	0	-22.5	291.273
-47.5	0	-22.5	289.162
-45	0	-22.5	286.845
-42.5	0	-22.5	284.507
-40	0	-22.5	282.283
-37.5	0	-22.5	279.842
-35	0	-22.5	277.555
-32.5	0	-22.5	275.31
-30	0	-22.5	273.127
-27.5	0	-22.5	270.824
-25	0	-22.5	268.198
-22.5	0	-22.5	264.699
-20	0	-22.5	260.104
-17.5	0	-22.5	255.179
-15	0	-22.5	249.915
-12.5	0	-22.5	244.072
-10	0	-22.5	238.223
-7.5	0	-22.5	232.202
-5	0	-22.5	226.67
-2.5	0	-22.5	221.948
0	0	-22.5	217.61
2.5	0	-22.5	213.054
5	0	-22.5	209.302
7.5	0	-22.5	205.827
10	0	-22.5	202.141
12.5	0	-22.5	198.575
15	0	-22.5	195.673
17.5	0	-22.5	192.788
20	0	-22.5	190.19
22.5	0	-22.5	187.732
25	0	-22.5	185.619
27.5	0	-22.5	184.302
30	0	-22.5	183.46
32.5	0	-22.5	181.918
35	0	-22.5	180.316
37.5	0	-22.5	178.496
40	0	-22.5	176.136
42.5	0	-22.5	173.374
45	0	-22.5	170.354
47.5	0	-22.5	167.336
50	0	-22.5	164.508
52.5	0	-22.5	162.548
55	0	-22.5	161.791
57.5	0	-22.5	162.068
60	0	-22.5	163.135
62.5	0	-22.5	165.497
65	0	-22.5	168.322
67.5	0	-22.5	170.884
70	0	-22.5	173.225
72.5	0	-22.5	175.357
75	0	-22.5	177.136
77.5	0	-22.5	178.407
80	0	-22.5	179.219
82.5	0	-22.5	179.827
85	0	-22.5	180.466
87.5	0	-22.5	181.51
90	0	-22.5	182.44
92.5	0	-22.5	183.997
95	0	-22.5	185.783
97.5	0	-22.5	187.442
100	0	-22.5	188.938
102.5	0	-22.5	189.947
105	0	-22.5	191.139
107.5	0	-22.5	192.752
110	0	-22.5	193.899
112.5	0	-22.5	194.577
115	0	-22.5	194.628
117.5	0	-22.5	195.132
120	0	-22.5	196.258
122.5	0	-22.5	196.795
125	0	-22.5	196.728
127.5	0	-22.5	196.79
130	0	-22.5	196.963
132.5	0	-22.5	196.806
-131.25	0	-26.25	346.275
-128.75	0	-26.25	346.355
-126.25	0	-26.25	346.396
-123.75	0	-26.25	346.345
-121.25	0	-26.25	346.325
-118.75	0	-26.25	346.219
-116.25	0	-26.25	345.955
-113.75	0	-26.25	345.606
-111.25	0	-26.25	345.011
-108.75	0	-26.25	344.445
-106.25	0	-26.25	343.909
-103.75	0	-26.25	343.308
-101.25	0	-26.25	342.498
-98.75	0	-26.25	341.545
-96.25	0	-26.25	340.611
-93.75	0	-26.25	339.878
-91.25	0	-26.25	339.163
-88.75	0	-26.25	338.563
-86.25	0	-26.25	337.973
-83.75	0	-26.25	337.275
-81.25	0	-26.25	336.536
-78.75	0	-26.25	335.622
-76.25	0	-26.25	334.668
-73.75	0	-26.25	333.482
-71.25	0	-26.25	331.985
-68.75	0	-26.25	330.171
-66.25	0	-26.25	328.058
-63.75	0	-26.25	325.727
-61.25	0	-26.25	323.134
-58.75	0	-26.25	320.533
-56.25	0	-26.25	317.763
-53.75	0	-26.25	314.868
-51.25	0	-26.25	311.688
-48.75	0	-26.25	308.434
-46.25	0	-26.25	305.215
-43.75	0	-26.25	302.154
-41.25	0	-26.25	299.312
-38.75	0	-26.25	296.653
-36.25	0	-26.25	294.375
-33.75	0	-26.25	292.31
-31.25	0	-26.25	290.275
-28.75	0	-26.25	287.892
-26.25	0	-26.25	285.025
-23.75	0	-26.25	281.327
-21.25	0	-26.25	276.862
-18.75	0	-26.25	271.86
-16.25	0	-26.25	265.924
-13.75	0	-26.25	259.395
-11.25	0	-26.25	252.605
-8.75	0	-26.25	245.727
-6.25	0	-26.25	239.113
-3.75	0	-26.25	232.867
-1.25	0	-26.25	226.985
1.25	0	-26.25	221.413
3.75	0	-26.25	216.32
6.25	0	-26.25	211.409
8.75	0	-26.25	206.591
11.25	0	-26.25	201.564
13.75	0	-26.25	196.986
16.25	0	-26.25	193.104
18.75	0	-26.25	189.542
21.25	0	-26.25	186.479
23.75	0	-26.25	184.071
26.25	0	-26.25	182.09
28.75	0	-26.25	180.494
31.25	0	-26.25	178.715
33.75	0	-26.25	176.708
36.25	0	-26.25	174.273
38.75	0	-26.25	171.796
41.25	0	-26.25	169.111
43.75	0	-26.25	165.774
46.25	0	-26.25	162.112
48.75	0	-26.25	158.946
51.25	0	-26.25	156.542
53.75	0	-26.25	155.207
56.25	0	-26.25	154.716
58.75	0	-26.25	155.076
61.25	0	-26.25	157.193
63.75	0	-26.25	159.895
66.25	0	-26.25	162.488
68.75	0	-26.25	165.178
71.25	0	-26.25	167.548
73.75	0	-26.25	169.739
76.25	0	-26.25	171.763
78.75	0	-26.25	173.149
81.25	0	-26.25	173.775
83.75	0	-26.25	174.365
86.25	0	-26.25	175.332
88.75	0	-26.25	176.568
91.25	0	-26.25	177.872
93.75	0	-26.25	179.279
96.25	0	-26.25	181.295
98.75	0	-26.25	183.081
101.25	0	-26.25	185.171
103.75	0	-26.25	187.291
106.25	0	-26.25	189.078
108.75	0	-26.25	190.314
111.25	0	-26.25	191.623
113.75	0	-26.25	192.72
116.25	0	-26.25	193.716
118.75	0	-26.25	194.825
121.25	0	-26.25	195.582
123.75	0	-26.25	196.008
126.25	0	-26.25	196.193
128.75	0	-26.25	196.646
-127.5	0	-30	373.839
-125	0	-30	373.883
-122.5	0	-30	373.848
-120	0	-30	373.491
-117.5	0	-30	373.138
-115	0	-30	372.699
-112.5	0	-30	372.173
-110	0	-30	371.599
-107.5	0	-30	370.657
-105	0	-30	369.82
-102.5	0	-30	368.962
-100	0	-30	367.925
-97.5	0	-30	366.86
-95	0	-30	365.86
-92.5	0	-30	364.991
-90	0	-30	364.233
-87.5	0	-30	363.427
-85	0	-30	362.678
-82.5	0	-30	361.878
-80	0	-30	360.831
-77.5	0	-30	359.599
-75	0	-30	357.987
-72.5	0	-30	356.155
-70	0	-30	353.982
-67.5	0	-30	351.497
-65	0	-30	348.665
-62.5	0	-30	345.485
-60	0	-30	341.996
-57.5	0	-30	338.183
-55	0	-30	334.127
-52.5	0	-30	329.817
-50	0	-30	325.622
-47.5	0	-30	321.654
-45	0	-30	317.984
-42.5	0	-30	314.696
-40	0	-30	312.025
-37.5	0	-30	309.963
-35	0	-30	308.007
-32.5	0	-30	305.994
-30	0	-30	303.505
-27.5	0	-30	300.504
-25	0	-30	296.845
-22.5	0	-30	292.423
-20	0	-30	287.22
-17.5	0	-30	281.336
-15	0	-30	274.568
-12.5	0	-30	267.113
-10	0	-30	259.291
-7.5	0	-30	251.616
-5	0	-30	244.209
-2.5	0	-30	237.055
0	0	-30	230.227
2.5	0	-30	223.976
5	0	-30	218.014
7.5	0	-30	212.264
10	0	-30	206.403
12.5	0	-30	200.834
15	0	-30	195.772
17.5	0	-30	191.263
20	0	-30	187.52
22.5	0	-30	184.615
25	0	-30	182.113
27.5	0	-30	179.746
30	0	-30	177.294
32.5	0	-30	174.906
35	0	-30	172.434
37.5	0	-30	169.665
40	0	-30	166.488
42.5	0	-30	162.907
45	0	-30	159.248
47.5	0	-30	155.933
50	0	-30	153.13
52.5	0	-30	151.272
55	0	-30	150.303
57.5	0	-30	150.061
60	0	-30	151.196
62.5	0	-30	153.374
65	0	-30	155.98
67.5	0	-30	158.609
70	0	-30	161.042
72.5	0	-30	163.341
75	0	-30	165.541
77.5	0	-30	167.331
80	0	-30	168.709
82.5	0	-30	169.576
85	0	-30	170.229
87.5	0	-30	170.892
90	0	-30	171.972
92.5	0	-30	173.355
95	0	-30	174.962
97.5	0	-30	176.869
100	0	-30	179.379
102.5	0	-30	181.808
105	0	-30	183.893
107.5	0	-30	185.91
110	0	-30	187.855
112.5	0	-30	189.617
115	0	-30	191.351
117.5	0	-30	192.88
120	0	-30	194.139
122.5	0	-30	195.034
125	0	-30	195.584
-123.75	0	-33.75	398.29
-121.25	0	-33.75	397.817
-118.75	0	-33.75	397.318
-116.25	0	-33.75	396.826
-113.75	0	-33.75	396.295
-111.25	0	-33.75	395.52
-108.75	0	-33.75	394.531
-106.25	0	-33.75	393.597
-103.75	0	-33.75	392.536
-101.25	0	-33.75	391.486
-98.75	0	-33.75	390.276
-96.25	0	-33.75	389.133
-93.75	0	-33.75	388.198
-91.25	0	-33.75	387.345
-88.75	0	-33.75	386.425
-86.25	0	-33.75	385.367
-83.75	0	-33.75	384.41
-81.25	0	-33.75	383.443
-78.75	0	-33.75	382.026
-76.25	0	-33.75	380.005
-73.75	0	-33.75	377.718
-71.25	0	-33.75	375.189
-68.75	0	-33.75	372.386
-66.25	0	-33.75	368.99
-63.75	0	-33.75	364.961
-61.25	0	-33.75	360.701
-58.75	0	-33.75	356.021
-56.25	0	-33.75	350.939
-53.75	0	-33.75	345.594
-51.25	0	-33.75	340.545
-48.75	0	-33.75	335.999
-46.25	0	-33.75	332.084
-43.75	0	-33.75	328.754
-41.25	0	-33.75	325.965
-38.75	0	-33.75	323.856
-36.25	0	-33.75	322.085
-33.75	0	-33.75	320.095
-31.25	0	-33.75	317.473
-28.75	0	-33.75	314.401
-26.25	0	-33.75	310.741
-23.75	0	-33.75	306.298
-21.25	0	-33.75	301.09
-18.75	0	-33.75	295.033
-16.25	0	-33.75	288.247
-13.75	0	-33.75	280.738
-11.25	0	-33.75	272.434
-8.75	0	-33.75	263.646
-6.25	0	-33.75	255.086
-3.75	0	-33.75	246.829
-1.25	0	-33.75	238.792
1.25	0	-33.75	231.26
3.75	0	-33.75	224.279
6.25	0	-33.75	217.804
8.75	0	-33.75	211.663
11.25	0	-33.75	205.829
13.75	0	-33.75	200.224
16.25	0	-33.75	195.339
18.75	0	-33.75	191.235
21.25	0	-33.75	187.503
23.75	0	-33.75	184.13
26.25	0	-33.75	181.133
28.75	0	-33.75	178.216
31.25	0	-33.75	175.536
33.75	0	-33.75	172.584
36.25	0	-33.75	169.245
38.75	0	-33.75	165.834
41.25	0	-33.75	162.204
43.75	0	-33.75	158.4
46.25	0	-33.75	154.839
48.75	0	-33.75	151.778
51.25	0	-33.75	149.585
53.75	0	-33.75	148.176
56.25	0	-33.75	147.346
58.75	0	-33.75	147.702
61.25	0	-33.75	149.022
63.75	0	-33.75	151.174
66.25	0	-33.75	153.691
68.75	0	-33.75	156.017
71.25	0	-33.75	158.315
73.75	0	-33.75	160.333
76.25	0	-33.75	162.403
78.75	0	-33.75	164.127
81.25	0	-33.75	165.212
83.75	0	-33.75	166.006
86.25	0	-33.75	166.619
88.75	0	-33.75	167.226
91.25	0	-33.75	167.989
93.75	0	-33.75	169.256
96.25	0	-33.75	171.13
98.75	0	-33.75	173.307
101.25	0	-33.75	175.181
103.75	0	-33.75	177.564
106.25	0	-33.75	180.05
108.75	0	-33.75	182.741
111.25	0	-33.75	185.234
113.75	0	-33.75	187.457
116.25	0	-33.75	189.693
118.75	0	-33.75	191.46
121.25	0	-33.75	192.937
-120	0	-37.5	418.19
-117.5	0	-37.5	417.57
-115	0	-37.5	416.918
-112.5	0	-37.5	416.02
-110	0	-37.5	415.028
-107.5	0	-37.5	414.021
-105	0	-37.5	412.932
-102.5	0	-37.5	411.88
-100	0	-37.5	410.661
-97.5	0	-37.5	409.514
-95	0	-37.5	408.473
-92.5	0	-37.5	407.501
-90	0	-37.5	406.524
-87.5	0	-37.5	405.434
-85	0	-37.5	404.275
-82.5	0	-37.5	402.928
-80	0	-37.5	401.261
-77.5	0	-37.5	399.201
-75	0	-37.5	396.693
-72.5	0	-37.5	393.677
-70	0	-37.5	390.234
-67.5	0	-37.5	386.215
-65	0	-37.5	381.635
-62.5	0	-37.5	376.463
-60	0	-37.5	370.837
-57.5	0	-37.5	364.979
-55	0	-37.5	359.182
-52.5	0	-37.5	353.727
-50	0	-37.5	348.753
-47.5	0	-37.5	344.643
-45	0	-37.5	341.343
-42.5	0	-37.5	338.672
-40	0	-37.5	336.46
-37.5	0	-37.5	334.438
-35	0	-37.5	332.385
-32.5	0	-37.5	329.916
-30	0	-37.5	326.863
-27.5	0	-37.5	322.953
-25	0	-37.5	318.372
-22.5	0	-37.5	313.127
-20	0	-37.5	307.162
-17.5	0	-37.5	300.3
-15	0	-37.5	292.639
-12.5	0	-37.5	284.11
-10	0	-37.5	274.981
-7.5	0	-37.5	265.519
-5	0	-37.5	256.028
-2.5	0	-37.5	246.747
0	0	-37.5	238.03
2.5	0	-37.5	230.116
5	0	-37.5	222.967
7.5	0	-37.5	216.412
10	0	-37.5	210.591
12.5	0	-37.5	205.363
15	0	-37.5	200.631
17.5	0	-37.5	196.355
20	0	-37.5	192.351
22.5	0	-37.5	188.512
25	0	-37.5	184.899
27.5	0	-37.5	181.493
30	0	-37.5	178.159
32.5	0	-37.5	174.69
35	0	-37.5	171.04
37.5	0	-37.5	167.154
40	0	-37.5	163.181
42.5	0	-37.5	159.362
45	0	-37.5	155.66
47.5	0	-37.5	152.234
50	0	-37.5	149.633
52.5	0	-37.5	147.712
55	0	-37.5	146.415
57.5	0	-37.5	146.141
60	0	-37.5	146.76
62.5	0	-37.5	148.154
65	0	-37.5	150.17
67.5	0	-37.5	152.425
70	0	-37.5	154.478
72.5	0	-37.5	156.559
75	0	-37.5	158.559
77.5	0	-37.5	160.195
80	0	-37.5	161.508
82.5	0	-37.5	162.483
85	0	-37.5	163.05
87.5	0	-37.5	163.566
90	0	-37.5	164.223
92.5	0	-37.5	165.146
95	0	-37.5	166.117
97.5	0	-37.5	167.352
100	0	-37.5	169.15
102.5	0	-37.5	171.267
105	0	-37.5	173.572
107.5	0	-37.5	176.363
110	0	-37.5	179.173
112.5	0	-37.5	182.078
115	0	-37.5	184.908
117.5	0	-37.5	187.318
-116.25	0	-41.25	433.99
-113.75	0	-41.25	433.109
-111.25	0	-41.25	432.126
-108.75	0	-41.25	431.111
-106.25	0	-41.25	430.079
-103.75	0	-41.25	428.994
-101.25	0	-41.25	427.931
-98.75	0	-41.25	426.984
-96.25	0	-41.25	425.883
-93.75	0	-41.25	424.815
-91.25	0	-41.25	423.771
-88.75	0	-41.25	422.631
-86.25	0	-41.25	421.325
-83.75	0	-41.25	419.648
-81.25	0	-41.25	417.709
-78.75	0	-41.25	415.397
-76.25	0	-41.25	412.607
-73.75	0	-41.25	409.253
-71.25	0	-41.25	405.25
-68.75	0	-41.25	400.546
-66.25	0	-41.25	395.211
-63.75	0	-41.25	389.359
-61.25	0	-41.25	383.117
-58.75	0	-41.25	376.824
-56.25	0	-41.25	370.707
-53.75	0	-41.25	365.14
-51.25	0	-41.25	360.298
-48.75	0	-41.25	356.212
-46.25	0	-41.25	352.784
-43.75	0	-41.25	350.023
-41.25	0	-41.25	347.681
-38.75	0	-41.25	345.505
-36.25	0	-41.25	343.37
-33.75	0	-41.25	340.87
-31.25	0	-41.25	337.67
-28.75	0	-41.25	333.708
-26.25	0	-41.25	328.994
-23.75	0	-41.25	323.591
-21.25	0	-41.25	317.531
-18.75	0	-41.25	310.676
-16.25	0	-41.25	302.955
-13.75	0	-41.25	294.373
-11.25	0	-41.25	285.002
-8.75	0	-41.25	275.056
-6.25	0	-41.25	264.736
-3.75	0	-41.25	254.488
-1.25	0	-41.25	244.758
1.25	0	-41.25	235.832
3.75	0	-41.25	227.941
6.25	0	-41.25	221.046
8.75	0	-41.25	215.171
11.25	0	-41.25	210.202
13.75	0	-41.25	205.798
16.25	0	-41.25	201.656
18.75	0	-41.25	197.879
21.25	0	-41.25	194.252
23.75	0	-41.25	190.626
26.25	0	-41.25	186.833
28.75	0	-41.25	182.864
31.25	0	-41.25	178.783
33.75	0	-41.25	174.635
36.25	0	-41.25	170.46
38.75	0	-41.25	166.171
41.25	0	-41.25	161.886
43.75	0	-41.25	157.876
46.25	0	-41.25	154.349
48.75	0	-41.25	151.302
51.25	0	-41.25	148.8
53.75	0	-41.25	146.888
56.25	0	-41.25	146.069
58.75	0	-41.25	146.113
61.25	0	-41.25	146.769
63.75	0	-41.25	148.135
66.25	0	-41.25	149.907
68.75	0	-41.25	151.909
71.25	0	-41.25	153.857
73.75	0	-41.25	155.679
76.25	0	-41.25	157.2
78.75	0	-41.25	158.577
81.25	0	-41.25	159.639
83.75	0	-41.25	160.356
86.25	0	-41.25	160.972
88.75	0	-41.25	161.553
91.25	0	-41.25	162.103
93.75	0	-41.25	162.525
96.25	0	-41.25	163.208
98.75	0	-41.25	164.202
101.25	0	-41.25	165.739
103.75	0	-41.25	167.701
106.25	0	-41.25	170.075
108.75	0	-41.25	172.588
111.25	0	-41.25	175.499
113.75	0	-41.25	178.579
-112.5	0	-45	445.967
-110	0	-45	445.039
-107.5	0	-45	444.107
-105	0	-45	443.17
-102.5	0	-45	442.237
-100	0	-45	441.374
-97.5	0	-45	440.458
-95	0	-45	439.523
-92.5	0	-45	438.394
-90	0	-45	437.077
-87.5	0	-45	435.557
-85	0	-45	433.718
-82.5	0	-45	431.538
-80	0	-45	428.888
-77.5	0	-45	425.713
-75	0	-45	421.845
-72.5	0	-45	417.282
-70	0	-45	412.047
-67.5	0	-45	406.145
-65	0	-45	399.778
-62.5	0	-45	393.292
-60	0	-45	386.863
-57.5	0	-45	380.799
-55	0	-45	375.352
-52.5	0	-45	370.615
-50	0	-45	366.622
-47.5	0	-45	363.252
-45	0	-45	360.324
-42.5	0	-45	357.754
-40	0	-45	355.468
-37.5	0	-45	353.167
-35	0	-45	350.48
-32.5	0	-45	347.201
-30	0	-45	343.082
-27.5	0	-45	338.229
-25	0	-45	332.705
-22.5	0	-45	326.513
-20	0	-45	319.519
-17.5	0	-45	311.781
-15	0	-45	303.194
-12.5	0	-45	293.835
-10	0	-45	283.685
-7.5	0	-45	272.968
-5	0	-45	262.126
-2.5	0	-45	251.776
0	0	-45	242.167
2.5	0	-45	233.49
5	0	-45	226.083
7.5	0	-45	219.989
10	0	-45	214.914
12.5	0	-45	210.524
15	0	-45	206.645
17.5	0	-45	203.144
20	0	-45	199.967
22.5	0	-45	196.761
25	0	-45	193.089
27.5	0	-45	189.072
30	0	-45	184.704
32.5	0	-45	180.085
35	0	-45	175.444
37.5	0	-45	170.736
40	0	-45	166.075
42.5	0	-45	161.739
45	0	-45	157.723
47.5	0	-45	154.246
50	0	-45	151.329
52.5	0	-45	148.905
55	0	-45	147.365
57.5	0	-45	146.7
60	0	-45	146.78
62.5	0	-45	147.435
65	0	-45	148.626
67.5	0	-45	150.261
70	0	-45	152.002
72.5	0	-45	153.607
75	0	-45	155.107
77.5	0	-45	156.368
80	0	-45	157.49
82.5	0	-45	158.532
85	0	-45	159.319
87.5	0	-45	159.785
90	0	-45	159.983
92.5	0	-45	160.176
95	0	-45	160.588
97.5	0	-45	161.154
100	0	-45	161.975
102.5	0	-45	163.096
105	0	-45	164.732
107.5	0	-45	166.782
110	0	-45	169.174
-108.75	0	-48.75	455.302
-106.25	0	-48.75	454.575
-103.75	0	-48.75	453.818
-101.25	0	-48.75	453.027
-98.75	0	-48.75	452.316
-96.25	0	-48.75	451.531
-93.75	0	-48.75	450.408
-91.25	0	-48.75	449.009
-88.75	0	-48.75	447.29
-86.25	0	-48.75	445.283
-83.75	0	-48.75	442.828
-81.25	0	-48.75	439.743
-78.75	0	-48.75	436.103
-76.25	0	-48.75	431.78
-73.75	0	-48.75	426.713
-71.25	0	-48.75	420.912
-68.75	0	-48.75	414.605
-66.25	0	-48.75	408.233
-63.75	0	-48.75	401.886
-61.25	0	-48.75	395.62
-58.75	0	-48.75	389.767
-56.25	0	-48.75	384.581
-53.75	0	-48.75	380.036
-51.25	0	-48.75	376.097
-48.75	0	-48.75	372.588
-46.25	0	-48.75	369.525
-43.75	0	-48.75	366.933
-41.25	0	-48.75	364.548
-38.75	0	-48.75	361.96
-36.25	0	-48.75	358.976
-33.75	0	-48.75	355.459
-31.25	0	-48.75	351.296
-28.75	0	-48.75	346.327
-26.25	0	-48.75	340.591
-23.75	0	-48.75	334.184
-21.25	0	-48.75	327.132
-18.75	0	-48.75	319.406
-16.25	0	-48.75	310.841
-13.75	0	-48.75	301.482
-11.25	0	-48.75	291.494
-8.75	0	-48.75	280.962
-6.25	0	-48.75	270.067
-3.75	0	-48.75	259.298
-1.25	0	-48.75	249.239
1.25	0	-48.75	240.214
3.75	0	-48.75	232.272
6.25	0	-48.75	225.551
8.75	0	-48.75	219.93
11.25	0	-48.75	215.302
13.75	0	-48.75	211.511
16.25	0	-48.75	208.215
18.75	0	-48.75	205.118
21.25	0	-48.75	202.148
23.75	0	-48.75	198.983
26.25	0	-48.75	195.376
28.75	0	-48.75	191.279
31.25	0	-48.75	186.723
33.75	0	-48.75	181.836
36.25	0	-48.75	176.744
38.75	0	-48.75	171.74
41.25	0	-48.75	166.885
43.75	0	-48.75	162.438
46.25	0	-48.75	158.562
48.75	0	-48.75	155.155
51.25	0	-48.75	152.139
53.75	0	-48.75	150.026
56.25	0	-48.75	148.699
58.75	0	-48.75	147.993
61.25	0	-48.75	148.002
63.75	0	-48.75	148.533
66.25	0	-48.75	149.506
68.75	0	-48.75	150.811
71.25	0	-48.75	152.318
73.75	0	-48.75	153.63
76.25	0	-48.75	154.862
78.75	0	-48.75	156.109
81.25	0	-48.75	157.284
83.75	0	-48.75	158.183
86.25	0	-48.75	158.661
88.75	0	-48.75	158.921
91.25	0	-48.75	159.064
93.75	0	-48.75	159.254
96.25	0	-48.75	159.469
98.75	0	-48.75	159.817
101.25	0	-48.75	160.391
103.75	0	-48.75	161.291
106.25	0	-48.75	162.396
-105	0	-52.5	462.813
-102.5	0	-52.5	462.268
-100	0	-52.5	461.675
-97.5	0	-52.5	460.92
-95	0	-52.5	459.876
-92.5	0	-52.5	458.435
-90	0	-52.5	456.646
-87.5	0	-52.5	454.459
-85	0	-52.5	451.647
-82.5	0	-52.5	448.156
-80	0	-52.5	443.992
-77.5	0	-52.5	439.157
-75	0	-52.5	433.729
-72.5	0	-52.5	427.697
-70	0	-52.5	421.385
-67.5	0	-52.5	415.12
-65	0	-52.5	409.026
-62.5	0	-52.5	403.324
-60	0	-52.5	397.984
-57.5	0	-52.5	393.008
-55	0	-52.5	388.584
-52.5	0	-52.5	384.619
-50	0	-52.5	381.081
-47.5	0	-52.5	377.956
-45	0	-52.5	375.172
-42.5	0	-52.5	372.528
-40	0	-52.5	369.823
-37.5	0	-52.5	366.648
-35	0	-52.5	362.802
-32.5	0	-52.5	358.338
-30	0	-52.5	353.224
-27.5	0	-52.5	347.386
-25	0	-52.5	340.867
-22.5	0	-52.5	333.686
-20	0	-52.5	325.915
-17.5	0	-52.5	317.482
-15	0	-52.5	308.439
-12.5	0	-52.5	298.797
-10	0	-52.5	288.707
-7.5	0	-52.5	278.247
-5	0	-52.5	267.724
-2.5	0	-52.5	257.53
0	0	-52.5	248.124
2.5	0	-52.5	239.698
5	0	-52.5	232.269
7.5	0	-52.5	226.014
10	0	-52.5	220.858
12.5	0	-52.5	216.678
15	0	-52.5	213.206
17.5	0	-52.5	210.083
20	0	-52.5	207.051
22.5	0	-52.5	204.009
25	0	-52.5	200.829
27.5	0	-52.5	197.21
30	0	-52.5	193.118
32.5	0	-52.5	188.552
35	0	-52.5	183.601
37.5	0	-52.5	178.417
40	0	-52.5	173.256
42.5	0	-52.5	168.364
45	0	-52.5	164.012
47.5	0	-52.5	160.179
50	0	-52.5	156.728
52.5	0	-52.5	153.972
55	0	-52.5	151.894
57.5	0	-52.5	150.544
60	0	-52.5	149.845
62.5	0	-52.5	149.577
65	0	-52.5	149.758
67.5	0	-52.5	150.475
70	0	-52.5	151.575
72.5	0	-52.5	152.768
75	0	-52.5	154.011
77.5	0	-52.5	155.299
80	0	-52.5	156.405
82.5	0	-52.5	157.308
85	0	-52.5	158.072
87.5	0	-52.5	158.575
90	0	-52.5	158.859
92.5	0	-52.5	158.984
95	0	-52.5	158.996
97.5	0	-52.5	159.054
100	0	-52.5	159.143
102.5	0	-52.5	159.455
-101.25	0	-56.25	468.644
-98.75	0	-56.25	467.9
-96.25	0	-56.25	466.902
-93.75	0	-56.25	465.495
-91.25	0	-56.25	463.611
-88.75	0	-56.25	461.148
-86.25	0	-56.25	458.015
-83.75	0	-56.25	454.208
-81.25	0	-56.25	449.613
-78.75	0	-56.25	444.363
-76.25	0	-56.25	438.689
-73.75	0	-56.25	432.786
-71.25	0	-56.25	426.824
-68.75	0	-56.25	420.917
-66.25	0	-56.25	415.319
-63.75	0	-56.25	410.074
-61.25	0	-56.25	405.161
-58.75	0	-56.25	400.644
-56.25	0	-56.25	396.358
-53.75	0	-56.25	392.377
-51.25	0	-56.25	388.811
-48.75	0	-56.25	385.611
-46.25	0	-56.25	382.631
-43.75	0	-56.25	379.726
-41.25	0	-56.25	376.689
-38.75	0	-56.25	373.306
-36.25	0	-56.25	369.299
-33.75	0	-56.25	364.544
-31.25	0	-56.25	359.099
-28.75	0	-56.25	353.111
-26.25	0	-56.25	346.527
-23.75	0	-56.25	339.361
-21.25	0	-56.25	331.629
-18.75	0	-56.25	323.414
-16.25	0	-56.25	314.83
-13.75	0	-56.25	305.86
-11.25	0	-56.25	296.478
-8.75	0	-56.25	286.733
-6.25	0	-56.25	276.847
-3.75	0	-56.25	266.996
-1.25	0	-56.25	257.435
1.25	0	-56.25	248.448
3.75	0	-56.25	240.385
6.25	0	-56.25	233.402
8.75	0	-56.25	227.596
11.25	0	-56.25	222.763
13.75	0	-56.25	218.667
16.25	0	-56.25	215.154
18.75	0	-56.25	211.908
21.25	0	-56.25	208.718
23.75	0	-56.25	205.529
26.25	0	-56.25	202.156
28.75	0	-56.25	198.439
31.25	0	-56.25	194.418
33.75	0	-56.25	189.955
36.25	0	-56.25	185.143
38.75	0	-56.25	180.152
41.25	0	-56.25	175.204
43.75	0	-56.25	170.506
46.25	0	-56.25	166.25
48.75	0	-56.25	162.374
51.25	0	-56.25	159.128
53.75	0	-56.25	156.48
56.25	0	-56.25	154.379
58.75	0	-56.25	152.814
61.25	0	-56.25	151.783
63.75	0	-56.25	151.258
66.25	0	-56.25	151.152
68.75	0	-56.25	151.598
71.25	0	-56.25	152.525
73.75	0	-56.25	153.702
76.25	0	-56.25	154.802
78.75	0	-56.25	155.825
81.25	0	-56.25	156.833
83.75	0	-56.25	157.777
86.25	0	-56.25	158.607
88.75	0	-56.25	159.125
91.25	0	-56.25	159.377
93.75	0	-56.25	159.45
96.25	0	-56.25	159.341
98.75	0	-56.25	159.16
-97.5	0	-60	471.608
-95	0	-60	470.159
-92.5	0	-60	468.163
-90	0	-60	465.426
-87.5	0	-60	462.008
-85	0	-60	457.852
-82.5	0	-60	453.044
-80	0	-60	447.756
-77.5	0	-60	442.174
-75	0	-60	436.593
-72.5	0	-60	431.095
-70	0	-60	425.826
-67.5	0	-60	420.837
-65	0	-60	416.056
-62.5	0	-60	411.544
-60	0	-60	407.265
-57.5	0	-60	403.185
-55	0	-60	399.418
-52.5	0	-60	395.917
-50	0	-60	392.521
-47.5	0	-60	389.323
-45	0	-60	386.161
-42.5	0	-60	382.859
-40	0	-60	379.131
-37.5	0	-60	374.796
-35	0	-60	369.791
-32.5	0	-60	364.156
-30	0	-60	357.994
-27.5	0	-60	351.329
-25	0	-60	344.187
-22.5	0	-60	336.701
-20	0	-60	328.953
-17.5	0	-60	320.99
-15	0	-60	312.779
-12.5	0	-60	304.303
-10	0	-60	295.546
-7.5	0	-60	286.56
-5	0	-60	277.282
-2.5	0	-60	267.831
0	0	-60	258.595
2.5	0	-60	250.041
5	0	-60	242.375
7.5	0	-60	235.618
10	0	-60	229.904
12.5	0	-60	225.084
15	0	-60	220.89
17.5	0	-60	217.143
20	0	-60	213.562
22.5	0	-60	210.028
25	0	-60	206.546
27.5	0	-60	202.981
30	0	-60	199.152
32.5	0	-60	195.11
35	0	-60	190.85
37.5	0	-60	186.427
40	0	-60	181.899
42.5	0	-60	177.436
45	0	-60	173.098
47.5	0	-60	168.911
50	0	-60	165.309
52.5	0	-60	162.182
55	0	-60	159.422
57.5	0	-60	157.109
60	0	-60	155.239
62.5	0	-60	153.845
65	0	-60	153.012
67.5	0	-60	152.789
70	0	-60	153.081
72.5	0	-60	153.77
75	0	-60	154.649
77.5	0	-60	155.633
80	0	-60	156.694
82.5	0	-60	157.768
85	0	-60	158.759
87.5	0	-60	159.55
90	0	-60	160.108
92.5	0	-60	160.336
95	0	-60	160.273
-93.75	0	-63.75	470.237
-91.25	0	-63.75	467.343
-88.75	0	-63.75	463.688
-86.25	0	-63.75	459.337
-83.75	0	-63.75	454.536
-81.25	0	-63.75	449.523
-78.75	0	-63.75	444.434
-76.25	0	-63.75	439.383
-73.75	0	-63.75	434.499
-71.25	0	-63.75	429.91
-68.75	0	-63.75	425.494
-66.25	0	-63.75	421.203
-63.75	0	-63.75	417.045
-61.25	0	-63.75	413.024
-58.75	0	-63.75	409.241
-56.25	0	-63.75	405.645
-53.75	0	-63.75	402.087
-51.25	0	-63.75	398.704
-48.75	0	-63.75	395.368
-46.25	0	-63.75	391.936
-43.75	0	-63.75	388.292
-41.25	0	-63.75	384.2
-38.75	0	-63.75	379.52
-36.25	0	-63.75	374.239
-33.75	0	-63.75	368.373
-31.25	0	-63.75	362.047
-28.75	0	-63.75	355.395
-26.25	0	-63.75	348.515
-23.75	0	-63.75	341.411
-21.25	0	-63.75	334.224
-18.75	0	-63.75	326.997
-16.25	0	-63.75	319.706
-13.75	0	-63.75	312.275
-11.25	0	-63.75	304.563
-8.75	0	-63.75	296.486
-6.25	0	-63.75	287.956
-3.75	0	-63.75	279.069
-1.25	0	-63.75	269.969
1.25	0	-63.75	261.059
3.75	0	-63.75	252.725
6.25	0	-63.75	245.165
8.75	0	-63.75	238.423
11.25	0	-63.75	232.58
13.75	0	-63.75	227.556
16.25	0	-63.75	223.09
18.75	0	-63.75	218.943
21.25	0	-63.75	214.92
23.75	0	-63.75	210.979
26.25	0	-63.75	207.127
28.75	0	-63.75	203.33
31.25	0	-63.75	199.394
33.75	0	-63.75	195.42
36.25	0	-63.75	191.447
38.75	0	-63.75	187.507
41.25	0	-63.75	183.642
43.75	0	-63.75	179.768
46.25	0	-63.75	175.818
48.75	0	-63.75	172.153
51.25	0	-63.75	168.716
53.75	0	-63.75	165.506
56.25	0	-63.75	162.575
58.75	0	-63.75	159.952
61.25	0	-63.75	157.748
63.75	0	-63.75	156.127
66.25	0	-63.75	155.112
68.75	0	-63.75	154.583
71.25	0	-63.75	154.552
73.75	0	-63.75	155.039
76.25	0	-63.75	155.871
78.75	0	-63.75	156.869
81.25	0	-63.75	157.972
83.75	0	-63.75	159.036
86.25	0	-63.75	160.035
88.75	0	-63.75	160.861
91.25	0	-63.75	161.353
-90	0	-67.5	463.172
-87.5	0	-67.5	458.921
-85	0	-67.5	454.468
-82.5	0	-67.5	449.957
-80	0	-67.5	445.516
-77.5	0	-67.5	441.212
-75	0	-67.5	437.047
-72.5	0	-67.5	433.103
-70	0	-67.5	429.256
-67.5	0	-67.5	425.421
-65	0	-67.5	421.599
-62.5	0	-67.5	417.928
-60	0	-67.5	414.432
-57.5	0	-67.5	410.964
-55	0	-67.5	407.521
-52.5	0	-67.5	404.045
-50	0	-67.5	400.569
-47.5	0	-67.5	396.987
-45	0	-67.5	393.085
-42.5	0	-67.5	388.618
-40	0	-67.5	383.569
-37.5	0	-67.5	377.985
-35	0	-67.5	371.955
-32.5	0	-67.5	365.548
-30	0	-67.5	358.947
-27.5	0	-67.5	352.389
-25	0	-67.5	345.924
-22.5	0	-67.5	339.472
-20	0	-67.5	333.033
-17.5	0	-67.5	326.66
-15	0	-67.5	320.237
-12.5	0	-67.5	313.563
-10	0	-67.5	306.414
-7.5	0	-67.5	298.747
-5	0	-67.5	290.609
-2.5	0	-67.5	282.03
0	0	-67.5	273.167
2.5	0	-67.5	264.337
5	0	-67.5	255.983
7.5	0	-67.5	248.335
10	0	-67.5	241.463
12.5	0	-67.5	235.389
15	0	-67.5	229.967
17.5	0	-67.5	225.027
20	0	-67.5	220.447
22.5	0	-67.5	215.967
25	0	-67.5	211.575
27.5	0	-67.5	207.388
30	0	-67.5	203.347
32.5	0	-67.5	199.39
35	0	-67.5	195.588
37.5	0	-67.5	191.965
40	0	-67.5	188.571
42.5	0	-67.5	185.329
45	0	-67.5	182.028
47.5	0	-67.5	178.768
50	0	-67.5	175.513
52.5	0	-67.5	172.252
55	0	-67.5	168.978
57.5	0	-67.5	165.793
60	0	-67.5	162.928
62.5	0	-67.5	160.507
65	0	-67.5	158.593
67.5	0	-67.5	157.155
70	0	-67.5	156.344
72.5	0	-67.5	156.216
75	0	-67.5	156.664
77.5	0	-67.5	157.448
80	0	-67.5	158.394
82.5	0	-67.5	159.494
85	0	-67.5	160.562
87.5	0	-67.5	161.526
-86.25	0	-71.25	453.041
-83.75	0	-71.25	449.21
-81.25	0	-71.25	445.556
-78.75	0	-71.25	442.04
-76.25	0	-71.25	438.608
-73.75	0	-71.25	435.256
-71.25	0	-71.25	431.926
-68.75	0	-71.25	428.602
-66.25	0	-71.25	425.244
-63.75	0	-71.25	421.932
-61.25	0	-71.25	418.613
-58.75	0	-71.25	415.325
-56.25	0	-71.25	412.031
-53.75	0	-71.25	408.611
-51.25	0	-71.25	405.024
-48.75	0	-71.25	401.226
-46.25	0	-71.25	397.044
-43.75	0	-71.25	392.383
-41.25	0	-71.25	387.105
-38.75	0	-71.25	381.237
-36.25	0	-71.25	375.015
-33.75	0	-71.25	368.677
-31.25	0	-71.25	362.371
-28.75	0	-71.25	356.205
-26.25	0	-71.25	350.28
-23.75	0	-71.25	344.629
-21.25	0	-71.25	339.149
-18.75	0	-71.25	333.708
-16.25	0	-71.25	328.132
-13.75	0	-71.25	322.283
-11.25	0	-71.25	316.09
-8.75	0	-71.25	309.408
-6.25	0	-71.25	302.119
-3.75	0	-71.25	294.181
-1.25	0	-71.25	285.69
1.25	0	-71.25	276.833
3.75	0	-71.25	267.958
6.25	0	-71.25	259.485
8.75	0	-71.25	251.64
11.25	0	-71.25	244.47
13.75	0	-71.25	238.029
16.25	0	-71.25	232.161
18.75	0	-71.25	226.693
21.25	0	-71.25	221.59
23.75	0	-71.25	216.68
26.25	0	-71.25	211.945
28.75	0	-71.25	207.462
31.25	0	-71.25	203.286
33.75	0	-71.25	199.373
36.25	0	-71.25	195.817
38.75	0	-71.25	192.635
41.25	0	-71.25	189.745
43.75	0	-71.25	186.941
46.25	0	-71.25	184.312
48.75	0	-71.25	181.643
51.25	0	-71.25	178.783
53.75	0	-71.25	175.705
56.25	0	-71.25	172.458
58.75	0	-71.25	169.146
61.25	0	-71.25	165.993
63.75	0	-71.25	163.191
66.25	0	-71.25	160.94
68.75	0	-71.25	159.336
71.25	0	-71.25	158.406
73.75	0	-71.25	158.155
76.25	0	-71.25	158.499
78.75	0	-71.25	159.255
81.25	0	-71.25	160.161
83.75	0	-71.25	161.169
-82.5	0	-75	444.528
-80	0	-75	441.752
-77.5	0	-75	439.026
-75	0	-75	436.251
-72.5	0	-75	433.425
-70	0	-75	430.614
-67.5	0	-75	427.774
-65	0	-75	424.844
-62.5	0	-75	421.797
-60	0	-75	418.707
-57.5	0	-75	415.527
-55	0	-75	412.19
-52.5	0	-75	408.636
-50	0	-75	404.683
-47.5	0	-75	400.34
-45	0	-75	395.464
-42.5	0	-75	389.996
-40	0	-75	384.082
-37.5	0	-75	377.921
-35	0	-75	371.737
-32.5	0	-75	365.78
-30	0	-75	360.126
-27.5	0	-75	354.807
-25	0	-75	349.87
-22.5	0	-75	345.2
-20	0	-75	340.578
-17.5	0	-75	335.801
-15	0	-75	330.792
-12.5	0	-75	325.424
-10	0	-75	319.609
-7.5	0	-75	313.173
-5	0	-75	306.01
-2.5	0	-75	298.116
0	0	-75	289.577
2.5	0	-75	280.63
5	0	-75	271.619
7.5	0	-75	262.954
10	0	-75	254.819
12.5	0	-75	247.281
15	0	-75	240.361
17.5	0	-75	234.004
20	0	-75	228.055
22.5	0	-75	222.467
25	0	-75	217.175
27.5	0	-75	212.164
30	0	-75	207.543
32.5	0	-75	203.342
35	0	-75	199.576
37.5	0	-75	196.339
40	0	-75	193.533
42.5	0	-75	190.962
45	0	-75	188.722
47.5	0	-75	186.59
50	0	-75	184.329
52.5	0	-75	181.862
55	0	-75	179.023
57.5	0	-75	175.77
60	0	-75	172.27
62.5	0	-75	168.902
65	0	-75	165.887
67.5	0	-75	163.466
70	0	-75	161.705
72.5	0	-75	160.631
75	0	-75	160.286
77.5	0	-75	160.534
80	0	-75	161.203
-78.75	0	-78.75	438.13
-76.25	0	-78.75	435.947
-73.75	0	-78.75	433.729
-71.25	0	-78.75	431.405
-68.75	0	-78.75	428.976
-66.25	0	-78.75	426.469
-63.75	0	-78.75	423.808
-61.25	0	-78.75	421.007
-58.75	0	-78.75	417.978
-56.25	0	-78.75	414.739
-53.75	0	-78.75	411.213
-51.25	0	-78.75	407.298
-48.75	0	-78.75	402.91
-46.25	0	-78.75	397.962
-43.75	0	-78.75	392.467
-41.25	0	-78.75	386.638
-38.75	0	-78.75	380.702
-36.25	0	-78.75	374.915
-33.75	0	-78.75	369.414
-31.25	0	-78.75	364.279
-28.75	0	-78.75	359.576
-26.25	0	-78.75	355.253
-23.75	0	-78.75	351.208
-21.25	0	-78.75	347.216
-18.75	0	-78.75	343.129
-16.25	0	-78.75	338.865
-13.75	0	-78.75	334.296
-11.25	0	-78.75	329.245
-8.75	0	-78.75	323.56
-6.25	0	-78.75	317.152
-3.75	0	-78.75	309.964
-1.25	0	-78.75	302.035
1.25	0	-78.75	293.412
3.75	0	-78.75	284.305
6.25	0	-78.75	275.098
8.75	0	-78.75	266.178
11.25	0	-78.75	257.705
13.75	0	-78.75	249.719
16.25	0	-78.75	242.332
18.75	0	-78.75	235.496
21.25	0	-78.75	229.123
23.75	0	-78.75	223.186
26.25	0	-78.75	217.578
28.75	0	-78.75	212.397
31.25	0	-78.75	207.774
33.75	0	-78.75	203.709
36.25	0	-78.75	200.169
38.75	0	-78.75	197.19
41.25	0	-78.75	194.609
43.75	0	-78.75	192.51
46.25	0	-78.75	190.665
48.75	0	-78.75	188.885
51.25	0	-78.75	186.945
53.75	0	-78.75	184.639
56.25	0	-78.75	181.852
58.75	0	-78.75	178.653
61.25	0	-78.75	175.201
63.75	0	-78.75	171.768
66.25	0	-78.75	168.638
68.75	0	-78.75	166.055
71.25	0	-78.75	164.165
73.75	0	-78.75	162.974
76.25	0	-78.75	162.511
-75	0	-82.5	432.656
-72.5	0	-82.5	430.823
-70	0	-82.5	428.836
-67.5	0	-82.5	426.723
-65	0	-82.5	424.473
-62.5	0	-82.5	421.999
-60	0	-82.5	419.234
-57.5	0	-82.5	416.175
-55	0	-82.5	412.766
-52.5	0	-82.5	408.984
-50	0	-82.5	404.708
-47.5	0	-82.5	399.866
-45	0	-82.5	394.624
-42.5	0	-82.5	389.116
-40	0	-82.5	383.601
-37.5	0	-82.5	378.269
-35	0	-82.5	373.252
-32.5	0	-82.5	368.716
-30	0	-82.5	364.601
-27.5	0	-82.5	360.766
-25	0	-82.5	357.111
-22.5	0	-82.5	353.615
-20	0	-82.5	350.139
-17.5	0	-82.5	346.482
-15	0	-82.5	342.499
-12.5	0	-82.5	338.093
-10	0	-82.5	333.128
-7.5	0	-82.5	327.468
-5	0	-82.5	321.015
-2.5	0	-82.5	313.755
0	0	-82.5	305.707
2.5	0	-82.5	296.965
5	0	-82.5	287.706
7.5	0	-82.5	278.245
10	0	-82.5	268.996
12.5	0	-82.5	260.128
15	0	-82.5	251.739
17.5	0	-82.5	243.928
20	0	-82.5	236.694
22.5	0	-82.5	229.986
25	0	-82.5	223.787
27.5	0	-82.5	218.051
30	0	-82.5	212.837
32.5	0	-82.5	208.295
35	0	-82.5	204.449
37.5	0	-82.5	201.169
40	0	-82.5	198.366
42.5	0	-82.5	196.157
45	0	-82.5	194.389
47.5	0	-82.5	192.823
50	0	-82.5	191.194
52.5	0	-82.5	189.256
55	0	-82.5	186.983
57.5	0	-82.5	184.312
60	0	-82.5	181.258
62.5	0	-82.5	177.873
65	0	-82.5	174.455
67.5	0	-82.5	171.307
70	0	-82.5	168.648
72.5	0	-82.5	166.64
-71.25	0	-86.25	427.248
-68.75	0	-86.25	425.551
-66.25	0	-86.25	423.679
-63.75	0	-86.25	421.571
-61.25	0	-86.25	419.135
-58.75	0	-86.25	416.352
-56.25	0	-86.25	413.216
-53.75	0	-86.25	409.697
-51.25	0	-86.25	405.713
-48.75	0	-86.25	401.305
-46.25	0	-86.25	396.513
-43.75	0	-86.25	391.56
-41.25	0	-86.25	386.643
-38.75	0	-86.25	381.879
-36.25	0	-86.25	377.443
-33.75	0	-86.25	373.386
-31.25	0	-86.25	369.665
-28.75	0	-86.25	366.236
-26.25	0	-86.25	363.003
-23.75	0	-86.25	359.843
-21.25	0	-86.25	356.733
-18.75	0	-86.25	353.535
-16.25	0	-86.25	350.048
-13.75	0	-86.25	346.151
-11.25	0	-86.25	341.742
-8.75	0	-86.25	336.754
-6.25	0	-86.25	331.065
-3.75	0	-86.25	324.571
-1.25	0	-86.25	317.208
1.25	0	-86.25	309.04
3.75	0	-86.25	300.125
6.25	0	-86.25	290.653
8.75	0	-86.25	280.92
11.25	0	-86.25	271.304
13.75	0	-86.25	262.065
16.25	0	-86.25	253.311
18.75	0	-86.25	245.177
21.25	0	-86.25	237.661
23.75	0	-86.25	230.729
26.25	0	-86.25	224.42
28.75	0	-86.25	218.684
31.25	0	-86.25	213.576
33.75	0	-86.25	209.228
36.25	0	-86.25	205.611
38.75	0	-86.25	202.522
41.25	0	-86.25	200.113
43.75	0	-86.25	198.193
46.25	0	-86.25	196.556
48.75	0	-86.25	194.993
51.25	0	-86.25	193.343
53.75	0	-86.25	191.402
56.25	0	-86.25	189.138
58.75	0	-86.25	186.509
61.25	0	-86.25	183.483
63.75	0	-86.25	180.209
66.25	0	-86.25	176.891
68.75	0	-86.25	173.772
-67.5	0	-90	421.369
-65	0	-90	419.626
-62.5	0	-90	417.601
-60	0	-90	415.217
-57.5	0	-90	412.476
-55	0	-90	409.38
-52.5	0	-90	405.966
-50	0	-90	402.255
-47.5	0	-90	398.215
-45	0	-90	393.991
-42.5	0	-90	389.771
-40	0	-90	385.689
-37.5	0	-90	381.845
-35	0	-90	378.218
-32.5	0	-90	374.785
-30	0	-90	371.621
-27.5	0	-90	368.664
-25	0	-90	365.83
-22.5	0	-90	362.973
-20	0	-90	360.01
-17.5	0	-90	356.861
-15	0	-90	353.377
-12.5	0	-90	349.472
-10	0	-90	345.038
-7.5	0	-90	339.983
-5	0	-90	334.243
-2.5	0	-90	327.695
0	0	-90	320.251
2.5	0	-90	311.925
5	0	-90	302.8
7.5	0	-90	293.055
10	0	-90	283.009
12.5	0	-90	273.078
15	0	-90	263.512
17.5	0	-90	254.477
20	0	-90	246.129
22.5	0	-90	238.466
25	0	-90	231.464
27.5	0	-90	225.174
30	0	-90	219.566
32.5	0	-90	214.702
35	0	-90	210.62
37.5	0	-90	207.199
40	0	-90	204.483
42.5	0	-90	202.319
45	0	-90	200.48
47.5	0	-90	198.851
50	0	-90	197.23
52.5	0	-90	195.475
55	0	-90	193.447
57.5	0	-90	191.104
60	0	-90	188.414
62.5	0	-90	185.404
65	0	-90	182.172
-63.75	0	-93.75	414.578
-61.25	0	-93.75	412.706
-58.75	0	-93.75	410.54
-56.25	0	-93.75	408.119
-53.75	0	-93.75	405.502
-51.25	0	-93.75	402.671
-48.75	0	-93.75	399.596
-46.25	0	-93.75	396.328
-43.75	0	-93.75	392.935
-41.25	0	-93.75	389.571
-38.75	0	-93.75	386.246
-36.25	0	-93.75	382.984
-33.75	0	-93.75	379.881
-31.25	0	-93.75	376.925
-28.75	0	-93.75	374.129
-26.25	0	-93.75	371.427
-23.75	0	-93.75	368.703
-21.25	0	-93.75	365.915
-18.75	0	-93.75	362.984
-16.25	0	-93.75	359.81
-13.75	0	-93.75	356.281
-11.25	0	-93.75	352.326
-8.75	0	-93.75	347.864
-6.25	0	-93.75	342.789
-3.75	0	-93.75	336.97
-1.25	0	-93.75	330.33
1.25	0	-93.75	322.776
3.75	0	-93.75	314.284
6.25	0	-93.75	304.906
8.75	0	-93.75	294.855
11.25	0	-93.75	284.504
13.75	0	-93.75	274.301
16.25	0	-93.75	264.517
18.75	0	-93.75	255.314
21.25	0	-93.75	246.853
23.75	0	-93.75	239.176
26.25	0	-93.75	232.27
28.75	0	-93.75	226.157
31.25	0	-93.75	220.818
33.75	0	-93.75	216.264
36.25	0	-93.75	212.438
38.75	0	-93.75	209.375
41.25	0	-93.75	206.842
43.75	0	-93.75	204.788
46.25	0	-93.75	203.003
48.75	0	-93.75	201.305
51.25	0	-93.75	199.521
53.75	0	-93.75	197.576
56.25	0	-93.75	195.378
58.75	0	-93.75	192.887
61.25	0	-93.75	190.098
-60	0	-97.5	407.458
-57.5	0	-97.5	405.955
-55	0	-97.5	404.343
-52.5	0	-97.5	402.557
-50	0	-97.5	400.549
-47.5	0	-97.5	398.34
-45	0	-97.5	395.913
-42.5	0	-97.5	393.27
-40	0	-97.5	390.447
-37.5	0	-97.5	387.601
-35	0	-97.5	384.768
-32.5	0	-97.5	382.001
-30	0	-97.5	379.302
-27.5	0	-97.5	376.62
-25	0	-97.5	373.943
-22.5	0	-97.5	371.219
-20	0	-97.5	368.386
-17.5	0	-97.5	365.434
-15	0	-97.5	362.251
-12.5	0	-97.5	358.692
-10	0	-97.5	354.71
-7.5	0	-97.5	350.216
-5	0	-97.5	345.097
-2.5	0	-97.5	339.216
0	0	-97.5	332.45
2.5	0	-97.5	324.729
5	0	-97.5	316.024
7.5	0	-97.5	306.385
10	0	-97.5	296.05
12.5	0	-97.5	285.444
15	0	-97.5	275.039
17.5	0	-97.5	265.129
20	0	-97.5	255.87
22.5	0	-97.5	247.446
25	0	-97.5	239.909
27.5	0	-97.5	233.238
30	0	-97.5	227.476
32.5	0	-97.5	222.498
35	0	-97.5	218.198
37.5	0	-97.5	214.713
40	0	-97.5	211.918
42.5	0	-97.5	209.57
45	0	-97.5	207.542
47.5	0	-97.5	205.671
50	0	-97.5	203.796
52.5	0	-97.5	201.815
55	0	-97.5	199.638
57.5	0	-97.5	197.204
-56.25	0	-101.25	402.448
-53.75	0	-101.25	401.835
-51.25	0	-101.25	400.996
-48.75	0	-101.25	399.85
-46.25	0	-101.25	398.359
-43.75	0	-101.25	396.463
-41.25	0	-101.25	394.248
-38.75	0	-101.25	391.857
-36.25	0	-101.25	389.306
-33.75	0	-101.25	386.697
-31.25	0	-101.25	384.039
-28.75	0	-101.25	381.34
-26.25	0	-101.25	378.646
-23.75	0	-101.25	375.94
-21.25	0	-101.25	373.174
-18.75	0	-101.25	370.315
-16.25	0	-101.25	367.328
-13.75	0	-101.25	364.152
-11.25	0	-101.25	360.609
-8.75	0	-101.25	356.614
-6.25	0	-101.25	352.081
-3.75	0	-101.25	346.896
-1.25	0	-101.25	340.924
1.25	0	-101.25	334.016
3.75	0	-101.25	326.071
6.25	0	-101.25	317.104
8.75	0	-101.25	307.223
11.25	0	-101.25	296.677
13.75	0	-101.25	285.886
16.25	0	-101.25	275.366
18.75	0	-101.25	265.424
21.25	0	-101.25	256.256
23.75	0	-101.25	248.027
26.25	0	-101.25	240.782
28.75	0	-101.25	234.505
31.25	0	-101.25	229.126
33.75	0	-101.25	224.443
36.25	0	-101.25	220.562
38.75	0	-101.25	217.413
41.25	0	-101.25	214.817
43.75	0	-101.25	212.534
46.25	0	-101.25	210.443
48.75	0	-101.25	208.382
51.25	0	-101.25	206.283
53.75	0	-101.25	204.068
-52.5	0	-105	400.743
-50	0	-105	400.634
-47.5	0	-105	400.021
-45	0	-105	398.93
-42.5	0	-105	397.394
-40	0	-105	395.471
-37.5	0	-105	393.255
-35	0	-105	390.828
-32.5	0	-105	388.221
-30	0	-105	385.527
-27.5	0	-105	382.785
-25	0	-105	380.044
-22.5	0	-105	377.321
-20	0	-105	374.55
-17.5	0	-105	371.695
-15	0	-105	368.721
-12.5	0	-105	365.532
-10	0	-105	362.012
-7.5	0	-105	358.025
-5	0	-105	353.447
-2.5	0	-105	348.172
0	0	-105	342.056
2.5	0	-105	334.955
5	0	-105	326.777
7.5	0	-105	317.56
10	0	-105	307.462
12.5	0	-105	296.765
15	0	-105	285.908
17.5	0	-105	275.383
20	0	-105	265.547
22.5	0	-105	256.608
25	0	-105	248.718
27.5	0	-105	241.883
30	0	-105	236.006
32.5	0	-105	230.983
35	0	-105	226.803
37.5	0	-105	223.317
40	0	-105	220.408
42.5	0	-105	217.91
45	0	-105	215.589
47.5	0	-105	213.348
50	0	-105	211.083
-48.75	0	-108.75	400.747
-46.25	0	-108.75	400.451
-43.75	0	-108.75	399.602
-41.25	0	-108.75	398.221
-38.75	0	-108.75	396.359
-36.25	0	-108.75	394.157
-33.75	0	-108.75	391.691
-31.25	0	-108.75	389.063
-28.75	0	-108.75	386.318
-26.25	0	-108.75	383.56
-23.75	0	-108.75	380.822
-21.25	0	-108.75	378.109
-18.75	0	-108.75	375.376
-16.25	0	-108.75	372.553
-13.75	0	-108.75	369.604
-11.25	0	-108.75	366.445
-8.75	0	-108.75	362.908
-6.25	0	-108.75	358.908
-3.75	0	-108.75	354.285
-1.25	0	-108.75	348.886
1.25	0	-108.75	342.582
3.75	0	-108.75	335.249
6.25	0	-108.75	326.846
8.75	0	-108.75	317.432
11.25	0	-108.75	307.181
13.75	0	-108.75	296.423
16.25	0	-108.75	285.597
18.75	0	-108.75	275.232
21.25	0	-108.75	265.649
23.75	0	-108.75	257.037
26.25	0	-108.75	249.557
28.75	0	-108.75	243.188
31.25	0	-108.75	237.734
33.75	0	-108.75	233.242
36.25	0	-108.75	229.481
38.75	0	-108.75	226.285
41.25	0	-108.75	223.545
43.75	0	-108.75	221.047
46.25	0	-108.75	218.603
-45	0	-112.5	400.651
-42.5	0	-112.5	399.828
-40	0	-112.5	398.419
-37.5	0	-112.5	396.517
-35	0	-112.5	394.278
-32.5	0	-112.5	391.782
-30	0	-112.5	389.131
-27.5	0	-112.5	386.437
-25	0	-112.5	383.71
-22.5	0	-112.5	381.022
-20	0	-112.5	378.362
-17.5	0	-112.5	375.674
-15	0	-112.5	372.91
-12.5	0	-112.5	370.009
-10	0	-112.5	366.862
-7.5	0	-112.5	363.319
-5	0	-112.5	359.253
-2.5	0	-112.5	354.539
0	0	-112.5	348.997
2.5	0	-112.5	342.475
5	0	-112.5	334.918
7.5	0	-112.5	326.324
10	0	-112.5	316.787
12.5	0	-112.5	306.495
15	0	-112.5	295.776
17.5	0	-112.5	285.117
20	0	-112.5	275.013
22.5	0	-112.5	265.779
25	0	-112.5	257.611
27.5	0	-112.5	250.627
30	0	-112.5	244.694
32.5	0	-112.5	239.802
35	0	-112.5	235.768
37.5	0	-112.5	232.339
40	0	-112.5	229.345
42.5	0	-112.5	226.65
-41.25	0	-116.25	399.207
-38.75	0	-116.25	397.747
-36.25	0	-116.25	395.824
-33.75	0	-116.25	393.573
-31.25	0	-116.25	391.112
-28.75	0	-116.25	388.536
-26.25	0	-116.25	385.908
-23.75	0	-116.25	383.288
-21.25	0	-116.25	380.679
-18.75	0	-116.25	378.101
-16.25	0	-116.25	375.489
-13.75	0	-116.25	372.783
-11.25	0	-116.25	369.925
-8.75	0	-116.25	366.785
-6.25	0	-116.25	363.208
-3.75	0	-116.25	359.06
-1.25	0	-116.25	354.182
1.25	0	-116.25	348.452
3.75	0	-116.25	341.751
6.25	0	-116.25	334.023
8.75	0	-116.25	325.31
11.25	0	-116.25	315.744
13.75	0	-116.25	305.512
16.25	0	-116.25	294.959
18.75	0	-116.25	284.546
21.25	0	-116.25	274.811
23.75	0	-116.25	266.065
26.25	0	-116.25	258.418
28.75	0	-116.25	251.889
31.25	0	-116.25	246.521
33.75	0	-116.25	242.106
36.25	0	-116.25	238.435
38.75	0	-116.25	235.256
-37.5	0	-120	396.19
-35	0	-120	394.303
-32.5	0	-120	392.134
-30	0	-120	389.775
-27.5	0	-120	387.313
-25	0	-120	384.816
-22.5	0	-120	382.309
-20	0	-120	379.837
-17.5	0	-120	377.352
-15	0	-120	374.83
-12.5	0	-120	372.181
-10	0	-120	369.343
-7.5	0	-120	366.197
-5	0	-120	362.549
-2.5	0	-120	358.264
0	0	-120	353.215
2.5	0	-120	347.296
5	0	-120	340.452
7.5	0	-120	332.654
10	0	-120	323.923
12.5	0	-120	314.401
15	0	-120	304.328
17.5	0	-120	294.052
20	0	-120	284.04
22.5	0	-120	274.784
25	0	-120	266.553
27.5	0	-120	259.394
30	0	-120	253.452
32.5	0	-120	248.573
35	0	-120	244.502
-33.75	0	-123.75	392.063
-31.25	0	-123.75	390.035
-28.75	0	-123.75	387.832
-26.25	0	-123.75	385.526
-23.75	0	-123.75	383.186
-21.25	0	-123.75	380.834
-18.75	0	-123.75	378.485
-16.25	0	-123.75	376.139
-13.75	0	-123.75	373.693
-11.25	0	-123.75	371.099
-8.75	0	-123.75	368.262
-6.25	0	-123.75	365.053
-3.75	0	-123.75	361.302
-1.25	0	-123.75	356.867
1.25	0	-123.75	351.66
3.75	0	-123.75	345.618
6.25	0	-123.75	338.69
8.75	0	-123.75	330.878
11.25	0	-123.75	322.222
13.75	0	-123.75	312.869
16.25	0	-123.75	303.086
18.75	0	-123.75	293.209
21.25	0	-123.75	283.685
23.75	0	-123.75	274.966
26.25	0	-123.75	267.217
28.75	0	-123.75	260.647
31.25	0	-123.75	255.19
-30	0	-127.5	387.343
-27.5	0	-127.5	385.33
-25	0	-127.5	383.217
-22.5	0	-127.5	381.053
-20	0	-127.5	378.865
-17.5	0	-127.5	376.673
-15	0	-127.5	374.433
-12.5	0	-127.5	372.081
-10	0	-127.5	369.504
-7.5	0	-127.5	366.64
-5	0	-127.5	363.345
-2.5	0	-127.5	359.454
0	0	-127.5	354.9
2.5	0	-127.5	349.59
5	0	-127.5	343.474
7.5	0	-127.5	336.533
10	0	-127.5	328.788
12.5	0	-127.5	320.333
15	0	-127.5	311.299
17.5	0	-127.5	301.908
20	0	-127.5	292.509
22.5	0	-127.5	283.527
25	0	-127.5	275.307
27.5	0	-127.5	268.133
-26.25	0	-131.25	382.312
-23.75	0	-131.25	380.406
-21.25	0	-131.25	378.442
-18.75	0	-131.25	376.432
-16.25	0	-131.25	374.378
-13.75	0	-131.25	372.249
-11.25	0	-131.25	369.945
-8.75	0	-131.25	367.391
-6.25	0	-131.25	364.462
-3.75	0	-131.25	361.069
-1.25	0	-131.25	357.072
1.25	0	-131.25	352.41
3.75	0	-131.25	347.039
6.25	0	-131.25	340.941
8.75	0	-131.25	334.094
11.25	0	-131.25	326.553
13.75	0	-131.25	318.393
16.25	0	-131.25	309.759
18.75	0	-131.25	300.87
21.25	0	-131.25	292.014
23.75	0	-131.25	283.53
-22.5	0	-135	377.127
-20	0	-135	375.365
-17.5	0	-135	373.52
-15	0	-135	371.604
-12.5	0	-135	369.559
-10	0	-135	367.294
-7.5	0	-135	364.715
-5	0	-135	361.733
-2.5	0	-135	358.238
0	0	-135	354.159
2.5	0	-135	349.465
5	0	-135	344.13
7.5	0	-135	338.138
10	0	-135	331.51
12.5	0	-135	324.265
15	0	-135	316.499
17.5	0	-135	308.353
20	0	-135	300.028
-18.75	0	-138.75	371.817
-16.25	0	-138.75	370.139
-13.75	0	-138.75	368.342
-11.25	0	-138.75	366.365
-8.75	0	-138.75	364.112
-6.25	0	-138.75	361.48
-3.75	0	-138.75	358.42
-1.25	0	-138.75	354.898
1.25	0	-138.75	350.811
3.75	0	-138.75	346.174
6.25	0	-138.75	340.961
8.75	0	-138.75	335.183
11.25	0	-138.75	328.86
13.75	0	-138.75	322.019
16.25	0	-138.75	314.728
-15	0	-142.5	366.284
-12.5	0	-142.5	364.583
-10	0	-142.5	362.638
-7.5	0	-142.5	360.354
-5	0	-142.5	357.695
-2.5	0	-142.5	354.625
0	0	-142.5	351.117
2.5	0	-142.5	347.128
5	0	-142.5	342.621
7.5	0	-142.5	337.635
10	0	-142.5	332.168
12.5	0	-142.5	326.27
-11.25	0	-146.25	360.282
-8.75	0	-146.25	358.341
-6.25	0	-146.25	356.07
-3.75	0	-146.25	353.424
-1.25	0	-146.25	350.415
1.25	0	-146.25	347.001
3.75	0	-146.25	343.164
6.25	0	-146.25	338.915
8.75	0	-146.25	334.257
-7.5	0	-150	353.55
-5	0	-150	351.319
-2.5	0	-150	348.751
0	0	-150	345.848
2.5	0	-150	342.617
5	0	-150	339.044
-3.75	0	-153.75	346.149
-1.25	0	-153.75	343.726
1.25	0	-153.75	341.039
