# File: UnstructuredGrid_Inversion_L0_Coarse_Iter05.dat
# (No specific header documentation)

-158.75	-0.496475	191.572	0	
-156.875	-0.668155	241.601	0	
-60.625	-0.431516	198.526	0	
36.875	-0.431516	218.402	0	
-228.198	-124.523	308.405	0	
135.625	-0.668155	224.466	0	
38.125	-0.668155	220.406	0	
-169.883	-44.1849	568.311	0	
-59.375	-0.668155	204.351	0	
-115.32	-2.91409	178.802	0	
-208.422	-34.2476	397.111	0	
-85.9973	-2.80091	185.211	0	
-161.562	-31.1528	681.707	0	
-162.282	-23.9451	592.323	0	
-110.104	-1.86538	171.057	0	
-135.637	-38.619	898.3	0	
-61.354	-1.86538	197.218	0	
-135.104	-1.86538	176.351	0	
-148.497	-8.59138	378.719	0	
-146.25	-1.09967	197.326	0	
-142.708	-2.72654	194.152	0	
-143.958	-2.01633	191.873	0	
-129.845	-3.05088	196.015	0	
-151.594	-4.85908	259.423	0	
-155.208	-2.01633	245.967	0	
-146.05	-12.2522	509.151	0	
-152.292	-2.72654	231.126	0	
-159.95	-16.471	538.168	0	
134.375	-0.431516	204.434	0	
-17.8202	-2.91409	196	0	
-156.27	-3.86216	240.003	0	
-41.4583	-2.01633	189.728	0	
-154.792	-2.72654	229.906	0	
-153.542	-3.47328	237.424	0	
-12.604	-1.86538	197.008	0	
-148.795	-2.8545	228.059	0	
36.146	-1.86538	214.44	0	
-37.604	-1.86538	182.974	0	
-170.813	-2.26882	402.355	0	
-48.75	-1.09967	188.897	0	
-166.927	-1.72974	321.403	0	
-163.743	-2.99807	299.142	0	
-57.2917	-2.72654	201.072	0	
-165.769	-3.46425	356.427	0	
-56.0417	-3.47328	200.747	0	
-157.576	-8.14551	363.835	0	
-54.7917	-2.72654	197.763	0	
-63.125	-0.36089	197.139	0	
-162.675	-0.60932	273.376	0	
-82.5	-1.09967	174.912	0	
-60.5207	-2.1669	198.147	0	
-155	-1.09967	199.672	0	
-75.5207	-2.1669	193.918	0	
-160.875	-0.935418	237.896	0	
-65.625	-0.431516	197.259	0	
85.625	-0.668155	185.141	0	
-154.375	-0.668155	263.642	0	
61.875	-0.668155	218.025	0	
-151.875	-0.668155	258.764	0	
-151.25	-1.09967	229.976	0	
44.7917	-2.01633	211.006	0	
-153.125	-0.431516	250.237	0	
56.0417	-2.01633	207.611	0	
-155.625	-0.431516	238.694	0	
78.4298	-2.91409	206.506	0	
-161.767	-1.54474	292.502	0	
-55	-1.09967	190.13	0	
-150.625	-0.431516	245.07	0	
-152.5	-1.09967	202.092	0	
37.2915	-5.36053	219.193	0	
-148.125	-0.366631	228.33	0	
37.2841	-3.06466	215.317	0	
-145.625	-0.668155	237.521	0	
-146.875	-0.431516	224.983	0	
43.125	-0.668155	219.955	0	
38.9583	-2.01633	212.71	0	
-144.375	-0.431516	212.282	0	
34.375	-0.36089	215.23	0	
-141.875	-0.431516	205.467	0	
-140.625	-0.668155	215.535	0	
31.875	-0.431516	214.454	0	
-141.25	-1.09967	192.692	0	
40	-1.09967	201.232	0	
-145	-1.09967	159.595	0	
40.625	-0.668155	219.504	0	
15	-1.09967	188.187	0	
-133.75	-1.09967	165.869	0	
140.625	-3.34884	208.609	0	
-134.375	-0.431516	186.051	0	
-133.125	-0.668155	206.552	0	
144.345	-3.52006	216.27	0	
-135.625	-0.366631	197.851	0	
148.422	-2.00504	216.495	0	
138.422	-2.00504	208.284	0	
-131.875	-0.431516	180.158	0	
136.756	-2.06993	205.593	0	
-125	-1.09967	184.412	0	
-128.75	-1.09967	173.24	0	
138.125	-0.366631	214.946	0	
-131.25	-0.798148	181.201	0	
139.375	-0.668155	210.943	0	
-132.5	-1.09967	170.382	0	
145.625	-0.668155	233.791	0	
-140	-1.09967	162.509	0	
21.9793	-2.1669	199.915	0	
129.375	-0.431516	195.876	0	
-125.625	-0.431516	185.22	0	
111.25	-1.09967	186.133	0	
-123.75	-1.09967	186.657	0	
-122.5	-0.798148	178.214	0	
-111.875	-0.36089	167.985	0	
-117.604	-1.86538	172.489	0	
119.479	-2.1669	195.219	0	
-120.881	-3.06027	188.819	0	
-118.125	-0.366631	178.11	0	
-99.4045	-3.52006	189.773	0	
-115.625	-0.668155	177.564	0	
-110	-0.798148	177.981	0	
-88.125	-0.668155	172.189	0	
-116.875	-0.431516	169.424	0	
-123.125	-0.431516	185.573	0	
-116.25	-1.09967	171.409	0	
-114.375	-0.431516	170.886	0	
-98.125	-0.668155	173.728	0	
-108.75	-1.09967	169.97	0	
-104.375	-0.668155	172.598	0	
-109.375	-0.431516	169.989	0	
-108.125	-0.668155	175.234	0	
-106.994	-2.06993	174.407	0	
-110.625	-0.366631	170.585	0	
-109.271	-2.1669	173.144	0	
-136.875	-0.36089	191.021	0	
-106.875	-0.431516	168.856	0	
-134.068	-5.08295	235.637	0	
-98.75	-1.09967	177.935	0	
-103.75	-1.09967	176.152	0	
-124.375	-0.668155	175.772	0	
-106.25	-0.798148	171.226	0	
-139.375	-0.431516	194.796	0	
-107.5	-1.09967	173.755	0	
-105.625	-0.366631	171.012	0	
-115	-1.09967	176.693	0	
-105.328	-2.00504	169.447	0	
-126.875	-0.366631	175.365	0	
131.875	-0.36089	201.283	0	
-103.125	-0.431516	175.244	0	
49.375	-0.668155	214.088	0	
-129.375	-0.668155	177.723	0	
-100.625	-0.366631	173.788	0	
-130.625	-0.366631	187.552	0	
-90.104	-1.86538	175.822	0	
-99.375	-0.431516	174.332	0	
-131.994	-2.06993	181.009	0	
-147.589	-1.76841	211.437	0	
-96.875	-0.431516	171.932	0	
-135	-0.798148	189.628	0	
-94.375	-0.668155	175.992	0	
-88.75	-1.09967	176.926	0	
-146.756	-2.06993	211.379	0	
-96.25	-0.798148	170.092	0	
-146.468	-2.99641	210.7	0	
-97.5	-1.09967	178.882	0	
-149.375	-0.668155	238.968	0	
-144.792	-2.01633	215.735	0	
-89.375	-0.431516	175.574	0	
-153.75	-1.09967	240.105	0	
-87.5	-1.09967	183.578	0	
-86.875	-0.431516	177.242	0	
-153.542	-2.01633	231.374	0	
-68.854	-1.86538	193.422	0	
-143.75	-1.09967	207.429	0	
-147.5	-0.798148	195.436	0	
-83.125	-0.431516	177.088	0	
-150	-1.09967	198.663	0	
-81.25	-1.09967	181.389	0	
-80.625	-0.431516	181.248	0	
-156.25	-1.09967	236.003	0	
-76.354	-1.86538	184.521	0	
-151.042	-2.01633	227.2	0	
-83.75	-0.798148	180.913	0	
-152.708	-2.01633	246.072	0	
-90.625	-0.366631	169.165	0	
-143.125	-0.668155	214.212	0	
-14.375	-0.36089	202.102	0	
-75.625	-0.431516	186.884	0	
-23.3807	-3.06027	208.93	0	
-68.75	-0.798148	197.294	0	
-73.75	-1.09967	186.584	0	
-25.625	-0.431516	191.197	0	
-74.375	-0.668155	197.673	0	
-16.875	-0.431516	203.168	0	
9.375	-0.668155	187.31	0	
-69.375	-0.366631	200.518	0	
-0.625	-0.668155	205.114	0	
-66.875	-0.668155	202.458	0	
-61.25	-0.798148	198.222	0	
-11.7707	-2.1669	194.925	0	
-68.125	-0.431516	195.846	0	
-7.82772	-2.00504	201.722	0	
-67.5	-1.09967	190.374	0	
-1.90454	-3.52006	198.306	0	
-9.49439	-2.06993	201.561	0	
-60	-1.09967	192.902	0	
-39.375	-0.36089	190.06	0	
36.9793	-2.1669	215.476	0	
-57.5	-1.09967	192.149	0	
-41.875	-0.431516	189.617	0	
-61.875	-0.366631	203.366	0	
-8.125	-0.366631	208.828	0	
-26.875	-0.668155	196.831	0	
-56.875	-0.668155	203.26	0	
-31.875	-0.668155	191.483	0	
-54.375	-0.668155	198.401	0	
-53.75	-1.09967	191.984	0	
-34.4944	-2.06993	187.278	0	
-55.625	-0.431516	198.557	0	
-36.7707	-2.1669	198.642	0	
-58.125	-0.431516	199.259	0	
-36.5676	-5.08295	243.754	0	
-66.25	-1.09967	193.799	0	
-6.875	-0.668155	205.467	0	
-76.875	-0.366631	191.202	0	
-156.042	-2.01633	221.244	0	
-51.875	-0.668155	196.767	0	
-50.625	-0.366631	192.327	0	
-48.9679	-2.99641	192.23	0	
-48.125	-0.668155	188.915	0	
-47.5	-1.09967	185.769	0	
-37.5	-0.798148	191.369	0	
-49.375	-0.431516	192.107	0	
-50.0889	-1.76841	189.352	0	
-45.625	-0.668155	188.722	0	
-43.75	-1.09967	188.087	0	
-46.25	-1.09967	185.502	0	
-43.125	-0.668155	184.863	0	
-42.5	-1.09967	189.105	0	
-56.25	-1.09967	190.675	0	
-44.375	-0.431516	188.439	0	
-47.2917	-2.01633	189.827	0	
-46.875	-0.431516	191.96	0	
-49.2556	-2.06993	192.907	0	
-57.7083	-2.01633	196.896	0	
-38.125	-0.366631	186.9	0	
-53.5417	-2.01633	193.023	0	
-35.625	-0.668155	192.095	0	
-35	-1.09967	184.024	0	
-52.5	-1.09967	185.358	0	
-36.875	-0.431516	193.097	0	
-50	-0.798148	188.813	0	
-58.5417	-2.01633	199.895	0	
-33.75	-0.798148	185.299	0	
-62.5	-0.727521	198.302	0	
-31.25	-1.09967	175.689	0	
-29.375	-0.366631	195.228	0	
-68.0207	-2.1669	198.761	0	
-27.5	-1.09967	174.424	0	
-64.375	-0.668155	205.334	0	
-34.375	-0.431516	190.765	0	
-58.75	-1.09967	191.984	0	
-36.25	-1.09967	180.718	0	
-56.0417	-2.01633	196.546	0	
-66.0417	-2.01633	195.736	0	
-20.104	-1.86538	192.959	0	
-70.625	-0.36089	191.603	0	
-25	-0.798148	184.897	0	
-18.75	-1.09967	192.118	0	
-73.125	-0.431516	191.723	0	
-26.25	-1.09967	191.8	0	
-65	-1.09967	188.627	0	
-75	-1.09967	180.877	0	
-19.375	-0.431516	200.658	0	
105.625	-0.668155	172.14	0	
-12.5	-0.798148	195.187	0	
-17.5	-1.09967	191.502	0	
88.7946	-2.8545	200.746	0	
-18.125	-0.668155	197.082	0	
99.7712	-2.84299	183.421	0	
-20.625	-0.366631	192.765	0	
-86.4583	-2.01633	180.137	0	
107.753	-2.80091	186.105	0	
-13.125	-0.366631	202.614	0	
86.7556	-2.06993	196.426	0	
-10.625	-0.668155	213.217	0	
-10	-1.09967	197.671	0	
88.125	-0.366631	186.691	0	
-11.875	-0.431516	207.346	0	
89.375	-0.668155	197.907	0	
79.375	-0.431516	205.509	0	
-8.75	-0.798148	207	0	
71.25	-0.798148	217.437	0	
-6.25	-1.09967	204.763	0	
-5.625	-0.431516	207.772	0	
64.6723	-2.00504	215.333	0	
-1.25	-1.09967	205.28	0	
72.8693	-3.06027	216.176	0	
-9.375	-0.431516	206.244	0	
81.875	-0.36089	203.293	0	
-11.25	-1.09967	193.878	0	
95.625	-0.668155	180.762	0	
-28.125	-0.431516	193.061	0	
-62.5054	-1.48403	197.021	0	
-53.125	-0.431516	194.686	0	
-33.125	-0.366631	188.293	0	
-134.271	-2.1669	193.799	0	
-3.125	-0.366631	207.981	0	
-1.875	-0.431516	200.108	0	
65.625	-0.668155	215.255	0	
7.39595	-1.86538	193.097	0	
-3.70074e-17	-1.09967	198.97	0	
72.1723	-2.00504	214.048	0	
64.375	-0.366631	217.24	0	
0.625	-0.431516	196.726	0	
55.625	-0.431516	209.649	0	
3.125	-0.668155	193.749	0	
8.75	-1.09967	194.143	0	
48.5321	-2.99641	214.665	0	
1.25	-0.798148	200.224	0	
58.125	-0.36089	207.943	0	
6.875	-0.366631	190.009	0	
63.0056	-2.06993	214.258	0	
48.2444	-2.06993	205.565	0	
8.125	-0.431516	187.214	0	
50.2083	-2.01633	212.09	0	
10	-1.09967	193.989	0	
10.625	-0.431516	186.666	0	
51.25	-1.09967	208.324	0	
28.646	-1.86538	202.704	0	
51.875	-0.668155	207.436	0	
47.4111	-1.76841	208.87	0	
14.375	-0.431516	185.485	0	
47.5	-0.798148	201.158	0	
16.25	-1.09967	187.036	0	
16.875	-0.431516	188.881	0	
43.9583	-2.01633	213.086	0	
21.146	-1.86538	191.341	0	
39.7917	-2.01633	216.746	0	
13.75	-0.798148	191.491	0	
45.625	-0.668155	211.212	0	
20.625	-0.366631	195.622	0	
60	-0.798148	205.135	0	
41.25	-1.09967	214.193	0	
21.875	-0.431516	191.523	0	
33.125	-0.668155	220.101	0	
28.75	-0.798148	207.444	0	
23.75	-1.09967	193.879	0	
34.9946	-1.48403	214.72	0	
23.125	-0.668155	203.099	0	
41.4583	-2.01633	212.023	0	
35	-0.727521	205.542	0	
28.125	-0.366631	211.642	0	
32.5	-1.09967	192.509	0	
30.625	-0.668155	218.919	0	
36.25	-0.798148	214.492	0	
26.875	-0.36089	198.337	0	
29.375	-0.431516	206.384	0	
31.4583	-2.01633	206.009	0	
30	-1.09967	192.963	0	
29.4793	-2.1669	209.543	0	
11.0417	-2.01633	191.944	0	
37.5	-1.09967	205.619	0	
150.625	-0.431516	218.928	0	
128.43	-2.91409	201.76	0	
38.75	-1.09967	212.791	0	
150	-1.09967	215.029	0	
35.625	-0.366631	222.493	0	
22.5	-1.09967	186.486	0	
153.75	-0.798148	186.459	0	
42.5	-1.09967	198.921	0	
148.125	-0.366631	219.975	0	
48.75	-1.09967	204.495	0	
43.75	-1.09967	207.578	0	
141.875	-0.668155	216.566	0	
41.875	-0.431516	218.554	0	
146.756	-2.06993	217.498	0	
39.375	-0.431516	219.718	0	
149.771	-2.84299	212.286	0	
31.25	-1.09967	204.06	0	
24.375	-0.431516	197.88	0	
44.375	-0.431516	219.393	0	
45	-1.09967	205.328	0	
138.795	-2.8545	207.101	0	
46.875	-0.366631	213.655	0	
140.208	-2.01633	210.4	0	
59.896	-1.86538	208.377	0	
50	-1.09967	186.992	0	
141.25	-1.09967	210.406	0	
48.125	-0.431516	210.012	0	
143.75	-0.798148	218.937	0	
138.75	-1.03479	210.475	0	
53.75	-1.09967	207.32	0	
132.495	-1.48403	201.123	0	
54.375	-0.668155	203.824	0	
55	-1.09967	200.994	0	
126.979	-2.1669	198.808	0	
53.125	-0.431516	204.456	0	
130.625	-0.668155	212.664	0	
50.625	-0.431516	206.025	0	
137.589	-1.76841	207.635	0	
128.958	-2.01633	193.121	0	
59.375	-0.366631	208.754	0	
83.646	-1.86538	196.452	0	
60.625	-0.431516	216.937	0	
62.5	-1.09967	205.322	0	
124.375	-0.36089	189.731	0	
61.25	-1.09967	204.105	0	
130	-1.09967	181.407	0	
110.686	-4.3008	193.363	0	
63.125	-0.431516	216	0	
-113.125	-0.668155	176.695	0	
68.75	-1.09967	206.328	0	
67.5	-0.798148	203.569	0	
-111.255	-1.48403	170.48	0	
63.75	-0.798148	215.897	0	
113.75	-0.798148	182.331	0	
68.125	-0.431516	220.092	0	
121.875	-0.431516	186.271	0	
93.125	-0.366631	181.939	0	
132.5	-0.727521	199.065	0	
-111.25	-0.727521	172.425	0	
76.146	-1.86538	208.311	0	
-113.75	-1.09967	167.621	0	
70.625	-0.431516	218.783	0	
77.5	-1.09967	209.662	0	
-118.75	-0.727521	178.078	0	
70	-1.09967	203.83	0	
-114.792	-2.01633	173.516	0	
-89.2707	-2.1669	178.539	0	
76.875	-0.431516	209.933	0	
-93.9788	-2.84299	168.979	0	
83.75	-0.798148	192.75	0	
78.75	-1.09967	202.68	0	
-85.625	-0.668155	172.283	0	
78.125	-0.668155	196.474	0	
-81.875	-0.668155	186.545	0	
75.625	-0.366631	202.165	0	
-120.625	-0.668155	183.806	0	
-86.25	-1.09967	179.502	0	
83.125	-0.366631	188.044	0	
-93.75	-1.09967	168.444	0	
133.646	-1.86538	200.475	0	
86.25	-1.09967	196.004	0	
-104.955	-2.8545	186.07	0	
84.375	-0.431516	196.855	0	
-93.125	-0.431516	172.86	0	
-96.9944	-2.06993	174.243	0	
87.5	-0.798148	192.628	0	
-101.875	-0.668155	173.978	0	
90	-1.09967	185.064	0	
90.625	-0.431516	184.85	0	
-100.089	-1.76841	179.356	0	
95	-1.09967	196.779	0	
-95.625	-0.366631	170.686	0	
86.875	-0.431516	198.837	0	
-90	-0.798148	179.918	0	
85	-1.09967	200.498	0	
-87.2917	-2.01633	180.233	0	
-116.771	-2.1669	177.735	0	
143.661	-1.76841	211.502	0	
-100	-0.798148	179.387	0	
94.375	-0.431516	187.349	0	
-102.5	-1.09967	183.282	0	
96.25	-1.09967	192.363	0	
103.646	-1.86538	179.471	0	
-103.542	-2.01633	182.087	0	
-105	-1.03479	179.303	0	
97.5	-0.798148	192.834	0	
-136.255	-1.48403	185.64	0	
105	-1.09967	186.669	0	
103.125	-0.366631	168.827	0	
-130.328	-2.00504	175.289	0	
99.375	-0.668155	182.782	0	
-138.125	-0.668155	202.839	0	
96.875	-0.431516	188.525	0	
-106.161	-1.76841	174.668	0	
-123.244	-2.06993	173.633	0	
126.146	-1.86538	193.217	0	
-128.125	-0.431516	192.255	0	
106.875	-0.431516	172.909	0	
110	-0.798148	191.839	0	
-126.304	-1.54577	175.644	0	
106.25	-1.09967	181.983	0	
-121.875	-0.366631	173.72	0	
-126.25	-0.798148	186.194	0	
118.646	-1.86538	187.441	0	
-130	-1.03479	194.585	0	
113.125	-0.431516	180.772	0	
120	-1.09967	187.396	0	
-148.75	-1.03479	211.2	0	
112.5	-1.09967	193.482	0	
-131.161	-1.76841	186.015	0	
110.625	-0.431516	178.251	0	
-127.242	-2.24637	170.018	0	
104.375	-0.431516	172.976	0	
-117.5	-0.798148	183.532	0	
-143.542	-2.72654	212.078	0	
119.375	-0.431516	184.45	0	
-139.792	-2.01633	199.819	0	
126.25	-0.798148	196.387	0	
121.25	-1.09967	192.251	0	
-138.75	-1.09967	189.017	0	
120.625	-0.668155	193.148	0	
-136.25	-0.727521	202.264	0	
-142.292	-2.01633	204.034	0	
125.625	-0.366631	201.447	0	
-13.7554	-1.48403	199.616	0	
128.125	-0.668155	202.403	0	
133.75	-0.798148	207.615	0	
-19.2707	-2.1669	195.675	0	
126.875	-0.431516	193.977	0	
-15.625	-0.668155	202.122	0	
127.5	-1.09967	189.018	0	
-142.5	-1.09967	164.651	0	
-17.2917	-2.01633	194.893	0	
135	-1.09967	187.902	0	
-21.25	-0.727521	199.374	0	
158.73	-5.36963	164.962	0	
136.25	-1.09967	199.128	0	
-23.125	-0.668155	191.86	0	
133.125	-0.366631	210.181	0	
-16.25	-1.09967	193.366	0	
15.625	-0.668155	192.116	0	
137.5	-0.798148	200.901	0	
11.875	-0.668155	186.69	0	
140	-1.09967	204.516	0	
140.625	-0.431516	218.04	0	
10.2083	-2.01633	191.602	0	
145	-1.09967	197.106	0	
3.52121	-2.84299	196.079	0	
136.875	-0.431516	213.639	0	
8.22929	-2.1669	195.37	0	
128.75	-1.09967	197.306	0	
-13.75	-0.727521	204.634	0	
118.125	-0.366631	190.041	0	
-148.422	-2.00504	214.49	0	
4.375	-0.431516	197.869	0	
144.375	-0.431516	219.447	0	
-7.45541	-2.8545	198.534	0	
146.25	-1.09967	219.615	0	
146.875	-0.431516	234.717	0	
7.5	-0.798148	199.742	0	
153.646	-1.86538	203.686	0	
3.75	-1.09967	194.861	0	
1.875	-0.366631	198.302	0	
149.375	-0.668155	221.541	0	
-2.58895	-1.76841	203.964	0	
153.125	-0.366631	195.847	0	
154.375	-0.431516	182.83	0	
-11.4094	-3.16789	188.879	0	
155	-1.09967	207.79	0	
-4.375	-0.668155	202.779	0	
147.5	-0.798148	212.845	0	
0.505614	-2.06993	199.013	0	
-6.04167	-2.01633	202.528	0	
156.458	-1.16463	174.567	0	
-8.66105	-1.76841	204.089	0	
159.625	-0.633448	152.858	0	
161.425	-0.98887	157.732	0	
-7.5	-1.03479	208.95	0	
160.517	-1.62232	152.03	0	
-5	-1.09967	207.371	0	
-38.7554	-1.48403	186.876	0	
153.021	-4.78762	199.86	0	
-20	-0.798148	191.938	0	
163.752	-4.86774	195.814	0	
164.832	-2.66958	169.953	0	
-25.7444	-2.06993	185.124	0	
163.115	-0.98887	203.254	0	
-32.8277	-2.00504	185.372	0	
155.484	-3.31993	189.257	0	
-40.625	-0.668155	187.356	0	
155.625	-0.668155	141.829	0	
-2.5	-0.798148	203.876	0	
-30.625	-0.431516	189.704	0	
160.191	-2.997	170.044	0	
-29.7419	-2.24637	182.904	0	
169.563	-2.94058	254.305	0	
154.995	-4.95032	166.393	0	
-28.75	-0.798148	199.739	0	
148.777	-5.11846	200.986	0	
-28.8043	-1.54577	184.564	0	
-32.5	-1.03479	185.561	0	
204.26	-5.49392	342.751	0	
-50.9223	-2.00504	191.115	0	
148.441	-21.3686	181.079	0	
-46.0417	-2.72654	192.339	0	
204.031	-10.9896	335.339	0	
-51.25	-1.03479	186.991	0	
151.796	-5.74288	201.378	0	
-33.6611	-1.76841	189.44	0	
-42.2917	-2.01633	185.143	0	
170.801	-56.9665	325.753	0	
-45	-1.09967	185.603	0	
-44.7917	-2.01633	188.309	0	
-41.25	-1.09967	181.385	0	
-61.9845	-2.19037	198.32	0	
34.9625	-3.24559	216.282	0	
-71.875	-0.668155	199.98	0	
-66.5702	-2.91409	200.981	0	
-63.75	-1.02905	192.156	0	
-38.75	-0.727521	194.192	0	
161.093	-4.56171	174.286	0	
-24.375	-0.366631	196.319	0	
143.125	-0.366631	218.24	0	
11.25	-1.09967	190.259	0	
-70.0054	-1.48403	192.976	0	
-108.909	-3.16789	178.856	0	
-74.0702	-2.91409	196.528	0	
69.375	-0.668155	226.372	0	
-70	-0.727521	197.417	0	
-73.5417	-2.01633	189.599	0	
-72.5	-1.09967	183.135	0	
-77.5	-0.727521	191.263	0	
-79.375	-0.668155	192.233	0	
104.479	-2.1669	183.61	0	
111.875	-0.668155	174.249	0	
98.4223	-2.00504	185.04	0	
108.125	-0.668155	175.585	0	
106.458	-2.01633	183.106	0	
107.5	-1.09967	192.344	0	
100.625	-0.431516	174.911	0	
100	-1.09967	182.268	0	
94.3455	-3.52006	190.37	0	
103.75	-0.798148	183.619	0	
96.7556	-2.06993	189.335	0	
98.125	-0.366631	177.348	0	
91.875	-0.668155	192.487	0	
93.6611	-1.76841	188.902	0	
88.4223	-2.00504	190.225	0	
93.75	-0.798148	187.03	0	
90.2083	-2.01633	194.416	0	
91.25	-1.09967	186.149	0	
87.5889	-1.76841	193.538	0	
88.75	-1.03479	189.243	0	
80.625	-0.668155	192.566	0	
82.4946	-1.48403	196.97	0	
76.9793	-2.1669	203.766	0	
82.5	-0.727521	196.495	0	
78.9583	-2.01633	206.032	0	
80	-1.09967	206.738	0	
75	-0.727521	200.473	0	
73.125	-0.668155	209.791	0	
65.0889	-2.93321	213.044	0	
76.25	-0.798148	202.878	0	
70.5056	-2.06993	217.057	0	
71.875	-0.366631	221.416	0	
66.875	-0.366631	217.403	0	
67.4111	-1.76841	212.6	0	
63.8389	-1.76841	211.508	0	
65	-1.03479	207.581	0	
56.875	-0.668155	210.244	0	
58.7446	-1.48403	207.267	0	
51.4583	-2.72654	213.376	0	
58.75	-0.727521	214.048	0	
55.2083	-2.01633	207.164	0	
56.25	-1.09967	201.542	0	
52.5	-1.09967	197.087	0	
52.7083	-2.01633	209.715	0	
46.25	-1.03479	209.361	0	
46.5777	-2.00504	209.824	0	
33.75	-1.02905	210.894	0	
35.5155	-2.19037	212.922	0	
30.9298	-2.91409	211.964	0	
134.841	-3.16789	203.326	0	
25.625	-0.668155	205.873	0	
27.4946	-1.48403	201.838	0	
23.4298	-2.91409	202.333	0	
27.5	-0.727521	200.94	0	
23.9583	-2.01633	195.432	0	
25	-1.09967	187.092	0	
20	-0.727521	197.79	0	
18.125	-0.668155	191.366	0	
151.875	-0.36089	219.06	0	
152.495	-1.48403	208.144	0	
153.016	-2.19037	192.567	0	
152.5	-0.727521	202.889	0	
147.589	-1.76841	222.026	0	
148.75	-1.03479	223.185	0	
142.5	-1.03479	208.482	0	
142.828	-2.00504	215.53	0	
134.479	-2.1669	208.196	0	
154.479	-2.1669	168.317	0	
131.25	-1.02905	192.412	0	
133.016	-2.19037	204.312	0	
129.792	-2.01633	203.385	0	
171.752	-1.25987	247.729	0	
123.125	-0.668155	202.892	0	
124.995	-1.48403	192.768	0	
120.93	-2.91409	197.74	0	
125	-0.727521	193.721	0	
121.458	-2.01633	189.011	0	
122.5	-1.09967	184.277	0	
117.5	-0.727521	195.632	0	
115.625	-0.668155	187.514	0	
-112.5	-1.02905	170.02	0	
-110.734	-2.19037	173.653	0	
-138.958	-2.01633	185.64	0	
-62.5375	-3.24559	200.195	0	
-119.375	-0.36089	172.563	0	
-118.755	-1.48403	172.982	0	
-83.0056	-2.06993	186.914	0	
-76.25	-0.798148	191.632	0	
-81.0417	-2.01633	180.189	0	
-80	-1.09967	174.289	0	
-84.375	-0.366631	179.455	0	
-83.8389	-1.76841	178.867	0	
-91.875	-0.36089	172.066	0	
-91.2554	-1.48403	172.897	0	
-90.7345	-2.19037	177.791	0	
-91.25	-0.727521	180.721	0	
-96.1611	-1.76841	178.364	0	
-95	-1.03479	179.597	0	
-101.25	-1.03479	180.383	0	
-100.922	-2.00504	172.129	0	
-65.2083	-2.01633	199.389	0	
-95.3277	-2.00504	168.718	0	
-137.5	-1.02905	173.811	0	
-135.734	-2.19037	192.066	0	
-151.04	-3.47677	235.732	0	
-118.787	-3.24559	185.795	0	
-122.411	-1.76841	184.291	0	
-121.25	-1.03479	180.358	0	
-127.5	-0.798148	169.927	0	
-128.229	-2.1669	189.866	0	
-113.958	-2.01633	176.159	0	
-121.578	-2.00504	172.539	0	
-215.662	-27.8248	397.895	0	
-114.833	-3.79821	189.385	0	
-15	-1.02905	199.037	0	
-13.2345	-2.19037	195.835	0	
-21.2875	-3.24559	207.495	0	
11.5027	-2.80091	193.972	0	
-21.875	-0.36089	196.54	0	
-21.2554	-1.48403	192.951	0	
14.4944	-2.06993	193.646	0	
21.25	-0.798148	197.488	0	
16.4583	-2.01633	191.417	0	
17.5	-1.09967	189.845	0	
13.125	-0.366631	186.48	0	
13.6611	-1.76841	189.537	0	
5.625	-0.36089	185.765	0	
6.24459	-1.48403	192.35	0	
6.76554	-2.19037	198.129	0	
6.25	-0.727521	196.983	0	
1.33895	-1.76841	200.107	0	
2.5	-1.03479	201.844	0	
-3.75	-1.03479	207.021	0	
-3.42228	-2.00504	203.127	0	
32.2917	-2.01633	213.043	0	
2.17228	-2.00504	197.225	0	
-40	-1.02905	184.703	0	
-38.2345	-2.19037	191.615	0	
-45.2083	-2.72654	193.302	0	
-32.3447	-3.05088	203.4	0	
-24.9111	-1.76841	196.006	0	
-23.75	-1.03479	196.727	0	
-30	-0.798148	179.825	0	
-30.7293	-2.1669	197.236	0	
-16.4583	-2.01633	196.027	0	
-24.0777	-2.00504	187.957	0	
-55.2083	-2.01633	195.434	0	
-46.4583	-2.01633	189.027	0	
-63.3387	-1.78555	198.363	0	
-63.4751	-2.84652	199.003	0	
-71.25	-1.02905	187.522	0	
-69.4845	-2.19037	196.458	0	
-72.7083	-2.01633	194.088	0	
-100.61	-4.06799	180.785	0	
-78.125	-0.36089	182.823	0	
-77.5054	-1.48403	184.289	0	
115.369	-3.06027	189.486	0	
118.75	-0.798148	192.475	0	
113.006	-2.06993	183.651	0	
114.375	-0.366631	178.164	0	
109.375	-0.366631	173.826	0	
109.911	-1.76841	183.167	0	
101.875	-0.36089	174.581	0	
102.495	-1.48403	177.621	0	
103.016	-2.19037	187.094	0	
102.5	-0.727521	195.233	0	
97.5889	-1.76841	188.832	0	
98.75	-1.03479	187.242	0	
92.5	-1.03479	186.877	0	
92.8277	-2.00504	189.765	0	
84.4793	-2.1669	192.882	0	
84.8406	-3.16789	203.193	0	
81.25	-1.02905	200.101	0	
83.0155	-2.19037	196.805	0	
74.9625	-3.24559	213.777	0	
132.463	-3.24559	204.633	0	
74.375	-0.36089	219.589	0	
74.9946	-1.48403	210.272	0	
71.3389	-1.76841	214.356	0	
72.5	-1.03479	213.132	0	
66.25	-1.03479	213.262	0	
66.5777	-2.00504	211.576	0	
60.7293	-2.1669	212.592	0	
79.7917	-2.01633	200.814	0	
57.5	-1.02905	200.093	0	
59.2655	-2.19037	210.805	0	
46.7473	-3.78292	215.596	0	
61.0894	-3.16569	211.541	0	
45.2527	-2.80091	212.817	0	
51.0417	-2.01633	201.923	0	
34.1613	-1.78555	212.513	0	
34.0249	-2.84652	214.632	0	
26.25	-1.02905	195.554	0	
28.0155	-2.19037	205.113	0	
-3.11018	-4.06799	190.818	0	
24.7917	-2.01633	201.446	0	
19.375	-0.36089	186.906	0	
19.9946	-1.48403	191.307	0	
151.25	-0.792406	211.889	0	
151.686	-2.07688	204.59	0	
143.14	-4.06799	212.926	0	
148.111	-4.06622	210.943	0	
144.494	-2.06993	217.613	0	
136.284	-3.07092	208.186	0	
141.042	-2.01633	210.632	0	
132.117	-5.94785	215.719	0	
131.661	-1.78555	202.202	0	
131.525	-2.84652	202.82	0	
123.75	-1.02905	185.718	0	
125.516	-2.19037	195.697	0	
93.1398	-4.06799	196.039	0	
122.292	-2.01633	196.76	0	
116.875	-0.36089	179.576	0	
117.495	-1.48403	185.917	0	
-112.089	-1.78555	173.675	0	
-112.225	-2.84652	173.304	0	
-120	-1.02905	169.232	0	
-118.234	-2.19037	177.212	0	
-138.118	-4.95711	230.853	0	
-123.957	-2.96011	191.911	0	
-85	-1.03479	183.82	0	
-84.6723	-2.00504	178.73	0	
-92.5	-0.792406	190.403	0	
-92.0644	-2.07688	189.409	0	
-111.287	-3.24559	178.168	0	
-103.125	-3.34884	207.136	0	
-99.2556	-2.06993	176.243	0	
-107.466	-3.07092	175.807	0	
-102.708	-2.01633	180.845	0	
-111.633	-5.94785	242.358	0	
-137.089	-1.78555	198.429	0	
-137.225	-2.84652	184.182	0	
-125.471	-1.8473	187.705	0	
-136.746	-5.42835	254.419	0	
-73.5826	-3.79821	200.488	0	
-125.35	-2.73747	169.612	0	
-14.5887	-1.78555	196.792	0	
-14.7251	-2.84652	194.958	0	
-22.5	-1.02905	189.497	0	
-20.7345	-2.19037	194.424	0	
-40.618	-4.95711	223.284	0	
-26.457	-2.96011	215.574	0	
12.5	-1.03479	191.969	0	
12.8277	-2.00504	191.618	0	
5	-0.792406	197.56	0	
5.43557	-2.07688	197.802	0	
-13.7875	-3.24559	191.113	0	
-5.625	-3.34884	194.285	0	
-1.75561	-2.06993	198.567	0	
-9.9664	-3.07092	187.152	0	
-5.20833	-2.01633	200.803	0	
-14.1328	-5.94785	202.597	0	
-39.5887	-1.78555	192.417	0	
-39.7251	-2.84652	186.983	0	
-27.9709	-1.8473	204.866	0	
-39.2462	-5.42835	248.186	0	
-38.7875	-3.24559	206.766	0	
-27.8502	-2.73747	182.328	0	
-70.0375	-3.24559	198.02	0	
31.4174	-3.79821	212.695	0	
-70.8387	-1.78555	194.682	0	
-70.9751	-2.84652	194.856	0	
-78.75	-1.02905	177.489	0	
-76.9845	-2.19037	190.801	0	
-85.0446	-2.8545	188.62	0	
-81.5873	-2.94281	193.491	0	
113.839	-1.76841	185.269	0	
115	-1.03479	185.325	0	
108.75	-1.03479	183.571	0	
109.078	-2.00504	184.53	0	
101.25	-0.792406	187.259	0	
101.686	-2.07688	190.304	0	
82.4625	-3.24559	202.315	0	
90.625	-3.34884	203.631	0	
94.4944	-2.06993	189.707	0	
86.2836	-3.07092	196.002	0	
91.0417	-2.01633	191.213	0	
82.1172	-5.94785	220.26	0	
81.6613	-1.78555	198.965	0	
81.5249	-2.84652	201.391	0	
73.75	-1.02905	214.032	0	
75.5155	-2.19037	207.05	0	
58.7125	-3.24559	212.966	0	
56.1142	-5.74538	197.454	0	
68.2444	-2.06993	214.807	0	
52.9849	-8.22246	166.5	0	
58.2538	-5.42835	206.141	0	
68.2925	-4.4054	222.867	0	
57.9113	-1.78555	211.126	0	
57.7749	-2.84652	210.474	0	
27.4625	-3.24559	207.604	0	
111.856	-6.04794	189.444	0	
26.6613	-1.78555	202.412	0	
26.5249	-2.84652	203.617	0	
18.75	-1.02905	188.028	0	
20.5155	-2.19037	197.583	0	
12.4554	-2.8545	194.699	0	
15.9127	-2.94281	195.662	0	
151.066	-1.75189	214.659	0	
150.233	-2.05915	214.06	0	
124.963	-3.24559	197.636	0	
152.463	-3.24559	197.508	0	
124.161	-1.78555	194.958	0	
124.025	-2.84652	195.223	0	
116.25	-1.02905	181.489	0	
118.016	-2.19037	192.335	0	
117.463	-3.24559	195.423	0	
114.672	-2.00504	186.964	0	
-136.287	-3.24559	208.56	0	
-66.0826	-3.79821	205.713	0	
-119.589	-1.78555	181.073	0	
-119.725	-2.84652	170.564	0	
-87.8202	-2.91409	181.983	0	
-80.2083	-2.01633	188.406	0	
-92.684	-1.75189	169.029	0	
-93.5173	-2.05915	188.429	0	
-150.208	-2.01633	234.87	0	
-140.12	-4.31165	218.502	0	
-127.138	-1.54577	188.685	0	
-126.288	-3.13655	195.877	0	
-17.3326	-3.79821	201.899	0	
9.62811	-4.98343	197.232	0	
-22.0887	-1.78555	198.451	0	
-22.2251	-2.84652	191.45	0	
9.67981	-2.91409	195.639	0	
17.2917	-2.01633	192.262	0	
4.81598	-1.75189	194.645	0	
3.98265	-2.05915	197.399	0	
-43.9583	-3.47328	199.451	0	
-42.6197	-4.31165	215.106	0	
-29.6376	-1.54577	199.277	0	
-28.7878	-3.13655	214.525	0	
-83.4261	-3.92482	204.467	0	
-87.8719	-4.98343	207.674	0	
-78.3387	-1.78555	187.542	0	
-78.4751	-2.84652	188.813	0	
110.744	-2.06993	187.277	0	
108.705	-2.8545	187.501	0	
107.292	-2.01633	181.274	0	
105.93	-2.91409	185.113	0	
101.066	-1.75189	178.325	0	
100.233	-2.05915	188.432	0	
78.9174	-3.79821	218.176	0	
128.917	-3.79821	199.65	0	
74.1613	-1.78555	210.042	0	
74.0249	-2.84652	214.247	0	
53.5417	-3.47328	210.594	0	
54.8803	-4.31165	209.01	0	
23.9174	-3.79821	202.909	0	
6.21255	-3.24559	196.589	0	
19.1613	-1.78555	194.886	0	
19.0249	-2.84652	195.404	0	
146.906	-3.51902	218.105	0	
175.818	-8.94432	285.884	0	
112.679	-3.08731	189.956	0	
121.417	-3.79821	194.215	0	
116.661	-1.78555	190.581	0	
116.525	-2.84652	188.529	0	
-138.605	-3.88818	203.838	0	
-123.385	-4.48196	181.717	0	
-113.607	-3.89079	194.05	0	
-91.2875	-3.24559	202.076	0	
-128.58	-3.14785	174.463	0	
-139.774	-5.38006	236.551	0	
-41.1052	-3.88818	204.924	0	
-25.8847	-4.48196	212.363	0	
-16.1071	-3.89079	200.822	0	
19.9625	-3.24559	199.63	0	
-31.0796	-3.14785	194.075	0	
-42.2738	-5.38006	224.673	0	
-95.6393	-4.06622	179.564	0	
-77.5375	-3.24559	193.012	0	
76.5929	-4.23242	218.748	0	
102.463	-3.24559	191.447	0	
66.9495	-4.25718	219.894	0	
56.3948	-3.88818	210.807	0	
1.86074	-4.06622	193.839	0	
14.0739	-3.92482	198.754	0	
96.9055	-3.51902	189.028	0	
109.39	-4.06799	186.045	0	
41.0417	-2.72654	215.916	0	
40.2083	-2.72654	212.591	0	
-145.337	-2.94281	203.979	0	
-142.292	-3.47328	213.063	0	
-157.708	-1.16463	192.511	0	
-167.502	-5.81125	373.663	0	
-151.458	-2.72654	239.722	0	
-149.747	-2.80091	222.063	0	
-155.26	-5.35468	264.254	0	
-153.958	-2.72654	246.874	0	
-47.8373	-2.94281	193.829	0	
-44.7917	-3.47328	197.326	0	
-53.9583	-2.72654	198.483	0	
-52.7083	-2.01633	195.193	0	
-51.2946	-2.8545	197.736	0	
-52.2473	-2.80091	195.089	0	
-60.2159	-3.06466	202.241	0	
-60.2085	-5.36053	226.605	0	
-67.7159	-3.06466	196.504	0	
-64.5113	-3.00667	198.284	0	
49.6627	-2.94281	206.497	0	
52.7083	-3.47328	214.187	0	
42.2917	-2.01633	215.804	0	
38.8316	-3.68836	215.255	0	
38.4298	-2.91409	217.73	0	
42.7083	-2.72654	212.584	0	
29.7841	-3.06466	205.609	0	
32.9887	-3.00667	210.292	0	
139.747	-2.80091	210.317	0	
141.503	-2.80091	212.246	0	
127.284	-3.06466	194.399	0	
130.489	-3.00667	198.13	0	
-116.466	-3.06466	174.876	0	
-113.261	-3.00667	174.282	0	
-88.9659	-3.06466	184.36	0	
-88.9594	-5.36183	232.79	0	
-104.003	-2.80091	170.108	0	
-102.247	-2.80091	171.455	0	
-141.458	-2.01633	189.893	0	
-138.261	-3.00667	202.035	0	
-144.94	-3.72538	221.437	0	
-141.042	-2.72654	204.007	0	
-18.9659	-3.06466	194.724	0	
-15.7613	-3.00667	193.147	0	
8.53409	-3.06466	196.803	0	
8.54056	-5.36183	197.732	0	
-6.50269	-2.80091	197.19	0	
-4.74731	-2.80091	199.542	0	
-43.9583	-2.01633	188.733	0	
-40.7613	-3.00667	194.007	0	
-47.44	-3.72538	201.522	0	
-43.5417	-2.72654	191.127	0	
-75.2159	-3.06466	189.01	0	
-72.0113	-3.00667	193.034	0	
104.784	-3.06466	185.821	0	
104.791	-5.36183	190.004	0	
89.7473	-2.80091	189.361	0	
91.5027	-2.80091	190.824	0	
77.2841	-3.06466	214.442	0	
80.4887	-3.00667	206.872	0	
53.5417	-2.01633	204.68	0	
56.7387	-3.00667	212.217	0	
50.06	-3.72538	214.061	0	
53.9583	-2.72654	211.909	0	
22.2841	-3.06466	195.925	0	
25.4887	-3.00667	200.465	0	
119.784	-3.06466	189.835	0	
122.989	-3.00667	192.649	0	
-82.7179	-2.99641	181.008	0	
-79.5113	-3.00667	185.312	0	
14.7821	-2.99641	192.944	0	
17.9887	-3.00667	195.241	0	
148.794	-2.85377	215.389	0	
151.549	-3.13784	207.591	0	
-94.9558	-2.85377	192.662	0	
-92.2008	-3.13784	172.495	0	
2.54418	-2.85377	198.821	0	
5.29924	-3.13784	197.17	0	
98.7942	-2.85377	191.289	0	
101.549	-3.13784	183.45	0	
47.8239	-3.92482	204.929	0	
52.2917	-2.72654	207.202	0	
-150.162	-3.55114	239.375	0	
-149.731	-4.40508	249.487	0	
-156.648	-3.04538	233.821	0	
-162.586	-7.77018	371.775	0	
-151.873	-3.97501	248.171	0	
-148.253	-3.78292	226.51	0	
-191.185	-10.7108	451.098	0	
-152.708	-3.47328	244.569	0	
-141.458	-3.47328	201.135	0	
-53.5398	-3.47677	199.998	0	
-52.2309	-4.40508	217.018	0	
-56.4583	-2.72654	198.706	0	
-52.6621	-3.55114	202.376	0	
-57.7232	-3.50081	201.396	0	
-50.7527	-3.78292	202.121	0	
-59.0702	-2.91409	198.201	0	
-58.6684	-3.68836	208.799	0	
-56.8899	-3.99904	212.414	0	
-55.2083	-3.47328	199.323	0	
-67.8478	-5.56717	218.336	0	
-64.264	-5.46522	236.736	0	
46.2054	-2.8545	209.178	0	
45.2691	-4.40508	211.123	0	
43.5417	-2.72654	212.857	0	
44.8379	-3.55114	211.121	0	
40.6101	-3.99904	213.235	0	
43.9602	-3.47677	214.994	0	
41.4583	-3.47328	216.176	0	
39.7768	-3.50081	218.985	0	
29.6522	-5.56717	217.898	0	
33.236	-5.46522	221.922	0	
139.063	-5.39772	206.578	0	
142.455	-2.8545	211.521	0	
138.11	-4.06799	213.459	0	
150.468	-3.59669	206.079	0	
127.152	-5.56717	203.535	0	
126.593	-4.23242	203.2	0	
-116.598	-5.56717	215.291	0	
-117.157	-4.23242	194.417	0	
-87.4178	-3.68916	200.522	0	
-84.5027	-3.78292	192.967	0	
-85.9952	-4.42757	210.924	0	
-81.1036	-3.83222	194.771	0	
-104.687	-5.39772	242.521	0	
-101.295	-2.8545	187.992	0	
-105.64	-4.06799	181.158	0	
-93.2818	-3.59669	218.968	0	
-143.978	-3.50911	211.338	0	
-140.208	-2.72654	191.374	0	
-143.564	-4.19254	227.053	0	
-139.719	-3.60804	208.413	0	
-19.0978	-5.56717	226.722	0	
-19.6571	-4.23242	215.407	0	
10.0822	-3.68916	197.003	0	
12.9973	-3.78292	195.847	0	
11.5048	-4.42757	197.693	0	
16.3964	-3.83222	197.289	0	
-7.1871	-5.39772	191.04	0	
-3.79459	-2.8545	198.622	0	
-8.13982	-4.06799	183.535	0	
4.21822	-3.59669	196.123	0	
-46.4777	-3.50911	200.721	0	
-42.7083	-2.72654	195.603	0	
-46.0637	-4.19254	207.723	0	
-42.2189	-3.60804	198.147	0	
-75.3478	-5.56717	214.733	0	
-79.2613	-5.47929	233.057	0	
106.332	-3.68916	187.785	0	
111.252	-3.08731	185.647	0	
105.878	-4.98343	190.101	0	
107.322	-3.57598	187.485	0	
89.0629	-5.39772	222.566	0	
92.4554	-2.8545	192.368	0	
88.1102	-4.06799	195.933	0	
100.468	-3.59669	195.974	0	
77.1522	-5.56717	234.194	0	
73.1505	-5.31383	227.073	0	
51.0223	-3.50911	210.35	0	
54.7917	-2.72654	208.306	0	
51.4363	-4.19254	213.763	0	
55.2811	-3.60804	213.756	0	
22.1522	-5.56717	206.844	0	
18.2387	-5.47929	203.851	0	
119.652	-5.56717	195.016	0	
120.831	-5.28353	203.534	0	
-86.4282	-3.57598	194.056	0	
-89.651	-4.21812	201.633	0	
11.0718	-3.57598	196.607	0	
7.84897	-4.21812	196.624	0	
145.626	-4.43041	205.596	0	
140.625	-4.73217	215.204	0	
-98.124	-4.43041	198.78	0	
-103.125	-4.73217	181.826	0	
-0.624027	-4.43041	188.452	0	
-5.625	-4.73217	183.743	0	
95.626	-4.43041	200.615	0	
90.625	-4.73217	197.395	0	
-152.334	-5.62943	276.404	0	
-147.176	-3.92482	237.127	0	
-153.965	-4.16242	259.247	0	
-83.4597	-6.17559	254.464	0	
-155.246	-3.54331	249.545	0	
-154.836	-4.23245	253.684	0	
-153.453	-5.20944	268.491	0	
-148.774	-4.58327	257.272	0	
-82.8931	-5.00841	213.421	0	
-49.6761	-3.92482	211.244	0	
-54.3731	-3.97501	210.32	0	
14.0403	-6.17559	203.34	0	
-60.9011	-4.21822	209.504	0	
-54.3047	-5.11624	221.937	0	
-59.1215	-4.98124	219.458	0	
-55.5387	-5.90518	231.518	0	
14.6069	-5.00841	198.336	0	
115.662	-5.33933	193.428	0	
36.5989	-4.21822	221.83	0	
38.3785	-4.98124	224.365	0	
42.2917	-3.47328	215.944	0	
40.628	-5.06466	223.563	0	
41.9613	-5.90518	207.663	0	
43.1269	-3.97501	212.72	0	
130.143	-3.89079	206.738	0	
182.973	-1.7361	303.259	0	
128.331	-5.28353	208.52	0	
142.187	-5.39772	209.297	0	
-96.8445	-3.51902	187.612	0	
-94.973	-5.11846	251.27	0	
-150.329	-5.21478	259.826	0	
-64.8571	-3.89079	209.145	0	
-154.177	-7.51666	330.555	0	
-44.707	-5.1949	223.308	0	
-146.477	-5.20289	242.727	0	
-142.711	-4.15672	222.244	0	
-148.323	-5.70833	255.995	0	
-141.026	-4.17689	224.145	0	
-145.313	-5.59213	273.868	0	
-142.015	-8.22246	358.489	0	
0.655509	-3.51902	199.371	0	
2.52695	-5.11846	193.025	0	
-51.2742	-4.58327	219.262	0	
32.6429	-3.89079	218.439	0	
-41.3858	-5.74538	253.982	0	
82.8784	-4.52398	218.797	0	
-48.9766	-5.20289	217.513	0	
-45.211	-4.15672	211.444	0	
-50.8234	-5.70833	226.269	0	
-43.5258	-4.17689	209.962	0	
-47.8132	-5.59213	240.924	0	
-44.5151	-8.22246	303.709	0	
98.777	-5.11846	203.266	0	
109.178	-6.60412	188.769	0	
104.099	-4.21812	189.686	0	
107.793	-4.50658	189.184	0	
43.1953	-5.11624	218.828	0	
52.793	-5.1949	209.485	0	
62.5324	-3.06872	213.912	0	
98.1107	-4.06622	187.583	0	
48.5234	-5.20289	216.274	0	
52.289	-4.15672	210.706	0	
46.6766	-5.70833	212.949	0	
53.9742	-4.17689	212.558	0	
46.2258	-4.58327	204.58	0	
55.2262	-5.38006	212.488	0	
-85.0224	-4.58092	219.176	0	
-84.5124	-5.89001	235.23	0	
12.4776	-4.58092	199.407	0	
12.9876	-5.89001	198.39	0	
-156.277	-5.20944	283.262	0	
-142.207	-5.1949	242.674	0	
-157.69	-2.6252	208.591	0	
-172.708	-13.7022	470.744	0	
-154.294	-6.05848	292.251	0	
-74.1691	-5.28353	231.265	0	
-174.419	-18.3249	507.564	0	
-52.1302	-6.3947	256.624	0	
-56.872	-5.06466	221.736	0	
-53.0402	-5.47194	221.05	0	
-110.872	-4.52398	193.356	0	
23.3309	-5.28353	213.16	0	
-13.3716	-4.52398	195.256	0	
108.908	-4.945	194.425	0	
44.4598	-5.47194	212.956	0	
49.6868	-5.59213	198.953	0	
130.736	-5.46522	207.74	0	
135.406	-8.75328	223.203	0	
-138.886	-5.74538	264.537	0	
-143.191	-7.03622	304.487	0	
-91.7489	-6.89898	276.124	0	
-92.1496	-5.26597	260.489	0	
-147.102	-6.18605	294.03	0	
-126.517	-4.32001	191.021	0	
-144.901	-4.79453	234.034	0	
-143.942	-5.03664	242.001	0	
-144.543	-7.10465	291.389	0	
-143.002	-5.76581	262.368	0	
-146.668	-7.76797	314.589	0	
-130.669	-4.37754	182.255	0	
-141.355	-5.21507	232.996	0	
-140.593	-6.0103	274.047	0	
-29.0174	-4.32001	223.016	0	
45.3698	-6.3947	188.538	0	
5.75113	-6.89898	191.324	0	
5.35038	-5.26597	193.096	0	
-65.5474	-6.44535	239.895	0	
-49.6024	-6.18605	250.096	0	
-47.4014	-4.79453	213.679	0	
-46.4417	-5.03664	221.311	0	
-47.0429	-7.10465	253.528	0	
-45.5017	-5.76581	237.269	0	
-49.1682	-7.76797	264.66	0	
-33.1694	-4.37754	203.57	0	
-43.8551	-5.21507	221.722	0	
-43.0926	-6.0103	253.261	0	
70.9983	-4.16217	222.437	0	
132.878	-4.52398	206.558	0	
106.877	-5.50143	189.915	0	
107.622	-6.93342	199.972	0	
98.3176	-7.15932	194.114	0	
101.6	-5.26597	199.817	0	
31.9526	-6.44535	223.05	0	
47.8976	-6.18605	191.163	0	
50.0986	-4.79453	213.982	0	
51.0583	-5.03664	208.693	0	
50.4571	-7.10465	197.812	0	
51.9983	-5.76581	204.14	0	
48.3318	-7.76797	194.5	0	
66.1611	-2.93321	215.576	0	
53.6449	-5.21507	212.418	0	
54.4074	-6.0103	195.037	0	
-86.9104	-5.42242	236.679	0	
-85.925	-6.50437	269.742	0	
10.5896	-5.42242	198.344	0	
11.575	-6.50437	200.407	0	
-151.678	-7.28627	313.037	0	
-149.419	-6.13754	300.877	0	
-62.2642	-6.91889	263.995	0	
-45.691	-7.03622	269.425	0	
35.2358	-6.91889	218.548	0	
51.809	-7.03622	190.544	0	
-159.418	-5.09998	276.786	0	
-115.419	-5.28353	203.681	0	
-150.027	-7.43868	312.407	0	
-113.014	-5.46522	207.397	0	
-135.879	-4.50999	195.358	0	
-127.822	-4.41078	203.5	0	
-60.8105	-6.63734	247.832	0	
-17.9191	-5.28353	214.883	0	
-54.0799	-8.70786	299.717	0	
-41.8296	-8.37487	333.665	0	
-38.3792	-4.50999	200.019	0	
-30.3219	-4.41078	223.22	0	
36.6895	-6.63734	221.178	0	
64.1709	-9.10125	154.513	0	
43.4201	-8.70786	167.087	0	
80.736	-5.46522	228.334	0	
65.625	-5.27905	206.038	0	
56.882	-4.95711	210.146	0	
-95.4324	-7.15932	269.848	0	
-145.272	-8.29733	379.417	0	
2.06757	-7.15932	185.959	0	
-15.514	-5.46522	210.576	0	
150.157	-4.6597	203.524	0	
158.883	-2.50461	149.877	0	
-133.429	-3.7302	175.305	0	
-140.644	-7.56208	303.008	0	
-35.9287	-3.7302	185.999	0	
-43.1439	-7.56208	276.098	0	
64.3005	-4.25718	219.887	0	
70.182	-3.08143	217.471	0	
-163.828	-1.26356	309.301	0	
-161.384	-5.37393	287.374	0	
102.001	-6.89898	192.789	0	
156.615	-8.65111	173.578	0	
-152.68	-8.32445	351.159	0	
-116.856	-9.69507	402.783	0	
-138.39	-7.18841	283.994	0	
-136.875	-6.99919	304.842	0	
-40.8903	-7.18841	267.575	0	
-39.375	-6.99919	293.196	0	
61.6412	-5.44334	198.271	0	
59.1208	-4.50999	212.695	0	
-82.5848	-7.52916	295.443	0	
-79.8609	-3.89608	205.444	0	
14.9152	-7.52916	202.077	0	
17.6391	-3.89608	200.409	0	
157.5	-0.496475	141.824	0	
158.137	-3.45571	174.62	0	
58.125	-6.99919	188.259	0	
80.1429	-3.89079	212.748	0	
59.6698	-8.44515	167.46	0	
61.6464	-7.44458	207.698	0	
-165.21	-0.654241	328.527	0	
-168.752	-1.0755	377.768	0	
-144.58	-10.5411	429.971	0	
-139.33	-8.37487	378.882	0	
-130.155	-5.65761	254.113	0	
-131.986	-3.63323	199.554	0	
-47.772	-8.29733	315.205	0	
-19.3558	-9.69507	337.718	0	
-32.6553	-5.65761	269.554	0	
-34.4857	-3.63323	207.932	0	
56.6097	-7.18841	198.319	0	
54.3561	-7.56208	192.973	0	
49.728	-8.29733	156.379	0	
55.6704	-8.37487	155.023	0	
-159.875	-1.43189	173.927	0	
-159.023	-2.89246	234.163	0	
156.838	-2.74918	151.215	0	
158.625	-1.12992	163.4	0	
142.731	-7.46803	212.392	0	
176.853	-1.43582	278.333	0	
-68.4071	-4.23242	213.257	0	
-66.6691	-5.28353	226.943	0	
-75.4167	-10.3326	376.902	0	
-59.8646	-8.3096	277.753	0	
-72.3571	-3.89079	205.751	0	
-69.2262	-6.72899	272.952	0	
29.0929	-4.23242	215.674	0	
30.8309	-5.28353	221.776	0	
22.0833	-10.3326	212.62	0	
37.6354	-8.3096	207.417	0	
25.1429	-3.89079	208.888	0	
28.2738	-6.72899	217.909	0	
122.643	-3.89079	200.694	0	
129.453	-6.44535	211.7	0	
121.742	-9.23105	214.427	0	
161.145	-8.54365	181.923	0	
127.477	-10.2966	214.28	0	
190.319	-2.08076	322.747	0	
-118.505	-7.54588	339.215	0	
-114.297	-6.44535	275.202	0	
-89.8332	-7.08742	296.088	0	
-101.019	-7.46803	262.419	0	
-117.858	-6.4267	233.886	0	
-140.887	-12.3828	524.941	0	
-21.0052	-7.54588	309.213	0	
-16.7974	-6.44535	241.456	0	
7.66684	-7.08742	192.612	0	
-3.51913	-7.46803	177.589	0	
-20.3582	-6.4267	252.119	0	
-43.3872	-12.3828	407.915	0	
-75.9071	-4.23242	212.295	0	
-73.0474	-6.44535	242.889	0	
-69.2388	-9.20929	336.011	0	
-71.764	-5.46522	232.859	0	
-76.7196	-6.73778	283.557	0	
-77.2148	-8.98906	366.961	0	
78.3309	-5.28353	226.334	0	
79.4526	-6.44535	234.416	0	
92.1871	-5.39772	208.806	0	
92.7309	-7.46803	211.599	0	
74.5596	-5.40086	224.819	0	
78.9296	-9.08967	244.187	0	
21.5929	-4.23242	206.354	0	
24.4526	-6.44535	214.615	0	
28.2612	-9.20929	227.618	0	
25.736	-5.46522	213.506	0	
20.7804	-6.73778	210.306	0	
20.2852	-8.98906	215.584	0	
119.093	-4.23242	200.08	0	
121.953	-6.44535	205.029	0	
125.774	-6.72899	207.106	0	
123.236	-5.46522	201.092	0	
117.071	-5.42633	201.912	0	
119.463	-9.6316	203.985	0	
-81.7013	-4.9694	228.435	0	
-80.556	-6.11128	240.679	0	
-80.8729	-7.50385	306.257	0	
-79.3782	-9.53722	374.576	0	
15.7987	-4.9694	202.72	0	
16.944	-6.11128	204.19	0	
16.6271	-7.50385	207.661	0	
18.1218	-9.53722	205.465	0	
110.83	-7.47425	206.149	0	
113.496	-4.16808	189.302	0	
-62.1755	-4.31081	220.3	0	
-62.9367	-5.73467	223.227	0	
35.3245	-4.31081	220.272	0	
34.5633	-5.73467	226.724	0	
103.261	-12.2612	217.13	0	
182.587	-9.32682	315.673	0	
-90.9255	-4.31071	193.438	0	
-93.5926	-4.6597	189.204	0	
-98.7859	-7.04865	258.561	0	
-101.563	-5.39772	243.929	0	
6.5745	-4.31071	197.792	0	
3.9074	-4.6597	194.103	0	
-1.2859	-7.04865	185.93	0	
-4.0629	-5.39772	187.014	0	
102.825	-4.31071	187.736	0	
100.157	-4.6597	186.476	0	
94.9641	-7.04865	196.935	0	
103.917	-7.08742	199.444	0	
-152.611	-10.7469	427.408	0	
-57.0477	-8.8546	292.467	0	
-120.785	-10.9617	503.596	0	
-47.0799	-10.5411	335.672	0	
-55.5733	-7.64358	264.576	0	
40.4523	-8.8546	184.812	0	
-60.6604	-12.2385	364.41	0	
50.4201	-10.5411	148.62	0	
-23.2851	-10.9617	426.158	0	
76.754	-9.39498	243.231	0	
36.8396	-12.2385	172.784	0	
104.806	-9.69773	204.621	0	
-128.573	-5.59388	233.7	0	
-119.075	-5.44657	227.347	0	
-31.0728	-5.59388	263.379	0	
-21.5748	-5.44657	248.506	0	
68.7541	-3.08143	216.844	0	
69.7027	-6.04201	218.094	0	
-173.002	-1.19333	412.265	0	
-162.298	-3.27925	286.723	0	
-134.862	-8.42353	369.951	0	
-132.922	-7.42565	284.016	0	
-37.3619	-8.42353	347.714	0	
-35.4215	-7.42565	287.933	0	
156.942	-6.29348	196.224	0	
167.502	-1.68071	217.439	0	
144.964	-7.04865	219.309	0	
194.592	-4.57815	336.465	0	
-69.6816	-4.325	218.78	0	
-70.4428	-5.74886	219.61	0	
27.8184	-4.325	213.016	0	
27.0572	-5.74886	219.673	0	
125.318	-4.325	199.935	0	
124.557	-5.74886	206.187	0	
133.174	-8.16642	213.885	0	
135.504	-5.34905	212.624	0	
-118.432	-4.325	192.134	0	
-121.558	-4.58212	184.765	0	
-110.576	-8.16642	352.072	0	
-108.246	-5.34905	215.405	0	
-20.9316	-4.325	216.214	0	
-24.0584	-4.58212	219.749	0	
-13.0757	-8.16642	247.874	0	
-10.746	-5.34905	182.636	0	
-77.1816	-4.325	216.938	0	
-77.9362	-5.75765	225.889	0	
75.3184	-4.325	226.717	0	
72.4356	-4.14101	223.276	0	
83.1743	-8.16642	254.885	0	
85.504	-5.34905	207.219	0	
20.3184	-4.325	203.774	0	
19.5638	-5.75765	208.712	0	
117.818	-4.325	191.12	0	
114.936	-4.14103	192.858	0	
-88.9774	-8.66503	364.259	0	
-86.6041	-8.13534	368.48	0	
8.52255	-8.66503	195.064	0	
10.8959	-8.13534	195.121	0	
112.168	-10.3069	195.065	0	
118.495	-7.12954	212.164	0	
113.238	-5.91521	195.724	0	
115.419	-7.77759	203.034	0	
-64.8214	-8.68669	315.358	0	
-62.8655	-8.89079	280.147	0	
32.6786	-8.68669	221.573	0	
34.6345	-8.89079	216.033	0	
-61.1145	-9.89368	316.446	0	
-90.0051	-12.6851	584.628	0	
-26.6509	-8.94098	374.845	0	
7.49494	-12.6851	179.615	0	
46.941	-8.79126	155.573	0	
129.242	-9.23105	220.179	0	
54.1128	-12.3828	98.7028	0	
76.0981	-7.0343	228.484	0	
70.9806	-5.79877	226.994	0	
73.2508	-7.54635	206.985	0	
-166.079	-8.06741	399.892	0	
-157.675	-6.42851	285.831	0	
150.595	-7.57725	185.029	0	
198.713	-12.5666	338.718	0	
-124.151	-8.94098	385.985	0	
-114.508	-9.23105	394.306	0	
-50.559	-8.79126	305.145	0	
-17.0079	-9.23105	298.133	0	
98.2113	-13.5521	217.094	0	
160.378	-5.98324	191.323	0	
-93.6512	-8.33358	385.012	0	
41.9267	-7.64358	207.254	0	
3.84876	-8.33358	183.33	0	
58.5709	-11.1429	118.242	0	
70.3765	-10.677	163.287	0	
68.9954	-8.27657	214.762	0	
92.8279	-13.8833	237.236	0	
215.861	-6.59265	338.967	0	
114.588	-6.63488	194.053	0	
117.188	-6.89612	193.684	0	
-142.675	-10.5347	456.904	0	
36.3855	-9.89368	197.294	0	
15.0411	-11.9339	196.186	0	
100.099	-8.33358	214.753	0	
72.3164	-6.49884	233.695	0	
74.78	-6.77541	239.505	0	
-125.008	-5.44279	241.314	0	
-129.35	-9.00121	423.598	0	
-27.5075	-5.44279	268.831	0	
-31.85	-9.00121	401.845	0	
136.3	-6.99449	209.759	0	
148.318	-7.15932	214.26	0	
134.209	-4.53464	208.769	0	
136.849	-4.28441	205.273	0	
-108.344	-8.75328	362.796	0	
-107.45	-6.99449	294.058	0	
-109.541	-4.53464	184.852	0	
-106.901	-4.28441	190.411	0	
-10.8444	-8.75328	200.284	0	
-9.9496	-6.99449	210.332	0	
-12.0407	-4.53464	189.212	0	
-9.40082	-4.28441	191.343	0	
85.4056	-8.75328	217.831	0	
81.2702	-10.3281	217.835	0	
84.2093	-4.53464	206.743	0	
86.8492	-4.28441	210.82	0	
-58.1585	-5.8593	237.429	0	
-58.2996	-7.91085	260.658	0	
39.3415	-5.8593	212.925	0	
39.2004	-7.91085	217.735	0	
-153.991	-11.7103	443.3	0	
-155.613	-8.50548	345.333	0	
60.4506	-4.51844	218.025	0	
62.9939	-4.39269	218.125	0	
-178.103	-1.44749	431.326	0	
-173.839	-5.64205	432.201	0	
-131.055	-7.65507	304.325	0	
-127.759	-7.52237	281.102	0	
-33.5546	-7.65507	323.223	0	
-30.2592	-7.52237	309.825	0	
-125.498	-7.46205	278.543	0	
-83.3496	-9.59591	442.585	0	
-27.9984	-7.46205	324.92	0	
14.1504	-9.59591	199.881	0	
86.3004	-6.99449	246.407	0	
150.055	-12.7198	179.491	0	
-120.728	-5.80066	236.294	0	
-120.68	-7.33391	273.032	0	
-23.2279	-5.80066	257.221	0	
-23.1798	-7.33391	291.875	0	
72.7416	-9.79585	227.266	0	
159.171	-10.2877	209.79	0	
-54.5306	-11.2795	325.947	0	
-52.3001	-7.89572	265.56	0	
42.9694	-11.2795	166.932	0	
45.1999	-7.89572	199.818	0	
-138.913	-10.8834	445.742	0	
-82.4589	-11.9339	480.584	0	
-45.1748	-10.5347	370.925	0	
-41.4132	-10.8834	380.65	0	
-135.961	-11.1213	494.459	0	
-121.786	-8.55513	406.381	0	
-38.4607	-11.1213	435.225	0	
-24.2856	-8.55513	388.424	0	
52.3252	-10.5347	131.422	0	
56.0868	-10.8834	149.481	0	
-150.634	-12.2646	498.801	0	
-118.03	-11.8896	599.917	0	
-73.2205	-8.73643	343.973	0	
-3.42296	-13.8421	204.538	0	
24.2795	-8.73643	223.291	0	
140.145	-11.4398	231.844	0	
-85.9091	-14.035	613.269	0	
-66.535	-10.5118	345.194	0	
11.5909	-14.035	186.094	0	
30.965	-10.5118	215.936	0	
-97.4745	-8.42323	391.163	0	
-112.167	-10.4695	469.596	0	
0.0255294	-8.42323	178.639	0	
-14.6674	-10.4695	263.732	0	
-164.41	-13.599	459.174	0	
-187.785	-3.81496	461.178	0	
74.9266	-11.3856	172.625	0	
65.2154	-13.6039	119.228	0	
146.276	-8.42323	192.904	0	
129.263	-24.2646	172.847	0	
114.751	-10.3233	204.569	0	
71.4242	-17.4153	75.3316	0	
-134.098	-13.8532	653.711	0	
-97.9517	-12.0229	548.683	0	
-36.5975	-13.8532	519.141	0	
-0.451702	-12.0229	178.993	0	
90.1455	-11.4398	204.502	0	
96.2755	-8.42323	223.582	0	
-56.6144	-11.5018	338.194	0	
-50.5379	-10.963	343.237	0	
40.8856	-11.5018	157.74	0	
46.9621	-10.963	145.155	0	
-148.571	-10.8319	437.501	0	
-48.1756	-15.7705	425.235	0	
-154.889	-14.3905	516.398	0	
-147.97	-17.6816	670.965	0	
-48.4549	-12.1835	398.423	0	
-45.013	-15.9763	489.516	0	
49.0451	-12.1835	102.794	0	
131.583	-10.4695	219.851	0	
-159.3	-10.3101	398.328	0	
-155.495	-10.2766	412.033	0	
54.7007	-19.2086	45.9041	0	
125.71	-8.44973	216.1	0	
-100.923	-13.8421	744.257	0	
49.3244	-15.7705	87.2647	0	
10.7483	-12.069	188.801	0	
128.01	-15.8868	202.385	0	
-150.446	-24.58	761.485	0	
-157.754	-11.6412	447.71	0	
-157.617	-14.2078	490.929	0	
-167.607	-12.1717	455.571	0	
-142.499	-15.3422	644.034	0	
163.886	-7.81396	215.071	0	
174.226	-2.69569	258.22	0	
118.732	-15.6842	188.913	0	
142.828	-13.8833	179.461	0	
-86.6409	-16.373	688.975	0	
-65.7541	-13.472	421.963	0	
10.8591	-16.373	179.726	0	
31.7459	-13.472	191.155	0	
-184.223	-1.73373	437.804	0	
-161.745	-10.4642	418.375	0	
-105.152	-7.25958	262.02	0	
-111.405	-13.4554	669.538	0	
-7.65167	-7.25958	178.614	0	
-13.9051	-13.4554	326.079	0	
88.5983	-7.25958	210.515	0	
81.7838	-13.563	237.509	0	
138.598	-7.25958	220.944	0	
131.153	-14.6103	213.07	0	
-130.23	-12.4755	554.027	0	
-125.008	-12.0914	544.163	0	
-32.73	-12.4755	501.099	0	
-27.5081	-12.0914	488.29	0	
-78.8414	-14.5362	556.337	0	
-71.2546	-10.6507	376.113	0	
18.6586	-14.5362	190.856	0	
26.2454	-10.6507	210.455	0	
-92.6578	-11.3921	532.716	0	
-85.4292	-10.045	405.525	0	
4.84222	-11.3921	180.528	0	
12.0708	-10.045	195.785	0	
137.145	-11.7939	203.355	0	
140.704	-8.66433	200.747	0	
117.489	-11.9439	223.113	0	
126.674	-12.8115	215.055	0	
-106.605	-11.7939	541.665	0	
-103.046	-8.66433	420.126	0	
-145.757	-15.2052	594.845	0	
-103.605	-11.4398	551.057	0	
-9.10523	-11.7939	235.806	0	
-5.5458	-8.66433	199.644	0	
-20.5299	-11.8896	421.163	0	
-6.10455	-11.4398	188.682	0	
87.1448	-11.7939	257.378	0	
90.7042	-8.66433	242.61	0	
-52.7296	-12.6391	382.159	0	
-51.3189	-16.133	442.82	0	
44.7704	-12.6391	103.192	0	
46.1811	-16.133	91.5532	0	
66.2607	-7.66183	217.06	0	
61.592	-14.645	75.8551	0	
39.4104	-13.2995	139.978	0	
145.799	-12.064	230.682	0	
-58.0896	-13.2995	385.188	0	
-86.7517	-12.069	510.586	0	
-76.2221	-13.5164	519.866	0	
2.5838	-13.8175	174.12	0	
-94.9162	-13.8175	694.633	0	
-80.1994	-11.9005	496.861	0	
-57.6835	-17.1843	443.069	0	
17.3006	-11.9005	203.608	0	
95.7992	-12.064	199.793	0	
142.263	-32.8139	198.745	0	
123.657	-10.3857	218.138	0	
124.174	-12.8115	206.363	0	
-116.81	-16.0011	731.567	0	
-106.911	-18.7727	875.934	0	
-122.648	-13.347	637.411	0	
-120.289	-17.0036	839.372	0	
-19.3105	-16.0011	460.697	0	
-9.41138	-18.7727	292.608	0	
-25.1485	-13.347	484.733	0	
-22.7891	-17.0036	526.751	0	
21.2779	-13.5164	201.374	0	
52.487	-15.9763	63.2485	0	
-88.8748	-11.0032	499.685	0	
-88.6138	-16.0889	698.353	0	
8.62524	-11.0032	186.562	0	
8.88623	-16.0889	184.205	0	
100.469	-11.0855	202.794	0	
122.403	-15.8868	208.991	0	
-102.761	-18.776	851.199	0	
39.8165	-17.1843	118.867	0	
-30.5151	-14.406	561.656	0	
68.6863	-14.565	139.264	0	
-84.2433	-18.71	748.006	0	
-83.6959	-14.349	617.388	0	
13.2567	-18.71	184.125	0	
13.8041	-14.349	189.634	0	
-128.015	-14.406	737.102	0	
-1.46149	-20.9398	214.924	0	
-82.3706	-17.1144	667.897	0	
-77.1404	-18.8236	641.984	0	
-34.8448	-22.1714	609.789	0	
103.857	-15.3762	185.049	0	
15.1294	-17.1144	180.484	0	
20.3596	-18.8236	180.402	0	
-71.9341	-14.5113	498.905	0	
-62.81	-14.1067	400.394	0	
25.5659	-14.5113	201.782	0	
34.69	-14.1067	167.742	0	
-170.722	-5.27006	394.477	0	
-175.476	-2.64081	416.372	0	
166.993	-9.3581	222.956	0	
179.821	-3.17192	307.059	0	
-191.569	-2.08123	434.109	0	
-180.704	-8.04338	439.9	0	
-53.6684	-18.9989	476.48	0	
-5.26069	-18.776	217.021	0	
43.8316	-18.9989	54.7948	0	
133.843	-20.6746	206.527	0	
-108.074	-14.1929	743.119	0	
-94.0883	-17.8006	778.087	0	
-10.5743	-14.1929	265.51	0	
3.41174	-17.8006	187.95	0	
134.484	-15.3478	203.425	0	
159.298	-32.6901	249.487	0	
75.2994	-15.1171	178.892	0	
125.206	-18.1807	194.21	0	
110.084	-14.9563	185.54	0	
167.645	-28.0136	302.703	0	
85.4271	-14.4419	174.763	0	
44.9695	-27.6829	45.6734	0	
-76.3835	-22.9609	768.234	0	
-62.2534	-16.8341	470.461	0	
21.1165	-22.9609	162.723	0	
35.2466	-16.8341	140.408	0	
-69.1374	-16.0301	489.55	0	
-59.6977	-18.8508	473.749	0	
28.3626	-16.0301	179.823	0	
37.8023	-18.8508	107.356	0	
-181.071	-3.18122	464.772	0	
-176.1	-9.31089	460.86	0	
170.302	-6.68287	239.861	0	
173.419	-6.43797	266.044	0	
159.128	-14.7127	194.152	0	
164.209	-14.5128	242.546	0	
-98.9615	-20.9398	983.078	0	
12.9924	-23.3158	171.333	0	
7.06144	-18.779	175.054	0	
117.677	-21.7369	168.448	0	
-79.7755	-17.335	639.995	0	
-74.7054	-15.7809	535.533	0	
17.7245	-17.335	188.634	0	
22.7946	-15.7809	190.464	0	
152.809	-9.49693	209.02	0	
153.817	-16.299	219.357	0	
-153.202	-17.3239	618.857	0	
-150.327	-16.1614	571.208	0	
-163.68	-16.5656	520.461	0	
-63.8837	-22.4837	550.643	0	
-146.558	-22.1446	748.818	0	
-142.549	-22.4698	797.109	0	
39.5095	-26.6887	79.689	0	
91.2651	-19.3404	141.028	0	
-128.039	-20.2596	884.031	0	
-84.5076	-23.3158	865.983	0	
-57.9905	-26.6887	580.644	0	
33.6163	-22.4837	119.568	0	
-187.588	-7.89551	441.649	0	
-195.842	-4.57853	442.303	0	
100.778	-19.5012	145.538	0	
106.939	-9.51808	198.034	0	
-192.842	-29.1807	455.946	0	
-183.66	-10.6764	465.736	0	
179.592	-6.93814	288.973	0	
186.535	-3.81686	326.506	0	
-68.6736	-19.0863	574.696	0	
-64.7337	-19.2556	523.458	0	
28.8264	-19.0863	157.125	0	
32.7663	-19.2556	138.76	0	
112.986	-17.0898	182.983	0	
121.254	-28.2149	154.328	0	
-158.754	-20.6094	601.613	0	
37.0231	-22.4901	107.584	0	
25.497	-23.4473	164.11	0	
121.097	-23.8369	178.322	0	
100.41	-16.4657	210.961	0	
109.833	-12.0214	220.136	0	
-90.4386	-18.779	847.12	0	
-72.003	-23.4473	656.364	0	
-52.4633	-27.7169	572.732	0	
-60.4769	-22.4901	551.763	0	
105.849	-22.2944	179.448	0	
106.839	-16.4118	202.466	0	
-70.3526	-26.6553	693.698	0	
52.9428	-24.0743	35.9066	0	
-25.1725	-21.6016	574.687	0	
95.6087	-22.0749	180.46	0	
31.3268	-25.5223	126.323	0	
125.206	-21.9293	180.315	0	
108.462	-20.2945	160.132	0	
116.562	-17.9116	200.747	0	
111.958	-20.6901	180.746	0	
114.531	-23.4196	173.763	0	
71.0304	-23.2096	80.0975	0	
141.707	-19.6086	229.985	0	
-113.695	-16.8815	836.923	0	
-110.638	-20.7638	985.075	0	
-122.673	-21.6016	942.869	0	
-122.665	-35.1775	972.339	0	
-16.1947	-16.8815	357.839	0	
-13.138	-20.7638	365.842	0	
-30.539	-20.2596	598.444	0	
-66.1732	-25.5223	636.773	0	
78.8199	-16.4504	129.738	0	
86.8649	-19.5449	206.252	0	
-98.7451	-26.3808	960.407	0	
-88.73	-23.669	858.912	0	
-1.24511	-26.3808	241.065	0	
8.77004	-23.669	191.202	0	
-205.28	-10.9939	412.799	0	
-203.116	-22.3712	421.113	0	
-200.382	-2.4973	420.682	0	
-210.958	-2.99655	403.348	0	
-165.848	-21.217	578.07	0	
-154.734	-21.2796	646.895	0	
168.663	-18.2333	270.749	0	
175.263	-15.1641	281.313	0	
178.781	-17.6852	306.237	0	
199.132	-2.49739	333.556	0	
-119.214	-27.9461	1069.24	0	
27.1474	-26.6553	136.774	0	
-37.9991	-37.0053	585.186	0	
106.132	-26.6725	127.337	0	
-80.5482	-26.5803	798.892	0	
37.9206	-30.6463	85.9676	0	
16.9518	-26.5803	167.712	0	
117.266	-31.4134	164.031	0	
113.963	-28.7182	136.609	0	
84.3565	-22.7175	101.713	0	
79.9548	-20.502	137.156	0	
78.3935	-30.9545	77.2752	0	
109.886	-30.7265	145.202	0	
-170.264	-22.5426	528.798	0	
-186.586	-34.0715	486.615	0	
-71.4692	-32.4504	739.93	0	
-64.3552	-29.4863	652.753	0	
-129.522	-33.6809	1008.17	0	
-77.2844	-32.8618	815.691	0	
26.0308	-32.4504	146.426	0	
33.1448	-29.4863	110.862	0	
-35.8192	-26.3093	595.161	0	
20.2156	-32.8618	181.587	0	
-32.3341	-32.9669	577.765	0	
200.219	-31.4848	334.839	0	
-81.3536	-39.2894	918.378	0	
-59.5794	-30.6463	629.152	0	
-173.766	-29.45	573.457	0	
48.7057	-33.5404	59.1227	0	
-67.173	-34.0637	689.795	0	
-62.7476	-39.8274	678.893	0	
-10.2351	-42.3533	358.327	0	
100.623	-33.4418	112.178	0	
30.327	-34.0637	112.298	0	
34.7524	-39.8274	119.029	0	
-136.209	-17.737	765.068	0	
-132.365	-22.2129	912.546	0	
-43.198	-18.7365	529.72	0	
-38.6886	-17.6956	558.188	0	
229.784	-7.91137	334.991	0	
-195.655	-9.12754	430.536	0	
-184.632	-17.2543	463.53	0	
-223.649	-3.59612	394.122	0	
-198.906	-17.9043	431.411	0	
132.435	-31.2901	170.714	0	
136.452	-29.449	211.654	0	
186.376	-7.64136	313.872	0	
187.265	-14.6613	323.722	0	
182.331	-13.8541	308.116	0	
189.97	-10.4787	327.728	0	
60.3681	-18.9378	45.2107	0	
76.0405	-24.963	58.0536	0	
119.878	-37.6577	147.395	0	
137.314	-23.0545	168.283	0	
-140.704	-18.1438	765.449	0	
-139.168	-26.5268	891.822	0	
-133.48	-26.6767	913.645	0	
-92.1633	-28.1316	1017.68	0	
-50.4644	-23.7627	536.469	0	
-44.8887	-23.6362	556.501	0	
-57.1344	-37.3795	648.733	0	
-21.7444	-28.0369	518.272	0	
124.816	-30.5282	170.23	0	
128.715	-28.4856	180.981	0	
-154.172	-36.2055	720.024	0	
-205.51	-5.49385	417.605	0	
-189.708	-16.9412	460.157	0	
190.469	-19.3683	334.064	0	
194.401	-9.15162	328.764	0	
180.928	-24.6306	322.891	0	
209.708	-2.99653	337.249	0	
40.3656	-37.3795	90.1433	0	
84.393	-29.5111	70.6319	0	
-148.752	-31.7441	827.253	0	
-141.483	-33.3657	899.803	0	
-51.8547	-39.276	625.087	0	
-41.3536	-26.7331	592.581	0	
124.872	-36.6466	167.028	0	
149.858	-28.1793	256.627	0	
5.33672	-28.1316	199.64	0	
129.988	-37.1068	202.022	0	
106.151	-35.183	135.714	0	
179.128	-40.5991	330.616	0	
74.4903	-38.1045	49.944	0	
95.862	-26.6762	119.929	0	
101.314	-28.4806	139.731	0	
-90.1079	-37.043	901.766	0	
67.1678	-36.6738	48.8044	0	
65.58	-54.9481	106.748	0	
113.853	-42.0949	169.629	0	
-199.966	-12.5463	427.098	0	
187.682	-25.5065	327.391	0	
209.204	-15.0839	339.884	0	
113.919	-50.1317	152.406	0	
-193.119	-20.7159	440.277	0	
-135.899	-48.5637	885.073	0	
-48.7724	-33.5709	599.683	0	
-43.2385	-32.7137	594.444	0	
134.099	-42.95	203.966	0	
122.432	-54.3794	218.416	0	
87.7148	-33.6491	90.9896	0	
95.3237	-40.1176	98.3678	0	
99.1751	-43.1784	130.018	0	
98.2767	-48.6319	126.965	0	
7.39212	-37.043	239.402	0	
-25.6479	-34.8802	505.385	0	
-217.111	-6.59266	390.469	0	
-216.837	-13.1836	393.508	0	
215.587	-13.1843	336.3	0	
222.399	-3.59612	337.249	0	
-178.18	-51.9759	523.715	0	
-153.647	-49.4659	731.754	0	
95.9829	-35.2801	111.979	0	
105.363	-40.0821	122.42	0	
-47.377	-47.5674	616.934	0	
-39.0554	-46.1539	564.96	0	
92.3318	-31.2524	95.1445	0	
88.4066	-44.521	82.534	0	
16.1464	-39.2894	197.464	0	
104.53	-53.5724	160.766	0	
89.6237	-39.8659	107.012	0	
93.2082	-50.2262	136.25	0	
80.0854	-44.9589	94.0721	0	
195.014	-53.6987	331.534	0	
46.9683	-23.7287	60.5673	0	
65.1315	-24.4061	36.3658	0	
45.6907	-39.2794	70.4704	0	
56.758	-28.3975	37.274	0	
58.9988	-47.2745	69.0821	0	
63.2794	-29.0001	38.4065	0	
54.5197	-33.9094	38.855	0	
60.6283	-39.7232	51.9578	0	
-112.153	-26.9719	997.625	0	
-106.813	-41.5616	954.156	0	
-14.6834	-27.0627	405.674	0	
-20.3964	-45.3419	452.992	0	
-180.822	-20.7977	512.683	0	
-180.372	-28.6817	497.38	0	
-28.1388	-52.5772	485.651	0	
-8.42563	-30.9174	328.659	0	
-223.045	-18.0992	388.733	0	
197.484	-18.6006	332.965	0	
221.795	-18.0997	336.281	0	
-116.522	-44.9384	1027.63	0	
-105.895	-30.8265	1087.25	0	
-210.454	-15.0875	405.852	0	
-209.349	-21.1068	403.415	0	
214.41	-27.8426	335.81	0	
201.692	-23.0481	338.46	0	
-168.63	-35.332	585.957	0	
-185.88	-47.0569	453.153	0	
-58.4369	-62.9932	616.337	0	
99.1429	-60.8213	180.834	0	
90.5758	-57.9619	136.808	0	
-48.4864	-72.4847	507.416	0	
146.007	-88.8777	293.817	0	
49.8752	-47.1998	84.565	0	
76.1765	-53.3494	93.799	0	
-231.034	-7.91137	379.35	0	
193.225	-33.1755	337.429	0	
-196.586	-54.0406	411.743	0	
-97.6075	-46.0273	1020.43	0	
32.5931	-47.2676	147.872	0	
3.02215	-58.9551	284.001	0	
-230.704	-15.8235	385.844	0	
-199.677	-29.8849	421.032	0	
-199.122	-68.7901	381.507	0	
-232.183	-28.9135	384.025	0	
-145.673	-56.093	673.644	0	
-65.0282	-47.5636	732.419	0	
-0.999147	-46.7281	303.035	0	
39.3398	-61.6705	185.984	0	
208.094	-21.1083	335.389	0	
176.392	-31.8898	301.903	0	
229.454	-15.8234	335.584	0	
209.137	-35.1834	332.032	0	
139.328	-61.0399	255.997	0	
189.207	-41.0089	325.567	0	
-222.975	-26.721	385.296	0	
221.729	-26.7336	334.244	0	
231.761	-29.6353	333.08	0	
142.356	-40.4982	245.733	0	
158.523	-43.1702	297.041	0	
131.472	-51.1747	239.57	0	
149.176	-46.3437	252.822	0	
-209.391	-44.9615	391.693	0	
24.809	-66.1786	215.325	0	
-73.5915	-67.1651	627.303	0	
-93.917	-58.2892	786.554	0	
-54.9373	-53.4072	633.149	0	
81.8654	-60.6471	148.88	0	
-101.539	-70.7175	676.498	0	
-234.45	-44.5321	367.595	0	
207.95	-49.5639	334.231	0	
42.3908	-52.7401	136.29	0	
65.768	-76.5282	212.711	0	
-186.216	-79.8078	389.248	0	
60.9715	-64.9719	159.316	0	
84.6816	-83.8123	243.385	0	
133.127	-72.183	292.476	0	
169.605	-47.203	301.305	0	
99.0487	-73.5167	209.999	0	
121.291	-67.4347	230.731	0	
76.0654	-73.8022	180.071	0	
21.5973	-78.4887	298.096	0	
148.776	-58.6606	296.152	0	
159.318	-65.2507	305.771	0	
-118.231	-67.6676	714.957	0	
-123.641	-53.3865	817.172	0	
223.493	-56.6049	319.275	0	
-170.587	-61.0571	499.873	0	
-162.29	-53.2661	585.766	0	
-75.7218	-48.391	756.428	0	
-80.7855	-58.4064	810.347	0	
-78.6641	-83.0863	557.327	0	
42.8672	-124.784	278.325	0	
21.8995	-48.0949	190.076	0	
17.1665	-58.0755	259.08	0	
110.772	-78.66	259.208	0	
-128.033	-80.0868	566.347	0	
-143.217	-73.3351	589.597	0	
48.3422	-68.3158	192.698	0	
43.0743	-85.2084	252.307	0	
-31.1187	-67.2315	512.844	0	
6.99334	-83.9003	295.361	0	
180.708	-83.077	319.227	0	
-212.548	-78.6717	346.811	0	
55.4568	-91.151	244.814	0	
30.86	-90.8732	273.479	0	
195.719	-99.5338	298.29	0	
-155.091	-83.9494	454.389	0	
22.5656	-111.1	293.658	0	
-3.93924	-72.4697	376.449	0	
5.64357	-105.233	339.227	0	
-222.226	-50.9126	380.103	0	
162.751	-84.3246	310.006	0	
186.132	-63.0524	316.03	0	
-120.967	-99.7543	458.757	0	
-93.4804	-86.7559	566.127	0	
221.832	-84.1178	310.915	0	
-21.1018	-77.8858	376.152	0	
-26.257	-99.2576	399.942	0	
-222.846	-69.8732	356.936	0	
82.4716	-105.887	264.823	0	
-155.483	-105.393	384.59	0	
137.733	-106.863	309.005	0	
-208.069	-100.978	340.429	0	
-170.837	-73.8717	458.51	0	
-103.106	-103.373	434.694	0	
114.335	-101.394	280.977	0	
-63.2341	-129.89	367.802	0	
-190.247	-100.547	340.236	0	
-175.26	-116.054	342.447	0	
63.5442	-110.5	288.527	0	
100.401	-118.325	295.971	0	
-14.9272	-144.737	334.134	0	
-136.544	-114.446	392.079	0	
-10.4442	-115.174	316.865	0	
-62.9959	-88.4674	519.692	0	
-50.7834	-104.586	374.51	0	
-91.8996	-128.662	360.801	0	
-132.369	-138.886	359.578	0	
-178.662	-146.313	318.896	0	
-43.1907	-154.124	325.861	0	
-213.777	-154.351	302.136	0	
184.547	-133.757	301.85	0	
43.9892	-153.642	295.79	0	
105.563	-154.614	285.455	0	
-105.586	-149.483	357.325	0	
153.516	-136.648	290.993	0	
222.629	-148.911	289.449	0	
