# File: UnstructuredGrid_Inversion_L0_Coarse_Iter03.dat
# (No specific header documentation)

-158.75	-0.496475	196.614	0	
-156.875	-0.668155	241.513	0	
-60.625	-0.431516	196.532	0	
36.875	-0.431516	218.193	0	
-228.198	-124.523	307.674	0	
135.625	-0.668155	223.601	0	
38.125	-0.668155	220.429	0	
-169.883	-44.1849	568.773	0	
-59.375	-0.668155	201.417	0	
-115.32	-2.91409	180.036	0	
-208.422	-34.2476	394.477	0	
-85.9973	-2.80091	186.253	0	
-161.562	-31.1528	681.039	0	
-162.282	-23.9451	578.097	0	
-110.104	-1.86538	173.293	0	
-135.637	-38.619	896.652	0	
-61.354	-1.86538	195.627	0	
-135.104	-1.86538	177.264	0	
-148.497	-8.59138	373.456	0	
-146.25	-1.09967	196.298	0	
-142.708	-2.72654	193.61	0	
-143.958	-2.01633	190.93	0	
-129.845	-3.05088	195.491	0	
-151.594	-4.85908	259.132	0	
-155.208	-2.01633	244.865	0	
-146.05	-12.2522	496.7	0	
-152.292	-2.72654	230.475	0	
-159.95	-16.471	525.865	0	
134.375	-0.431516	203.854	0	
-17.8202	-2.91409	195.824	0	
-156.27	-3.86216	241.516	0	
-41.4583	-2.01633	189.302	0	
-154.792	-2.72654	230.497	0	
-153.542	-3.47328	237.421	0	
-12.604	-1.86538	197.195	0	
-148.795	-2.8545	226.831	0	
36.146	-1.86538	214.494	0	
-37.604	-1.86538	183.058	0	
-170.813	-2.26882	396.911	0	
-48.75	-1.09967	187.911	0	
-166.927	-1.72974	318.274	0	
-163.743	-2.99807	297.624	0	
-57.2917	-2.72654	200.114	0	
-165.769	-3.46425	353.389	0	
-56.0417	-3.47328	199.719	0	
-157.576	-8.14551	360.727	0	
-54.7917	-2.72654	196.805	0	
-63.125	-0.36089	195.65	0	
-162.675	-0.60932	274.054	0	
-82.5	-1.09967	176.624	0	
-60.5207	-2.1669	196.695	0	
-155	-1.09967	201.695	0	
-75.5207	-2.1669	193.293	0	
-160.875	-0.935418	240.913	0	
-65.625	-0.431516	195.761	0	
85.625	-0.668155	184.993	0	
-154.375	-0.668155	260.099	0	
61.875	-0.668155	219.217	0	
-151.875	-0.668155	254.343	0	
-151.25	-1.09967	228.001	0	
44.7917	-2.01633	211.364	0	
-153.125	-0.431516	247.418	0	
56.0417	-2.01633	208.103	0	
-155.625	-0.431516	238.071	0	
78.4298	-2.91409	206.622	0	
-161.767	-1.54474	290.313	0	
-55	-1.09967	189.975	0	
-150.625	-0.431516	241.503	0	
-152.5	-1.09967	202.348	0	
37.2915	-5.36053	219.711	0	
-148.125	-0.366631	224.9	0	
37.2841	-3.06466	215.865	0	
-145.625	-0.668155	233.292	0	
-146.875	-0.431516	221.826	0	
43.125	-0.668155	220.342	0	
38.9583	-2.01633	212.972	0	
-144.375	-0.431516	209.253	0	
34.375	-0.36089	215.031	0	
-141.875	-0.431516	203.133	0	
-140.625	-0.668155	212.515	0	
31.875	-0.431516	214.226	0	
-141.25	-1.09967	191.542	0	
40	-1.09967	201.387	0	
-145	-1.09967	160.825	0	
40.625	-0.668155	219.746	0	
15	-1.09967	188.779	0	
-133.75	-1.09967	167.936	0	
140.625	-3.34884	208.396	0	
-134.375	-0.431516	186.461	0	
-133.125	-0.668155	204.668	0	
144.345	-3.52006	216.223	0	
-135.625	-0.366631	195.994	0	
148.422	-2.00504	216.985	0	
138.422	-2.00504	207.698	0	
-131.875	-0.431516	180.503	0	
136.756	-2.06993	205.11	0	
-125	-1.09967	184.638	0	
-128.75	-1.09967	173.355	0	
138.125	-0.366631	214.236	0	
-131.25	-0.798148	181.452	0	
139.375	-0.668155	210.08	0	
-132.5	-1.09967	172.564	0	
145.625	-0.668155	233.822	0	
-140	-1.09967	163.45	0	
21.9793	-2.1669	199.978	0	
129.375	-0.431516	195.737	0	
-125.625	-0.431516	185.428	0	
111.25	-1.09967	186.741	0	
-123.75	-1.09967	187.489	0	
-122.5	-0.798148	180.141	0	
-111.875	-0.36089	170.747	0	
-117.604	-1.86538	174.439	0	
119.479	-2.1669	195.726	0	
-120.881	-3.06027	189.002	0	
-118.125	-0.366631	178.986	0	
-99.4045	-3.52006	191.237	0	
-115.625	-0.668155	178.67	0	
-110	-0.798148	179.455	0	
-88.125	-0.668155	175.431	0	
-116.875	-0.431516	172.121	0	
-123.125	-0.431516	186.091	0	
-116.25	-1.09967	173.759	0	
-114.375	-0.431516	173.58	0	
-98.125	-0.668155	177.872	0	
-108.75	-1.09967	172.137	0	
-104.375	-0.668155	176.257	0	
-109.375	-0.431516	173.445	0	
-108.125	-0.668155	177.922	0	
-106.994	-2.06993	176.573	0	
-110.625	-0.366631	172.583	0	
-109.271	-2.1669	175.164	0	
-136.875	-0.36089	189.986	0	
-106.875	-0.431516	172.304	0	
-134.068	-5.08295	232.708	0	
-98.75	-1.09967	179.339	0	
-103.75	-1.09967	178.378	0	
-124.375	-0.668155	178.185	0	
-106.25	-0.798148	173.922	0	
-139.375	-0.431516	193.336	0	
-107.5	-1.09967	176.08	0	
-105.625	-0.366631	174.123	0	
-115	-1.09967	179.304	0	
-105.328	-2.00504	172.177	0	
-126.875	-0.366631	176.78	0	
131.875	-0.36089	201.015	0	
-103.125	-0.431516	178.653	0	
49.375	-0.668155	213.976	0	
-129.375	-0.668155	179.303	0	
-100.625	-0.366631	177.496	0	
-130.625	-0.366631	187.021	0	
-90.104	-1.86538	177.36	0	
-99.375	-0.431516	177.637	0	
-131.994	-2.06993	181.094	0	
-147.589	-1.76841	209.657	0	
-96.875	-0.431516	175.207	0	
-135	-0.798148	189.37	0	
-94.375	-0.668155	178.212	0	
-88.75	-1.09967	177.686	0	
-146.756	-2.06993	209.82	0	
-96.25	-0.798148	173.096	0	
-146.468	-2.99641	209.984	0	
-97.5	-1.09967	179.787	0	
-149.375	-0.668155	234.71	0	
-144.792	-2.01633	213.672	0	
-89.375	-0.431516	177.239	0	
-153.75	-1.09967	238.667	0	
-87.5	-1.09967	182.672	0	
-86.875	-0.431516	178.896	0	
-153.542	-2.01633	230.41	0	
-68.854	-1.86538	192.465	0	
-143.75	-1.09967	205.096	0	
-147.5	-0.798148	194.302	0	
-83.125	-0.431516	178.882	0	
-150	-1.09967	198.128	0	
-81.25	-1.09967	182.511	0	
-80.625	-0.431516	182.253	0	
-156.25	-1.09967	235.595	0	
-76.354	-1.86538	184.539	0	
-151.042	-2.01633	225.441	0	
-83.75	-0.798148	181.817	0	
-152.708	-2.01633	243.899	0	
-90.625	-0.366631	172.577	0	
-143.125	-0.668155	210.943	0	
-14.375	-0.36089	202.663	0	
-75.625	-0.431516	186.898	0	
-23.3807	-3.06027	208.561	0	
-68.75	-0.798148	196.131	0	
-73.75	-1.09967	186.645	0	
-25.625	-0.431516	190.779	0	
-74.375	-0.668155	195.885	0	
-16.875	-0.431516	203.731	0	
9.375	-0.668155	188.171	0	
-69.375	-0.366631	198.102	0	
-0.625	-0.668155	205.7	0	
-66.875	-0.668155	199.807	0	
-61.25	-0.798148	196.787	0	
-11.7707	-2.1669	195.394	0	
-68.125	-0.431516	194.623	0	
-7.82772	-2.00504	202.204	0	
-67.5	-1.09967	190.395	0	
-1.90454	-3.52006	198.306	0	
-9.49439	-2.06993	201.767	0	
-60	-1.09967	192.316	0	
-39.375	-0.36089	189.233	0	
36.9793	-2.1669	215.701	0	
-57.5	-1.09967	192.072	0	
-41.875	-0.431516	188.581	0	
-61.875	-0.366631	200.409	0	
-8.125	-0.366631	209.432	0	
-26.875	-0.668155	197.495	0	
-56.875	-0.668155	200.486	0	
-31.875	-0.668155	191.925	0	
-54.375	-0.668155	195.882	0	
-53.75	-1.09967	191.058	0	
-34.4944	-2.06993	186.328	0	
-55.625	-0.431516	196.433	0	
-36.7707	-2.1669	198.102	0	
-58.125	-0.431516	197.154	0	
-36.5676	-5.08295	242.829	0	
-66.25	-1.09967	193.045	0	
-6.875	-0.668155	206.175	0	
-76.875	-0.366631	189.933	0	
-156.042	-2.01633	222.719	0	
-51.875	-0.668155	194.592	0	
-50.625	-0.366631	190.528	0	
-48.9679	-2.99641	191.431	0	
-48.125	-0.668155	187.262	0	
-47.5	-1.09967	186.001	0	
-37.5	-0.798148	191.034	0	
-49.375	-0.431516	190.362	0	
-50.0889	-1.76841	188.261	0	
-45.625	-0.668155	187.19	0	
-43.75	-1.09967	187.122	0	
-46.25	-1.09967	184.339	0	
-43.125	-0.668155	183.577	0	
-42.5	-1.09967	189.469	0	
-56.25	-1.09967	189.676	0	
-44.375	-0.431516	187.124	0	
-47.2917	-2.01633	188.654	0	
-46.875	-0.431516	190.379	0	
-49.2556	-2.06993	192.157	0	
-57.7083	-2.01633	195.257	0	
-38.125	-0.366631	185.908	0	
-53.5417	-2.01633	191.716	0	
-35.625	-0.668155	190.806	0	
-35	-1.09967	184.983	0	
-52.5	-1.09967	184.96	0	
-36.875	-0.431516	192.71	0	
-50	-0.798148	188.454	0	
-58.5417	-2.01633	198.576	0	
-33.75	-0.798148	184.384	0	
-62.5	-0.727521	197.912	0	
-31.25	-1.09967	173.996	0	
-29.375	-0.366631	195.357	0	
-68.0207	-2.1669	197.493	0	
-27.5	-1.09967	174.122	0	
-64.375	-0.668155	202.555	0	
-34.375	-0.431516	190.215	0	
-58.75	-1.09967	190.888	0	
-36.25	-1.09967	181.346	0	
-56.0417	-2.01633	195.23	0	
-66.0417	-2.01633	194.945	0	
-20.104	-1.86538	193.08	0	
-70.625	-0.36089	191.201	0	
-25	-0.798148	185.171	0	
-18.75	-1.09967	192.165	0	
-73.125	-0.431516	191.309	0	
-26.25	-1.09967	191.233	0	
-65	-1.09967	189.238	0	
-75	-1.09967	181.644	0	
-19.375	-0.431516	200.981	0	
105.625	-0.668155	172.892	0	
-12.5	-0.798148	195.534	0	
-17.5	-1.09967	189.977	0	
88.7946	-2.8545	200.775	0	
-18.125	-0.668155	197.372	0	
99.7712	-2.84299	183.982	0	
-20.625	-0.366631	192.552	0	
-86.4583	-2.01633	180.844	0	
107.753	-2.80091	186.624	0	
-13.125	-0.366631	202.791	0	
86.7556	-2.06993	196.495	0	
-10.625	-0.668155	213.956	0	
-10	-1.09967	197.867	0	
88.125	-0.366631	186.691	0	
-11.875	-0.431516	208.094	0	
89.375	-0.668155	198.311	0	
79.375	-0.431516	205.918	0	
-8.75	-0.798148	207.366	0	
71.25	-0.798148	218.02	0	
-6.25	-1.09967	204.721	0	
-5.625	-0.431516	208.24	0	
64.6723	-2.00504	216.28	0	
-1.25	-1.09967	204.812	0	
72.8693	-3.06027	216.599	0	
-9.375	-0.431516	207.065	0	
81.875	-0.36089	203.73	0	
-11.25	-1.09967	193.871	0	
95.625	-0.668155	180.973	0	
-28.125	-0.431516	192.757	0	
-62.5054	-1.48403	195.429	0	
-53.125	-0.431516	192.688	0	
-33.125	-0.366631	187.57	0	
-134.271	-2.1669	193.13	0	
-3.125	-0.366631	208.359	0	
-1.875	-0.431516	200.628	0	
65.625	-0.668155	216.583	0	
7.39595	-1.86538	193.571	0	
-3.70074e-17	-1.09967	198.96	0	
72.1723	-2.00504	214.432	0	
64.375	-0.366631	218.571	0	
0.625	-0.431516	197.466	0	
55.625	-0.431516	210.574	0	
3.125	-0.668155	194.337	0	
8.75	-1.09967	194.559	0	
48.5321	-2.99641	214.835	0	
1.25	-0.798148	200.743	0	
58.125	-0.36089	208.962	0	
6.875	-0.366631	190.796	0	
63.0056	-2.06993	215.215	0	
48.2444	-2.06993	205.779	0	
8.125	-0.431516	188.077	0	
50.2083	-2.01633	212.21	0	
10	-1.09967	194.202	0	
10.625	-0.431516	187.554	0	
51.25	-1.09967	208.662	0	
28.646	-1.86538	202.676	0	
51.875	-0.668155	207.532	0	
47.4111	-1.76841	209.111	0	
14.375	-0.431516	186.375	0	
47.5	-0.798148	201.126	0	
16.25	-1.09967	187.579	0	
16.875	-0.431516	189.647	0	
43.9583	-2.01633	213.252	0	
21.146	-1.86538	191.689	0	
39.7917	-2.01633	216.925	0	
13.75	-0.798148	192.048	0	
45.625	-0.668155	211.772	0	
20.625	-0.366631	195.789	0	
60	-0.798148	205.3	0	
41.25	-1.09967	214.188	0	
21.875	-0.431516	191.931	0	
33.125	-0.668155	219.711	0	
28.75	-0.798148	207.335	0	
23.75	-1.09967	194.107	0	
34.9946	-1.48403	214.677	0	
23.125	-0.668155	202.971	0	
41.4583	-2.01633	212.288	0	
35	-0.727521	205.491	0	
28.125	-0.366631	211.196	0	
32.5	-1.09967	192.8	0	
30.625	-0.668155	218.508	0	
36.25	-0.798148	214.61	0	
26.875	-0.36089	198.464	0	
29.375	-0.431516	206.212	0	
31.4583	-2.01633	206.196	0	
30	-1.09967	193.071	0	
29.4793	-2.1669	209.513	0	
11.0417	-2.01633	192.444	0	
37.5	-1.09967	205.646	0	
150.625	-0.431516	220.482	0	
128.43	-2.91409	201.814	0	
38.75	-1.09967	212.515	0	
150	-1.09967	216.111	0	
35.625	-0.366631	222.309	0	
22.5	-1.09967	186.947	0	
153.75	-0.798148	189.21	0	
42.5	-1.09967	199.004	0	
148.125	-0.366631	220.839	0	
48.75	-1.09967	204.881	0	
43.75	-1.09967	207.586	0	
141.875	-0.668155	215.771	0	
41.875	-0.431516	218.538	0	
146.756	-2.06993	217.442	0	
39.375	-0.431516	219.563	0	
149.771	-2.84299	213.039	0	
31.25	-1.09967	203.995	0	
24.375	-0.431516	198.073	0	
44.375	-0.431516	219.44	0	
45	-1.09967	205.08	0	
138.795	-2.8545	206.706	0	
46.875	-0.366631	213.661	0	
140.208	-2.01633	209.788	0	
59.896	-1.86538	209.215	0	
50	-1.09967	187.516	0	
141.25	-1.09967	209.78	0	
48.125	-0.431516	210.585	0	
143.75	-0.798148	218.463	0	
138.75	-1.03479	209.958	0	
53.75	-1.09967	207.71	0	
132.495	-1.48403	200.814	0	
54.375	-0.668155	204.115	0	
55	-1.09967	201.518	0	
126.979	-2.1669	198.859	0	
53.125	-0.431516	205.109	0	
130.625	-0.668155	212.265	0	
50.625	-0.431516	206.52	0	
137.589	-1.76841	207.107	0	
128.958	-2.01633	193.112	0	
59.375	-0.366631	209.692	0	
83.646	-1.86538	196.587	0	
60.625	-0.431516	218.376	0	
62.5	-1.09967	205.99	0	
124.375	-0.36089	189.974	0	
61.25	-1.09967	204.946	0	
130	-1.09967	181.524	0	
110.686	-4.3008	193.835	0	
63.125	-0.431516	217.45	0	
-113.125	-0.668155	178.292	0	
68.75	-1.09967	206.918	0	
67.5	-0.798148	203.698	0	
-111.255	-1.48403	172.798	0	
63.75	-0.798148	217.095	0	
113.75	-0.798148	182.915	0	
68.125	-0.431516	221.152	0	
121.875	-0.431516	186.585	0	
93.125	-0.366631	182.058	0	
132.5	-0.727521	198.654	0	
-111.25	-0.727521	174.987	0	
76.146	-1.86538	208.459	0	
-113.75	-1.09967	170.093	0	
70.625	-0.431516	219.543	0	
77.5	-1.09967	209.539	0	
-118.75	-0.727521	179.664	0	
70	-1.09967	203.896	0	
-114.792	-2.01633	175.208	0	
-89.2707	-2.1669	179.454	0	
76.875	-0.431516	210.383	0	
-93.9788	-2.84299	171.195	0	
83.75	-0.798148	192.517	0	
78.75	-1.09967	202.983	0	
-85.625	-0.668155	175.135	0	
78.125	-0.668155	196.703	0	
-81.875	-0.668155	186.247	0	
75.625	-0.366631	202.554	0	
-120.625	-0.668155	184.182	0	
-86.25	-1.09967	180.183	0	
83.125	-0.366631	188.094	0	
-93.75	-1.09967	171.052	0	
133.646	-1.86538	200.153	0	
86.25	-1.09967	196.202	0	
-104.955	-2.8545	187.357	0	
84.375	-0.431516	197.208	0	
-93.125	-0.431516	176.139	0	
-96.9944	-2.06993	176.841	0	
87.5	-0.798148	192.569	0	
-101.875	-0.668155	177.525	0	
90	-1.09967	185.032	0	
90.625	-0.431516	185.014	0	
-100.089	-1.76841	181.455	0	
95	-1.09967	197.187	0	
-95.625	-0.366631	174.24	0	
86.875	-0.431516	199.265	0	
-90	-0.798148	180.77	0	
85	-1.09967	200.736	0	
-87.2917	-2.01633	181.825	0	
-116.771	-2.1669	179.143	0	
143.661	-1.76841	211.249	0	
-100	-0.798148	181.166	0	
94.375	-0.431516	187.625	0	
-102.5	-1.09967	184.335	0	
96.25	-1.09967	192.586	0	
103.646	-1.86538	179.932	0	
-103.542	-2.01633	184.048	0	
-105	-1.03479	180.806	0	
97.5	-0.798148	193.421	0	
-136.255	-1.48403	185.381	0	
105	-1.09967	186.842	0	
103.125	-0.366631	169.208	0	
-130.328	-2.00504	175.981	0	
99.375	-0.668155	182.843	0	
-138.125	-0.668155	200.537	0	
96.875	-0.431516	188.652	0	
-106.161	-1.76841	176.98	0	
-123.244	-2.06993	175.009	0	
126.146	-1.86538	193.357	0	
-128.125	-0.431516	191.934	0	
106.875	-0.431516	173.166	0	
110	-0.798148	192.205	0	
-126.304	-1.54577	176.691	0	
106.25	-1.09967	182.414	0	
-121.875	-0.366631	175.881	0	
-126.25	-0.798148	187.198	0	
118.646	-1.86538	187.917	0	
-130	-1.03479	194.019	0	
113.125	-0.431516	181.286	0	
120	-1.09967	187.764	0	
-148.75	-1.03479	209.424	0	
112.5	-1.09967	194.156	0	
-131.161	-1.76841	186.279	0	
110.625	-0.431516	178.787	0	
-127.242	-2.24637	170.953	0	
104.375	-0.431516	173.314	0	
-117.5	-0.798148	184.669	0	
-143.542	-2.72654	210.663	0	
119.375	-0.431516	184.816	0	
-139.792	-2.01633	198.667	0	
126.25	-0.798148	196.457	0	
121.25	-1.09967	192.709	0	
-138.75	-1.09967	188.817	0	
120.625	-0.668155	193.551	0	
-136.25	-0.727521	200.504	0	
-142.292	-2.01633	202.382	0	
125.625	-0.366631	201.478	0	
-13.7554	-1.48403	199.928	0	
128.125	-0.668155	202.242	0	
133.75	-0.798148	207.246	0	
-19.2707	-2.1669	195.638	0	
126.875	-0.431516	194.009	0	
-15.625	-0.668155	202.358	0	
127.5	-1.09967	189.23	0	
-142.5	-1.09967	165.526	0	
-17.2917	-2.01633	195.847	0	
135	-1.09967	187.816	0	
-21.25	-0.727521	199.573	0	
158.73	-5.36963	167.975	0	
136.25	-1.09967	198.736	0	
-23.125	-0.668155	191.632	0	
133.125	-0.366631	209.626	0	
-16.25	-1.09967	195.58	0	
15.625	-0.668155	192.743	0	
137.5	-0.798148	200.459	0	
11.875	-0.668155	187.661	0	
140	-1.09967	204.075	0	
140.625	-0.431516	217.363	0	
10.2083	-2.01633	192.103	0	
145	-1.09967	196.627	0	
3.52121	-2.84299	196.567	0	
136.875	-0.431516	212.882	0	
8.22929	-2.1669	195.694	0	
128.75	-1.09967	197.27	0	
-13.75	-0.727521	206.024	0	
118.125	-0.366631	190.509	0	
-148.422	-2.00504	212.78	0	
4.375	-0.431516	198.353	0	
144.375	-0.431516	219.008	0	
-7.45541	-2.8545	198.468	0	
146.25	-1.09967	219.592	0	
146.875	-0.431516	234.766	0	
7.5	-0.798148	199.836	0	
153.646	-1.86538	206.042	0	
3.75	-1.09967	195.262	0	
1.875	-0.366631	198.86	0	
149.375	-0.668155	222.752	0	
-2.58895	-1.76841	203.909	0	
153.125	-0.366631	198.435	0	
154.375	-0.431516	186.033	0	
-11.4094	-3.16789	188.956	0	
155	-1.09967	210.189	0	
-4.375	-0.668155	203.442	0	
147.5	-0.798148	212.726	0	
0.505614	-2.06993	199.442	0	
-6.04167	-2.01633	202.649	0	
156.458	-1.16463	176.332	0	
-8.66105	-1.76841	204.466	0	
159.625	-0.633448	156.892	0	
161.425	-0.98887	161.683	0	
-7.5	-1.03479	209.113	0	
160.517	-1.62232	156.547	0	
-5	-1.09967	207.185	0	
-38.7554	-1.48403	186.49	0	
153.021	-4.78762	200.714	0	
-20	-0.798148	191.72	0	
163.752	-4.86774	196.661	0	
164.832	-2.66958	175.021	0	
-25.7444	-2.06993	185.059	0	
163.115	-0.98887	203.612	0	
-32.8277	-2.00504	184.777	0	
155.484	-3.31993	190.692	0	
-40.625	-0.668155	186.251	0	
155.625	-0.668155	145.066	0	
-2.5	-0.798148	204.051	0	
-30.625	-0.431516	189.093	0	
160.191	-2.997	172.923	0	
-29.7419	-2.24637	182.278	0	
169.563	-2.94058	251.474	0	
154.995	-4.95032	168.496	0	
-28.75	-0.798148	199.939	0	
148.777	-5.11846	200.771	0	
-28.8043	-1.54577	184.393	0	
-32.5	-1.03479	185.069	0	
204.26	-5.49392	335.085	0	
-50.9223	-2.00504	190.081	0	
148.441	-21.3686	179.172	0	
-46.0417	-2.72654	191.392	0	
204.031	-10.9896	326.66	0	
-51.25	-1.03479	186.006	0	
151.796	-5.74288	201.493	0	
-33.6611	-1.76841	189.233	0	
-42.2917	-2.01633	184.22	0	
170.801	-56.9665	323.03	0	
-45	-1.09967	185.985	0	
-44.7917	-2.01633	187.21	0	
-41.25	-1.09967	180.725	0	
-61.9845	-2.19037	197.28	0	
34.9625	-3.24559	216.707	0	
-71.875	-0.668155	197.891	0	
-66.5702	-2.91409	199.812	0	
-63.75	-1.02905	191.192	0	
-38.75	-0.727521	192.736	0	
161.093	-4.56171	177.553	0	
-24.375	-0.366631	196.558	0	
143.125	-0.366631	217.878	0	
11.25	-1.09967	190.742	0	
-70.0054	-1.48403	192.125	0	
-108.909	-3.16789	180.002	0	
-74.0702	-2.91409	195.972	0	
69.375	-0.668155	227.25	0	
-70	-0.727521	197.027	0	
-73.5417	-2.01633	189.512	0	
-72.5	-1.09967	184.175	0	
-77.5	-0.727521	191.243	0	
-79.375	-0.668155	191.317	0	
104.479	-2.1669	184.193	0	
111.875	-0.668155	174.495	0	
98.4223	-2.00504	185.472	0	
108.125	-0.668155	176.35	0	
106.458	-2.01633	183.595	0	
107.5	-1.09967	192.254	0	
100.625	-0.431516	175.133	0	
100	-1.09967	183.017	0	
94.3455	-3.52006	190.244	0	
103.75	-0.798148	184.132	0	
96.7556	-2.06993	189.733	0	
98.125	-0.366631	177.551	0	
91.875	-0.668155	192.803	0	
93.6611	-1.76841	189.007	0	
88.4223	-2.00504	190.138	0	
93.75	-0.798148	187.077	0	
90.2083	-2.01633	194.51	0	
91.25	-1.09967	186.072	0	
87.5889	-1.76841	193.609	0	
88.75	-1.03479	189.136	0	
80.625	-0.668155	192.65	0	
82.4946	-1.48403	197.118	0	
76.9793	-2.1669	203.849	0	
82.5	-0.727521	196.096	0	
78.9583	-2.01633	205.984	0	
80	-1.09967	206.299	0	
75	-0.727521	200.264	0	
73.125	-0.668155	210.252	0	
65.0889	-2.93321	213.595	0	
76.25	-0.798148	202.983	0	
70.5056	-2.06993	217.635	0	
71.875	-0.366631	222.102	0	
66.875	-0.366631	218.561	0	
67.4111	-1.76841	213.303	0	
63.8389	-1.76841	212.394	0	
65	-1.03479	208.104	0	
56.875	-0.668155	210.862	0	
58.7446	-1.48403	208.097	0	
51.4583	-2.72654	213.447	0	
58.75	-0.727521	214.921	0	
55.2083	-2.01633	207.513	0	
56.25	-1.09967	202.051	0	
52.5	-1.09967	197.554	0	
52.7083	-2.01633	209.914	0	
46.25	-1.03479	209.408	0	
46.5777	-2.00504	210.006	0	
33.75	-1.02905	210.785	0	
35.5155	-2.19037	213.153	0	
30.9298	-2.91409	212.122	0	
134.841	-3.16789	203.168	0	
25.625	-0.668155	205.628	0	
27.4946	-1.48403	201.814	0	
23.4298	-2.91409	202.396	0	
27.5	-0.727521	200.983	0	
23.9583	-2.01633	195.696	0	
25	-1.09967	187.514	0	
20	-0.727521	198.053	0	
18.125	-0.668155	191.715	0	
151.875	-0.36089	221.546	0	
152.495	-1.48403	210.27	0	
153.016	-2.19037	194.717	0	
152.5	-0.727521	204.746	0	
147.589	-1.76841	222.069	0	
148.75	-1.03479	223.127	0	
142.5	-1.03479	208.497	0	
142.828	-2.00504	214.919	0	
134.479	-2.1669	207.825	0	
154.479	-2.1669	171.189	0	
131.25	-1.02905	192.274	0	
133.016	-2.19037	204.01	0	
129.792	-2.01633	203.262	0	
171.752	-1.25987	245.223	0	
123.125	-0.668155	203.129	0	
124.995	-1.48403	192.944	0	
120.93	-2.91409	198.248	0	
125	-0.727521	193.725	0	
121.458	-2.01633	189.377	0	
122.5	-1.09967	184.594	0	
117.5	-0.727521	195.911	0	
115.625	-0.668155	188.158	0	
-112.5	-1.02905	172.854	0	
-110.734	-2.19037	175.369	0	
-138.958	-2.01633	185.032	0	
-62.5375	-3.24559	199.131	0	
-119.375	-0.36089	174.659	0	
-118.755	-1.48403	174.919	0	
-83.0056	-2.06993	187.381	0	
-76.25	-0.798148	191.239	0	
-81.0417	-2.01633	180.981	0	
-80	-1.09967	175.752	0	
-84.375	-0.366631	180.446	0	
-83.8389	-1.76841	179.679	0	
-91.875	-0.36089	174.332	0	
-91.2554	-1.48403	175.12	0	
-90.7345	-2.19037	179.097	0	
-91.25	-0.727521	182.276	0	
-96.1611	-1.76841	180.579	0	
-95	-1.03479	181.919	0	
-101.25	-1.03479	182.517	0	
-100.922	-2.00504	174.669	0	
-65.2083	-2.01633	197.93	0	
-95.3277	-2.00504	171.189	0	
-137.5	-1.02905	174.897	0	
-135.734	-2.19037	191.206	0	
-151.04	-3.47677	235.071	0	
-118.787	-3.24559	186.36	0	
-122.411	-1.76841	185.507	0	
-121.25	-1.03479	182.245	0	
-127.5	-0.798148	171.99	0	
-128.229	-2.1669	190.172	0	
-113.958	-2.01633	177.941	0	
-121.578	-2.00504	174.213	0	
-215.662	-27.8248	396.231	0	
-114.833	-3.79821	189.809	0	
-15	-1.02905	198.936	0	
-13.2345	-2.19037	196.377	0	
-21.2875	-3.24559	207.554	0	
11.5027	-2.80091	194.309	0	
-21.875	-0.36089	196.771	0	
-21.2554	-1.48403	193.138	0	
14.4944	-2.06993	194.015	0	
21.25	-0.798148	197.676	0	
16.4583	-2.01633	191.962	0	
17.5	-1.09967	190.385	0	
13.125	-0.366631	187.317	0	
13.6611	-1.76841	190.139	0	
5.625	-0.36089	186.628	0	
6.24459	-1.48403	192.916	0	
6.76554	-2.19037	198.368	0	
6.25	-0.727521	197.498	0	
1.33895	-1.76841	200.224	0	
2.5	-1.03479	201.753	0	
-3.75	-1.03479	206.803	0	
-3.42228	-2.00504	203.463	0	
32.2917	-2.01633	213.048	0	
2.17228	-2.00504	197.777	0	
-40	-1.02905	185.052	0	
-38.2345	-2.19037	190.789	0	
-45.2083	-2.72654	192.94	0	
-32.3447	-3.05088	202.883	0	
-24.9111	-1.76841	195.753	0	
-23.75	-1.03479	196.709	0	
-30	-0.798148	179.905	0	
-30.7293	-2.1669	197.169	0	
-16.4583	-2.01633	195.866	0	
-24.0777	-2.00504	188.177	0	
-55.2083	-2.01633	193.952	0	
-46.4583	-2.01633	188.412	0	
-63.3387	-1.78555	197.193	0	
-63.4751	-2.84652	197.843	0	
-71.25	-1.02905	187.581	0	
-69.4845	-2.19037	195.718	0	
-72.7083	-2.01633	193.305	0	
-100.61	-4.06799	182.597	0	
-78.125	-0.36089	183.742	0	
-77.5054	-1.48403	184.464	0	
115.369	-3.06027	190.017	0	
118.75	-0.798148	192.962	0	
113.006	-2.06993	184.221	0	
114.375	-0.366631	178.545	0	
109.375	-0.366631	173.998	0	
109.911	-1.76841	183.585	0	
101.875	-0.36089	174.741	0	
102.495	-1.48403	178.054	0	
103.016	-2.19037	187.685	0	
102.5	-0.727521	195.618	0	
97.5889	-1.76841	189.201	0	
98.75	-1.03479	187.743	0	
92.5	-1.03479	187.069	0	
92.8277	-2.00504	189.953	0	
84.4793	-2.1669	192.597	0	
84.8406	-3.16789	203.211	0	
81.25	-1.02905	200.451	0	
83.0155	-2.19037	196.556	0	
74.9625	-3.24559	214.081	0	
132.463	-3.24559	204.515	0	
74.375	-0.36089	220.081	0	
74.9946	-1.48403	210.5	0	
71.3389	-1.76841	214.771	0	
72.5	-1.03479	213.236	0	
66.25	-1.03479	213.927	0	
66.5777	-2.00504	212.241	0	
60.7293	-2.1669	213.188	0	
79.7917	-2.01633	200.956	0	
57.5	-1.02905	200.927	0	
59.2655	-2.19037	211.264	0	
46.7473	-3.78292	215.758	0	
61.0894	-3.16569	212.093	0	
45.2527	-2.80091	213.034	0	
51.0417	-2.01633	202.275	0	
34.1613	-1.78555	212.647	0	
34.0249	-2.84652	214.9	0	
26.25	-1.02905	195.678	0	
28.0155	-2.19037	205.195	0	
-3.11018	-4.06799	191.179	0	
24.7917	-2.01633	201.503	0	
19.375	-0.36089	187.542	0	
19.9946	-1.48403	191.657	0	
151.25	-0.792406	212.993	0	
151.686	-2.07688	205.728	0	
143.14	-4.06799	212.542	0	
148.111	-4.06622	211.007	0	
144.494	-2.06993	217.27	0	
136.284	-3.07092	207.968	0	
141.042	-2.01633	210.163	0	
132.117	-5.94785	216.024	0	
131.661	-1.78555	201.938	0	
131.525	-2.84652	202.668	0	
123.75	-1.02905	185.936	0	
125.516	-2.19037	195.835	0	
93.1398	-4.06799	195.91	0	
122.292	-2.01633	197.133	0	
116.875	-0.36089	179.954	0	
117.495	-1.48403	186.369	0	
-112.089	-1.78555	175.455	0	
-112.225	-2.84652	174.891	0	
-120	-1.02905	172.305	0	
-118.234	-2.19037	178.478	0	
-138.118	-4.95711	228.728	0	
-123.957	-2.96011	191.838	0	
-85	-1.03479	183.35	0	
-84.6723	-2.00504	180.053	0	
-92.5	-0.792406	190.623	0	
-92.0644	-2.07688	190.137	0	
-111.287	-3.24559	179.543	0	
-103.125	-3.34884	207.786	0	
-99.2556	-2.06993	178.67	0	
-107.466	-3.07092	177.517	0	
-102.708	-2.01633	183.077	0	
-111.633	-5.94785	241.255	0	
-137.089	-1.78555	197.22	0	
-137.225	-2.84652	183.899	0	
-125.471	-1.8473	188.455	0	
-136.746	-5.42835	251.157	0	
-73.5826	-3.79821	200.608	0	
-125.35	-2.73747	170.652	0	
-14.5887	-1.78555	197.43	0	
-14.7251	-2.84652	195.192	0	
-22.5	-1.02905	189.991	0	
-20.7345	-2.19037	194.38	0	
-40.618	-4.95711	222.502	0	
-26.457	-2.96011	215.27	0	
12.5	-1.03479	192.312	0	
12.8277	-2.00504	192.136	0	
5	-0.792406	197.527	0	
5.43557	-2.07688	197.796	0	
-13.7875	-3.24559	191.673	0	
-5.625	-3.34884	194.105	0	
-1.75561	-2.06993	198.934	0	
-9.9664	-3.07092	187.543	0	
-5.20833	-2.01633	200.976	0	
-14.1328	-5.94785	203.439	0	
-39.5887	-1.78555	191.533	0	
-39.7251	-2.84652	186.474	0	
-27.9709	-1.8473	204.911	0	
-39.2462	-5.42835	247.066	0	
-38.7875	-3.24559	206.032	0	
-27.8502	-2.73747	182.086	0	
-70.0375	-3.24559	197.315	0	
31.4174	-3.79821	213.306	0	
-70.8387	-1.78555	193.971	0	
-70.9751	-2.84652	194.275	0	
-78.75	-1.02905	178.589	0	
-76.9845	-2.19037	190.697	0	
-85.0446	-2.8545	188.874	0	
-81.5873	-2.94281	193.736	0	
113.839	-1.76841	185.81	0	
115	-1.03479	185.564	0	
108.75	-1.03479	183.756	0	
109.078	-2.00504	185.111	0	
101.25	-0.792406	187.452	0	
101.686	-2.07688	190.725	0	
82.4625	-3.24559	202.196	0	
90.625	-3.34884	203.318	0	
94.4944	-2.06993	189.787	0	
86.2836	-3.07092	195.709	0	
91.0417	-2.01633	191.148	0	
82.1172	-5.94785	221.802	0	
81.6613	-1.78555	198.818	0	
81.5249	-2.84652	201.313	0	
73.75	-1.02905	214.21	0	
75.5155	-2.19037	207.126	0	
58.7125	-3.24559	213.254	0	
56.1142	-5.74538	196.963	0	
68.2444	-2.06993	215.48	0	
52.9849	-8.22246	165.347	0	
58.2538	-5.42835	205.897	0	
68.2925	-4.4054	223.98	0	
57.9113	-1.78555	211.645	0	
57.7749	-2.84652	210.979	0	
27.4625	-3.24559	207.797	0	
111.856	-6.04794	189.38	0	
26.6613	-1.78555	202.513	0	
26.5249	-2.84652	203.753	0	
18.75	-1.02905	188.474	0	
20.5155	-2.19037	197.777	0	
12.4554	-2.8545	194.994	0	
15.9127	-2.94281	195.854	0	
151.066	-1.75189	216.257	0	
150.233	-2.05915	214.875	0	
124.963	-3.24559	197.861	0	
152.463	-3.24559	198.507	0	
124.161	-1.78555	195.139	0	
124.025	-2.84652	195.504	0	
116.25	-1.02905	181.836	0	
118.016	-2.19037	192.859	0	
117.463	-3.24559	195.987	0	
114.672	-2.00504	187.583	0	
-136.287	-3.24559	207.255	0	
-66.0826	-3.79821	205.239	0	
-119.589	-1.78555	182.003	0	
-119.725	-2.84652	172.064	0	
-87.8202	-2.91409	182.403	0	
-80.2083	-2.01633	188.559	0	
-92.684	-1.75189	171.537	0	
-93.5173	-2.05915	189.795	0	
-150.208	-2.01633	232.545	0	
-140.12	-4.31165	217.199	0	
-127.138	-1.54577	189.306	0	
-126.288	-3.13655	195.844	0	
-17.3326	-3.79821	202.576	0	
9.62811	-4.98343	197.321	0	
-22.0887	-1.78555	198.393	0	
-22.2251	-2.84652	191.666	0	
9.67981	-2.91409	195.908	0	
17.2917	-2.01633	192.6	0	
4.81598	-1.75189	195.163	0	
3.98265	-2.05915	197.414	0	
-43.9583	-3.47328	199.09	0	
-42.6197	-4.31165	214.86	0	
-29.6376	-1.54577	199.322	0	
-28.7878	-3.13655	214.32	0	
-83.4261	-3.92482	204.504	0	
-87.8719	-4.98343	207.776	0	
-78.3387	-1.78555	187.573	0	
-78.4751	-2.84652	188.985	0	
110.744	-2.06993	187.879	0	
108.705	-2.8545	188.016	0	
107.292	-2.01633	181.822	0	
105.93	-2.91409	185.75	0	
101.066	-1.75189	178.762	0	
100.233	-2.05915	188.78	0	
78.9174	-3.79821	218.427	0	
128.917	-3.79821	199.729	0	
74.1613	-1.78555	210.233	0	
74.0249	-2.84652	214.523	0	
53.5417	-3.47328	210.709	0	
54.8803	-4.31165	208.881	0	
23.9174	-3.79821	203.233	0	
6.21255	-3.24559	196.486	0	
19.1613	-1.78555	195.188	0	
19.0249	-2.84652	195.631	0	
146.906	-3.51902	218.031	0	
175.818	-8.94432	281.035	0	
112.679	-3.08731	190.799	0	
121.417	-3.79821	194.53	0	
116.661	-1.78555	191.084	0	
116.525	-2.84652	189.164	0	
-138.605	-3.88818	202.85	0	
-123.385	-4.48196	181.284	0	
-113.607	-3.89079	194.435	0	
-91.2875	-3.24559	202.523	0	
-128.58	-3.14785	174.693	0	
-139.774	-5.38006	234.544	0	
-41.1052	-3.88818	204.527	0	
-25.8847	-4.48196	211.687	0	
-16.1071	-3.89079	201.103	0	
19.9625	-3.24559	199.761	0	
-31.0796	-3.14785	193.102	0	
-42.2738	-5.38006	223.856	0	
-95.6393	-4.06622	181.136	0	
-77.5375	-3.24559	192.927	0	
76.5929	-4.23242	219.194	0	
102.463	-3.24559	191.76	0	
66.9495	-4.25718	220.39	0	
56.3948	-3.88818	210.9	0	
1.86074	-4.06622	194.388	0	
14.0739	-3.92482	198.806	0	
96.9055	-3.51902	189.06	0	
109.39	-4.06799	186.592	0	
41.0417	-2.72654	216.354	0	
40.2083	-2.72654	213.048	0	
-145.337	-2.94281	203.283	0	
-142.292	-3.47328	211.993	0	
-157.708	-1.16463	197.659	0	
-167.502	-5.81125	369.157	0	
-151.458	-2.72654	238.362	0	
-149.747	-2.80091	221.104	0	
-155.26	-5.35468	264.65	0	
-153.958	-2.72654	245.89	0	
-47.8373	-2.94281	193.328	0	
-44.7917	-3.47328	196.533	0	
-53.9583	-2.72654	197.501	0	
-52.7083	-2.01633	193.94	0	
-51.2946	-2.8545	196.976	0	
-52.2473	-2.80091	194.17	0	
-60.2159	-3.06466	201.257	0	
-60.2085	-5.36053	226.133	0	
-67.7159	-3.06466	196.023	0	
-64.5113	-3.00667	197.574	0	
49.6627	-2.94281	206.77	0	
52.7083	-3.47328	214.153	0	
42.2917	-2.01633	216.134	0	
38.8316	-3.68836	215.839	0	
38.4298	-2.91409	218.098	0	
42.7083	-2.72654	212.97	0	
29.7841	-3.06466	206.038	0	
32.9887	-3.00667	210.773	0	
139.747	-2.80091	209.787	0	
141.503	-2.80091	211.645	0	
127.284	-3.06466	194.539	0	
130.489	-3.00667	198.067	0	
-116.466	-3.06466	175.986	0	
-113.261	-3.00667	175.604	0	
-88.9659	-3.06466	185.487	0	
-88.9594	-5.36183	233.273	0	
-104.003	-2.80091	172.412	0	
-102.247	-2.80091	173.578	0	
-141.458	-2.01633	189.053	0	
-138.261	-3.00667	201.049	0	
-144.94	-3.72538	220.453	0	
-141.042	-2.72654	202.97	0	
-18.9659	-3.06466	194.979	0	
-15.7613	-3.00667	193.938	0	
8.53409	-3.06466	197.055	0	
8.54056	-5.36183	197.892	0	
-6.50269	-2.80091	197.562	0	
-4.74731	-2.80091	199.832	0	
-43.9583	-2.01633	188.259	0	
-40.7613	-3.00667	193.191	0	
-47.44	-3.72538	200.832	0	
-43.5417	-2.72654	190.254	0	
-75.2159	-3.06466	189.23	0	
-72.0113	-3.00667	192.849	0	
104.784	-3.06466	186.459	0	
104.791	-5.36183	190.011	0	
89.7473	-2.80091	189.194	0	
91.5027	-2.80091	190.858	0	
77.2841	-3.06466	214.557	0	
80.4887	-3.00667	206.635	0	
53.5417	-2.01633	205.057	0	
56.7387	-3.00667	212.431	0	
50.06	-3.72538	214.033	0	
53.9583	-2.72654	212.029	0	
22.2841	-3.06466	196.264	0	
25.4887	-3.00667	200.78	0	
119.784	-3.06466	190.347	0	
122.989	-3.00667	192.953	0	
-82.7179	-2.99641	181.875	0	
-79.5113	-3.00667	185.733	0	
14.7821	-2.99641	193.364	0	
17.9887	-3.00667	195.56	0	
148.794	-2.85377	215.452	0	
151.549	-3.13784	208.978	0	
-94.9558	-2.85377	193.968	0	
-92.2008	-3.13784	174.458	0	
2.54418	-2.85377	198.606	0	
5.29924	-3.13784	197.561	0	
98.7942	-2.85377	191.63	0	
101.549	-3.13784	184.01	0	
47.8239	-3.92482	205.097	0	
52.2917	-2.72654	207.45	0	
-150.162	-3.55114	238.356	0	
-149.731	-4.40508	248.854	0	
-156.648	-3.04538	235.402	0	
-162.586	-7.77018	367.836	0	
-151.873	-3.97501	247.512	0	
-148.253	-3.78292	225.959	0	
-191.185	-10.7108	448.42	0	
-152.708	-3.47328	243.669	0	
-141.458	-3.47328	200.427	0	
-53.5398	-3.47677	199.053	0	
-52.2309	-4.40508	216.497	0	
-56.4583	-2.72654	197.552	0	
-52.6621	-3.55114	201.66	0	
-57.7232	-3.50081	200.213	0	
-50.7527	-3.78292	201.4	0	
-59.0702	-2.91409	196.894	0	
-58.6684	-3.68836	207.981	0	
-56.8899	-3.99904	211.767	0	
-55.2083	-3.47328	198.287	0	
-67.8478	-5.56717	218.072	0	
-64.264	-5.46522	236.256	0	
46.2054	-2.8545	209.534	0	
45.2691	-4.40508	211.22	0	
43.5417	-2.72654	213.293	0	
44.8379	-3.55114	211.581	0	
40.6101	-3.99904	213.716	0	
43.9602	-3.47677	215.357	0	
41.4583	-3.47328	216.675	0	
39.7768	-3.50081	219.472	0	
29.6522	-5.56717	218.494	0	
33.236	-5.46522	222.268	0	
139.063	-5.39772	206.696	0	
142.455	-2.8545	211.355	0	
138.11	-4.06799	213.283	0	
150.468	-3.59669	206.385	0	
127.152	-5.56717	203.639	0	
126.593	-4.23242	203.374	0	
-116.598	-5.56717	214.241	0	
-117.157	-4.23242	194.267	0	
-87.4178	-3.68916	201.264	0	
-84.5027	-3.78292	193.773	0	
-85.9952	-4.42757	211.399	0	
-81.1036	-3.83222	195.328	0	
-104.687	-5.39772	242.114	0	
-101.295	-2.8545	189.338	0	
-105.64	-4.06799	182.939	0	
-93.2818	-3.59669	219.411	0	
-143.978	-3.50911	210.595	0	
-140.208	-2.72654	190.814	0	
-143.564	-4.19254	225.922	0	
-139.719	-3.60804	207.403	0	
-19.0978	-5.56717	227.324	0	
-19.6571	-4.23242	215.69	0	
10.0822	-3.68916	197.177	0	
12.9973	-3.78292	196.117	0	
11.5048	-4.42757	197.817	0	
16.3964	-3.83222	197.536	0	
-7.1871	-5.39772	190.435	0	
-3.79459	-2.8545	198.546	0	
-8.13982	-4.06799	184.148	0	
4.21822	-3.59669	195.724	0	
-46.4777	-3.50911	200.252	0	
-42.7083	-2.72654	195.313	0	
-46.0637	-4.19254	207.113	0	
-42.2189	-3.60804	197.355	0	
-75.3478	-5.56717	215.008	0	
-79.2613	-5.47929	233.322	0	
106.332	-3.68916	188.326	0	
111.252	-3.08731	186.334	0	
105.878	-4.98343	190.207	0	
107.322	-3.57598	188.042	0	
89.0629	-5.39772	222.083	0	
92.4554	-2.8545	192.226	0	
88.1102	-4.06799	195.505	0	
100.468	-3.59669	196.074	0	
77.1522	-5.56717	235.417	0	
73.1505	-5.31383	228.21	0	
51.0223	-3.50911	210.449	0	
54.7917	-2.72654	208.56	0	
51.4363	-4.19254	213.611	0	
55.2811	-3.60804	213.774	0	
22.1522	-5.56717	207.081	0	
18.2387	-5.47929	203.844	0	
119.652	-5.56717	195.148	0	
120.831	-5.28353	203.832	0	
-86.4282	-3.57598	194.341	0	
-89.651	-4.21812	201.833	0	
11.0718	-3.57598	196.811	0	
7.84897	-4.21812	196.659	0	
145.626	-4.43041	205.269	0	
140.625	-4.73217	214.981	0	
-98.124	-4.43041	199.408	0	
-103.125	-4.73217	183.298	0	
-0.624027	-4.43041	188.443	0	
-5.625	-4.73217	184.343	0	
95.626	-4.43041	200.717	0	
90.625	-4.73217	196.923	0	
-152.334	-5.62943	275.52	0	
-147.176	-3.92482	236.145	0	
-153.965	-4.16242	258.897	0	
-83.4597	-6.17559	254.058	0	
-155.246	-3.54331	249.856	0	
-154.836	-4.23245	254.245	0	
-153.453	-5.20944	268.465	0	
-148.774	-4.58327	256.28	0	
-82.8931	-5.00841	213.906	0	
-49.6761	-3.92482	210.902	0	
-54.3731	-3.97501	209.708	0	
14.0403	-6.17559	203.098	0	
-60.9011	-4.21822	208.447	0	
-54.3047	-5.11624	221.22	0	
-59.1215	-4.98124	218.505	0	
-55.5387	-5.90518	231.461	0	
14.6069	-5.00841	198.537	0	
115.662	-5.33933	193.513	0	
36.5989	-4.21822	222.261	0	
38.3785	-4.98124	224.609	0	
42.2917	-3.47328	216.472	0	
40.628	-5.06466	223.807	0	
41.9613	-5.90518	207.84	0	
43.1269	-3.97501	213.125	0	
130.143	-3.89079	206.825	0	
182.973	-1.7361	296.349	0	
128.331	-5.28353	208.684	0	
142.187	-5.39772	209.425	0	
-96.8445	-3.51902	189.202	0	
-94.973	-5.11846	251.733	0	
-150.329	-5.21478	259.06	0	
-64.8571	-3.89079	208.211	0	
-154.177	-7.51666	328.209	0	
-44.707	-5.1949	222.858	0	
-146.477	-5.20289	241.991	0	
-142.711	-4.15672	221.193	0	
-148.323	-5.70833	255.173	0	
-141.026	-4.17689	222.838	0	
-145.313	-5.59213	271.802	0	
-142.015	-8.22246	352.079	0	
0.655509	-3.51902	199.239	0	
2.52695	-5.11846	192.188	0	
-51.2742	-4.58327	218.974	0	
32.6429	-3.89079	218.885	0	
-41.3858	-5.74538	254.151	0	
82.8784	-4.52398	218.902	0	
-48.9766	-5.20289	217.037	0	
-45.211	-4.15672	211.072	0	
-50.8234	-5.70833	225.865	0	
-43.5258	-4.17689	209.336	0	
-47.8132	-5.59213	240.816	0	
-44.5151	-8.22246	304.721	0	
98.777	-5.11846	202.998	0	
109.178	-6.60412	188.577	0	
104.099	-4.21812	189.96	0	
107.793	-4.50658	189.423	0	
43.1953	-5.11624	219.017	0	
52.793	-5.1949	209.108	0	
62.5324	-3.06872	214.42	0	
98.1107	-4.06622	187.829	0	
48.5234	-5.20289	216.089	0	
52.289	-4.15672	210.584	0	
46.6766	-5.70833	212.761	0	
53.9742	-4.17689	212.351	0	
46.2258	-4.58327	204.744	0	
55.2262	-5.38006	212.146	0	
-85.0224	-4.58092	219.141	0	
-84.5124	-5.89001	235.414	0	
12.4776	-4.58092	199.426	0	
12.9876	-5.89001	198.535	0	
-156.277	-5.20944	283.615	0	
-142.207	-5.1949	240.957	0	
-157.69	-2.6252	212.518	0	
-172.708	-13.7022	460.832	0	
-154.294	-6.05848	291.639	0	
-74.1691	-5.28353	231.038	0	
-174.419	-18.3249	496.826	0	
-52.1302	-6.3947	257.134	0	
-56.872	-5.06466	220.88	0	
-53.0402	-5.47194	220.629	0	
-110.872	-4.52398	193.491	0	
23.3309	-5.28353	213.121	0	
-13.3716	-4.52398	195.445	0	
108.908	-4.945	194.515	0	
44.4598	-5.47194	213.145	0	
49.6868	-5.59213	198.613	0	
130.736	-5.46522	207.869	0	
135.406	-8.75328	223.702	0	
-138.886	-5.74538	261.174	0	
-143.191	-7.03622	300.268	0	
-91.7489	-6.89898	275.767	0	
-92.1496	-5.26597	260.248	0	
-147.102	-6.18605	291.712	0	
-126.517	-4.32001	190.186	0	
-144.901	-4.79453	233.076	0	
-143.942	-5.03664	240.526	0	
-144.543	-7.10465	288.364	0	
-143.002	-5.76581	260.199	0	
-146.668	-7.76797	311.053	0	
-130.669	-4.37754	181.808	0	
-141.355	-5.21507	231.371	0	
-140.593	-6.0103	270.833	0	
-29.0174	-4.32001	222.083	0	
45.3698	-6.3947	188.098	0	
5.75113	-6.89898	192.116	0	
5.35038	-5.26597	192.649	0	
-65.5474	-6.44535	240.006	0	
-49.6024	-6.18605	250.343	0	
-47.4014	-4.79453	213.215	0	
-46.4417	-5.03664	220.875	0	
-47.0429	-7.10465	253.549	0	
-45.5017	-5.76581	237.128	0	
-49.1682	-7.76797	264.762	0	
-33.1694	-4.37754	202.462	0	
-43.8551	-5.21507	221.191	0	
-43.0926	-6.0103	253.552	0	
70.9983	-4.16217	223.227	0	
132.878	-4.52398	206.626	0	
106.877	-5.50143	190.159	0	
107.622	-6.93342	198.698	0	
98.3176	-7.15932	192.902	0	
101.6	-5.26597	199.166	0	
31.9526	-6.44535	223.436	0	
47.8976	-6.18605	190.83	0	
50.0986	-4.79453	213.81	0	
51.0583	-5.03664	208.448	0	
50.4571	-7.10465	197.006	0	
51.9983	-5.76581	203.556	0	
48.3318	-7.76797	193.541	0	
66.1611	-2.93321	216.244	0	
53.6449	-5.21507	212.113	0	
54.4074	-6.0103	194.366	0	
-86.9104	-5.42242	236.744	0	
-85.925	-6.50437	269.41	0	
10.5896	-5.42242	198.407	0	
11.575	-6.50437	200.312	0	
-151.678	-7.28627	311.028	0	
-149.419	-6.13754	298.96	0	
-62.2642	-6.91889	264.308	0	
-45.691	-7.03622	269.152	0	
35.2358	-6.91889	218.315	0	
51.809	-7.03622	189.773	0	
-159.418	-5.09998	278.583	0	
-115.419	-5.28353	203.284	0	
-150.027	-7.43868	309.728	0	
-113.014	-5.46522	207.102	0	
-135.879	-4.50999	194.585	0	
-127.822	-4.41078	202.538	0	
-60.8105	-6.63734	247.636	0	
-17.9191	-5.28353	215.406	0	
-54.0799	-8.70786	301.42	0	
-41.8296	-8.37487	336.246	0	
-38.3792	-4.50999	199.141	0	
-30.3219	-4.41078	222.745	0	
36.6895	-6.63734	220.781	0	
64.1709	-9.10125	152.917	0	
43.4201	-8.70786	165.853	0	
80.736	-5.46522	228.5	0	
65.625	-5.27905	205.968	0	
56.882	-4.95711	209.959	0	
-95.4324	-7.15932	268.967	0	
-145.272	-8.29733	372.572	0	
2.06757	-7.15932	187.171	0	
-15.514	-5.46522	211.132	0	
150.157	-4.6597	203.781	0	
158.883	-2.50461	153.948	0	
-133.429	-3.7302	175.697	0	
-140.644	-7.56208	298.068	0	
-35.9287	-3.7302	185.171	0	
-43.1439	-7.56208	275.12	0	
64.3005	-4.25718	220.301	0	
70.182	-3.08143	218.242	0	
-163.828	-1.26356	308.427	0	
-161.384	-5.37393	288.682	0	
102.001	-6.89898	191.604	0	
156.615	-8.65111	174.842	0	
-152.68	-8.32445	348.003	0	
-116.856	-9.69507	395.366	0	
-138.39	-7.18841	279.571	0	
-136.875	-6.99919	298.985	0	
-40.8903	-7.18841	266.163	0	
-39.375	-6.99919	294.125	0	
61.6412	-5.44334	198.162	0	
59.1208	-4.50999	212.842	0	
-82.5848	-7.52916	294.92	0	
-79.8609	-3.89608	205.538	0	
14.9152	-7.52916	202.125	0	
17.6391	-3.89608	200.437	0	
157.5	-0.496475	145.681	0	
158.137	-3.45571	176.726	0	
58.125	-6.99919	187.67	0	
80.1429	-3.89079	213.131	0	
59.6698	-8.44515	166.886	0	
61.6464	-7.44458	207.095	0	
-165.21	-0.654241	326.366	0	
-168.752	-1.0755	373.857	0	
-144.58	-10.5411	420.855	0	
-139.33	-8.37487	370.845	0	
-130.155	-5.65761	250.556	0	
-131.986	-3.63323	198.326	0	
-47.772	-8.29733	316.307	0	
-19.3558	-9.69507	339.331	0	
-32.6553	-5.65761	268.135	0	
-34.4857	-3.63323	207.269	0	
56.6097	-7.18841	197.688	0	
54.3561	-7.56208	192.167	0	
49.728	-8.29733	155.473	0	
55.6704	-8.37487	154.025	0	
-159.875	-1.43189	180.713	0	
-159.023	-2.89246	237.541	0	
156.838	-2.74918	154.778	0	
158.625	-1.12992	166.339	0	
142.731	-7.46803	212.277	0	
176.853	-1.43582	273.36	0	
-68.4071	-4.23242	212.495	0	
-66.6691	-5.28353	226.125	0	
-75.4167	-10.3326	378.519	0	
-59.8646	-8.3096	278.597	0	
-72.3571	-3.89079	205.339	0	
-69.2262	-6.72899	273.929	0	
29.0929	-4.23242	215.904	0	
30.8309	-5.28353	222.098	0	
22.0833	-10.3326	212.18	0	
37.6354	-8.3096	206.43	0	
25.1429	-3.89079	209.023	0	
28.2738	-6.72899	217.584	0	
122.643	-3.89079	201.026	0	
129.453	-6.44535	211.914	0	
121.742	-9.23105	213.672	0	
161.145	-8.54365	183.417	0	
127.477	-10.2966	214.236	0	
190.319	-2.08076	314.302	0	
-118.505	-7.54588	336.028	0	
-114.297	-6.44535	272.675	0	
-89.8332	-7.08742	294.695	0	
-101.019	-7.46803	262.677	0	
-117.858	-6.4267	231.698	0	
-140.887	-12.3828	512.47	0	
-21.0052	-7.54588	310.11	0	
-16.7974	-6.44535	242.532	0	
7.66684	-7.08742	192.55	0	
-3.51913	-7.46803	177.943	0	
-20.3582	-6.4267	252.654	0	
-43.3872	-12.3828	410.293	0	
-75.9071	-4.23242	212.035	0	
-73.0474	-6.44535	243.528	0	
-69.2388	-9.20929	336.498	0	
-71.764	-5.46522	232.877	0	
-76.7196	-6.73778	284.048	0	
-77.2148	-8.98906	365.793	0	
78.3309	-5.28353	226.767	0	
79.4526	-6.44535	236.336	0	
92.1871	-5.39772	207.925	0	
92.7309	-7.46803	210.846	0	
74.5596	-5.40086	225.866	0	
78.9296	-9.08967	244.878	0	
21.5929	-4.23242	206.348	0	
24.4526	-6.44535	214.755	0	
28.2612	-9.20929	226.749	0	
25.736	-5.46522	213.637	0	
20.7804	-6.73778	210.121	0	
20.2852	-8.98906	215.193	0	
119.093	-4.23242	200.56	0	
121.953	-6.44535	204.799	0	
125.774	-6.72899	207.195	0	
123.236	-5.46522	201.276	0	
117.071	-5.42633	202.076	0	
119.463	-9.6316	202.737	0	
-81.7013	-4.9694	228.389	0	
-80.556	-6.11128	240.921	0	
-80.8729	-7.50385	305.476	0	
-79.3782	-9.53722	374.734	0	
15.7987	-4.9694	202.618	0	
16.944	-6.11128	204.196	0	
16.6271	-7.50385	207.271	0	
18.1218	-9.53722	205.473	0	
110.83	-7.47425	204.993	0	
113.496	-4.16808	189.77	0	
-62.1755	-4.31081	219.7	0	
-62.9367	-5.73467	222.533	0	
35.3245	-4.31081	220.86	0	
34.5633	-5.73467	227.109	0	
103.261	-12.2612	213.913	0	
182.587	-9.32682	307.725	0	
-90.9255	-4.31071	194.959	0	
-93.5926	-4.6597	190.659	0	
-98.7859	-7.04865	257.356	0	
-101.563	-5.39772	243.55	0	
6.5745	-4.31071	198.141	0	
3.9074	-4.6597	194.695	0	
-1.2859	-7.04865	186.837	0	
-4.0629	-5.39772	186.811	0	
102.825	-4.31071	188.09	0	
100.157	-4.6597	186.63	0	
94.9641	-7.04865	195.928	0	
103.917	-7.08742	197.97	0	
-152.611	-10.7469	419.506	0	
-57.0477	-8.8546	293.982	0	
-120.785	-10.9617	496.124	0	
-47.0799	-10.5411	336.961	0	
-55.5733	-7.64358	264.559	0	
40.4523	-8.8546	183.408	0	
-60.6604	-12.2385	366.85	0	
50.4201	-10.5411	147.53	0	
-23.2851	-10.9617	429.115	0	
76.754	-9.39498	246.096	0	
36.8396	-12.2385	170.279	0	
104.806	-9.69773	201.663	0	
-128.573	-5.59388	230.937	0	
-119.075	-5.44657	225.986	0	
-31.0728	-5.59388	261.682	0	
-21.5748	-5.44657	248.974	0	
68.7541	-3.08143	217.501	0	
69.7027	-6.04201	218.568	0	
-173.002	-1.19333	407.169	0	
-162.298	-3.27925	287.864	0	
-134.862	-8.42353	361.679	0	
-132.922	-7.42565	278.513	0	
-37.3619	-8.42353	344.156	0	
-35.4215	-7.42565	287.789	0	
156.942	-6.29348	197.043	0	
167.502	-1.68071	216.974	0	
144.964	-7.04865	219.444	0	
194.592	-4.57815	327.85	0	
-69.6816	-4.325	218.7	0	
-70.4428	-5.74886	219.25	0	
27.8184	-4.325	213.351	0	
27.0572	-5.74886	219.936	0	
125.318	-4.325	200.116	0	
124.557	-5.74886	206.271	0	
133.174	-8.16642	214.235	0	
135.504	-5.34905	212.758	0	
-118.432	-4.325	191.903	0	
-121.558	-4.58212	184.532	0	
-110.576	-8.16642	349.828	0	
-108.246	-5.34905	215.872	0	
-20.9316	-4.325	216.464	0	
-24.0584	-4.58212	219.823	0	
-13.0757	-8.16642	247.693	0	
-10.746	-5.34905	183.202	0	
-77.1816	-4.325	217.235	0	
-77.9362	-5.75765	225.917	0	
75.3184	-4.325	227.447	0	
72.4356	-4.14101	224.138	0	
83.1743	-8.16642	255.241	0	
85.504	-5.34905	207.484	0	
20.3184	-4.325	203.889	0	
19.5638	-5.75765	208.613	0	
117.818	-4.325	191.579	0	
114.936	-4.14103	193.522	0	
-88.9774	-8.66503	363.115	0	
-86.6041	-8.13534	365.859	0	
8.52255	-8.66503	194.736	0	
10.8959	-8.13534	195.062	0	
112.168	-10.3069	192.939	0	
118.495	-7.12954	211.731	0	
113.238	-5.91521	195.757	0	
115.419	-7.77759	202.018	0	
-64.8214	-8.68669	315.991	0	
-62.8655	-8.89079	281.026	0	
32.6786	-8.68669	220.973	0	
34.6345	-8.89079	215.015	0	
-61.1145	-9.89368	318.958	0	
-90.0051	-12.6851	583.142	0	
-26.6509	-8.94098	373.074	0	
7.49494	-12.6851	177.94	0	
46.941	-8.79126	154.658	0	
129.242	-9.23105	220.287	0	
54.1128	-12.3828	98.0856	0	
76.0981	-7.0343	229.645	0	
70.9806	-5.79877	228.291	0	
73.2508	-7.54635	208.083	0	
-166.079	-8.06741	394.498	0	
-157.675	-6.42851	286.895	0	
150.595	-7.57725	184.862	0	
198.713	-12.5666	331.3	0	
-124.151	-8.94098	378.274	0	
-114.508	-9.23105	392.058	0	
-50.559	-8.79126	306.765	0	
-17.0079	-9.23105	298.853	0	
98.2113	-13.5521	214.17	0	
160.378	-5.98324	192.795	0	
-93.6512	-8.33358	385.156	0	
41.9267	-7.64358	206.199	0	
3.84876	-8.33358	181.969	0	
58.5709	-11.1429	117.308	0	
70.3765	-10.677	162.788	0	
68.9954	-8.27657	215.229	0	
92.8279	-13.8833	235.139	0	
215.861	-6.59265	332.511	0	
114.588	-6.63488	194.176	0	
117.188	-6.89612	193.607	0	
-142.675	-10.5347	445.379	0	
36.3855	-9.89368	195.484	0	
15.0411	-11.9339	196.346	0	
100.099	-8.33358	212.633	0	
72.3164	-6.49884	234.915	0	
74.78	-6.77541	241.104	0	
-125.008	-5.44279	238.457	0	
-129.35	-9.00121	414.66	0	
-27.5075	-5.44279	268.076	0	
-31.85	-9.00121	394.575	0	
136.3	-6.99449	210.12	0	
148.318	-7.15932	214.249	0	
134.209	-4.53464	208.738	0	
136.849	-4.28441	205.152	0	
-108.344	-8.75328	360.541	0	
-107.45	-6.99449	292.536	0	
-109.541	-4.53464	185.832	0	
-106.901	-4.28441	191.254	0	
-10.8444	-8.75328	201.587	0	
-9.9496	-6.99449	209.776	0	
-12.0407	-4.53464	189.614	0	
-9.40082	-4.28441	191.229	0	
85.4056	-8.75328	219.834	0	
81.2702	-10.3281	222.257	0	
84.2093	-4.53464	206.638	0	
86.8492	-4.28441	210.729	0	
-58.1585	-5.8593	237.361	0	
-58.2996	-7.91085	260.484	0	
39.3415	-5.8593	213.056	0	
39.2004	-7.91085	216.776	0	
-153.991	-11.7103	436.156	0	
-155.613	-8.50548	343.086	0	
60.4506	-4.51844	218.349	0	
62.9939	-4.39269	218.657	0	
-178.103	-1.44749	426.812	0	
-173.839	-5.64205	425.819	0	
-131.055	-7.65507	298.424	0	
-127.759	-7.52237	275.979	0	
-33.5546	-7.65507	323.087	0	
-30.2592	-7.52237	309.654	0	
-125.498	-7.46205	273.613	0	
-83.3496	-9.59591	438.433	0	
-27.9984	-7.46205	324.3	0	
14.1504	-9.59591	199.375	0	
86.3004	-6.99449	246.118	0	
150.055	-12.7198	178.579	0	
-120.728	-5.80066	234.463	0	
-120.68	-7.33391	269.92	0	
-23.2279	-5.80066	257.297	0	
-23.1798	-7.33391	292.36	0	
72.7416	-9.79585	228.823	0	
159.171	-10.2877	210.08	0	
-54.5306	-11.2795	327.966	0	
-52.3001	-7.89572	265.639	0	
42.9694	-11.2795	164.966	0	
45.1999	-7.89572	198.779	0	
-138.913	-10.8834	434.232	0	
-82.4589	-11.9339	477.45	0	
-45.1748	-10.5347	371.824	0	
-41.4132	-10.8834	377.598	0	
-135.961	-11.1213	480.49	0	
-121.786	-8.55513	399.506	0	
-38.4607	-11.1213	444.172	0	
-24.2856	-8.55513	389.035	0	
52.3252	-10.5347	130.369	0	
56.0868	-10.8834	148.603	0	
-150.634	-12.2646	488.803	0	
-118.03	-11.8896	596.257	0	
-73.2205	-8.73643	343.981	0	
-3.42296	-13.8421	201.283	0	
24.2795	-8.73643	222.728	0	
140.145	-11.4398	232.08	0	
-85.9091	-14.035	599.665	0	
-66.535	-10.5118	349.089	0	
11.5909	-14.035	187.255	0	
30.965	-10.5118	214.219	0	
-97.4745	-8.42323	391.725	0	
-112.167	-10.4695	463.353	0	
0.0255294	-8.42323	177.328	0	
-14.6674	-10.4695	265.312	0	
-164.41	-13.599	449.87	0	
-187.785	-3.81496	459.578	0	
74.9266	-11.3856	173.684	0	
65.2154	-13.6039	116.4	0	
146.276	-8.42323	192.408	0	
129.263	-24.2646	173.486	0	
114.751	-10.3233	202.82	0	
71.4242	-17.4153	74.9389	0	
-134.098	-13.8532	642.738	0	
-97.9517	-12.0229	535.446	0	
-36.5975	-13.8532	504.525	0	
-0.451702	-12.0229	181.757	0	
90.1455	-11.4398	205.186	0	
96.2755	-8.42323	221.826	0	
-56.6144	-11.5018	340.25	0	
-50.5379	-10.963	344.844	0	
40.8856	-11.5018	155.609	0	
46.9621	-10.963	143.706	0	
-148.571	-10.8319	428.237	0	
-48.1756	-15.7705	426.622	0	
-154.889	-14.3905	505.114	0	
-147.97	-17.6816	658.34	0	
-48.4549	-12.1835	402.066	0	
-45.013	-15.9763	497.062	0	
49.0451	-12.1835	101.904	0	
131.583	-10.4695	220.158	0	
-159.3	-10.3101	392.847	0	
-155.495	-10.2766	405.825	0	
54.7007	-19.2086	47.5447	0	
125.71	-8.44973	215.716	0	
-100.923	-13.8421	750.208	0	
49.3244	-15.7705	88.2452	0	
10.7483	-12.069	188.032	0	
128.01	-15.8868	202.554	0	
-150.446	-24.58	760.866	0	
-157.754	-11.6412	439.988	0	
-157.617	-14.2078	481.126	0	
-167.607	-12.1717	446.792	0	
-142.499	-15.3422	626.79	0	
163.886	-7.81396	215.845	0	
174.226	-2.69569	255.268	0	
118.732	-15.6842	188.468	0	
142.828	-13.8833	179.306	0	
-86.6409	-16.373	686.756	0	
-65.7541	-13.472	423.449	0	
10.8591	-16.373	178.841	0	
31.7459	-13.472	189.797	0	
-184.223	-1.73373	434.16	0	
-161.745	-10.4642	412.257	0	
-105.152	-7.25958	261.657	0	
-111.405	-13.4554	671.347	0	
-7.65167	-7.25958	179.609	0	
-13.9051	-13.4554	323.53	0	
88.5983	-7.25958	210.643	0	
81.7838	-13.563	237.139	0	
138.598	-7.25958	221.217	0	
131.153	-14.6103	213.351	0	
-130.23	-12.4755	540.561	0	
-125.008	-12.0914	534.606	0	
-32.73	-12.4755	515.742	0	
-27.5081	-12.0914	498.716	0	
-78.8414	-14.5362	553.558	0	
-71.2546	-10.6507	379.162	0	
18.6586	-14.5362	191.077	0	
26.2454	-10.6507	209.474	0	
-92.6578	-11.3921	520.792	0	
-85.4292	-10.045	402.423	0	
4.84222	-11.3921	182.648	0	
12.0708	-10.045	196.026	0	
137.145	-11.7939	203.749	0	
140.704	-8.66433	201.12	0	
117.489	-11.9439	221.423	0	
126.674	-12.8115	214.89	0	
-106.605	-11.7939	541.488	0	
-103.046	-8.66433	419.761	0	
-145.757	-15.2052	582.29	0	
-103.605	-11.4398	541.786	0	
-9.10523	-11.7939	233.751	0	
-5.5458	-8.66433	197.994	0	
-20.5299	-11.8896	422.261	0	
-6.10455	-11.4398	190.837	0	
87.1448	-11.7939	255.843	0	
90.7042	-8.66433	241.1	0	
-52.7296	-12.6391	385.628	0	
-51.3189	-16.133	445.627	0	
44.7704	-12.6391	102.494	0	
46.1811	-16.133	89.759	0	
66.2607	-7.66183	216.543	0	
61.592	-14.645	77.3768	0	
39.4104	-13.2995	137.905	0	
145.799	-12.064	230.477	0	
-58.0896	-13.2995	390.04	0	
-86.7517	-12.069	506.392	0	
-76.2221	-13.5164	516.356	0	
2.5838	-13.8175	171.337	0	
-94.9162	-13.8175	699.946	0	
-80.1994	-11.9005	491.474	0	
-57.6835	-17.1843	445.809	0	
17.3006	-11.9005	203.187	0	
95.7992	-12.064	199.173	0	
142.263	-32.8139	196.495	0	
123.657	-10.3857	217.445	0	
124.174	-12.8115	206.101	0	
-116.81	-16.0011	722.067	0	
-106.911	-18.7727	872.107	0	
-122.648	-13.347	624.039	0	
-120.289	-17.0036	849.675	0	
-19.3105	-16.0011	455.953	0	
-9.41138	-18.7727	290.479	0	
-25.1485	-13.347	480.613	0	
-22.7891	-17.0036	529.504	0	
21.2779	-13.5164	201.379	0	
52.487	-15.9763	62.4404	0	
-88.8748	-11.0032	489.181	0	
-88.6138	-16.0889	671.638	0	
8.62524	-11.0032	188.013	0	
8.88623	-16.0889	186.704	0	
100.469	-11.0855	200.299	0	
122.403	-15.8868	208.702	0	
-102.761	-18.776	822.836	0	
39.8165	-17.1843	116.163	0	
-30.5151	-14.406	548.56	0	
68.6863	-14.565	138.44	0	
-84.2433	-18.71	722.071	0	
-83.6959	-14.349	606.638	0	
13.2567	-18.71	186.151	0	
13.8041	-14.349	189.745	0	
-128.015	-14.406	723.837	0	
-1.46149	-20.9398	210.343	0	
-82.3706	-17.1144	664.88	0	
-77.1404	-18.8236	635.406	0	
-34.8448	-22.1714	590.981	0	
103.857	-15.3762	183.026	0	
15.1294	-17.1144	180.449	0	
20.3596	-18.8236	181.886	0	
-71.9341	-14.5113	497.635	0	
-62.81	-14.1067	405.72	0	
25.5659	-14.5113	201.152	0	
34.69	-14.1067	165.605	0	
-170.722	-5.27006	389.51	0	
-175.476	-2.64081	409.903	0	
166.993	-9.3581	222.867	0	
179.821	-3.17192	298.91	0	
-191.569	-2.08123	432.039	0	
-180.704	-8.04338	434.139	0	
-53.6684	-18.9989	481.138	0	
-5.26069	-18.776	220.268	0	
43.8316	-18.9989	55.5498	0	
133.843	-20.6746	206.835	0	
-108.074	-14.1929	741.312	0	
-94.0883	-17.8006	745.972	0	
-10.5743	-14.1929	266.031	0	
3.41174	-17.8006	191.142	0	
134.484	-15.3478	203.672	0	
159.298	-32.6901	245.978	0	
75.2994	-15.1171	178.518	0	
125.206	-18.1807	194.548	0	
110.084	-14.9563	184.244	0	
167.645	-28.0136	299.912	0	
85.4271	-14.4419	177.592	0	
44.9695	-27.6829	47.0725	0	
-76.3835	-22.9609	754.56	0	
-62.2534	-16.8341	472.2	0	
21.1165	-22.9609	164.924	0	
35.2466	-16.8341	138.753	0	
-69.1374	-16.0301	493.056	0	
-59.6977	-18.8508	477.696	0	
28.3626	-16.0301	178.798	0	
37.8023	-18.8508	106.786	0	
-181.071	-3.18122	458.574	0	
-176.1	-9.31089	452.417	0	
170.302	-6.68287	238.502	0	
173.419	-6.43797	262.569	0	
159.128	-14.7127	193.973	0	
164.209	-14.5128	242.17	0	
-98.9615	-20.9398	1019.53	0	
12.9924	-23.3158	171.341	0	
7.06144	-18.779	173.375	0	
117.677	-21.7369	169.478	0	
-79.7755	-17.335	627.083	0	
-74.7054	-15.7809	534.478	0	
17.7245	-17.335	189.54	0	
22.7946	-15.7809	190.347	0	
152.809	-9.49693	208.581	0	
153.817	-16.299	218.5	0	
-153.202	-17.3239	607.678	0	
-150.327	-16.1614	557.842	0	
-163.68	-16.5656	508.84	0	
-63.8837	-22.4837	549.283	0	
-146.558	-22.1446	745.248	0	
-142.549	-22.4698	784.271	0	
39.5095	-26.6887	79.8442	0	
91.2651	-19.3404	142.284	0	
-128.039	-20.2596	888.235	0	
-84.5076	-23.3158	866.775	0	
-57.9905	-26.6887	575.749	0	
33.6163	-22.4837	119.309	0	
-187.588	-7.89551	437.78	0	
-195.842	-4.57853	442.421	0	
100.778	-19.5012	146.182	0	
106.939	-9.51808	195.951	0	
-192.842	-29.1807	448.584	0	
-183.66	-10.6764	460.419	0	
179.592	-6.93814	283.72	0	
186.535	-3.81686	316.948	0	
-68.6736	-19.0863	571.344	0	
-64.7337	-19.2556	525.106	0	
28.8264	-19.0863	157.244	0	
32.7663	-19.2556	138.216	0	
112.986	-17.0898	182.999	0	
121.254	-28.2149	155.917	0	
-158.754	-20.6094	590.252	0	
37.0231	-22.4901	107.691	0	
25.497	-23.4473	166.297	0	
121.097	-23.8369	179.674	0	
100.41	-16.4657	208.999	0	
109.833	-12.0214	217.21	0	
-90.4386	-18.779	852.593	0	
-72.003	-23.4473	650.429	0	
-52.4633	-27.7169	569.231	0	
-60.4769	-22.4901	549.683	0	
105.849	-22.2944	180.582	0	
106.839	-16.4118	201.435	0	
-70.3526	-26.6553	680.939	0	
52.9428	-24.0743	36.4324	0	
-25.1725	-21.6016	570.308	0	
95.6087	-22.0749	180.435	0	
31.3268	-25.5223	127.812	0	
125.206	-21.9293	181.246	0	
108.462	-20.2945	160.824	0	
116.562	-17.9116	200.844	0	
111.958	-20.6901	181.351	0	
114.531	-23.4196	175.379	0	
71.0304	-23.2096	75.6746	0	
141.707	-19.6086	229.419	0	
-113.695	-16.8815	829.978	0	
-110.638	-20.7638	1025.58	0	
-122.673	-21.6016	907.167	0	
-122.665	-35.1775	940.787	0	
-16.1947	-16.8815	358.528	0	
-13.138	-20.7638	359.077	0	
-30.539	-20.2596	608.449	0	
-66.1732	-25.5223	630.182	0	
78.8199	-16.4504	130.97	0	
86.8649	-19.5449	205.739	0	
-98.7451	-26.3808	901.973	0	
-88.73	-23.669	812.306	0	
-1.24511	-26.3808	245.639	0	
8.77004	-23.669	195.167	0	
-205.28	-10.9939	412.769	0	
-203.116	-22.3712	418.565	0	
-200.382	-2.4973	420.427	0	
-210.958	-2.99655	404.5	0	
-165.848	-21.217	566.724	0	
-154.734	-21.2796	633.513	0	
168.663	-18.2333	268.226	0	
175.263	-15.1641	278.528	0	
178.781	-17.6852	300.4	0	
199.132	-2.49739	324.59	0	
-119.214	-27.9461	1134.45	0	
27.1474	-26.6553	138.203	0	
-37.9991	-37.0053	578.089	0	
106.132	-26.6725	129.27	0	
-80.5482	-26.5803	780.747	0	
37.9206	-30.6463	87.512	0	
16.9518	-26.5803	171.247	0	
117.266	-31.4134	165.819	0	
113.963	-28.7182	138.719	0	
84.3565	-22.7175	100.392	0	
79.9548	-20.502	134.698	0	
78.3935	-30.9545	74.4635	0	
109.886	-30.7265	147.679	0	
-170.264	-22.5426	516.031	0	
-186.586	-34.0715	480.097	0	
-71.4692	-32.4504	733.688	0	
-64.3552	-29.4863	644.251	0	
-129.522	-33.6809	1066.61	0	
-77.2844	-32.8618	783.103	0	
26.0308	-32.4504	149.036	0	
33.1448	-29.4863	112.135	0	
-35.8192	-26.3093	602.271	0	
20.2156	-32.8618	184.302	0	
-32.3341	-32.9669	562.108	0	
200.219	-31.4848	329.208	0	
-81.3536	-39.2894	939.399	0	
-59.5794	-30.6463	618.65	0	
-173.766	-29.45	566.843	0	
48.7057	-33.5404	60.6929	0	
-67.173	-34.0637	673.721	0	
-62.7476	-39.8274	661.39	0	
-10.2351	-42.3533	356.372	0	
100.623	-33.4418	113.575	0	
30.327	-34.0637	114.239	0	
34.7524	-39.8274	120.964	0	
-136.209	-17.737	750.843	0	
-132.365	-22.2129	919.138	0	
-43.198	-18.7365	523.565	0	
-38.6886	-17.6956	570.758	0	
229.784	-7.91137	328.259	0	
-195.655	-9.12754	428.856	0	
-184.632	-17.2543	456.871	0	
-223.649	-3.59612	395.381	0	
-198.906	-17.9043	428.588	0	
132.435	-31.2901	170.621	0	
136.452	-29.449	211.338	0	
186.376	-7.64136	306.404	0	
187.265	-14.6613	316.132	0	
182.331	-13.8541	302.532	0	
189.97	-10.4787	319.866	0	
60.3681	-18.9378	44.4059	0	
76.0405	-24.963	58.3398	0	
119.878	-37.6577	148.382	0	
137.314	-23.0545	168.235	0	
-140.704	-18.1438	760.729	0	
-139.168	-26.5268	904.575	0	
-133.48	-26.6767	909.166	0	
-92.1633	-28.1316	1054.78	0	
-50.4644	-23.7627	532.983	0	
-44.8887	-23.6362	559.988	0	
-57.1344	-37.3795	637.37	0	
-21.7444	-28.0369	504.79	0	
124.816	-30.5282	171.154	0	
128.715	-28.4856	181.7	0	
-154.172	-36.2055	718.454	0	
-205.51	-5.49385	419.273	0	
-189.708	-16.9412	454.865	0	
190.469	-19.3683	328.118	0	
194.401	-9.15162	320.021	0	
180.928	-24.6306	318.459	0	
209.708	-2.99653	328.559	0	
40.3656	-37.3795	91.6805	0	
84.393	-29.5111	71.414	0	
-148.752	-31.7441	837.047	0	
-141.483	-33.3657	928.195	0	
-51.8547	-39.276	610.875	0	
-41.3536	-26.7331	580.9	0	
124.872	-36.6466	167.37	0	
149.858	-28.1793	254.48	0	
5.33672	-28.1316	197.022	0	
129.988	-37.1068	201.852	0	
106.151	-35.183	137.135	0	
179.128	-40.5991	326.675	0	
74.4903	-38.1045	50.8528	0	
95.862	-26.6762	121.792	0	
101.314	-28.4806	141.534	0	
-90.1079	-37.043	849.988	0	
67.1678	-36.6738	47.659	0	
65.58	-54.9481	106.727	0	
113.853	-42.0949	170.382	0	
-199.966	-12.5463	426.922	0	
187.682	-25.5065	321.191	0	
209.204	-15.0839	333.115	0	
113.919	-50.1317	152.479	0	
-193.119	-20.7159	436.465	0	
-135.899	-48.5637	942.987	0	
-48.7724	-33.5709	590.423	0	
-43.2385	-32.7137	584.541	0	
134.099	-42.95	201.917	0	
122.432	-54.3794	218.267	0	
87.7148	-33.6491	90.1169	0	
95.3237	-40.1176	98.3214	0	
99.1751	-43.1784	130.657	0	
98.2767	-48.6319	126.66	0	
7.39212	-37.043	241.139	0	
-25.6479	-34.8802	503.743	0	
-217.111	-6.59266	392.333	0	
-216.837	-13.1836	394.99	0	
215.587	-13.1843	328.05	0	
222.399	-3.59612	328.989	0	
-178.18	-51.9759	516.966	0	
-153.647	-49.4659	760.701	0	
95.9829	-35.2801	112.567	0	
105.363	-40.0821	123.052	0	
-47.377	-47.5674	609.311	0	
-39.0554	-46.1539	549.326	0	
92.3318	-31.2524	95.8744	0	
88.4066	-44.521	82.4385	0	
16.1464	-39.2894	199.635	0	
104.53	-53.5724	160.914	0	
89.6237	-39.8659	107.125	0	
93.2082	-50.2262	136.199	0	
80.0854	-44.9589	92.6513	0	
195.014	-53.6987	328.25	0	
46.9683	-23.7287	60.8511	0	
65.1315	-24.4061	39.2219	0	
45.6907	-39.2794	71.8363	0	
56.758	-28.3975	39.1855	0	
58.9988	-47.2745	68.3147	0	
63.2794	-29.0001	37.1764	0	
54.5197	-33.9094	38.9685	0	
60.6283	-39.7232	52.8662	0	
-112.153	-26.9719	940.747	0	
-106.813	-41.5616	888.533	0	
-14.6834	-27.0627	405.808	0	
-20.3964	-45.3419	438.959	0	
-180.822	-20.7977	504.072	0	
-180.372	-28.6817	485.694	0	
-28.1388	-52.5772	475.978	0	
-8.42563	-30.9174	320.516	0	
-223.045	-18.0992	389.472	0	
197.484	-18.6006	325.36	0	
221.795	-18.0997	330.127	0	
-116.522	-44.9384	1112.44	0	
-105.895	-30.8265	1160.58	0	
-210.454	-15.0875	406.351	0	
-209.349	-21.1068	402.62	0	
214.41	-27.8426	330.296	0	
201.692	-23.0481	332.465	0	
-168.63	-35.332	572.684	0	
-185.88	-47.0569	447.585	0	
-58.4369	-62.9932	612.808	0	
99.1429	-60.8213	180.817	0	
90.5758	-57.9619	136.137	0	
-48.4864	-72.4847	492.965	0	
146.007	-88.8777	292.871	0	
49.8752	-47.1998	86.2187	0	
76.1765	-53.3494	93.2873	0	
-231.034	-7.91137	382.089	0	
193.225	-33.1755	332.512	0	
-196.586	-54.0406	407.325	0	
-97.6075	-46.0273	1097.7	0	
32.5931	-47.2676	149.735	0	
3.02215	-58.9551	278.746	0	
-230.704	-15.8235	387.449	0	
-199.677	-29.8849	417.727	0	
-199.122	-68.7901	378.887	0	
-232.183	-28.9135	384.549	0	
-145.673	-56.093	667.242	0	
-65.0282	-47.5636	730.697	0	
-0.999147	-46.7281	296.714	0	
39.3398	-61.6705	186.357	0	
208.094	-21.1083	328.258	0	
176.392	-31.8898	297.769	0	
229.454	-15.8234	327.857	0	
209.137	-35.1834	327.536	0	
139.328	-61.0399	254.512	0	
189.207	-41.0089	321.286	0	
-222.975	-26.721	386.042	0	
221.729	-26.7336	327.486	0	
231.761	-29.6353	327.728	0	
142.356	-40.4982	244.129	0	
158.523	-43.1702	294.058	0	
131.472	-51.1747	238.365	0	
149.176	-46.3437	250.17	0	
-209.391	-44.9615	387.393	0	
24.809	-66.1786	214.333	0	
-73.5915	-67.1651	609.172	0	
-93.917	-58.2892	759.89	0	
-54.9373	-53.4072	615.538	0	
81.8654	-60.6471	148.365	0	
-101.539	-70.7175	682.866	0	
-234.45	-44.5321	363.409	0	
207.95	-49.5639	330.353	0	
42.3908	-52.7401	137.249	0	
65.768	-76.5282	212.953	0	
-186.216	-79.8078	387.234	0	
60.9715	-64.9719	158.597	0	
84.6816	-83.8123	243.808	0	
133.127	-72.183	291.618	0	
169.605	-47.203	298.057	0	
99.0487	-73.5167	209.674	0	
121.291	-67.4347	229.833	0	
76.0654	-73.8022	179.483	0	
21.5973	-78.4887	297.989	0	
148.776	-58.6606	294.016	0	
159.318	-65.2507	303.729	0	
-118.231	-67.6676	736.871	0	
-123.641	-53.3865	803.932	0	
223.493	-56.6049	317.177	0	
-170.587	-61.0571	500.657	0	
-162.29	-53.2661	577.74	0	
-75.7218	-48.391	726.448	0	
-80.7855	-58.4064	837.032	0	
-78.6641	-83.0863	553.468	0	
42.8672	-124.784	277.594	0	
21.8995	-48.0949	191.365	0	
17.1665	-58.0755	257.736	0	
110.772	-78.66	259.849	0	
-128.033	-80.0868	562.492	0	
-143.217	-73.3351	603.455	0	
48.3422	-68.3158	193.055	0	
43.0743	-85.2084	252.722	0	
-31.1187	-67.2315	509.764	0	
6.99334	-83.9003	291.394	0	
180.708	-83.077	317.717	0	
-212.548	-78.6717	345.214	0	
55.4568	-91.151	244.428	0	
30.86	-90.8732	272.541	0	
195.719	-99.5338	297.706	0	
-155.091	-83.9494	451.196	0	
22.5656	-111.1	292.265	0	
-3.93924	-72.4697	375.548	0	
5.64357	-105.233	339.47	0	
-222.226	-50.9126	377.59	0	
162.751	-84.3246	308.849	0	
186.132	-63.0524	313.757	0	
-120.967	-99.7543	460.309	0	
-93.4804	-86.7559	559.146	0	
221.832	-84.1178	310.033	0	
-21.1018	-77.8858	367.33	0	
-26.257	-99.2576	399.691	0	
-222.846	-69.8732	354.24	0	
82.4716	-105.887	264.443	0	
-155.483	-105.393	385.623	0	
137.733	-106.863	309.116	0	
-208.069	-100.978	338.63	0	
-170.837	-73.8717	459.141	0	
-103.106	-103.373	433.035	0	
114.335	-101.394	280.484	0	
-63.2341	-129.89	367.321	0	
-190.247	-100.547	339.827	0	
-175.26	-116.054	340.598	0	
63.5442	-110.5	288.668	0	
100.401	-118.325	296.376	0	
-14.9272	-144.737	334.182	0	
-136.544	-114.446	390.07	0	
-10.4442	-115.174	312.816	0	
-62.9959	-88.4674	513.984	0	
-50.7834	-104.586	368.391	0	
-91.8996	-128.662	357.065	0	
-132.369	-138.886	359.476	0	
-178.662	-146.313	318.542	0	
-43.1907	-154.124	323.343	0	
-213.777	-154.351	301.516	0	
184.547	-133.757	301.248	0	
43.9892	-153.642	295.658	0	
105.563	-154.614	285.177	0	
-105.586	-149.483	357.188	0	
153.516	-136.648	290.579	0	
222.629	-148.911	289.172	0	
