# File: UnstructuredGrid_Inversion_L0_Coarse_Iter02.dat
# (No specific header documentation)

-158.75	-0.496475	183.902	0	
-156.875	-0.668155	237.706	0	
-60.625	-0.431516	200.002	0	
36.875	-0.431516	216.59	0	
-228.198	-124.523	307.318	0	
135.625	-0.668155	223.129	0	
38.125	-0.668155	220.137	0	
-169.883	-44.1849	529.865	0	
-59.375	-0.668155	208.509	0	
-115.32	-2.91409	179.675	0	
-208.422	-34.2476	412.654	0	
-85.9973	-2.80091	185.918	0	
-161.562	-31.1528	633.706	0	
-162.282	-23.9451	590.729	0	
-110.104	-1.86538	175.935	0	
-135.637	-38.619	847.301	0	
-61.354	-1.86538	197.901	0	
-135.104	-1.86538	181.264	0	
-148.497	-8.59138	387.455	0	
-146.25	-1.09967	200.121	0	
-142.708	-2.72654	194.149	0	
-143.958	-2.01633	193.686	0	
-129.845	-3.05088	195.609	0	
-151.594	-4.85908	259.759	0	
-155.208	-2.01633	244.436	0	
-146.05	-12.2522	528.267	0	
-152.292	-2.72654	231.018	0	
-159.95	-16.471	540.866	0	
134.375	-0.431516	204.09	0	
-17.8202	-2.91409	191.737	0	
-156.27	-3.86216	238.635	0	
-41.4583	-2.01633	192.803	0	
-154.792	-2.72654	228.831	0	
-153.542	-3.47328	236.919	0	
-12.604	-1.86538	198.23	0	
-148.795	-2.8545	228.294	0	
36.146	-1.86538	212.819	0	
-37.604	-1.86538	188.631	0	
-170.813	-2.26882	394.425	0	
-48.75	-1.09967	191.992	0	
-166.927	-1.72974	306.132	0	
-163.743	-2.99807	283.356	0	
-57.2917	-2.72654	202.273	0	
-165.769	-3.46425	344.524	0	
-56.0417	-3.47328	202.691	0	
-157.576	-8.14551	364.211	0	
-54.7917	-2.72654	199.004	0	
-63.125	-0.36089	197.508	0	
-162.675	-0.60932	259.379	0	
-82.5	-1.09967	174.898	0	
-60.5207	-2.1669	200.428	0	
-155	-1.09967	197.555	0	
-75.5207	-2.1669	194.038	0	
-160.875	-0.935418	225.846	0	
-65.625	-0.431516	197.766	0	
85.625	-0.668155	186.811	0	
-154.375	-0.668155	265.236	0	
61.875	-0.668155	221.845	0	
-151.875	-0.668155	263.485	0	
-151.25	-1.09967	229.885	0	
44.7917	-2.01633	210.781	0	
-153.125	-0.431516	250.915	0	
56.0417	-2.01633	209.207	0	
-155.625	-0.431516	235.347	0	
78.4298	-2.91409	205.865	0	
-161.767	-1.54474	275.117	0	
-55	-1.09967	188.536	0	
-150.625	-0.431516	247.44	0	
-152.5	-1.09967	201.322	0	
37.2915	-5.36053	219.434	0	
-148.125	-0.366631	231.183	0	
37.2841	-3.06466	213.757	0	
-145.625	-0.668155	240.943	0	
-146.875	-0.431516	230.252	0	
43.125	-0.668155	220.339	0	
38.9583	-2.01633	212.063	0	
-144.375	-0.431516	215.894	0	
34.375	-0.36089	212.936	0	
-141.875	-0.431516	209.908	0	
-140.625	-0.668155	221.054	0	
31.875	-0.431516	211.329	0	
-141.25	-1.09967	193.706	0	
40	-1.09967	201.171	0	
-145	-1.09967	162.104	0	
40.625	-0.668155	219.559	0	
15	-1.09967	184.809	0	
-133.75	-1.09967	171.246	0	
140.625	-3.34884	207.807	0	
-134.375	-0.431516	191.68	0	
-133.125	-0.668155	212.687	0	
144.345	-3.52006	215.855	0	
-135.625	-0.366631	204.25	0	
148.422	-2.00504	216.818	0	
138.422	-2.00504	207.273	0	
-131.875	-0.431516	185.24	0	
136.756	-2.06993	204.778	0	
-125	-1.09967	191.374	0	
-128.75	-1.09967	175.909	0	
138.125	-0.366631	213.526	0	
-131.25	-0.798148	185.876	0	
139.375	-0.668155	210.2	0	
-132.5	-1.09967	173.821	0	
145.625	-0.668155	231.665	0	
-140	-1.09967	162.171	0	
21.9793	-2.1669	197.198	0	
129.375	-0.431516	196.003	0	
-125.625	-0.431516	192.202	0	
111.25	-1.09967	188.153	0	
-123.75	-1.09967	191.414	0	
-122.5	-0.798148	183.967	0	
-111.875	-0.36089	173.708	0	
-117.604	-1.86538	178.41	0	
119.479	-2.1669	196.721	0	
-120.881	-3.06027	188.852	0	
-118.125	-0.366631	186.457	0	
-99.4045	-3.52006	185.01	0	
-115.625	-0.668155	186.078	0	
-110	-0.798148	183.778	0	
-88.125	-0.668155	171.53	0	
-116.875	-0.431516	176.09	0	
-123.125	-0.431516	193.907	0	
-116.25	-1.09967	177.398	0	
-114.375	-0.431516	177.963	0	
-98.125	-0.668155	175.077	0	
-108.75	-1.09967	174.932	0	
-104.375	-0.668155	176.448	0	
-109.375	-0.431516	175.525	0	
-108.125	-0.668155	181.57	0	
-106.994	-2.06993	178.837	0	
-110.625	-0.366631	176.929	0	
-109.271	-2.1669	177.36	0	
-136.875	-0.36089	195.112	0	
-106.875	-0.431516	173.361	0	
-134.068	-5.08295	227.518	0	
-98.75	-1.09967	180.948	0	
-103.75	-1.09967	179.677	0	
-124.375	-0.668155	182.407	0	
-106.25	-0.798148	177.27	0	
-139.375	-0.431516	199.378	0	
-107.5	-1.09967	178	0	
-105.625	-0.366631	175.208	0	
-115	-1.09967	180.199	0	
-105.328	-2.00504	174.504	0	
-126.875	-0.366631	180.74	0	
131.875	-0.36089	201.918	0	
-103.125	-0.431516	177.835	0	
49.375	-0.668155	214.512	0	
-129.375	-0.668155	184.321	0	
-100.625	-0.366631	175.939	0	
-130.625	-0.366631	194.01	0	
-90.104	-1.86538	177.776	0	
-99.375	-0.431516	177.172	0	
-131.994	-2.06993	182.861	0	
-147.589	-1.76841	213.312	0	
-96.875	-0.431516	174.298	0	
-135	-0.798148	188.1	0	
-94.375	-0.668155	178.578	0	
-88.75	-1.09967	180.758	0	
-146.756	-2.06993	212.017	0	
-96.25	-0.798148	173.924	0	
-146.468	-2.99641	210.695	0	
-97.5	-1.09967	182.568	0	
-149.375	-0.668155	244.122	0	
-144.792	-2.01633	216.375	0	
-89.375	-0.431516	178.119	0	
-153.75	-1.09967	240.275	0	
-87.5	-1.09967	187.176	0	
-86.875	-0.431516	178.934	0	
-153.542	-2.01633	231.262	0	
-68.854	-1.86538	193.452	0	
-143.75	-1.09967	207.116	0	
-147.5	-0.798148	194.434	0	
-83.125	-0.431516	176.9	0	
-150	-1.09967	198.006	0	
-81.25	-1.09967	181.439	0	
-80.625	-0.431516	181.283	0	
-156.25	-1.09967	233.112	0	
-76.354	-1.86538	184.808	0	
-151.042	-2.01633	227.96	0	
-83.75	-0.798148	182.745	0	
-152.708	-2.01633	247.304	0	
-90.625	-0.366631	169.108	0	
-143.125	-0.668155	217.979	0	
-14.375	-0.36089	204.808	0	
-75.625	-0.431516	186.465	0	
-23.3807	-3.06027	205.806	0	
-68.75	-0.798148	197.629	0	
-73.75	-1.09967	185.579	0	
-25.625	-0.431516	196.233	0	
-74.375	-0.668155	199.362	0	
-16.875	-0.431516	206.939	0	
9.375	-0.668155	182.619	0	
-69.375	-0.366631	202.249	0	
-0.625	-0.668155	205.343	0	
-66.875	-0.668155	204.784	0	
-61.25	-0.798148	199.888	0	
-11.7707	-2.1669	196.623	0	
-68.125	-0.431516	195.824	0	
-7.82772	-2.00504	204.314	0	
-67.5	-1.09967	189.391	0	
-1.90454	-3.52006	197.284	0	
-9.49439	-2.06993	204.44	0	
-60	-1.09967	191.978	0	
-39.375	-0.36089	196.367	0	
36.9793	-2.1669	213.822	0	
-57.5	-1.09967	190.75	0	
-41.875	-0.431516	195.803	0	
-61.875	-0.366631	206.784	0	
-8.125	-0.366631	211.868	0	
-26.875	-0.668155	202.178	0	
-56.875	-0.668155	208.013	0	
-31.875	-0.668155	199.005	0	
-54.375	-0.668155	203.607	0	
-53.75	-1.09967	192.892	0	
-34.4944	-2.06993	187.274	0	
-55.625	-0.431516	201.057	0	
-36.7707	-2.1669	199.332	0	
-58.125	-0.431516	201.158	0	
-36.5676	-5.08295	242.383	0	
-66.25	-1.09967	193.083	0	
-6.875	-0.668155	204.622	0	
-76.875	-0.366631	192.933	0	
-156.042	-2.01633	218.65	0	
-51.875	-0.668155	202.473	0	
-50.625	-0.366631	194.757	0	
-48.9679	-2.99641	193.396	0	
-48.125	-0.668155	190.567	0	
-47.5	-1.09967	189.517	0	
-37.5	-0.798148	190.219	0	
-49.375	-0.431516	197.799	0	
-50.0889	-1.76841	191.577	0	
-45.625	-0.668155	191.11	0	
-43.75	-1.09967	189.92	0	
-46.25	-1.09967	186.529	0	
-43.125	-0.668155	187.836	0	
-42.5	-1.09967	192.283	0	
-56.25	-1.09967	190.951	0	
-44.375	-0.431516	193.853	0	
-47.2917	-2.01633	191.047	0	
-46.875	-0.431516	197.231	0	
-49.2556	-2.06993	195.2	0	
-57.7083	-2.01633	199.076	0	
-38.125	-0.366631	193.525	0	
-53.5417	-2.01633	194.087	0	
-35.625	-0.668155	196.72	0	
-35	-1.09967	191.099	0	
-52.5	-1.09967	182.835	0	
-36.875	-0.431516	200.992	0	
-50	-0.798148	188.842	0	
-58.5417	-2.01633	201.075	0	
-33.75	-0.798148	188.23	0	
-62.5	-0.727521	199.977	0	
-31.25	-1.09967	172.192	0	
-29.375	-0.366631	200.003	0	
-68.0207	-2.1669	199.416	0	
-27.5	-1.09967	176.142	0	
-64.375	-0.668155	208.575	0	
-34.375	-0.431516	196.346	0	
-58.75	-1.09967	192.027	0	
-36.25	-1.09967	187.071	0	
-56.0417	-2.01633	197.859	0	
-66.0417	-2.01633	196.7	0	
-20.104	-1.86538	193.864	0	
-70.625	-0.36089	191.061	0	
-25	-0.798148	186.075	0	
-18.75	-1.09967	191.891	0	
-73.125	-0.431516	191.35	0	
-26.25	-1.09967	191.009	0	
-65	-1.09967	187.997	0	
-75	-1.09967	180.374	0	
-19.375	-0.431516	202.496	0	
105.625	-0.668155	171.1	0	
-12.5	-0.798148	198.259	0	
-17.5	-1.09967	183.054	0	
88.7946	-2.8545	200.027	0	
-18.125	-0.668155	204.501	0	
99.7712	-2.84299	184.694	0	
-20.625	-0.366631	198.06	0	
-86.4583	-2.01633	181.157	0	
107.753	-2.80091	187.644	0	
-13.125	-0.366631	207.799	0	
86.7556	-2.06993	196.244	0	
-10.625	-0.668155	220.751	0	
-10	-1.09967	196.806	0	
88.125	-0.366631	188.665	0	
-11.875	-0.431516	209.383	0	
89.375	-0.668155	202.048	0	
79.375	-0.431516	206.301	0	
-8.75	-0.798148	211.436	0	
71.25	-0.798148	219.495	0	
-6.25	-1.09967	207.326	0	
-5.625	-0.431516	208.746	0	
64.6723	-2.00504	218.594	0	
-1.25	-1.09967	200.158	0	
72.8693	-3.06027	216.417	0	
-9.375	-0.431516	208.079	0	
81.875	-0.36089	204.061	0	
-11.25	-1.09967	193.078	0	
95.625	-0.668155	181.854	0	
-28.125	-0.431516	198.449	0	
-62.5054	-1.48403	197.697	0	
-53.125	-0.431516	197.649	0	
-33.125	-0.366631	194.447	0	
-134.271	-2.1669	191.983	0	
-3.125	-0.366631	207.713	0	
-1.875	-0.431516	197.337	0	
65.625	-0.668155	220.461	0	
7.39595	-1.86538	189.747	0	
-3.70074e-17	-1.09967	195.595	0	
72.1723	-2.00504	215.343	0	
64.375	-0.366631	222.413	0	
0.625	-0.431516	194.059	0	
55.625	-0.431516	212.369	0	
3.125	-0.668155	189.364	0	
8.75	-1.09967	191.355	0	
48.5321	-2.99641	213.473	0	
1.25	-0.798148	199.55	0	
58.125	-0.36089	211.656	0	
6.875	-0.366631	185.296	0	
63.0056	-2.06993	217.437	0	
48.2444	-2.06993	205.778	0	
8.125	-0.431516	182.605	0	
50.2083	-2.01633	211.731	0	
10	-1.09967	192.72	0	
10.625	-0.431516	182.078	0	
51.25	-1.09967	208.673	0	
28.646	-1.86538	199.669	0	
51.875	-0.668155	208.42	0	
47.4111	-1.76841	209.201	0	
14.375	-0.431516	180.651	0	
47.5	-0.798148	201.317	0	
16.25	-1.09967	183.851	0	
16.875	-0.431516	184.003	0	
43.9583	-2.01633	212.68	0	
21.146	-1.86538	187.54	0	
39.7917	-2.01633	215.201	0	
13.75	-0.798148	187.797	0	
45.625	-0.668155	212.359	0	
20.625	-0.366631	192.275	0	
60	-0.798148	206.557	0	
41.25	-1.09967	212.058	0	
21.875	-0.431516	186.887	0	
33.125	-0.668155	218.463	0	
28.75	-0.798148	204.583	0	
23.75	-1.09967	190.569	0	
34.9946	-1.48403	213.098	0	
23.125	-0.668155	199.853	0	
41.4583	-2.01633	211.661	0	
35	-0.727521	202.753	0	
28.125	-0.366631	209.838	0	
32.5	-1.09967	190.504	0	
30.625	-0.668155	217.009	0	
36.25	-0.798148	212.249	0	
26.875	-0.36089	194.356	0	
29.375	-0.431516	202.822	0	
31.4583	-2.01633	203.773	0	
30	-1.09967	189.879	0	
29.4793	-2.1669	207.226	0	
11.0417	-2.01633	188.751	0	
37.5	-1.09967	204.01	0	
150.625	-0.431516	222.405	0	
128.43	-2.91409	202.178	0	
38.75	-1.09967	209.684	0	
150	-1.09967	217.252	0	
35.625	-0.366631	222.388	0	
22.5	-1.09967	182.723	0	
153.75	-0.798148	195.009	0	
42.5	-1.09967	199.401	0	
148.125	-0.366631	220.853	0	
48.75	-1.09967	205.003	0	
43.75	-1.09967	206.211	0	
141.875	-0.668155	215.498	0	
41.875	-0.431516	218.234	0	
146.756	-2.06993	216.224	0	
39.375	-0.431516	218.582	0	
149.771	-2.84299	213.279	0	
31.25	-1.09967	200.906	0	
24.375	-0.431516	193.345	0	
44.375	-0.431516	219.812	0	
45	-1.09967	205.069	0	
138.795	-2.8545	206.537	0	
46.875	-0.366631	214.597	0	
140.208	-2.01633	209.443	0	
59.896	-1.86538	211.298	0	
50	-1.09967	189.007	0	
141.25	-1.09967	209.683	0	
48.125	-0.431516	211.577	0	
143.75	-0.798148	217.051	0	
138.75	-1.03479	210.027	0	
53.75	-1.09967	207.709	0	
132.495	-1.48403	201.778	0	
54.375	-0.668155	205.109	0	
55	-1.09967	203.621	0	
126.979	-2.1669	199.365	0	
53.125	-0.431516	206.733	0	
130.625	-0.668155	212.805	0	
50.625	-0.431516	207.772	0	
137.589	-1.76841	207.23	0	
128.958	-2.01633	193.027	0	
59.375	-0.366631	212.302	0	
83.646	-1.86538	196.515	0	
60.625	-0.431516	221.618	0	
62.5	-1.09967	209.189	0	
124.375	-0.36089	190.393	0	
61.25	-1.09967	207.489	0	
130	-1.09967	181.474	0	
110.686	-4.3008	191.671	0	
63.125	-0.431516	221.122	0	
-113.125	-0.668155	184.927	0	
68.75	-1.09967	210.02	0	
67.5	-0.798148	205.906	0	
-111.255	-1.48403	175.903	0	
63.75	-0.798148	219.641	0	
113.75	-0.798148	183.686	0	
68.125	-0.431516	224.346	0	
121.875	-0.431516	186.711	0	
93.125	-0.366631	184.903	0	
132.5	-0.727521	197.428	0	
-111.25	-0.727521	181.052	0	
76.146	-1.86538	208.536	0	
-113.75	-1.09967	175.296	0	
70.625	-0.431516	221.795	0	
77.5	-1.09967	208.851	0	
-118.75	-0.727521	185.804	0	
70	-1.09967	206.461	0	
-114.792	-2.01633	179.979	0	
-89.2707	-2.1669	179.474	0	
76.875	-0.431516	211.329	0	
-93.9788	-2.84299	171.005	0	
83.75	-0.798148	193.281	0	
78.75	-1.09967	203.623	0	
-85.625	-0.668155	171.641	0	
78.125	-0.668155	197.605	0	
-81.875	-0.668155	189.365	0	
75.625	-0.366631	203.785	0	
-120.625	-0.668155	192.596	0	
-86.25	-1.09967	183.542	0	
83.125	-0.366631	189.497	0	
-93.75	-1.09967	170.345	0	
133.646	-1.86538	201.08	0	
86.25	-1.09967	196.79	0	
-104.955	-2.8545	185.726	0	
84.375	-0.431516	198.343	0	
-93.125	-0.431516	172.561	0	
-96.9944	-2.06993	177.025	0	
87.5	-0.798148	192.307	0	
-101.875	-0.668155	177.369	0	
90	-1.09967	183.107	0	
90.625	-0.431516	187.093	0	
-100.089	-1.76841	180.244	0	
95	-1.09967	201.043	0	
-95.625	-0.366631	171.408	0	
86.875	-0.431516	201.265	0	
-90	-0.798148	181.355	0	
85	-1.09967	199.636	0	
-87.2917	-2.01633	181.449	0	
-116.771	-2.1669	181.236	0	
143.661	-1.76841	211.067	0	
-100	-0.798148	184.83	0	
94.375	-0.431516	191.959	0	
-102.5	-1.09967	187.77	0	
96.25	-1.09967	199.488	0	
103.646	-1.86538	181.896	0	
-103.542	-2.01633	183.7	0	
-105	-1.03479	183.859	0	
97.5	-0.798148	194.235	0	
-136.255	-1.48403	189.2	0	
105	-1.09967	191.836	0	
103.125	-0.366631	169.492	0	
-130.328	-2.00504	178.042	0	
99.375	-0.668155	188.171	0	
-138.125	-0.668155	207.98	0	
96.875	-0.431516	194.394	0	
-106.161	-1.76841	178.356	0	
-123.244	-2.06993	179.384	0	
126.146	-1.86538	194.2	0	
-128.125	-0.431516	199.905	0	
106.875	-0.431516	174.76	0	
110	-0.798148	195.102	0	
-126.304	-1.54577	181.198	0	
106.25	-1.09967	186.055	0	
-121.875	-0.366631	180.555	0	
-126.25	-0.798148	191.697	0	
118.646	-1.86538	188.567	0	
-130	-1.03479	198.16	0	
113.125	-0.431516	180.92	0	
120	-1.09967	189.361	0	
-148.75	-1.03479	212.532	0	
112.5	-1.09967	195.193	0	
-131.161	-1.76841	189.427	0	
110.625	-0.431516	178.329	0	
-127.242	-2.24637	172.234	0	
104.375	-0.431516	175.165	0	
-117.5	-0.798148	188.623	0	
-143.542	-2.72654	211.323	0	
119.375	-0.431516	184.913	0	
-139.792	-2.01633	202.116	0	
126.25	-0.798148	196.877	0	
121.25	-1.09967	193.896	0	
-138.75	-1.09967	192.047	0	
120.625	-0.668155	193.57	0	
-136.25	-0.727521	204.499	0	
-142.292	-2.01633	205.119	0	
125.625	-0.366631	202.361	0	
-13.7554	-1.48403	202.026	0	
128.125	-0.668155	203.008	0	
133.75	-0.798148	207.616	0	
-19.2707	-2.1669	194.614	0	
126.875	-0.431516	194.432	0	
-15.625	-0.668155	209.62	0	
127.5	-1.09967	189.96	0	
-142.5	-1.09967	165.802	0	
-17.2917	-2.01633	199.37	0	
135	-1.09967	188.931	0	
-21.25	-0.727521	204.181	0	
158.73	-5.36963	172.795	0	
136.25	-1.09967	199.251	0	
-23.125	-0.668155	197.691	0	
133.125	-0.366631	210.168	0	
-16.25	-1.09967	201.32	0	
15.625	-0.668155	188.07	0	
137.5	-0.798148	199.866	0	
11.875	-0.668155	181.683	0	
140	-1.09967	202.904	0	
140.625	-0.431516	216.552	0	
10.2083	-2.01633	188.767	0	
145	-1.09967	197.966	0	
3.52121	-2.84299	195.471	0	
136.875	-0.431516	213.247	0	
8.22929	-2.1669	192.402	0	
128.75	-1.09967	198.024	0	
-13.75	-0.727521	214.79	0	
118.125	-0.366631	190.398	0	
-148.422	-2.00504	215.035	0	
4.375	-0.431516	193.708	0	
144.375	-0.431516	217.825	0	
-7.45541	-2.8545	200.463	0	
146.25	-1.09967	218.818	0	
146.875	-0.431516	233.773	0	
7.5	-0.798148	197.938	0	
153.646	-1.86538	209.329	0	
3.75	-1.09967	192.282	0	
1.875	-0.366631	195.83	0	
149.375	-0.668155	223.995	0	
-2.58895	-1.76841	202.103	0	
153.125	-0.366631	203.259	0	
154.375	-0.431516	192.302	0	
-11.4094	-3.16789	188.389	0	
155	-1.09967	212.291	0	
-4.375	-0.668155	200.922	0	
147.5	-0.798148	211.737	0	
0.505614	-2.06993	199.775	0	
-6.04167	-2.01633	204.129	0	
156.458	-1.16463	178.632	0	
-8.66105	-1.76841	206.638	0	
159.625	-0.633448	165.665	0	
161.425	-0.98887	170.651	0	
-7.5	-1.03479	214.501	0	
160.517	-1.62232	165.681	0	
-5	-1.09967	211.138	0	
-38.7554	-1.48403	192.475	0	
153.021	-4.78762	200.351	0	
-20	-0.798148	191.943	0	
163.752	-4.86774	195.874	0	
164.832	-2.66958	182.843	0	
-25.7444	-2.06993	186.707	0	
163.115	-0.98887	200.49	0	
-32.8277	-2.00504	186.747	0	
155.484	-3.31993	191.818	0	
-40.625	-0.668155	191.053	0	
155.625	-0.668155	151.12	0	
-2.5	-0.798148	206.156	0	
-30.625	-0.431516	194.974	0	
160.191	-2.997	178.506	0	
-29.7419	-2.24637	183.199	0	
169.563	-2.94058	237.444	0	
154.995	-4.95032	171.41	0	
-28.75	-0.798148	205.623	0	
148.777	-5.11846	199.316	0	
-28.8043	-1.54577	188.474	0	
-32.5	-1.03479	187.284	0	
204.26	-5.49392	309.952	0	
-50.9223	-2.00504	192.417	0	
148.441	-21.3686	178.807	0	
-46.0417	-2.72654	192.853	0	
204.031	-10.9896	303.293	0	
-51.25	-1.03479	187.571	0	
151.796	-5.74288	201.011	0	
-33.6611	-1.76841	194.068	0	
-42.2917	-2.01633	187.3	0	
170.801	-56.9665	323.71	0	
-45	-1.09967	188.662	0	
-44.7917	-2.01633	189.837	0	
-41.25	-1.09967	184.213	0	
-61.9845	-2.19037	200.021	0	
34.9625	-3.24559	214.764	0	
-71.875	-0.668155	201.806	0	
-66.5702	-2.91409	201.834	0	
-63.75	-1.02905	190.728	0	
-38.75	-0.727521	195.306	0	
161.093	-4.56171	182.249	0	
-24.375	-0.366631	198.572	0	
143.125	-0.366631	216.746	0	
11.25	-1.09967	187.757	0	
-70.0054	-1.48403	192.837	0	
-108.909	-3.16789	179.261	0	
-74.0702	-2.91409	196.462	0	
69.375	-0.668155	229.213	0	
-70	-0.727521	197.672	0	
-73.5417	-2.01633	190.151	0	
-72.5	-1.09967	182.62	0	
-77.5	-0.727521	191.5	0	
-79.375	-0.668155	194.932	0	
104.479	-2.1669	185.262	0	
111.875	-0.668155	175.85	0	
98.4223	-2.00504	187.3	0	
108.125	-0.668155	174.716	0	
106.458	-2.01633	184.767	0	
107.5	-1.09967	198.523	0	
100.625	-0.431516	177.149	0	
100	-1.09967	182.74	0	
94.3455	-3.52006	190.102	0	
103.75	-0.798148	185.351	0	
96.7556	-2.06993	191.109	0	
98.125	-0.366631	179.458	0	
91.875	-0.668155	197.738	0	
93.6611	-1.76841	190.996	0	
88.4223	-2.00504	191.076	0	
93.75	-0.798148	191.07	0	
90.2083	-2.01633	195.88	0	
91.25	-1.09967	188.38	0	
87.5889	-1.76841	194.156	0	
88.75	-1.03479	189.787	0	
80.625	-0.668155	193.427	0	
82.4946	-1.48403	197.396	0	
76.9793	-2.1669	204.034	0	
82.5	-0.727521	195.78	0	
78.9583	-2.01633	204.973	0	
80	-1.09967	204.137	0	
75	-0.727521	201.05	0	
73.125	-0.668155	212.247	0	
65.0889	-2.93321	214.122	0	
76.25	-0.798148	204.145	0	
70.5056	-2.06993	219.136	0	
71.875	-0.366631	224.448	0	
66.875	-0.366631	222.06	0	
67.4111	-1.76841	215.831	0	
63.8389	-1.76841	215.006	0	
65	-1.03479	210.723	0	
56.875	-0.668155	212.129	0	
58.7446	-1.48403	210.219	0	
51.4583	-2.72654	212.361	0	
58.75	-0.727521	216.228	0	
55.2083	-2.01633	207.48	0	
56.25	-1.09967	201.953	0	
52.5	-1.09967	199.304	0	
52.7083	-2.01633	209.69	0	
46.25	-1.03479	209.559	0	
46.5777	-2.00504	209.592	0	
33.75	-1.02905	209.292	0	
35.5155	-2.19037	210.562	0	
30.9298	-2.91409	209.982	0	
134.841	-3.16789	203.016	0	
25.625	-0.668155	203.221	0	
27.4946	-1.48403	198.929	0	
23.4298	-2.91409	199.924	0	
27.5	-0.727521	197.591	0	
23.9583	-2.01633	191.933	0	
25	-1.09967	183.607	0	
20	-0.727521	195.344	0	
18.125	-0.668155	187.905	0	
151.875	-0.36089	225.498	0	
152.495	-1.48403	213.498	0	
153.016	-2.19037	198.84	0	
152.5	-0.727521	209.527	0	
147.589	-1.76841	221.218	0	
148.75	-1.03479	221.944	0	
142.5	-1.03479	208.019	0	
142.828	-2.00504	213.896	0	
134.479	-2.1669	208.077	0	
154.479	-2.1669	176.292	0	
131.25	-1.02905	194.165	0	
133.016	-2.19037	203.848	0	
129.792	-2.01633	203.781	0	
171.752	-1.25987	231.765	0	
123.125	-0.668155	203.478	0	
124.995	-1.48403	193.981	0	
120.93	-2.91409	199.037	0	
125	-0.727521	192.767	0	
121.458	-2.01633	189.19	0	
122.5	-1.09967	185.359	0	
117.5	-0.727521	196.846	0	
115.625	-0.668155	187.503	0	
-112.5	-1.02905	175.563	0	
-110.734	-2.19037	178.774	0	
-138.958	-2.01633	186.322	0	
-62.5375	-3.24559	202.592	0	
-119.375	-0.36089	178.924	0	
-118.755	-1.48403	179.129	0	
-83.0056	-2.06993	187.59	0	
-76.25	-0.798148	191.952	0	
-81.0417	-2.01633	181.291	0	
-80	-1.09967	174.34	0	
-84.375	-0.366631	181.177	0	
-83.8389	-1.76841	180.169	0	
-91.875	-0.36089	174.804	0	
-91.2554	-1.48403	174.492	0	
-90.7345	-2.19037	178.725	0	
-91.25	-0.727521	181.621	0	
-96.1611	-1.76841	178.816	0	
-95	-1.03479	179.347	0	
-101.25	-1.03479	180.818	0	
-100.922	-2.00504	176.793	0	
-65.2083	-2.01633	200.397	0	
-95.3277	-2.00504	172.06	0	
-137.5	-1.02905	176.954	0	
-135.734	-2.19037	190.68	0	
-151.04	-3.47677	235.585	0	
-118.787	-3.24559	185.481	0	
-122.411	-1.76841	189.074	0	
-121.25	-1.03479	185.033	0	
-127.5	-0.798148	174.751	0	
-128.229	-2.1669	192.978	0	
-113.958	-2.01633	179.958	0	
-121.578	-2.00504	177.826	0	
-215.662	-27.8248	415.971	0	
-114.833	-3.79821	189.091	0	
-15	-1.02905	198.196	0	
-13.2345	-2.19037	198.978	0	
-21.2875	-3.24559	204.553	0	
11.5027	-2.80091	191.542	0	
-21.875	-0.36089	198.862	0	
-21.2554	-1.48403	195.34	0	
14.4944	-2.06993	190.337	0	
21.25	-0.798148	194.528	0	
16.4583	-2.01633	188.112	0	
17.5	-1.09967	187.156	0	
13.125	-0.366631	181.832	0	
13.6611	-1.76841	185.997	0	
5.625	-0.36089	180.449	0	
6.24459	-1.48403	188.582	0	
6.76554	-2.19037	195.918	0	
6.25	-0.727521	193.231	0	
1.33895	-1.76841	197.413	0	
2.5	-1.03479	200.234	0	
-3.75	-1.03479	206.114	0	
-3.42228	-2.00504	205.016	0	
32.2917	-2.01633	210.889	0	
2.17228	-2.00504	196.254	0	
-40	-1.02905	192.016	0	
-38.2345	-2.19037	191.621	0	
-45.2083	-2.72654	195.544	0	
-32.3447	-3.05088	203.972	0	
-24.9111	-1.76841	196.347	0	
-23.75	-1.03479	197.265	0	
-30	-0.798148	183.466	0	
-30.7293	-2.1669	199.805	0	
-16.4583	-2.01633	194.34	0	
-24.0777	-2.00504	189.39	0	
-55.2083	-2.01633	197.815	0	
-46.4583	-2.01633	192.013	0	
-63.3387	-1.78555	200.179	0	
-63.4751	-2.84652	200.108	0	
-71.25	-1.02905	186.088	0	
-69.4845	-2.19037	196.868	0	
-72.7083	-2.01633	194.13	0	
-100.61	-4.06799	180.194	0	
-78.125	-0.36089	182.552	0	
-77.5054	-1.48403	184.496	0	
115.369	-3.06027	190.017	0	
118.75	-0.798148	193.519	0	
113.006	-2.06993	185.006	0	
114.375	-0.366631	179.09	0	
109.375	-0.366631	176.088	0	
109.911	-1.76841	185.697	0	
101.875	-0.36089	179.484	0	
102.495	-1.48403	180.291	0	
103.016	-2.19037	189.253	0	
102.5	-0.727521	195.946	0	
97.5889	-1.76841	192.185	0	
98.75	-1.03479	189.014	0	
92.5	-1.03479	186.495	0	
92.8277	-2.00504	193.356	0	
84.4793	-2.1669	192.408	0	
84.8406	-3.16789	200.725	0	
81.25	-1.02905	201.032	0	
83.0155	-2.19037	196.143	0	
74.9625	-3.24559	212.919	0	
132.463	-3.24559	204.482	0	
74.375	-0.36089	221.343	0	
74.9946	-1.48403	211.018	0	
71.3389	-1.76841	216.326	0	
72.5	-1.03479	214.091	0	
66.25	-1.03479	216.365	0	
66.5777	-2.00504	214.416	0	
60.7293	-2.1669	214.409	0	
79.7917	-2.01633	200.761	0	
57.5	-1.02905	203.683	0	
59.2655	-2.19037	212.076	0	
46.7473	-3.78292	214.496	0	
61.0894	-3.16569	212.361	0	
45.2527	-2.80091	212.016	0	
51.0417	-2.01633	203.061	0	
34.1613	-1.78555	210.275	0	
34.0249	-2.84652	212.529	0	
26.25	-1.02905	192.743	0	
28.0155	-2.19037	202.212	0	
-3.11018	-4.06799	194.022	0	
24.7917	-2.01633	198.627	0	
19.375	-0.36089	181.976	0	
19.9946	-1.48403	187.6	0	
151.25	-0.792406	214.432	0	
151.686	-2.07688	207.421	0	
143.14	-4.06799	211.568	0	
148.111	-4.06622	209.823	0	
144.494	-2.06993	215.907	0	
136.284	-3.07092	208.02	0	
141.042	-2.01633	209.611	0	
132.117	-5.94785	214.737	0	
131.661	-1.78555	201.808	0	
131.525	-2.84652	203.039	0	
123.75	-1.02905	187.596	0	
125.516	-2.19037	195.849	0	
93.1398	-4.06799	195.833	0	
122.292	-2.01633	197.993	0	
116.875	-0.36089	180.655	0	
117.495	-1.48403	187.626	0	
-112.089	-1.78555	179.526	0	
-112.225	-2.84652	176.381	0	
-120	-1.02905	175.267	0	
-118.234	-2.19037	181.688	0	
-138.118	-4.95711	228.473	0	
-123.957	-2.96011	190.049	0	
-85	-1.03479	186.599	0	
-84.6723	-2.00504	179.967	0	
-92.5	-0.792406	190.946	0	
-92.0644	-2.07688	188.851	0	
-111.287	-3.24559	180.311	0	
-103.125	-3.34884	200.507	0	
-99.2556	-2.06993	179.607	0	
-107.466	-3.07092	176.509	0	
-102.708	-2.01633	181.761	0	
-111.633	-5.94785	230.794	0	
-137.089	-1.78555	199.024	0	
-137.225	-2.84652	183.891	0	
-125.471	-1.8473	190.416	0	
-136.746	-5.42835	249.057	0	
-73.5826	-3.79821	200.685	0	
-125.35	-2.73747	173.341	0	
-14.5887	-1.78555	200.915	0	
-14.7251	-2.84652	194.618	0	
-22.5	-1.02905	191.016	0	
-20.7345	-2.19037	194.545	0	
-40.618	-4.95711	221.923	0	
-26.457	-2.96011	211.19	0	
12.5	-1.03479	189.651	0	
12.8277	-2.00504	188.216	0	
5	-0.792406	195.445	0	
5.43557	-2.07688	195.399	0	
-13.7875	-3.24559	190.817	0	
-5.625	-3.34884	194.401	0	
-1.75561	-2.06993	200.321	0	
-9.9664	-3.07092	186.545	0	
-5.20833	-2.01633	201.42	0	
-14.1328	-5.94785	194.317	0	
-39.5887	-1.78555	194.333	0	
-39.7251	-2.84652	189.16	0	
-27.9709	-1.8473	206.48	0	
-39.2462	-5.42835	248.894	0	
-38.7875	-3.24559	208.075	0	
-27.8502	-2.73747	182.995	0	
-70.0375	-3.24559	198.717	0	
31.4174	-3.79821	211.526	0	
-70.8387	-1.78555	195.32	0	
-70.9751	-2.84652	194.993	0	
-78.75	-1.02905	176.771	0	
-76.9845	-2.19037	191.031	0	
-85.0446	-2.8545	188.806	0	
-81.5873	-2.94281	193.308	0	
113.839	-1.76841	186.59	0	
115	-1.03479	188.307	0	
108.75	-1.03479	187.476	0	
109.078	-2.00504	186.411	0	
101.25	-0.792406	189.572	0	
101.686	-2.07688	192.315	0	
82.4625	-3.24559	199.459	0	
90.625	-3.34884	202.564	0	
94.4944	-2.06993	191.888	0	
86.2836	-3.07092	193.602	0	
91.0417	-2.01633	191.957	0	
82.1172	-5.94785	212.815	0	
81.6613	-1.78555	198.035	0	
81.5249	-2.84652	200.305	0	
73.75	-1.02905	214.331	0	
75.5155	-2.19037	207.523	0	
58.7125	-3.24559	213.394	0	
56.1142	-5.74538	197.489	0	
68.2444	-2.06993	217.192	0	
52.9849	-8.22246	167.111	0	
58.2538	-5.42835	205.997	0	
68.2925	-4.4054	223.417	0	
57.9113	-1.78555	212.365	0	
57.7749	-2.84652	211.547	0	
27.4625	-3.24559	205.27	0	
111.856	-6.04794	185.805	0	
26.6613	-1.78555	199.266	0	
26.5249	-2.84652	200.827	0	
18.75	-1.02905	184.185	0	
20.5155	-2.19037	194.669	0	
12.4554	-2.8545	191.973	0	
15.9127	-2.94281	192.836	0	
151.066	-1.75189	218.322	0	
150.233	-2.05915	215.651	0	
124.963	-3.24559	197.82	0	
152.463	-3.24559	199.491	0	
124.161	-1.78555	195.032	0	
124.025	-2.84652	195.935	0	
116.25	-1.02905	184.302	0	
118.016	-2.19037	193.708	0	
117.463	-3.24559	196.106	0	
114.672	-2.00504	188.669	0	
-136.287	-3.24559	205.591	0	
-66.0826	-3.79821	207.245	0	
-119.589	-1.78555	185.447	0	
-119.725	-2.84652	174.282	0	
-87.8202	-2.91409	182.457	0	
-80.2083	-2.01633	188.796	0	
-92.684	-1.75189	170.86	0	
-93.5173	-2.05915	187.578	0	
-150.208	-2.01633	236.355	0	
-140.12	-4.31165	215.882	0	
-127.138	-1.54577	193.15	0	
-126.288	-3.13655	196.054	0	
-17.3326	-3.79821	199.813	0	
9.62811	-4.98343	195.227	0	
-22.0887	-1.78555	199.553	0	
-22.2251	-2.84652	191.841	0	
9.67981	-2.91409	192.846	0	
17.2917	-2.01633	188.992	0	
4.81598	-1.75189	191.777	0	
3.98265	-2.05915	194.34	0	
-43.9583	-3.47328	201.027	0	
-42.6197	-4.31165	215.533	0	
-29.6376	-1.54577	203.213	0	
-28.7878	-3.13655	213.935	0	
-83.4261	-3.92482	203.001	0	
-87.8719	-4.98343	204.046	0	
-78.3387	-1.78555	188.324	0	
-78.4751	-2.84652	188.885	0	
110.744	-2.06993	188.585	0	
108.705	-2.8545	188.746	0	
107.292	-2.01633	183.299	0	
105.93	-2.91409	186.448	0	
101.066	-1.75189	180.612	0	
100.233	-2.05915	191.057	0	
78.9174	-3.79821	215.791	0	
128.917	-3.79821	198.485	0	
74.1613	-1.78555	210.627	0	
74.0249	-2.84652	214.385	0	
53.5417	-3.47328	210.664	0	
54.8803	-4.31165	208.635	0	
23.9174	-3.79821	200.752	0	
6.21255	-3.24559	194.49	0	
19.1613	-1.78555	191.711	0	
19.0249	-2.84652	192.179	0	
146.906	-3.51902	217.283	0	
175.818	-8.94432	263.47	0	
112.679	-3.08731	190.561	0	
121.417	-3.79821	193.057	0	
116.661	-1.78555	191.458	0	
116.525	-2.84652	189.737	0	
-138.605	-3.88818	200.778	0	
-123.385	-4.48196	180.948	0	
-113.607	-3.89079	191.153	0	
-91.2875	-3.24559	199.244	0	
-128.58	-3.14785	172.868	0	
-139.774	-5.38006	234.182	0	
-41.1052	-3.88818	205.941	0	
-25.8847	-4.48196	207.972	0	
-16.1071	-3.89079	195.295	0	
19.9625	-3.24559	197.19	0	
-31.0796	-3.14785	191.601	0	
-42.2738	-5.38006	224.798	0	
-95.6393	-4.06622	179.041	0	
-77.5375	-3.24559	193.253	0	
76.5929	-4.23242	217.179	0	
102.463	-3.24559	191.885	0	
66.9495	-4.25718	219.838	0	
56.3948	-3.88818	210.71	0	
1.86074	-4.06622	195.418	0	
14.0739	-3.92482	196.497	0	
96.9055	-3.51902	189.199	0	
109.39	-4.06799	185.904	0	
41.0417	-2.72654	214.607	0	
40.2083	-2.72654	211.947	0	
-145.337	-2.94281	204.339	0	
-142.292	-3.47328	211.731	0	
-157.708	-1.16463	186.493	0	
-167.502	-5.81125	364.747	0	
-151.458	-2.72654	240.071	0	
-149.747	-2.80091	221.986	0	
-155.26	-5.35468	264.037	0	
-153.958	-2.72654	246.589	0	
-47.8373	-2.94281	196.465	0	
-44.7917	-3.47328	197.514	0	
-53.9583	-2.72654	200.742	0	
-52.7083	-2.01633	198.034	0	
-51.2946	-2.8545	200.178	0	
-52.2473	-2.80091	195.87	0	
-60.2159	-3.06466	203.207	0	
-60.2085	-5.36053	228.97	0	
-67.7159	-3.06466	197.2	0	
-64.5113	-3.00667	199.835	0	
49.6627	-2.94281	206.531	0	
52.7083	-3.47328	212.777	0	
42.2917	-2.01633	214.907	0	
38.8316	-3.68836	214.475	0	
38.4298	-2.91409	216.031	0	
42.7083	-2.72654	211.957	0	
29.7841	-3.06466	203.081	0	
32.9887	-3.00667	208.112	0	
139.747	-2.80091	209.135	0	
141.503	-2.80091	210.912	0	
127.284	-3.06466	194.123	0	
130.489	-3.00667	197.506	0	
-116.466	-3.06466	177.744	0	
-113.261	-3.00667	178.117	0	
-88.9659	-3.06466	184.403	0	
-88.9594	-5.36183	224.879	0	
-104.003	-2.80091	173.32	0	
-102.247	-2.80091	174.853	0	
-141.458	-2.01633	191.351	0	
-138.261	-3.00667	200.726	0	
-144.94	-3.72538	220.124	0	
-141.042	-2.72654	203.638	0	
-18.9659	-3.06466	192.821	0	
-15.7613	-3.00667	194.803	0	
8.53409	-3.06466	195.327	0	
8.54056	-5.36183	198.772	0	
-6.50269	-2.80091	199.429	0	
-4.74731	-2.80091	202.25	0	
-43.9583	-2.01633	191.634	0	
-40.7613	-3.00667	194.528	0	
-47.44	-3.72538	202.101	0	
-43.5417	-2.72654	191.818	0	
-75.2159	-3.06466	189.266	0	
-72.0113	-3.00667	193.599	0	
104.784	-3.06466	187.641	0	
104.791	-5.36183	188.607	0	
89.7473	-2.80091	189.413	0	
91.5027	-2.80091	192.575	0	
77.2841	-3.06466	212.993	0	
80.4887	-3.00667	204.891	0	
53.5417	-2.01633	206.067	0	
56.7387	-3.00667	212.024	0	
50.06	-3.72538	212.592	0	
53.9583	-2.72654	211.085	0	
22.2841	-3.06466	192.566	0	
25.4887	-3.00667	197.267	0	
119.784	-3.06466	190.094	0	
122.989	-3.00667	192.482	0	
-82.7179	-2.99641	181.552	0	
-79.5113	-3.00667	185.735	0	
14.7821	-2.99641	189.959	0	
17.9887	-3.00667	192.192	0	
148.794	-2.85377	214.797	0	
151.549	-3.13784	210.63	0	
-94.9558	-2.85377	189.461	0	
-92.2008	-3.13784	173.301	0	
2.54418	-2.85377	196.7	0	
5.29924	-3.13784	195.874	0	
98.7942	-2.85377	192.463	0	
101.549	-3.13784	185.377	0	
47.8239	-3.92482	204.438	0	
52.2917	-2.72654	207.789	0	
-150.162	-3.55114	239.5	0	
-149.731	-4.40508	249.84	0	
-156.648	-3.04538	229.414	0	
-162.586	-7.77018	367.479	0	
-151.873	-3.97501	248.462	0	
-148.253	-3.78292	226.598	0	
-191.185	-10.7108	466.836	0	
-152.708	-3.47328	244.673	0	
-141.458	-3.47328	199.829	0	
-53.5398	-3.47677	201.562	0	
-52.2309	-4.40508	219.413	0	
-56.4583	-2.72654	200.67	0	
-52.6621	-3.55114	205.127	0	
-57.7232	-3.50081	204.114	0	
-50.7527	-3.78292	203.641	0	
-59.0702	-2.91409	200.619	0	
-58.6684	-3.68836	210.405	0	
-56.8899	-3.99904	214.52	0	
-55.2083	-3.47328	201.515	0	
-67.8478	-5.56717	219.592	0	
-64.264	-5.46522	238.49	0	
46.2054	-2.8545	208.714	0	
45.2691	-4.40508	210.573	0	
43.5417	-2.72654	211.991	0	
44.8379	-3.55114	210.484	0	
40.6101	-3.99904	212.721	0	
43.9602	-3.47677	214.061	0	
41.4583	-3.47328	215.357	0	
39.7768	-3.50081	217.831	0	
29.6522	-5.56717	218.485	0	
33.236	-5.46522	223.008	0	
139.063	-5.39772	205.341	0	
142.455	-2.8545	211.203	0	
138.11	-4.06799	212.851	0	
150.468	-3.59669	206.128	0	
127.152	-5.56717	200.986	0	
126.593	-4.23242	202.444	0	
-116.598	-5.56717	208.892	0	
-117.157	-4.23242	189.868	0	
-87.4178	-3.68916	198.763	0	
-84.5027	-3.78292	192.243	0	
-85.9952	-4.42757	207.93	0	
-81.1036	-3.83222	194.182	0	
-104.687	-5.39772	227.61	0	
-101.295	-2.8545	184.787	0	
-105.64	-4.06799	179.492	0	
-93.2818	-3.59669	213.029	0	
-143.978	-3.50911	210.907	0	
-140.208	-2.72654	190.345	0	
-143.564	-4.19254	225.973	0	
-139.719	-3.60804	206.595	0	
-19.0978	-5.56717	221.255	0	
-19.6571	-4.23242	210.534	0	
10.0822	-3.68916	195.788	0	
12.9973	-3.78292	193.644	0	
11.5048	-4.42757	196.404	0	
16.3964	-3.83222	195.064	0	
-7.1871	-5.39772	189.337	0	
-3.79459	-2.8545	198.154	0	
-8.13982	-4.06799	183.568	0	
4.21822	-3.59669	194.343	0	
-46.4777	-3.50911	202.593	0	
-42.7083	-2.72654	197.704	0	
-46.0637	-4.19254	208.37	0	
-42.2189	-3.60804	198.08	0	
-75.3478	-5.56717	213.741	0	
-79.2613	-5.47929	230.16	0	
106.332	-3.68916	187.733	0	
111.252	-3.08731	186.814	0	
105.878	-4.98343	188.171	0	
107.322	-3.57598	187.834	0	
89.0629	-5.39772	220.509	0	
92.4554	-2.8545	192.15	0	
88.1102	-4.06799	193.025	0	
100.468	-3.59669	195.723	0	
77.1522	-5.56717	231.718	0	
73.1505	-5.31383	226.082	0	
51.0223	-3.50911	209.961	0	
54.7917	-2.72654	209.093	0	
51.4363	-4.19254	212.381	0	
55.2811	-3.60804	212.791	0	
22.1522	-5.56717	206.151	0	
18.2387	-5.47929	203.006	0	
119.652	-5.56717	191.808	0	
120.831	-5.28353	201.671	0	
-86.4282	-3.57598	193.129	0	
-89.651	-4.21812	198.522	0	
11.0718	-3.57598	194.322	0	
7.84897	-4.21812	194.357	0	
145.626	-4.43041	203.851	0	
140.625	-4.73217	214.272	0	
-98.124	-4.43041	196.708	0	
-103.125	-4.73217	178.017	0	
-0.624027	-4.43041	191.892	0	
-5.625	-4.73217	185.785	0	
95.626	-4.43041	198.83	0	
90.625	-4.73217	194.868	0	
-152.334	-5.62943	277.974	0	
-147.176	-3.92482	236.478	0	
-153.965	-4.16242	259.096	0	
-83.4597	-6.17559	249.155	0	
-155.246	-3.54331	247.806	0	
-154.836	-4.23245	252.682	0	
-153.453	-5.20944	268.682	0	
-148.774	-4.58327	257.431	0	
-82.8931	-5.00841	210.52	0	
-49.6761	-3.92482	214.118	0	
-54.3731	-3.97501	212.916	0	
14.0403	-6.17559	203.128	0	
-60.9011	-4.21822	213.156	0	
-54.3047	-5.11624	226.5	0	
-59.1215	-4.98124	224.303	0	
-55.5387	-5.90518	234.741	0	
14.6069	-5.00841	197.052	0	
115.662	-5.33933	190.298	0	
36.5989	-4.21822	221.668	0	
38.3785	-4.98124	225.276	0	
42.2917	-3.47328	214.894	0	
40.628	-5.06466	224.272	0	
41.9613	-5.90518	208.065	0	
43.1269	-3.97501	212.306	0	
130.143	-3.89079	206.433	0	
182.973	-1.7361	271.544	0	
128.331	-5.28353	207.036	0	
142.187	-5.39772	208.697	0	
-96.8445	-3.51902	183.346	0	
-94.973	-5.11846	240.056	0	
-150.329	-5.21478	260.842	0	
-64.8571	-3.89079	211.045	0	
-154.177	-7.51666	333.788	0	
-44.707	-5.1949	223.705	0	
-146.477	-5.20289	244.145	0	
-142.711	-4.15672	220.937	0	
-148.323	-5.70833	257.843	0	
-141.026	-4.17689	222.082	0	
-145.313	-5.59213	273.341	0	
-142.015	-8.22246	366.275	0	
0.655509	-3.51902	197.361	0	
2.52695	-5.11846	192.016	0	
-51.2742	-4.58327	222.342	0	
32.6429	-3.89079	217.998	0	
-41.3858	-5.74538	251.803	0	
82.8784	-4.52398	215.534	0	
-48.9766	-5.20289	219.975	0	
-45.211	-4.15672	212.752	0	
-50.8234	-5.70833	229.619	0	
-43.5258	-4.17689	209.736	0	
-47.8132	-5.59213	243.258	0	
-44.5151	-8.22246	303.196	0	
98.777	-5.11846	200.985	0	
109.178	-6.60412	184.861	0	
104.099	-4.21812	188.898	0	
107.793	-4.50658	187.803	0	
43.1953	-5.11624	219.02	0	
52.793	-5.1949	208.176	0	
62.5324	-3.06872	214.567	0	
98.1107	-4.06622	186.944	0	
48.5234	-5.20289	215.452	0	
52.289	-4.15672	210.138	0	
46.6766	-5.70833	212.904	0	
53.9742	-4.17689	211.137	0	
46.2258	-4.58327	204.115	0	
55.2262	-5.38006	211.651	0	
-85.0224	-4.58092	215.76	0	
-84.5124	-5.89001	229.979	0	
12.4776	-4.58092	198.106	0	
12.9876	-5.89001	197.987	0	
-156.277	-5.20944	280.456	0	
-142.207	-5.1949	241.117	0	
-157.69	-2.6252	205.116	0	
-172.708	-13.7022	475.98	0	
-154.294	-6.05848	293.238	0	
-74.1691	-5.28353	230.149	0	
-174.419	-18.3249	514.986	0	
-52.1302	-6.3947	259.009	0	
-56.872	-5.06466	226.842	0	
-53.0402	-5.47194	224.756	0	
-110.872	-4.52398	188.931	0	
23.3309	-5.28353	213.499	0	
-13.3716	-4.52398	192.111	0	
108.908	-4.945	192.153	0	
44.4598	-5.47194	213.181	0	
49.6868	-5.59213	198.535	0	
130.736	-5.46522	205.68	0	
135.406	-8.75328	222.121	0	
-138.886	-5.74538	262.204	0	
-143.191	-7.03622	306.634	0	
-91.7489	-6.89898	260.194	0	
-92.1496	-5.26597	249.437	0	
-147.102	-6.18605	295.469	0	
-126.517	-4.32001	186.835	0	
-144.901	-4.79453	234.828	0	
-143.942	-5.03664	240.753	0	
-144.543	-7.10465	295.415	0	
-143.002	-5.76581	263.079	0	
-146.668	-7.76797	321.151	0	
-130.669	-4.37754	177.671	0	
-141.355	-5.21507	230.923	0	
-140.593	-6.0103	273.329	0	
-29.0174	-4.32001	219.769	0	
45.3698	-6.3947	188.833	0	
5.75113	-6.89898	194.525	0	
5.35038	-5.26597	192.248	0	
-65.5474	-6.44535	241.731	0	
-49.6024	-6.18605	252.639	0	
-47.4014	-4.79453	215.619	0	
-46.4417	-5.03664	222.702	0	
-47.0429	-7.10465	255.812	0	
-45.5017	-5.76581	238.498	0	
-49.1682	-7.76797	268.388	0	
-33.1694	-4.37754	199.687	0	
-43.8551	-5.21507	222.411	0	
-43.0926	-6.0103	251.712	0	
70.9983	-4.16217	223.054	0	
132.878	-4.52398	204.894	0	
106.877	-5.50143	187.353	0	
107.622	-6.93342	195.557	0	
98.3176	-7.15932	190.464	0	
101.6	-5.26597	197.095	0	
31.9526	-6.44535	227.095	0	
47.8976	-6.18605	191.248	0	
50.0986	-4.79453	213.163	0	
51.0583	-5.03664	207.779	0	
50.4571	-7.10465	197.984	0	
51.9983	-5.76581	203.515	0	
48.3318	-7.76797	195.652	0	
66.1611	-2.93321	216.565	0	
53.6449	-5.21507	211.683	0	
54.4074	-6.0103	194.299	0	
-86.9104	-5.42242	231.36	0	
-85.925	-6.50437	260.29	0	
10.5896	-5.42242	198.263	0	
11.575	-6.50437	201.453	0	
-151.678	-7.28627	316.176	0	
-149.419	-6.13754	303.472	0	
-62.2642	-6.91889	265.307	0	
-45.691	-7.03622	270.948	0	
35.2358	-6.91889	221.776	0	
51.809	-7.03622	190.698	0	
-159.418	-5.09998	270.227	0	
-115.419	-5.28353	195.504	0	
-150.027	-7.43868	318.372	0	
-113.014	-5.46522	199.53	0	
-135.879	-4.50999	193.802	0	
-127.822	-4.41078	202.356	0	
-60.8105	-6.63734	252.432	0	
-17.9191	-5.28353	209.697	0	
-54.0799	-8.70786	300.199	0	
-41.8296	-8.37487	325.013	0	
-38.3792	-4.50999	196.237	0	
-30.3219	-4.41078	221.355	0	
36.6895	-6.63734	225.268	0	
64.1709	-9.10125	150.155	0	
43.4201	-8.70786	169.179	0	
80.736	-5.46522	226.317	0	
65.625	-5.27905	202.823	0	
56.882	-4.95711	209.78	0	
-95.4324	-7.15932	252.975	0	
-145.272	-8.29733	388.424	0	
2.06757	-7.15932	188.384	0	
-15.514	-5.46522	206.867	0	
150.157	-4.6597	202.769	0	
158.883	-2.50461	162.104	0	
-133.429	-3.7302	175.638	0	
-140.644	-7.56208	304.162	0	
-35.9287	-3.7302	181.601	0	
-43.1439	-7.56208	277.496	0	
64.3005	-4.25718	219.731	0	
70.182	-3.08143	218.861	0	
-163.828	-1.26356	295.116	0	
-161.384	-5.37393	278.468	0	
102.001	-6.89898	189.785	0	
156.615	-8.65111	175.885	0	
-152.68	-8.32445	356.228	0	
-116.856	-9.69507	384.838	0	
-138.39	-7.18841	282.391	0	
-136.875	-6.99919	305.533	0	
-40.8903	-7.18841	269.086	0	
-39.375	-6.99919	285.898	0	
61.6412	-5.44334	196.703	0	
59.1208	-4.50999	212.314	0	
-82.5848	-7.52916	286.237	0	
-79.8609	-3.89608	204.337	0	
14.9152	-7.52916	204.848	0	
17.6391	-3.89608	198.656	0	
157.5	-0.496475	153.78	0	
158.137	-3.45571	180.212	0	
58.125	-6.99919	189.69	0	
80.1429	-3.89079	210.03	0	
59.6698	-8.44515	167.793	0	
61.6464	-7.44458	208.986	0	
-165.21	-0.654241	313.455	0	
-168.752	-1.0755	364.373	0	
-144.58	-10.5411	443.798	0	
-139.33	-8.37487	385.754	0	
-130.155	-5.65761	251.554	0	
-131.986	-3.63323	195.891	0	
-47.772	-8.29733	314.251	0	
-19.3558	-9.69507	334.564	0	
-32.6553	-5.65761	268.396	0	
-34.4857	-3.63323	209.096	0	
56.6097	-7.18841	198.192	0	
54.3561	-7.56208	193.033	0	
49.728	-8.29733	157.454	0	
55.6704	-8.37487	155.698	0	
-159.875	-1.43189	172.786	0	
-159.023	-2.89246	225.268	0	
156.838	-2.74918	161.534	0	
158.625	-1.12992	172.109	0	
142.731	-7.46803	210.773	0	
176.853	-1.43582	252.725	0	
-68.4071	-4.23242	214.079	0	
-66.6691	-5.28353	228.226	0	
-75.4167	-10.3326	365.188	0	
-59.8646	-8.3096	279.888	0	
-72.3571	-3.89079	205.913	0	
-69.2262	-6.72899	270.211	0	
29.0929	-4.23242	215.229	0	
30.8309	-5.28353	222.386	0	
22.0833	-10.3326	223.238	0	
37.6354	-8.3096	210.854	0	
25.1429	-3.89079	207.75	0	
28.2738	-6.72899	223.883	0	
122.643	-3.89079	200.502	0	
129.453	-6.44535	209.461	0	
121.742	-9.23105	208.307	0	
161.145	-8.54365	184.818	0	
127.477	-10.2966	210.957	0	
190.319	-2.08076	287.374	0	
-118.505	-7.54588	317.04	0	
-114.297	-6.44535	262.376	0	
-89.8332	-7.08742	283.816	0	
-101.019	-7.46803	246.009	0	
-117.858	-6.4267	224.942	0	
-140.887	-12.3828	542.216	0	
-21.0052	-7.54588	302.746	0	
-16.7974	-6.44535	234.195	0	
7.66684	-7.08742	193.052	0	
-3.51913	-7.46803	179.267	0	
-20.3582	-6.4267	247.057	0	
-43.3872	-12.3828	401.543	0	
-75.9071	-4.23242	211.463	0	
-73.0474	-6.44535	240.489	0	
-69.2388	-9.20929	334.106	0	
-71.764	-5.46522	232.289	0	
-76.7196	-6.73778	277.965	0	
-77.2148	-8.98906	361.183	0	
78.3309	-5.28353	224.628	0	
79.4526	-6.44535	230.211	0	
92.1871	-5.39772	206.111	0	
92.7309	-7.46803	207.436	0	
74.5596	-5.40086	222.563	0	
78.9296	-9.08967	248.218	0	
21.5929	-4.23242	205.223	0	
24.4526	-6.44535	217.662	0	
28.2612	-9.20929	234.577	0	
25.736	-5.46522	214.128	0	
20.7804	-6.73778	214.152	0	
20.2852	-8.98906	221.721	0	
119.093	-4.23242	199.555	0	
121.953	-6.44535	200.818	0	
125.774	-6.72899	204.071	0	
123.236	-5.46522	198.595	0	
117.071	-5.42633	199.071	0	
119.463	-9.6316	197.446	0	
-81.7013	-4.9694	225.476	0	
-80.556	-6.11128	235.593	0	
-80.8729	-7.50385	299.886	0	
-79.3782	-9.53722	360.756	0	
15.7987	-4.9694	201.503	0	
16.944	-6.11128	204.808	0	
16.6271	-7.50385	209.805	0	
18.1218	-9.53722	212.405	0	
110.83	-7.47425	199.27	0	
113.496	-4.16808	188.012	0	
-62.1755	-4.31081	222.103	0	
-62.9367	-5.73467	226.986	0	
35.3245	-4.31081	219.682	0	
34.5633	-5.73467	228.918	0	
103.261	-12.2612	215.951	0	
182.587	-9.32682	282.123	0	
-90.9255	-4.31071	190.363	0	
-93.5926	-4.6597	186.093	0	
-98.7859	-7.04865	240.086	0	
-101.563	-5.39772	227.318	0	
6.5745	-4.31071	198.438	0	
3.9074	-4.6597	195.345	0	
-1.2859	-7.04865	186.172	0	
-4.0629	-5.39772	185.987	0	
102.825	-4.31071	188.159	0	
100.157	-4.6597	185.407	0	
94.9641	-7.04865	193.563	0	
103.917	-7.08742	194.851	0	
-152.611	-10.7469	437.934	0	
-57.0477	-8.8546	294.097	0	
-120.785	-10.9617	484.792	0	
-47.0799	-10.5411	335.98	0	
-55.5733	-7.64358	270.726	0	
40.4523	-8.8546	188.344	0	
-60.6604	-12.2385	357.81	0	
50.4201	-10.5411	150.58	0	
-23.2851	-10.9617	417.275	0	
76.754	-9.39498	240.923	0	
36.8396	-12.2385	172.367	0	
104.806	-9.69773	202.592	0	
-128.573	-5.59388	226.121	0	
-119.075	-5.44657	217.777	0	
-31.0728	-5.59388	259.987	0	
-21.5748	-5.44657	242.686	0	
68.7541	-3.08143	218.232	0	
69.7027	-6.04201	218.129	0	
-173.002	-1.19333	404.696	0	
-162.298	-3.27925	275.58	0	
-134.862	-8.42353	369.733	0	
-132.922	-7.42565	284.878	0	
-37.3619	-8.42353	352.865	0	
-35.4215	-7.42565	281.654	0	
156.942	-6.29348	198.157	0	
167.502	-1.68071	210.6	0	
144.964	-7.04865	218.383	0	
194.592	-4.57815	299.109	0	
-69.6816	-4.325	218.838	0	
-70.4428	-5.74886	220.657	0	
27.8184	-4.325	212.793	0	
27.0572	-5.74886	220.427	0	
125.318	-4.325	198.101	0	
124.557	-5.74886	203.885	0	
133.174	-8.16642	210.124	0	
135.504	-5.34905	211.99	0	
-118.432	-4.325	189.905	0	
-121.558	-4.58212	179.483	0	
-110.576	-8.16642	321.522	0	
-108.246	-5.34905	208.229	0	
-20.9316	-4.325	211.907	0	
-24.0584	-4.58212	214.132	0	
-13.0757	-8.16642	241.753	0	
-10.746	-5.34905	178.989	0	
-77.1816	-4.325	215.355	0	
-77.9362	-5.75765	224.588	0	
75.3184	-4.325	225.332	0	
72.4356	-4.14101	223.079	0	
83.1743	-8.16642	257.07	0	
85.504	-5.34905	202.143	0	
20.3184	-4.325	202.458	0	
19.5638	-5.75765	208.607	0	
117.818	-4.325	189.79	0	
114.936	-4.14103	192.233	0	
-88.9774	-8.66503	343.575	0	
-86.6041	-8.13534	355.125	0	
8.52255	-8.66503	197.951	0	
10.8959	-8.13534	197.567	0	
112.168	-10.3069	190.075	0	
118.495	-7.12954	206.981	0	
113.238	-5.91521	191.644	0	
115.419	-7.77759	197.614	0	
-64.8214	-8.68669	315.647	0	
-62.8655	-8.89079	281.447	0	
32.6786	-8.68669	226.097	0	
34.6345	-8.89079	221.612	0	
-61.1145	-9.89368	315.512	0	
-90.0051	-12.6851	549.055	0	
-26.6509	-8.94098	376.907	0	
7.49494	-12.6851	176.151	0	
46.941	-8.79126	157.142	0	
129.242	-9.23105	216.075	0	
54.1128	-12.3828	100.97	0	
76.0981	-7.0343	226.298	0	
70.9806	-5.79877	226.659	0	
73.2508	-7.54635	203.263	0	
-166.079	-8.06741	394.796	0	
-157.675	-6.42851	282.525	0	
150.595	-7.57725	183.416	0	
198.713	-12.5666	309.511	0	
-124.151	-8.94098	378.225	0	
-114.508	-9.23105	360.681	0	
-50.559	-8.79126	304.892	0	
-17.0079	-9.23105	291.548	0	
98.2113	-13.5521	220.922	0	
160.378	-5.98324	194.493	0	
-93.6512	-8.33358	358.46	0	
41.9267	-7.64358	210.697	0	
3.84876	-8.33358	181.927	0	
58.5709	-11.1429	118.825	0	
70.3765	-10.677	159.066	0	
68.9954	-8.27657	214.103	0	
92.8279	-13.8833	249.257	0	
215.861	-6.59265	313.236	0	
114.588	-6.63488	190.141	0	
117.188	-6.89612	189.447	0	
-142.675	-10.5347	472.398	0	
36.3855	-9.89368	204.911	0	
15.0411	-11.9339	203.718	0	
100.099	-8.33358	209.448	0	
72.3164	-6.49884	233.604	0	
74.78	-6.77541	238.368	0	
-125.008	-5.44279	235.101	0	
-129.35	-9.00121	422.93	0	
-27.5075	-5.44279	265.006	0	
-31.85	-9.00121	414.149	0	
136.3	-6.99449	207.249	0	
148.318	-7.15932	212.787	0	
134.209	-4.53464	208.493	0	
136.849	-4.28441	204.608	0	
-108.344	-8.75328	336.735	0	
-107.45	-6.99449	268.396	0	
-109.541	-4.53464	182.694	0	
-106.901	-4.28441	187.532	0	
-10.8444	-8.75328	191.528	0	
-9.9496	-6.99449	206.482	0	
-12.0407	-4.53464	187.07	0	
-9.40082	-4.28441	191.544	0	
85.4056	-8.75328	210.863	0	
81.2702	-10.3281	209.298	0	
84.2093	-4.53464	203.12	0	
86.8492	-4.28441	208.368	0	
-58.1585	-5.8593	240.42	0	
-58.2996	-7.91085	267.186	0	
39.3415	-5.8593	213.935	0	
39.2004	-7.91085	222.299	0	
-153.991	-11.7103	450.655	0	
-155.613	-8.50548	347.338	0	
60.4506	-4.51844	218.415	0	
62.9939	-4.39269	218.545	0	
-178.103	-1.44749	429.285	0	
-173.839	-5.64205	430.768	0	
-131.055	-7.65507	298.89	0	
-127.759	-7.52237	275.842	0	
-33.5546	-7.65507	317.84	0	
-30.2592	-7.52237	305.021	0	
-125.498	-7.46205	266.559	0	
-83.3496	-9.59591	432.218	0	
-27.9984	-7.46205	318.115	0	
14.1504	-9.59591	203.951	0	
86.3004	-6.99449	246.987	0	
150.055	-12.7198	177.544	0	
-120.728	-5.80066	228.104	0	
-120.68	-7.33391	261.375	0	
-23.2279	-5.80066	251.754	0	
-23.1798	-7.33391	287.014	0	
72.7416	-9.79585	227.979	0	
159.171	-10.2877	210.703	0	
-54.5306	-11.2795	326.458	0	
-52.3001	-7.89572	271.376	0	
42.9694	-11.2795	170.054	0	
45.1999	-7.89572	202.589	0	
-138.913	-10.8834	456.991	0	
-82.4589	-11.9339	465.627	0	
-45.1748	-10.5347	366.579	0	
-41.4132	-10.8834	384.203	0	
-135.961	-11.1213	509.938	0	
-121.786	-8.55513	387.055	0	
-38.4607	-11.1213	402.491	0	
-24.2856	-8.55513	382.315	0	
52.3252	-10.5347	132.016	0	
56.0868	-10.8834	149.631	0	
-150.634	-12.2646	511.396	0	
-118.03	-11.8896	568.749	0	
-73.2205	-8.73643	339.695	0	
-3.42296	-13.8421	185.977	0	
24.2795	-8.73643	230.31	0	
140.145	-11.4398	231.617	0	
-85.9091	-14.035	616.385	0	
-66.535	-10.5118	338.462	0	
11.5909	-14.035	191.887	0	
30.965	-10.5118	230.148	0	
-97.4745	-8.42323	363.025	0	
-112.167	-10.4695	444.424	0	
0.0255294	-8.42323	177.131	0	
-14.6674	-10.4695	253.656	0	
-164.41	-13.599	460.165	0	
-187.785	-3.81496	474.439	0	
74.9266	-11.3856	166.675	0	
65.2154	-13.6039	111.511	0	
146.276	-8.42323	190.582	0	
129.263	-24.2646	176.876	0	
114.751	-10.3233	197.209	0	
71.4242	-17.4153	73.7115	0	
-134.098	-13.8532	656.643	0	
-97.9517	-12.0229	539.335	0	
-36.5975	-13.8532	546.533	0	
-0.451702	-12.0229	181.581	0	
90.1455	-11.4398	202.852	0	
96.2755	-8.42323	220.19	0	
-56.6144	-11.5018	335.79	0	
-50.5379	-10.963	342.732	0	
40.8856	-11.5018	159.114	0	
46.9621	-10.963	146.845	0	
-148.571	-10.8319	452.075	0	
-48.1756	-15.7705	415.47	0	
-154.889	-14.3905	523.534	0	
-147.97	-17.6816	673.438	0	
-48.4549	-12.1835	385.228	0	
-45.013	-15.9763	453.325	0	
49.0451	-12.1835	103.421	0	
131.583	-10.4695	217.815	0	
-159.3	-10.3101	399.537	0	
-155.495	-10.2766	417.027	0	
54.7007	-19.2086	48.52	0	
125.71	-8.44973	211.004	0	
-100.923	-13.8421	678.815	0	
49.3244	-15.7705	91.7317	0	
10.7483	-12.069	190.137	0	
128.01	-15.8868	203.477	0	
-150.446	-24.58	718.159	0	
-157.754	-11.6412	452.155	0	
-157.617	-14.2078	496.506	0	
-167.607	-12.1717	457.895	0	
-142.499	-15.3422	663.646	0	
163.886	-7.81396	214.107	0	
174.226	-2.69569	239.672	0	
118.732	-15.6842	190.62	0	
142.828	-13.8833	179.99	0	
-86.6409	-16.373	660.4	0	
-65.7541	-13.472	410.908	0	
10.8591	-16.373	173.484	0	
31.7459	-13.472	190.556	0	
-184.223	-1.73373	441.547	0	
-161.745	-10.4642	417.852	0	
-105.152	-7.25958	246.564	0	
-111.405	-13.4554	622.59	0	
-7.65167	-7.25958	175.766	0	
-13.9051	-13.4554	316.924	0	
88.5983	-7.25958	204.915	0	
81.7838	-13.563	248.878	0	
138.598	-7.25958	219.695	0	
131.153	-14.6103	213.892	0	
-130.23	-12.4755	561.309	0	
-125.008	-12.0914	532.62	0	
-32.73	-12.4755	454.493	0	
-27.5081	-12.0914	455.899	0	
-78.8414	-14.5362	540.134	0	
-71.2546	-10.6507	363.485	0	
18.6586	-14.5362	196.263	0	
26.2454	-10.6507	222.143	0	
-92.6578	-11.3921	523.739	0	
-85.4292	-10.045	390.141	0	
4.84222	-11.3921	186.914	0	
12.0708	-10.045	201.155	0	
137.145	-11.7939	202.531	0	
140.704	-8.66433	199.664	0	
117.489	-11.9439	216.396	0	
126.674	-12.8115	212.974	0	
-106.605	-11.7939	491.558	0	
-103.046	-8.66433	380.196	0	
-145.757	-15.2052	603.609	0	
-103.605	-11.4398	530.054	0	
-9.10523	-11.7939	224.46	0	
-5.5458	-8.66433	191.622	0	
-20.5299	-11.8896	415.603	0	
-6.10455	-11.4398	184.419	0	
87.1448	-11.7939	270.293	0	
90.7042	-8.66433	245.831	0	
-52.7296	-12.6391	373.161	0	
-51.3189	-16.133	426.229	0	
44.7704	-12.6391	106.554	0	
46.1811	-16.133	87.1292	0	
66.2607	-7.66183	215.201	0	
61.592	-14.645	79.9625	0	
39.4104	-13.2995	142.962	0	
145.799	-12.064	230.963	0	
-58.0896	-13.2995	372.231	0	
-86.7517	-12.069	490.402	0	
-76.2221	-13.5164	511.909	0	
2.5838	-13.8175	162.549	0	
-94.9162	-13.8175	634.075	0	
-80.1994	-11.9005	492.167	0	
-57.6835	-17.1843	421.518	0	
17.3006	-11.9005	210.374	0	
95.7992	-12.064	199.696	0	
142.263	-32.8139	191.092	0	
123.657	-10.3857	212.745	0	
124.174	-12.8115	205.459	0	
-116.81	-16.0011	725.185	0	
-106.911	-18.7727	847.909	0	
-122.648	-13.347	638.878	0	
-120.289	-17.0036	778.364	0	
-19.3105	-16.0011	463.489	0	
-9.41138	-18.7727	265.488	0	
-25.1485	-13.347	489.278	0	
-22.7891	-17.0036	511.233	0	
21.2779	-13.5164	206.492	0	
52.487	-15.9763	61.6485	0	
-88.8748	-11.0032	494.297	0	
-88.6138	-16.0889	730.134	0	
8.62524	-11.0032	193.027	0	
8.88623	-16.0889	191.371	0	
100.469	-11.0855	204.119	0	
122.403	-15.8868	210.404	0	
-102.761	-18.776	893.106	0	
39.8165	-17.1843	110.338	0	
-30.5151	-14.406	582.961	0	
68.6863	-14.565	136.332	0	
-84.2433	-18.71	776.2	0	
-83.6959	-14.349	615.117	0	
13.2567	-18.71	185.38	0	
13.8041	-14.349	192.186	0	
-128.015	-14.406	745.171	0	
-1.46149	-20.9398	182.077	0	
-82.3706	-17.1144	645.512	0	
-77.1404	-18.8236	627.668	0	
-34.8448	-22.1714	639.05	0	
103.857	-15.3762	193.574	0	
15.1294	-17.1144	178.202	0	
20.3596	-18.8236	177.899	0	
-71.9341	-14.5113	491.426	0	
-62.81	-14.1067	385.962	0	
25.5659	-14.5113	203.884	0	
34.69	-14.1067	174.774	0	
-170.722	-5.27006	384.719	0	
-175.476	-2.64081	407.905	0	
166.993	-9.3581	220.758	0	
179.821	-3.17192	270.794	0	
-191.569	-2.08123	443.519	0	
-180.704	-8.04338	443.381	0	
-53.6684	-18.9989	446.859	0	
-5.26069	-18.776	212.857	0	
43.8316	-18.9989	56.8719	0	
133.843	-20.6746	212.806	0	
-108.074	-14.1929	710.355	0	
-94.0883	-17.8006	823.583	0	
-10.5743	-14.1929	255.777	0	
3.41174	-17.8006	191.578	0	
134.484	-15.3478	203.919	0	
159.298	-32.6901	243.774	0	
75.2994	-15.1171	178.554	0	
125.206	-18.1807	197.882	0	
110.084	-14.9563	189.123	0	
167.645	-28.0136	303.622	0	
85.4271	-14.4419	170.496	0	
44.9695	-27.6829	44.1791	0	
-76.3835	-22.9609	764.306	0	
-62.2534	-16.8341	447.061	0	
21.1165	-22.9609	146.186	0	
35.2466	-16.8341	131.863	0	
-69.1374	-16.0301	468.426	0	
-59.6977	-18.8508	447.459	0	
28.3626	-16.0301	185.893	0	
37.8023	-18.8508	105.193	0	
-181.071	-3.18122	472.5	0	
-176.1	-9.31089	466.74	0	
170.302	-6.68287	228.563	0	
173.419	-6.43797	247.265	0	
159.128	-14.7127	193.659	0	
164.209	-14.5128	240.497	0	
-98.9615	-20.9398	852.2	0	
12.9924	-23.3158	148.517	0	
7.06144	-18.779	155.832	0	
117.677	-21.7369	175.178	0	
-79.7755	-17.335	645.632	0	
-74.7054	-15.7809	519.16	0	
17.7245	-17.335	192.214	0	
22.7946	-15.7809	199.134	0	
152.809	-9.49693	209.287	0	
153.817	-16.299	222.463	0	
-153.202	-17.3239	617.312	0	
-150.327	-16.1614	579.914	0	
-163.68	-16.5656	523.787	0	
-63.8837	-22.4837	523.667	0	
-146.558	-22.1446	718.908	0	
-142.549	-22.4698	790.316	0	
39.5095	-26.6887	69.1523	0	
91.2651	-19.3404	144.293	0	
-128.039	-20.2596	839.154	0	
-84.5076	-23.3158	830.171	0	
-57.9905	-26.6887	558.07	0	
33.6163	-22.4837	108.142	0	
-187.588	-7.89551	449.55	0	
-195.842	-4.57853	459.685	0	
100.778	-19.5012	158.26	0	
106.939	-9.51808	191.969	0	
-192.842	-29.1807	472.976	0	
-183.66	-10.6764	477.138	0	
179.592	-6.93814	263.925	0	
186.535	-3.81686	285.074	0	
-68.6736	-19.0863	553.298	0	
-64.7337	-19.2556	496.531	0	
28.8264	-19.0863	145.077	0	
32.7663	-19.2556	134.543	0	
112.986	-17.0898	189.165	0	
121.254	-28.2149	159.062	0	
-158.754	-20.6094	596.136	0	
37.0231	-22.4901	99.5311	0	
25.497	-23.4473	154.757	0	
121.097	-23.8369	184.156	0	
100.41	-16.4657	217.769	0	
109.833	-12.0214	213.535	0	
-90.4386	-18.779	795.095	0	
-72.003	-23.4473	629.881	0	
-52.4633	-27.7169	533.332	0	
-60.4769	-22.4901	523.535	0	
105.849	-22.2944	188.769	0	
106.839	-16.4118	206.961	0	
-70.3526	-26.6553	680.392	0	
52.9428	-24.0743	35.0707	0	
-25.1725	-21.6016	554.875	0	
95.6087	-22.0749	195.31	0	
31.3268	-25.5223	113.966	0	
125.206	-21.9293	186.883	0	
108.462	-20.2945	170.359	0	
116.562	-17.9116	204.675	0	
111.958	-20.6901	187.632	0	
114.531	-23.4196	180.179	0	
71.0304	-23.2096	66.4312	0	
141.707	-19.6086	235.877	0	
-113.695	-16.8815	819.055	0	
-110.638	-20.7638	860.466	0	
-122.673	-21.6016	1007.01	0	
-122.665	-35.1775	1002.6	0	
-16.1947	-16.8815	337.68	0	
-13.138	-20.7638	372.876	0	
-30.539	-20.2596	553.652	0	
-66.1732	-25.5223	606.803	0	
78.8199	-16.4504	126.765	0	
86.8649	-19.5449	226.29	0	
-98.7451	-26.3808	1064.78	0	
-88.73	-23.669	933.384	0	
-1.24511	-26.3808	235.813	0	
8.77004	-23.669	191.722	0	
-205.28	-10.9939	427.486	0	
-203.116	-22.3712	439.841	0	
-200.382	-2.4973	434.216	0	
-210.958	-2.99655	418.997	0	
-165.848	-21.217	573.459	0	
-154.734	-21.2796	643.459	0	
168.663	-18.2333	266.211	0	
175.263	-15.1641	271.285	0	
178.781	-17.6852	286.28	0	
199.132	-2.49739	298.525	0	
-119.214	-27.9461	872.633	0	
27.1474	-26.6553	119.153	0	
-37.9991	-37.0053	581.44	0	
106.132	-26.6725	133.75	0	
-80.5482	-26.5803	794.173	0	
37.9206	-30.6463	77.7243	0	
16.9518	-26.5803	154.398	0	
117.266	-31.4134	165.114	0	
113.963	-28.7182	141.002	0	
84.3565	-22.7175	99.6765	0	
79.9548	-20.502	138.128	0	
78.3935	-30.9545	68.2296	0	
109.886	-30.7265	150.593	0	
-170.264	-22.5426	534.707	0	
-186.586	-34.0715	489.488	0	
-71.4692	-32.4504	704.749	0	
-64.3552	-29.4863	627.864	0	
-129.522	-33.6809	819.765	0	
-77.2844	-32.8618	847.498	0	
26.0308	-32.4504	123.636	0	
33.1448	-29.4863	94.9218	0	
-35.8192	-26.3093	544.966	0	
20.2156	-32.8618	160.508	0	
-32.3341	-32.9669	585.297	0	
200.219	-31.4848	320.811	0	
-81.3536	-39.2894	798.149	0	
-59.5794	-30.6463	602.292	0	
-173.766	-29.45	557.698	0	
48.7057	-33.5404	54.9998	0	
-67.173	-34.0637	678.517	0	
-62.7476	-39.8274	667.908	0	
-10.2351	-42.3533	334.896	0	
100.623	-33.4418	113.975	0	
30.327	-34.0637	96.9847	0	
34.7524	-39.8274	107.409	0	
-136.209	-17.737	770.295	0	
-132.365	-22.2129	872.34	0	
-43.198	-18.7365	527.915	0	
-38.6886	-17.6956	502.993	0	
229.784	-7.91137	309.34	0	
-195.655	-9.12754	442.126	0	
-184.632	-17.2543	479.306	0	
-223.649	-3.59612	410.183	0	
-198.906	-17.9043	446.656	0	
132.435	-31.2901	168.136	0	
136.452	-29.449	214.773	0	
186.376	-7.64136	282.294	0	
187.265	-14.6613	295.356	0	
182.331	-13.8541	286.596	0	
189.97	-10.4787	295.318	0	
60.3681	-18.9378	42.7204	0	
76.0405	-24.963	62.2037	0	
119.878	-37.6577	143.709	0	
137.314	-23.0545	170.875	0	
-140.704	-18.1438	747.325	0	
-139.168	-26.5268	821.339	0	
-133.48	-26.6767	880.719	0	
-92.1633	-28.1316	879.092	0	
-50.4644	-23.7627	519.097	0	
-44.8887	-23.6362	509.108	0	
-57.1344	-37.3795	639.628	0	
-21.7444	-28.0369	537.151	0	
124.816	-30.5282	170.17	0	
128.715	-28.4856	184.466	0	
-154.172	-36.2055	670.205	0	
-205.51	-5.49385	438.592	0	
-189.708	-16.9412	472.957	0	
190.469	-19.3683	316.087	0	
194.401	-9.15162	294.111	0	
180.928	-24.6306	315.028	0	
209.708	-2.99653	305.337	0	
40.3656	-37.3795	78.0984	0	
84.393	-29.5111	76.967	0	
-148.752	-31.7441	744.748	0	
-141.483	-33.3657	781.662	0	
-51.8547	-39.276	604.383	0	
-41.3536	-26.7331	598.985	0	
124.872	-36.6466	163.522	0	
149.858	-28.1793	260.071	0	
5.33672	-28.1316	159.405	0	
129.988	-37.1068	198.267	0	
106.151	-35.183	132.237	0	
179.128	-40.5991	328.23	0	
74.4903	-38.1045	52.628	0	
95.862	-26.6762	126.896	0	
101.314	-28.4806	145.305	0	
-90.1079	-37.043	982.964	0	
67.1678	-36.6738	42.828	0	
65.58	-54.9481	100.052	0	
113.853	-42.0949	154.904	0	
-199.966	-12.5463	446.352	0	
187.682	-25.5065	310.067	0	
209.204	-15.0839	313.836	0	
113.919	-50.1317	139.816	0	
-193.119	-20.7159	457.807	0	
-135.899	-48.5637	689.709	0	
-48.7724	-33.5709	593.297	0	
-43.2385	-32.7137	573.436	0	
134.099	-42.95	190.547	0	
122.432	-54.3794	201.223	0	
87.7148	-33.6491	86.3431	0	
95.3237	-40.1176	94.6475	0	
99.1751	-43.1784	121.742	0	
98.2767	-48.6319	116.234	0	
7.39212	-37.043	224.338	0	
-25.6479	-34.8802	473.855	0	
-217.111	-6.59266	411.995	0	
-216.837	-13.1836	409.185	0	
215.587	-13.1843	307.425	0	
222.399	-3.59612	308.511	0	
-178.18	-51.9759	512.199	0	
-153.647	-49.4659	609.053	0	
95.9829	-35.2801	110.227	0	
105.363	-40.0821	116.419	0	
-47.377	-47.5674	606.844	0	
-39.0554	-46.1539	557.157	0	
92.3318	-31.2524	98.1994	0	
88.4066	-44.521	78.7361	0	
16.1464	-39.2894	163.469	0	
104.53	-53.5724	143.62	0	
89.6237	-39.8659	102.229	0	
93.2082	-50.2262	125.007	0	
80.0854	-44.9589	84.0901	0	
195.014	-53.6987	329.63	0	
46.9683	-23.7287	56.0868	0	
65.1315	-24.4061	41.8084	0	
45.6907	-39.2794	66.1054	0	
56.758	-28.3975	38.8077	0	
58.9988	-47.2745	62.194	0	
63.2794	-29.0001	34.6892	0	
54.5197	-33.9094	36.078	0	
60.6283	-39.7232	51.6111	0	
-112.153	-26.9719	1100.42	0	
-106.813	-41.5616	1058.1	0	
-14.6834	-27.0627	375.729	0	
-20.3964	-45.3419	459.636	0	
-180.822	-20.7977	516.019	0	
-180.372	-28.6817	510.913	0	
-28.1388	-52.5772	488.661	0	
-8.42563	-30.9174	326.901	0	
-223.045	-18.0992	408.161	0	
197.484	-18.6006	306.801	0	
221.795	-18.0997	314.159	0	
-116.522	-44.9384	761.502	0	
-105.895	-30.8265	859.742	0	
-210.454	-15.0875	426.385	0	
-209.349	-21.1068	419.603	0	
214.41	-27.8426	318.725	0	
201.692	-23.0481	319.921	0	
-168.63	-35.332	579.357	0	
-185.88	-47.0569	451.595	0	
-58.4369	-62.9932	564.795	0	
99.1429	-60.8213	164.018	0	
90.5758	-57.9619	123.37	0	
-48.4864	-72.4847	513.884	0	
146.007	-88.8777	292.481	0	
49.8752	-47.1998	80.9819	0	
76.1765	-53.3494	87.231	0	
-231.034	-7.91137	398.693	0	
193.225	-33.1755	328.62	0	
-196.586	-54.0406	417.678	0	
-97.6075	-46.0273	765.212	0	
32.5931	-47.2676	133.132	0	
3.02215	-58.9551	270.081	0	
-230.704	-15.8235	401.107	0	
-199.677	-29.8849	437.03	0	
-199.122	-68.7901	382.329	0	
-232.183	-28.9135	402.023	0	
-145.673	-56.093	631.036	0	
-65.0282	-47.5636	672.076	0	
-0.999147	-46.7281	272.733	0	
39.3398	-61.6705	179.414	0	
208.094	-21.1083	312.455	0	
176.392	-31.8898	297.729	0	
229.454	-15.8234	309.618	0	
209.137	-35.1834	322.764	0	
139.328	-61.0399	243.083	0	
189.207	-41.0089	321.807	0	
-222.975	-26.721	401.523	0	
221.729	-26.7336	312.791	0	
231.761	-29.6353	314.615	0	
142.356	-40.4982	240.132	0	
158.523	-43.1702	295.156	0	
131.472	-51.1747	227.706	0	
149.176	-46.3437	241.562	0	
-209.391	-44.9615	402.251	0	
24.809	-66.1786	205.141	0	
-73.5915	-67.1651	618.747	0	
-93.917	-58.2892	789.058	0	
-54.9373	-53.4072	625.998	0	
81.8654	-60.6471	135.337	0	
-101.539	-70.7175	599.776	0	
-234.45	-44.5321	377.311	0	
207.95	-49.5639	332.343	0	
42.3908	-52.7401	127.469	0	
65.768	-76.5282	198.393	0	
-186.216	-79.8078	384.399	0	
60.9715	-64.9719	148.303	0	
84.6816	-83.8123	224.974	0	
133.127	-72.183	279.022	0	
169.605	-47.203	298.737	0	
99.0487	-73.5167	192.397	0	
121.291	-67.4347	215.34	0	
76.0654	-73.8022	166.747	0	
21.5973	-78.4887	278.422	0	
148.776	-58.6606	287.242	0	
159.318	-65.2507	302.991	0	
-118.231	-67.6676	605.844	0	
-123.641	-53.3865	781.188	0	
223.493	-56.6049	320.744	0	
-170.587	-61.0571	470.681	0	
-162.29	-53.2661	562.313	0	
-75.7218	-48.391	776.012	0	
-80.7855	-58.4064	676.28	0	
-78.6641	-83.0863	523.618	0	
42.8672	-124.784	269.815	0	
21.8995	-48.0949	175.789	0	
17.1665	-58.0755	242.929	0	
110.772	-78.66	238.041	0	
-128.033	-80.0868	530.714	0	
-143.217	-73.3351	513.918	0	
48.3422	-68.3158	181.765	0	
43.0743	-85.2084	239.286	0	
-31.1187	-67.2315	464.082	0	
6.99334	-83.9003	287.765	0	
180.708	-83.077	321.427	0	
-212.548	-78.6717	346.796	0	
55.4568	-91.151	235.609	0	
30.86	-90.8732	260.771	0	
195.719	-99.5338	300.288	0	
-155.091	-83.9494	438.611	0	
22.5656	-111.1	286.41	0	
-3.93924	-72.4697	337.629	0	
5.64357	-105.233	315.377	0	
-222.226	-50.9126	393.952	0	
162.751	-84.3246	305.285	0	
186.132	-63.0524	316.166	0	
-120.967	-99.7543	432.368	0	
-93.4804	-86.7559	537.875	0	
221.832	-84.1178	314.811	0	
-21.1018	-77.8858	373	0	
-26.257	-99.2576	367.145	0	
-222.846	-69.8732	363.587	0	
82.4716	-105.887	259.909	0	
-155.483	-105.393	372.222	0	
137.733	-106.863	298.81	0	
-208.069	-100.978	341.646	0	
-170.837	-73.8717	435.943	0	
-103.106	-103.373	415.045	0	
114.335	-101.394	277.043	0	
-63.2341	-129.89	351.588	0	
-190.247	-100.547	337.063	0	
-175.26	-116.054	341.66	0	
63.5442	-110.5	276.411	0	
100.401	-118.325	283.094	0	
-14.9272	-144.737	317.231	0	
-136.544	-114.446	382.946	0	
-10.4442	-115.174	316.015	0	
-62.9959	-88.4674	482.539	0	
-50.7834	-104.586	375.64	0	
-91.8996	-128.662	360.883	0	
-132.369	-138.886	351.618	0	
-178.662	-146.313	316.456	0	
-43.1907	-154.124	324.241	0	
-213.777	-154.351	302.458	0	
184.547	-133.757	303.912	0	
43.9892	-153.642	291.051	0	
105.563	-154.614	283.535	0	
-105.586	-149.483	346.49	0	
153.516	-136.648	292.6	0	
222.629	-148.911	291.286	0	
