# ============================================================
# DC Resistivity Section with Temperature Correction
# Paper: A Comparative Study of Pseudo-dipole Arrays and Standard Arrays
# Based on High-density DC Resistivity Method
# ============================================================
# Column 1: X_Coord (m)       - Horizontal coordinate
# Column 2: Y_Coord           - Profile offset (Y = 0 for 2D)
# Column 3: Z_Coord (m)       - Depth (negative downward)
# Column 4: App_Resistivity   - Temperature-corrected resistivity (Ohm-m)

312	126	2583
0	0	0	-2359.16	0	0
1	0	0	-1990.55	0	0
2	0	0	-1683.38	0	0
3	0	0	-1427.4	0	0
4	0	0	-1214.08	0	0
5	0	0	-1036.32	0	0
6	0	0	-888.182	0	0
7	0	0	-764.735	0	0
8	0	0	-661.863	0	0
9	0	0	-576.136	0	0
10	0	0	-504.696	0	0
11	0	0	-445.163	0	0
12	0	0	-395.553	0	0
13	0	0	-354.211	0	0
14	0	0	-319.76	0	0
15	0	0	-291.049	0	0
16	0	0	-267.124	0	0
17	0	0	-247.187	0	0
18	0	0	-230.572	0	0
19	0	0	-216.727	0	0
20	0	0	-205.189	0	0
21	0	0	-195.575	0	0
22	0	0	-187.562	0	0
23	0	0	-180.885	0	0
24	0	0	-175.321	0	0
25	0	0	-170.684	0	0
26	0	0	-166.82	0	0
27	0	0	-163.6	0	0
28	0	0	-161.75	0	0
29	0	0	-160	0	0
30	0	1	-157.5	0	0
31	0	0	-156.25	0	0
32	0	1	-155	0	0
33	0	0	-153.75	0	0
34	0	1	-152.5	0	0
35	0	0	-151.25	0	0
36	0	1	-150	0	0
37	0	0	-148.75	0	0
38	0	1	-147.5	0	0
39	0	0	-146.25	0	0
40	0	1	-145	0	0
41	0	0	-143.75	0	0
42	0	1	-142.5	0	0
43	0	0	-141.25	0	0
44	0	1	-140	0	0
45	0	0	-138.75	0	0
46	0	1	-137.5	0	0
47	0	0	-136.25	0	0
48	0	1	-135	0	0
49	0	0	-133.75	0	0
50	0	1	-132.5	0	0
51	0	0	-131.25	0	0
52	0	1	-130	0	0
53	0	0	-128.75	0	0
54	0	1	-127.5	0	0
55	0	0	-126.25	0	0
56	0	1	-125	0	0
57	0	0	-123.75	0	0
58	0	1	-122.5	0	0
59	0	0	-121.25	0	0
60	0	1	-120	0	0
61	0	0	-118.75	0	0
62	0	1	-117.5	0	0
63	0	0	-116.25	0	0
64	0	1	-115	0	0
65	0	0	-113.75	0	0
66	0	1	-112.5	0	0
67	0	0	-111.25	0	0
68	0	1	-110	0	0
69	0	0	-108.75	0	0
70	0	1	-107.5	0	0
71	0	0	-106.25	0	0
72	0	1	-105	0	0
73	0	0	-103.75	0	0
74	0	1	-102.5	0	0
75	0	0	-101.25	0	0
76	0	1	-100	0	0
77	0	0	-98.75	0	0
78	0	1	-97.5	0	0
79	0	0	-96.25	0	0
80	0	1	-95	0	0
81	0	0	-93.75	0	0
82	0	1	-92.5	0	0
83	0	0	-91.25	0	0
84	0	1	-90	0	0
85	0	0	-88.75	0	0
86	0	1	-87.5	0	0
87	0	0	-86.25	0	0
88	0	1	-85	0	0
89	0	0	-83.75	0	0
90	0	1	-82.5	0	0
91	0	0	-81.25	0	0
92	0	1	-80	0	0
93	0	0	-78.75	0	0
94	0	1	-77.5	0	0
95	0	0	-76.25	0	0
96	0	1	-75	0	0
97	0	0	-73.75	0	0
98	0	1	-72.5	0	0
99	0	0	-71.25	0	0
100	0	1	-70	0	0
101	0	0	-68.75	0	0
102	0	1	-67.5	0	0
103	0	0	-66.25	0	0
104	0	1	-65	0	0
105	0	0	-63.75	0	0
106	0	1	-62.5	0	0
107	0	0	-61.25	0	0
108	0	1	-60	0	0
109	0	0	-58.75	0	0
110	0	1	-57.5	0	0
111	0	0	-56.25	0	0
112	0	1	-55	0	0
113	0	0	-53.75	0	0
114	0	1	-52.5	0	0
115	0	0	-51.25	0	0
116	0	1	-50	0	0
117	0	0	-48.75	0	0
118	0	1	-47.5	0	0
119	0	0	-46.25	0	0
120	0	1	-45	0	0
121	0	0	-43.75	0	0
122	0	1	-42.5	0	0
123	0	0	-41.25	0	0
124	0	1	-40	0	0
125	0	0	-38.75	0	0
126	0	1	-37.5	0	0
127	0	0	-36.25	0	0
128	0	1	-35	0	0
129	0	0	-33.75	0	0
130	0	1	-32.5	0	0
131	0	0	-31.25	0	0
132	0	1	-30	0	0
133	0	0	-28.75	0	0
134	0	1	-27.5	0	0
135	0	0	-26.25	0	0
136	0	1	-25	0	0
137	0	0	-23.75	0	0
138	0	1	-22.5	0	0
139	0	0	-21.25	0	0
140	0	1	-20	0	0
141	0	0	-18.75	0	0
142	0	1	-17.5	0	0
143	0	0	-16.25	0	0
144	0	1	-15	0	0
145	0	0	-13.75	0	0
146	0	1	-12.5	0	0
147	0	0	-11.25	0	0
148	0	1	-10	0	0
149	0	0	-8.75	0	0
150	0	1	-7.5	0	0
151	0	0	-6.25	0	0
152	0	1	-5	0	0
153	0	0	-3.75	0	0
154	0	1	-2.5	0	0
155	0	0	-1.25	0	0
156	0	1	0	0	0
157	0	0	1.25	0	0
158	0	1	2.5	0	0
159	0	0	3.75	0	0
160	0	1	5	0	0
161	0	0	6.25	0	0
162	0	1	7.5	0	0
163	0	0	8.75	0	0
164	0	1	10	0	0
165	0	0	11.25	0	0
166	0	1	12.5	0	0
167	0	0	13.75	0	0
168	0	1	15	0	0
169	0	0	16.25	0	0
170	0	1	17.5	0	0
171	0	0	18.75	0	0
172	0	1	20	0	0
173	0	0	21.25	0	0
174	0	1	22.5	0	0
175	0	0	23.75	0	0
176	0	1	25	0	0
177	0	0	26.25	0	0
178	0	1	27.5	0	0
179	0	0	28.75	0	0
180	0	1	30	0	0
181	0	0	31.25	0	0
182	0	1	32.5	0	0
183	0	0	33.75	0	0
184	0	1	35	0	0
185	0	0	36.25	0	0
186	0	1	37.5	0	0
187	0	0	38.75	0	0
188	0	1	40	0	0
189	0	0	41.25	0	0
190	0	1	42.5	0	0
191	0	0	43.75	0	0
192	0	1	45	0	0
193	0	0	46.25	0	0
194	0	1	47.5	0	0
195	0	0	48.75	0	0
196	0	1	50	0	0
197	0	0	51.25	0	0
198	0	1	52.5	0	0
199	0	0	53.75	0	0
200	0	1	55	0	0
201	0	0	56.25	0	0
202	0	1	57.5	0	0
203	0	0	58.75	0	0
204	0	1	60	0	0
205	0	0	61.25	0	0
206	0	1	62.5	0	0
207	0	0	63.75	0	0
208	0	1	65	0	0
209	0	0	66.25	0	0
210	0	1	67.5	0	0
211	0	0	68.75	0	0
212	0	1	70	0	0
213	0	0	71.25	0	0
214	0	1	72.5	0	0
215	0	0	73.75	0	0
216	0	1	75	0	0
217	0	0	76.25	0	0
218	0	1	77.5	0	0
219	0	0	78.75	0	0
220	0	1	80	0	0
221	0	0	81.25	0	0
222	0	1	82.5	0	0
223	0	0	83.75	0	0
224	0	1	85	0	0
225	0	0	86.25	0	0
226	0	1	87.5	0	0
227	0	0	88.75	0	0
228	0	1	90	0	0
229	0	0	91.25	0	0
230	0	1	92.5	0	0
231	0	0	93.75	0	0
232	0	1	95	0	0
233	0	0	96.25	0	0
234	0	1	97.5	0	0
235	0	0	98.75	0	0
236	0	1	100	0	0
237	0	0	101.25	0	0
238	0	1	102.5	0	0
239	0	0	103.75	0	0
240	0	1	105	0	0
241	0	0	106.25	0	0
242	0	1	107.5	0	0
243	0	0	108.75	0	0
244	0	1	110	0	0
245	0	0	111.25	0	0
246	0	1	112.5	0	0
247	0	0	113.75	0	0
248	0	1	115	0	0
249	0	0	116.25	0	0
250	0	1	117.5	0	0
251	0	0	118.75	0	0
252	0	1	120	0	0
253	0	0	121.25	0	0
254	0	1	122.5	0	0
255	0	0	123.75	0	0
256	0	1	125	0	0
257	0	0	126.25	0	0
258	0	1	127.5	0	0
259	0	0	128.75	0	0
260	0	1	130	0	0
261	0	0	131.25	0	0
262	0	1	132.5	0	0
263	0	0	133.75	0	0
264	0	1	135	0	0
265	0	0	136.25	0	0
266	0	1	137.5	0	0
267	0	0	138.75	0	0
268	0	1	140	0	0
269	0	0	141.25	0	0
270	0	1	142.5	0	0
271	0	0	143.75	0	0
272	0	1	145	0	0
273	0	0	146.25	0	0
274	0	1	147.5	0	0
275	0	0	148.75	0	0
276	0	1	150	0	0
277	0	0	151.25	0	0
278	0	1	152.5	0	0
279	0	0	153.75	0	0
280	0	1	155	0	0
281	0	0	156.25	0	0
282	0	0	158.75	0	0
283	0	0	160.5	0	0
284	0	0	162.35	0	0
285	0	0	165.57	0	0
286	0	0	169.434	0	0
287	0	0	174.071	0	0
288	0	0	179.635	0	0
289	0	0	186.312	0	0
290	0	0	194.325	0	0
291	0	0	203.939	0	0
292	0	0	215.477	0	0
293	0	0	229.322	0	0
294	0	0	245.937	0	0
295	0	0	265.874	0	0
296	0	0	289.799	0	0
297	0	0	318.51	0	0
298	0	0	352.961	0	0
299	0	0	394.303	0	0
300	0	0	443.913	0	0
301	0	0	503.446	0	0
302	0	0	574.886	0	0
303	0	0	660.613	0	0
304	0	0	763.485	0	0
305	0	0	886.932	0	0
306	0	0	1035.07	0	0
307	0	0	1212.83	0	0
308	0	0	1426.15	0	0
309	0	0	1682.13	0	0
310	0	0	1989.3	0	0
311	0	0	2357.91	0	0
30	32	34	36	0	218.844	100
32	34	36	38	0	220.198	100
34	36	38	40	0	220.274	100
36	38	40	42	0	206.887	100
38	40	42	44	0	241.263	100
40	42	44	46	0	208.606	100
42	44	46	48	0	240.207	100
44	46	48	50	0	233.67	100
46	48	50	52	0	190.12	100
48	50	52	54	0	205.224	100
50	52	54	56	0	218.502	100
52	54	56	58	0	213.897	100
54	56	58	60	0	234.469	100
56	58	60	62	0	234.071	100
58	60	62	64	0	220.396	100
60	62	64	66	0	216.532	100
62	64	66	68	0	199.099	100
64	66	68	70	0	239.751	100
66	68	70	72	0	218.267	100
68	70	72	74	0	233.717	100
70	72	74	76	0	237.432	100
72	74	76	78	0	189.6	100
74	76	78	80	0	206.753	100
76	78	80	82	0	195.776	100
78	80	82	84	0	228.704	100
80	82	84	86	0	172.134	100
82	84	86	88	0	228.682	100
84	86	88	90	0	213.078	100
86	88	90	92	0	207.237	100
88	90	92	94	0	203.739	100
90	92	94	96	0	207.785	100
92	94	96	98	0	234.967	100
94	96	98	100	0	215.103	100
96	98	100	102	0	239.354	100
98	100	102	104	0	212.272	100
100	102	104	106	0	219.903	100
102	104	106	108	0	241.221	100
104	106	108	110	0	222.09	100
106	108	110	112	0	223.843	100
108	110	112	114	0	186.842	100
110	112	114	116	0	227.475	100
112	114	116	118	0	198.921	100
114	116	118	120	0	215.318	100
116	118	120	122	0	170.544	100
118	120	122	124	0	205.477	100
120	122	124	126	0	205.762	100
122	124	126	128	0	224.621	100
124	126	128	130	0	233.309	100
126	128	130	132	0	195.936	100
128	130	132	134	0	242.62	100
130	132	134	136	0	209.468	100
132	134	136	138	0	221.244	100
134	136	138	140	0	231.233	100
136	138	140	142	0	229.901	100
138	140	142	144	0	240.534	100
140	142	144	146	0	195.638	100
142	144	146	148	0	241.987	100
144	146	148	150	0	235.961	100
146	148	150	152	0	228.15	100
148	150	152	154	0	216.023	100
150	152	154	156	0	191.129	100
152	154	156	158	0	223.91	100
154	156	158	160	0	185.459	100
156	158	160	162	0	196.622	100
158	160	162	164	0	211.328	100
160	162	164	166	0	223.12	100
162	164	166	168	0	221.817	100
164	166	168	170	0	215.96	100
166	168	170	172	0	195.952	100
168	170	172	174	0	201.782	100
170	172	174	176	0	210.523	100
172	174	176	178	0	189.219	100
174	176	178	180	0	217.549	100
176	178	180	182	0	230.884	100
178	180	182	184	0	197.186	100
180	182	184	186	0	199.589	100
182	184	186	188	0	193.645	100
184	186	188	190	0	216.14	100
186	188	190	192	0	224.722	100
188	190	192	194	0	217.824	100
190	192	194	196	0	225.857	100
192	194	196	198	0	220.021	100
194	196	198	200	0	222.103	100
196	198	200	202	0	217.389	100
198	200	202	204	0	188.559	100
200	202	204	206	0	217.097	100
202	204	206	208	0	227.867	100
204	206	208	210	0	181.464	100
206	208	210	212	0	217.789	100
208	210	212	214	0	211.493	100
210	212	214	216	0	190.069	100
212	214	216	218	0	243.691	100
214	216	218	220	0	222.938	100
216	218	220	222	0	245.626	100
218	220	222	224	0	230.452	100
220	222	224	226	0	209.674	100
222	224	226	228	0	226.482	100
224	226	228	230	0	202.509	100
226	228	230	232	0	226.267	100
228	230	232	234	0	209.691	100
230	232	234	236	0	209.455	100
232	234	236	238	0	226.086	100
234	236	238	240	0	202.439	100
236	238	240	242	0	190.292	100
238	240	242	244	0	206.352	100
240	242	244	246	0	208.317	100
242	244	246	248	0	216.129	100
244	246	248	250	0	178.622	100
246	248	250	252	0	206.225	100
248	250	252	254	0	177.16	100
250	252	254	256	0	216.472	100
252	254	256	258	0	189.141	100
254	256	258	260	0	191.656	100
256	258	260	262	0	214.758	100
258	260	262	264	0	190.07	100
260	262	264	266	0	218.192	100
262	264	266	268	0	181.166	100
264	266	268	270	0	199.496	100
266	268	270	272	0	218.108	100
268	270	272	274	0	223.968	100
270	272	274	276	0	197.084	100
272	274	276	278	0	235.828	100
274	276	278	280	0	194.687	100
30	34	38	42	0	194.978	100
32	36	40	44	0	185.316	100
34	38	42	46	0	183.243	100
36	40	44	48	0	199.978	100
38	42	46	50	0	177.524	100
40	44	48	52	0	207.747	100
42	46	50	54	0	176.763	100
44	48	52	56	0	194.231	100
46	50	54	58	0	199.499	100
48	52	56	60	0	203.896	100
50	54	58	62	0	191.331	100
52	56	60	64	0	180.176	100
54	58	62	66	0	194.746	100
56	60	64	68	0	212.696	100
58	62	66	70	0	200.608	100
60	64	68	72	0	208.289	100
62	66	70	74	0	185.248	100
64	68	72	76	0	203.55	100
66	70	74	78	0	190.38	100
68	72	76	80	0	173.668	100
70	74	78	82	0	196.21	100
72	76	80	84	0	171.094	100
74	78	82	86	0	215.151	100
76	80	84	88	0	198.848	100
78	82	86	90	0	202.729	100
80	84	88	92	0	217.19	100
82	86	90	94	0	195.134	100
84	88	92	96	0	210.262	100
86	90	94	98	0	195.411	100
88	92	96	100	0	206.326	100
90	94	98	102	0	213.829	100
92	96	100	104	0	181.467	100
94	98	102	106	0	185.023	100
96	100	104	108	0	192.925	100
98	102	106	110	0	202.418	100
100	104	108	112	0	183.923	100
102	106	110	114	0	198.093	100
104	108	112	116	0	180.75	100
106	110	114	118	0	188.008	100
108	112	116	120	0	195.502	100
110	114	118	122	0	213.131	100
112	116	120	124	0	194.69	100
114	118	122	126	0	206.66	100
116	120	124	128	0	215.885	100
118	122	126	130	0	222.178	100
120	124	128	132	0	203.155	100
122	126	130	134	0	195.784	100
124	128	132	136	0	195.223	100
126	130	134	138	0	195.226	100
128	132	136	140	0	202.465	100
130	134	138	142	0	194.003	100
132	136	140	144	0	188.129	100
134	138	142	146	0	201.99	100
136	140	144	148	0	162.1	100
138	142	146	150	0	190.396	100
140	144	148	152	0	176.96	100
142	146	150	154	0	187.997	100
144	148	152	156	0	192.934	100
146	150	154	158	0	208.614	100
148	152	156	160	0	182.32	100
150	154	158	162	0	209.682	100
152	156	160	164	0	192.519	100
154	158	162	166	0	207.307	100
156	160	164	168	0	201.767	100
158	162	166	170	0	209.08	100
160	164	168	172	0	189.171	100
162	166	170	174	0	195.01	100
164	168	172	176	0	201.97	100
166	170	174	178	0	199.895	100
168	172	176	180	0	197.688	100
170	174	178	182	0	201.085	100
172	176	180	184	0	202.894	100
174	178	182	186	0	194.305	100
176	180	184	188	0	208.247	100
178	182	186	190	0	207.879	100
180	184	188	192	0	203.012	100
182	186	190	194	0	205.77	100
184	188	192	196	0	186.22	100
186	190	194	198	0	192.493	100
188	192	196	200	0	219.541	100
190	194	198	202	0	208.52	100
192	196	200	204	0	223.757	100
194	198	202	206	0	199.002	100
196	200	204	208	0	209.691	100
198	202	206	210	0	209.198	100
200	204	208	212	0	205.401	100
202	206	210	214	0	201.831	100
204	208	212	216	0	206.914	100
206	210	214	218	0	188.387	100
208	212	216	220	0	185.947	100
210	214	218	222	0	198.498	100
212	216	220	224	0	187.184	100
214	218	222	226	0	198.386	100
216	220	224	228	0	184.968	100
218	222	226	230	0	209.224	100
220	224	228	232	0	186.472	100
222	226	230	234	0	204.211	100
224	228	232	236	0	199.06	100
226	230	234	238	0	208.007	100
228	232	236	240	0	209.263	100
230	234	238	242	0	187.533	100
232	236	240	244	0	202.11	100
234	238	242	246	0	191.109	100
236	240	244	248	0	218.07	100
238	242	246	250	0	204.801	100
240	244	248	252	0	203.837	100
242	246	250	254	0	206.628	100
244	248	252	256	0	197.164	100
246	250	254	258	0	213.983	100
248	252	256	260	0	200.638	100
250	254	258	262	0	201.977	100
252	256	260	264	0	216.531	100
254	258	262	266	0	198.105	100
256	260	264	268	0	187.218	100
258	262	266	270	0	193.371	100
260	264	268	272	0	209.524	100
262	266	270	274	0	206.997	100
264	268	272	276	0	205.245	100
266	270	274	278	0	191.519	100
268	272	276	280	0	200.002	100
30	36	42	48	0	193.431	100
32	38	44	50	0	192.522	100
34	40	46	52	0	209.555	100
36	42	48	54	0	182.728	100
38	44	50	56	0	208.204	100
40	46	52	58	0	196.914	100
42	48	54	60	0	187.442	100
44	50	56	62	0	222.306	100
46	52	58	64	0	200.304	100
48	54	60	66	0	186.15	100
50	56	62	68	0	208.156	100
52	58	64	70	0	223.202	100
54	60	66	72	0	211.329	100
56	62	68	74	0	201.634	100
58	64	70	76	0	195.8	100
60	66	72	78	0	199.866	100
62	68	74	80	0	207.508	100
64	70	76	82	0	206.38	100
66	72	78	84	0	213.494	100
68	74	80	86	0	186.158	100
70	76	82	88	0	205.512	100
72	78	84	90	0	220.287	100
74	80	86	92	0	191.266	100
76	82	88	94	0	201.25	100
78	84	90	96	0	175.644	100
80	86	92	98	0	200.38	100
82	88	94	100	0	209.213	100
84	90	96	102	0	213.628	100
86	92	98	104	0	227.44	100
88	94	100	106	0	219.398	100
90	96	102	108	0	215.781	100
92	98	104	110	0	205.967	100
94	100	106	112	0	225.419	100
96	102	108	114	0	220.08	100
98	104	110	116	0	212.316	100
100	106	112	118	0	169.841	100
102	108	114	120	0	194	100
104	110	116	122	0	203.393	100
106	112	118	124	0	201.489	100
108	114	120	126	0	226.596	100
110	116	122	128	0	200.194	100
112	118	124	130	0	227.211	100
114	120	126	132	0	214.178	100
116	122	128	134	0	185.583	100
118	124	130	136	0	181.928	100
120	126	132	138	0	213.013	100
122	128	134	140	0	218.532	100
124	130	136	142	0	209.735	100
126	132	138	144	0	228.088	100
128	134	140	146	0	211.896	100
130	136	142	148	0	216.429	100
132	138	144	150	0	209.099	100
134	140	146	152	0	212.411	100
136	142	148	154	0	197.194	100
138	144	150	156	0	207.119	100
140	146	152	158	0	184.551	100
142	148	154	160	0	197.182	100
144	150	156	162	0	197.409	100
146	152	158	164	0	200.339	100
148	154	160	166	0	194.522	100
150	156	162	168	0	197.646	100
152	158	164	170	0	218.597	100
154	160	166	172	0	196.603	100
156	162	168	174	0	202.514	100
158	164	170	176	0	198.832	100
160	166	172	178	0	199.928	100
162	168	174	180	0	190.732	100
164	170	176	182	0	191.975	100
166	172	178	184	0	215.699	100
168	174	180	186	0	214.569	100
170	176	182	188	0	212.874	100
172	178	184	190	0	201.527	100
174	180	186	192	0	197.308	100
176	182	188	194	0	208.505	100
178	184	190	196	0	202.026	100
180	186	192	198	0	193.915	100
182	188	194	200	0	219.262	100
184	190	196	202	0	211.65	100
186	192	198	204	0	206.382	100
188	194	200	206	0	209.698	100
190	196	202	208	0	215.966	100
192	198	204	210	0	199.405	100
194	200	206	212	0	208.809	100
196	202	208	214	0	202.214	100
198	204	210	216	0	199.467	100
200	206	212	218	0	197.001	100
202	208	214	220	0	214.253	100
204	210	216	222	0	191.308	100
206	212	218	224	0	212.269	100
208	214	220	226	0	204.655	100
210	216	222	228	0	202.31	100
212	218	224	230	0	211.959	100
214	220	226	232	0	193.255	100
216	222	228	234	0	198.702	100
218	224	230	236	0	202.137	100
220	226	232	238	0	195.975	100
222	228	234	240	0	195.51	100
224	230	236	242	0	213.153	100
226	232	238	244	0	213.045	100
228	234	240	246	0	201.168	100
230	236	242	248	0	200.386	100
232	238	244	250	0	203.109	100
234	240	246	252	0	198.98	100
236	242	248	254	0	209.901	100
238	244	250	256	0	198.894	100
240	246	252	258	0	200.363	100
242	248	254	260	0	200.757	100
244	250	256	262	0	205.96	100
246	252	258	264	0	206.746	100
248	254	260	266	0	209.202	100
250	256	262	268	0	213.203	100
252	258	264	270	0	206.738	100
254	260	266	272	0	188.066	100
256	262	268	274	0	198.424	100
258	264	270	276	0	202.994	100
260	266	272	278	0	203.031	100
262	268	274	280	0	199.14	100
30	38	46	54	0	217.535	100
32	40	48	56	0	205.027	100
34	42	50	58	0	222.303	100
36	44	52	60	0	205.555	100
38	46	54	62	0	223.198	100
40	48	56	64	0	222.442	100
42	50	58	66	0	226.342	100
44	52	60	68	0	218.059	100
46	54	62	70	0	216.664	100
48	56	64	72	0	203.387	100
50	58	66	74	0	212.022	100
52	60	68	76	0	203.841	100
54	62	70	78	0	202.782	100
56	64	72	80	0	195.08	100
58	66	74	82	0	222.536	100
60	68	76	84	0	220.329	100
62	70	78	86	0	168.869	100
64	72	80	88	0	206.521	100
66	74	82	90	0	225.429	100
68	76	84	92	0	229.991	100
70	78	86	94	0	196.576	100
72	80	88	96	0	185.329	100
74	82	90	98	0	207.166	100
76	84	92	100	0	235.043	100
78	86	94	102	0	192.471	100
80	88	96	104	0	196.358	100
82	90	98	106	0	205.756	100
84	92	100	108	0	196.767	100
86	94	102	110	0	192.362	100
88	96	104	112	0	205.157	100
90	98	106	114	0	208.851	100
92	100	108	116	0	214.5	100
94	102	110	118	0	206.604	100
96	104	112	120	0	202.293	100
98	106	114	122	0	226.53	100
100	108	116	124	0	236.815	100
102	110	118	126	0	240.224	100
104	112	120	128	0	225.884	100
106	114	122	130	0	227.85	100
108	116	124	132	0	225.477	100
110	118	126	134	0	202.427	100
112	120	128	136	0	230.021	100
114	122	130	138	0	182.377	100
116	124	132	140	0	210.376	100
118	126	134	142	0	225.395	100
120	128	136	144	0	245.114	100
122	130	138	146	0	201.564	100
124	132	140	148	0	209.464	100
126	134	142	150	0	187.904	100
128	136	144	152	0	234.681	100
130	138	146	154	0	189.66	100
132	140	148	156	0	214.423	100
134	142	150	158	0	200.676	100
136	144	152	160	0	210.649	100
138	146	154	162	0	207.692	100
140	148	156	164	0	199.704	100
142	150	158	166	0	186.104	100
144	152	160	168	0	217.6	100
146	154	162	170	0	201.703	100
148	156	164	172	0	192.76	100
150	158	166	174	0	188.215	100
152	160	168	176	0	200.788	100
154	162	170	178	0	200.041	100
156	164	172	180	0	200.383	100
158	166	174	182	0	219.655	100
160	168	176	184	0	213.351	100
162	170	178	186	0	223.794	100
164	172	180	188	0	198.002	100
166	174	182	190	0	212.787	100
168	176	184	192	0	207.79	100
170	178	186	194	0	208.745	100
172	180	188	196	0	205.161	100
174	182	190	198	0	200.183	100
176	184	192	200	0	206.267	100
178	186	194	202	0	194.891	100
180	188	196	204	0	195.142	100
182	190	198	206	0	206.58	100
184	192	200	208	0	192.79	100
186	194	202	210	0	205.102	100
188	196	204	212	0	207.24	100
190	198	206	214	0	186.846	100
192	200	208	216	0	194.829	100
194	202	210	218	0	205.174	100
196	204	212	220	0	201.893	100
198	206	214	222	0	204.512	100
200	208	216	224	0	193.268	100
202	210	218	226	0	194.315	100
204	212	220	228	0	208.082	100
206	214	222	230	0	197.371	100
208	216	224	232	0	205.266	100
210	218	226	234	0	192.658	100
212	220	228	236	0	205.048	100
214	222	230	238	0	190.023	100
216	224	232	240	0	203.103	100
218	226	234	242	0	194.282	100
220	228	236	244	0	197.772	100
222	230	238	246	0	203.789	100
224	232	240	248	0	187.716	100
226	234	242	250	0	210.753	100
228	236	244	252	0	195.868	100
230	238	246	254	0	197.115	100
232	240	248	256	0	204.636	100
234	242	250	258	0	197.383	100
236	244	252	260	0	207.28	100
238	246	254	262	0	195.028	100
240	248	256	264	0	189.088	100
242	250	258	266	0	192.678	100
244	252	260	268	0	205.768	100
246	254	262	270	0	195.272	100
248	256	264	272	0	189.714	100
250	258	266	274	0	211.052	100
252	260	268	276	0	202.054	100
254	262	270	278	0	203.136	100
256	264	272	280	0	194.542	100
30	40	50	60	0	231.437	100
32	42	52	62	0	231.267	100
34	44	54	64	0	243.975	100
36	46	56	66	0	240.814	100
38	48	58	68	0	223.139	100
40	50	60	70	0	240.591	100
42	52	62	72	0	235.858	100
44	54	64	74	0	228.086	100
46	56	66	76	0	227.037	100
48	58	68	78	0	225.033	100
50	60	70	80	0	198.396	100
52	62	72	82	0	227.446	100
54	64	74	84	0	234.99	100
56	66	76	86	0	231.385	100
58	68	78	88	0	237.533	100
60	70	80	90	0	222.708	100
62	72	82	92	0	212.795	100
64	74	84	94	0	228.325	100
66	76	86	96	0	242.108	100
68	78	88	98	0	202.227	100
70	80	90	100	0	237.323	100
72	82	92	102	0	246.698	100
74	84	94	104	0	243.367	100
76	86	96	106	0	255.586	100
78	88	98	108	0	200.385	100
80	90	100	110	0	249.985	100
82	92	102	112	0	252.721	100
84	94	104	114	0	219.044	100
86	96	106	116	0	217.835	100
88	98	108	118	0	200.901	100
90	100	110	120	0	218.462	100
92	102	112	122	0	241.597	100
94	104	114	124	0	243.687	100
96	106	116	126	0	234.524	100
98	108	118	128	0	251.623	100
100	110	120	130	0	220.269	100
102	112	122	132	0	244.147	100
104	114	124	134	0	223.61	100
106	116	126	136	0	227.879	100
108	118	128	138	0	222.776	100
110	120	130	140	0	212.675	100
112	122	132	142	0	259.146	100
114	124	134	144	0	251.364	100
116	126	136	146	0	252.188	100
118	128	138	148	0	229.511	100
120	130	140	150	0	227.462	100
122	132	142	152	0	218.726	100
124	134	144	154	0	218.183	100
126	136	146	156	0	220.075	100
128	138	148	158	0	215.054	100
130	140	150	160	0	196.121	100
132	142	152	162	0	207.729	100
134	144	154	164	0	210.127	100
136	146	156	166	0	188.786	100
138	148	158	168	0	200.943	100
140	150	160	170	0	182.383	100
142	152	162	172	0	184.974	100
144	154	164	174	0	191.044	100
146	156	166	176	0	203.292	100
148	158	168	178	0	202.044	100
150	160	170	180	0	208.119	100
152	162	172	182	0	188.447	100
154	164	174	184	0	198.673	100
156	166	176	186	0	198.993	100
158	168	178	188	0	190.767	100
160	170	180	190	0	223.39	100
162	172	182	192	0	211.465	100
164	174	184	194	0	186.383	100
166	176	186	196	0	193.455	100
168	178	188	198	0	191.838	100
170	180	190	200	0	196.988	100
172	182	192	202	0	186.839	100
174	184	194	204	0	195.477	100
176	186	196	206	0	193.873	100
178	188	198	208	0	175.61	100
180	190	200	210	0	189.585	100
182	192	202	212	0	175.111	100
184	194	204	214	0	178.079	100
186	196	206	216	0	187.464	100
188	198	208	218	0	191.97	100
190	200	210	220	0	188.083	100
192	202	212	222	0	190.46	100
194	204	214	224	0	196.595	100
196	206	216	226	0	181.18	100
198	208	218	228	0	196.889	100
200	210	220	230	0	185.12	100
202	212	222	232	0	199.792	100
204	214	224	234	0	199.245	100
206	216	226	236	0	194.93	100
208	218	228	238	0	194.809	100
210	220	230	240	0	197.351	100
212	222	232	242	0	213.671	100
214	224	234	244	0	202.408	100
216	226	236	246	0	202.839	100
218	228	238	248	0	195.87	100
220	230	240	250	0	205.057	100
222	232	242	252	0	208.182	100
224	234	244	254	0	195.345	100
226	236	246	256	0	190.128	100
228	238	248	258	0	192.038	100
230	240	250	260	0	202.868	100
232	242	252	262	0	214.282	100
234	244	254	264	0	194.218	100
236	246	256	266	0	185.079	100
238	248	258	268	0	189.097	100
240	250	260	270	0	199.595	100
242	252	262	272	0	199.211	100
244	254	264	274	0	187.52	100
246	256	266	276	0	188.445	100
248	258	268	278	0	203.831	100
250	260	270	280	0	204.356	100
30	42	54	66	0	262.401	100
32	44	56	68	0	257.089	100
34	46	58	70	0	264.318	100
36	48	60	72	0	272.101	100
38	50	62	74	0	247.909	100
40	52	64	76	0	249.183	100
42	54	66	78	0	252.644	100
44	56	68	80	0	259.781	100
46	58	70	82	0	251.888	100
48	60	72	84	0	256.758	100
50	62	74	86	0	260.269	100
52	64	76	88	0	234.058	100
54	66	78	90	0	281.546	100
56	68	80	92	0	247.406	100
58	70	82	94	0	254.697	100
60	72	84	96	0	236.305	100
62	74	86	98	0	283.24	100
64	76	88	100	0	239.789	100
66	78	90	102	0	284.768	100
68	80	92	104	0	251.808	100
70	82	94	106	0	244.586	100
72	84	96	108	0	281.812	100
74	86	98	110	0	228.696	100
76	88	100	112	0	259.192	100
78	90	102	114	0	247.741	100
80	92	104	116	0	251.618	100
82	94	106	118	0	236.245	100
84	96	108	120	0	250.802	100
86	98	110	122	0	236.799	100
88	100	112	124	0	269.398	100
90	102	114	126	0	262.205	100
92	104	116	128	0	246.266	100
94	106	118	130	0	281.36	100
96	108	120	132	0	231.39	100
98	110	122	134	0	283.698	100
100	112	124	136	0	220.942	100
102	114	126	138	0	245.492	100
104	116	128	140	0	275.633	100
106	118	130	142	0	288.599	100
108	120	132	144	0	246.224	100
110	122	134	146	0	253.396	100
112	124	136	148	0	275.74	100
114	126	138	150	0	242.217	100
116	128	140	152	0	241.975	100
118	130	142	154	0	238.987	100
120	132	144	156	0	208.872	100
122	134	146	158	0	234.926	100
124	136	148	160	0	215.698	100
126	138	150	162	0	222.95	100
128	140	152	164	0	208.569	100
130	142	154	166	0	196.839	100
132	144	156	168	0	202.279	100
134	146	158	170	0	197.057	100
136	148	160	172	0	202.854	100
138	150	162	174	0	214.099	100
140	152	164	176	0	192.059	100
142	154	166	178	0	183.932	100
144	156	168	180	0	200.233	100
146	158	170	182	0	179.438	100
148	160	172	184	0	196.111	100
150	162	174	186	0	212.065	100
152	164	176	188	0	200.69	100
154	166	178	190	0	186.708	100
156	168	180	192	0	197.463	100
158	170	182	194	0	201.614	100
160	172	184	196	0	184.962	100
162	174	186	198	0	197.482	100
164	176	188	200	0	192.696	100
166	178	190	202	0	187.53	100
168	180	192	204	0	176.723	100
170	182	194	206	0	168.507	100
172	184	196	208	0	161.491	100
174	186	198	210	0	175.166	100
176	188	200	212	0	166.103	100
178	190	202	214	0	167.661	100
180	192	204	216	0	171.757	100
182	194	206	218	0	175.674	100
184	196	208	220	0	166.424	100
186	198	210	222	0	174.734	100
188	200	212	224	0	176.705	100
190	202	214	226	0	170.042	100
192	204	216	228	0	173.421	100
194	206	218	230	0	175.769	100
196	208	220	232	0	179.627	100
198	210	222	234	0	188.425	100
200	212	224	236	0	175.664	100
202	214	226	238	0	189.223	100
204	216	228	240	0	192.791	100
206	218	230	242	0	199.95	100
208	220	232	244	0	201.657	100
210	222	234	246	0	204.008	100
212	224	236	248	0	199.026	100
214	226	238	250	0	200.393	100
216	228	240	252	0	201.919	100
218	230	242	254	0	194.247	100
220	232	244	256	0	199.396	100
222	234	246	258	0	203.707	100
224	236	248	260	0	197.023	100
226	238	250	262	0	205.148	100
228	240	252	264	0	192.561	100
230	242	254	266	0	198.529	100
232	244	256	268	0	186.791	100
234	246	258	270	0	183.917	100
236	248	260	272	0	191.224	100
238	250	262	274	0	198.118	100
240	252	264	276	0	204.737	100
242	254	266	278	0	200.534	100
244	256	268	280	0	189.694	100
30	44	58	72	0	285.366	100
32	46	60	74	0	274.904	100
34	48	62	76	0	272.211	100
36	50	64	78	0	281.168	100
38	52	66	80	0	273.549	100
40	54	68	82	0	302.53	100
42	56	70	84	0	304.06	100
44	58	72	86	0	273.935	100
46	60	74	88	0	270.556	100
48	62	76	90	0	280.704	100
50	64	78	92	0	272.355	100
52	66	80	94	0	293.923	100
54	68	82	96	0	312.312	100
56	70	84	98	0	298.647	100
58	72	86	100	0	307.346	100
60	74	88	102	0	291.359	100
62	76	90	104	0	309.711	100
64	78	92	106	0	264.576	100
66	80	94	108	0	298.074	100
68	82	96	110	0	303.612	100
70	84	98	112	0	287.713	100
72	86	100	114	0	266.056	100
74	88	102	116	0	272.64	100
76	90	104	118	0	291.653	100
78	92	106	120	0	260.946	100
80	94	108	122	0	311.702	100
82	96	110	124	0	282.711	100
84	98	112	126	0	298.617	100
86	100	114	128	0	266.541	100
88	102	116	130	0	294.088	100
90	104	118	132	0	283.853	100
92	106	120	134	0	278.276	100
94	108	122	136	0	313.285	100
96	110	124	138	0	307.958	100
98	112	126	140	0	286.653	100
100	114	128	142	0	302.241	100
102	116	130	144	0	301.895	100
104	118	132	146	0	291.352	100
106	120	134	148	0	270.054	100
108	122	136	150	0	299.36	100
110	124	138	152	0	286.102	100
112	126	140	154	0	250.772	100
114	128	142	156	0	274.386	100
116	130	144	158	0	284.942	100
118	132	146	160	0	230.897	100
120	134	148	162	0	245.104	100
122	136	150	164	0	220.921	100
124	138	152	166	0	219.436	100
126	140	154	168	0	215.717	100
128	142	156	170	0	215.416	100
130	144	158	172	0	217.564	100
132	146	160	174	0	187.832	100
134	148	162	176	0	205.707	100
136	150	164	178	0	190.539	100
138	152	166	180	0	175.62	100
140	154	168	182	0	204.039	100
142	156	170	184	0	199.534	100
144	158	172	186	0	195.699	100
146	160	174	188	0	196.984	100
148	162	176	190	0	192.007	100
150	164	178	192	0	205.38	100
152	166	180	194	0	203.703	100
154	168	182	196	0	198.825	100
156	170	184	198	0	191.786	100
158	172	186	200	0	180.478	100
160	174	188	202	0	175.346	100
162	176	190	204	0	181.664	100
164	178	192	206	0	165.553	100
166	180	194	208	0	161.566	100
168	182	196	210	0	150.816	100
170	184	198	212	0	155.243	100
172	186	200	214	0	149.029	100
174	188	202	216	0	149.69	100
176	190	204	218	0	160.053	100
178	192	206	220	0	149.018	100
180	194	208	222	0	146.171	100
182	196	210	224	0	141.864	100
184	198	212	226	0	152.141	100
186	200	214	228	0	151.057	100
188	202	216	230	0	153.48	100
190	204	218	232	0	160.589	100
192	206	220	234	0	164.133	100
194	208	222	236	0	165.011	100
196	210	224	238	0	180.494	100
198	212	226	240	0	180.799	100
200	214	228	242	0	179.017	100
202	216	230	244	0	185.274	100
204	218	232	246	0	203.017	100
206	220	234	248	0	198.754	100
208	222	236	250	0	208.699	100
210	224	238	252	0	206.598	100
212	226	240	254	0	199.714	100
214	228	242	256	0	203.229	100
216	230	244	258	0	211.101	100
218	232	246	260	0	203.61	100
220	234	248	262	0	205.213	100
222	236	250	264	0	203.509	100
224	238	252	266	0	208.613	100
226	240	254	268	0	199.496	100
228	242	256	270	0	199.037	100
230	244	258	272	0	204.062	100
232	246	260	274	0	197.439	100
234	248	262	276	0	202.776	100
236	250	264	278	0	200.66	100
238	252	266	280	0	191.157	100
30	46	62	78	0	323.245	100
32	48	64	80	0	308.027	100
34	50	66	82	0	315.278	100
36	52	68	84	0	323.891	100
38	54	70	86	0	334.014	100
40	56	72	88	0	328.089	100
42	58	74	90	0	340.161	100
44	60	76	92	0	315.396	100
46	62	78	94	0	358.568	100
48	64	80	96	0	342.446	100
50	66	82	98	0	316.191	100
52	68	84	100	0	324.986	100
54	70	86	102	0	343.051	100
56	72	88	104	0	351.155	100
58	74	90	106	0	305.169	100
60	76	92	108	0	301.804	100
62	78	94	110	0	346.888	100
64	80	96	112	0	327.896	100
66	82	98	114	0	303.359	100
68	84	100	116	0	300.759	100
70	86	102	118	0	329.264	100
72	88	104	120	0	343.649	100
74	90	106	122	0	282.219	100
76	92	108	124	0	319.159	100
78	94	110	126	0	319.247	100
80	96	112	128	0	335.257	100
82	98	114	130	0	303.248	100
84	100	116	132	0	303.338	100
86	102	118	134	0	287.936	100
88	104	120	136	0	339.257	100
90	106	122	138	0	288.101	100
92	108	124	140	0	303.643	100
94	110	126	142	0	329.838	100
96	112	128	144	0	304.51	100
98	114	130	146	0	331.654	100
100	116	132	148	0	315.982	100
102	118	134	150	0	307.034	100
104	120	136	152	0	306.343	100
106	122	138	154	0	307.054	100
108	124	140	156	0	276.709	100
110	126	142	158	0	287.073	100
112	128	144	160	0	250.434	100
114	130	146	162	0	261.944	100
116	132	148	164	0	246.008	100
118	134	150	166	0	258.718	100
120	136	152	168	0	240.471	100
122	138	154	170	0	233.434	100
124	140	156	172	0	246.694	100
126	142	158	174	0	231.427	100
128	144	160	176	0	189.789	100
130	146	162	178	0	205.099	100
132	148	164	180	0	214.046	100
134	150	166	182	0	204.8	100
136	152	168	184	0	200.367	100
138	154	170	186	0	210.666	100
140	156	172	188	0	201.666	100
142	158	174	190	0	195.903	100
144	160	176	192	0	195.747	100
146	162	178	194	0	195.674	100
148	164	180	196	0	198.873	100
150	166	182	198	0	188.483	100
152	168	184	200	0	183.101	100
154	170	186	202	0	171.114	100
156	172	188	204	0	165.037	100
158	174	190	206	0	164.223	100
160	176	192	208	0	156.436	100
162	178	194	210	0	158.959	100
164	180	196	212	0	150.045	100
166	182	198	214	0	136.843	100
168	184	200	216	0	144.16	100
170	186	202	218	0	130.726	100
172	188	204	220	0	132.55	100
174	190	206	222	0	139.413	100
176	192	208	224	0	136.55	100
178	194	210	226	0	135.097	100
180	196	212	228	0	138.423	100
182	198	214	230	0	142.505	100
184	200	216	232	0	136.143	100
186	202	218	234	0	146.372	100
188	204	220	236	0	154.874	100
190	206	222	238	0	149.929	100
192	208	224	240	0	164.959	100
194	210	226	242	0	174.789	100
196	212	228	244	0	176.871	100
198	214	230	246	0	190.932	100
200	216	232	248	0	192.71	100
202	218	234	250	0	196.954	100
204	220	236	252	0	209.593	100
206	222	238	254	0	205.363	100
208	224	240	256	0	211.667	100
210	226	242	258	0	219.26	100
212	228	244	260	0	212.886	100
214	230	246	262	0	216.491	100
216	232	248	264	0	207.256	100
218	234	250	266	0	204.14	100
220	236	252	268	0	201.841	100
222	238	254	270	0	206.89	100
224	240	256	272	0	199.043	100
226	242	258	274	0	210.074	100
228	244	260	276	0	196.904	100
230	246	262	278	0	211.441	100
232	248	264	280	0	209.209	100
30	48	66	84	0	364.893	100
32	50	68	86	0	355.191	100
34	52	70	88	0	361.899	100
36	54	72	90	0	346.229	100
38	56	74	92	0	343.698	100
40	58	76	94	0	350.309	100
42	60	78	96	0	356.282	100
44	62	80	98	0	374.02	100
46	64	82	100	0	339.674	100
48	66	84	102	0	355.659	100
50	68	86	104	0	356.414	100
52	70	88	106	0	359.871	100
54	72	90	108	0	345.043	100
56	74	92	110	0	363.164	100
58	76	94	112	0	356.422	100
60	78	96	114	0	366.15	100
62	80	98	116	0	343.232	100
64	82	100	118	0	324.291	100
66	84	102	120	0	371.484	100
68	86	104	122	0	335.835	100
70	88	106	124	0	360.632	100
72	90	108	126	0	301.875	100
74	92	110	128	0	358.238	100
76	94	112	130	0	346.409	100
78	96	114	132	0	363.858	100
80	98	116	134	0	342.193	100
82	100	118	136	0	330.431	100
84	102	120	138	0	338.871	100
86	104	122	140	0	324.969	100
88	106	124	142	0	332.169	100
90	108	126	144	0	336.997	100
92	110	128	146	0	350.011	100
94	112	130	148	0	360.644	100
96	114	132	150	0	336.716	100
98	116	134	152	0	316.695	100
100	118	136	154	0	335.365	100
102	120	138	156	0	313.454	100
104	122	140	158	0	304.236	100
106	124	142	160	0	297.561	100
108	126	144	162	0	302.518	100
110	128	146	164	0	281.333	100
112	130	148	166	0	293.754	100
114	132	150	168	0	274.735	100
116	134	152	170	0	269.731	100
118	136	154	172	0	251.381	100
120	138	156	174	0	257.46	100
122	140	158	176	0	223.956	100
124	142	160	178	0	240.796	100
126	144	162	180	0	242.889	100
128	146	164	182	0	211.639	100
130	148	166	184	0	215.679	100
132	150	168	186	0	208.041	100
134	152	170	188	0	202.032	100
136	154	172	190	0	196.066	100
138	156	174	192	0	210.786	100
140	158	176	194	0	191.7	100
142	160	178	196	0	211.864	100
144	162	180	198	0	188.757	100
146	164	182	200	0	181.806	100
148	166	184	202	0	177.587	100
150	168	186	204	0	166.291	100
152	170	188	206	0	167.125	100
154	172	190	208	0	156.548	100
156	174	192	210	0	150.317	100
158	176	194	212	0	148.932	100
160	178	196	214	0	137.913	100
162	180	198	216	0	127.269	100
164	182	200	218	0	134.596	100
166	184	202	220	0	120.844	100
168	186	204	222	0	128.143	100
170	188	206	224	0	121.49	100
172	190	208	226	0	130.067	100
174	192	210	228	0	123.532	100
176	194	212	230	0	117.981	100
178	196	214	232	0	118.981	100
180	198	216	234	0	127.447	100
182	200	218	236	0	133.714	100
184	202	220	238	0	136.494	100
186	204	222	240	0	135.718	100
188	206	224	242	0	148.006	100
190	208	226	244	0	152.359	100
192	210	228	246	0	165.716	100
194	212	230	248	0	171.099	100
196	214	232	250	0	176.735	100
198	216	234	252	0	183.741	100
200	218	236	254	0	201.048	100
202	220	238	256	0	198.331	100
204	222	240	258	0	202.788	100
206	224	242	260	0	201.746	100
208	226	244	262	0	214.416	100
210	228	246	264	0	216.246	100
212	230	248	266	0	213.491	100
214	232	250	268	0	212.005	100
216	234	252	270	0	205.301	100
218	236	254	272	0	215.839	100
220	238	256	274	0	201.666	100
222	240	258	276	0	198.235	100
224	242	260	278	0	211.883	100
226	244	262	280	0	211.571	100
30	50	70	90	0	402.275	100
32	52	72	92	0	397.358	100
34	54	74	94	0	401.787	100
36	56	76	96	0	382.02	100
38	58	78	98	0	374.465	100
40	60	80	100	0	409.711	100
42	62	82	102	0	396.06	100
44	64	84	104	0	377.81	100
46	66	86	106	0	391.411	100
48	68	88	108	0	397.479	100
50	70	90	110	0	385.139	100
52	72	92	112	0	371.264	100
54	74	94	114	0	369.073	100
56	76	96	116	0	375.23	100
58	78	98	118	0	376.915	100
60	80	100	120	0	384.594	100
62	82	102	122	0	351.683	100
64	84	104	124	0	335.437	100
66	86	106	126	0	334.76	100
68	88	108	128	0	371.89	100
70	90	110	130	0	340.164	100
72	92	112	132	0	370.949	100
74	94	114	134	0	338.044	100
76	96	116	136	0	362.674	100
78	98	118	138	0	370.999	100
80	100	120	140	0	366.54	100
82	102	122	142	0	381.848	100
84	104	124	144	0	363.95	100
86	106	126	146	0	350.905	100
88	108	128	148	0	333.325	100
90	110	130	150	0	367.161	100
92	112	132	152	0	340.866	100
94	114	134	154	0	349.308	100
96	116	136	156	0	334.789	100
98	118	138	158	0	343.283	100
100	120	140	160	0	347.683	100
102	122	142	162	0	326.131	100
104	124	144	164	0	294.227	100
106	126	146	166	0	304.298	100
108	128	148	168	0	286.326	100
110	130	150	170	0	290.608	100
112	132	152	172	0	283.124	100
114	134	154	174	0	255.84	100
116	136	156	176	0	274.106	100
118	138	158	178	0	250.939	100
120	140	160	180	0	254.082	100
122	142	162	182	0	237.707	100
124	144	164	184	0	224.668	100
126	146	166	186	0	221.303	100
128	148	168	188	0	218.804	100
130	150	170	190	0	222.603	100
132	152	172	192	0	217.825	100
134	154	174	194	0	195.873	100
136	156	176	196	0	200.735	100
138	158	178	198	0	204.433	100
140	160	180	200	0	179.313	100
142	162	182	202	0	185.627	100
144	164	184	204	0	179.865	100
146	166	186	206	0	157.953	100
148	168	188	208	0	152.4	100
150	170	190	210	0	142.676	100
152	172	192	212	0	141.217	100
154	174	194	214	0	126.706	100
156	176	196	216	0	126.983	100
158	178	198	218	0	117.988	100
160	180	200	220	0	123.534	100
162	182	202	222	0	121.765	100
164	184	204	224	0	113.447	100
166	186	206	226	0	105.147	100
168	188	208	228	0	112.706	100
170	190	210	230	0	111.371	100
172	192	212	232	0	114.212	100
174	194	214	234	0	116.104	100
176	196	216	236	0	110.922	100
178	198	218	238	0	115.474	100
180	200	220	240	0	122.131	100
182	202	222	242	0	125.725	100
184	204	224	244	0	128.712	100
186	206	226	246	0	140.24	100
188	208	228	248	0	150.142	100
190	210	230	250	0	148.28	100
192	212	232	252	0	166.914	100
194	214	234	254	0	176.423	100
196	216	236	256	0	178.281	100
198	218	238	258	0	190.782	100
200	220	240	260	0	205.313	100
202	222	242	262	0	200.886	100
204	224	244	264	0	201.145	100
206	226	246	266	0	214.741	100
208	228	248	268	0	220.145	100
210	230	250	270	0	208.776	100
212	232	252	272	0	207.703	100
214	234	254	274	0	214.202	100
216	236	256	276	0	220.516	100
218	238	258	278	0	212.278	100
220	240	260	280	0	205.098	100
30	52	74	96	0	425.908	100
32	54	76	98	0	407.088	100
34	56	78	100	0	420.618	100
36	58	80	102	0	433.425	100
38	60	82	104	0	403.091	100
40	62	84	106	0	402.832	100
42	64	86	108	0	429.442	100
44	66	88	110	0	389.58	100
46	68	90	112	0	422.948	100
48	70	92	114	0	407.995	100
50	72	94	116	0	405.497	100
52	74	96	118	0	372.946	100
54	76	98	120	0	397.236	100
56	78	100	122	0	400.693	100
58	80	102	124	0	380.095	100
60	82	104	126	0	385.479	100
62	84	106	128	0	369.088	100
64	86	108	130	0	415.932	100
66	88	110	132	0	378.1	100
68	90	112	134	0	388.189	100
70	92	114	136	0	378.822	100
72	94	116	138	0	382.623	100
74	96	118	140	0	390.801	100
76	98	120	142	0	381.424	100
78	100	122	144	0	375.577	100
80	102	124	146	0	390.68	100
82	104	126	148	0	392.489	100
84	106	128	150	0	369.544	100
86	108	130	152	0	382.251	100
88	110	132	154	0	338.569	100
90	112	134	156	0	347.289	100
92	114	136	158	0	341.918	100
94	116	138	160	0	327.493	100
96	118	140	162	0	342.003	100
98	120	142	164	0	329.973	100
100	122	144	166	0	307.247	100
102	124	146	168	0	293.109	100
104	126	148	170	0	292.186	100
106	128	150	172	0	305.768	100
108	130	152	174	0	301.079	100
110	132	154	176	0	268.073	100
112	134	156	178	0	286.724	100
114	136	158	180	0	260.209	100
116	138	160	182	0	262.309	100
118	140	162	184	0	255.27	100
120	142	164	186	0	244.532	100
122	144	166	188	0	254.237	100
124	146	168	190	0	226.812	100
126	148	170	192	0	236.96	100
128	150	172	194	0	221.833	100
130	152	174	196	0	226.458	100
132	154	176	198	0	199.283	100
134	156	178	200	0	194.745	100
136	158	180	202	0	182.094	100
138	160	182	204	0	178.608	100
140	162	184	206	0	169.267	100
142	164	186	208	0	156.194	100
144	166	188	210	0	145.736	100
146	168	190	212	0	152.067	100
148	170	192	214	0	126.493	100
150	172	194	216	0	129.82	100
152	174	196	218	0	123.841	100
154	176	198	220	0	109.382	100
156	178	200	222	0	110.343	100
158	180	202	224	0	110.495	100
160	182	204	226	0	93.7729	100
162	184	206	228	0	101.813	100
164	186	208	230	0	100.508	100
166	188	210	232	0	94.5743	100
168	190	212	234	0	102.792	100
170	192	214	236	0	106.5	100
172	194	216	238	0	112.061	100
174	196	218	240	0	98.0307	100
176	198	220	242	0	103.939	100
178	200	222	244	0	106.815	100
180	202	224	246	0	121.542	100
182	204	226	248	0	116.808	100
184	206	228	250	0	129.253	100
186	208	230	252	0	141.566	100
188	210	232	254	0	144.343	100
190	212	234	256	0	157.265	100
192	214	236	258	0	164.626	100
194	216	238	260	0	178.983	100
196	218	240	262	0	191.138	100
198	220	242	264	0	199.193	100
200	222	244	266	0	200.064	100
202	224	246	268	0	203.332	100
204	226	248	270	0	212.71	100
206	228	250	272	0	212.769	100
208	230	252	274	0	209.164	100
210	232	254	276	0	221.682	100
212	234	256	278	0	215.37	100
214	236	258	280	0	218.793	100
30	54	78	102	0	453.59	100
32	56	80	104	0	433.173	100
34	58	82	106	0	469.014	100
36	60	84	108	0	465.061	100
38	62	86	110	0	417.344	100
40	64	88	112	0	446.803	100
42	66	90	114	0	420.359	100
44	68	92	116	0	425.216	100
46	70	94	118	0	405.648	100
48	72	96	120	0	404.208	100
50	74	98	122	0	421.772	100
52	76	100	124	0	406.034	100
54	78	102	126	0	400.812	100
56	80	104	128	0	403.946	100
58	82	106	130	0	425.598	100
60	84	108	132	0	406.189	100
62	86	110	134	0	408.981	100
64	88	112	136	0	376.668	100
66	90	114	138	0	400.763	100
68	92	116	140	0	367.653	100
70	94	118	142	0	368.356	100
72	96	120	144	0	406.7	100
74	98	122	146	0	406.831	100
76	100	124	148	0	403.688	100
78	102	126	150	0	404.572	100
80	104	128	152	0	376.452	100
82	106	130	154	0	381.363	100
84	108	132	156	0	372.043	100
86	110	134	158	0	370.907	100
88	112	136	160	0	384.709	100
90	114	138	162	0	349.875	100
92	116	140	164	0	357.3	100
94	118	142	166	0	321.213	100
96	120	144	168	0	339.389	100
98	122	146	170	0	316.496	100
100	124	148	172	0	289.524	100
102	126	150	174	0	294.353	100
104	128	152	176	0	312.054	100
106	130	154	178	0	291.66	100
108	132	156	180	0	301.238	100
110	134	158	182	0	266.298	100
112	136	160	184	0	268.664	100
114	138	162	186	0	268.231	100
116	140	164	188	0	271.707	100
118	142	166	190	0	274.935	100
120	144	168	192	0	261.044	100
122	146	170	194	0	244.165	100
124	148	172	196	0	237.532	100
126	150	174	198	0	213.566	100
128	152	176	200	0	207.544	100
130	154	178	202	0	210.167	100
132	156	180	204	0	190.265	100
134	158	182	206	0	178.322	100
136	160	184	208	0	168.989	100
138	162	186	210	0	158.245	100
140	164	188	212	0	144.304	100
142	166	190	214	0	141.45	100
144	168	192	216	0	122.935	100
146	170	194	218	0	117.518	100
148	172	196	220	0	109.578	100
150	174	198	222	0	108.308	100
152	176	200	224	0	95.3829	100
154	178	202	226	0	103.062	100
156	180	204	228	0	93.0763	100
158	182	206	230	0	87.7494	100
160	184	208	232	0	96.0479	100
162	186	210	234	0	93.0016	100
164	188	212	236	0	94.46	100
166	190	214	238	0	91.3096	100
168	192	216	240	0	90.8095	100
170	194	218	242	0	86.9138	100
172	196	220	244	0	99.6582	100
174	198	222	246	0	96.7754	100
176	200	224	248	0	98.5923	100
178	202	226	250	0	108.944	100
180	204	228	252	0	113.05	100
182	206	230	254	0	125.538	100
184	208	232	256	0	128.942	100
186	210	234	258	0	140.259	100
188	212	236	260	0	157.224	100
190	214	238	262	0	155.603	100
192	216	240	264	0	166.55	100
194	218	242	266	0	178.88	100
196	220	244	268	0	193.226	100
198	222	246	270	0	192.947	100
200	224	248	272	0	200.054	100
202	226	250	274	0	208.953	100
204	228	252	276	0	213.403	100
206	230	254	278	0	219.92	100
208	232	256	280	0	215.794	100
30	56	82	108	0	453.141	100
32	58	84	110	0	465.402	100
34	60	86	112	0	482.39	100
36	62	88	114	0	476.579	100
38	64	90	116	0	446.357	100
40	66	92	118	0	443.013	100
42	68	94	120	0	452.771	100
44	70	96	122	0	451.291	100
46	72	98	124	0	436.614	100
48	74	100	126	0	425.563	100
50	76	102	128	0	436.145	100
52	78	104	130	0	431.048	100
54	80	106	132	0	433.597	100
56	82	108	134	0	414.294	100
58	84	110	136	0	423.193	100
60	86	112	138	0	407.123	100
62	88	114	140	0	428.853	100
64	90	116	142	0	425.57	100
66	92	118	144	0	405.031	100
68	94	120	146	0	413.111	100
70	96	122	148	0	418.566	100
72	98	124	150	0	418.608	100
74	100	126	152	0	416.601	100
76	102	128	154	0	373.669	100
78	104	130	156	0	382.328	100
80	106	132	158	0	397.452	100
82	108	134	160	0	372.677	100
84	110	136	162	0	349.425	100
86	112	138	164	0	378.977	100
88	114	140	166	0	333.328	100
90	116	142	168	0	335.811	100
92	118	144	170	0	309.071	100
94	120	146	172	0	300.094	100
96	122	148	174	0	318.899	100
98	124	150	176	0	324.902	100
100	126	152	178	0	304.673	100
102	128	154	180	0	301.048	100
104	130	156	182	0	300.656	100
106	132	158	184	0	300.233	100
108	134	160	186	0	281.382	100
110	136	162	188	0	301.016	100
112	138	164	190	0	291.895	100
114	140	166	192	0	261.835	100
116	142	168	194	0	267.3	100
118	144	170	196	0	238.586	100
120	146	172	198	0	241.97	100
122	148	174	200	0	232.421	100
124	150	176	202	0	214.088	100
126	152	178	204	0	195.208	100
128	154	180	206	0	189.661	100
130	156	182	208	0	188.563	100
132	158	184	210	0	167.678	100
134	160	186	212	0	157.332	100
136	162	188	214	0	142.433	100
138	164	190	216	0	126.815	100
140	166	192	218	0	123.281	100
142	168	194	220	0	105.904	100
144	170	196	222	0	110.369	100
146	172	198	224	0	98.0924	100
148	174	200	226	0	99.7685	100
150	176	202	228	0	94.709	100
152	178	204	230	0	92.4907	100
154	180	206	232	0	82.4685	100
156	182	208	234	0	81.7651	100
158	184	210	236	0	89.5189	100
160	186	212	238	0	85.1896	100
162	188	214	240	0	88.1523	100
164	190	216	242	0	81.5061	100
166	192	218	244	0	85.0106	100
168	194	220	246	0	91.1335	100
170	196	222	248	0	84.7362	100
172	198	224	250	0	90.9594	100
174	200	226	252	0	100.944	100
176	202	228	254	0	103.939	100
178	204	230	256	0	106.071	100
180	206	232	258	0	123.695	100
182	208	234	260	0	130.041	100
184	210	236	262	0	138.012	100
186	212	238	264	0	143.119	100
188	214	240	266	0	160.688	100
190	216	242	268	0	166.805	100
192	218	244	270	0	174.333	100
194	220	246	272	0	180.612	100
196	222	248	274	0	186.689	100
198	224	250	276	0	197.15	100
200	226	252	278	0	208.18	100
202	228	254	280	0	207.833	100
30	58	86	114	0	489.775	100
32	60	88	116	0	496.75	100
34	62	90	118	0	466.688	100
36	64	92	120	0	480.984	100
38	66	94	122	0	476.463	100
40	68	96	124	0	444.507	100
42	70	98	126	0	436.321	100
44	72	100	128	0	462.219	100
46	74	102	130	0	461.565	100
48	76	104	132	0	447.409	100
50	78	106	134	0	464.423	100
52	80	108	136	0	424.86	100
54	82	110	138	0	456.214	100
56	84	112	140	0	436.976	100
58	86	114	142	0	424.63	100
60	88	116	144	0	418.233	100
62	90	118	146	0	438.361	100
64	92	120	148	0	414.772	100
66	94	122	150	0	396.142	100
68	96	124	152	0	404.771	100
70	98	126	154	0	415.324	100
72	100	128	156	0	403.399	100
74	102	130	158	0	416.305	100
76	104	132	160	0	378.836	100
78	106	134	162	0	390.486	100
80	108	136	164	0	363.242	100
82	110	138	166	0	361.772	100
84	112	140	168	0	366.384	100
86	114	142	170	0	328.112	100
88	116	144	172	0	328.418	100
90	118	146	174	0	336.604	100
92	120	148	176	0	326.427	100
94	122	150	178	0	300.909	100
96	124	152	180	0	305.468	100
98	126	154	182	0	310.928	100
100	128	156	184	0	290.903	100
102	130	158	186	0	284.286	100
104	132	160	188	0	297.557	100
106	134	162	190	0	293.967	100
108	136	164	192	0	288.131	100
110	138	166	194	0	286.034	100
112	140	168	196	0	277.481	100
114	142	170	198	0	269.258	100
116	144	172	200	0	239.343	100
118	146	174	202	0	231.883	100
120	148	176	204	0	213.615	100
122	150	178	206	0	202.049	100
124	152	180	208	0	202.029	100
126	154	182	210	0	172.484	100
128	156	184	212	0	163.803	100
130	158	186	214	0	158.765	100
132	160	188	216	0	140.068	100
134	162	190	218	0	120.431	100
136	164	192	220	0	117.198	100
138	166	194	222	0	98.6494	100
140	168	196	224	0	98.1632	100
142	170	198	226	0	98.1223	100
144	172	200	228	0	89.8895	100
146	174	202	230	0	82.7944	100
148	176	204	232	0	78.7136	100
150	178	206	234	0	80.826	100
152	180	208	236	0	81.9926	100
154	182	210	238	0	88.7491	100
156	184	212	240	0	77.413	100
158	186	214	242	0	83.2514	100
160	188	216	244	0	87.409	100
162	190	218	246	0	79.9419	100
164	192	220	248	0	74.8029	100
166	194	222	250	0	85.7372	100
168	196	224	252	0	90.0737	100
170	198	226	254	0	94.1312	100
172	200	228	256	0	90.3993	100
174	202	230	258	0	97.094	100
176	204	232	260	0	111.094	100
178	206	234	262	0	118.391	100
180	208	236	264	0	116.424	100
182	210	238	266	0	130.825	100
184	212	240	268	0	137.041	100
186	214	242	270	0	154.821	100
188	216	244	272	0	165.791	100
190	218	246	274	0	170.393	100
192	220	248	276	0	175.631	100
194	222	250	278	0	188.426	100
196	224	252	280	0	198.651	100
30	60	90	120	0	494.335	100
32	62	92	122	0	497.92	100
34	64	94	124	0	481.765	100
36	66	96	126	0	461.725	100
38	68	98	128	0	457.453	100
40	70	100	130	0	489.14	100
42	72	102	132	0	458.617	100
44	74	104	134	0	491.071	100
46	76	106	136	0	459.155	100
48	78	108	138	0	448.855	100
50	80	110	140	0	456.025	100
52	82	112	142	0	479.388	100
54	84	114	144	0	443.554	100
56	86	116	146	0	434.311	100
58	88	118	148	0	447.111	100
60	90	120	150	0	416.465	100
62	92	122	152	0	452.132	100
64	94	124	154	0	446.847	100
66	96	126	156	0	435.127	100
68	98	128	158	0	423.696	100
70	100	130	160	0	431.606	100
72	102	132	162	0	423.759	100
74	104	134	164	0	393.414	100
76	106	136	166	0	368.897	100
78	108	138	168	0	369.182	100
80	110	140	170	0	354.475	100
82	112	142	172	0	357.315	100
84	114	144	174	0	329.347	100
86	116	146	176	0	316.338	100
88	118	148	178	0	318.737	100
90	120	150	180	0	304.992	100
92	122	152	182	0	307.142	100
94	124	154	184	0	319.239	100
96	126	156	186	0	312.849	100
98	128	158	188	0	285.247	100
100	130	160	190	0	311.618	100
102	132	162	192	0	290.283	100
104	134	164	194	0	300.522	100
106	136	166	196	0	282.643	100
108	138	168	198	0	262.222	100
110	140	170	200	0	266.094	100
112	142	172	202	0	239.412	100
114	144	174	204	0	231.887	100
116	146	176	206	0	222.497	100
118	148	178	208	0	206.547	100
120	150	180	210	0	190.96	100
122	152	182	212	0	187.256	100
124	154	184	214	0	162.612	100
126	156	186	216	0	145.395	100
128	158	188	218	0	138.923	100
130	160	190	220	0	132.925	100
132	162	192	222	0	121.378	100
134	164	194	224	0	102.855	100
136	166	196	226	0	98.8099	100
138	168	198	228	0	97.8201	100
140	170	200	230	0	90.3954	100
142	172	202	232	0	87.9508	100
144	174	204	234	0	84.7105	100
146	176	206	236	0	77.1171	100
148	178	208	238	0	74.6654	100
150	180	210	240	0	77.7317	100
152	182	212	242	0	72.6406	100
154	184	214	244	0	75.8025	100
156	186	216	246	0	70.2048	100
158	188	218	248	0	81.4217	100
160	190	220	250	0	80.5524	100
162	192	222	252	0	77.5757	100
164	194	224	254	0	82.3558	100
166	196	226	256	0	84.9625	100
168	198	228	258	0	92.6741	100
170	200	230	260	0	96.6731	100
172	202	232	262	0	93.1791	100
174	204	234	264	0	99.4157	100
176	206	236	266	0	110.388	100
178	208	238	268	0	117.416	100
180	210	240	270	0	127.013	100
182	212	242	272	0	140.791	100
184	214	244	274	0	141.784	100
186	216	246	276	0	153.997	100
188	218	248	278	0	172.082	100
190	220	250	280	0	179.589	100
30	62	94	126	0	491.498	100
32	64	96	128	0	498.502	100
34	66	98	130	0	508.047	100
36	68	100	132	0	519.085	100
38	70	102	134	0	483.544	100
40	72	104	136	0	473.29	100
42	74	106	138	0	508.79	100
44	76	108	140	0	470.21	100
46	78	110	142	0	471.458	100
48	80	112	144	0	452.338	100
50	82	114	146	0	485.473	100
52	84	116	148	0	478.017	100
54	86	118	150	0	464.697	100
56	88	120	152	0	436.104	100
58	90	122	154	0	462.955	100
60	92	124	156	0	444.21	100
62	94	126	158	0	422.27	100
64	96	128	160	0	429.236	100
66	98	130	162	0	421.858	100
68	100	132	164	0	432.109	100
70	102	134	166	0	382.724	100
72	104	136	168	0	385.419	100
74	106	138	170	0	382.012	100
76	108	140	172	0	383.001	100
78	110	142	174	0	360.501	100
80	112	144	176	0	340.002	100
82	114	146	178	0	335.695	100
84	116	148	180	0	335.575	100
86	118	150	182	0	310.889	100
88	120	152	184	0	317.076	100
90	122	154	186	0	324.66	100
92	124	156	188	0	321.732	100
94	126	158	190	0	292.974	100
96	128	160	192	0	313.191	100
98	130	162	194	0	301.93	100
100	132	164	196	0	280.042	100
102	134	166	198	0	285.006	100
104	136	168	200	0	272.565	100
106	138	170	202	0	256.374	100
108	140	172	204	0	249.716	100
110	142	174	206	0	232.84	100
112	144	176	208	0	233.939	100
114	146	178	210	0	201.472	100
116	148	180	212	0	193.774	100
118	150	182	214	0	180.221	100
120	152	184	216	0	167.396	100
122	154	186	218	0	143.607	100
124	156	188	220	0	149.467	100
126	158	190	222	0	134.09	100
128	160	192	224	0	117.376	100
130	162	194	226	0	105.543	100
132	164	196	228	0	98.1448	100
134	166	198	230	0	96.5951	100
136	168	200	232	0	88.4684	100
138	170	202	234	0	90.6535	100
140	172	204	236	0	81.8523	100
142	174	206	238	0	84.9805	100
144	176	208	240	0	75.4206	100
146	178	210	242	0	76.1636	100
148	180	212	244	0	74.5431	100
150	182	214	246	0	73.1269	100
152	184	216	248	0	77.1419	100
154	186	218	250	0	76.2235	100
156	188	220	252	0	76.428	100
158	190	222	254	0	74.1498	100
160	192	224	256	0	77.9735	100
162	194	226	258	0	80.899	100
164	196	228	260	0	81.1141	100
166	198	230	262	0	90.7942	100
168	200	232	264	0	86.8875	100
170	202	234	266	0	96.5836	100
172	204	236	268	0	94.3663	100
174	206	238	270	0	106.636	100
176	208	240	272	0	116.038	100
178	210	242	274	0	118.36	100
180	212	244	276	0	129.105	100
182	214	246	278	0	137.737	100
184	216	248	280	0	153.481	100
30	64	98	132	0	524.197	100
32	66	100	134	0	509.91	100
34	68	102	136	0	518.474	100
36	70	104	138	0	492.856	100
38	72	106	140	0	495.75	100
40	74	108	142	0	497.764	100
42	76	110	144	0	489.072	100
44	78	112	146	0	499.117	100
46	80	114	148	0	485.159	100
48	82	116	150	0	487.884	100
50	84	118	152	0	492.349	100
52	86	120	154	0	459.321	100
54	88	122	156	0	458.21	100
56	90	124	158	0	471.473	100
58	92	126	160	0	449.96	100
60	94	128	162	0	423.051	100
62	96	130	164	0	437.589	100
64	98	132	166	0	426.732	100
66	100	134	168	0	422.499	100
68	102	136	170	0	417.659	100
70	104	138	172	0	393.237	100
72	106	140	174	0	380.959	100
74	108	142	176	0	353.429	100
76	110	144	178	0	363.52	100
78	112	146	180	0	335.491	100
80	114	148	182	0	335.416	100
82	116	150	184	0	329.968	100
84	118	152	186	0	330.739	100
86	120	154	188	0	325.851	100
88	122	156	190	0	321.768	100
90	124	158	192	0	296.118	100
92	126	160	194	0	305.665	100
94	128	162	196	0	280.153	100
96	130	164	198	0	273.376	100
98	132	166	200	0	271.431	100
100	134	168	202	0	284.409	100
102	136	170	204	0	266.265	100
104	138	172	206	0	250.332	100
106	140	174	208	0	247.924	100
108	142	176	210	0	238.989	100
110	144	178	212	0	214.989	100
112	146	180	214	0	186.344	100
114	148	182	216	0	173.484	100
116	150	184	218	0	169.596	100
118	152	186	220	0	163.4	100
120	154	188	222	0	135.901	100
122	156	190	224	0	124.472	100
124	158	192	226	0	118.609	100
126	160	194	228	0	105.672	100
128	162	196	230	0	102.956	100
130	164	198	232	0	95.2056	100
132	166	200	234	0	86.9763	100
134	168	202	236	0	86.7808	100
136	170	204	238	0	89.9731	100
138	172	206	240	0	77.9246	100
140	174	208	242	0	76.9763	100
142	176	210	244	0	76.9716	100
144	178	212	246	0	77.5179	100
146	180	214	248	0	69.836	100
148	182	216	250	0	75.7814	100
150	184	218	252	0	73.113	100
152	186	220	254	0	79.8088	100
154	188	222	256	0	73.8085	100
156	190	224	258	0	76.3286	100
158	192	226	260	0	75.1979	100
160	194	228	262	0	75.634	100
162	196	230	264	0	78.4571	100
164	198	232	266	0	77.1823	100
166	200	234	268	0	81.692	100
168	202	236	270	0	90.8673	100
170	204	238	272	0	94.831	100
172	206	240	274	0	106.284	100
174	208	242	276	0	113.406	100
176	210	244	278	0	118.43	100
178	212	246	280	0	127.582	100
30	66	102	138	0	513.03	100
32	68	104	140	0	516.704	100
34	70	106	142	0	512.048	100
36	72	108	144	0	532.523	100
38	74	110	146	0	506.257	100
40	76	112	148	0	528.069	100
42	78	114	150	0	488.167	100
44	80	116	152	0	487.175	100
46	82	118	154	0	506.651	100
48	84	120	156	0	477.474	100
50	86	122	158	0	480.747	100
52	88	124	160	0	479.198	100
54	90	126	162	0	481.618	100
56	92	128	164	0	447.117	100
58	94	130	166	0	441.275	100
60	96	132	168	0	424.656	100
62	98	134	170	0	446.073	100
64	100	136	172	0	416.406	100
66	102	138	174	0	397.027	100
68	104	140	176	0	385.868	100
70	106	142	178	0	382.685	100
72	108	144	180	0	345.721	100
74	110	146	182	0	346.149	100
76	112	148	184	0	345.115	100
78	114	150	186	0	318.868	100
80	116	152	188	0	331.641	100
82	118	154	190	0	312.029	100
84	120	156	192	0	318.453	100
86	122	158	194	0	312.65	100
88	124	160	196	0	288.488	100
90	126	162	198	0	295.237	100
92	128	164	200	0	288.986	100
94	130	166	202	0	269.274	100
96	132	168	204	0	269.559	100
98	134	170	206	0	257.208	100
100	136	172	208	0	256.313	100
102	138	174	210	0	243.741	100
104	140	176	212	0	233.913	100
106	142	178	214	0	203.213	100
108	144	180	216	0	197.962	100
110	146	182	218	0	182.319	100
112	148	184	220	0	167.135	100
114	150	186	222	0	160.847	100
116	152	188	224	0	138.34	100
118	154	190	226	0	122.831	100
120	156	192	228	0	120.433	100
122	158	194	230	0	108.583	100
124	160	196	232	0	96.7515	100
126	162	198	234	0	96.4143	100
128	164	200	236	0	94.5533	100
130	166	202	238	0	90.9634	100
132	168	204	240	0	84.6485	100
134	170	206	242	0	82.1652	100
136	172	208	244	0	72.3921	100
138	174	210	246	0	70.4799	100
140	176	212	248	0	79.3686	100
142	178	214	250	0	78.9041	100
144	180	216	252	0	71.8905	100
146	182	218	254	0	67.3854	100
148	184	220	256	0	67.2065	100
150	186	222	258	0	73.3478	100
152	188	224	260	0	70.8687	100
154	190	226	262	0	71.6645	100
156	192	228	264	0	71.8475	100
158	194	230	266	0	81.1055	100
160	196	232	268	0	75.6914	100
162	198	234	270	0	82.8439	100
164	200	236	272	0	81.7232	100
166	202	238	274	0	89.3098	100
168	204	240	276	0	93.7313	100
170	206	242	278	0	96.4148	100
172	208	244	280	0	105.05	100
30	68	106	144	0	559.989	100
32	70	108	146	0	525.324	100
34	72	110	148	0	519.591	100
36	74	112	150	0	516.015	100
38	76	114	152	0	510.176	100
40	78	116	154	0	529.209	100
42	80	118	156	0	519.347	100
44	82	120	158	0	517.098	100
46	84	122	160	0	496.439	100
48	86	124	162	0	496.264	100
50	88	126	164	0	465.201	100
52	90	128	166	0	461.872	100
54	92	130	168	0	447.369	100
56	94	132	170	0	471.571	100
58	96	134	172	0	449.034	100
60	98	136	174	0	409.025	100
62	100	138	176	0	389.563	100
64	102	140	178	0	409.531	100
66	104	142	180	0	398.53	100
68	106	144	182	0	368.347	100
70	108	146	184	0	348.619	100
72	110	148	186	0	339.006	100
74	112	150	188	0	339.492	100
76	114	152	190	0	328.275	100
78	116	154	192	0	319.694	100
80	118	156	194	0	304.286	100
82	120	158	196	0	311.481	100
84	122	160	198	0	310.518	100
86	124	162	200	0	297.396	100
88	126	164	202	0	286.099	100
90	128	166	204	0	272.173	100
92	130	168	206	0	275.476	100
94	132	170	208	0	251.543	100
96	134	172	210	0	252.477	100
98	136	174	212	0	230.452	100
100	138	176	214	0	217.462	100
102	140	178	216	0	206.123	100
104	142	180	218	0	208.068	100
106	144	182	220	0	180.409	100
108	146	184	222	0	165.754	100
110	148	186	224	0	158.873	100
112	150	188	226	0	139.02	100
114	152	190	228	0	125.66	100
116	154	192	230	0	121.808	100
118	156	194	232	0	111.559	100
120	158	196	234	0	104.367	100
122	160	198	236	0	99.7612	100
124	162	200	238	0	103.216	100
126	164	202	240	0	92.1446	100
128	166	204	242	0	83.5884	100
130	168	206	244	0	86.8352	100
132	170	208	246	0	83.763	100
134	172	210	248	0	78.1551	100
136	174	212	250	0	79.0731	100
138	176	214	252	0	77.1678	100
140	178	216	254	0	75.0701	100
142	180	218	256	0	73.3687	100
144	182	220	258	0	76.4036	100
146	184	222	260	0	74.3513	100
148	186	224	262	0	77.1135	100
150	188	226	264	0	79.2228	100
152	190	228	266	0	71.2658	100
154	192	230	268	0	69.7491	100
156	194	232	270	0	77.9295	100
158	196	234	272	0	79.366	100
160	198	236	274	0	82.7196	100
162	200	238	276	0	88.0974	100
164	202	240	278	0	86.4731	100
166	204	242	280	0	88.346	100
30	70	110	150	0	545.158	100
32	72	112	152	0	541.214	100
34	74	114	154	0	551.888	100
36	76	116	156	0	528.731	100
38	78	118	158	0	519.8	100
40	80	120	160	0	499.594	100
42	82	122	162	0	500.292	100
44	84	124	164	0	521.496	100
46	86	126	166	0	494.048	100
48	88	128	168	0	493.914	100
50	90	130	170	0	461.836	100
52	92	132	172	0	445.423	100
54	94	134	174	0	458.943	100
56	96	136	176	0	420.913	100
58	98	138	178	0	426.01	100
60	100	140	180	0	393.055	100
62	102	142	182	0	372.258	100
64	104	144	184	0	365.946	100
66	106	146	186	0	375.566	100
68	108	148	188	0	347.969	100
70	110	150	190	0	339.655	100
72	112	152	192	0	328.447	100
74	114	154	194	0	317.547	100
76	116	156	196	0	315.446	100
78	118	158	198	0	312.533	100
80	120	160	200	0	287.135	100
82	122	162	202	0	285.382	100
84	124	164	204	0	296.692	100
86	126	166	206	0	277.382	100
88	128	168	208	0	268.77	100
90	130	170	210	0	259.257	100
92	132	172	212	0	261.397	100
94	134	174	214	0	245.228	100
96	136	176	216	0	219.42	100
98	138	178	218	0	212.01	100
100	140	180	220	0	196.359	100
102	142	182	222	0	183.015	100
104	144	184	224	0	174.325	100
106	146	186	226	0	166.443	100
108	148	188	228	0	137.054	100
110	150	190	230	0	139.607	100
112	152	192	232	0	125.737	100
114	154	194	234	0	118.778	100
116	156	196	236	0	111.244	100
118	158	198	238	0	100.233	100
120	160	200	240	0	100.908	100
122	162	202	242	0	94.7282	100
124	164	204	244	0	89.7457	100
126	166	206	246	0	82.2553	100
128	168	208	248	0	89.7815	100
130	170	210	250	0	82.6909	100
132	172	212	252	0	79.0503	100
134	174	214	254	0	83.1002	100
136	176	216	256	0	76.2081	100
138	178	218	258	0	78.1138	100
140	180	220	260	0	77.8501	100
142	182	222	262	0	72.9505	100
144	184	224	264	0	79.2745	100
146	186	226	266	0	80.0613	100
148	188	228	268	0	77.3748	100
150	190	230	270	0	78.3601	100
152	192	232	272	0	79.5077	100
154	194	234	274	0	74.3483	100
156	196	236	276	0	81.5864	100
158	198	238	278	0	76.0891	100
160	200	240	280	0	80.0257	100
30	72	114	156	0	542.094	100
32	74	116	158	0	554.356	100
34	76	118	160	0	526.674	100
36	78	120	162	0	544.769	100
38	80	122	164	0	510.843	100
40	82	124	166	0	533.771	100
42	84	126	168	0	507.206	100
44	86	128	170	0	491.328	100
46	88	130	172	0	476.377	100
48	90	132	174	0	482.329	100
50	92	134	176	0	460.589	100
52	94	136	178	0	458.633	100
54	96	138	180	0	449.507	100
56	98	140	182	0	428.371	100
58	100	142	184	0	400.623	100
60	102	144	186	0	380.134	100
62	104	146	188	0	358.365	100
64	106	148	190	0	370.392	100
66	108	150	192	0	340.855	100
68	110	152	194	0	340.746	100
70	112	154	196	0	336.482	100
72	114	156	198	0	324.411	100
74	116	158	200	0	312.472	100
76	118	160	202	0	303.181	100
78	120	162	204	0	294.01	100
80	122	164	206	0	284.459	100
82	124	166	208	0	284.803	100
84	126	168	210	0	253.553	100
86	128	170	212	0	258.171	100
88	130	172	214	0	249.161	100
90	132	174	216	0	237.837	100
92	134	176	218	0	218.318	100
94	136	178	220	0	210.955	100
96	138	180	222	0	196.484	100
98	140	182	224	0	190.86	100
100	142	184	226	0	177.132	100
102	144	186	228	0	170.303	100
104	146	188	230	0	156.045	100
106	148	190	232	0	135.263	100
108	150	192	234	0	130.215	100
110	152	194	236	0	118.49	100
112	154	196	238	0	110.403	100
114	156	198	240	0	106.772	100
116	158	200	242	0	96.9666	100
118	160	202	244	0	93.6936	100
120	162	204	246	0	95.0712	100
122	164	206	248	0	94.0396	100
124	166	208	250	0	90.9609	100
126	168	210	252	0	89.2597	100
128	170	212	254	0	87.5721	100
130	172	214	256	0	79.9549	100
132	174	216	258	0	91.8883	100
134	176	218	260	0	85.6182	100
136	178	220	262	0	82.1846	100
138	180	222	264	0	77.8067	100
140	182	224	266	0	76.3765	100
142	184	226	268	0	73.6074	100
144	186	228	270	0	79.9373	100
146	188	230	272	0	78.9732	100
148	190	232	274	0	73.6188	100
150	192	234	276	0	74.5731	100
152	194	236	278	0	76.1013	100
154	196	238	280	0	80.998	100
30	74	118	162	0	571.756	100
32	76	120	164	0	537.657	100
34	78	122	166	0	531.72	100
36	80	124	168	0	519.323	100
38	82	126	170	0	522.466	100
40	84	128	172	0	508.543	100
42	86	130	174	0	483.083	100
44	88	132	176	0	495.965	100
46	90	134	178	0	474.892	100
48	92	136	180	0	467.008	100
50	94	138	182	0	441.818	100
52	96	140	184	0	417.108	100
54	98	142	186	0	406.661	100
56	100	144	188	0	381.711	100
58	102	146	190	0	372.405	100
60	104	148	192	0	369.042	100
62	106	150	194	0	363.451	100
64	108	152	196	0	342.486	100
66	110	154	198	0	342.124	100
68	112	156	200	0	313.641	100
70	114	158	202	0	307.951	100
72	116	160	204	0	305.36	100
74	118	162	206	0	275	100
76	120	164	208	0	291.595	100
78	122	166	210	0	269.126	100
80	124	168	212	0	268.338	100
82	126	170	214	0	248.049	100
84	128	172	216	0	238.325	100
86	130	174	218	0	221.753	100
88	132	176	220	0	222.482	100
90	134	178	222	0	213.043	100
92	136	180	224	0	198.448	100
94	138	182	226	0	187.492	100
96	140	184	228	0	184.059	100
98	142	186	230	0	164.96	100
100	144	188	232	0	156.938	100
102	146	190	234	0	137.601	100
104	148	192	236	0	138.688	100
106	150	194	238	0	115.529	100
108	152	196	240	0	109.101	100
110	154	198	242	0	108.478	100
112	156	200	244	0	108.494	100
114	158	202	246	0	104.03	100
116	160	204	248	0	103.714	100
118	162	206	250	0	87.6354	100
120	164	208	252	0	92.2335	100
122	166	210	254	0	91.8581	100
124	168	212	256	0	91.4096	100
126	170	214	258	0	87.5339	100
128	172	216	260	0	86.4677	100
130	174	218	262	0	91.3017	100
132	176	220	264	0	92.2231	100
134	178	222	266	0	84.5193	100
136	180	224	268	0	80.8522	100
138	182	226	270	0	88.1329	100
140	184	228	272	0	79.5691	100
142	186	230	274	0	75.3313	100
144	188	232	276	0	83.4283	100
146	190	234	278	0	73.0628	100
148	192	236	280	0	78.8111	100
30	76	122	168	0	558.102	100
32	78	124	170	0	559.243	100
34	80	126	172	0	525.524	100
36	82	128	174	0	536.247	100
38	84	130	176	0	519.234	100
40	86	132	178	0	513.425	100
42	88	134	180	0	503.326	100
44	90	136	182	0	482.066	100
46	92	138	184	0	436.514	100
48	94	140	186	0	423.356	100
50	96	142	188	0	420.499	100
52	98	144	190	0	392.985	100
54	100	146	192	0	386.005	100
56	102	148	194	0	367.788	100
58	104	150	196	0	347.483	100
60	106	152	198	0	353.961	100
62	108	154	200	0	322.645	100
64	110	156	202	0	308.776	100
66	112	158	204	0	310.436	100
68	114	160	206	0	296.841	100
70	116	162	208	0	289.117	100
72	118	164	210	0	275.056	100
74	120	166	212	0	277.167	100
76	122	168	214	0	257.234	100
78	124	170	216	0	259.268	100
80	126	172	218	0	233.737	100
82	128	174	220	0	229.64	100
84	130	176	222	0	230.48	100
86	132	178	224	0	223.202	100
88	134	180	226	0	197.741	100
90	136	182	228	0	198.193	100
92	138	184	230	0	172.703	100
94	140	186	232	0	159.949	100
96	142	188	234	0	154.387	100
98	144	190	236	0	141.01	100
100	146	192	238	0	137.406	100
102	148	194	240	0	119.772	100
104	150	196	242	0	125.655	100
106	152	198	244	0	108.936	100
108	154	200	246	0	111.627	100
110	156	202	248	0	98.2763	100
112	158	204	250	0	104.816	100
114	160	206	252	0	108.046	100
116	162	208	254	0	99.0286	100
118	164	210	256	0	102.118	100
120	166	212	258	0	99.6324	100
122	168	214	260	0	97.6887	100
124	170	216	262	0	96.2049	100
126	172	218	264	0	99.2457	100
128	174	220	266	0	96.4601	100
130	176	222	268	0	90.4115	100
132	178	224	270	0	91.6492	100
134	180	226	272	0	87.94	100
136	182	228	274	0	82.1065	100
138	184	230	276	0	84.5963	100
140	186	232	278	0	84.3068	100
142	188	234	280	0	76.2574	100
30	78	126	174	0	540.492	100
32	80	128	176	0	534.399	100
34	82	130	178	0	517.257	100
36	84	132	180	0	519.965	100
38	86	134	182	0	486.075	100
40	88	136	184	0	476.958	100
42	90	138	186	0	451.325	100
44	92	140	188	0	451.628	100
46	94	142	190	0	443.737	100
48	96	144	192	0	399.522	100
50	98	146	194	0	391.682	100
52	100	148	196	0	390.133	100
54	102	150	198	0	365.171	100
56	104	152	200	0	353.237	100
58	106	154	202	0	326.547	100
60	108	156	204	0	321.416	100
62	110	158	206	0	311.597	100
64	112	160	208	0	296.538	100
66	114	162	210	0	298.293	100
68	116	164	212	0	275.945	100
70	118	166	214	0	263.448	100
72	120	168	216	0	262.807	100
74	122	170	218	0	261.8	100
76	124	172	220	0	250.827	100
78	126	174	222	0	228.098	100
80	128	176	224	0	212.427	100
82	130	178	226	0	210.041	100
84	132	180	228	0	199.775	100
86	134	182	230	0	194.989	100
88	136	184	232	0	180.706	100
90	138	186	234	0	171.938	100
92	140	188	236	0	152.764	100
94	142	190	238	0	147.376	100
96	144	192	240	0	127.436	100
98	146	194	242	0	128.272	100
100	148	196	244	0	121.063	100
102	150	198	246	0	113.669	100
104	152	200	248	0	114.525	100
106	154	202	250	0	106.404	100
108	156	204	252	0	113.218	100
110	158	206	254	0	110.237	100
112	160	208	256	0	104.665	100
114	162	210	258	0	105.269	100
116	164	212	260	0	107.642	100
118	166	214	262	0	100.349	100
120	168	216	264	0	106.006	100
122	170	218	266	0	101.605	100
124	172	220	268	0	101.928	100
126	174	222	270	0	93.1206	100
128	176	224	272	0	98.3797	100
130	178	226	274	0	98.1823	100
132	180	228	276	0	95.33	100
134	182	230	278	0	90.0633	100
136	184	232	280	0	92.6147	100
30	80	130	180	0	533.726	100
32	82	132	182	0	540.328	100
34	84	134	184	0	501.295	100
36	86	136	186	0	488.041	100
38	88	138	188	0	480.233	100
40	90	140	190	0	470.627	100
42	92	142	192	0	446.299	100
44	94	144	194	0	424.894	100
46	96	146	196	0	409.669	100
48	98	148	198	0	393.554	100
50	100	150	200	0	376.533	100
52	102	152	202	0	344.665	100
54	104	154	204	0	347.385	100
56	106	156	206	0	323.298	100
58	108	158	208	0	325.64	100
60	110	160	210	0	308.697	100
62	112	162	212	0	284.011	100
64	114	164	214	0	282.505	100
66	116	166	216	0	270.921	100
68	118	168	218	0	253.862	100
70	120	170	220	0	264.421	100
72	122	172	222	0	233.456	100
74	124	174	224	0	234.969	100
76	126	176	226	0	218.257	100
78	128	178	228	0	218.124	100
80	130	180	230	0	210.596	100
82	132	182	232	0	186.561	100
84	134	184	234	0	189.501	100
86	136	186	236	0	167.419	100
88	138	188	238	0	149.63	100
90	140	190	240	0	150.969	100
92	142	192	242	0	139.499	100
94	144	194	244	0	136.142	100
96	146	196	246	0	122.485	100
98	148	198	248	0	125.257	100
100	150	200	250	0	117.933	100
102	152	202	252	0	121.853	100
104	154	204	254	0	110.617	100
106	156	206	256	0	116.654	100
108	158	208	258	0	108.334	100
110	160	210	260	0	116.647	100
112	162	212	262	0	102.909	100
114	164	214	264	0	108.797	100
116	166	216	266	0	105.746	100
118	168	218	268	0	102.023	100
120	170	220	270	0	99.2274	100
122	172	222	272	0	103.481	100
124	174	224	274	0	100.92	100
126	176	226	276	0	95.3898	100
128	178	228	278	0	100.317	100
130	180	230	280	0	96.3696	100
30	82	134	186	0	510.857	100
32	84	136	188	0	517.712	100
34	86	138	190	0	483.052	100
36	88	140	192	0	470.354	100
38	90	142	194	0	440.361	100
40	92	144	196	0	436.767	100
42	94	146	198	0	414.204	100
44	96	148	200	0	405.22	100
46	98	150	202	0	368.234	100
48	100	152	204	0	348.083	100
50	102	154	206	0	358.068	100
52	104	156	208	0	324.548	100
54	106	158	210	0	318.357	100
56	108	160	212	0	311.255	100
58	110	162	214	0	299.453	100
60	112	164	216	0	272.295	100
62	114	166	218	0	274.983	100
64	116	168	220	0	274.111	100
66	118	170	222	0	258.071	100
68	120	172	224	0	248.653	100
70	122	174	226	0	240.522	100
72	124	176	228	0	224.797	100
74	126	178	230	0	211.22	100
76	128	180	232	0	206.031	100
78	130	182	234	0	191.838	100
80	132	184	236	0	178.926	100
82	134	186	238	0	166.045	100
84	136	188	240	0	152.316	100
86	138	190	242	0	155.632	100
88	140	192	244	0	140.088	100
90	142	194	246	0	137.969	100
92	144	196	248	0	134.489	100
94	146	198	250	0	127.267	100
96	148	200	252	0	123.574	100
98	150	202	254	0	121.302	100
100	152	204	256	0	115.289	100
102	154	206	258	0	119.232	100
104	156	208	260	0	112.742	100
106	158	210	262	0	111.405	100
108	160	212	264	0	115.848	100
110	162	214	266	0	117.467	100
112	164	216	268	0	116.787	100
114	166	218	270	0	112.162	100
116	168	220	272	0	110.109	100
118	170	222	274	0	111.383	100
120	172	224	276	0	104.179	100
122	174	226	278	0	105.431	100
124	176	228	280	0	102.231	100
30	84	138	192	0	509.666	100
32	86	140	194	0	467.858	100
34	88	142	196	0	452.542	100
36	90	144	198	0	435.735	100
38	92	146	200	0	425.446	100
40	94	148	202	0	406.84	100
42	96	150	204	0	374.257	100
44	98	152	206	0	362.492	100
46	100	154	208	0	351.747	100
48	102	156	210	0	339.014	100
50	104	158	212	0	333.359	100
52	106	160	214	0	308.454	100
54	108	162	216	0	297.94	100
56	110	164	218	0	288.809	100
58	112	166	220	0	280.322	100
60	114	168	222	0	272.032	100
62	116	170	224	0	265.64	100
64	118	172	226	0	239.432	100
66	120	174	228	0	243.935	100
68	122	176	230	0	227.761	100
70	124	178	232	0	208.559	100
72	126	180	234	0	201.538	100
74	128	182	236	0	199.884	100
76	130	184	238	0	179.037	100
78	132	186	240	0	172.342	100
80	134	188	242	0	158.357	100
82	136	190	244	0	148.922	100
84	138	192	246	0	150.015	100
86	140	194	248	0	139.537	100
88	142	196	250	0	138.185	100
90	144	198	252	0	132.289	100
92	146	200	254	0	126.405	100
94	148	202	256	0	123.566	100
96	150	204	258	0	118.204	100
98	152	206	260	0	124.625	100
100	154	208	262	0	122.335	100
102	156	210	264	0	121.759	100
104	158	212	266	0	117.406	100
106	160	214	268	0	120.4	100
108	162	216	270	0	117.451	100
110	164	218	272	0	117.81	100
112	166	220	274	0	118.857	100
114	168	222	276	0	112.403	100
116	170	224	278	0	111.355	100
118	172	226	280	0	110.137	100
30	86	142	198	0	475.768	100
32	88	144	200	0	434.022	100
34	90	146	202	0	417.755	100
36	92	148	204	0	418.193	100
38	94	150	206	0	396.327	100
40	96	152	208	0	368.017	100
42	98	154	210	0	346.899	100
44	100	156	212	0	349.076	100
46	102	158	214	0	332.678	100
48	104	160	216	0	312.948	100
50	106	162	218	0	300.185	100
52	108	164	220	0	291.534	100
54	110	166	222	0	273.455	100
56	112	168	224	0	264.788	100
58	114	170	226	0	253.778	100
60	116	172	228	0	258.979	100
62	118	174	230	0	236.992	100
64	120	176	232	0	222.974	100
66	122	178	234	0	214.008	100
68	124	180	236	0	202.75	100
70	126	182	238	0	192.283	100
72	128	184	240	0	188.356	100
74	130	186	242	0	166.587	100
76	132	188	244	0	162.327	100
78	134	190	246	0	163.068	100
80	136	192	248	0	147.256	100
82	138	194	250	0	147.692	100
84	140	196	252	0	139.797	100
86	142	198	254	0	137.21	100
88	144	200	256	0	135.577	100
90	146	202	258	0	128.665	100
92	148	204	260	0	133.033	100
94	150	206	262	0	129.771	100
96	152	208	264	0	125.328	100
98	154	210	266	0	125.514	100
100	156	212	268	0	128.092	100
102	158	214	270	0	130.498	100
104	160	216	272	0	121.983	100
106	162	218	274	0	123.418	100
108	164	220	276	0	123.492	100
110	166	222	278	0	124.361	100
112	168	224	280	0	119.372	100
30	88	146	204	0	420.78	100
32	90	148	206	0	404.451	100
34	92	150	208	0	390.094	100
36	94	152	210	0	387.288	100
38	96	154	212	0	374.657	100
40	98	156	214	0	355.55	100
42	100	158	216	0	327.983	100
44	102	160	218	0	329.408	100
46	104	162	220	0	304.147	100
48	106	164	222	0	292.632	100
50	108	166	224	0	282.156	100
52	110	168	226	0	280.328	100
54	112	170	228	0	264.71	100
56	114	172	230	0	246.602	100
58	116	174	232	0	248.121	100
60	118	176	234	0	221.734	100
62	120	178	236	0	228.129	100
64	122	180	238	0	204.687	100
66	124	182	240	0	195.09	100
68	126	184	242	0	188.191	100
70	128	186	244	0	173.718	100
72	130	188	246	0	166.522	100
74	132	190	248	0	156.891	100
76	134	192	250	0	148.539	100
78	136	194	252	0	147.808	100
80	138	196	254	0	135.722	100
82	140	198	256	0	141.405	100
84	142	200	258	0	134.718	100
86	144	202	260	0	136.272	100
88	146	204	262	0	134.998	100
90	148	206	264	0	136.915	100
92	150	208	266	0	134.067	100
94	152	210	268	0	130.542	100
96	154	212	270	0	137.05	100
98	156	214	272	0	134.885	100
100	158	216	274	0	132.254	100
102	160	218	276	0	131.65	100
104	162	220	278	0	126.585	100
106	164	222	280	0	122.4	100
30	90	150	210	0	411.974	100
32	92	152	212	0	381.482	100
34	94	154	214	0	360.071	100
36	96	156	216	0	351.159	100
38	98	158	218	0	346.752	100
40	100	160	220	0	320.634	100
42	102	162	222	0	305.233	100
44	104	164	224	0	298.497	100
46	106	166	226	0	300.877	100
48	108	168	228	0	282.529	100
50	110	170	230	0	271.44	100
52	112	172	232	0	263.826	100
54	114	174	234	0	248.453	100
56	116	176	236	0	237.841	100
58	118	178	238	0	212.746	100
60	120	180	240	0	210.494	100
62	122	182	242	0	203.316	100
64	124	184	244	0	190.849	100
66	126	186	246	0	185.707	100
68	128	188	248	0	169.294	100
70	130	190	250	0	161.154	100
72	132	192	252	0	152.077	100
74	134	194	254	0	148.591	100
76	136	196	256	0	146.633	100
78	138	198	258	0	150.314	100
80	140	200	260	0	136.752	100
82	142	202	262	0	145.203	100
84	144	204	264	0	136.775	100
86	146	206	266	0	136.807	100
88	148	208	268	0	143.016	100
90	150	210	270	0	143.399	100
92	152	212	272	0	136.902	100
94	154	214	274	0	135.91	100
96	156	216	276	0	139.607	100
98	158	218	278	0	136.067	100
100	160	220	280	0	134.21	100
30	92	154	216	0	385.551	100
32	94	156	218	0	370.09	100
34	96	158	220	0	358.182	100
36	98	160	222	0	335.632	100
38	100	162	224	0	319.321	100
40	102	164	226	0	299.257	100
42	104	166	228	0	295.59	100
44	106	168	230	0	282.649	100
46	108	170	232	0	268.266	100
48	110	172	234	0	269.291	100
50	112	174	236	0	251.446	100
52	114	176	238	0	233.132	100
54	116	178	240	0	221.542	100
56	118	180	242	0	210.001	100
58	120	182	244	0	201.098	100
60	122	184	246	0	194.598	100
62	124	186	248	0	187.241	100
64	126	188	250	0	176.921	100
66	128	190	252	0	172.044	100
68	130	192	254	0	164.084	100
70	132	194	256	0	150.789	100
72	134	196	258	0	145.796	100
74	136	198	260	0	154.214	100
76	138	200	262	0	148.201	100
78	140	202	264	0	150.998	100
80	142	204	266	0	147.072	100
82	144	206	268	0	147.449	100
84	146	208	270	0	144.182	100
86	148	210	272	0	141.021	100
88	150	212	274	0	148.422	100
90	152	214	276	0	143.845	100
92	154	216	278	0	147.725	100
94	156	218	280	0	137.937	100
30	94	158	222	0	359.232	100
32	96	160	224	0	335.954	100
34	98	162	226	0	325.102	100
36	100	164	228	0	318.17	100
38	102	166	230	0	310.498	100
40	104	168	232	0	282.687	100
42	106	170	234	0	282.771	100
44	108	172	236	0	255.683	100
46	110	174	238	0	249.699	100
48	112	176	240	0	241.798	100
50	114	178	242	0	235.575	100
52	116	180	244	0	220.938	100
54	118	182	246	0	204.855	100
56	120	184	248	0	187.951	100
58	122	186	250	0	187.825	100
60	124	188	252	0	176.242	100
62	126	190	254	0	165.179	100
64	128	192	256	0	163.731	100
66	130	194	258	0	154.74	100
68	132	196	260	0	152.829	100
70	134	198	262	0	153.763	100
72	136	200	264	0	146.431	100
74	138	202	266	0	152.084	100
76	140	204	268	0	147.473	100
78	142	206	270	0	148.537	100
80	144	208	272	0	151.123	100
82	146	210	274	0	150.462	100
84	148	212	276	0	152.555	100
86	150	214	278	0	146.189	100
88	152	216	280	0	155.001	100
30	96	162	228	0	330.091	100
32	98	164	230	0	329.164	100
34	100	166	232	0	310.699	100
36	102	168	234	0	294.879	100
38	104	170	236	0	283.661	100
40	106	172	238	0	267.984	100
42	108	174	240	0	254.031	100
44	110	176	242	0	239.938	100
46	112	178	244	0	240.913	100
48	114	180	246	0	224.6	100
50	116	182	248	0	212.173	100
52	118	184	250	0	205.033	100
54	120	186	252	0	183.758	100
56	122	188	254	0	176.127	100
58	124	190	256	0	175.564	100
60	126	192	258	0	162.12	100
62	128	194	260	0	162.392	100
64	130	196	262	0	161.354	100
66	132	198	264	0	159.384	100
68	134	200	266	0	155.972	100
70	136	202	268	0	157.597	100
72	138	204	270	0	160.76	100
74	140	206	272	0	154.395	100
76	142	208	274	0	153.461	100
78	144	210	276	0	155.715	100
80	146	212	278	0	161.619	100
82	148	214	280	0	154.476	100
30	98	166	234	0	319.222	100
32	100	168	236	0	295.88	100
34	102	170	238	0	281.048	100
36	104	172	240	0	278.062	100
38	106	174	242	0	264.215	100
40	108	176	244	0	249.165	100
42	110	178	246	0	239.099	100
44	112	180	248	0	230.189	100
46	114	182	250	0	220.14	100
48	116	184	252	0	209.293	100
50	118	186	254	0	186.982	100
52	120	188	256	0	185.486	100
54	122	190	258	0	175.716	100
56	124	192	260	0	163.815	100
58	126	194	262	0	161.267	100
60	128	196	264	0	161.223	100
62	130	198	266	0	160.593	100
64	132	200	268	0	163.609	100
66	134	202	270	0	163.978	100
68	136	204	272	0	158.854	100
70	138	206	274	0	160.604	100
72	140	208	276	0	167.911	100
74	142	210	278	0	164.822	100
76	144	212	280	0	167.296	100
30	100	170	240	0	293.94	100
32	102	172	242	0	277.953	100
34	104	174	244	0	273.88	100
36	106	176	246	0	256.068	100
38	108	178	248	0	250.002	100
40	110	180	250	0	225.269	100
42	112	182	252	0	216.607	100
44	114	184	254	0	211.122	100
46	116	186	256	0	192.422	100
48	118	188	258	0	185.319	100
50	120	190	260	0	177.632	100
52	122	192	262	0	174.357	100
54	124	194	264	0	168.966	100
56	126	196	266	0	169.146	100
58	128	198	268	0	162.786	100
60	130	200	270	0	163.902	100
62	132	202	272	0	165.658	100
64	134	204	274	0	165.998	100
66	136	206	276	0	172.575	100
68	138	208	278	0	170.717	100
70	140	210	280	0	167.525	100
30	102	174	246	0	275.913	100
32	104	176	248	0	259.859	100
34	106	178	250	0	254.505	100
36	108	180	252	0	229.301	100
38	110	182	254	0	217.099	100
40	112	184	256	0	212.716	100
42	114	186	258	0	195.497	100
44	116	188	260	0	184.964	100
46	118	190	262	0	188.835	100
48	120	192	264	0	175.333	100
50	122	194	266	0	168.061	100
52	124	196	268	0	171.911	100
54	126	198	270	0	165.973	100
56	128	200	272	0	164.912	100
58	130	202	274	0	170.027	100
60	132	204	276	0	168.228	100
62	134	206	278	0	172.684	100
64	136	208	280	0	174.339	100
30	104	178	252	0	256.502	100
32	106	180	254	0	241.861	100
34	108	182	256	0	227.509	100
36	110	184	258	0	217.417	100
38	112	186	260	0	210.715	100
40	114	188	262	0	191.041	100
42	116	190	264	0	190.801	100
44	118	192	266	0	185.548	100
46	120	194	268	0	182.334	100
48	122	196	270	0	176.688	100
50	124	198	272	0	166.202	100
52	126	200	274	0	169.719	100
54	128	202	276	0	168.89	100
56	130	204	278	0	178.234	100
58	132	206	280	0	180.245	100
30	106	182	258	0	239.518	100
32	108	184	260	0	223.76	100
34	110	186	262	0	212.617	100
36	112	188	264	0	204.478	100
38	114	190	266	0	191.294	100
40	116	192	268	0	182.515	100
42	118	194	270	0	185.53	100
44	120	196	272	0	178.611	100
46	122	198	274	0	176.587	100
48	124	200	276	0	171.765	100
50	126	202	278	0	180.6	100
52	128	204	280	0	182.358	100
30	108	186	264	0	213.972	100
32	110	188	266	0	209.945	100
34	112	190	268	0	199.816	100
36	114	192	270	0	186.462	100
38	116	194	272	0	188.65	100
40	118	196	274	0	178.565	100
42	120	198	276	0	184.585	100
44	122	200	278	0	175.961	100
46	124	202	280	0	177.668	100
30	110	190	270	0	199.22	100
32	112	192	272	0	200.659	100
34	114	194	274	0	190.091	100
36	116	196	276	0	184.604	100
38	118	198	278	0	187.522	100
40	120	200	280	0	184.511	100
30	112	194	276	0	200.629	100
32	114	196	278	0	189.234	100
34	116	198	280	0	190.518	100
0	0
