# File: DCSection_PriPro_Tra.dat
# (No specific header documentation)

-153.75	0	-2.5	218.844
-151.25	0	-2.5	220.198
-148.75	0	-2.5	220.274
-146.25	0	-2.5	206.887
-143.75	0	-2.5	241.263
-141.25	0	-2.5	208.606
-138.75	0	-2.5	240.207
-136.25	0	-2.5	233.67
-133.75	0	-2.5	190.12
-131.25	0	-2.5	205.224
-128.75	0	-2.5	218.502
-126.25	0	-2.5	213.897
-123.75	0	-2.5	234.469
-121.25	0	-2.5	234.071
-118.75	0	-2.5	220.396
-116.25	0	-2.5	216.532
-113.75	0	-2.5	199.099
-111.25	0	-2.5	239.751
-108.75	0	-2.5	218.267
-106.25	0	-2.5	233.717
-103.75	0	-2.5	237.432
-101.25	0	-2.5	189.6
-98.75	0	-2.5	206.753
-96.25	0	-2.5	195.776
-93.75	0	-2.5	228.704
-91.25	0	-2.5	172.134
-88.75	0	-2.5	228.682
-86.25	0	-2.5	213.078
-83.75	0	-2.5	207.237
-81.25	0	-2.5	203.739
-78.75	0	-2.5	207.785
-76.25	0	-2.5	234.967
-73.75	0	-2.5	215.103
-71.25	0	-2.5	239.354
-68.75	0	-2.5	212.272
-66.25	0	-2.5	219.903
-63.75	0	-2.5	241.221
-61.25	0	-2.5	222.09
-58.75	0	-2.5	223.843
-56.25	0	-2.5	186.842
-53.75	0	-2.5	227.475
-51.25	0	-2.5	198.921
-48.75	0	-2.5	215.318
-46.25	0	-2.5	170.544
-43.75	0	-2.5	205.477
-41.25	0	-2.5	205.762
-38.75	0	-2.5	224.621
-36.25	0	-2.5	233.309
-33.75	0	-2.5	195.936
-31.25	0	-2.5	242.62
-28.75	0	-2.5	209.468
-26.25	0	-2.5	221.244
-23.75	0	-2.5	231.233
-21.25	0	-2.5	229.901
-18.75	0	-2.5	240.534
-16.25	0	-2.5	195.638
-13.75	0	-2.5	241.987
-11.25	0	-2.5	235.961
-8.75	0	-2.5	228.15
-6.25	0	-2.5	216.023
-3.75	0	-2.5	191.129
-1.25	0	-2.5	223.91
1.25	0	-2.5	185.459
3.75	0	-2.5	196.622
6.25	0	-2.5	211.328
8.75	0	-2.5	223.12
11.25	0	-2.5	221.817
13.75	0	-2.5	215.96
16.25	0	-2.5	195.952
18.75	0	-2.5	201.782
21.25	0	-2.5	210.523
23.75	0	-2.5	189.219
26.25	0	-2.5	217.549
28.75	0	-2.5	230.884
31.25	0	-2.5	197.186
33.75	0	-2.5	199.589
36.25	0	-2.5	193.645
38.75	0	-2.5	216.14
41.25	0	-2.5	224.722
43.75	0	-2.5	217.824
46.25	0	-2.5	225.857
48.75	0	-2.5	220.021
51.25	0	-2.5	222.103
53.75	0	-2.5	217.389
56.25	0	-2.5	188.559
58.75	0	-2.5	217.097
61.25	0	-2.5	227.867
63.75	0	-2.5	181.464
66.25	0	-2.5	217.789
68.75	0	-2.5	211.493
71.25	0	-2.5	190.069
73.75	0	-2.5	243.691
76.25	0	-2.5	222.938
78.75	0	-2.5	245.626
81.25	0	-2.5	230.452
83.75	0	-2.5	209.674
86.25	0	-2.5	226.482
88.75	0	-2.5	202.509
91.25	0	-2.5	226.267
93.75	0	-2.5	209.691
96.25	0	-2.5	209.455
98.75	0	-2.5	226.086
101.25	0	-2.5	202.439
103.75	0	-2.5	190.292
106.25	0	-2.5	206.352
108.75	0	-2.5	208.317
111.25	0	-2.5	216.129
113.75	0	-2.5	178.622
116.25	0	-2.5	206.225
118.75	0	-2.5	177.16
121.25	0	-2.5	216.472
123.75	0	-2.5	189.141
126.25	0	-2.5	191.656
128.75	0	-2.5	214.758
131.25	0	-2.5	190.07
133.75	0	-2.5	218.192
136.25	0	-2.5	181.166
138.75	0	-2.5	199.496
141.25	0	-2.5	218.108
143.75	0	-2.5	223.968
146.25	0	-2.5	197.084
148.75	0	-2.5	235.828
151.25	0	-2.5	194.687
-150	0	-5	194.978
-147.5	0	-5	185.316
-145	0	-5	183.243
-142.5	0	-5	199.978
-140	0	-5	177.524
-137.5	0	-5	207.747
-135	0	-5	176.763
-132.5	0	-5	194.231
-130	0	-5	199.499
-127.5	0	-5	203.896
-125	0	-5	191.331
-122.5	0	-5	180.176
-120	0	-5	194.746
-117.5	0	-5	212.696
-115	0	-5	200.608
-112.5	0	-5	208.289
-110	0	-5	185.248
-107.5	0	-5	203.55
-105	0	-5	190.38
-102.5	0	-5	173.668
-100	0	-5	196.21
-97.5	0	-5	171.094
-95	0	-5	215.151
-92.5	0	-5	198.848
-90	0	-5	202.729
-87.5	0	-5	217.19
-85	0	-5	195.134
-82.5	0	-5	210.262
-80	0	-5	195.411
-77.5	0	-5	206.326
-75	0	-5	213.829
-72.5	0	-5	181.467
-70	0	-5	185.023
-67.5	0	-5	192.925
-65	0	-5	202.418
-62.5	0	-5	183.923
-60	0	-5	198.093
-57.5	0	-5	180.75
-55	0	-5	188.008
-52.5	0	-5	195.502
-50	0	-5	213.131
-47.5	0	-5	194.69
-45	0	-5	206.66
-42.5	0	-5	215.885
-40	0	-5	222.178
-37.5	0	-5	203.155
-35	0	-5	195.784
-32.5	0	-5	195.223
-30	0	-5	195.226
-27.5	0	-5	202.465
-25	0	-5	194.003
-22.5	0	-5	188.129
-20	0	-5	201.99
-17.5	0	-5	162.1
-15	0	-5	190.396
-12.5	0	-5	176.96
-10	0	-5	187.997
-7.5	0	-5	192.934
-5	0	-5	208.614
-2.5	0	-5	182.32
0	0	-5	209.682
2.5	0	-5	192.519
5	0	-5	207.307
7.5	0	-5	201.767
10	0	-5	209.08
12.5	0	-5	189.171
15	0	-5	195.01
17.5	0	-5	201.97
20	0	-5	199.895
22.5	0	-5	197.688
25	0	-5	201.085
27.5	0	-5	202.894
30	0	-5	194.305
32.5	0	-5	208.247
35	0	-5	207.879
37.5	0	-5	203.012
40	0	-5	205.77
42.5	0	-5	186.22
45	0	-5	192.493
47.5	0	-5	219.541
50	0	-5	208.52
52.5	0	-5	223.757
55	0	-5	199.002
57.5	0	-5	209.691
60	0	-5	209.198
62.5	0	-5	205.401
65	0	-5	201.831
67.5	0	-5	206.914
70	0	-5	188.387
72.5	0	-5	185.947
75	0	-5	198.498
77.5	0	-5	187.184
80	0	-5	198.386
82.5	0	-5	184.968
85	0	-5	209.224
87.5	0	-5	186.472
90	0	-5	204.211
92.5	0	-5	199.06
95	0	-5	208.007
97.5	0	-5	209.263
100	0	-5	187.533
102.5	0	-5	202.11
105	0	-5	191.109
107.5	0	-5	218.07
110	0	-5	204.801
112.5	0	-5	203.837
115	0	-5	206.628
117.5	0	-5	197.164
120	0	-5	213.983
122.5	0	-5	200.638
125	0	-5	201.977
127.5	0	-5	216.531
130	0	-5	198.105
132.5	0	-5	187.218
135	0	-5	193.371
137.5	0	-5	209.524
140	0	-5	206.997
142.5	0	-5	205.245
145	0	-5	191.519
147.5	0	-5	200.002
-146.25	0	-7.5	193.431
-143.75	0	-7.5	192.522
-141.25	0	-7.5	209.555
-138.75	0	-7.5	182.728
-136.25	0	-7.5	208.204
-133.75	0	-7.5	196.914
-131.25	0	-7.5	187.442
-128.75	0	-7.5	222.306
-126.25	0	-7.5	200.304
-123.75	0	-7.5	186.15
-121.25	0	-7.5	208.156
-118.75	0	-7.5	223.202
-116.25	0	-7.5	211.329
-113.75	0	-7.5	201.634
-111.25	0	-7.5	195.8
-108.75	0	-7.5	199.866
-106.25	0	-7.5	207.508
-103.75	0	-7.5	206.38
-101.25	0	-7.5	213.494
-98.75	0	-7.5	186.158
-96.25	0	-7.5	205.512
-93.75	0	-7.5	220.287
-91.25	0	-7.5	191.266
-88.75	0	-7.5	201.25
-86.25	0	-7.5	175.644
-83.75	0	-7.5	200.38
-81.25	0	-7.5	209.213
-78.75	0	-7.5	213.628
-76.25	0	-7.5	227.44
-73.75	0	-7.5	219.398
-71.25	0	-7.5	215.781
-68.75	0	-7.5	205.967
-66.25	0	-7.5	225.419
-63.75	0	-7.5	220.08
-61.25	0	-7.5	212.316
-58.75	0	-7.5	169.841
-56.25	0	-7.5	194
-53.75	0	-7.5	203.393
-51.25	0	-7.5	201.489
-48.75	0	-7.5	226.596
-46.25	0	-7.5	200.194
-43.75	0	-7.5	227.211
-41.25	0	-7.5	214.178
-38.75	0	-7.5	185.583
-36.25	0	-7.5	181.928
-33.75	0	-7.5	213.013
-31.25	0	-7.5	218.532
-28.75	0	-7.5	209.735
-26.25	0	-7.5	228.088
-23.75	0	-7.5	211.896
-21.25	0	-7.5	216.429
-18.75	0	-7.5	209.099
-16.25	0	-7.5	212.411
-13.75	0	-7.5	197.194
-11.25	0	-7.5	207.119
-8.75	0	-7.5	184.551
-6.25	0	-7.5	197.182
-3.75	0	-7.5	197.409
-1.25	0	-7.5	200.339
1.25	0	-7.5	194.522
3.75	0	-7.5	197.646
6.25	0	-7.5	218.597
8.75	0	-7.5	196.603
11.25	0	-7.5	202.514
13.75	0	-7.5	198.832
16.25	0	-7.5	199.928
18.75	0	-7.5	190.732
21.25	0	-7.5	191.975
23.75	0	-7.5	215.699
26.25	0	-7.5	214.569
28.75	0	-7.5	212.874
31.25	0	-7.5	201.527
33.75	0	-7.5	197.308
36.25	0	-7.5	208.505
38.75	0	-7.5	202.026
41.25	0	-7.5	193.915
43.75	0	-7.5	219.262
46.25	0	-7.5	211.65
48.75	0	-7.5	206.382
51.25	0	-7.5	209.698
53.75	0	-7.5	215.966
56.25	0	-7.5	199.405
58.75	0	-7.5	208.809
61.25	0	-7.5	202.214
63.75	0	-7.5	199.467
66.25	0	-7.5	197.001
68.75	0	-7.5	214.253
71.25	0	-7.5	191.308
73.75	0	-7.5	212.269
76.25	0	-7.5	204.655
78.75	0	-7.5	202.31
81.25	0	-7.5	211.959
83.75	0	-7.5	193.255
86.25	0	-7.5	198.702
88.75	0	-7.5	202.137
91.25	0	-7.5	195.975
93.75	0	-7.5	195.51
96.25	0	-7.5	213.153
98.75	0	-7.5	213.045
101.25	0	-7.5	201.168
103.75	0	-7.5	200.386
106.25	0	-7.5	203.109
108.75	0	-7.5	198.98
111.25	0	-7.5	209.901
113.75	0	-7.5	198.894
116.25	0	-7.5	200.363
118.75	0	-7.5	200.757
121.25	0	-7.5	205.96
123.75	0	-7.5	206.746
126.25	0	-7.5	209.202
128.75	0	-7.5	213.203
131.25	0	-7.5	206.738
133.75	0	-7.5	188.066
136.25	0	-7.5	198.424
138.75	0	-7.5	202.994
141.25	0	-7.5	203.031
143.75	0	-7.5	199.14
-142.5	0	-10	217.535
-140	0	-10	205.027
-137.5	0	-10	222.303
-135	0	-10	205.555
-132.5	0	-10	223.198
-130	0	-10	222.442
-127.5	0	-10	226.342
-125	0	-10	218.059
-122.5	0	-10	216.664
-120	0	-10	203.387
-117.5	0	-10	212.022
-115	0	-10	203.841
-112.5	0	-10	202.782
-110	0	-10	195.08
-107.5	0	-10	222.536
-105	0	-10	220.329
-102.5	0	-10	168.869
-100	0	-10	206.521
-97.5	0	-10	225.429
-95	0	-10	229.991
-92.5	0	-10	196.576
-90	0	-10	185.329
-87.5	0	-10	207.166
-85	0	-10	235.043
-82.5	0	-10	192.471
-80	0	-10	196.358
-77.5	0	-10	205.756
-75	0	-10	196.767
-72.5	0	-10	192.362
-70	0	-10	205.157
-67.5	0	-10	208.851
-65	0	-10	214.5
-62.5	0	-10	206.604
-60	0	-10	202.293
-57.5	0	-10	226.53
-55	0	-10	236.815
-52.5	0	-10	240.224
-50	0	-10	225.884
-47.5	0	-10	227.85
-45	0	-10	225.477
-42.5	0	-10	202.427
-40	0	-10	230.021
-37.5	0	-10	182.377
-35	0	-10	210.376
-32.5	0	-10	225.395
-30	0	-10	245.114
-27.5	0	-10	201.564
-25	0	-10	209.464
-22.5	0	-10	187.904
-20	0	-10	234.681
-17.5	0	-10	189.66
-15	0	-10	214.423
-12.5	0	-10	200.676
-10	0	-10	210.649
-7.5	0	-10	207.692
-5	0	-10	199.704
-2.5	0	-10	186.104
0	0	-10	217.6
2.5	0	-10	201.703
5	0	-10	192.76
7.5	0	-10	188.215
10	0	-10	200.788
12.5	0	-10	200.041
15	0	-10	200.383
17.5	0	-10	219.655
20	0	-10	213.351
22.5	0	-10	223.794
25	0	-10	198.002
27.5	0	-10	212.787
30	0	-10	207.79
32.5	0	-10	208.745
35	0	-10	205.161
37.5	0	-10	200.183
40	0	-10	206.267
42.5	0	-10	194.891
45	0	-10	195.142
47.5	0	-10	206.58
50	0	-10	192.79
52.5	0	-10	205.102
55	0	-10	207.24
57.5	0	-10	186.846
60	0	-10	194.829
62.5	0	-10	205.174
65	0	-10	201.893
67.5	0	-10	204.512
70	0	-10	193.268
72.5	0	-10	194.315
75	0	-10	208.082
77.5	0	-10	197.371
80	0	-10	205.266
82.5	0	-10	192.658
85	0	-10	205.048
87.5	0	-10	190.023
90	0	-10	203.103
92.5	0	-10	194.282
95	0	-10	197.772
97.5	0	-10	203.789
100	0	-10	187.716
102.5	0	-10	210.753
105	0	-10	195.868
107.5	0	-10	197.115
110	0	-10	204.636
112.5	0	-10	197.383
115	0	-10	207.28
117.5	0	-10	195.028
120	0	-10	189.088
122.5	0	-10	192.678
125	0	-10	205.768
127.5	0	-10	195.272
130	0	-10	189.714
132.5	0	-10	211.052
135	0	-10	202.054
137.5	0	-10	203.136
140	0	-10	194.542
-138.75	0	-12.5	231.437
-136.25	0	-12.5	231.267
-133.75	0	-12.5	243.975
-131.25	0	-12.5	240.814
-128.75	0	-12.5	223.139
-126.25	0	-12.5	240.591
-123.75	0	-12.5	235.858
-121.25	0	-12.5	228.086
-118.75	0	-12.5	227.037
-116.25	0	-12.5	225.033
-113.75	0	-12.5	198.396
-111.25	0	-12.5	227.446
-108.75	0	-12.5	234.99
-106.25	0	-12.5	231.385
-103.75	0	-12.5	237.533
-101.25	0	-12.5	222.708
-98.75	0	-12.5	212.795
-96.25	0	-12.5	228.325
-93.75	0	-12.5	242.108
-91.25	0	-12.5	202.227
-88.75	0	-12.5	237.323
-86.25	0	-12.5	246.698
-83.75	0	-12.5	243.367
-81.25	0	-12.5	255.586
-78.75	0	-12.5	200.385
-76.25	0	-12.5	249.985
-73.75	0	-12.5	252.721
-71.25	0	-12.5	219.044
-68.75	0	-12.5	217.835
-66.25	0	-12.5	200.901
-63.75	0	-12.5	218.462
-61.25	0	-12.5	241.597
-58.75	0	-12.5	243.687
-56.25	0	-12.5	234.524
-53.75	0	-12.5	251.623
-51.25	0	-12.5	220.269
-48.75	0	-12.5	244.147
-46.25	0	-12.5	223.61
-43.75	0	-12.5	227.879
-41.25	0	-12.5	222.776
-38.75	0	-12.5	212.675
-36.25	0	-12.5	259.146
-33.75	0	-12.5	251.364
-31.25	0	-12.5	252.188
-28.75	0	-12.5	229.511
-26.25	0	-12.5	227.462
-23.75	0	-12.5	218.726
-21.25	0	-12.5	218.183
-18.75	0	-12.5	220.075
-16.25	0	-12.5	215.054
-13.75	0	-12.5	196.121
-11.25	0	-12.5	207.729
-8.75	0	-12.5	210.127
-6.25	0	-12.5	188.786
-3.75	0	-12.5	200.943
-1.25	0	-12.5	182.383
1.25	0	-12.5	184.974
3.75	0	-12.5	191.044
6.25	0	-12.5	203.292
8.75	0	-12.5	202.044
11.25	0	-12.5	208.119
13.75	0	-12.5	188.447
16.25	0	-12.5	198.673
18.75	0	-12.5	198.993
21.25	0	-12.5	190.767
23.75	0	-12.5	223.39
26.25	0	-12.5	211.465
28.75	0	-12.5	186.383
31.25	0	-12.5	193.455
33.75	0	-12.5	191.838
36.25	0	-12.5	196.988
38.75	0	-12.5	186.839
41.25	0	-12.5	195.477
43.75	0	-12.5	193.873
46.25	0	-12.5	175.61
48.75	0	-12.5	189.585
51.25	0	-12.5	175.111
53.75	0	-12.5	178.079
56.25	0	-12.5	187.464
58.75	0	-12.5	191.97
61.25	0	-12.5	188.083
63.75	0	-12.5	190.46
66.25	0	-12.5	196.595
68.75	0	-12.5	181.18
71.25	0	-12.5	196.889
73.75	0	-12.5	185.12
76.25	0	-12.5	199.792
78.75	0	-12.5	199.245
81.25	0	-12.5	194.93
83.75	0	-12.5	194.809
86.25	0	-12.5	197.351
88.75	0	-12.5	213.671
91.25	0	-12.5	202.408
93.75	0	-12.5	202.839
96.25	0	-12.5	195.87
98.75	0	-12.5	205.057
101.25	0	-12.5	208.182
103.75	0	-12.5	195.345
106.25	0	-12.5	190.128
108.75	0	-12.5	192.038
111.25	0	-12.5	202.868
113.75	0	-12.5	214.282
116.25	0	-12.5	194.218
118.75	0	-12.5	185.079
121.25	0	-12.5	189.097
123.75	0	-12.5	199.595
126.25	0	-12.5	199.211
128.75	0	-12.5	187.52
131.25	0	-12.5	188.445
133.75	0	-12.5	203.831
136.25	0	-12.5	204.356
-135	0	-15	262.401
-132.5	0	-15	257.089
-130	0	-15	264.318
-127.5	0	-15	272.101
-125	0	-15	247.909
-122.5	0	-15	249.183
-120	0	-15	252.644
-117.5	0	-15	259.781
-115	0	-15	251.888
-112.5	0	-15	256.758
-110	0	-15	260.269
-107.5	0	-15	234.058
-105	0	-15	281.546
-102.5	0	-15	247.406
-100	0	-15	254.697
-97.5	0	-15	236.305
-95	0	-15	283.24
-92.5	0	-15	239.789
-90	0	-15	284.768
-87.5	0	-15	251.808
-85	0	-15	244.586
-82.5	0	-15	281.812
-80	0	-15	228.696
-77.5	0	-15	259.192
-75	0	-15	247.741
-72.5	0	-15	251.618
-70	0	-15	236.245
-67.5	0	-15	250.802
-65	0	-15	236.799
-62.5	0	-15	269.398
-60	0	-15	262.205
-57.5	0	-15	246.266
-55	0	-15	281.36
-52.5	0	-15	231.39
-50	0	-15	283.698
-47.5	0	-15	220.942
-45	0	-15	245.492
-42.5	0	-15	275.633
-40	0	-15	288.599
-37.5	0	-15	246.224
-35	0	-15	253.396
-32.5	0	-15	275.74
-30	0	-15	242.217
-27.5	0	-15	241.975
-25	0	-15	238.987
-22.5	0	-15	208.872
-20	0	-15	234.926
-17.5	0	-15	215.698
-15	0	-15	222.95
-12.5	0	-15	208.569
-10	0	-15	196.839
-7.5	0	-15	202.279
-5	0	-15	197.057
-2.5	0	-15	202.854
0	0	-15	214.099
2.5	0	-15	192.059
5	0	-15	183.932
7.5	0	-15	200.233
10	0	-15	179.438
12.5	0	-15	196.111
15	0	-15	212.065
17.5	0	-15	200.69
20	0	-15	186.708
22.5	0	-15	197.463
25	0	-15	201.614
27.5	0	-15	184.962
30	0	-15	197.482
32.5	0	-15	192.696
35	0	-15	187.53
37.5	0	-15	176.723
40	0	-15	168.507
42.5	0	-15	161.491
45	0	-15	175.166
47.5	0	-15	166.103
50	0	-15	167.661
52.5	0	-15	171.757
55	0	-15	175.674
57.5	0	-15	166.424
60	0	-15	174.734
62.5	0	-15	176.705
65	0	-15	170.042
67.5	0	-15	173.421
70	0	-15	175.769
72.5	0	-15	179.627
75	0	-15	188.425
77.5	0	-15	175.664
80	0	-15	189.223
82.5	0	-15	192.791
85	0	-15	199.95
87.5	0	-15	201.657
90	0	-15	204.008
92.5	0	-15	199.026
95	0	-15	200.393
97.5	0	-15	201.919
100	0	-15	194.247
102.5	0	-15	199.396
105	0	-15	203.707
107.5	0	-15	197.023
110	0	-15	205.148
112.5	0	-15	192.561
115	0	-15	198.529
117.5	0	-15	186.791
120	0	-15	183.917
122.5	0	-15	191.224
125	0	-15	198.118
127.5	0	-15	204.737
130	0	-15	200.534
132.5	0	-15	189.694
-131.25	0	-17.5	285.366
-128.75	0	-17.5	274.904
-126.25	0	-17.5	272.211
-123.75	0	-17.5	281.168
-121.25	0	-17.5	273.549
-118.75	0	-17.5	302.53
-116.25	0	-17.5	304.06
-113.75	0	-17.5	273.935
-111.25	0	-17.5	270.556
-108.75	0	-17.5	280.704
-106.25	0	-17.5	272.355
-103.75	0	-17.5	293.923
-101.25	0	-17.5	312.312
-98.75	0	-17.5	298.647
-96.25	0	-17.5	307.346
-93.75	0	-17.5	291.359
-91.25	0	-17.5	309.711
-88.75	0	-17.5	264.576
-86.25	0	-17.5	298.074
-83.75	0	-17.5	303.612
-81.25	0	-17.5	287.713
-78.75	0	-17.5	266.056
-76.25	0	-17.5	272.64
-73.75	0	-17.5	291.653
-71.25	0	-17.5	260.946
-68.75	0	-17.5	311.702
-66.25	0	-17.5	282.711
-63.75	0	-17.5	298.617
-61.25	0	-17.5	266.541
-58.75	0	-17.5	294.088
-56.25	0	-17.5	283.853
-53.75	0	-17.5	278.276
-51.25	0	-17.5	313.285
-48.75	0	-17.5	307.958
-46.25	0	-17.5	286.653
-43.75	0	-17.5	302.241
-41.25	0	-17.5	301.895
-38.75	0	-17.5	291.352
-36.25	0	-17.5	270.054
-33.75	0	-17.5	299.36
-31.25	0	-17.5	286.102
-28.75	0	-17.5	250.772
-26.25	0	-17.5	274.386
-23.75	0	-17.5	284.942
-21.25	0	-17.5	230.897
-18.75	0	-17.5	245.104
-16.25	0	-17.5	220.921
-13.75	0	-17.5	219.436
-11.25	0	-17.5	215.717
-8.75	0	-17.5	215.416
-6.25	0	-17.5	217.564
-3.75	0	-17.5	187.832
-1.25	0	-17.5	205.707
1.25	0	-17.5	190.539
3.75	0	-17.5	175.62
6.25	0	-17.5	204.039
8.75	0	-17.5	199.534
11.25	0	-17.5	195.699
13.75	0	-17.5	196.984
16.25	0	-17.5	192.007
18.75	0	-17.5	205.38
21.25	0	-17.5	203.703
23.75	0	-17.5	198.825
26.25	0	-17.5	191.786
28.75	0	-17.5	180.478
31.25	0	-17.5	175.346
33.75	0	-17.5	181.664
36.25	0	-17.5	165.553
38.75	0	-17.5	161.566
41.25	0	-17.5	150.816
43.75	0	-17.5	155.243
46.25	0	-17.5	149.029
48.75	0	-17.5	149.69
51.25	0	-17.5	160.053
53.75	0	-17.5	149.018
56.25	0	-17.5	146.171
58.75	0	-17.5	141.864
61.25	0	-17.5	152.141
63.75	0	-17.5	151.057
66.25	0	-17.5	153.48
68.75	0	-17.5	160.589
71.25	0	-17.5	164.133
73.75	0	-17.5	165.011
76.25	0	-17.5	180.494
78.75	0	-17.5	180.799
81.25	0	-17.5	179.017
83.75	0	-17.5	185.274
86.25	0	-17.5	203.017
88.75	0	-17.5	198.754
91.25	0	-17.5	208.699
93.75	0	-17.5	206.598
96.25	0	-17.5	199.714
98.75	0	-17.5	203.229
101.25	0	-17.5	211.101
103.75	0	-17.5	203.61
106.25	0	-17.5	205.213
108.75	0	-17.5	203.509
111.25	0	-17.5	208.613
113.75	0	-17.5	199.496
116.25	0	-17.5	199.037
118.75	0	-17.5	204.062
121.25	0	-17.5	197.439
123.75	0	-17.5	202.776
126.25	0	-17.5	200.66
128.75	0	-17.5	191.157
-127.5	0	-20	323.245
-125	0	-20	308.027
-122.5	0	-20	315.278
-120	0	-20	323.891
-117.5	0	-20	334.014
-115	0	-20	328.089
-112.5	0	-20	340.161
-110	0	-20	315.396
-107.5	0	-20	358.568
-105	0	-20	342.446
-102.5	0	-20	316.191
-100	0	-20	324.986
-97.5	0	-20	343.051
-95	0	-20	351.155
-92.5	0	-20	305.169
-90	0	-20	301.804
-87.5	0	-20	346.888
-85	0	-20	327.896
-82.5	0	-20	303.359
-80	0	-20	300.759
-77.5	0	-20	329.264
-75	0	-20	343.649
-72.5	0	-20	282.219
-70	0	-20	319.159
-67.5	0	-20	319.247
-65	0	-20	335.257
-62.5	0	-20	303.248
-60	0	-20	303.338
-57.5	0	-20	287.936
-55	0	-20	339.257
-52.5	0	-20	288.101
-50	0	-20	303.643
-47.5	0	-20	329.838
-45	0	-20	304.51
-42.5	0	-20	331.654
-40	0	-20	315.982
-37.5	0	-20	307.034
-35	0	-20	306.343
-32.5	0	-20	307.054
-30	0	-20	276.709
-27.5	0	-20	287.073
-25	0	-20	250.434
-22.5	0	-20	261.944
-20	0	-20	246.008
-17.5	0	-20	258.718
-15	0	-20	240.471
-12.5	0	-20	233.434
-10	0	-20	246.694
-7.5	0	-20	231.427
-5	0	-20	189.789
-2.5	0	-20	205.099
0	0	-20	214.046
2.5	0	-20	204.8
5	0	-20	200.367
7.5	0	-20	210.666
10	0	-20	201.666
12.5	0	-20	195.903
15	0	-20	195.747
17.5	0	-20	195.674
20	0	-20	198.873
22.5	0	-20	188.483
25	0	-20	183.101
27.5	0	-20	171.114
30	0	-20	165.037
32.5	0	-20	164.223
35	0	-20	156.436
37.5	0	-20	158.959
40	0	-20	150.045
42.5	0	-20	136.843
45	0	-20	144.16
47.5	0	-20	130.726
50	0	-20	132.55
52.5	0	-20	139.413
55	0	-20	136.55
57.5	0	-20	135.097
60	0	-20	138.423
62.5	0	-20	142.505
65	0	-20	136.143
67.5	0	-20	146.372
70	0	-20	154.874
72.5	0	-20	149.929
75	0	-20	164.959
77.5	0	-20	174.789
80	0	-20	176.871
82.5	0	-20	190.932
85	0	-20	192.71
87.5	0	-20	196.954
90	0	-20	209.593
92.5	0	-20	205.363
95	0	-20	211.667
97.5	0	-20	219.26
100	0	-20	212.886
102.5	0	-20	216.491
105	0	-20	207.256
107.5	0	-20	204.14
110	0	-20	201.841
112.5	0	-20	206.89
115	0	-20	199.043
117.5	0	-20	210.074
120	0	-20	196.904
122.5	0	-20	211.441
125	0	-20	209.209
-123.75	0	-22.5	364.893
-121.25	0	-22.5	355.191
-118.75	0	-22.5	361.899
-116.25	0	-22.5	346.229
-113.75	0	-22.5	343.698
-111.25	0	-22.5	350.309
-108.75	0	-22.5	356.282
-106.25	0	-22.5	374.02
-103.75	0	-22.5	339.674
-101.25	0	-22.5	355.659
-98.75	0	-22.5	356.414
-96.25	0	-22.5	359.871
-93.75	0	-22.5	345.043
-91.25	0	-22.5	363.164
-88.75	0	-22.5	356.422
-86.25	0	-22.5	366.15
-83.75	0	-22.5	343.232
-81.25	0	-22.5	324.291
-78.75	0	-22.5	371.484
-76.25	0	-22.5	335.835
-73.75	0	-22.5	360.632
-71.25	0	-22.5	301.875
-68.75	0	-22.5	358.238
-66.25	0	-22.5	346.409
-63.75	0	-22.5	363.858
-61.25	0	-22.5	342.193
-58.75	0	-22.5	330.431
-56.25	0	-22.5	338.871
-53.75	0	-22.5	324.969
-51.25	0	-22.5	332.169
-48.75	0	-22.5	336.997
-46.25	0	-22.5	350.011
-43.75	0	-22.5	360.644
-41.25	0	-22.5	336.716
-38.75	0	-22.5	316.695
-36.25	0	-22.5	335.365
-33.75	0	-22.5	313.454
-31.25	0	-22.5	304.236
-28.75	0	-22.5	297.561
-26.25	0	-22.5	302.518
-23.75	0	-22.5	281.333
-21.25	0	-22.5	293.754
-18.75	0	-22.5	274.735
-16.25	0	-22.5	269.731
-13.75	0	-22.5	251.381
-11.25	0	-22.5	257.46
-8.75	0	-22.5	223.956
-6.25	0	-22.5	240.796
-3.75	0	-22.5	242.889
-1.25	0	-22.5	211.639
1.25	0	-22.5	215.679
3.75	0	-22.5	208.041
6.25	0	-22.5	202.032
8.75	0	-22.5	196.066
11.25	0	-22.5	210.786
13.75	0	-22.5	191.7
16.25	0	-22.5	211.864
18.75	0	-22.5	188.757
21.25	0	-22.5	181.806
23.75	0	-22.5	177.587
26.25	0	-22.5	166.291
28.75	0	-22.5	167.125
31.25	0	-22.5	156.548
33.75	0	-22.5	150.317
36.25	0	-22.5	148.932
38.75	0	-22.5	137.913
41.25	0	-22.5	127.269
43.75	0	-22.5	134.596
46.25	0	-22.5	120.844
48.75	0	-22.5	128.143
51.25	0	-22.5	121.49
53.75	0	-22.5	130.067
56.25	0	-22.5	123.532
58.75	0	-22.5	117.981
61.25	0	-22.5	118.981
63.75	0	-22.5	127.447
66.25	0	-22.5	133.714
68.75	0	-22.5	136.494
71.25	0	-22.5	135.718
73.75	0	-22.5	148.006
76.25	0	-22.5	152.359
78.75	0	-22.5	165.716
81.25	0	-22.5	171.099
83.75	0	-22.5	176.735
86.25	0	-22.5	183.741
88.75	0	-22.5	201.048
91.25	0	-22.5	198.331
93.75	0	-22.5	202.788
96.25	0	-22.5	201.746
98.75	0	-22.5	214.416
101.25	0	-22.5	216.246
103.75	0	-22.5	213.491
106.25	0	-22.5	212.005
108.75	0	-22.5	205.301
111.25	0	-22.5	215.839
113.75	0	-22.5	201.666
116.25	0	-22.5	198.235
118.75	0	-22.5	211.883
121.25	0	-22.5	211.571
-120	0	-25	402.275
-117.5	0	-25	397.358
-115	0	-25	401.787
-112.5	0	-25	382.02
-110	0	-25	374.465
-107.5	0	-25	409.711
-105	0	-25	396.06
-102.5	0	-25	377.81
-100	0	-25	391.411
-97.5	0	-25	397.479
-95	0	-25	385.139
-92.5	0	-25	371.264
-90	0	-25	369.073
-87.5	0	-25	375.23
-85	0	-25	376.915
-82.5	0	-25	384.594
-80	0	-25	351.683
-77.5	0	-25	335.437
-75	0	-25	334.76
-72.5	0	-25	371.89
-70	0	-25	340.164
-67.5	0	-25	370.949
-65	0	-25	338.044
-62.5	0	-25	362.674
-60	0	-25	370.999
-57.5	0	-25	366.54
-55	0	-25	381.848
-52.5	0	-25	363.95
-50	0	-25	350.905
-47.5	0	-25	333.325
-45	0	-25	367.161
-42.5	0	-25	340.866
-40	0	-25	349.308
-37.5	0	-25	334.789
-35	0	-25	343.283
-32.5	0	-25	347.683
-30	0	-25	326.131
-27.5	0	-25	294.227
-25	0	-25	304.298
-22.5	0	-25	286.326
-20	0	-25	290.608
-17.5	0	-25	283.124
-15	0	-25	255.84
-12.5	0	-25	274.106
-10	0	-25	250.939
-7.5	0	-25	254.082
-5	0	-25	237.707
-2.5	0	-25	224.668
0	0	-25	221.303
2.5	0	-25	218.804
5	0	-25	222.603
7.5	0	-25	217.825
10	0	-25	195.873
12.5	0	-25	200.735
15	0	-25	204.433
17.5	0	-25	179.313
20	0	-25	185.627
22.5	0	-25	179.865
25	0	-25	157.953
27.5	0	-25	152.4
30	0	-25	142.676
32.5	0	-25	141.217
35	0	-25	126.706
37.5	0	-25	126.983
40	0	-25	117.988
42.5	0	-25	123.534
45	0	-25	121.765
47.5	0	-25	113.447
50	0	-25	105.147
52.5	0	-25	112.706
55	0	-25	111.371
57.5	0	-25	114.212
60	0	-25	116.104
62.5	0	-25	110.922
65	0	-25	115.474
67.5	0	-25	122.131
70	0	-25	125.725
72.5	0	-25	128.712
75	0	-25	140.24
77.5	0	-25	150.142
80	0	-25	148.28
82.5	0	-25	166.914
85	0	-25	176.423
87.5	0	-25	178.281
90	0	-25	190.782
92.5	0	-25	205.313
95	0	-25	200.886
97.5	0	-25	201.145
100	0	-25	214.741
102.5	0	-25	220.145
105	0	-25	208.776
107.5	0	-25	207.703
110	0	-25	214.202
112.5	0	-25	220.516
115	0	-25	212.278
117.5	0	-25	205.098
-116.25	0	-27.5	425.908
-113.75	0	-27.5	407.088
-111.25	0	-27.5	420.618
-108.75	0	-27.5	433.425
-106.25	0	-27.5	403.091
-103.75	0	-27.5	402.832
-101.25	0	-27.5	429.442
-98.75	0	-27.5	389.58
-96.25	0	-27.5	422.948
-93.75	0	-27.5	407.995
-91.25	0	-27.5	405.497
-88.75	0	-27.5	372.946
-86.25	0	-27.5	397.236
-83.75	0	-27.5	400.693
-81.25	0	-27.5	380.095
-78.75	0	-27.5	385.479
-76.25	0	-27.5	369.088
-73.75	0	-27.5	415.932
-71.25	0	-27.5	378.1
-68.75	0	-27.5	388.189
-66.25	0	-27.5	378.822
-63.75	0	-27.5	382.623
-61.25	0	-27.5	390.801
-58.75	0	-27.5	381.424
-56.25	0	-27.5	375.577
-53.75	0	-27.5	390.68
-51.25	0	-27.5	392.489
-48.75	0	-27.5	369.544
-46.25	0	-27.5	382.251
-43.75	0	-27.5	338.569
-41.25	0	-27.5	347.289
-38.75	0	-27.5	341.918
-36.25	0	-27.5	327.493
-33.75	0	-27.5	342.003
-31.25	0	-27.5	329.973
-28.75	0	-27.5	307.247
-26.25	0	-27.5	293.109
-23.75	0	-27.5	292.186
-21.25	0	-27.5	305.768
-18.75	0	-27.5	301.079
-16.25	0	-27.5	268.073
-13.75	0	-27.5	286.724
-11.25	0	-27.5	260.209
-8.75	0	-27.5	262.309
-6.25	0	-27.5	255.27
-3.75	0	-27.5	244.532
-1.25	0	-27.5	254.237
1.25	0	-27.5	226.812
3.75	0	-27.5	236.96
6.25	0	-27.5	221.833
8.75	0	-27.5	226.458
11.25	0	-27.5	199.283
13.75	0	-27.5	194.745
16.25	0	-27.5	182.094
18.75	0	-27.5	178.608
21.25	0	-27.5	169.267
23.75	0	-27.5	156.194
26.25	0	-27.5	145.736
28.75	0	-27.5	152.067
31.25	0	-27.5	126.493
33.75	0	-27.5	129.82
36.25	0	-27.5	123.841
38.75	0	-27.5	109.382
41.25	0	-27.5	110.343
43.75	0	-27.5	110.495
46.25	0	-27.5	93.7729
48.75	0	-27.5	101.813
51.25	0	-27.5	100.508
53.75	0	-27.5	94.5743
56.25	0	-27.5	102.792
58.75	0	-27.5	106.5
61.25	0	-27.5	112.061
63.75	0	-27.5	98.0307
66.25	0	-27.5	103.939
68.75	0	-27.5	106.815
71.25	0	-27.5	121.542
73.75	0	-27.5	116.808
76.25	0	-27.5	129.253
78.75	0	-27.5	141.566
81.25	0	-27.5	144.343
83.75	0	-27.5	157.265
86.25	0	-27.5	164.626
88.75	0	-27.5	178.983
91.25	0	-27.5	191.138
93.75	0	-27.5	199.193
96.25	0	-27.5	200.064
98.75	0	-27.5	203.332
101.25	0	-27.5	212.71
103.75	0	-27.5	212.769
106.25	0	-27.5	209.164
108.75	0	-27.5	221.682
111.25	0	-27.5	215.37
113.75	0	-27.5	218.793
-112.5	0	-30	453.59
-110	0	-30	433.173
-107.5	0	-30	469.014
-105	0	-30	465.061
-102.5	0	-30	417.344
-100	0	-30	446.803
-97.5	0	-30	420.359
-95	0	-30	425.216
-92.5	0	-30	405.648
-90	0	-30	404.208
-87.5	0	-30	421.772
-85	0	-30	406.034
-82.5	0	-30	400.812
-80	0	-30	403.946
-77.5	0	-30	425.598
-75	0	-30	406.189
-72.5	0	-30	408.981
-70	0	-30	376.668
-67.5	0	-30	400.763
-65	0	-30	367.653
-62.5	0	-30	368.356
-60	0	-30	406.7
-57.5	0	-30	406.831
-55	0	-30	403.688
-52.5	0	-30	404.572
-50	0	-30	376.452
-47.5	0	-30	381.363
-45	0	-30	372.043
-42.5	0	-30	370.907
-40	0	-30	384.709
-37.5	0	-30	349.875
-35	0	-30	357.3
-32.5	0	-30	321.213
-30	0	-30	339.389
-27.5	0	-30	316.496
-25	0	-30	289.524
-22.5	0	-30	294.353
-20	0	-30	312.054
-17.5	0	-30	291.66
-15	0	-30	301.238
-12.5	0	-30	266.298
-10	0	-30	268.664
-7.5	0	-30	268.231
-5	0	-30	271.707
-2.5	0	-30	274.935
0	0	-30	261.044
2.5	0	-30	244.165
5	0	-30	237.532
7.5	0	-30	213.566
10	0	-30	207.544
12.5	0	-30	210.167
15	0	-30	190.265
17.5	0	-30	178.322
20	0	-30	168.989
22.5	0	-30	158.245
25	0	-30	144.304
27.5	0	-30	141.45
30	0	-30	122.935
32.5	0	-30	117.518
35	0	-30	109.578
37.5	0	-30	108.308
40	0	-30	95.3829
42.5	0	-30	103.062
45	0	-30	93.0763
47.5	0	-30	87.7494
50	0	-30	96.0479
52.5	0	-30	93.0016
55	0	-30	94.46
57.5	0	-30	91.3096
60	0	-30	90.8095
62.5	0	-30	86.9138
65	0	-30	99.6582
67.5	0	-30	96.7754
70	0	-30	98.5923
72.5	0	-30	108.944
75	0	-30	113.05
77.5	0	-30	125.538
80	0	-30	128.942
82.5	0	-30	140.259
85	0	-30	157.224
87.5	0	-30	155.603
90	0	-30	166.55
92.5	0	-30	178.88
95	0	-30	193.226
97.5	0	-30	192.947
100	0	-30	200.054
102.5	0	-30	208.953
105	0	-30	213.403
107.5	0	-30	219.92
110	0	-30	215.794
-108.75	0	-32.5	453.141
-106.25	0	-32.5	465.402
-103.75	0	-32.5	482.39
-101.25	0	-32.5	476.579
-98.75	0	-32.5	446.357
-96.25	0	-32.5	443.013
-93.75	0	-32.5	452.771
-91.25	0	-32.5	451.291
-88.75	0	-32.5	436.614
-86.25	0	-32.5	425.563
-83.75	0	-32.5	436.145
-81.25	0	-32.5	431.048
-78.75	0	-32.5	433.597
-76.25	0	-32.5	414.294
-73.75	0	-32.5	423.193
-71.25	0	-32.5	407.123
-68.75	0	-32.5	428.853
-66.25	0	-32.5	425.57
-63.75	0	-32.5	405.031
-61.25	0	-32.5	413.111
-58.75	0	-32.5	418.566
-56.25	0	-32.5	418.608
-53.75	0	-32.5	416.601
-51.25	0	-32.5	373.669
-48.75	0	-32.5	382.328
-46.25	0	-32.5	397.452
-43.75	0	-32.5	372.677
-41.25	0	-32.5	349.425
-38.75	0	-32.5	378.977
-36.25	0	-32.5	333.328
-33.75	0	-32.5	335.811
-31.25	0	-32.5	309.071
-28.75	0	-32.5	300.094
-26.25	0	-32.5	318.899
-23.75	0	-32.5	324.902
-21.25	0	-32.5	304.673
-18.75	0	-32.5	301.048
-16.25	0	-32.5	300.656
-13.75	0	-32.5	300.233
-11.25	0	-32.5	281.382
-8.75	0	-32.5	301.016
-6.25	0	-32.5	291.895
-3.75	0	-32.5	261.835
-1.25	0	-32.5	267.3
1.25	0	-32.5	238.586
3.75	0	-32.5	241.97
6.25	0	-32.5	232.421
8.75	0	-32.5	214.088
11.25	0	-32.5	195.208
13.75	0	-32.5	189.661
16.25	0	-32.5	188.563
18.75	0	-32.5	167.678
21.25	0	-32.5	157.332
23.75	0	-32.5	142.433
26.25	0	-32.5	126.815
28.75	0	-32.5	123.281
31.25	0	-32.5	105.904
33.75	0	-32.5	110.369
36.25	0	-32.5	98.0924
38.75	0	-32.5	99.7685
41.25	0	-32.5	94.709
43.75	0	-32.5	92.4907
46.25	0	-32.5	82.4685
48.75	0	-32.5	81.7651
51.25	0	-32.5	89.5189
53.75	0	-32.5	85.1896
56.25	0	-32.5	88.1523
58.75	0	-32.5	81.5061
61.25	0	-32.5	85.0106
63.75	0	-32.5	91.1335
66.25	0	-32.5	84.7362
68.75	0	-32.5	90.9594
71.25	0	-32.5	100.944
73.75	0	-32.5	103.939
76.25	0	-32.5	106.071
78.75	0	-32.5	123.695
81.25	0	-32.5	130.041
83.75	0	-32.5	138.012
86.25	0	-32.5	143.119
88.75	0	-32.5	160.688
91.25	0	-32.5	166.805
93.75	0	-32.5	174.333
96.25	0	-32.5	180.612
98.75	0	-32.5	186.689
101.25	0	-32.5	197.15
103.75	0	-32.5	208.18
106.25	0	-32.5	207.833
-105	0	-35	489.775
-102.5	0	-35	496.75
-100	0	-35	466.688
-97.5	0	-35	480.984
-95	0	-35	476.463
-92.5	0	-35	444.507
-90	0	-35	436.321
-87.5	0	-35	462.219
-85	0	-35	461.565
-82.5	0	-35	447.409
-80	0	-35	464.423
-77.5	0	-35	424.86
-75	0	-35	456.214
-72.5	0	-35	436.976
-70	0	-35	424.63
-67.5	0	-35	418.233
-65	0	-35	438.361
-62.5	0	-35	414.772
-60	0	-35	396.142
-57.5	0	-35	404.771
-55	0	-35	415.324
-52.5	0	-35	403.399
-50	0	-35	416.305
-47.5	0	-35	378.836
-45	0	-35	390.486
-42.5	0	-35	363.242
-40	0	-35	361.772
-37.5	0	-35	366.384
-35	0	-35	328.112
-32.5	0	-35	328.418
-30	0	-35	336.604
-27.5	0	-35	326.427
-25	0	-35	300.909
-22.5	0	-35	305.468
-20	0	-35	310.928
-17.5	0	-35	290.903
-15	0	-35	284.286
-12.5	0	-35	297.557
-10	0	-35	293.967
-7.5	0	-35	288.131
-5	0	-35	286.034
-2.5	0	-35	277.481
0	0	-35	269.258
2.5	0	-35	239.343
5	0	-35	231.883
7.5	0	-35	213.615
10	0	-35	202.049
12.5	0	-35	202.029
15	0	-35	172.484
17.5	0	-35	163.803
20	0	-35	158.765
22.5	0	-35	140.068
25	0	-35	120.431
27.5	0	-35	117.198
30	0	-35	98.6494
32.5	0	-35	98.1632
35	0	-35	98.1223
37.5	0	-35	89.8895
40	0	-35	82.7944
42.5	0	-35	78.7136
45	0	-35	80.826
47.5	0	-35	81.9926
50	0	-35	88.7491
52.5	0	-35	77.413
55	0	-35	83.2514
57.5	0	-35	87.409
60	0	-35	79.9419
62.5	0	-35	74.8029
65	0	-35	85.7372
67.5	0	-35	90.0737
70	0	-35	94.1312
72.5	0	-35	90.3993
75	0	-35	97.094
77.5	0	-35	111.094
80	0	-35	118.391
82.5	0	-35	116.424
85	0	-35	130.825
87.5	0	-35	137.041
90	0	-35	154.821
92.5	0	-35	165.791
95	0	-35	170.393
97.5	0	-35	175.631
100	0	-35	188.426
102.5	0	-35	198.651
-101.25	0	-37.5	494.335
-98.75	0	-37.5	497.92
-96.25	0	-37.5	481.765
-93.75	0	-37.5	461.725
-91.25	0	-37.5	457.453
-88.75	0	-37.5	489.14
-86.25	0	-37.5	458.617
-83.75	0	-37.5	491.071
-81.25	0	-37.5	459.155
-78.75	0	-37.5	448.855
-76.25	0	-37.5	456.025
-73.75	0	-37.5	479.388
-71.25	0	-37.5	443.554
-68.75	0	-37.5	434.311
-66.25	0	-37.5	447.111
-63.75	0	-37.5	416.465
-61.25	0	-37.5	452.132
-58.75	0	-37.5	446.847
-56.25	0	-37.5	435.127
-53.75	0	-37.5	423.696
-51.25	0	-37.5	431.606
-48.75	0	-37.5	423.759
-46.25	0	-37.5	393.414
-43.75	0	-37.5	368.897
-41.25	0	-37.5	369.182
-38.75	0	-37.5	354.475
-36.25	0	-37.5	357.315
-33.75	0	-37.5	329.347
-31.25	0	-37.5	316.338
-28.75	0	-37.5	318.737
-26.25	0	-37.5	304.992
-23.75	0	-37.5	307.142
-21.25	0	-37.5	319.239
-18.75	0	-37.5	312.849
-16.25	0	-37.5	285.247
-13.75	0	-37.5	311.618
-11.25	0	-37.5	290.283
-8.75	0	-37.5	300.522
-6.25	0	-37.5	282.643
-3.75	0	-37.5	262.222
-1.25	0	-37.5	266.094
1.25	0	-37.5	239.412
3.75	0	-37.5	231.887
6.25	0	-37.5	222.497
8.75	0	-37.5	206.547
11.25	0	-37.5	190.96
13.75	0	-37.5	187.256
16.25	0	-37.5	162.612
18.75	0	-37.5	145.395
21.25	0	-37.5	138.923
23.75	0	-37.5	132.925
26.25	0	-37.5	121.378
28.75	0	-37.5	102.855
31.25	0	-37.5	98.8099
33.75	0	-37.5	97.8201
36.25	0	-37.5	90.3954
38.75	0	-37.5	87.9508
41.25	0	-37.5	84.7105
43.75	0	-37.5	77.1171
46.25	0	-37.5	74.6654
48.75	0	-37.5	77.7317
51.25	0	-37.5	72.6406
53.75	0	-37.5	75.8025
56.25	0	-37.5	70.2048
58.75	0	-37.5	81.4217
61.25	0	-37.5	80.5524
63.75	0	-37.5	77.5757
66.25	0	-37.5	82.3558
68.75	0	-37.5	84.9625
71.25	0	-37.5	92.6741
73.75	0	-37.5	96.6731
76.25	0	-37.5	93.1791
78.75	0	-37.5	99.4157
81.25	0	-37.5	110.388
83.75	0	-37.5	117.416
86.25	0	-37.5	127.013
88.75	0	-37.5	140.791
91.25	0	-37.5	141.784
93.75	0	-37.5	153.997
96.25	0	-37.5	172.082
98.75	0	-37.5	179.589
-97.5	0	-40	491.498
-95	0	-40	498.502
-92.5	0	-40	508.047
-90	0	-40	519.085
-87.5	0	-40	483.544
-85	0	-40	473.29
-82.5	0	-40	508.79
-80	0	-40	470.21
-77.5	0	-40	471.458
-75	0	-40	452.338
-72.5	0	-40	485.473
-70	0	-40	478.017
-67.5	0	-40	464.697
-65	0	-40	436.104
-62.5	0	-40	462.955
-60	0	-40	444.21
-57.5	0	-40	422.27
-55	0	-40	429.236
-52.5	0	-40	421.858
-50	0	-40	432.109
-47.5	0	-40	382.724
-45	0	-40	385.419
-42.5	0	-40	382.012
-40	0	-40	383.001
-37.5	0	-40	360.501
-35	0	-40	340.002
-32.5	0	-40	335.695
-30	0	-40	335.575
-27.5	0	-40	310.889
-25	0	-40	317.076
-22.5	0	-40	324.66
-20	0	-40	321.732
-17.5	0	-40	292.974
-15	0	-40	313.191
-12.5	0	-40	301.93
-10	0	-40	280.042
-7.5	0	-40	285.006
-5	0	-40	272.565
-2.5	0	-40	256.374
0	0	-40	249.716
2.5	0	-40	232.84
5	0	-40	233.939
7.5	0	-40	201.472
10	0	-40	193.774
12.5	0	-40	180.221
15	0	-40	167.396
17.5	0	-40	143.607
20	0	-40	149.467
22.5	0	-40	134.09
25	0	-40	117.376
27.5	0	-40	105.543
30	0	-40	98.1448
32.5	0	-40	96.5951
35	0	-40	88.4684
37.5	0	-40	90.6535
40	0	-40	81.8523
42.5	0	-40	84.9805
45	0	-40	75.4206
47.5	0	-40	76.1636
50	0	-40	74.5431
52.5	0	-40	73.1269
55	0	-40	77.1419
57.5	0	-40	76.2235
60	0	-40	76.428
62.5	0	-40	74.1498
65	0	-40	77.9735
67.5	0	-40	80.899
70	0	-40	81.1141
72.5	0	-40	90.7942
75	0	-40	86.8875
77.5	0	-40	96.5836
80	0	-40	94.3663
82.5	0	-40	106.636
85	0	-40	116.038
87.5	0	-40	118.36
90	0	-40	129.105
92.5	0	-40	137.737
95	0	-40	153.481
-93.75	0	-42.5	524.197
-91.25	0	-42.5	509.91
-88.75	0	-42.5	518.474
-86.25	0	-42.5	492.856
-83.75	0	-42.5	495.75
-81.25	0	-42.5	497.764
-78.75	0	-42.5	489.072
-76.25	0	-42.5	499.117
-73.75	0	-42.5	485.159
-71.25	0	-42.5	487.884
-68.75	0	-42.5	492.349
-66.25	0	-42.5	459.321
-63.75	0	-42.5	458.21
-61.25	0	-42.5	471.473
-58.75	0	-42.5	449.96
-56.25	0	-42.5	423.051
-53.75	0	-42.5	437.589
-51.25	0	-42.5	426.732
-48.75	0	-42.5	422.499
-46.25	0	-42.5	417.659
-43.75	0	-42.5	393.237
-41.25	0	-42.5	380.959
-38.75	0	-42.5	353.429
-36.25	0	-42.5	363.52
-33.75	0	-42.5	335.491
-31.25	0	-42.5	335.416
-28.75	0	-42.5	329.968
-26.25	0	-42.5	330.739
-23.75	0	-42.5	325.851
-21.25	0	-42.5	321.768
-18.75	0	-42.5	296.118
-16.25	0	-42.5	305.665
-13.75	0	-42.5	280.153
-11.25	0	-42.5	273.376
-8.75	0	-42.5	271.431
-6.25	0	-42.5	284.409
-3.75	0	-42.5	266.265
-1.25	0	-42.5	250.332
1.25	0	-42.5	247.924
3.75	0	-42.5	238.989
6.25	0	-42.5	214.989
8.75	0	-42.5	186.344
11.25	0	-42.5	173.484
13.75	0	-42.5	169.596
16.25	0	-42.5	163.4
18.75	0	-42.5	135.901
21.25	0	-42.5	124.472
23.75	0	-42.5	118.609
26.25	0	-42.5	105.672
28.75	0	-42.5	102.956
31.25	0	-42.5	95.2056
33.75	0	-42.5	86.9763
36.25	0	-42.5	86.7808
38.75	0	-42.5	89.9731
41.25	0	-42.5	77.9246
43.75	0	-42.5	76.9763
46.25	0	-42.5	76.9716
48.75	0	-42.5	77.5179
51.25	0	-42.5	69.836
53.75	0	-42.5	75.7814
56.25	0	-42.5	73.113
58.75	0	-42.5	79.8088
61.25	0	-42.5	73.8085
63.75	0	-42.5	76.3286
66.25	0	-42.5	75.1979
68.75	0	-42.5	75.634
71.25	0	-42.5	78.4571
73.75	0	-42.5	77.1823
76.25	0	-42.5	81.692
78.75	0	-42.5	90.8673
81.25	0	-42.5	94.831
83.75	0	-42.5	106.284
86.25	0	-42.5	113.406
88.75	0	-42.5	118.43
91.25	0	-42.5	127.582
-90	0	-45	513.03
-87.5	0	-45	516.704
-85	0	-45	512.048
-82.5	0	-45	532.523
-80	0	-45	506.257
-77.5	0	-45	528.069
-75	0	-45	488.167
-72.5	0	-45	487.175
-70	0	-45	506.651
-67.5	0	-45	477.474
-65	0	-45	480.747
-62.5	0	-45	479.198
-60	0	-45	481.618
-57.5	0	-45	447.117
-55	0	-45	441.275
-52.5	0	-45	424.656
-50	0	-45	446.073
-47.5	0	-45	416.406
-45	0	-45	397.027
-42.5	0	-45	385.868
-40	0	-45	382.685
-37.5	0	-45	345.721
-35	0	-45	346.149
-32.5	0	-45	345.115
-30	0	-45	318.868
-27.5	0	-45	331.641
-25	0	-45	312.029
-22.5	0	-45	318.453
-20	0	-45	312.65
-17.5	0	-45	288.488
-15	0	-45	295.237
-12.5	0	-45	288.986
-10	0	-45	269.274
-7.5	0	-45	269.559
-5	0	-45	257.208
-2.5	0	-45	256.313
0	0	-45	243.741
2.5	0	-45	233.913
5	0	-45	203.213
7.5	0	-45	197.962
10	0	-45	182.319
12.5	0	-45	167.135
15	0	-45	160.847
17.5	0	-45	138.34
20	0	-45	122.831
22.5	0	-45	120.433
25	0	-45	108.583
27.5	0	-45	96.7515
30	0	-45	96.4143
32.5	0	-45	94.5533
35	0	-45	90.9634
37.5	0	-45	84.6485
40	0	-45	82.1652
42.5	0	-45	72.3921
45	0	-45	70.4799
47.5	0	-45	79.3686
50	0	-45	78.9041
52.5	0	-45	71.8905
55	0	-45	67.3854
57.5	0	-45	67.2065
60	0	-45	73.3478
62.5	0	-45	70.8687
65	0	-45	71.6645
67.5	0	-45	71.8475
70	0	-45	81.1055
72.5	0	-45	75.6914
75	0	-45	82.8439
77.5	0	-45	81.7232
80	0	-45	89.3098
82.5	0	-45	93.7313
85	0	-45	96.4148
87.5	0	-45	105.05
-86.25	0	-47.5	559.989
-83.75	0	-47.5	525.324
-81.25	0	-47.5	519.591
-78.75	0	-47.5	516.015
-76.25	0	-47.5	510.176
-73.75	0	-47.5	529.209
-71.25	0	-47.5	519.347
-68.75	0	-47.5	517.098
-66.25	0	-47.5	496.439
-63.75	0	-47.5	496.264
-61.25	0	-47.5	465.201
-58.75	0	-47.5	461.872
-56.25	0	-47.5	447.369
-53.75	0	-47.5	471.571
-51.25	0	-47.5	449.034
-48.75	0	-47.5	409.025
-46.25	0	-47.5	389.563
-43.75	0	-47.5	409.531
-41.25	0	-47.5	398.53
-38.75	0	-47.5	368.347
-36.25	0	-47.5	348.619
-33.75	0	-47.5	339.006
-31.25	0	-47.5	339.492
-28.75	0	-47.5	328.275
-26.25	0	-47.5	319.694
-23.75	0	-47.5	304.286
-21.25	0	-47.5	311.481
-18.75	0	-47.5	310.518
-16.25	0	-47.5	297.396
-13.75	0	-47.5	286.099
-11.25	0	-47.5	272.173
-8.75	0	-47.5	275.476
-6.25	0	-47.5	251.543
-3.75	0	-47.5	252.477
-1.25	0	-47.5	230.452
1.25	0	-47.5	217.462
3.75	0	-47.5	206.123
6.25	0	-47.5	208.068
8.75	0	-47.5	180.409
11.25	0	-47.5	165.754
13.75	0	-47.5	158.873
16.25	0	-47.5	139.02
18.75	0	-47.5	125.66
21.25	0	-47.5	121.808
23.75	0	-47.5	111.559
26.25	0	-47.5	104.367
28.75	0	-47.5	99.7612
31.25	0	-47.5	103.216
33.75	0	-47.5	92.1446
36.25	0	-47.5	83.5884
38.75	0	-47.5	86.8352
41.25	0	-47.5	83.763
43.75	0	-47.5	78.1551
46.25	0	-47.5	79.0731
48.75	0	-47.5	77.1678
51.25	0	-47.5	75.0701
53.75	0	-47.5	73.3687
56.25	0	-47.5	76.4036
58.75	0	-47.5	74.3513
61.25	0	-47.5	77.1135
63.75	0	-47.5	79.2228
66.25	0	-47.5	71.2658
68.75	0	-47.5	69.7491
71.25	0	-47.5	77.9295
73.75	0	-47.5	79.366
76.25	0	-47.5	82.7196
78.75	0	-47.5	88.0974
81.25	0	-47.5	86.4731
83.75	0	-47.5	88.346
-82.5	0	-50	545.158
-80	0	-50	541.214
-77.5	0	-50	551.888
-75	0	-50	528.731
-72.5	0	-50	519.8
-70	0	-50	499.594
-67.5	0	-50	500.292
-65	0	-50	521.496
-62.5	0	-50	494.048
-60	0	-50	493.914
-57.5	0	-50	461.836
-55	0	-50	445.423
-52.5	0	-50	458.943
-50	0	-50	420.913
-47.5	0	-50	426.01
-45	0	-50	393.055
-42.5	0	-50	372.258
-40	0	-50	365.946
-37.5	0	-50	375.566
-35	0	-50	347.969
-32.5	0	-50	339.655
-30	0	-50	328.447
-27.5	0	-50	317.547
-25	0	-50	315.446
-22.5	0	-50	312.533
-20	0	-50	287.135
-17.5	0	-50	285.382
-15	0	-50	296.692
-12.5	0	-50	277.382
-10	0	-50	268.77
-7.5	0	-50	259.257
-5	0	-50	261.397
-2.5	0	-50	245.228
0	0	-50	219.42
2.5	0	-50	212.01
5	0	-50	196.359
7.5	0	-50	183.015
10	0	-50	174.325
12.5	0	-50	166.443
15	0	-50	137.054
17.5	0	-50	139.607
20	0	-50	125.737
22.5	0	-50	118.778
25	0	-50	111.244
27.5	0	-50	100.233
30	0	-50	100.908
32.5	0	-50	94.7282
35	0	-50	89.7457
37.5	0	-50	82.2553
40	0	-50	89.7815
42.5	0	-50	82.6909
45	0	-50	79.0503
47.5	0	-50	83.1002
50	0	-50	76.2081
52.5	0	-50	78.1138
55	0	-50	77.8501
57.5	0	-50	72.9505
60	0	-50	79.2745
62.5	0	-50	80.0613
65	0	-50	77.3748
67.5	0	-50	78.3601
70	0	-50	79.5077
72.5	0	-50	74.3483
75	0	-50	81.5864
77.5	0	-50	76.0891
80	0	-50	80.0257
-78.75	0	-52.5	542.094
-76.25	0	-52.5	554.356
-73.75	0	-52.5	526.674
-71.25	0	-52.5	544.769
-68.75	0	-52.5	510.843
-66.25	0	-52.5	533.771
-63.75	0	-52.5	507.206
-61.25	0	-52.5	491.328
-58.75	0	-52.5	476.377
-56.25	0	-52.5	482.329
-53.75	0	-52.5	460.589
-51.25	0	-52.5	458.633
-48.75	0	-52.5	449.507
-46.25	0	-52.5	428.371
-43.75	0	-52.5	400.623
-41.25	0	-52.5	380.134
-38.75	0	-52.5	358.365
-36.25	0	-52.5	370.392
-33.75	0	-52.5	340.855
-31.25	0	-52.5	340.746
-28.75	0	-52.5	336.482
-26.25	0	-52.5	324.411
-23.75	0	-52.5	312.472
-21.25	0	-52.5	303.181
-18.75	0	-52.5	294.01
-16.25	0	-52.5	284.459
-13.75	0	-52.5	284.803
-11.25	0	-52.5	253.553
-8.75	0	-52.5	258.171
-6.25	0	-52.5	249.161
-3.75	0	-52.5	237.837
-1.25	0	-52.5	218.318
1.25	0	-52.5	210.955
3.75	0	-52.5	196.484
6.25	0	-52.5	190.86
8.75	0	-52.5	177.132
11.25	0	-52.5	170.303
13.75	0	-52.5	156.045
16.25	0	-52.5	135.263
18.75	0	-52.5	130.215
21.25	0	-52.5	118.49
23.75	0	-52.5	110.403
26.25	0	-52.5	106.772
28.75	0	-52.5	96.9666
31.25	0	-52.5	93.6936
33.75	0	-52.5	95.0712
36.25	0	-52.5	94.0396
38.75	0	-52.5	90.9609
41.25	0	-52.5	89.2597
43.75	0	-52.5	87.5721
46.25	0	-52.5	79.9549
48.75	0	-52.5	91.8883
51.25	0	-52.5	85.6182
53.75	0	-52.5	82.1846
56.25	0	-52.5	77.8067
58.75	0	-52.5	76.3765
61.25	0	-52.5	73.6074
63.75	0	-52.5	79.9373
66.25	0	-52.5	78.9732
68.75	0	-52.5	73.6188
71.25	0	-52.5	74.5731
73.75	0	-52.5	76.1013
76.25	0	-52.5	80.998
-75	0	-55	571.756
-72.5	0	-55	537.657
-70	0	-55	531.72
-67.5	0	-55	519.323
-65	0	-55	522.466
-62.5	0	-55	508.543
-60	0	-55	483.083
-57.5	0	-55	495.965
-55	0	-55	474.892
-52.5	0	-55	467.008
-50	0	-55	441.818
-47.5	0	-55	417.108
-45	0	-55	406.661
-42.5	0	-55	381.711
-40	0	-55	372.405
-37.5	0	-55	369.042
-35	0	-55	363.451
-32.5	0	-55	342.486
-30	0	-55	342.124
-27.5	0	-55	313.641
-25	0	-55	307.951
-22.5	0	-55	305.36
-20	0	-55	275
-17.5	0	-55	291.595
-15	0	-55	269.126
-12.5	0	-55	268.338
-10	0	-55	248.049
-7.5	0	-55	238.325
-5	0	-55	221.753
-2.5	0	-55	222.482
0	0	-55	213.043
2.5	0	-55	198.448
5	0	-55	187.492
7.5	0	-55	184.059
10	0	-55	164.96
12.5	0	-55	156.938
15	0	-55	137.601
17.5	0	-55	138.688
20	0	-55	115.529
22.5	0	-55	109.101
25	0	-55	108.478
27.5	0	-55	108.494
30	0	-55	104.03
32.5	0	-55	103.714
35	0	-55	87.6354
37.5	0	-55	92.2335
40	0	-55	91.8581
42.5	0	-55	91.4096
45	0	-55	87.5339
47.5	0	-55	86.4677
50	0	-55	91.3017
52.5	0	-55	92.2231
55	0	-55	84.5193
57.5	0	-55	80.8522
60	0	-55	88.1329
62.5	0	-55	79.5691
65	0	-55	75.3313
67.5	0	-55	83.4283
70	0	-55	73.0628
72.5	0	-55	78.8111
-71.25	0	-57.5	558.102
-68.75	0	-57.5	559.243
-66.25	0	-57.5	525.524
-63.75	0	-57.5	536.247
-61.25	0	-57.5	519.234
-58.75	0	-57.5	513.425
-56.25	0	-57.5	503.326
-53.75	0	-57.5	482.066
-51.25	0	-57.5	436.514
-48.75	0	-57.5	423.356
-46.25	0	-57.5	420.499
-43.75	0	-57.5	392.985
-41.25	0	-57.5	386.005
-38.75	0	-57.5	367.788
-36.25	0	-57.5	347.483
-33.75	0	-57.5	353.961
-31.25	0	-57.5	322.645
-28.75	0	-57.5	308.776
-26.25	0	-57.5	310.436
-23.75	0	-57.5	296.841
-21.25	0	-57.5	289.117
-18.75	0	-57.5	275.056
-16.25	0	-57.5	277.167
-13.75	0	-57.5	257.234
-11.25	0	-57.5	259.268
-8.75	0	-57.5	233.737
-6.25	0	-57.5	229.64
-3.75	0	-57.5	230.48
-1.25	0	-57.5	223.202
1.25	0	-57.5	197.741
3.75	0	-57.5	198.193
6.25	0	-57.5	172.703
8.75	0	-57.5	159.949
11.25	0	-57.5	154.387
13.75	0	-57.5	141.01
16.25	0	-57.5	137.406
18.75	0	-57.5	119.772
21.25	0	-57.5	125.655
23.75	0	-57.5	108.936
26.25	0	-57.5	111.627
28.75	0	-57.5	98.2763
31.25	0	-57.5	104.816
33.75	0	-57.5	108.046
36.25	0	-57.5	99.0286
38.75	0	-57.5	102.118
41.25	0	-57.5	99.6324
43.75	0	-57.5	97.6887
46.25	0	-57.5	96.2049
48.75	0	-57.5	99.2457
51.25	0	-57.5	96.4601
53.75	0	-57.5	90.4115
56.25	0	-57.5	91.6492
58.75	0	-57.5	87.94
61.25	0	-57.5	82.1065
63.75	0	-57.5	84.5963
66.25	0	-57.5	84.3068
68.75	0	-57.5	76.2574
-67.5	0	-60	540.492
-65	0	-60	534.399
-62.5	0	-60	517.257
-60	0	-60	519.965
-57.5	0	-60	486.075
-55	0	-60	476.958
-52.5	0	-60	451.325
-50	0	-60	451.628
-47.5	0	-60	443.737
-45	0	-60	399.522
-42.5	0	-60	391.682
-40	0	-60	390.133
-37.5	0	-60	365.171
-35	0	-60	353.237
-32.5	0	-60	326.547
-30	0	-60	321.416
-27.5	0	-60	311.597
-25	0	-60	296.538
-22.5	0	-60	298.293
-20	0	-60	275.945
-17.5	0	-60	263.448
-15	0	-60	262.807
-12.5	0	-60	261.8
-10	0	-60	250.827
-7.5	0	-60	228.098
-5	0	-60	212.427
-2.5	0	-60	210.041
0	0	-60	199.775
2.5	0	-60	194.989
5	0	-60	180.706
7.5	0	-60	171.938
10	0	-60	152.764
12.5	0	-60	147.376
15	0	-60	127.436
17.5	0	-60	128.272
20	0	-60	121.063
22.5	0	-60	113.669
25	0	-60	114.525
27.5	0	-60	106.404
30	0	-60	113.218
32.5	0	-60	110.237
35	0	-60	104.665
37.5	0	-60	105.269
40	0	-60	107.642
42.5	0	-60	100.349
45	0	-60	106.006
47.5	0	-60	101.605
50	0	-60	101.928
52.5	0	-60	93.1206
55	0	-60	98.3797
57.5	0	-60	98.1823
60	0	-60	95.33
62.5	0	-60	90.0633
65	0	-60	92.6147
-63.75	0	-62.5	533.726
-61.25	0	-62.5	540.328
-58.75	0	-62.5	501.295
-56.25	0	-62.5	488.041
-53.75	0	-62.5	480.233
-51.25	0	-62.5	470.627
-48.75	0	-62.5	446.299
-46.25	0	-62.5	424.894
-43.75	0	-62.5	409.669
-41.25	0	-62.5	393.554
-38.75	0	-62.5	376.533
-36.25	0	-62.5	344.665
-33.75	0	-62.5	347.385
-31.25	0	-62.5	323.298
-28.75	0	-62.5	325.64
-26.25	0	-62.5	308.697
-23.75	0	-62.5	284.011
-21.25	0	-62.5	282.505
-18.75	0	-62.5	270.921
-16.25	0	-62.5	253.862
-13.75	0	-62.5	264.421
-11.25	0	-62.5	233.456
-8.75	0	-62.5	234.969
-6.25	0	-62.5	218.257
-3.75	0	-62.5	218.124
-1.25	0	-62.5	210.596
1.25	0	-62.5	186.561
3.75	0	-62.5	189.501
6.25	0	-62.5	167.419
8.75	0	-62.5	149.63
11.25	0	-62.5	150.969
13.75	0	-62.5	139.499
16.25	0	-62.5	136.142
18.75	0	-62.5	122.485
21.25	0	-62.5	125.257
23.75	0	-62.5	117.933
26.25	0	-62.5	121.853
28.75	0	-62.5	110.617
31.25	0	-62.5	116.654
33.75	0	-62.5	108.334
36.25	0	-62.5	116.647
38.75	0	-62.5	102.909
41.25	0	-62.5	108.797
43.75	0	-62.5	105.746
46.25	0	-62.5	102.023
48.75	0	-62.5	99.2274
51.25	0	-62.5	103.481
53.75	0	-62.5	100.92
56.25	0	-62.5	95.3898
58.75	0	-62.5	100.317
61.25	0	-62.5	96.3696
-60	0	-65	510.857
-57.5	0	-65	517.712
-55	0	-65	483.052
-52.5	0	-65	470.354
-50	0	-65	440.361
-47.5	0	-65	436.767
-45	0	-65	414.204
-42.5	0	-65	405.22
-40	0	-65	368.234
-37.5	0	-65	348.083
-35	0	-65	358.068
-32.5	0	-65	324.548
-30	0	-65	318.357
-27.5	0	-65	311.255
-25	0	-65	299.453
-22.5	0	-65	272.295
-20	0	-65	274.983
-17.5	0	-65	274.111
-15	0	-65	258.071
-12.5	0	-65	248.653
-10	0	-65	240.522
-7.5	0	-65	224.797
-5	0	-65	211.22
-2.5	0	-65	206.031
0	0	-65	191.838
2.5	0	-65	178.926
5	0	-65	166.045
7.5	0	-65	152.316
10	0	-65	155.632
12.5	0	-65	140.088
15	0	-65	137.969
17.5	0	-65	134.489
20	0	-65	127.267
22.5	0	-65	123.574
25	0	-65	121.302
27.5	0	-65	115.289
30	0	-65	119.232
32.5	0	-65	112.742
35	0	-65	111.405
37.5	0	-65	115.848
40	0	-65	117.467
42.5	0	-65	116.787
45	0	-65	112.162
47.5	0	-65	110.109
50	0	-65	111.383
52.5	0	-65	104.179
55	0	-65	105.431
57.5	0	-65	102.231
-56.25	0	-67.5	509.666
-53.75	0	-67.5	467.858
-51.25	0	-67.5	452.542
-48.75	0	-67.5	435.735
-46.25	0	-67.5	425.446
-43.75	0	-67.5	406.84
-41.25	0	-67.5	374.257
-38.75	0	-67.5	362.492
-36.25	0	-67.5	351.747
-33.75	0	-67.5	339.014
-31.25	0	-67.5	333.359
-28.75	0	-67.5	308.454
-26.25	0	-67.5	297.94
-23.75	0	-67.5	288.809
-21.25	0	-67.5	280.322
-18.75	0	-67.5	272.032
-16.25	0	-67.5	265.64
-13.75	0	-67.5	239.432
-11.25	0	-67.5	243.935
-8.75	0	-67.5	227.761
-6.25	0	-67.5	208.559
-3.75	0	-67.5	201.538
-1.25	0	-67.5	199.884
1.25	0	-67.5	179.037
3.75	0	-67.5	172.342
6.25	0	-67.5	158.357
8.75	0	-67.5	148.922
11.25	0	-67.5	150.015
13.75	0	-67.5	139.537
16.25	0	-67.5	138.185
18.75	0	-67.5	132.289
21.25	0	-67.5	126.405
23.75	0	-67.5	123.566
26.25	0	-67.5	118.204
28.75	0	-67.5	124.625
31.25	0	-67.5	122.335
33.75	0	-67.5	121.759
36.25	0	-67.5	117.406
38.75	0	-67.5	120.4
41.25	0	-67.5	117.451
43.75	0	-67.5	117.81
46.25	0	-67.5	118.857
48.75	0	-67.5	112.403
51.25	0	-67.5	111.355
53.75	0	-67.5	110.137
-52.5	0	-70	475.768
-50	0	-70	434.022
-47.5	0	-70	417.755
-45	0	-70	418.193
-42.5	0	-70	396.327
-40	0	-70	368.017
-37.5	0	-70	346.899
-35	0	-70	349.076
-32.5	0	-70	332.678
-30	0	-70	312.948
-27.5	0	-70	300.185
-25	0	-70	291.534
-22.5	0	-70	273.455
-20	0	-70	264.788
-17.5	0	-70	253.778
-15	0	-70	258.979
-12.5	0	-70	236.992
-10	0	-70	222.974
-7.5	0	-70	214.008
-5	0	-70	202.75
-2.5	0	-70	192.283
0	0	-70	188.356
2.5	0	-70	166.587
5	0	-70	162.327
7.5	0	-70	163.068
10	0	-70	147.256
12.5	0	-70	147.692
15	0	-70	139.797
17.5	0	-70	137.21
20	0	-70	135.577
22.5	0	-70	128.665
25	0	-70	133.033
27.5	0	-70	129.771
30	0	-70	125.328
32.5	0	-70	125.514
35	0	-70	128.092
37.5	0	-70	130.498
40	0	-70	121.983
42.5	0	-70	123.418
45	0	-70	123.492
47.5	0	-70	124.361
50	0	-70	119.372
-48.75	0	-72.5	420.78
-46.25	0	-72.5	404.451
-43.75	0	-72.5	390.094
-41.25	0	-72.5	387.288
-38.75	0	-72.5	374.657
-36.25	0	-72.5	355.55
-33.75	0	-72.5	327.983
-31.25	0	-72.5	329.408
-28.75	0	-72.5	304.147
-26.25	0	-72.5	292.632
-23.75	0	-72.5	282.156
-21.25	0	-72.5	280.328
-18.75	0	-72.5	264.71
-16.25	0	-72.5	246.602
-13.75	0	-72.5	248.121
-11.25	0	-72.5	221.734
-8.75	0	-72.5	228.129
-6.25	0	-72.5	204.687
-3.75	0	-72.5	195.09
-1.25	0	-72.5	188.191
1.25	0	-72.5	173.718
3.75	0	-72.5	166.522
6.25	0	-72.5	156.891
8.75	0	-72.5	148.539
11.25	0	-72.5	147.808
13.75	0	-72.5	135.722
16.25	0	-72.5	141.405
18.75	0	-72.5	134.718
21.25	0	-72.5	136.272
23.75	0	-72.5	134.998
26.25	0	-72.5	136.915
28.75	0	-72.5	134.067
31.25	0	-72.5	130.542
33.75	0	-72.5	137.05
36.25	0	-72.5	134.885
38.75	0	-72.5	132.254
41.25	0	-72.5	131.65
43.75	0	-72.5	126.585
46.25	0	-72.5	122.4
-45	0	-75	411.974
-42.5	0	-75	381.482
-40	0	-75	360.071
-37.5	0	-75	351.159
-35	0	-75	346.752
-32.5	0	-75	320.634
-30	0	-75	305.233
-27.5	0	-75	298.497
-25	0	-75	300.877
-22.5	0	-75	282.529
-20	0	-75	271.44
-17.5	0	-75	263.826
-15	0	-75	248.453
-12.5	0	-75	237.841
-10	0	-75	212.746
-7.5	0	-75	210.494
-5	0	-75	203.316
-2.5	0	-75	190.849
0	0	-75	185.707
2.5	0	-75	169.294
5	0	-75	161.154
7.5	0	-75	152.077
10	0	-75	148.591
12.5	0	-75	146.633
15	0	-75	150.314
17.5	0	-75	136.752
20	0	-75	145.203
22.5	0	-75	136.775
25	0	-75	136.807
27.5	0	-75	143.016
30	0	-75	143.399
32.5	0	-75	136.902
35	0	-75	135.91
37.5	0	-75	139.607
40	0	-75	136.067
42.5	0	-75	134.21
-41.25	0	-77.5	385.551
-38.75	0	-77.5	370.09
-36.25	0	-77.5	358.182
-33.75	0	-77.5	335.632
-31.25	0	-77.5	319.321
-28.75	0	-77.5	299.257
-26.25	0	-77.5	295.59
-23.75	0	-77.5	282.649
-21.25	0	-77.5	268.266
-18.75	0	-77.5	269.291
-16.25	0	-77.5	251.446
-13.75	0	-77.5	233.132
-11.25	0	-77.5	221.542
-8.75	0	-77.5	210.001
-6.25	0	-77.5	201.098
-3.75	0	-77.5	194.598
-1.25	0	-77.5	187.241
1.25	0	-77.5	176.921
3.75	0	-77.5	172.044
6.25	0	-77.5	164.084
8.75	0	-77.5	150.789
11.25	0	-77.5	145.796
13.75	0	-77.5	154.214
16.25	0	-77.5	148.201
18.75	0	-77.5	150.998
21.25	0	-77.5	147.072
23.75	0	-77.5	147.449
26.25	0	-77.5	144.182
28.75	0	-77.5	141.021
31.25	0	-77.5	148.422
33.75	0	-77.5	143.845
36.25	0	-77.5	147.725
38.75	0	-77.5	137.937
-37.5	0	-80	359.232
-35	0	-80	335.954
-32.5	0	-80	325.102
-30	0	-80	318.17
-27.5	0	-80	310.498
-25	0	-80	282.687
-22.5	0	-80	282.771
-20	0	-80	255.683
-17.5	0	-80	249.699
-15	0	-80	241.798
-12.5	0	-80	235.575
-10	0	-80	220.938
-7.5	0	-80	204.855
-5	0	-80	187.951
-2.5	0	-80	187.825
0	0	-80	176.242
2.5	0	-80	165.179
5	0	-80	163.731
7.5	0	-80	154.74
10	0	-80	152.829
12.5	0	-80	153.763
15	0	-80	146.431
17.5	0	-80	152.084
20	0	-80	147.473
22.5	0	-80	148.537
25	0	-80	151.123
27.5	0	-80	150.462
30	0	-80	152.555
32.5	0	-80	146.189
35	0	-80	155.001
-33.75	0	-82.5	330.091
-31.25	0	-82.5	329.164
-28.75	0	-82.5	310.699
-26.25	0	-82.5	294.879
-23.75	0	-82.5	283.661
-21.25	0	-82.5	267.984
-18.75	0	-82.5	254.031
-16.25	0	-82.5	239.938
-13.75	0	-82.5	240.913
-11.25	0	-82.5	224.6
-8.75	0	-82.5	212.173
-6.25	0	-82.5	205.033
-3.75	0	-82.5	183.758
-1.25	0	-82.5	176.127
1.25	0	-82.5	175.564
3.75	0	-82.5	162.12
6.25	0	-82.5	162.392
8.75	0	-82.5	161.354
11.25	0	-82.5	159.384
13.75	0	-82.5	155.972
16.25	0	-82.5	157.597
18.75	0	-82.5	160.76
21.25	0	-82.5	154.395
23.75	0	-82.5	153.461
26.25	0	-82.5	155.715
28.75	0	-82.5	161.619
31.25	0	-82.5	154.476
-30	0	-85	319.222
-27.5	0	-85	295.88
-25	0	-85	281.048
-22.5	0	-85	278.062
-20	0	-85	264.215
-17.5	0	-85	249.165
-15	0	-85	239.099
-12.5	0	-85	230.189
-10	0	-85	220.14
-7.5	0	-85	209.293
-5	0	-85	186.982
-2.5	0	-85	185.486
0	0	-85	175.716
2.5	0	-85	163.815
5	0	-85	161.267
7.5	0	-85	161.223
10	0	-85	160.593
12.5	0	-85	163.609
15	0	-85	163.978
17.5	0	-85	158.854
20	0	-85	160.604
22.5	0	-85	167.911
25	0	-85	164.822
27.5	0	-85	167.296
-26.25	0	-87.5	293.94
-23.75	0	-87.5	277.953
-21.25	0	-87.5	273.88
-18.75	0	-87.5	256.068
-16.25	0	-87.5	250.002
-13.75	0	-87.5	225.269
-11.25	0	-87.5	216.607
-8.75	0	-87.5	211.122
-6.25	0	-87.5	192.422
-3.75	0	-87.5	185.319
-1.25	0	-87.5	177.632
1.25	0	-87.5	174.357
3.75	0	-87.5	168.966
6.25	0	-87.5	169.146
8.75	0	-87.5	162.786
11.25	0	-87.5	163.902
13.75	0	-87.5	165.658
16.25	0	-87.5	165.998
18.75	0	-87.5	172.575
21.25	0	-87.5	170.717
23.75	0	-87.5	167.525
-22.5	0	-90	275.913
-20	0	-90	259.859
-17.5	0	-90	254.505
-15	0	-90	229.301
-12.5	0	-90	217.099
-10	0	-90	212.716
-7.5	0	-90	195.497
-5	0	-90	184.964
-2.5	0	-90	188.835
0	0	-90	175.333
2.5	0	-90	168.061
5	0	-90	171.911
7.5	0	-90	165.973
10	0	-90	164.912
12.5	0	-90	170.027
15	0	-90	168.228
17.5	0	-90	172.684
20	0	-90	174.339
-18.75	0	-92.5	256.502
-16.25	0	-92.5	241.861
-13.75	0	-92.5	227.509
-11.25	0	-92.5	217.417
-8.75	0	-92.5	210.715
-6.25	0	-92.5	191.041
-3.75	0	-92.5	190.801
-1.25	0	-92.5	185.548
1.25	0	-92.5	182.334
3.75	0	-92.5	176.688
6.25	0	-92.5	166.202
8.75	0	-92.5	169.719
11.25	0	-92.5	168.89
13.75	0	-92.5	178.234
16.25	0	-92.5	180.245
-15	0	-95	239.518
-12.5	0	-95	223.76
-10	0	-95	212.617
-7.5	0	-95	204.478
-5	0	-95	191.294
-2.5	0	-95	182.515
0	0	-95	185.53
2.5	0	-95	178.611
5	0	-95	176.587
7.5	0	-95	171.765
10	0	-95	180.6
12.5	0	-95	182.358
-11.25	0	-97.5	213.972
-8.75	0	-97.5	209.945
-6.25	0	-97.5	199.816
-3.75	0	-97.5	186.462
-1.25	0	-97.5	188.65
1.25	0	-97.5	178.565
3.75	0	-97.5	184.585
6.25	0	-97.5	175.961
8.75	0	-97.5	177.668
-7.5	0	-100	199.22
-5	0	-100	200.659
-2.5	0	-100	190.091
0	0	-100	184.604
2.5	0	-100	187.522
5	0	-100	184.511
-3.75	0	-102.5	200.629
-1.25	0	-102.5	189.234
1.25	0	-102.5	190.518
