# ============================================================
# Calculated and Observed Apparent Resistivity Data
# Paper: A Comparative Study of Pseudo-diode Arrays and Standard Arrays
# Based on High-density DC Resistivity Method
# ============================================================
# Column 1: X_Coord (m)       - Horizontal coordinate
# Column 2: Z_Coord (m)       - Depth coordinate (negative downward)
# Column 3: App_Resistivity   - Apparent resistivity (Ohm-m)
#            Computed from forward DC resistivity modeling

-153.75	0	-1.25	202.624
-151.25	0	-1.25	201.546
-148.75	0	-1.25	209.15
-146.25	0	-1.25	224.311
-143.75	0	-1.25	189.285
-141.25	0	-1.25	220.204
-138.75	0	-1.25	200.452
-136.25	0	-1.25	194.648
-133.75	0	-1.25	215.525
-131.25	0	-1.25	200.343
-128.75	0	-1.25	200.39
-126.25	0	-1.25	200.117
-123.75	0	-1.25	210.432
-121.25	0	-1.25	207.024
-118.75	0	-1.25	207.028
-116.25	0	-1.25	202.911
-113.75	0	-1.25	216.147
-111.25	0	-1.25	197.672
-108.75	0	-1.25	218.195
-106.25	0	-1.25	200.403
-103.75	0	-1.25	195.377
-101.25	0	-1.25	209.667
-98.75	0	-1.25	196.106
-96.25	0	-1.25	206.579
-93.75	0	-1.25	191.164
-91.25	0	-1.25	229.955
-88.75	0	-1.25	186.291
-86.25	0	-1.25	220.013
-83.75	0	-1.25	213.097
-81.25	0	-1.25	190.517
-78.75	0	-1.25	223.127
-76.25	0	-1.25	186.206
-73.75	0	-1.25	198.842
-71.25	0	-1.25	215.927
-68.75	0	-1.25	194.46
-66.25	0	-1.25	191.286
-63.75	0	-1.25	201.43
-61.25	0	-1.25	200.896
-58.75	0	-1.25	180.569
-56.25	0	-1.25	195.086
-53.75	0	-1.25	177.13
-51.25	0	-1.25	191.304
-48.75	0	-1.25	176.787
-46.25	0	-1.25	199.086
-43.75	0	-1.25	171.734
-41.25	0	-1.25	210.013
-38.75	0	-1.25	178.045
-36.25	0	-1.25	197.437
-33.75	0	-1.25	208.685
-31.25	0	-1.25	174.252
-28.75	0	-1.25	214.914
-26.25	0	-1.25	211.68
-23.75	0	-1.25	197.958
-21.25	0	-1.25	225.917
-18.75	0	-1.25	203.236
-16.25	0	-1.25	226.906
-13.75	0	-1.25	201.729
-11.25	0	-1.25	226.411
-8.75	0	-1.25	198.715
-6.25	0	-1.25	200.127
-3.75	0	-1.25	225.836
-1.25	0	-1.25	177.86
1.25	0	-1.25	212.262
3.75	0	-1.25	198.725
6.25	0	-1.25	200.489
8.75	0	-1.25	197.533
11.25	0	-1.25	200.878
13.75	0	-1.25	197.229
16.25	0	-1.25	209.542
18.75	0	-1.25	193.035
21.25	0	-1.25	200.066
23.75	0	-1.25	217.602
26.25	0	-1.25	200.572
28.75	0	-1.25	202.098
31.25	0	-1.25	226.95
33.75	0	-1.25	202.167
36.25	0	-1.25	206.974
38.75	0	-1.25	216.267
41.25	0	-1.25	209.235
43.75	0	-1.25	201.961
46.25	0	-1.25	206.583
48.75	0	-1.25	196.253
51.25	0	-1.25	203.982
53.75	0	-1.25	190.303
56.25	0	-1.25	201.608
58.75	0	-1.25	188.993
61.25	0	-1.25	191.753
63.75	0	-1.25	212.05
66.25	0	-1.25	179.773
68.75	0	-1.25	210.988
71.25	0	-1.25	207.929
73.75	0	-1.25	202.172
76.25	0	-1.25	226.03
78.75	0	-1.25	197.059
81.25	0	-1.25	224.026
83.75	0	-1.25	227.082
86.25	0	-1.25	185.6
88.75	0	-1.25	226.402
91.25	0	-1.25	200.758
93.75	0	-1.25	203.289
96.25	0	-1.25	192.978
98.75	0	-1.25	195.041
101.25	0	-1.25	199.194
103.75	0	-1.25	196.861
106.25	0	-1.25	188.701
108.75	0	-1.25	198.73
111.25	0	-1.25	185.001
113.75	0	-1.25	202.843
116.25	0	-1.25	181.23
118.75	0	-1.25	205.994
121.25	0	-1.25	170.976
123.75	0	-1.25	216.738
126.25	0	-1.25	200.457
128.75	0	-1.25	176.979
131.25	0	-1.25	225.361
133.75	0	-1.25	190.031
136.25	0	-1.25	214.224
138.75	0	-1.25	199.673
141.25	0	-1.25	205.027
143.75	0	-1.25	210.968
146.25	0	-1.25	212.192
148.75	0	-1.25	180.135
151.25	0	-1.25	201.956
-150	0	-2.5	223.008
-147.5	0	-2.5	227.877
-145	0	-2.5	224.681
-142.5	0	-2.5	224.933
-140	0	-2.5	221.088
-137.5	0	-2.5	215.045
-135	0	-2.5	225.956
-132.5	0	-2.5	226.478
-130	0	-2.5	218.411
-127.5	0	-2.5	210.884
-125	0	-2.5	219.081
-122.5	0	-2.5	222.507
-120	0	-2.5	220.824
-117.5	0	-2.5	211.979
-115	0	-2.5	218.219
-112.5	0	-2.5	223.234
-110	0	-2.5	218.798
-107.5	0	-2.5	213.919
-105	0	-2.5	213.15
-102.5	0	-2.5	218.62
-100	0	-2.5	224.3
-97.5	0	-2.5	217.01
-95	0	-2.5	212.407
-92.5	0	-2.5	219.736
-90	0	-2.5	215.401
-87.5	0	-2.5	217.259
-85	0	-2.5	230.077
-82.5	0	-2.5	219.087
-80	0	-2.5	210.203
-77.5	0	-2.5	214.008
-75	0	-2.5	212.585
-72.5	0	-2.5	223.091
-70	0	-2.5	229.864
-67.5	0	-2.5	204.289
-65	0	-2.5	202.692
-62.5	0	-2.5	219.411
-60	0	-2.5	218.908
-57.5	0	-2.5	213.31
-55	0	-2.5	215.337
-52.5	0	-2.5	213.156
-50	0	-2.5	211.963
-47.5	0	-2.5	214.225
-45	0	-2.5	218.46
-42.5	0	-2.5	211.607
-40	0	-2.5	209.856
-37.5	0	-2.5	225.706
-35	0	-2.5	218.647
-32.5	0	-2.5	207.588
-30	0	-2.5	207.371
-27.5	0	-2.5	220.63
-25	0	-2.5	216.034
-22.5	0	-2.5	214.617
-20	0	-2.5	206.983
-17.5	0	-2.5	212.214
-15	0	-2.5	213.613
-12.5	0	-2.5	212.785
-10	0	-2.5	203.828
-7.5	0	-2.5	204.199
-5	0	-2.5	205.567
-2.5	0	-2.5	200.598
0	0	-2.5	204.086
2.5	0	-2.5	205.269
5	0	-2.5	198.876
7.5	0	-2.5	200.311
10	0	-2.5	200.25
12.5	0	-2.5	192.262
15	0	-2.5	202.401
17.5	0	-2.5	203.475
20	0	-2.5	199.154
22.5	0	-2.5	199.379
25	0	-2.5	203.486
27.5	0	-2.5	196.182
30	0	-2.5	198.982
32.5	0	-2.5	206.214
35	0	-2.5	204.875
37.5	0	-2.5	198.149
40	0	-2.5	202.41
42.5	0	-2.5	206.774
45	0	-2.5	201.271
47.5	0	-2.5	198.647
50	0	-2.5	196.134
52.5	0	-2.5	199.585
55	0	-2.5	201.974
57.5	0	-2.5	199.128
60	0	-2.5	197.357
62.5	0	-2.5	199.122
65	0	-2.5	200.323
67.5	0	-2.5	193.866
70	0	-2.5	199.996
72.5	0	-2.5	206.017
75	0	-2.5	200.986
77.5	0	-2.5	190.566
80	0	-2.5	199.735
82.5	0	-2.5	197.864
85	0	-2.5	195.294
87.5	0	-2.5	200.601
90	0	-2.5	199.197
92.5	0	-2.5	194.9
95	0	-2.5	193.193
97.5	0	-2.5	190.802
100	0	-2.5	194.748
102.5	0	-2.5	205.756
105	0	-2.5	201.245
107.5	0	-2.5	191.692
110	0	-2.5	187.674
112.5	0	-2.5	194.232
115	0	-2.5	200.118
117.5	0	-2.5	198.487
120	0	-2.5	193.568
122.5	0	-2.5	199.293
125	0	-2.5	200.434
127.5	0	-2.5	187.718
130	0	-2.5	193.017
132.5	0	-2.5	203.905
135	0	-2.5	204.658
137.5	0	-2.5	197.56
140	0	-2.5	197.194
142.5	0	-2.5	192.942
145	0	-2.5	207.048
147.5	0	-2.5	198.996
-146.25	0	-3.75	249.098
-143.75	0	-3.75	250.559
-141.25	0	-3.75	250.631
-138.75	0	-3.75	260.023
-136.25	0	-3.75	254.394
-133.75	0	-3.75	255.144
-131.25	0	-3.75	246.336
-128.75	0	-3.75	250.842
-126.25	0	-3.75	245.093
-123.75	0	-3.75	251.528
-121.25	0	-3.75	245.701
-118.75	0	-3.75	250.319
-116.25	0	-3.75	249.621
-113.75	0	-3.75	250.24
-111.25	0	-3.75	250.172
-108.75	0	-3.75	247.397
-106.25	0	-3.75	250.57
-103.75	0	-3.75	245.729
-101.25	0	-3.75	247.756
-98.75	0	-3.75	243.13
-96.25	0	-3.75	246.473
-93.75	0	-3.75	246.608
-91.25	0	-3.75	247.634
-88.75	0	-3.75	248.774
-86.25	0	-3.75	252.168
-83.75	0	-3.75	248.001
-81.25	0	-3.75	247.776
-78.75	0	-3.75	236.801
-76.25	0	-3.75	243.333
-73.75	0	-3.75	243.916
-71.25	0	-3.75	253.674
-68.75	0	-3.75	244.729
-66.25	0	-3.75	245.179
-63.75	0	-3.75	239.227
-61.25	0	-3.75	245.838
-58.75	0	-3.75	251.666
-56.25	0	-3.75	245.923
-53.75	0	-3.75	242.869
-51.25	0	-3.75	233.059
-48.75	0	-3.75	244.494
-46.25	0	-3.75	239.171
-43.75	0	-3.75	246.497
-41.25	0	-3.75	241.986
-38.75	0	-3.75	245.482
-36.25	0	-3.75	243.348
-33.75	0	-3.75	238.033
-31.25	0	-3.75	230.905
-28.75	0	-3.75	229.165
-26.25	0	-3.75	233.408
-23.75	0	-3.75	233.435
-21.25	0	-3.75	230.061
-18.75	0	-3.75	230.629
-16.25	0	-3.75	221.709
-13.75	0	-3.75	220.935
-11.25	0	-3.75	216.755
-8.75	0	-3.75	212.228
-6.25	0	-3.75	209.841
-3.75	0	-3.75	204.643
-1.25	0	-3.75	206.172
1.25	0	-3.75	202.698
3.75	0	-3.75	206.7
6.25	0	-3.75	202.359
8.75	0	-3.75	200.579
11.25	0	-3.75	195.98
13.75	0	-3.75	197.744
16.25	0	-3.75	198.306
18.75	0	-3.75	199.426
21.25	0	-3.75	198.606
23.75	0	-3.75	198.978
26.25	0	-3.75	192.873
28.75	0	-3.75	191.216
31.25	0	-3.75	194.235
33.75	0	-3.75	196.764
36.25	0	-3.75	199.357
38.75	0	-3.75	196.157
41.25	0	-3.75	191.867
43.75	0	-3.75	192.984
46.25	0	-3.75	193.529
48.75	0	-3.75	189.788
51.25	0	-3.75	183.647
53.75	0	-3.75	190.167
56.25	0	-3.75	193.073
58.75	0	-3.75	192.456
61.25	0	-3.75	190.082
63.75	0	-3.75	185.489
66.25	0	-3.75	187.772
68.75	0	-3.75	190.164
71.25	0	-3.75	192.662
73.75	0	-3.75	193.98
76.25	0	-3.75	195.506
78.75	0	-3.75	189.994
81.25	0	-3.75	187.759
83.75	0	-3.75	192.987
86.25	0	-3.75	196.365
88.75	0	-3.75	197.792
91.25	0	-3.75	190.822
93.75	0	-3.75	188.233
96.25	0	-3.75	188.811
98.75	0	-3.75	198.406
101.25	0	-3.75	194.987
103.75	0	-3.75	200.585
106.25	0	-3.75	194.963
108.75	0	-3.75	195.711
111.25	0	-3.75	191.641
113.75	0	-3.75	191.925
116.25	0	-3.75	200.008
118.75	0	-3.75	201.014
121.25	0	-3.75	202.655
123.75	0	-3.75	198.448
126.25	0	-3.75	197.284
128.75	0	-3.75	197.938
131.25	0	-3.75	196.895
133.75	0	-3.75	203.256
136.25	0	-3.75	196.7
138.75	0	-3.75	199.342
141.25	0	-3.75	191.453
143.75	0	-3.75	201.11
-142.5	0	-5	285.026
-140	0	-5	288.953
-137.5	0	-5	291.778
-135	0	-5	288.83
-132.5	0	-5	284.969
-130	0	-5	282.152
-127.5	0	-5	278.227
-125	0	-5	282.745
-122.5	0	-5	284.324
-120	0	-5	283.881
-117.5	0	-5	286.441
-115	0	-5	282.077
-112.5	0	-5	286.225
-110	0	-5	285.26
-107.5	0	-5	282.77
-105	0	-5	281.774
-102.5	0	-5	279.224
-100	0	-5	275.866
-97.5	0	-5	276.232
-95	0	-5	280.758
-92.5	0	-5	278.588
-90	0	-5	282.422
-87.5	0	-5	283.179
-85	0	-5	275.229
-82.5	0	-5	278.846
-80	0	-5	278.183
-77.5	0	-5	271.562
-75	0	-5	277.416
-72.5	0	-5	278.76
-70	0	-5	272.248
-67.5	0	-5	279.458
-65	0	-5	274.512
-62.5	0	-5	274.249
-60	0	-5	278.568
-57.5	0	-5	269.915
-55	0	-5	271.226
-52.5	0	-5	266.753
-50	0	-5	264.122
-47.5	0	-5	266.004
-45	0	-5	266.753
-42.5	0	-5	268.608
-40	0	-5	267.102
-37.5	0	-5	263.248
-35	0	-5	256.386
-32.5	0	-5	254.335
-30	0	-5	248.814
-27.5	0	-5	245.151
-25	0	-5	250.464
-22.5	0	-5	248.475
-20	0	-5	248.929
-17.5	0	-5	244.824
-15	0	-5	240.139
-12.5	0	-5	230.13
-10	0	-5	225.147
-7.5	0	-5	222.301
-5	0	-5	214.363
-2.5	0	-5	215.591
0	0	-5	212.122
2.5	0	-5	205.056
5	0	-5	208.811
7.5	0	-5	200.399
10	0	-5	196.141
12.5	0	-5	199.981
15	0	-5	192.453
17.5	0	-5	196.152
20	0	-5	197.532
22.5	0	-5	192.816
25	0	-5	189.571
27.5	0	-5	184.801
30	0	-5	185.687
32.5	0	-5	185.367
35	0	-5	187.541
37.5	0	-5	189.324
40	0	-5	187.389
42.5	0	-5	187.765
45	0	-5	180.3
47.5	0	-5	176.23
50	0	-5	176.878
52.5	0	-5	176.638
55	0	-5	173.445
57.5	0	-5	176.649
60	0	-5	176.388
62.5	0	-5	175.019
65	0	-5	177.281
67.5	0	-5	173.52
70	0	-5	180.604
72.5	0	-5	187.559
75	0	-5	184.303
77.5	0	-5	188.555
80	0	-5	187.527
82.5	0	-5	185.612
85	0	-5	189.295
87.5	0	-5	183.596
90	0	-5	184.964
92.5	0	-5	191.4
95	0	-5	186.128
97.5	0	-5	190.561
100	0	-5	192.884
102.5	0	-5	193.086
105	0	-5	195.026
107.5	0	-5	192.312
110	0	-5	192.424
112.5	0	-5	194.344
115	0	-5	197.141
117.5	0	-5	193.516
120	0	-5	199.44
122.5	0	-5	202.801
125	0	-5	198.979
127.5	0	-5	203.733
130	0	-5	198.591
132.5	0	-5	197.844
135	0	-5	197.293
137.5	0	-5	194.383
140	0	-5	193.153
-138.75	0	-6.25	319.598
-136.25	0	-6.25	323.952
-133.75	0	-6.25	314.757
-131.25	0	-6.25	317.579
-128.75	0	-6.25	314.72
-126.25	0	-6.25	316.831
-123.75	0	-6.25	314.665
-121.25	0	-6.25	320.938
-118.75	0	-6.25	320.161
-116.25	0	-6.25	319.191
-113.75	0	-6.25	318.629
-111.25	0	-6.25	319.294
-108.75	0	-6.25	315.735
-106.25	0	-6.25	313.811
-103.75	0	-6.25	313.459
-101.25	0	-6.25	308.718
-98.75	0	-6.25	312.356
-96.25	0	-6.25	311.424
-93.75	0	-6.25	309.444
-91.25	0	-6.25	308.097
-88.75	0	-6.25	315.318
-86.25	0	-6.25	306.347
-83.75	0	-6.25	309.262
-81.25	0	-6.25	309.292
-78.75	0	-6.25	306.895
-76.25	0	-6.25	304.1
-73.75	0	-6.25	312.107
-71.25	0	-6.25	302.687
-68.75	0	-6.25	302.477
-66.25	0	-6.25	305.059
-63.75	0	-6.25	302.707
-61.25	0	-6.25	297.316
-58.75	0	-6.25	300.658
-56.25	0	-6.25	297.72
-53.75	0	-6.25	288.449
-51.25	0	-6.25	293.135
-48.75	0	-6.25	291.775
-46.25	0	-6.25	285.544
-43.75	0	-6.25	282.243
-41.25	0	-6.25	287.234
-38.75	0	-6.25	277.664
-36.25	0	-6.25	271.796
-33.75	0	-6.25	269.544
-31.25	0	-6.25	267.528
-28.75	0	-6.25	260.109
-26.25	0	-6.25	265.232
-23.75	0	-6.25	266.727
-21.25	0	-6.25	262.41
-18.75	0	-6.25	262.395
-16.25	0	-6.25	258.42
-13.75	0	-6.25	249.982
-11.25	0	-6.25	244.148
-8.75	0	-6.25	236.836
-6.25	0	-6.25	229.335
-3.75	0	-6.25	228.25
-1.25	0	-6.25	224.044
1.25	0	-6.25	216.647
3.75	0	-6.25	212.002
6.25	0	-6.25	208.572
8.75	0	-6.25	198.328
11.25	0	-6.25	197.12
13.75	0	-6.25	196.468
16.25	0	-6.25	192.708
18.75	0	-6.25	190.408
21.25	0	-6.25	191.208
23.75	0	-6.25	184.167
26.25	0	-6.25	179.08
28.75	0	-6.25	180.076
31.25	0	-6.25	178.985
33.75	0	-6.25	176.795
36.25	0	-6.25	180.429
38.75	0	-6.25	182.577
41.25	0	-6.25	180.434
43.75	0	-6.25	176.199
46.25	0	-6.25	172.988
48.75	0	-6.25	167.525
51.25	0	-6.25	163.097
53.75	0	-6.25	162.781
56.25	0	-6.25	162.014
58.75	0	-6.25	162.582
61.25	0	-6.25	164.267
63.75	0	-6.25	164.735
66.25	0	-6.25	168.141
68.75	0	-6.25	172.786
71.25	0	-6.25	173.935
73.75	0	-6.25	177.394
76.25	0	-6.25	181.771
78.75	0	-6.25	181.321
81.25	0	-6.25	178.562
83.75	0	-6.25	178.637
86.25	0	-6.25	178.463
88.75	0	-6.25	175.761
91.25	0	-6.25	181.84
93.75	0	-6.25	182.511
96.25	0	-6.25	185.104
98.75	0	-6.25	186.344
101.25	0	-6.25	189.754
103.75	0	-6.25	188.573
106.25	0	-6.25	190.58
108.75	0	-6.25	190.167
111.25	0	-6.25	192.588
113.75	0	-6.25	192.424
116.25	0	-6.25	194.132
118.75	0	-6.25	196.333
121.25	0	-6.25	199.146
123.75	0	-6.25	197.93
126.25	0	-6.25	201.98
128.75	0	-6.25	200.466
131.25	0	-6.25	196.604
133.75	0	-6.25	195.65
136.25	0	-6.25	195.959
-135	0	-7.5	346.845
-132.5	0	-7.5	347.72
-130	0	-7.5	344.712
-127.5	0	-7.5	349.991
-125	0	-7.5	348.6
-122.5	0	-7.5	349.958
-120	0	-7.5	352.92
-117.5	0	-7.5	350.764
-115	0	-7.5	352.903
-112.5	0	-7.5	346.363
-110	0	-7.5	349.348
-107.5	0	-7.5	344.307
-105	0	-7.5	341.438
-102.5	0	-7.5	342.833
-100	0	-7.5	341.755
-97.5	0	-7.5	343.075
-95	0	-7.5	336.95
-92.5	0	-7.5	337.985
-90	0	-7.5	338.986
-87.5	0	-7.5	337.769
-85	0	-7.5	337.66
-82.5	0	-7.5	335.874
-80	0	-7.5	337.361
-77.5	0	-7.5	335.617
-75	0	-7.5	335.987
-72.5	0	-7.5	332.013
-70	0	-7.5	332.329
-67.5	0	-7.5	327.897
-65	0	-7.5	325.743
-62.5	0	-7.5	325.117
-60	0	-7.5	319.343
-57.5	0	-7.5	321.076
-55	0	-7.5	314.379
-52.5	0	-7.5	318.39
-50	0	-7.5	309.526
-47.5	0	-7.5	303.531
-45	0	-7.5	301.844
-42.5	0	-7.5	296.069
-40	0	-7.5	294.499
-37.5	0	-7.5	280.792
-35	0	-7.5	282.014
-32.5	0	-7.5	281.321
-30	0	-7.5	279.83
-27.5	0	-7.5	277.759
-25	0	-7.5	277.097
-22.5	0	-7.5	283.521
-20	0	-7.5	275.443
-17.5	0	-7.5	271.227
-15	0	-7.5	267.504
-12.5	0	-7.5	261.214
-10	0	-7.5	255.587
-7.5	0	-7.5	245.897
-5	0	-7.5	242.085
-2.5	0	-7.5	235.88
0	0	-7.5	228.302
2.5	0	-7.5	224.263
5	0	-7.5	214.486
7.5	0	-7.5	208.179
10	0	-7.5	202.446
12.5	0	-7.5	197.279
15	0	-7.5	193.164
17.5	0	-7.5	186.369
20	0	-7.5	186.448
22.5	0	-7.5	182.889
25	0	-7.5	175.146
27.5	0	-7.5	175.804
30	0	-7.5	175.005
32.5	0	-7.5	176.626
35	0	-7.5	173.634
37.5	0	-7.5	174.746
40	0	-7.5	179.065
42.5	0	-7.5	173.585
45	0	-7.5	169.792
47.5	0	-7.5	163.124
50	0	-7.5	162.644
52.5	0	-7.5	155.437
55	0	-7.5	152.734
57.5	0	-7.5	155.08
60	0	-7.5	155.258
62.5	0	-7.5	160.161
65	0	-7.5	161.307
67.5	0	-7.5	165.778
70	0	-7.5	169.954
72.5	0	-7.5	173.506
75	0	-7.5	173.641
77.5	0	-7.5	171.185
80	0	-7.5	171.048
82.5	0	-7.5	172.627
85	0	-7.5	170.054
87.5	0	-7.5	169.284
90	0	-7.5	172.21
92.5	0	-7.5	173.857
95	0	-7.5	177.652
97.5	0	-7.5	175.462
100	0	-7.5	182.843
102.5	0	-7.5	185.469
105	0	-7.5	185.131
107.5	0	-7.5	187.004
110	0	-7.5	185.817
112.5	0	-7.5	192.325
115	0	-7.5	190.27
117.5	0	-7.5	194.265
120	0	-7.5	196.842
122.5	0	-7.5	197.304
125	0	-7.5	198.082
127.5	0	-7.5	192.935
130	0	-7.5	198.901
132.5	0	-7.5	195.466
-131.25	0	-8.75	373.097
-128.75	0	-8.75	375.419
-126.25	0	-8.75	373.949
-123.75	0	-8.75	379.106
-121.25	0	-8.75	381.693
-118.75	0	-8.75	379.58
-116.25	0	-8.75	375.556
-113.75	0	-8.75	378.276
-111.25	0	-8.75	375.648
-108.75	0	-8.75	372.763
-106.25	0	-8.75	370.633
-103.75	0	-8.75	366.442
-101.25	0	-8.75	369.238
-98.75	0	-8.75	369.121
-96.25	0	-8.75	364.38
-93.75	0	-8.75	361.434
-91.25	0	-8.75	366.555
-88.75	0	-8.75	361.733
-86.25	0	-8.75	366.248
-83.75	0	-8.75	361.958
-81.25	0	-8.75	358.652
-78.75	0	-8.75	362.353
-76.25	0	-8.75	364.61
-73.75	0	-8.75	355.81
-71.25	0	-8.75	356.79
-68.75	0	-8.75	350.1
-66.25	0	-8.75	349.229
-63.75	0	-8.75	350.814
-61.25	0	-8.75	342.326
-58.75	0	-8.75	336.607
-56.25	0	-8.75	337.605
-53.75	0	-8.75	333.032
-51.25	0	-8.75	329.772
-48.75	0	-8.75	322.14
-46.25	0	-8.75	311.28
-43.75	0	-8.75	310.178
-41.25	0	-8.75	303.307
-38.75	0	-8.75	297.546
-36.25	0	-8.75	293.131
-33.75	0	-8.75	291.828
-31.25	0	-8.75	291.779
-28.75	0	-8.75	294.547
-26.25	0	-8.75	292.352
-23.75	0	-8.75	292.224
-21.25	0	-8.75	290.902
-18.75	0	-8.75	286.744
-16.25	0	-8.75	280.646
-13.75	0	-8.75	276.059
-11.25	0	-8.75	269.904
-8.75	0	-8.75	260.678
-6.25	0	-8.75	255.099
-3.75	0	-8.75	247.486
-1.25	0	-8.75	239.691
1.25	0	-8.75	233.663
3.75	0	-8.75	223.765
6.25	0	-8.75	216.353
8.75	0	-8.75	213.259
11.25	0	-8.75	202.041
13.75	0	-8.75	193.964
16.25	0	-8.75	189.557
18.75	0	-8.75	184.786
21.25	0	-8.75	180.096
23.75	0	-8.75	176.673
26.25	0	-8.75	174.031
28.75	0	-8.75	175.852
31.25	0	-8.75	176.004
33.75	0	-8.75	175.041
36.25	0	-8.75	173.842
38.75	0	-8.75	174.929
41.25	0	-8.75	174.511
43.75	0	-8.75	169.164
46.25	0	-8.75	163.978
48.75	0	-8.75	159.581
51.25	0	-8.75	157.237
53.75	0	-8.75	155.236
56.25	0	-8.75	150.255
58.75	0	-8.75	151.856
61.25	0	-8.75	157.362
63.75	0	-8.75	158.598
66.25	0	-8.75	162.559
68.75	0	-8.75	167.561
71.25	0	-8.75	168.732
73.75	0	-8.75	170.258
76.25	0	-8.75	166.733
78.75	0	-8.75	165.424
81.25	0	-8.75	167.722
83.75	0	-8.75	164.803
86.25	0	-8.75	161.517
88.75	0	-8.75	164.142
91.25	0	-8.75	164.1
93.75	0	-8.75	168.383
96.25	0	-8.75	168.945
98.75	0	-8.75	169.176
101.25	0	-8.75	174.884
103.75	0	-8.75	180.902
106.25	0	-8.75	179.439
108.75	0	-8.75	182.85
111.25	0	-8.75	184.837
113.75	0	-8.75	188.221
116.25	0	-8.75	191.387
118.75	0	-8.75	193.521
121.25	0	-8.75	191.631
123.75	0	-8.75	194.802
126.25	0	-8.75	194.305
128.75	0	-8.75	193.544
-127.5	0	-10	397.113
-125	0	-10	400.768
-122.5	0	-10	400.74
-120	0	-10	399.342
-117.5	0	-10	404.566
-115	0	-10	399.421
-112.5	0	-10	399.59
-110	0	-10	396.11
-107.5	0	-10	395.621
-105	0	-10	388.951
-102.5	0	-10	390.114
-100	0	-10	392.127
-97.5	0	-10	385.21
-95	0	-10	386.869
-92.5	0	-10	386.14
-90	0	-10	385.328
-87.5	0	-10	387.579
-85	0	-10	387.984
-82.5	0	-10	383.325
-80	0	-10	380.171
-77.5	0	-10	387.641
-75	0	-10	379.686
-72.5	0	-10	376.027
-70	0	-10	375.387
-67.5	0	-10	370.293
-65	0	-10	367.571
-62.5	0	-10	364.539
-60	0	-10	361.748
-57.5	0	-10	345.731
-55	0	-10	349.576
-52.5	0	-10	342.411
-50	0	-10	333.758
-47.5	0	-10	326.603
-45	0	-10	319.367
-42.5	0	-10	313.631
-40	0	-10	307.276
-37.5	0	-10	312.57
-35	0	-10	303.08
-32.5	0	-10	302.728
-30	0	-10	305.804
-27.5	0	-10	306.662
-25	0	-10	304.718
-22.5	0	-10	303.044
-20	0	-10	300.884
-17.5	0	-10	292.208
-15	0	-10	289.749
-12.5	0	-10	283.031
-10	0	-10	271.267
-7.5	0	-10	265.334
-5	0	-10	257.295
-2.5	0	-10	247.205
0	0	-10	240.453
2.5	0	-10	233.783
5	0	-10	224.384
7.5	0	-10	216.523
10	0	-10	210.466
12.5	0	-10	200.242
15	0	-10	193.733
17.5	0	-10	189.426
20	0	-10	183.031
22.5	0	-10	178.217
25	0	-10	179.605
27.5	0	-10	178.002
30	0	-10	178.412
32.5	0	-10	178.673
35	0	-10	178.393
37.5	0	-10	176.403
40	0	-10	173.711
42.5	0	-10	172.948
45	0	-10	165.95
47.5	0	-10	163.769
50	0	-10	159.037
52.5	0	-10	156.741
55	0	-10	155.547
57.5	0	-10	155.333
60	0	-10	155.582
62.5	0	-10	156.955
65	0	-10	163.824
67.5	0	-10	165.345
70	0	-10	167.154
72.5	0	-10	166.44
75	0	-10	166.69
77.5	0	-10	165.822
80	0	-10	165.372
82.5	0	-10	162.059
85	0	-10	157.644
87.5	0	-10	158.292
90	0	-10	156.559
92.5	0	-10	158.539
95	0	-10	158.71
97.5	0	-10	162.465
100	0	-10	163.059
102.5	0	-10	166.867
105	0	-10	172.333
107.5	0	-10	174.81
110	0	-10	180.253
112.5	0	-10	180.403
115	0	-10	186.707
117.5	0	-10	187.113
120	0	-10	187.827
122.5	0	-10	191.092
125	0	-10	190.443
-123.75	0	-11.25	416.078
-121.25	0	-11.25	416.315
-118.75	0	-11.25	417.168
-116.25	0	-11.25	420.024
-113.75	0	-11.25	420.501
-111.25	0	-11.25	416.507
-108.75	0	-11.25	410.549
-106.25	0	-11.25	409.882
-103.75	0	-11.25	409.563
-101.25	0	-11.25	407.342
-98.75	0	-11.25	407.138
-96.25	0	-11.25	404.555
-93.75	0	-11.25	406.415
-91.25	0	-11.25	403.025
-88.75	0	-11.25	405.675
-86.25	0	-11.25	407.056
-83.75	0	-11.25	405.687
-81.25	0	-11.25	403.985
-78.75	0	-11.25	402.548
-76.25	0	-11.25	397.608
-73.75	0	-11.25	397.849
-71.25	0	-11.25	392.559
-68.75	0	-11.25	391.413
-66.25	0	-11.25	385.901
-63.75	0	-11.25	380.314
-61.25	0	-11.25	374.068
-58.75	0	-11.25	365.085
-56.25	0	-11.25	358.782
-53.75	0	-11.25	352.855
-51.25	0	-11.25	342.068
-48.75	0	-11.25	335.559
-46.25	0	-11.25	330.663
-43.75	0	-11.25	324.826
-41.25	0	-11.25	321.213
-38.75	0	-11.25	319.419
-36.25	0	-11.25	320.685
-33.75	0	-11.25	317.444
-31.25	0	-11.25	315.932
-28.75	0	-11.25	317.904
-26.25	0	-11.25	318.9
-23.75	0	-11.25	314.07
-21.25	0	-11.25	311.811
-18.75	0	-11.25	307.576
-16.25	0	-11.25	298.695
-13.75	0	-11.25	291.402
-11.25	0	-11.25	283.751
-8.75	0	-11.25	275.292
-6.25	0	-11.25	263.424
-3.75	0	-11.25	251.757
-1.25	0	-11.25	246.621
1.25	0	-11.25	237.807
3.75	0	-11.25	228.649
6.25	0	-11.25	221.837
8.75	0	-11.25	213.777
11.25	0	-11.25	208.079
13.75	0	-11.25	199.352
16.25	0	-11.25	196.024
18.75	0	-11.25	192.169
21.25	0	-11.25	185.619
23.75	0	-11.25	185.473
26.25	0	-11.25	186.311
28.75	0	-11.25	184.515
31.25	0	-11.25	184.237
33.75	0	-11.25	183.551
36.25	0	-11.25	182.774
38.75	0	-11.25	178.243
41.25	0	-11.25	174.542
43.75	0	-11.25	173.434
46.25	0	-11.25	168.842
48.75	0	-11.25	163.735
51.25	0	-11.25	162.167
53.75	0	-11.25	160.618
56.25	0	-11.25	158.633
58.75	0	-11.25	159.223
61.25	0	-11.25	161.215
63.75	0	-11.25	162.614
66.25	0	-11.25	165.147
68.75	0	-11.25	166.438
71.25	0	-11.25	168.637
73.75	0	-11.25	167.111
76.25	0	-11.25	166.548
78.75	0	-11.25	166.34
81.25	0	-11.25	162.333
83.75	0	-11.25	158.995
86.25	0	-11.25	156.424
88.75	0	-11.25	153.129
91.25	0	-11.25	152.25
93.75	0	-11.25	150.147
96.25	0	-11.25	152.963
98.75	0	-11.25	154.285
101.25	0	-11.25	156.732
103.75	0	-11.25	160.81
106.25	0	-11.25	165.591
108.75	0	-11.25	168.955
111.25	0	-11.25	173.644
113.75	0	-11.25	176.017
116.25	0	-11.25	180.221
118.75	0	-11.25	182.893
121.25	0	-11.25	186.212
-120	0	-12.5	428.678
-117.5	0	-12.5	430.557
-115	0	-12.5	432.646
-112.5	0	-12.5	428.562
-110	0	-12.5	430.076
-107.5	0	-12.5	422.528
-105	0	-12.5	423.237
-102.5	0	-12.5	423.981
-100	0	-12.5	420.496
-97.5	0	-12.5	421.521
-95	0	-12.5	422.882
-92.5	0	-12.5	418.886
-90	0	-12.5	420.408
-87.5	0	-12.5	422.564
-85	0	-12.5	421.835
-82.5	0	-12.5	422.261
-80	0	-12.5	420.434
-77.5	0	-12.5	413.595
-75	0	-12.5	415.033
-72.5	0	-12.5	409.101
-70	0	-12.5	403.461
-67.5	0	-12.5	404.683
-65	0	-12.5	392.244
-62.5	0	-12.5	385.436
-60	0	-12.5	375.737
-57.5	0	-12.5	370.103
-55	0	-12.5	358.052
-52.5	0	-12.5	352.715
-50	0	-12.5	342.298
-47.5	0	-12.5	340.332
-45	0	-12.5	337.19
-42.5	0	-12.5	329.638
-40	0	-12.5	333.126
-37.5	0	-12.5	331.334
-35	0	-12.5	331.146
-32.5	0	-12.5	328.414
-30	0	-12.5	331.596
-27.5	0	-12.5	329.893
-25	0	-12.5	328.858
-22.5	0	-12.5	321.505
-20	0	-12.5	315.87
-17.5	0	-12.5	311.391
-15	0	-12.5	300.751
-12.5	0	-12.5	290.975
-10	0	-12.5	282.331
-7.5	0	-12.5	271.677
-5	0	-12.5	259.594
-2.5	0	-12.5	248.576
0	0	-12.5	237.948
2.5	0	-12.5	229.888
5	0	-12.5	224.802
7.5	0	-12.5	217.855
10	0	-12.5	211.102
12.5	0	-12.5	208.26
15	0	-12.5	202.863
17.5	0	-12.5	200.413
20	0	-12.5	196.946
22.5	0	-12.5	195.756
25	0	-12.5	195.62
27.5	0	-12.5	196.128
30	0	-12.5	192.942
32.5	0	-12.5	191.018
35	0	-12.5	190.38
37.5	0	-12.5	186.042
40	0	-12.5	181.933
42.5	0	-12.5	177.814
45	0	-12.5	176.357
47.5	0	-12.5	172.548
50	0	-12.5	169.116
52.5	0	-12.5	164.775
55	0	-12.5	164.983
57.5	0	-12.5	164.872
60	0	-12.5	162.598
62.5	0	-12.5	164.977
65	0	-12.5	166.994
67.5	0	-12.5	169.482
70	0	-12.5	169.527
72.5	0	-12.5	169.864
75	0	-12.5	168.591
77.5	0	-12.5	168.812
80	0	-12.5	164.825
82.5	0	-12.5	160.255
85	0	-12.5	160.145
87.5	0	-12.5	154.634
90	0	-12.5	151.252
92.5	0	-12.5	146.438
95	0	-12.5	145.396
97.5	0	-12.5	147.43
100	0	-12.5	149.535
102.5	0	-12.5	150.286
105	0	-12.5	154.913
107.5	0	-12.5	160.788
110	0	-12.5	159.774
112.5	0	-12.5	164.828
115	0	-12.5	170.757
117.5	0	-12.5	175.934
-116.25	0	-13.75	437.855
-113.75	0	-13.75	438.726
-111.25	0	-13.75	435.186
-108.75	0	-13.75	434.299
-106.25	0	-13.75	436.541
-103.75	0	-13.75	436.334
-101.25	0	-13.75	431.056
-98.75	0	-13.75	431.934
-96.25	0	-13.75	436.01
-93.75	0	-13.75	432.792
-91.25	0	-13.75	434.887
-88.75	0	-13.75	435.22
-86.25	0	-13.75	433.003
-83.75	0	-13.75	433.891
-81.25	0	-13.75	436.965
-78.75	0	-13.75	429.705
-76.25	0	-13.75	424.978
-73.75	0	-13.75	423.175
-71.25	0	-13.75	419.254
-68.75	0	-13.75	409.704
-66.25	0	-13.75	404.633
-63.75	0	-13.75	394.884
-61.25	0	-13.75	382.857
-58.75	0	-13.75	377.58
-56.25	0	-13.75	367.184
-53.75	0	-13.75	354.943
-51.25	0	-13.75	353.439
-48.75	0	-13.75	350.342
-46.25	0	-13.75	345.669
-43.75	0	-13.75	341.463
-41.25	0	-13.75	343.003
-38.75	0	-13.75	341.206
-36.25	0	-13.75	341.107
-33.75	0	-13.75	345.495
-31.25	0	-13.75	341.055
-28.75	0	-13.75	342.005
-26.25	0	-13.75	341.471
-23.75	0	-13.75	334.301
-21.25	0	-13.75	325.267
-18.75	0	-13.75	318.122
-16.25	0	-13.75	311.749
-13.75	0	-13.75	297.852
-11.25	0	-13.75	289.132
-8.75	0	-13.75	279.773
-6.25	0	-13.75	264.472
-3.75	0	-13.75	253.638
-1.25	0	-13.75	239.965
1.25	0	-13.75	229.929
3.75	0	-13.75	224.759
6.25	0	-13.75	220.224
8.75	0	-13.75	215.692
11.25	0	-13.75	211.914
13.75	0	-13.75	213.246
16.25	0	-13.75	208.676
18.75	0	-13.75	205.504
21.25	0	-13.75	207.331
23.75	0	-13.75	207.123
26.25	0	-13.75	207.805
28.75	0	-13.75	205.867
31.25	0	-13.75	202.451
33.75	0	-13.75	199.898
36.25	0	-13.75	196.107
38.75	0	-13.75	191.889
41.25	0	-13.75	185.229
43.75	0	-13.75	183.38
46.25	0	-13.75	181.708
48.75	0	-13.75	176.674
51.25	0	-13.75	173.452
53.75	0	-13.75	170.918
56.25	0	-13.75	169.191
58.75	0	-13.75	167.72
61.25	0	-13.75	167.05
63.75	0	-13.75	169.859
66.25	0	-13.75	172.012
68.75	0	-13.75	174.163
71.25	0	-13.75	172.125
73.75	0	-13.75	171.404
76.25	0	-13.75	171.875
78.75	0	-13.75	168.576
81.25	0	-13.75	164.903
83.75	0	-13.75	162.251
86.25	0	-13.75	159.255
88.75	0	-13.75	155.198
91.25	0	-13.75	148.053
93.75	0	-13.75	145.32
96.25	0	-13.75	143.231
98.75	0	-13.75	144.636
101.25	0	-13.75	144.753
103.75	0	-13.75	145.668
106.25	0	-13.75	148.676
108.75	0	-13.75	151.292
111.25	0	-13.75	155.396
113.75	0	-13.75	159.476
-112.5	0	-15	441.215
-110	0	-15	439.132
-107.5	0	-15	442.604
-105	0	-15	442.936
-102.5	0	-15	443.782
-100	0	-15	439.582
-97.5	0	-15	442.295
-95	0	-15	442.876
-92.5	0	-15	447.301
-90	0	-15	445.543
-87.5	0	-15	442.666
-85	0	-15	444.232
-82.5	0	-15	446.005
-80	0	-15	441.377
-77.5	0	-15	435.858
-75	0	-15	431.229
-72.5	0	-15	425.35
-70	0	-15	421.148
-67.5	0	-15	409.242
-65	0	-15	402.33
-62.5	0	-15	387.669
-60	0	-15	381.948
-57.5	0	-15	374.35
-55	0	-15	365.87
-52.5	0	-15	356.898
-50	0	-15	358.325
-47.5	0	-15	354.654
-45	0	-15	353.542
-42.5	0	-15	352.595
-40	0	-15	349.875
-37.5	0	-15	352.739
-35	0	-15	352.3
-32.5	0	-15	357.393
-30	0	-15	353.153
-27.5	0	-15	349.07
-25	0	-15	344.277
-22.5	0	-15	338.956
-20	0	-15	326.915
-17.5	0	-15	318.118
-15	0	-15	306.759
-12.5	0	-15	296.816
-10	0	-15	285.594
-7.5	0	-15	271.428
-5	0	-15	258.121
-2.5	0	-15	244.123
0	0	-15	233.917
2.5	0	-15	226.654
5	0	-15	221.753
7.5	0	-15	218.707
10	0	-15	217.981
12.5	0	-15	217.649
15	0	-15	218.564
17.5	0	-15	214.78
20	0	-15	216.322
22.5	0	-15	218.222
25	0	-15	218.24
27.5	0	-15	218.098
30	0	-15	216.889
32.5	0	-15	212.828
35	0	-15	207.839
37.5	0	-15	202.687
40	0	-15	197.481
42.5	0	-15	192.333
45	0	-15	187.446
47.5	0	-15	186.763
50	0	-15	182.421
52.5	0	-15	177.981
55	0	-15	175.242
57.5	0	-15	172.405
60	0	-15	172.517
62.5	0	-15	173.297
65	0	-15	174.889
67.5	0	-15	175.739
70	0	-15	176.125
72.5	0	-15	175.79
75	0	-15	175.437
77.5	0	-15	172.305
80	0	-15	169.412
82.5	0	-15	167.782
85	0	-15	163.412
87.5	0	-15	159.924
90	0	-15	154.125
92.5	0	-15	149.874
95	0	-15	146.042
97.5	0	-15	143.35
100	0	-15	142.461
102.5	0	-15	140.918
105	0	-15	140.385
107.5	0	-15	143.638
110	0	-15	147.76
-108.75	0	-16.25	444.476
-106.25	0	-16.25	448.305
-103.75	0	-16.25	443.494
-101.25	0	-16.25	447.421
-98.75	0	-16.25	449.895
-96.25	0	-16.25	448.584
-93.75	0	-16.25	451.762
-91.25	0	-16.25	453.022
-88.75	0	-16.25	452.771
-86.25	0	-16.25	451.381
-83.75	0	-16.25	452.501
-81.25	0	-16.25	446.347
-78.75	0	-16.25	444.905
-76.25	0	-16.25	435.478
-73.75	0	-16.25	427.631
-71.25	0	-16.25	425.301
-68.75	0	-16.25	414.867
-66.25	0	-16.25	404.271
-63.75	0	-16.25	394.583
-61.25	0	-16.25	385.985
-58.75	0	-16.25	378.684
-56.25	0	-16.25	373.266
-53.75	0	-16.25	367.408
-51.25	0	-16.25	362.16
-48.75	0	-16.25	363.854
-46.25	0	-16.25	358.932
-43.75	0	-16.25	362.709
-41.25	0	-16.25	363.027
-38.75	0	-16.25	359.84
-36.25	0	-16.25	362.945
-33.75	0	-16.25	364.316
-31.25	0	-16.25	364.484
-28.75	0	-16.25	358.542
-26.25	0	-16.25	353.003
-23.75	0	-16.25	345.755
-21.25	0	-16.25	337.738
-18.75	0	-16.25	327.343
-16.25	0	-16.25	315.126
-13.75	0	-16.25	306.518
-11.25	0	-16.25	290.599
-8.75	0	-16.25	276.994
-6.25	0	-16.25	266.29
-3.75	0	-16.25	251.828
-1.25	0	-16.25	239.692
1.25	0	-16.25	231.23
3.75	0	-16.25	226.972
6.25	0	-16.25	223.914
8.75	0	-16.25	222.54
11.25	0	-16.25	223.439
13.75	0	-16.25	224.028
16.25	0	-16.25	224.676
18.75	0	-16.25	224.621
21.25	0	-16.25	226.711
23.75	0	-16.25	229.199
26.25	0	-16.25	227.822
28.75	0	-16.25	228.124
31.25	0	-16.25	226.951
33.75	0	-16.25	221.175
36.25	0	-16.25	215.903
38.75	0	-16.25	209.814
41.25	0	-16.25	203.972
43.75	0	-16.25	197.619
46.25	0	-16.25	193.923
48.75	0	-16.25	190.713
51.25	0	-16.25	186.813
53.75	0	-16.25	182.547
56.25	0	-16.25	179.011
58.75	0	-16.25	178.664
61.25	0	-16.25	178.322
63.75	0	-16.25	177.57
66.25	0	-16.25	178.834
68.75	0	-16.25	178.465
71.25	0	-16.25	178.807
73.75	0	-16.25	179.509
76.25	0	-16.25	177.42
78.75	0	-16.25	174.225
81.25	0	-16.25	172.71
83.75	0	-16.25	168.952
86.25	0	-16.25	165.946
88.75	0	-16.25	161.059
91.25	0	-16.25	156.595
93.75	0	-16.25	151.798
96.25	0	-16.25	148.331
98.75	0	-16.25	143.036
101.25	0	-16.25	140.542
103.75	0	-16.25	140.705
106.25	0	-16.25	138.628
-105	0	-17.5	447.775
-102.5	0	-17.5	446.478
-100	0	-17.5	452.704
-97.5	0	-17.5	449.92
-95	0	-17.5	455.596
-92.5	0	-17.5	457.845
-90	0	-17.5	456.327
-87.5	0	-17.5	455.679
-85	0	-17.5	455.768
-82.5	0	-17.5	450.559
-80	0	-17.5	444.739
-77.5	0	-17.5	439.631
-75	0	-17.5	429.682
-72.5	0	-17.5	423.125
-70	0	-17.5	414.705
-67.5	0	-17.5	408.045
-65	0	-17.5	395.001
-62.5	0	-17.5	394.333
-60	0	-17.5	384.759
-57.5	0	-17.5	377.059
-55	0	-17.5	373.093
-52.5	0	-17.5	372.79
-50	0	-17.5	366.717
-47.5	0	-17.5	367.749
-45	0	-17.5	369.591
-42.5	0	-17.5	369.824
-40	0	-17.5	371.429
-37.5	0	-17.5	371.743
-35	0	-17.5	371.635
-32.5	0	-17.5	369.546
-30	0	-17.5	369.264
-27.5	0	-17.5	359.033
-25	0	-17.5	352.641
-22.5	0	-17.5	345.111
-20	0	-17.5	337.36
-17.5	0	-17.5	323.263
-15	0	-17.5	314.519
-12.5	0	-17.5	300.817
-10	0	-17.5	285.344
-7.5	0	-17.5	273.391
-5	0	-17.5	261.395
-2.5	0	-17.5	250.034
0	0	-17.5	241.224
2.5	0	-17.5	234.638
5	0	-17.5	229.777
7.5	0	-17.5	229.939
10	0	-17.5	230.725
12.5	0	-17.5	230.716
15	0	-17.5	229.719
17.5	0	-17.5	234.007
20	0	-17.5	234.587
22.5	0	-17.5	236.48
25	0	-17.5	238.157
27.5	0	-17.5	237.253
30	0	-17.5	236.461
32.5	0	-17.5	234.298
35	0	-17.5	228.658
37.5	0	-17.5	222.314
40	0	-17.5	216.766
42.5	0	-17.5	210.559
45	0	-17.5	203.338
47.5	0	-17.5	198.197
50	0	-17.5	195.504
52.5	0	-17.5	191.395
55	0	-17.5	187.428
57.5	0	-17.5	184.867
60	0	-17.5	183.721
62.5	0	-17.5	183.107
65	0	-17.5	181.841
67.5	0	-17.5	180.878
70	0	-17.5	181.744
72.5	0	-17.5	182.758
75	0	-17.5	180.962
77.5	0	-17.5	179.272
80	0	-17.5	178.231
82.5	0	-17.5	175.652
85	0	-17.5	172.229
87.5	0	-17.5	167.49
90	0	-17.5	164.391
92.5	0	-17.5	159.914
95	0	-17.5	153.828
97.5	0	-17.5	148.406
100	0	-17.5	145.814
102.5	0	-17.5	143.86
-101.25	0	-18.75	449.03
-98.75	0	-18.75	450.223
-96.25	0	-18.75	453.103
-93.75	0	-18.75	456.694
-91.25	0	-18.75	458.338
-88.75	0	-18.75	456.075
-86.25	0	-18.75	456.098
-83.75	0	-18.75	447.019
-81.25	0	-18.75	444.608
-78.75	0	-18.75	437.518
-76.25	0	-18.75	430.755
-73.75	0	-18.75	421.666
-71.25	0	-18.75	410.821
-68.75	0	-18.75	407.358
-66.25	0	-18.75	398.82
-63.75	0	-18.75	395.419
-61.25	0	-18.75	391.139
-58.75	0	-18.75	383.185
-56.25	0	-18.75	378.92
-53.75	0	-18.75	376.925
-51.25	0	-18.75	374.929
-48.75	0	-18.75	371.534
-46.25	0	-18.75	377.387
-43.75	0	-18.75	376.639
-41.25	0	-18.75	378.033
-38.75	0	-18.75	378.391
-36.25	0	-18.75	377.895
-33.75	0	-18.75	377.926
-31.25	0	-18.75	372.33
-28.75	0	-18.75	367.51
-26.25	0	-18.75	357.919
-23.75	0	-18.75	351.052
-21.25	0	-18.75	344.249
-18.75	0	-18.75	333.061
-16.25	0	-18.75	320.934
-13.75	0	-18.75	310.066
-11.25	0	-18.75	299.141
-8.75	0	-18.75	283.828
-6.25	0	-18.75	272.846
-3.75	0	-18.75	262.268
-1.25	0	-18.75	254.114
1.25	0	-18.75	246.87
3.75	0	-18.75	240.557
6.25	0	-18.75	237.998
8.75	0	-18.75	238.061
11.25	0	-18.75	239.562
13.75	0	-18.75	237.933
16.25	0	-18.75	239.475
18.75	0	-18.75	242.903
21.25	0	-18.75	243.97
23.75	0	-18.75	244.565
26.25	0	-18.75	245.473
28.75	0	-18.75	245.08
31.25	0	-18.75	242.989
33.75	0	-18.75	239.236
36.25	0	-18.75	233.529
38.75	0	-18.75	228.643
41.25	0	-18.75	222.357
43.75	0	-18.75	215.981
46.25	0	-18.75	208.291
48.75	0	-18.75	203.775
51.25	0	-18.75	201.18
53.75	0	-18.75	196.13
56.25	0	-18.75	192.269
58.75	0	-18.75	190.181
61.25	0	-18.75	188.7
63.75	0	-18.75	186.658
66.25	0	-18.75	184.819
68.75	0	-18.75	184.332
71.25	0	-18.75	185.177
73.75	0	-18.75	184.831
76.25	0	-18.75	182.865
78.75	0	-18.75	183.453
81.25	0	-18.75	181.381
83.75	0	-18.75	179.703
86.25	0	-18.75	174.718
88.75	0	-18.75	171.098
91.25	0	-18.75	166.977
93.75	0	-18.75	162.013
96.25	0	-18.75	157.592
98.75	0	-18.75	152.719
-97.5	0	-20	451.717
-95	0	-20	450.676
-92.5	0	-20	450.185
-90	0	-20	453.104
-87.5	0	-20	452.349
-85	0	-20	443.994
-82.5	0	-20	437.829
-80	0	-20	432.541
-77.5	0	-20	425.73
-75	0	-20	420.909
-72.5	0	-20	410.312
-70	0	-20	404.397
-67.5	0	-20	398.698
-65	0	-20	398.259
-62.5	0	-20	390.731
-60	0	-20	390.219
-57.5	0	-20	382.318
-55	0	-20	382.009
-52.5	0	-20	381.335
-50	0	-20	378.609
-47.5	0	-20	379.302
-45	0	-20	383.409
-42.5	0	-20	382.457
-40	0	-20	383.761
-37.5	0	-20	383.866
-35	0	-20	380.571
-32.5	0	-20	377.959
-30	0	-20	371.392
-27.5	0	-20	366.572
-25	0	-20	355.673
-22.5	0	-20	348.747
-20	0	-20	338.175
-17.5	0	-20	332.316
-15	0	-20	320.099
-12.5	0	-20	308.461
-10	0	-20	299.687
-7.5	0	-20	287.73
-5	0	-20	276.868
-2.5	0	-20	269.924
0	0	-20	261.248
2.5	0	-20	254.471
5	0	-20	250.191
7.5	0	-20	248.469
10	0	-20	247.927
12.5	0	-20	246.346
15	0	-20	248.585
17.5	0	-20	249.589
20	0	-20	251.995
22.5	0	-20	250.47
25	0	-20	251.658
27.5	0	-20	252.096
30	0	-20	249.008
32.5	0	-20	246.992
35	0	-20	243.324
37.5	0	-20	237.339
40	0	-20	232.203
42.5	0	-20	226.72
45	0	-20	221.199
47.5	0	-20	214.51
50	0	-20	209.513
52.5	0	-20	205.631
55	0	-20	201.367
57.5	0	-20	197.857
60	0	-20	194.262
62.5	0	-20	192.777
65	0	-20	189.763
67.5	0	-20	187.919
70	0	-20	188.593
72.5	0	-20	187.208
75	0	-20	187.117
77.5	0	-20	187.722
80	0	-20	186.703
82.5	0	-20	185.041
85	0	-20	181.939
87.5	0	-20	178.126
90	0	-20	173.821
92.5	0	-20	171.44
95	0	-20	166.697
-93.75	0	-21.25	442.793
-91.25	0	-21.25	440.443
-88.75	0	-21.25	441.998
-86.25	0	-21.25	436.105
-83.75	0	-21.25	432.777
-81.25	0	-21.25	423.711
-78.75	0	-21.25	417.963
-76.25	0	-21.25	414.828
-73.75	0	-21.25	410.683
-71.25	0	-21.25	404.319
-68.75	0	-21.25	396.495
-66.25	0	-21.25	397.229
-63.75	0	-21.25	393.909
-61.25	0	-21.25	388.32
-58.75	0	-21.25	387.052
-56.25	0	-21.25	386.374
-53.75	0	-21.25	384.059
-51.25	0	-21.25	384.618
-48.75	0	-21.25	386.764
-46.25	0	-21.25	382.963
-43.75	0	-21.25	386.314
-41.25	0	-21.25	386.83
-38.75	0	-21.25	387.785
-36.25	0	-21.25	385.082
-33.75	0	-21.25	379.79
-31.25	0	-21.25	375.853
-28.75	0	-21.25	369.259
-26.25	0	-21.25	364.113
-23.75	0	-21.25	352.714
-21.25	0	-21.25	344.359
-18.75	0	-21.25	339.659
-16.25	0	-21.25	331.037
-13.75	0	-21.25	321.232
-11.25	0	-21.25	313.31
-8.75	0	-21.25	304.519
-6.25	0	-21.25	293.428
-3.75	0	-21.25	287.51
-1.25	0	-21.25	279.062
1.25	0	-21.25	271.492
3.75	0	-21.25	264.91
6.25	0	-21.25	261.199
8.75	0	-21.25	259.239
11.25	0	-21.25	256.529
13.75	0	-21.25	257.562
16.25	0	-21.25	257.614
18.75	0	-21.25	258.94
21.25	0	-21.25	259.557
23.75	0	-21.25	257.204
26.25	0	-21.25	256.16
28.75	0	-21.25	255.413
31.25	0	-21.25	252.163
33.75	0	-21.25	248.561
36.25	0	-21.25	245.688
38.75	0	-21.25	239.851
41.25	0	-21.25	235.349
43.75	0	-21.25	230.771
46.25	0	-21.25	225.91
48.75	0	-21.25	219.697
51.25	0	-21.25	214.103
53.75	0	-21.25	211.192
56.25	0	-21.25	206.574
58.75	0	-21.25	202.591
61.25	0	-21.25	198.572
63.75	0	-21.25	195.299
66.25	0	-21.25	193.445
68.75	0	-21.25	192.032
71.25	0	-21.25	191.105
73.75	0	-21.25	190.571
76.25	0	-21.25	191.833
78.75	0	-21.25	190.718
81.25	0	-21.25	190.54
83.75	0	-21.25	186.673
86.25	0	-21.25	184.388
88.75	0	-21.25	182.52
91.25	0	-21.25	179.536
-90	0	-22.5	428.552
-87.5	0	-22.5	423.452
-85	0	-22.5	419.036
-82.5	0	-22.5	414.853
-80	0	-22.5	410.936
-77.5	0	-22.5	408.872
-75	0	-22.5	404.014
-72.5	0	-22.5	403.184
-70	0	-22.5	395.906
-67.5	0	-22.5	395.352
-65	0	-22.5	392.593
-62.5	0	-22.5	390.037
-60	0	-22.5	385.992
-57.5	0	-22.5	389.656
-55	0	-22.5	386.561
-52.5	0	-22.5	386.916
-50	0	-22.5	388.88
-47.5	0	-22.5	388.933
-45	0	-22.5	386.256
-42.5	0	-22.5	389.127
-40	0	-22.5	387.854
-37.5	0	-22.5	387.334
-35	0	-22.5	385.206
-32.5	0	-22.5	377.766
-30	0	-22.5	372.223
-27.5	0	-22.5	364.871
-25	0	-22.5	361.916
-22.5	0	-22.5	351.841
-20	0	-22.5	346.447
-17.5	0	-22.5	340.846
-15	0	-22.5	335.159
-12.5	0	-22.5	326.595
-10	0	-22.5	320.25
-7.5	0	-22.5	313.079
-5	0	-22.5	304.094
-2.5	0	-22.5	297.395
0	0	-22.5	291.43
2.5	0	-22.5	282.752
5	0	-22.5	277.846
7.5	0	-22.5	272.329
10	0	-22.5	268.087
12.5	0	-22.5	267.914
15	0	-22.5	267.528
17.5	0	-22.5	267.552
20	0	-22.5	265.398
22.5	0	-22.5	265.777
25	0	-22.5	262.441
27.5	0	-22.5	259.421
30	0	-22.5	256.54
32.5	0	-22.5	252.906
35	0	-22.5	249.844
37.5	0	-22.5	246.753
40	0	-22.5	242.344
42.5	0	-22.5	238.001
45	0	-22.5	233.677
47.5	0	-22.5	229.549
50	0	-22.5	223.341
52.5	0	-22.5	219.081
55	0	-22.5	216.615
57.5	0	-22.5	211.566
60	0	-22.5	206.736
62.5	0	-22.5	201.874
65	0	-22.5	198.991
67.5	0	-22.5	197.635
70	0	-22.5	195.361
72.5	0	-22.5	194.473
75	0	-22.5	195.071
77.5	0	-22.5	195.314
80	0	-22.5	193.747
82.5	0	-22.5	191.409
85	0	-22.5	191.171
87.5	0	-22.5	189.434
-86.25	0	-23.75	406.092
-83.75	0	-23.75	402.444
-81.25	0	-23.75	400.224
-78.75	0	-23.75	399.998
-76.25	0	-23.75	399.394
-73.75	0	-23.75	396.692
-71.25	0	-23.75	393.986
-68.75	0	-23.75	392.335
-66.25	0	-23.75	389.551
-63.75	0	-23.75	389.446
-61.25	0	-23.75	387.6
-58.75	0	-23.75	387.52
-56.25	0	-23.75	389.048
-53.75	0	-23.75	386.845
-51.25	0	-23.75	388.446
-48.75	0	-23.75	390.281
-46.25	0	-23.75	389.391
-43.75	0	-23.75	387.587
-41.25	0	-23.75	389.998
-38.75	0	-23.75	388.306
-36.25	0	-23.75	385.856
-33.75	0	-23.75	380.921
-31.25	0	-23.75	374.259
-28.75	0	-23.75	369.988
-26.25	0	-23.75	364.76
-23.75	0	-23.75	360.259
-21.25	0	-23.75	355.529
-18.75	0	-23.75	351.634
-16.25	0	-23.75	346.409
-13.75	0	-23.75	342.194
-11.25	0	-23.75	335.33
-8.75	0	-23.75	328.49
-6.25	0	-23.75	324.715
-3.75	0	-23.75	316.03
-1.25	0	-23.75	308.829
1.25	0	-23.75	302.814
3.75	0	-23.75	297.13
6.25	0	-23.75	289.346
8.75	0	-23.75	282.45
11.25	0	-23.75	279.175
13.75	0	-23.75	278.097
16.25	0	-23.75	277.409
18.75	0	-23.75	274.31
21.25	0	-23.75	271.957
23.75	0	-23.75	270.014
26.25	0	-23.75	265.323
28.75	0	-23.75	261.027
31.25	0	-23.75	256.992
33.75	0	-23.75	253.249
36.25	0	-23.75	250.701
38.75	0	-23.75	247.805
41.25	0	-23.75	243.113
43.75	0	-23.75	239.978
46.25	0	-23.75	236.344
48.75	0	-23.75	231.491
51.25	0	-23.75	227.152
53.75	0	-23.75	223.56
56.25	0	-23.75	221.151
58.75	0	-23.75	216.056
61.25	0	-23.75	210.149
63.75	0	-23.75	206.07
66.25	0	-23.75	203.971
68.75	0	-23.75	201.042
71.25	0	-23.75	198.401
73.75	0	-23.75	199.232
76.25	0	-23.75	197.849
78.75	0	-23.75	197.608
81.25	0	-23.75	196.853
83.75	0	-23.75	196.355
-82.5	0	-25	389.394
-80	0	-25	390.021
-77.5	0	-25	387.18
-75	0	-25	390.074
-72.5	0	-25	387.94
-70	0	-25	389.713
-67.5	0	-25	386.093
-65	0	-25	384.507
-62.5	0	-25	386.045
-60	0	-25	388.263
-57.5	0	-25	385.656
-55	0	-25	387.422
-52.5	0	-25	387.381
-50	0	-25	388.311
-47.5	0	-25	387.945
-45	0	-25	389.57
-42.5	0	-25	388.186
-40	0	-25	390.105
-37.5	0	-25	386.123
-35	0	-25	381.643
-32.5	0	-25	378.002
-30	0	-25	373.264
-27.5	0	-25	371.014
-25	0	-25	366.045
-22.5	0	-25	366.323
-20	0	-25	360.702
-17.5	0	-25	358.221
-15	0	-25	356.056
-12.5	0	-25	351.294
-10	0	-25	344.46
-7.5	0	-25	341.114
-5	0	-25	335.24
-2.5	0	-25	327.967
0	0	-25	321.599
2.5	0	-25	315.81
5	0	-25	308.15
7.5	0	-25	300.291
10	0	-25	293.919
12.5	0	-25	290.31
15	0	-25	287.168
17.5	0	-25	284.089
20	0	-25	280.983
22.5	0	-25	276.495
25	0	-25	272.87
27.5	0	-25	265.953
30	0	-25	262.001
32.5	0	-25	258.199
35	0	-25	253.517
37.5	0	-25	250.39
40	0	-25	248.076
42.5	0	-25	244.129
45	0	-25	240.855
47.5	0	-25	237.669
50	0	-25	234.352
52.5	0	-25	230.214
55	0	-25	227.203
57.5	0	-25	224.612
60	0	-25	219.672
62.5	0	-25	214.812
65	0	-25	211.123
67.5	0	-25	207.367
70	0	-25	204.492
72.5	0	-25	202.525
75	0	-25	201.205
77.5	0	-25	202.024
80	0	-25	201.167
-78.75	0	-26.25	378.563
-76.25	0	-26.25	377.789
-73.75	0	-26.25	377.404
-71.25	0	-26.25	381.972
-68.75	0	-26.25	383.947
-66.25	0	-26.25	380.768
-63.75	0	-26.25	379.424
-61.25	0	-26.25	383.469
-58.75	0	-26.25	384.59
-56.25	0	-26.25	383.247
-53.75	0	-26.25	387.45
-51.25	0	-26.25	385.303
-48.75	0	-26.25	384.905
-46.25	0	-26.25	388.816
-43.75	0	-26.25	388.589
-41.25	0	-26.25	386.782
-38.75	0	-26.25	386.727
-36.25	0	-26.25	383.809
-33.75	0	-26.25	381.301
-31.25	0	-26.25	378.084
-28.75	0	-26.25	375.562
-26.25	0	-26.25	373.984
-23.75	0	-26.25	373.798
-21.25	0	-26.25	373.446
-18.75	0	-26.25	368.611
-16.25	0	-26.25	366.904
-13.75	0	-26.25	365.277
-11.25	0	-26.25	362.157
-8.75	0	-26.25	356.475
-6.25	0	-26.25	351.971
-3.75	0	-26.25	347.541
-1.25	0	-26.25	339.035
1.25	0	-26.25	334.408
3.75	0	-26.25	327.536
6.25	0	-26.25	317.962
8.75	0	-26.25	311.103
11.25	0	-26.25	305.26
13.75	0	-26.25	299.505
16.25	0	-26.25	294.923
18.75	0	-26.25	289.955
21.25	0	-26.25	285.151
23.75	0	-26.25	279.383
26.25	0	-26.25	274.476
28.75	0	-26.25	267.396
31.25	0	-26.25	261.945
33.75	0	-26.25	258.442
36.25	0	-26.25	253.855
38.75	0	-26.25	250.444
41.25	0	-26.25	247.761
43.75	0	-26.25	244.785
46.25	0	-26.25	241.331
48.75	0	-26.25	239.004
51.25	0	-26.25	236.915
53.75	0	-26.25	232.965
56.25	0	-26.25	229.992
58.75	0	-26.25	227.553
61.25	0	-26.25	223.425
63.75	0	-26.25	219.549
66.25	0	-26.25	214.671
68.75	0	-26.25	210.284
71.25	0	-26.25	208.054
73.75	0	-26.25	206.388
76.25	0	-26.25	205.836
-75	0	-27.5	366.844
-72.5	0	-27.5	371.491
-70	0	-27.5	372.61
-67.5	0	-27.5	375.662
-65	0	-27.5	374.971
-62.5	0	-27.5	375.856
-60	0	-27.5	377.973
-57.5	0	-27.5	379.99
-55	0	-27.5	381.428
-52.5	0	-27.5	384.246
-50	0	-27.5	383.816
-47.5	0	-27.5	385.116
-45	0	-27.5	386.111
-42.5	0	-27.5	387.034
-40	0	-27.5	384.265
-37.5	0	-27.5	386.081
-35	0	-27.5	383.384
-32.5	0	-27.5	383.719
-30	0	-27.5	383.219
-27.5	0	-27.5	380.162
-25	0	-27.5	382.158
-22.5	0	-27.5	381.385
-20	0	-27.5	381.935
-17.5	0	-27.5	378.403
-15	0	-27.5	376.698
-12.5	0	-27.5	374.304
-10	0	-27.5	373.647
-7.5	0	-27.5	368.496
-5	0	-27.5	363.279
-2.5	0	-27.5	358.215
0	0	-27.5	351.739
2.5	0	-27.5	344.642
5	0	-27.5	337.026
7.5	0	-27.5	328.902
10	0	-27.5	321.128
12.5	0	-27.5	314.066
15	0	-27.5	307.434
17.5	0	-27.5	300.636
20	0	-27.5	294.921
22.5	0	-27.5	288
25	0	-27.5	281.072
27.5	0	-27.5	275.499
30	0	-27.5	267.862
32.5	0	-27.5	262.452
35	0	-27.5	257.863
37.5	0	-27.5	253.914
40	0	-27.5	250.939
42.5	0	-27.5	248.179
45	0	-27.5	244.229
47.5	0	-27.5	242.605
50	0	-27.5	240.7
52.5	0	-27.5	238.782
55	0	-27.5	235.535
57.5	0	-27.5	232.232
60	0	-27.5	230.259
62.5	0	-27.5	227.243
65	0	-27.5	221.717
67.5	0	-27.5	216.921
70	0	-27.5	215.291
72.5	0	-27.5	212.324
-71.25	0	-28.75	362.461
-68.75	0	-28.75	363.385
-66.25	0	-28.75	365.585
-63.75	0	-28.75	368.368
-61.25	0	-28.75	370.683
-58.75	0	-28.75	372.322
-56.25	0	-28.75	376.101
-53.75	0	-28.75	378.436
-51.25	0	-28.75	382.07
-48.75	0	-28.75	382.367
-46.25	0	-28.75	383.541
-43.75	0	-28.75	386.024
-41.25	0	-28.75	385.993
-38.75	0	-28.75	384.697
-36.25	0	-28.75	386.901
-33.75	0	-28.75	387.81
-31.25	0	-28.75	389.097
-28.75	0	-28.75	389.279
-26.25	0	-28.75	389.866
-23.75	0	-28.75	390.265
-21.25	0	-28.75	389.575
-18.75	0	-28.75	391.286
-16.25	0	-28.75	387.915
-13.75	0	-28.75	386.329
-11.25	0	-28.75	385.792
-8.75	0	-28.75	383.354
-6.25	0	-28.75	378.805
-3.75	0	-28.75	374.607
-1.25	0	-28.75	369.974
1.25	0	-28.75	361.549
3.75	0	-28.75	353.647
6.25	0	-28.75	346.316
8.75	0	-28.75	338.767
11.25	0	-28.75	330.015
13.75	0	-28.75	320.577
16.25	0	-28.75	312.646
18.75	0	-28.75	306.383
21.25	0	-28.75	297.909
23.75	0	-28.75	290.062
26.25	0	-28.75	281.686
28.75	0	-28.75	275.761
31.25	0	-28.75	268.276
33.75	0	-28.75	262.375
36.25	0	-28.75	258.315
38.75	0	-28.75	253.6
41.25	0	-28.75	251.487
43.75	0	-28.75	248.494
46.25	0	-28.75	245.28
48.75	0	-28.75	243.817
51.25	0	-28.75	242.706
53.75	0	-28.75	240.615
56.25	0	-28.75	236.708
58.75	0	-28.75	234.568
61.25	0	-28.75	232.83
63.75	0	-28.75	228.115
66.25	0	-28.75	224.477
68.75	0	-28.75	221.482
-67.5	0	-30	353.585
-65	0	-30	358.841
-62.5	0	-30	358.986
-60	0	-30	362.108
-57.5	0	-30	370.822
-55	0	-30	373.173
-52.5	0	-30	373.88
-50	0	-30	379.924
-47.5	0	-30	382.244
-45	0	-30	385.012
-42.5	0	-30	387.044
-40	0	-30	388.34
-37.5	0	-30	387.472
-35	0	-30	392.557
-32.5	0	-30	393.606
-30	0	-30	395.83
-27.5	0	-30	398.139
-25	0	-30	398.532
-22.5	0	-30	399.206
-20	0	-30	398.58
-17.5	0	-30	399.886
-15	0	-30	396.737
-12.5	0	-30	397.035
-10	0	-30	395.484
-7.5	0	-30	393.215
-5	0	-30	388.133
-2.5	0	-30	385.299
0	0	-30	379.884
2.5	0	-30	369.629
5	0	-30	362.728
7.5	0	-30	355.615
10	0	-30	345.906
12.5	0	-30	336.253
15	0	-30	326.505
17.5	0	-30	317.318
20	0	-30	308.517
22.5	0	-30	300.281
25	0	-30	290.611
27.5	0	-30	282.554
30	0	-30	275.686
32.5	0	-30	268.193
35	0	-30	262.762
37.5	0	-30	258.557
40	0	-30	254.658
42.5	0	-30	251.051
45	0	-30	250.075
47.5	0	-30	247.453
50	0	-30	245.698
52.5	0	-30	243.842
55	0	-30	241.769
57.5	0	-30	237.951
60	0	-30	235.846
62.5	0	-30	234.584
65	0	-30	230.589
-63.75	0	-31.25	349.517
-61.25	0	-31.25	352.567
-58.75	0	-31.25	357.709
-56.25	0	-31.25	364.421
-53.75	0	-31.25	370.231
-51.25	0	-31.25	373.941
-48.75	0	-31.25	380.384
-46.25	0	-31.25	384.068
-43.75	0	-31.25	387.973
-41.25	0	-31.25	391.207
-38.75	0	-31.25	393.339
-36.25	0	-31.25	394.284
-33.75	0	-31.25	398.822
-31.25	0	-31.25	400.567
-28.75	0	-31.25	404.156
-26.25	0	-31.25	406.651
-23.75	0	-31.25	405.864
-21.25	0	-31.25	408.195
-18.75	0	-31.25	407.462
-16.25	0	-31.25	407.794
-13.75	0	-31.25	406.069
-11.25	0	-31.25	405.567
-8.75	0	-31.25	404.782
-6.25	0	-31.25	402.389
-3.75	0	-31.25	398.03
-1.25	0	-31.25	393.195
1.25	0	-31.25	387.172
3.75	0	-31.25	378.823
6.25	0	-31.25	370.891
8.75	0	-31.25	362.394
11.25	0	-31.25	352.252
13.75	0	-31.25	340.799
16.25	0	-31.25	330.526
18.75	0	-31.25	319.736
21.25	0	-31.25	309.723
23.75	0	-31.25	300.229
26.25	0	-31.25	291.692
28.75	0	-31.25	282.542
31.25	0	-31.25	276.103
33.75	0	-31.25	268.246
36.25	0	-31.25	263.107
38.75	0	-31.25	259.503
41.25	0	-31.25	255.203
43.75	0	-31.25	253.242
46.25	0	-31.25	251.532
48.75	0	-31.25	249.621
51.25	0	-31.25	247.634
53.75	0	-31.25	244.511
56.25	0	-31.25	242.084
58.75	0	-31.25	240.418
61.25	0	-31.25	237.441
-60	0	-32.5	347.658
-57.5	0	-32.5	352.828
-55	0	-32.5	360.707
-52.5	0	-32.5	369.791
-50	0	-32.5	376.96
-47.5	0	-32.5	384.693
-45	0	-32.5	387.992
-42.5	0	-32.5	392.791
-40	0	-32.5	397.185
-37.5	0	-32.5	400.528
-35	0	-32.5	401.791
-32.5	0	-32.5	405.918
-30	0	-32.5	408.615
-27.5	0	-32.5	411.945
-25	0	-32.5	412.999
-22.5	0	-32.5	414.254
-20	0	-32.5	414.998
-17.5	0	-32.5	414.89
-15	0	-32.5	416.894
-12.5	0	-32.5	413.996
-10	0	-32.5	413.534
-7.5	0	-32.5	412.457
-5	0	-32.5	411.55
-2.5	0	-32.5	406.099
0	0	-32.5	399.818
2.5	0	-32.5	394.171
5	0	-32.5	386.117
7.5	0	-32.5	378.363
10	0	-32.5	367.872
12.5	0	-32.5	356.081
15	0	-32.5	344.526
17.5	0	-32.5	331.533
20	0	-32.5	320.566
22.5	0	-32.5	309.88
25	0	-32.5	300.28
27.5	0	-32.5	291.072
30	0	-32.5	283.247
32.5	0	-32.5	276.223
35	0	-32.5	269.057
37.5	0	-32.5	264.116
40	0	-32.5	260.248
42.5	0	-32.5	257.337
45	0	-32.5	255.383
47.5	0	-32.5	254.154
50	0	-32.5	250.565
52.5	0	-32.5	248.372
55	0	-32.5	246.704
57.5	0	-32.5	244.807
-56.25	0	-33.75	351.667
-53.75	0	-33.75	362.551
-51.25	0	-33.75	372.428
-48.75	0	-33.75	381.19
-46.25	0	-33.75	391.215
-43.75	0	-33.75	394.427
-41.25	0	-33.75	398.431
-38.75	0	-33.75	403.91
-36.25	0	-33.75	407.983
-33.75	0	-33.75	408.643
-31.25	0	-33.75	414.148
-28.75	0	-33.75	416.077
-26.25	0	-33.75	417.548
-23.75	0	-33.75	420.168
-21.25	0	-33.75	419.637
-18.75	0	-33.75	421.518
-16.25	0	-33.75	422.236
-13.75	0	-33.75	424.198
-11.25	0	-33.75	421.483
-8.75	0	-33.75	420.563
-6.25	0	-33.75	420.595
-3.75	0	-33.75	418.148
-1.25	0	-33.75	411.948
1.25	0	-33.75	406.869
3.75	0	-33.75	401.307
6.25	0	-33.75	391.77
8.75	0	-33.75	382.639
11.25	0	-33.75	371.94
13.75	0	-33.75	358.847
16.25	0	-33.75	345.1
18.75	0	-33.75	332.086
21.25	0	-33.75	319.502
23.75	0	-33.75	309.528
26.25	0	-33.75	299.876
28.75	0	-33.75	290.849
31.25	0	-33.75	282.771
33.75	0	-33.75	277.577
36.25	0	-33.75	270.221
38.75	0	-33.75	265.339
41.25	0	-33.75	262.214
43.75	0	-33.75	259.571
46.25	0	-33.75	257.629
48.75	0	-33.75	255.531
51.25	0	-33.75	252.841
53.75	0	-33.75	250.358
-52.5	0	-35	367.858
-50	0	-35	379.037
-47.5	0	-35	386.607
-45	0	-35	396.165
-42.5	0	-35	401.571
-40	0	-35	405.802
-37.5	0	-35	410.238
-35	0	-35	413.459
-32.5	0	-35	416.448
-30	0	-35	420.77
-27.5	0	-35	421.444
-25	0	-35	423.862
-22.5	0	-35	424.517
-20	0	-35	425.297
-17.5	0	-35	427.435
-15	0	-35	428.378
-12.5	0	-35	429.838
-10	0	-35	428.285
-7.5	0	-35	428.259
-5	0	-35	426.408
-2.5	0	-35	422.925
0	0	-35	418.211
2.5	0	-35	413.414
5	0	-35	406.537
7.5	0	-35	395.59
10	0	-35	384.868
12.5	0	-35	373.755
15	0	-35	359.626
17.5	0	-35	344.865
20	0	-35	330.617
22.5	0	-35	318.934
25	0	-35	308.003
27.5	0	-35	299.209
30	0	-35	290.85
32.5	0	-35	283.316
35	0	-35	278.117
37.5	0	-35	271.79
40	0	-35	267.363
42.5	0	-35	264.55
45	0	-35	261.509
47.5	0	-35	260.119
50	0	-35	258.122
-48.75	0	-36.25	385.691
-46.25	0	-36.25	392.936
-43.75	0	-36.25	401.216
-41.25	0	-36.25	406.775
-38.75	0	-36.25	412.692
-36.25	0	-36.25	415.846
-33.75	0	-36.25	419.615
-31.25	0	-36.25	421.358
-28.75	0	-36.25	425.151
-26.25	0	-36.25	426.715
-23.75	0	-36.25	428.238
-21.25	0	-36.25	429.368
-18.75	0	-36.25	429.934
-16.25	0	-36.25	432.671
-13.75	0	-36.25	433.039
-11.25	0	-36.25	435.46
-8.75	0	-36.25	434.095
-6.25	0	-36.25	433.773
-3.75	0	-36.25	431.395
-1.25	0	-36.25	428.545
1.25	0	-36.25	423.313
3.75	0	-36.25	417.514
6.25	0	-36.25	409.632
8.75	0	-36.25	397.705
11.25	0	-36.25	386.218
13.75	0	-36.25	372.892
16.25	0	-36.25	358.508
18.75	0	-36.25	343.635
21.25	0	-36.25	329.346
23.75	0	-36.25	316.983
26.25	0	-36.25	307.4
28.75	0	-36.25	298.17
31.25	0	-36.25	290.937
33.75	0	-36.25	284.123
36.25	0	-36.25	278.811
38.75	0	-36.25	272.944
41.25	0	-36.25	269.85
43.75	0	-36.25	267.467
46.25	0	-36.25	264.754
-45	0	-37.5	398.511
-42.5	0	-37.5	406.746
-40	0	-37.5	411.207
-37.5	0	-37.5	415.741
-35	0	-37.5	422.01
-32.5	0	-37.5	424.083
-30	0	-37.5	424.066
-27.5	0	-37.5	428.971
-25	0	-37.5	430.209
-22.5	0	-37.5	431.782
-20	0	-37.5	433.97
-17.5	0	-37.5	434.775
-15	0	-37.5	436.141
-12.5	0	-37.5	437.697
-10	0	-37.5	440.123
-7.5	0	-37.5	439.144
-5	0	-37.5	437.165
-2.5	0	-37.5	436.28
0	0	-37.5	433.361
2.5	0	-37.5	426.719
5	0	-37.5	419.489
7.5	0	-37.5	410.599
10	0	-37.5	398.499
12.5	0	-37.5	385.264
15	0	-37.5	371.392
17.5	0	-37.5	355.785
20	0	-37.5	341.486
22.5	0	-37.5	327.871
25	0	-37.5	315.739
27.5	0	-37.5	305.918
30	0	-37.5	298.119
32.5	0	-37.5	290.668
35	0	-37.5	284.13
37.5	0	-37.5	280.02
40	0	-37.5	275.476
42.5	0	-37.5	272.541
-41.25	0	-38.75	411.07
-38.75	0	-38.75	414.14
-36.25	0	-38.75	419.043
-33.75	0	-38.75	423.755
-31.25	0	-38.75	427.087
-28.75	0	-38.75	427.631
-26.25	0	-38.75	430.492
-23.75	0	-38.75	432.402
-21.25	0	-38.75	435.847
-18.75	0	-38.75	437.584
-16.25	0	-38.75	438.146
-13.75	0	-38.75	440.329
-11.25	0	-38.75	441.855
-8.75	0	-38.75	444.319
-6.25	0	-38.75	441.123
-3.75	0	-38.75	441.203
-1.25	0	-38.75	439.381
1.25	0	-38.75	436.229
3.75	0	-38.75	428.445
6.25	0	-38.75	419.913
8.75	0	-38.75	410.275
11.25	0	-38.75	396.57
13.75	0	-38.75	383.306
16.25	0	-38.75	368.54
18.75	0	-38.75	353.52
21.25	0	-38.75	338.606
23.75	0	-38.75	325.76
26.25	0	-38.75	314.522
28.75	0	-38.75	305.171
31.25	0	-38.75	297.152
33.75	0	-38.75	290.411
36.25	0	-38.75	285.143
38.75	0	-38.75	282.387
-37.5	0	-40	417.164
-35	0	-40	421.015
-32.5	0	-40	424.085
-30	0	-40	427.702
-27.5	0	-40	429.568
-25	0	-40	432.75
-22.5	0	-40	434.664
-20	0	-40	438.007
-17.5	0	-40	440.365
-15	0	-40	441.806
-12.5	0	-40	444.519
-10	0	-40	445.228
-7.5	0	-40	445.364
-5	0	-40	444.27
-2.5	0	-40	443.135
0	0	-40	441.388
2.5	0	-40	436.368
5	0	-40	428.402
7.5	0	-40	419.409
10	0	-40	407.857
12.5	0	-40	393.588
15	0	-40	379.78
17.5	0	-40	365.82
20	0	-40	350.462
22.5	0	-40	336.208
25	0	-40	323.143
27.5	0	-40	312.705
30	0	-40	304.314
32.5	0	-40	297
35	0	-40	291.26
-33.75	0	-41.25	420.863
-31.25	0	-41.25	424.942
-28.75	0	-41.25	427.41
-26.25	0	-41.25	429.189
-23.75	0	-41.25	435.21
-21.25	0	-41.25	436.866
-18.75	0	-41.25	439.664
-16.25	0	-41.25	442.763
-13.75	0	-41.25	445.022
-11.25	0	-41.25	446.967
-8.75	0	-41.25	446.277
-6.25	0	-41.25	447.844
-3.75	0	-41.25	445.286
-1.25	0	-41.25	444.373
1.25	0	-41.25	440.409
3.75	0	-41.25	435.524
6.25	0	-41.25	426.453
8.75	0	-41.25	416.549
11.25	0	-41.25	404.933
13.75	0	-41.25	389.644
16.25	0	-41.25	376.034
18.75	0	-41.25	361.923
21.25	0	-41.25	347.555
23.75	0	-41.25	333.179
26.25	0	-41.25	320.937
28.75	0	-41.25	311.252
31.25	0	-41.25	303.629
-30	0	-42.5	424.278
-27.5	0	-42.5	427.134
-25	0	-42.5	429.552
-22.5	0	-42.5	435.411
-20	0	-42.5	438.929
-17.5	0	-42.5	441.657
-15	0	-42.5	444.468
-12.5	0	-42.5	446.182
-10	0	-42.5	447.307
-7.5	0	-42.5	447.856
-5	0	-42.5	448.828
-2.5	0	-42.5	445.937
0	0	-42.5	442.582
2.5	0	-42.5	438.879
5	0	-42.5	432.438
7.5	0	-42.5	423.126
10	0	-42.5	412.268
12.5	0	-42.5	400.484
15	0	-42.5	385.804
17.5	0	-42.5	371.659
20	0	-42.5	357.797
22.5	0	-42.5	343.605
25	0	-42.5	331.179
27.5	0	-42.5	319.549
-26.25	0	-43.75	427.721
-23.75	0	-43.75	430.133
-21.25	0	-43.75	434.957
-18.75	0	-43.75	438.631
-16.25	0	-43.75	443.62
-13.75	0	-43.75	445.45
-11.25	0	-43.75	445.096
-8.75	0	-43.75	447.683
-6.25	0	-43.75	448.154
-3.75	0	-43.75	448.568
-1.25	0	-43.75	444.235
1.25	0	-43.75	440.484
3.75	0	-43.75	435.256
6.25	0	-43.75	428.437
8.75	0	-43.75	417.757
11.25	0	-43.75	407.216
13.75	0	-43.75	395.235
16.25	0	-43.75	380.744
18.75	0	-43.75	367.323
21.25	0	-43.75	354.042
23.75	0	-43.75	340.875
-22.5	0	-45	429.628
-20	0	-45	434.862
-17.5	0	-45	438.419
-15	0	-45	442.328
-12.5	0	-45	444.703
-10	0	-45	445.321
-7.5	0	-45	446.588
-5	0	-45	446.809
-2.5	0	-45	446.11
0	0	-45	441.573
2.5	0	-45	436.948
5	0	-45	430.676
7.5	0	-45	422.371
10	0	-45	412.029
12.5	0	-45	400.716
15	0	-45	389.455
17.5	0	-45	375.741
20	0	-45	363.325
-18.75	0	-46.25	434.487
-16.25	0	-46.25	437.446
-13.75	0	-46.25	439.481
-11.25	0	-46.25	442.731
-8.75	0	-46.25	444.601
-6.25	0	-46.25	445.043
-3.75	0	-46.25	443.308
-1.25	0	-46.25	442.325
1.25	0	-46.25	437.299
3.75	0	-46.25	431.677
6.25	0	-46.25	424.652
8.75	0	-46.25	415.867
11.25	0	-46.25	404.785
13.75	0	-46.25	394.935
16.25	0	-46.25	383.63
-15	0	-47.5	434.538
-12.5	0	-47.5	437.836
-10	0	-47.5	439.9
-7.5	0	-47.5	441.212
-5	0	-47.5	441.879
-2.5	0	-47.5	439.319
0	0	-47.5	436.803
2.5	0	-47.5	430.944
5	0	-47.5	424.762
7.5	0	-47.5	417.399
10	0	-47.5	409.284
12.5	0	-47.5	398.69
-11.25	0	-48.75	435.159
-8.75	0	-48.75	436.786
-6.25	0	-48.75	435.987
-3.75	0	-48.75	435.914
-1.25	0	-48.75	434.1
1.25	0	-48.75	430.01
3.75	0	-48.75	422.803
6.25	0	-48.75	417.129
8.75	0	-48.75	410.372
-7.5	0	-50	431.525
-5	0	-50	430.278
-2.5	0	-50	428.48
0	0	-50	425.356
2.5	0	-50	422.784
5	0	-50	415.218
-3.75	0	-51.25	422.763
-1.25	0	-51.25	420.654
1.25	0	-51.25	416.464
