# ============================================================
# DC Resistivity Section with Temperature Correction
# Paper: A Comparative Study of Pseudo-diode Arrays and Standard Arrays
# Based on High-density DC Resistivity Method
# ============================================================
# Column 1: X_Coord (m)       - Horizontal coordinate
# Column 2: Y_Coord           - Profile offset (Y = 0 for 2D)
# Column 3: Z_Coord (m)       - Depth (negative downward)
# Column 4: App_Resistivity   - Temperature-corrected resistivity (Ohm-m)

312	126	2583
0	0	0	-2359.16	0	0
1	0	0	-1990.55	0	0
2	0	0	-1683.38	0	0
3	0	0	-1427.4	0	0
4	0	0	-1214.08	0	0
5	0	0	-1036.32	0	0
6	0	0	-888.182	0	0
7	0	0	-764.735	0	0
8	0	0	-661.863	0	0
9	0	0	-576.136	0	0
10	0	0	-504.696	0	0
11	0	0	-445.163	0	0
12	0	0	-395.553	0	0
13	0	0	-354.211	0	0
14	0	0	-319.76	0	0
15	0	0	-291.049	0	0
16	0	0	-267.124	0	0
17	0	0	-247.187	0	0
18	0	0	-230.572	0	0
19	0	0	-216.727	0	0
20	0	0	-205.189	0	0
21	0	0	-195.575	0	0
22	0	0	-187.562	0	0
23	0	0	-180.885	0	0
24	0	0	-175.321	0	0
25	0	0	-170.684	0	0
26	0	0	-166.82	0	0
27	0	0	-163.6	0	0
28	0	0	-161.75	0	0
29	0	0	-160	0	0
30	0	1	-157.5	0	0
31	0	0	-156.25	0	0
32	0	1	-155	0	0
33	0	0	-153.75	0	0
34	0	1	-152.5	0	0
35	0	0	-151.25	0	0
36	0	1	-150	0	0
37	0	0	-148.75	0	0
38	0	1	-147.5	0	0
39	0	0	-146.25	0	0
40	0	1	-145	0	0
41	0	0	-143.75	0	0
42	0	1	-142.5	0	0
43	0	0	-141.25	0	0
44	0	1	-140	0	0
45	0	0	-138.75	0	0
46	0	1	-137.5	0	0
47	0	0	-136.25	0	0
48	0	1	-135	0	0
49	0	0	-133.75	0	0
50	0	1	-132.5	0	0
51	0	0	-131.25	0	0
52	0	1	-130	0	0
53	0	0	-128.75	0	0
54	0	1	-127.5	0	0
55	0	0	-126.25	0	0
56	0	1	-125	0	0
57	0	0	-123.75	0	0
58	0	1	-122.5	0	0
59	0	0	-121.25	0	0
60	0	1	-120	0	0
61	0	0	-118.75	0	0
62	0	1	-117.5	0	0
63	0	0	-116.25	0	0
64	0	1	-115	0	0
65	0	0	-113.75	0	0
66	0	1	-112.5	0	0
67	0	0	-111.25	0	0
68	0	1	-110	0	0
69	0	0	-108.75	0	0
70	0	1	-107.5	0	0
71	0	0	-106.25	0	0
72	0	1	-105	0	0
73	0	0	-103.75	0	0
74	0	1	-102.5	0	0
75	0	0	-101.25	0	0
76	0	1	-100	0	0
77	0	0	-98.75	0	0
78	0	1	-97.5	0	0
79	0	0	-96.25	0	0
80	0	1	-95	0	0
81	0	0	-93.75	0	0
82	0	1	-92.5	0	0
83	0	0	-91.25	0	0
84	0	1	-90	0	0
85	0	0	-88.75	0	0
86	0	1	-87.5	0	0
87	0	0	-86.25	0	0
88	0	1	-85	0	0
89	0	0	-83.75	0	0
90	0	1	-82.5	0	0
91	0	0	-81.25	0	0
92	0	1	-80	0	0
93	0	0	-78.75	0	0
94	0	1	-77.5	0	0
95	0	0	-76.25	0	0
96	0	1	-75	0	0
97	0	0	-73.75	0	0
98	0	1	-72.5	0	0
99	0	0	-71.25	0	0
100	0	1	-70	0	0
101	0	0	-68.75	0	0
102	0	1	-67.5	0	0
103	0	0	-66.25	0	0
104	0	1	-65	0	0
105	0	0	-63.75	0	0
106	0	1	-62.5	0	0
107	0	0	-61.25	0	0
108	0	1	-60	0	0
109	0	0	-58.75	0	0
110	0	1	-57.5	0	0
111	0	0	-56.25	0	0
112	0	1	-55	0	0
113	0	0	-53.75	0	0
114	0	1	-52.5	0	0
115	0	0	-51.25	0	0
116	0	1	-50	0	0
117	0	0	-48.75	0	0
118	0	1	-47.5	0	0
119	0	0	-46.25	0	0
120	0	1	-45	0	0
121	0	0	-43.75	0	0
122	0	1	-42.5	0	0
123	0	0	-41.25	0	0
124	0	1	-40	0	0
125	0	0	-38.75	0	0
126	0	1	-37.5	0	0
127	0	0	-36.25	0	0
128	0	1	-35	0	0
129	0	0	-33.75	0	0
130	0	1	-32.5	0	0
131	0	0	-31.25	0	0
132	0	1	-30	0	0
133	0	0	-28.75	0	0
134	0	1	-27.5	0	0
135	0	0	-26.25	0	0
136	0	1	-25	0	0
137	0	0	-23.75	0	0
138	0	1	-22.5	0	0
139	0	0	-21.25	0	0
140	0	1	-20	0	0
141	0	0	-18.75	0	0
142	0	1	-17.5	0	0
143	0	0	-16.25	0	0
144	0	1	-15	0	0
145	0	0	-13.75	0	0
146	0	1	-12.5	0	0
147	0	0	-11.25	0	0
148	0	1	-10	0	0
149	0	0	-8.75	0	0
150	0	1	-7.5	0	0
151	0	0	-6.25	0	0
152	0	1	-5	0	0
153	0	0	-3.75	0	0
154	0	1	-2.5	0	0
155	0	0	-1.25	0	0
156	0	1	0	0	0
157	0	0	1.25	0	0
158	0	1	2.5	0	0
159	0	0	3.75	0	0
160	0	1	5	0	0
161	0	0	6.25	0	0
162	0	1	7.5	0	0
163	0	0	8.75	0	0
164	0	1	10	0	0
165	0	0	11.25	0	0
166	0	1	12.5	0	0
167	0	0	13.75	0	0
168	0	1	15	0	0
169	0	0	16.25	0	0
170	0	1	17.5	0	0
171	0	0	18.75	0	0
172	0	1	20	0	0
173	0	0	21.25	0	0
174	0	1	22.5	0	0
175	0	0	23.75	0	0
176	0	1	25	0	0
177	0	0	26.25	0	0
178	0	1	27.5	0	0
179	0	0	28.75	0	0
180	0	1	30	0	0
181	0	0	31.25	0	0
182	0	1	32.5	0	0
183	0	0	33.75	0	0
184	0	1	35	0	0
185	0	0	36.25	0	0
186	0	1	37.5	0	0
187	0	0	38.75	0	0
188	0	1	40	0	0
189	0	0	41.25	0	0
190	0	1	42.5	0	0
191	0	0	43.75	0	0
192	0	1	45	0	0
193	0	0	46.25	0	0
194	0	1	47.5	0	0
195	0	0	48.75	0	0
196	0	1	50	0	0
197	0	0	51.25	0	0
198	0	1	52.5	0	0
199	0	0	53.75	0	0
200	0	1	55	0	0
201	0	0	56.25	0	0
202	0	1	57.5	0	0
203	0	0	58.75	0	0
204	0	1	60	0	0
205	0	0	61.25	0	0
206	0	1	62.5	0	0
207	0	0	63.75	0	0
208	0	1	65	0	0
209	0	0	66.25	0	0
210	0	1	67.5	0	0
211	0	0	68.75	0	0
212	0	1	70	0	0
213	0	0	71.25	0	0
214	0	1	72.5	0	0
215	0	0	73.75	0	0
216	0	1	75	0	0
217	0	0	76.25	0	0
218	0	1	77.5	0	0
219	0	0	78.75	0	0
220	0	1	80	0	0
221	0	0	81.25	0	0
222	0	1	82.5	0	0
223	0	0	83.75	0	0
224	0	1	85	0	0
225	0	0	86.25	0	0
226	0	1	87.5	0	0
227	0	0	88.75	0	0
228	0	1	90	0	0
229	0	0	91.25	0	0
230	0	1	92.5	0	0
231	0	0	93.75	0	0
232	0	1	95	0	0
233	0	0	96.25	0	0
234	0	1	97.5	0	0
235	0	0	98.75	0	0
236	0	1	100	0	0
237	0	0	101.25	0	0
238	0	1	102.5	0	0
239	0	0	103.75	0	0
240	0	1	105	0	0
241	0	0	106.25	0	0
242	0	1	107.5	0	0
243	0	0	108.75	0	0
244	0	1	110	0	0
245	0	0	111.25	0	0
246	0	1	112.5	0	0
247	0	0	113.75	0	0
248	0	1	115	0	0
249	0	0	116.25	0	0
250	0	1	117.5	0	0
251	0	0	118.75	0	0
252	0	1	120	0	0
253	0	0	121.25	0	0
254	0	1	122.5	0	0
255	0	0	123.75	0	0
256	0	1	125	0	0
257	0	0	126.25	0	0
258	0	1	127.5	0	0
259	0	0	128.75	0	0
260	0	1	130	0	0
261	0	0	131.25	0	0
262	0	1	132.5	0	0
263	0	0	133.75	0	0
264	0	1	135	0	0
265	0	0	136.25	0	0
266	0	1	137.5	0	0
267	0	0	138.75	0	0
268	0	1	140	0	0
269	0	0	141.25	0	0
270	0	1	142.5	0	0
271	0	0	143.75	0	0
272	0	1	145	0	0
273	0	0	146.25	0	0
274	0	1	147.5	0	0
275	0	0	148.75	0	0
276	0	1	150	0	0
277	0	0	151.25	0	0
278	0	1	152.5	0	0
279	0	0	153.75	0	0
280	0	1	155	0	0
281	0	0	156.25	0	0
282	0	0	158.75	0	0
283	0	0	160.5	0	0
284	0	0	162.35	0	0
285	0	0	165.57	0	0
286	0	0	169.434	0	0
287	0	0	174.071	0	0
288	0	0	179.635	0	0
289	0	0	186.312	0	0
290	0	0	194.325	0	0
291	0	0	203.939	0	0
292	0	0	215.477	0	0
293	0	0	229.322	0	0
294	0	0	245.937	0	0
295	0	0	265.874	0	0
296	0	0	289.799	0	0
297	0	0	318.51	0	0
298	0	0	352.961	0	0
299	0	0	394.303	0	0
300	0	0	443.913	0	0
301	0	0	503.446	0	0
302	0	0	574.886	0	0
303	0	0	660.613	0	0
304	0	0	763.485	0	0
305	0	0	886.932	0	0
306	0	0	1035.07	0	0
307	0	0	1212.83	0	0
308	0	0	1426.15	0	0
309	0	0	1682.13	0	0
310	0	0	1989.3	0	0
311	0	0	2357.91	0	0
30	34	32	36	0	217.536	100
32	36	34	38	0	209.432	100
34	38	36	40	0	211.353	100
36	40	38	42	0	240.183	100
38	42	40	44	0	190.35	100
40	44	42	46	0	251.176	100
42	46	44	48	0	208.368	100
44	48	46	50	0	208.792	100
46	50	48	52	0	224.099	100
48	52	50	54	0	201.372	100
50	54	52	56	0	211.937	100
52	56	54	58	0	225.502	100
54	58	56	60	0	230.389	100
56	60	58	62	0	214.638	100
58	62	60	64	0	213.354	100
60	64	62	66	0	199.469	100
62	66	64	68	0	231.16	100
64	68	66	70	0	205.536	100
66	70	68	72	0	233.268	100
68	72	70	74	0	222.204	100
70	74	72	76	0	204.458	100
72	76	74	78	0	223.362	100
74	78	76	80	0	185.901	100
76	80	78	82	0	209.455	100
78	82	80	84	0	182.101	100
80	84	82	86	0	251.579	100
82	86	84	88	0	187.3	100
84	88	86	90	0	220.662	100
86	90	88	92	0	217.64	100
88	92	90	94	0	206.507	100
90	94	92	96	0	234.848	100
92	96	94	98	0	202.185	100
94	98	96	100	0	215.833	100
96	100	98	102	0	203.677	100
98	102	100	104	0	223.016	100
100	104	102	106	0	216.432	100
102	106	104	108	0	215.026	100
104	108	106	110	0	232.368	100
106	110	108	112	0	201.261	100
108	112	110	114	0	237.427	100
110	114	112	116	0	193.701	100
112	116	114	118	0	237.964	100
114	118	116	120	0	189.922	100
116	120	118	122	0	233.983	100
118	122	120	124	0	185.389	100
120	124	122	126	0	223.16	100
122	126	124	128	0	229.058	100
124	128	126	130	0	208.476	100
126	130	128	132	0	233.437	100
128	132	130	134	0	186.062	100
130	134	132	136	0	220.393	100
132	136	134	138	0	212.162	100
134	138	136	140	0	214.118	100
136	140	138	142	0	209.262	100
138	142	140	144	0	191.698	100
140	144	142	146	0	239.559	100
142	146	144	148	0	200.039	100
144	148	146	150	0	225.072	100
146	150	148	152	0	223.257	100
148	152	150	154	0	202.077	100
150	154	152	156	0	216.795	100
152	156	154	158	0	167.533	100
154	158	156	160	0	215.68	100
156	160	158	162	0	192.376	100
158	162	160	164	0	209.852	100
160	164	162	166	0	196.371	100
162	166	164	168	0	216.507	100
164	168	166	170	0	201.703	100
166	170	168	172	0	215.837	100
168	172	170	174	0	195.361	100
170	174	172	176	0	191.85	100
172	176	174	178	0	224.104	100
174	178	176	180	0	197.911	100
176	180	178	182	0	203.383	100
178	182	180	184	0	228.805	100
180	184	182	186	0	184.886	100
182	186	184	188	0	209.156	100
184	188	186	190	0	195.011	100
186	190	188	192	0	208.119	100
188	192	190	194	0	229.2	100
190	194	192	196	0	212.332	100
192	196	194	198	0	220.463	100
194	198	196	200	0	215.613	100
196	200	198	202	0	193.498	100
198	202	200	204	0	223.381	100
200	204	202	206	0	186.413	100
202	206	204	208	0	191.909	100
204	208	206	210	0	228.727	100
206	210	208	212	0	184.03	100
208	212	210	214	0	197.876	100
210	214	212	216	0	220.912	100
212	216	214	218	0	185.593	100
214	218	216	220	0	221.731	100
216	220	218	222	0	201.514	100
218	222	220	224	0	215.19	100
220	224	222	226	0	215.791	100
222	226	224	228	0	194.854	100
224	228	226	230	0	226.17	100
226	230	228	232	0	192.336	100
228	232	230	234	0	217.903	100
230	234	232	236	0	204.128	100
232	236	234	238	0	194.168	100
234	238	236	240	0	207.488	100
236	240	238	242	0	204.316	100
238	242	240	244	0	191.752	100
240	244	242	246	0	206.879	100
242	246	244	248	0	184.228	100
244	248	246	250	0	220.648	100
246	250	248	252	0	177.61	100
248	252	250	254	0	214.572	100
250	254	252	256	0	161.993	100
252	256	254	258	0	208.956	100
254	258	256	260	0	208.374	100
256	260	258	262	0	168.94	100
258	262	260	264	0	225.065	100
260	264	262	266	0	181.335	100
262	266	264	268	0	219.58	100
264	268	266	270	0	194.581	100
266	270	268	272	0	194.935	100
268	272	270	274	0	206.182	100
270	274	272	276	0	229.236	100
272	276	274	278	0	177.138	100
274	278	276	280	0	229.54	100
30	38	34	42	0	209.913	100
32	40	36	44	0	224.532	100
34	42	38	46	0	218.21	100
36	44	40	48	0	221.745	100
38	46	42	50	0	212.91	100
40	48	44	52	0	222.616	100
42	50	46	54	0	217.321	100
44	52	48	56	0	233.129	100
46	54	50	58	0	218.031	100
48	56	52	60	0	203.524	100
50	58	54	62	0	223.28	100
52	60	56	64	0	223.154	100
54	62	58	66	0	230.785	100
56	64	60	68	0	217.429	100
58	66	62	70	0	217.975	100
60	68	64	72	0	222.223	100
62	70	66	74	0	208.002	100
64	72	68	76	0	205.737	100
66	74	70	78	0	205.886	100
68	76	72	80	0	219.468	100
70	78	74	82	0	225.786	100
72	80	76	84	0	215.647	100
74	82	78	86	0	202.556	100
76	84	80	88	0	226.453	100
78	86	82	90	0	227.648	100
80	88	84	92	0	224.867	100
82	90	86	94	0	220.143	100
84	92	88	96	0	227.4	100
86	94	90	98	0	222.407	100
88	96	92	100	0	223.707	100
90	98	94	102	0	219.37	100
92	100	96	104	0	228.562	100
94	102	98	106	0	237.938	100
96	104	100	108	0	193.07	100
98	106	102	110	0	214.332	100
100	108	104	112	0	211.749	100
102	110	106	114	0	216.86	100
104	112	108	116	0	234.859	100
106	114	110	118	0	219.299	100
108	116	112	120	0	223.91	100
110	118	114	122	0	215.065	100
112	120	116	124	0	240.667	100
114	122	118	126	0	231.4	100
116	124	120	128	0	223.211	100
118	126	122	130	0	218.198	100
120	128	124	132	0	227.128	100
122	130	126	134	0	210.355	100
124	132	128	136	0	206.571	100
126	134	130	138	0	202.274	100
128	136	132	140	0	208.966	100
130	138	134	142	0	211.978	100
132	140	136	144	0	211.64	100
134	142	138	146	0	194.684	100
136	144	140	148	0	205.179	100
138	146	142	150	0	207.517	100
140	148	144	152	0	190.805	100
142	150	146	154	0	198.543	100
144	152	148	156	0	191.922	100
146	154	150	158	0	196.126	100
148	156	152	160	0	197.571	100
150	158	154	162	0	205.386	100
152	160	156	164	0	206.643	100
154	162	158	166	0	201.532	100
156	164	160	168	0	198.156	100
158	166	162	170	0	196.712	100
160	168	164	172	0	197.917	100
162	170	166	174	0	212.703	100
164	172	168	176	0	196.126	100
166	174	170	178	0	201.508	100
168	176	172	180	0	210.848	100
170	178	174	182	0	202.846	100
172	180	176	184	0	208.125	100
174	182	178	186	0	200.463	100
176	184	180	188	0	204.376	100
178	186	182	190	0	193.284	100
180	188	184	192	0	199.029	100
182	190	186	194	0	200.815	100
184	192	188	196	0	206.912	100
186	194	190	198	0	200.298	100
188	196	192	200	0	200.935	100
190	198	194	202	0	187.987	100
192	200	196	204	0	195.132	100
194	202	198	206	0	209.733	100
196	204	200	208	0	202.278	100
198	206	202	210	0	197.18	100
200	208	204	212	0	204.264	100
202	210	206	214	0	187.961	100
204	212	208	216	0	189.359	100
206	214	210	218	0	196.413	100
208	216	212	220	0	197.663	100
210	218	214	222	0	193.102	100
212	220	216	224	0	190.631	100
214	222	218	226	0	196.915	100
216	224	220	228	0	192.39	100
218	226	222	230	0	193.618	100
220	228	224	232	0	196.389	100
222	230	226	234	0	194.487	100
224	232	228	236	0	196.396	100
226	234	230	238	0	198.052	100
228	236	232	240	0	191.107	100
230	238	234	242	0	197.026	100
232	240	236	244	0	211.345	100
234	242	238	246	0	203.311	100
236	244	240	248	0	204.321	100
238	246	242	250	0	187.521	100
240	248	244	252	0	211.1	100
242	250	246	254	0	200.928	100
244	252	248	256	0	206.791	100
246	254	250	258	0	201.75	100
248	256	252	260	0	207.84	100
250	258	254	262	0	213.834	100
252	260	256	264	0	185.631	100
254	262	258	266	0	197.789	100
256	264	260	268	0	207.492	100
258	266	262	270	0	199.044	100
260	268	264	272	0	192.631	100
262	270	266	274	0	189.655	100
264	272	268	276	0	200.68	100
266	274	270	278	0	205.706	100
268	276	272	280	0	198.835	100
30	42	36	48	0	240.556	100
32	44	38	50	0	249.477	100
34	46	40	52	0	244.526	100
36	48	42	54	0	244.139	100
38	50	44	56	0	249.665	100
40	52	46	58	0	252.394	100
42	54	48	60	0	242.609	100
44	56	50	62	0	250.812	100
46	58	52	64	0	253.534	100
48	60	54	66	0	255.303	100
50	62	56	68	0	249.083	100
52	64	58	70	0	234.537	100
54	66	60	72	0	254.709	100
56	68	62	74	0	247.671	100
58	70	64	76	0	249.32	100
60	72	66	78	0	266.65	100
62	74	68	80	0	240.603	100
64	76	70	82	0	236.684	100
66	78	72	84	0	270.506	100
68	80	74	86	0	234.018	100
70	82	76	88	0	239.378	100
72	84	78	90	0	238.92	100
74	86	80	92	0	239.151	100
76	88	82	94	0	251.466	100
78	90	84	96	0	261.435	100
80	92	86	98	0	250.343	100
82	94	88	100	0	245.717	100
84	96	90	102	0	244.826	100
86	98	92	104	0	233.983	100
88	100	94	106	0	259.201	100
90	102	96	108	0	251.191	100
92	104	98	110	0	239.622	100
94	106	100	112	0	233.177	100
96	108	102	114	0	249.305	100
98	110	104	116	0	232.637	100
100	112	106	118	0	239.171	100
102	114	108	120	0	255.404	100
104	116	110	122	0	232.99	100
106	118	112	124	0	235.298	100
108	120	114	126	0	238.531	100
110	122	116	128	0	221.16	100
112	124	118	130	0	232.534	100
114	126	120	132	0	231.481	100
116	128	122	134	0	248.153	100
118	130	124	136	0	245.623	100
120	132	126	138	0	245.94	100
122	134	128	140	0	235.594	100
124	136	130	142	0	230.317	100
126	138	132	144	0	224.459	100
128	140	134	146	0	246.705	100
130	142	136	148	0	216.22	100
132	144	138	150	0	230.478	100
134	146	140	152	0	229.714	100
136	148	142	154	0	220.878	100
138	150	144	156	0	223.18	100
140	152	146	158	0	225.151	100
142	154	148	160	0	209.034	100
144	156	150	162	0	214.996	100
146	158	152	164	0	203.799	100
148	160	154	166	0	204.963	100
150	162	156	168	0	207.078	100
152	164	158	170	0	204.003	100
154	166	160	172	0	199.779	100
156	168	162	174	0	196.598	100
158	170	164	176	0	200.203	100
160	172	166	178	0	190.879	100
162	174	168	180	0	211.859	100
164	176	170	182	0	205.688	100
166	178	172	184	0	189.312	100
168	180	174	186	0	185.271	100
170	182	176	188	0	184.684	100
172	184	178	190	0	190.377	100
174	186	180	192	0	200.604	100
176	188	182	194	0	198.209	100
178	190	184	196	0	197.654	100
180	192	186	198	0	192.777	100
182	194	188	200	0	194.534	100
184	196	190	202	0	194.149	100
186	198	192	204	0	179.854	100
188	200	194	206	0	197.317	100
190	202	196	208	0	188.772	100
192	204	198	210	0	182.305	100
194	206	200	212	0	190.815	100
196	208	202	214	0	195.794	100
198	210	204	216	0	178.889	100
200	212	206	218	0	197.07	100
202	214	208	220	0	185.696	100
204	216	210	222	0	185.252	100
206	218	212	224	0	186.973	100
208	220	214	226	0	191.138	100
210	222	216	228	0	178.025	100
212	224	218	230	0	192.133	100
214	226	220	232	0	192.855	100
216	228	222	234	0	188.436	100
218	230	224	236	0	201.252	100
220	232	226	238	0	198.27	100
222	234	228	240	0	189.055	100
224	236	230	242	0	194.195	100
226	238	232	244	0	200.029	100
228	240	234	246	0	191.104	100
230	242	236	248	0	204.57	100
232	244	238	250	0	200.87	100
234	246	240	252	0	191.225	100
236	248	242	254	0	188.158	100
238	250	244	256	0	205.996	100
240	252	246	258	0	204.256	100
242	254	248	260	0	206.503	100
244	256	250	262	0	204.885	100
246	258	252	264	0	202.274	100
248	260	254	266	0	198.048	100
250	262	256	268	0	199.876	100
252	264	258	270	0	203.035	100
254	266	260	272	0	202.372	100
256	268	262	274	0	200.702	100
258	270	264	276	0	201.99	100
260	272	266	278	0	188.751	100
262	274	268	280	0	195.833	100
30	46	38	54	0	282.625	100
32	48	40	56	0	285.997	100
34	50	42	58	0	289.617	100
36	52	44	60	0	292.934	100
38	54	46	62	0	287.492	100
40	56	48	64	0	270.694	100
42	58	50	66	0	279.726	100
44	60	52	68	0	274.448	100
46	62	54	70	0	288.52	100
48	64	56	72	0	284.511	100
50	66	58	74	0	289.872	100
52	68	60	76	0	286.952	100
54	70	62	78	0	282.135	100
56	72	64	80	0	268.991	100
58	74	66	82	0	289.355	100
60	76	68	84	0	268.58	100
62	78	70	86	0	280.348	100
64	80	72	88	0	263.086	100
66	82	74	90	0	275.524	100
68	84	76	92	0	274.424	100
70	86	78	94	0	278.78	100
72	88	80	96	0	269.855	100
74	90	82	98	0	281.42	100
76	92	84	100	0	262.998	100
78	94	86	102	0	267.876	100
80	96	88	104	0	282.317	100
82	98	90	106	0	261.84	100
84	100	92	108	0	279.095	100
86	102	94	110	0	265.101	100
88	104	96	112	0	264.664	100
90	106	98	114	0	273.646	100
92	108	100	116	0	272.303	100
94	110	102	118	0	270.582	100
96	112	104	120	0	278.868	100
98	114	106	122	0	273.493	100
100	116	108	124	0	269.899	100
102	118	110	126	0	257.285	100
104	120	112	128	0	260.328	100
106	122	114	130	0	250.594	100
108	124	116	132	0	265.013	100
110	126	118	134	0	269.46	100
112	128	120	136	0	273.362	100
114	130	122	138	0	263.181	100
116	132	124	140	0	243.197	100
118	134	126	142	0	246.792	100
120	136	128	144	0	258.143	100
122	138	130	146	0	236.364	100
124	140	132	148	0	254.209	100
126	142	134	150	0	260.75	100
128	144	136	152	0	246.809	100
130	146	138	154	0	233.243	100
132	148	140	156	0	239.362	100
134	150	142	158	0	215.604	100
136	152	144	160	0	238.227	100
138	154	146	162	0	211.812	100
140	156	148	164	0	227.653	100
142	158	150	166	0	214.965	100
144	160	152	168	0	217.572	100
146	162	154	170	0	209.399	100
148	164	156	172	0	213.378	100
150	166	158	174	0	204.304	100
152	168	160	176	0	206.422	100
154	170	162	178	0	206.682	100
156	172	164	180	0	186.844	100
158	174	166	182	0	196.688	100
160	176	168	184	0	199.373	100
162	178	170	186	0	191.959	100
164	180	172	188	0	187.989	100
166	182	174	190	0	191.04	100
168	184	176	192	0	197.676	100
170	186	178	194	0	188.523	100
172	188	180	196	0	183.673	100
174	190	182	198	0	196.885	100
176	192	184	200	0	184.589	100
178	194	186	202	0	190.846	100
180	196	188	204	0	183.192	100
182	198	190	206	0	173.04	100
184	200	192	208	0	175.144	100
186	202	194	210	0	172.747	100
188	204	196	212	0	170.364	100
190	206	198	214	0	177.935	100
192	208	200	216	0	170.268	100
194	210	202	218	0	174.5	100
196	212	204	220	0	183.264	100
198	214	206	222	0	177.206	100
200	216	208	224	0	185.076	100
202	218	210	226	0	189.482	100
204	220	212	228	0	186.987	100
206	222	214	230	0	181.759	100
208	224	216	232	0	189.292	100
210	226	218	234	0	185.039	100
212	228	220	236	0	186.954	100
214	230	222	238	0	186.759	100
216	232	224	240	0	187.527	100
218	234	226	242	0	195.1	100
220	236	228	244	0	184.882	100
222	238	230	246	0	181.874	100
224	240	232	248	0	199.161	100
226	242	234	250	0	193.786	100
228	244	236	252	0	194.967	100
230	246	238	254	0	189.412	100
232	248	240	256	0	182.784	100
234	250	242	258	0	195.684	100
236	252	244	260	0	191.769	100
238	254	246	262	0	188.354	100
240	256	248	264	0	190.334	100
242	258	250	266	0	203.895	100
244	260	252	268	0	192.391	100
246	262	254	270	0	200.527	100
248	264	256	272	0	191.431	100
250	266	258	274	0	192.528	100
252	268	260	276	0	194.765	100
254	270	262	278	0	194.324	100
256	272	264	280	0	194.03	100
30	50	40	60	0	322.153	100
32	52	42	62	0	320.697	100
34	54	44	64	0	315.25	100
36	56	46	66	0	318.632	100
38	58	48	68	0	309.63	100
40	60	50	70	0	313.18	100
42	62	52	72	0	320.816	100
44	64	54	74	0	325.321	100
46	66	56	76	0	330.644	100
48	68	58	78	0	317.845	100
50	70	60	80	0	324.823	100
52	72	62	82	0	313.732	100
54	74	64	84	0	318.215	100
56	76	66	86	0	321.999	100
58	78	68	88	0	303.17	100
60	80	70	90	0	296.364	100
62	82	72	92	0	315.952	100
64	84	74	94	0	308.264	100
66	86	76	96	0	326.585	100
68	88	78	98	0	309.671	100
70	90	80	100	0	304.204	100
72	92	82	102	0	300.374	100
74	94	84	104	0	303.368	100
76	96	86	106	0	319.663	100
78	98	88	108	0	282.722	100
80	100	90	110	0	291.776	100
82	102	92	112	0	307.145	100
84	104	94	114	0	314.182	100
86	106	96	116	0	313.522	100
88	108	98	118	0	294.551	100
90	110	100	120	0	302.418	100
92	112	102	122	0	303.232	100
94	114	104	124	0	288.635	100
96	116	106	126	0	289.254	100
98	118	108	128	0	262.089	100
100	120	110	130	0	273.387	100
102	122	112	132	0	305.124	100
104	124	114	134	0	303.375	100
106	126	116	136	0	291.916	100
108	128	118	138	0	289.482	100
110	130	120	140	0	276.174	100
112	132	122	142	0	279.539	100
114	134	124	144	0	262.039	100
116	136	126	146	0	277.577	100
118	138	128	148	0	266.161	100
120	140	130	150	0	258.751	100
122	142	132	152	0	267.952	100
124	144	134	154	0	272.062	100
126	146	136	156	0	258.304	100
128	148	138	158	0	269.806	100
130	150	140	160	0	250.621	100
132	152	142	162	0	247.378	100
134	154	144	164	0	220.711	100
136	156	146	166	0	244.721	100
138	158	148	168	0	229.756	100
140	160	150	170	0	217.954	100
142	162	152	172	0	211.615	100
144	164	154	174	0	204.332	100
146	166	156	176	0	205.942	100
148	168	158	178	0	199.532	100
150	170	160	180	0	196.326	100
152	172	162	182	0	191.185	100
154	174	164	184	0	184.056	100
156	176	166	186	0	187.97	100
158	178	168	188	0	190.172	100
160	180	170	190	0	192.086	100
162	182	172	192	0	172.307	100
164	184	174	194	0	184.691	100
166	186	176	196	0	177.907	100
168	188	178	198	0	167.747	100
170	190	180	200	0	191.318	100
172	192	182	202	0	182.653	100
174	194	184	204	0	170.947	100
176	196	186	206	0	174.953	100
178	198	188	208	0	166.66	100
180	200	190	210	0	168.59	100
182	202	192	212	0	163.637	100
184	204	194	214	0	174.184	100
186	206	196	216	0	159.46	100
188	208	198	218	0	162.519	100
190	210	200	220	0	165.73	100
192	212	202	222	0	166.717	100
194	214	204	224	0	171.999	100
196	216	206	226	0	171.491	100
198	218	208	228	0	172.706	100
200	220	210	230	0	174.441	100
202	222	212	232	0	190.13	100
204	224	214	234	0	187.188	100
206	226	216	236	0	174.076	100
208	228	218	238	0	181.991	100
210	230	220	240	0	173.862	100
212	232	222	242	0	179.086	100
214	234	224	244	0	175.712	100
216	236	226	246	0	178.442	100
218	238	228	248	0	182.646	100
220	240	230	250	0	186	100
222	242	232	252	0	194.719	100
224	244	234	254	0	190.482	100
226	246	236	256	0	190.936	100
228	248	238	258	0	184.479	100
230	250	240	260	0	192.926	100
232	252	242	262	0	193.934	100
234	254	244	264	0	186.004	100
236	256	246	266	0	193.353	100
238	258	248	268	0	193.562	100
240	260	250	270	0	201.54	100
242	262	252	272	0	203.798	100
244	264	254	274	0	198.567	100
246	266	256	276	0	194.49	100
248	268	258	278	0	194.654	100
250	270	260	280	0	195.655	100
30	54	42	66	0	343.982	100
32	56	44	68	0	345.963	100
34	58	46	70	0	345.964	100
36	60	48	72	0	357.015	100
38	62	50	74	0	351.122	100
40	64	52	76	0	343.076	100
42	66	54	78	0	361.409	100
44	68	56	80	0	334.08	100
46	70	58	82	0	349.861	100
48	72	60	84	0	339.512	100
50	74	62	86	0	354.847	100
52	76	64	88	0	326.502	100
54	78	66	90	0	355.904	100
56	80	68	92	0	343.406	100
58	82	70	94	0	334.817	100
60	84	72	96	0	351.23	100
62	86	74	98	0	328.441	100
64	88	76	100	0	328.453	100
66	90	78	102	0	346.793	100
68	92	80	104	0	328.306	100
70	94	82	106	0	323.776	100
72	96	84	108	0	319.69	100
74	98	86	110	0	340.067	100
76	100	88	112	0	331.431	100
78	102	90	114	0	336.618	100
80	104	92	116	0	315.984	100
82	106	94	118	0	333.171	100
84	108	96	120	0	322.339	100
86	110	98	122	0	331.164	100
88	112	100	124	0	308.694	100
90	114	102	126	0	315.322	100
92	116	104	128	0	317.529	100
94	118	106	130	0	318.439	100
96	120	108	132	0	321.426	100
98	122	110	134	0	291.477	100
100	124	112	136	0	327.743	100
102	126	114	138	0	295.366	100
104	128	116	140	0	286.789	100
106	130	118	142	0	293.27	100
108	132	120	144	0	274.712	100
110	134	122	146	0	301.323	100
112	136	124	148	0	257.41	100
114	138	126	150	0	284.891	100
116	140	128	152	0	280.757	100
118	142	130	154	0	280.026	100
120	144	132	156	0	278.837	100
122	146	134	158	0	273.983	100
124	148	136	160	0	281.751	100
126	150	138	162	0	274.009	100
128	152	140	164	0	253.64	100
130	154	142	166	0	246.857	100
132	156	144	168	0	249.222	100
134	158	146	170	0	234.311	100
136	160	148	172	0	231.519	100
138	162	150	174	0	233.369	100
140	164	152	176	0	220.378	100
142	166	154	178	0	210.758	100
144	168	156	180	0	216.044	100
146	170	158	182	0	203.054	100
148	172	160	184	0	200.533	100
150	174	162	186	0	206.453	100
152	176	164	188	0	182.737	100
154	178	166	190	0	185.06	100
156	180	168	192	0	189.608	100
158	182	170	194	0	169.001	100
160	184	172	196	0	171.897	100
162	186	174	198	0	186.939	100
164	188	176	200	0	174.63	100
166	190	178	202	0	170.172	100
168	192	180	204	0	174.291	100
170	194	182	206	0	185.735	100
172	196	184	208	0	169.639	100
174	198	186	210	0	181.09	100
176	200	188	212	0	167.752	100
178	202	190	214	0	164.107	100
180	204	192	216	0	157.781	100
182	206	194	218	0	149.074	100
184	208	196	220	0	154.899	100
186	210	198	222	0	167.429	100
188	212	200	224	0	151.687	100
190	214	202	226	0	161.745	100
192	216	204	228	0	167.032	100
194	218	206	230	0	171.414	100
196	220	208	232	0	177.414	100
198	222	210	234	0	179.953	100
200	224	212	236	0	172.255	100
202	226	214	238	0	171.243	100
204	228	216	240	0	174.331	100
206	230	218	242	0	170.515	100
208	232	220	244	0	174.001	100
210	234	222	246	0	178.583	100
212	236	224	248	0	164.953	100
214	238	226	250	0	179.564	100
216	240	228	252	0	172.573	100
218	242	230	254	0	182.413	100
220	244	232	256	0	180.001	100
222	246	234	258	0	180.215	100
224	248	236	260	0	181.951	100
226	250	238	262	0	189.567	100
228	252	240	264	0	193.348	100
230	254	242	266	0	188.888	100
232	256	244	268	0	195.386	100
234	258	246	270	0	197.231	100
236	260	248	272	0	195.433	100
238	262	250	274	0	200.678	100
240	264	252	276	0	190.82	100
242	266	254	278	0	201.132	100
244	268	256	280	0	194.537	100
30	58	44	72	0	366.997	100
32	60	46	74	0	367.759	100
34	62	48	76	0	370.939	100
36	64	50	78	0	362.617	100
38	66	52	80	0	382.49	100
40	68	54	82	0	378.011	100
42	70	56	84	0	366.678	100
44	72	58	86	0	382.304	100
46	74	60	88	0	373.512	100
48	76	62	90	0	373.033	100
50	78	64	92	0	362.191	100
52	80	66	94	0	359.899	100
54	82	68	96	0	375.509	100
56	84	70	98	0	367.91	100
58	86	72	100	0	345.971	100
60	88	74	102	0	348.531	100
62	90	76	104	0	371.288	100
64	92	78	106	0	356.006	100
66	94	80	108	0	381.922	100
68	96	82	110	0	366.244	100
70	98	84	112	0	366.244	100
72	100	86	114	0	363.523	100
74	102	88	116	0	376.903	100
76	104	90	118	0	370.46	100
78	106	92	120	0	347.338	100
80	108	94	122	0	361.384	100
82	110	96	124	0	353.272	100
84	112	98	126	0	351.994	100
86	114	100	128	0	337.829	100
88	116	102	130	0	335.199	100
90	118	104	132	0	349.473	100
92	120	106	134	0	310.171	100
94	122	108	136	0	344.071	100
96	124	110	138	0	323.383	100
98	126	112	140	0	314.15	100
100	128	114	142	0	309.488	100
102	130	116	144	0	329.271	100
104	132	118	146	0	293.61	100
106	134	120	148	0	294.894	100
108	136	122	150	0	300.38	100
110	138	124	152	0	285.303	100
112	140	126	154	0	292.565	100
114	142	128	156	0	305.973	100
116	144	130	158	0	293.51	100
118	146	132	160	0	282.971	100
120	148	134	162	0	288.439	100
122	150	136	164	0	283.616	100
124	152	138	166	0	267.217	100
126	154	140	168	0	268.217	100
128	156	142	170	0	266.937	100
130	158	144	172	0	259.699	100
132	160	146	174	0	241.967	100
134	162	148	176	0	239.151	100
136	164	150	178	0	230.572	100
138	166	152	180	0	221.101	100
140	168	154	182	0	213.15	100
142	170	156	184	0	208.731	100
144	172	158	186	0	205.545	100
146	174	160	188	0	187.24	100
148	176	162	190	0	191.097	100
150	178	164	192	0	176.613	100
152	180	166	194	0	170.105	100
154	182	168	196	0	181.239	100
156	184	170	198	0	174.959	100
158	186	172	200	0	170.929	100
160	188	174	202	0	175.484	100
162	190	176	204	0	170.896	100
164	192	178	206	0	173.718	100
166	194	180	208	0	181.605	100
168	196	182	210	0	171.447	100
170	198	184	212	0	171.583	100
172	200	186	214	0	159.543	100
174	202	188	216	0	152.516	100
176	204	190	218	0	161.796	100
178	206	192	220	0	151.139	100
180	208	194	222	0	150.035	100
182	210	196	224	0	157.617	100
184	212	198	226	0	155.084	100
186	214	200	228	0	153.26	100
188	216	202	230	0	154.695	100
190	218	204	232	0	173.728	100
192	220	206	234	0	167.618	100
194	222	208	236	0	172.773	100
196	224	210	238	0	165.694	100
198	226	212	240	0	166.662	100
200	228	214	242	0	163.753	100
202	230	216	244	0	165.501	100
204	232	218	246	0	164.231	100
206	234	220	248	0	167.026	100
208	236	222	250	0	166.643	100
210	238	224	252	0	173.406	100
212	240	226	254	0	164.526	100
214	242	228	256	0	164.758	100
216	244	230	258	0	178.749	100
218	246	232	260	0	182.031	100
220	248	234	262	0	182.788	100
222	250	236	264	0	182.39	100
224	252	238	266	0	184.1	100
226	254	240	268	0	181.056	100
228	256	242	270	0	188.903	100
230	258	244	272	0	193.405	100
232	260	246	274	0	190.406	100
234	262	248	276	0	194.245	100
236	264	250	278	0	194.08	100
238	266	252	280	0	201.158	100
30	62	46	78	0	410.188	100
32	64	48	80	0	403.284	100
34	66	50	82	0	397.206	100
36	68	52	84	0	395.174	100
38	70	54	86	0	412.152	100
40	72	56	88	0	407.456	100
42	74	58	90	0	387.594	100
44	76	60	92	0	390.654	100
46	78	62	94	0	404.37	100
48	80	64	96	0	385.772	100
50	82	66	98	0	389.67	100
52	84	68	100	0	383.463	100
54	86	70	102	0	411.03	100
56	88	72	104	0	403.104	100
58	90	74	106	0	384.727	100
60	92	76	108	0	390.67	100
62	94	78	110	0	409.72	100
64	96	80	112	0	400.087	100
66	98	82	114	0	381.38	100
68	100	84	116	0	379.287	100
70	102	86	118	0	389.788	100
72	104	88	120	0	392.032	100
74	106	90	122	0	369.708	100
76	108	92	124	0	367.675	100
78	110	94	126	0	381.406	100
80	112	96	128	0	370.198	100
82	114	98	130	0	377.145	100
84	116	100	132	0	372.711	100
86	118	102	134	0	348.539	100
88	120	104	136	0	346.995	100
90	122	106	138	0	343.664	100
92	124	108	140	0	339.277	100
94	126	110	142	0	328.388	100
96	128	112	144	0	325.501	100
98	130	114	146	0	310.824	100
100	132	116	148	0	308.559	100
102	134	118	150	0	304.197	100
104	136	120	152	0	316.401	100
106	138	122	154	0	308.588	100
108	140	124	156	0	305.746	100
110	142	126	158	0	318.427	100
112	144	128	160	0	299.845	100
114	146	130	162	0	312.006	100
116	148	132	164	0	308.861	100
118	150	134	166	0	292.224	100
120	152	136	168	0	289.14	100
122	154	138	170	0	289.859	100
124	156	140	172	0	275.649	100
126	158	142	174	0	267.376	100
128	160	144	176	0	253.316	100
130	162	146	178	0	246.137	100
132	164	148	180	0	234.58	100
134	166	150	182	0	232.367	100
136	168	152	184	0	222.376	100
138	170	154	186	0	212.436	100
140	172	156	188	0	214.24	100
142	174	158	190	0	207.617	100
144	176	160	192	0	183.003	100
146	178	162	194	0	192.426	100
148	180	164	196	0	183.803	100
150	182	166	198	0	179.69	100
152	184	168	200	0	177.699	100
154	186	170	202	0	180.356	100
156	188	172	204	0	177.935	100
158	190	174	206	0	176.177	100
160	192	176	208	0	178.928	100
162	194	178	210	0	170.761	100
164	196	180	212	0	176.048	100
166	198	182	214	0	175.353	100
168	200	184	216	0	162.46	100
170	202	186	218	0	161.022	100
172	204	188	220	0	158.087	100
174	206	190	222	0	157.133	100
176	208	192	224	0	156.233	100
178	210	194	226	0	160.579	100
180	212	196	228	0	155.233	100
182	214	198	230	0	163.207	100
184	216	200	232	0	166.974	100
186	218	202	234	0	161.953	100
188	220	204	236	0	168.098	100
190	222	206	238	0	169.628	100
192	224	208	240	0	172.202	100
194	226	210	242	0	171.525	100
196	228	212	244	0	167.705	100
198	230	214	246	0	168.248	100
200	232	216	248	0	157.943	100
202	234	218	250	0	157.645	100
204	236	220	252	0	159.124	100
206	238	222	254	0	154.464	100
208	240	224	256	0	163.971	100
210	242	226	258	0	167.339	100
212	244	228	260	0	160.882	100
214	246	230	262	0	172.953	100
216	248	232	264	0	177.814	100
218	250	234	266	0	176.6	100
220	252	236	268	0	184.066	100
222	254	238	270	0	178.962	100
224	256	240	272	0	188.332	100
226	258	242	274	0	189.866	100
228	260	244	276	0	188.7	100
230	262	246	278	0	195.349	100
232	264	248	280	0	190.911	100
30	66	48	84	0	411.61	100
32	68	50	86	0	414.575	100
34	70	52	88	0	413.97	100
36	72	54	90	0	415.247	100
38	74	56	92	0	421.776	100
40	76	58	94	0	430.88	100
42	78	60	96	0	417.311	100
44	80	62	98	0	413.254	100
46	82	64	100	0	407.275	100
48	84	66	102	0	421.804	100
50	86	68	104	0	399.463	100
52	88	70	106	0	409.833	100
54	90	72	108	0	395.599	100
56	92	74	110	0	413.456	100
58	94	76	112	0	415.535	100
60	96	78	114	0	423.481	100
62	98	80	116	0	428.173	100
64	100	82	118	0	410.604	100
66	102	84	120	0	399.792	100
68	104	86	122	0	380.028	100
70	106	88	124	0	387.611	100
72	108	90	126	0	398.057	100
74	110	92	128	0	408.951	100
76	112	94	130	0	403.878	100
78	114	96	132	0	386.627	100
80	116	98	134	0	377.233	100
82	118	100	136	0	369.588	100
84	120	102	138	0	372.57	100
86	122	104	140	0	346.416	100
88	124	106	142	0	359.265	100
90	126	108	144	0	331.253	100
92	128	110	146	0	342.075	100
94	130	112	148	0	346.687	100
96	132	114	150	0	326.508	100
98	134	116	152	0	333.146	100
100	136	118	154	0	334.195	100
102	138	120	156	0	315.617	100
104	140	122	158	0	301.685	100
106	142	124	160	0	330.084	100
108	144	126	162	0	326.538	100
110	146	128	164	0	320.99	100
112	148	130	166	0	322.221	100
114	150	132	168	0	296.346	100
116	152	134	170	0	295.849	100
118	154	136	172	0	304.917	100
120	156	138	174	0	282.813	100
122	158	140	176	0	264.746	100
124	160	142	178	0	270.214	100
126	162	144	180	0	258.577	100
128	164	146	182	0	238.122	100
130	166	148	184	0	250.592	100
132	168	150	186	0	220.665	100
134	170	152	188	0	221.686	100
136	172	154	190	0	211.466	100
138	174	156	192	0	212.47	100
140	176	158	194	0	191.381	100
142	178	160	196	0	190.611	100
144	180	162	198	0	198.127	100
146	182	164	200	0	188.036	100
148	184	166	202	0	184.979	100
150	186	168	204	0	187.957	100
152	188	170	206	0	178.051	100
154	190	172	208	0	181.923	100
156	192	174	210	0	189.775	100
158	194	176	212	0	176.737	100
160	196	178	214	0	180.579	100
162	198	180	216	0	171.758	100
164	200	182	218	0	172.022	100
166	202	184	220	0	172.126	100
168	204	186	222	0	159.273	100
170	206	188	224	0	161.463	100
172	208	190	226	0	158.288	100
174	210	192	228	0	159.779	100
176	212	194	230	0	162.905	100
178	214	196	232	0	162.354	100
180	216	198	234	0	158.883	100
182	218	200	236	0	170.063	100
184	220	202	238	0	163.492	100
186	222	204	240	0	170.868	100
188	224	206	242	0	163.63	100
190	226	208	244	0	173.68	100
192	228	210	246	0	167.097	100
194	230	212	248	0	161.001	100
196	232	214	250	0	156.327	100
198	234	216	252	0	153.991	100
200	236	218	254	0	157.739	100
202	238	220	256	0	152.538	100
204	240	222	258	0	147.67	100
206	242	224	260	0	152.392	100
208	244	226	262	0	157.576	100
210	246	228	264	0	155.418	100
212	248	230	266	0	162.18	100
214	250	232	268	0	162.788	100
216	252	234	270	0	167.774	100
218	254	236	272	0	177.194	100
220	256	238	274	0	177.782	100
222	258	240	276	0	178.384	100
224	260	242	278	0	180.063	100
226	262	244	280	0	186.74	100
30	70	50	90	0	432.03	100
32	72	52	92	0	430.471	100
34	74	54	94	0	432.737	100
36	76	56	96	0	428.088	100
38	78	58	98	0	425.445	100
40	80	60	100	0	430.716	100
42	82	62	102	0	422.221	100
44	84	64	104	0	421.355	100
46	86	66	106	0	410.329	100
48	88	68	108	0	440.486	100
50	90	70	110	0	414.021	100
52	92	72	112	0	432.714	100
54	94	74	114	0	419.297	100
56	96	76	116	0	416.887	100
58	98	78	118	0	421.906	100
60	100	80	120	0	423.192	100
62	102	82	122	0	441.902	100
64	104	84	124	0	415.823	100
66	106	86	126	0	416.27	100
68	108	88	128	0	410.498	100
70	110	90	130	0	415.105	100
72	112	92	132	0	386.229	100
74	114	94	134	0	410.415	100
76	116	96	136	0	394.64	100
78	118	98	138	0	395.491	100
80	120	100	140	0	379.423	100
82	122	102	142	0	362.487	100
84	124	104	144	0	336.761	100
86	126	106	146	0	342.772	100
88	128	108	148	0	344.1	100
90	130	110	150	0	338.749	100
92	132	112	152	0	339.708	100
94	134	114	154	0	323.626	100
96	136	116	156	0	333.369	100
98	138	118	158	0	339.266	100
100	140	120	160	0	335.485	100
102	142	122	162	0	347.787	100
104	144	124	164	0	332.923	100
106	146	126	166	0	321.831	100
108	148	128	168	0	315.107	100
110	150	130	170	0	329.034	100
112	152	132	172	0	305.845	100
114	154	134	174	0	304.783	100
116	156	136	176	0	279.172	100
118	158	138	178	0	299.95	100
120	160	140	180	0	272.197	100
122	162	142	182	0	266.434	100
124	164	144	184	0	245.188	100
126	166	146	186	0	250.081	100
128	168	148	188	0	230.348	100
130	170	150	190	0	231.838	100
132	172	152	192	0	218.148	100
134	174	154	194	0	198.163	100
136	176	156	196	0	213.272	100
138	178	158	198	0	201.189	100
140	180	160	200	0	202.826	100
142	182	162	202	0	193.389	100
144	184	164	204	0	190.287	100
146	186	166	206	0	191.931	100
148	188	168	208	0	192.894	100
150	190	170	210	0	196.291	100
152	192	172	212	0	195.112	100
154	194	174	214	0	189.762	100
156	196	176	216	0	181.52	100
158	198	178	218	0	185.868	100
160	200	180	220	0	173.669	100
162	202	182	222	0	174.72	100
164	204	184	224	0	174.275	100
166	206	186	226	0	168.982	100
168	208	188	228	0	164.894	100
170	210	190	230	0	158.592	100
172	212	192	232	0	167.11	100
174	214	194	234	0	163.514	100
176	216	196	236	0	162.705	100
178	218	198	238	0	166.088	100
180	220	200	240	0	173.797	100
182	222	202	242	0	166.778	100
184	224	204	244	0	164.853	100
186	226	206	246	0	165.381	100
188	228	208	248	0	174.91	100
190	230	210	250	0	162.056	100
192	232	212	252	0	158.749	100
194	234	214	254	0	157.556	100
196	236	216	256	0	155.362	100
198	238	218	258	0	151.352	100
200	240	220	260	0	144.711	100
202	242	222	262	0	145.521	100
204	244	224	264	0	147.826	100
206	246	226	266	0	153.532	100
208	248	228	268	0	155.058	100
210	250	230	270	0	152.908	100
212	252	232	272	0	162.192	100
214	254	234	274	0	161.951	100
216	256	236	276	0	164.531	100
218	258	238	278	0	170.276	100
220	260	240	280	0	178.616	100
30	74	52	96	0	431.53	100
32	76	54	98	0	433.582	100
34	78	56	100	0	439.821	100
36	80	58	102	0	431.95	100
38	82	60	104	0	443.703	100
40	84	62	106	0	436.266	100
42	86	64	108	0	437.881	100
44	88	66	110	0	426.551	100
46	90	68	112	0	439.799	100
48	92	70	114	0	421.644	100
50	94	72	116	0	425.355	100
52	96	74	118	0	446.287	100
54	98	76	120	0	421.679	100
56	100	78	122	0	432.457	100
58	102	80	124	0	448.324	100
60	104	82	126	0	431.085	100
62	106	84	128	0	423.623	100
64	108	86	130	0	427.532	100
66	110	88	132	0	397.932	100
68	112	90	134	0	405.7	100
70	114	92	136	0	389.226	100
72	116	94	138	0	389.834	100
74	118	96	140	0	369.693	100
76	120	98	142	0	384.232	100
78	122	100	144	0	360.209	100
80	124	102	146	0	342.39	100
82	126	104	148	0	347.049	100
84	128	106	150	0	358.183	100
86	130	108	152	0	359.02	100
88	132	110	154	0	339.185	100
90	134	112	156	0	355.992	100
92	136	114	158	0	331.663	100
94	138	116	160	0	341.346	100
96	140	118	162	0	347.945	100
98	142	120	164	0	345.343	100
100	144	122	166	0	336.95	100
102	146	124	168	0	338.357	100
104	148	126	170	0	355.332	100
106	150	128	172	0	323.253	100
108	152	130	174	0	331.029	100
110	154	132	176	0	299.018	100
112	156	134	178	0	294.29	100
114	158	136	180	0	286.089	100
116	160	138	182	0	274.575	100
118	162	140	184	0	271.312	100
120	164	142	186	0	255.579	100
122	166	144	188	0	236.691	100
124	168	146	190	0	232.902	100
126	170	148	192	0	226.697	100
128	172	150	194	0	230.994	100
130	174	152	196	0	218.142	100
132	176	154	198	0	205.325	100
134	178	156	200	0	220.312	100
136	180	158	202	0	203.601	100
138	182	160	204	0	204.055	100
140	184	162	206	0	202.841	100
142	186	164	208	0	207.07	100
144	188	166	210	0	209.654	100
146	190	168	212	0	200.739	100
148	192	170	214	0	211.067	100
150	194	172	216	0	199.696	100
152	196	174	218	0	196.054	100
154	198	176	220	0	183.698	100
156	200	178	222	0	186.52	100
158	202	180	224	0	183.59	100
160	204	182	226	0	178.633	100
162	206	184	228	0	176.057	100
164	208	186	230	0	172.858	100
166	210	188	232	0	169.93	100
168	212	190	234	0	172.925	100
170	214	192	236	0	165.966	100
172	216	194	238	0	166.857	100
174	218	196	240	0	173.847	100
176	220	198	242	0	172.238	100
178	222	200	244	0	174.275	100
180	224	202	246	0	172.139	100
182	226	204	248	0	170.942	100
184	228	206	250	0	168.901	100
186	230	208	252	0	166.371	100
188	232	210	254	0	167.608	100
190	234	212	256	0	164.341	100
192	236	214	258	0	162.255	100
194	238	216	260	0	156.344	100
196	240	218	262	0	148.7	100
198	242	220	264	0	146.628	100
200	244	222	266	0	141.651	100
202	246	224	268	0	147.734	100
204	248	226	270	0	142.998	100
206	250	228	272	0	148.285	100
208	252	230	274	0	149.806	100
210	254	232	276	0	151.271	100
212	256	234	278	0	154.248	100
214	258	236	280	0	158.387	100
30	78	54	102	0	437.658	100
32	80	56	104	0	442.679	100
34	82	58	106	0	448.18	100
36	84	60	108	0	439.71	100
38	86	62	110	0	447.829	100
40	88	64	112	0	428.762	100
42	90	66	114	0	444.541	100
44	92	68	116	0	426.486	100
46	94	70	118	0	430.738	100
48	96	72	120	0	446.111	100
50	98	74	122	0	454.13	100
52	100	76	124	0	447.301	100
54	102	78	126	0	455.215	100
56	104	80	128	0	430.653	100
58	106	82	130	0	435.814	100
60	108	84	132	0	447.309	100
62	110	86	134	0	420.874	100
64	112	88	136	0	437.519	100
66	114	90	138	0	401.386	100
68	116	92	140	0	404.244	100
70	118	94	142	0	381.821	100
72	120	96	144	0	387.81	100
74	122	98	146	0	383.515	100
76	124	100	148	0	360.635	100
78	126	102	150	0	341.722	100
80	128	104	152	0	357.175	100
82	130	106	154	0	354.414	100
84	132	108	156	0	358.437	100
86	134	110	158	0	350.527	100
88	136	112	160	0	330.8	100
90	138	114	162	0	345.889	100
92	140	116	164	0	340.486	100
94	142	118	166	0	360.876	100
96	144	120	168	0	362.705	100
98	146	122	170	0	353.224	100
100	148	124	172	0	355.667	100
102	150	126	174	0	333.775	100
104	152	128	176	0	327.671	100
106	154	130	178	0	318.039	100
108	156	132	180	0	317.867	100
110	158	134	182	0	301.113	100
112	160	136	184	0	301.515	100
114	162	138	186	0	268.856	100
116	164	140	188	0	262.316	100
118	166	142	190	0	246.654	100
120	168	144	192	0	239.825	100
122	170	146	194	0	232.021	100
124	172	148	196	0	221.553	100
126	174	150	198	0	214.77	100
128	176	152	200	0	221.731	100
130	178	154	202	0	218.332	100
132	180	156	204	0	217.33	100
134	182	158	206	0	204.944	100
136	184	160	208	0	212.698	100
138	186	162	210	0	220.737	100
140	188	164	212	0	219.982	100
142	190	166	214	0	221.63	100
144	192	168	216	0	215.492	100
146	194	170	218	0	213.293	100
148	196	172	220	0	216.717	100
150	198	174	222	0	193.087	100
152	200	176	224	0	193.055	100
154	202	178	226	0	199.8	100
156	204	180	228	0	185.306	100
158	206	182	230	0	186.574	100
160	208	184	232	0	179.232	100
162	210	186	234	0	180.899	100
164	212	188	236	0	179.495	100
166	214	190	238	0	171.427	100
168	216	192	240	0	167.647	100
170	218	194	242	0	173.176	100
172	220	196	244	0	174.856	100
174	222	198	246	0	172.828	100
176	224	200	248	0	170.876	100
178	226	202	250	0	180.085	100
180	228	204	252	0	175.21	100
182	230	206	254	0	174.72	100
184	232	208	256	0	171.898	100
186	234	210	258	0	169.476	100
188	236	212	260	0	169.846	100
190	238	214	262	0	156.695	100
192	240	216	264	0	152.719	100
194	242	218	266	0	149.325	100
196	244	220	268	0	150.346	100
198	246	222	270	0	142.439	100
200	248	224	272	0	140.287	100
202	250	226	274	0	140.992	100
204	252	228	276	0	141.614	100
206	254	230	278	0	145.464	100
208	256	232	280	0	145.925	100
30	82	56	108	0	444.289	100
32	84	58	110	0	450.96	100
34	86	60	112	0	435.709	100
36	88	62	114	0	461.372	100
38	90	64	116	0	458.415	100
40	92	66	118	0	451.413	100
42	94	68	120	0	452.337	100
44	96	70	122	0	458.829	100
46	98	72	124	0	464.942	100
48	100	74	126	0	453.103	100
50	102	76	128	0	447.586	100
52	104	78	130	0	440.845	100
54	106	80	132	0	451.439	100
56	108	82	134	0	418.478	100
58	110	84	136	0	420.037	100
60	112	86	138	0	438.625	100
62	114	88	140	0	421.055	100
64	116	90	142	0	400.837	100
66	118	92	144	0	390.259	100
68	120	94	146	0	383.635	100
70	122	96	148	0	390.833	100
72	124	98	150	0	378.805	100
74	126	100	152	0	356.501	100
76	128	102	154	0	379.855	100
78	130	104	156	0	362.562	100
80	132	106	158	0	375.408	100
82	134	108	160	0	356.101	100
84	136	110	162	0	378.272	100
86	138	112	164	0	354.135	100
88	140	114	166	0	373.585	100
90	142	116	168	0	370.42	100
92	144	118	170	0	362.014	100
94	146	120	172	0	355.011	100
96	148	122	174	0	369.956	100
98	150	124	176	0	354.943	100
100	152	126	178	0	338.659	100
102	154	128	180	0	328.768	100
104	156	130	182	0	311.887	100
106	158	132	184	0	308.96	100
108	160	134	186	0	283.379	100
110	162	136	188	0	272.972	100
112	164	138	190	0	278.347	100
114	166	140	192	0	247.62	100
116	168	142	194	0	239.603	100
118	170	144	196	0	235.792	100
120	172	146	198	0	218.382	100
122	174	148	200	0	237.079	100
124	176	150	202	0	230.841	100
126	178	152	204	0	220.305	100
128	180	154	206	0	227.666	100
130	182	156	208	0	224.661	100
132	184	158	210	0	232.872	100
134	186	160	212	0	224.738	100
136	188	162	214	0	239.571	100
138	190	164	216	0	229.693	100
140	192	166	218	0	221.803	100
142	194	168	220	0	234.224	100
144	196	170	222	0	213.442	100
146	198	172	224	0	215.379	100
148	200	174	226	0	214.186	100
150	202	176	228	0	205.531	100
152	204	178	230	0	194.673	100
154	206	180	232	0	198.296	100
156	208	182	234	0	196.095	100
158	210	184	236	0	186.756	100
160	212	186	238	0	181.362	100
162	214	188	240	0	181.963	100
164	216	190	242	0	178.205	100
166	218	192	244	0	178.293	100
168	220	194	246	0	173.589	100
170	222	196	248	0	181.148	100
172	224	198	250	0	174.94	100
174	226	200	252	0	181.525	100
176	228	202	254	0	178.874	100
178	230	204	256	0	180.384	100
180	232	206	258	0	169.466	100
182	234	208	260	0	174.04	100
184	236	210	262	0	168.095	100
186	238	212	264	0	166.715	100
188	240	214	266	0	164.418	100
190	242	216	268	0	152.391	100
192	244	218	270	0	148.638	100
194	246	220	272	0	149.558	100
196	248	222	274	0	141.092	100
198	250	224	276	0	137.323	100
200	252	226	278	0	140.453	100
202	254	228	280	0	138.806	100
30	86	58	114	0	450.888	100
32	88	60	116	0	443.814	100
34	90	62	118	0	452.845	100
36	92	64	120	0	453.576	100
38	94	66	122	0	440.766	100
40	96	68	124	0	447.409	100
42	98	70	126	0	455.582	100
44	100	72	128	0	445.046	100
46	102	74	130	0	462.145	100
48	104	76	132	0	445.318	100
50	106	78	134	0	434.823	100
52	108	80	136	0	433.203	100
54	110	82	138	0	425.274	100
56	112	84	140	0	422.356	100
58	114	86	142	0	415.424	100
60	116	88	144	0	409.738	100
62	118	90	146	0	386.484	100
64	120	92	148	0	403.06	100
66	122	94	150	0	393.598	100
68	124	96	152	0	361.055	100
70	126	98	154	0	365.918	100
72	128	100	156	0	373.702	100
74	130	102	158	0	372.442	100
76	132	104	160	0	367.419	100
78	134	106	162	0	375.043	100
80	136	108	164	0	366.434	100
82	138	110	166	0	384.611	100
84	140	112	168	0	381.296	100
86	142	114	170	0	382.103	100
88	144	116	172	0	357.655	100
90	146	118	174	0	361.815	100
92	148	120	176	0	357.688	100
94	150	122	178	0	342.756	100
96	152	124	180	0	342.045	100
98	154	126	182	0	334.717	100
100	156	128	184	0	324.139	100
102	158	130	186	0	322.303	100
104	160	132	188	0	296.693	100
106	162	134	190	0	284.857	100
108	164	136	192	0	264.781	100
110	166	138	194	0	255.302	100
112	168	140	196	0	251.74	100
114	170	142	198	0	238.218	100
116	172	144	200	0	234.22	100
118	174	146	202	0	231.294	100
120	176	148	204	0	232.138	100
122	178	150	206	0	228.181	100
124	180	152	208	0	228.47	100
126	182	154	210	0	238.311	100
128	184	156	212	0	230.149	100
130	186	158	214	0	231.559	100
132	188	160	216	0	237.483	100
134	190	162	218	0	236.091	100
136	192	164	220	0	239.275	100
138	194	166	222	0	238.601	100
140	196	168	224	0	234.303	100
142	198	170	226	0	232.882	100
144	200	172	228	0	216.615	100
146	202	174	230	0	214.75	100
148	204	176	232	0	208.181	100
150	206	178	234	0	206.476	100
152	208	180	236	0	199.971	100
154	210	182	238	0	188.903	100
156	212	184	240	0	189.437	100
158	214	186	242	0	192.598	100
160	216	188	244	0	188.369	100
162	218	190	246	0	181.678	100
164	220	192	248	0	179.274	100
166	222	194	250	0	178.741	100
168	224	196	252	0	180.519	100
170	226	198	254	0	181.588	100
172	228	200	256	0	178.008	100
174	230	202	258	0	180.307	100
176	232	204	260	0	178.169	100
178	234	206	262	0	180.555	100
180	236	208	264	0	174.06	100
182	238	210	266	0	175.078	100
184	240	212	268	0	167.389	100
186	242	214	270	0	166.262	100
188	244	216	272	0	161.763	100
190	246	218	274	0	152.988	100
192	248	220	276	0	147.076	100
194	250	222	278	0	146.137	100
196	252	224	280	0	143.224	100
30	90	60	120	0	444.849	100
32	92	62	122	0	462.385	100
34	94	64	124	0	458.013	100
36	96	66	126	0	456.006	100
38	98	68	128	0	463.455	100
40	100	70	130	0	465.395	100
42	102	72	132	0	462.564	100
44	104	74	134	0	440.111	100
46	106	76	136	0	429.672	100
48	108	78	138	0	443.946	100
50	110	80	140	0	421.462	100
52	112	82	142	0	425.967	100
54	114	84	144	0	408.205	100
56	116	86	146	0	400.422	100
58	118	88	148	0	397.338	100
60	120	90	150	0	384.14	100
62	122	92	152	0	388.76	100
64	124	94	154	0	383.511	100
66	126	96	156	0	371.529	100
68	128	98	158	0	372.11	100
70	130	100	160	0	384.446	100
72	132	102	162	0	371.188	100
74	134	104	164	0	392.894	100
76	136	106	166	0	380.039	100
78	138	108	168	0	373.969	100
80	140	110	170	0	383.07	100
82	142	112	172	0	386.687	100
84	144	114	174	0	371.665	100
86	146	116	176	0	364.305	100
88	148	118	178	0	367.693	100
90	150	120	180	0	349.958	100
92	152	122	182	0	362.502	100
94	154	124	184	0	347.69	100
96	156	126	186	0	338.655	100
98	158	128	188	0	332.891	100
100	160	130	190	0	317.708	100
102	162	132	192	0	301.714	100
104	164	134	194	0	280.019	100
106	166	136	196	0	259.994	100
108	168	138	198	0	263.795	100
110	170	140	200	0	251.603	100
112	172	142	202	0	255.436	100
114	174	144	204	0	237.366	100
116	176	146	206	0	229.802	100
118	178	148	208	0	234.429	100
120	180	150	210	0	237.208	100
122	182	152	212	0	234.617	100
124	184	154	214	0	241.31	100
126	186	156	216	0	247.774	100
128	188	158	218	0	239.101	100
130	190	160	220	0	248.09	100
132	192	162	222	0	237.673	100
134	194	164	224	0	253.053	100
136	196	166	226	0	245.5	100
138	198	168	228	0	236.661	100
140	200	170	230	0	239.622	100
142	202	172	232	0	222.298	100
144	204	174	234	0	217.925	100
146	206	176	236	0	217.065	100
148	208	178	238	0	209.1	100
150	210	180	240	0	203.431	100
152	212	182	242	0	206.886	100
154	214	184	244	0	190.623	100
156	216	186	246	0	191.296	100
158	218	188	248	0	192.948	100
160	220	190	250	0	193.374	100
162	222	192	252	0	190.405	100
164	224	194	254	0	183.367	100
166	226	196	256	0	184.479	100
168	228	198	258	0	186.511	100
170	230	200	260	0	184.623	100
172	232	202	262	0	182.543	100
174	234	204	264	0	180.232	100
176	236	206	266	0	178.472	100
178	238	208	268	0	178.105	100
180	240	210	270	0	176.413	100
182	242	212	272	0	167.784	100
184	244	214	274	0	165.133	100
186	246	216	276	0	159.25	100
188	248	218	278	0	159.2	100
190	250	220	280	0	152.736	100
30	94	62	126	0	447.897	100
32	96	64	128	0	445.373	100
34	98	66	130	0	452.583	100
36	100	68	132	0	453.11	100
38	102	70	134	0	446.751	100
40	104	72	136	0	435.086	100
42	106	74	138	0	439.131	100
44	108	76	140	0	429.084	100
46	110	78	142	0	415.923	100
48	112	80	144	0	419.893	100
50	114	82	146	0	407.179	100
52	116	84	148	0	408.328	100
54	118	86	150	0	395.936	100
56	120	88	152	0	398.153	100
58	122	90	154	0	394.54	100
60	124	92	156	0	401.973	100
62	126	94	158	0	374.285	100
64	128	96	160	0	381.853	100
66	130	98	162	0	388.146	100
68	132	100	164	0	386.141	100
70	134	102	166	0	378.606	100
72	136	104	168	0	375.453	100
74	138	106	170	0	395.674	100
76	140	108	172	0	375.612	100
78	142	110	174	0	372.27	100
80	144	112	176	0	376.555	100
82	146	114	178	0	382.34	100
84	148	116	180	0	380.517	100
86	150	118	182	0	371.147	100
88	152	120	184	0	346.917	100
90	154	122	186	0	349.558	100
92	156	124	188	0	346.455	100
94	158	126	190	0	325.865	100
96	160	128	192	0	317.501	100
98	162	130	194	0	306.754	100
100	164	132	196	0	306.21	100
102	166	134	198	0	284.124	100
104	168	136	200	0	276.329	100
106	170	138	202	0	276.298	100
108	172	140	204	0	267.336	100
110	174	142	206	0	261.552	100
112	176	144	208	0	249.379	100
114	178	146	210	0	249.99	100
116	180	148	212	0	252.214	100
118	182	150	214	0	240.747	100
120	184	152	216	0	250.542	100
122	186	154	218	0	255.776	100
124	188	156	220	0	256.455	100
126	190	158	222	0	248.935	100
128	192	160	224	0	260.567	100
130	194	162	226	0	255.507	100
132	196	164	228	0	247.492	100
134	198	166	230	0	251.949	100
136	200	168	232	0	238.141	100
138	202	170	234	0	234.594	100
140	204	172	236	0	226.289	100
142	206	174	238	0	221.123	100
144	208	176	240	0	225.406	100
146	210	178	242	0	209.98	100
148	212	180	244	0	207.755	100
150	214	182	246	0	204.227	100
152	216	184	248	0	203.591	100
154	218	186	250	0	195.41	100
156	220	188	252	0	199.6	100
158	222	190	254	0	190.901	100
160	224	192	256	0	192.943	100
162	226	194	258	0	187.311	100
164	228	196	260	0	186.385	100
166	230	198	262	0	186.483	100
168	232	200	264	0	186.287	100
170	234	202	266	0	188.365	100
172	236	204	268	0	185.541	100
174	238	206	270	0	184.259	100
176	240	208	272	0	179.046	100
178	242	210	274	0	177.157	100
180	244	212	276	0	174.457	100
182	246	214	278	0	168.905	100
184	248	216	280	0	165.987	100
30	98	64	132	0	444.079	100
32	100	66	134	0	448.459	100
34	102	68	136	0	444.998	100
36	104	70	138	0	437.753	100
38	106	72	140	0	428.643	100
40	108	74	142	0	422.164	100
42	110	76	144	0	422.33	100
44	112	78	146	0	409.06	100
46	114	80	148	0	414.936	100
48	116	82	150	0	416.971	100
50	118	84	152	0	397.222	100
52	120	86	154	0	397.042	100
54	122	88	156	0	404.738	100
56	124	90	158	0	388.418	100
58	126	92	160	0	384.897	100
60	128	94	162	0	376.289	100
62	130	96	164	0	382.1	100
64	132	98	166	0	380.96	100
66	134	100	168	0	384.076	100
68	136	102	170	0	391.157	100
70	138	104	172	0	382.976	100
72	140	106	174	0	384.644	100
74	142	108	176	0	394.361	100
76	144	110	178	0	382.607	100
78	146	112	180	0	376.75	100
80	148	114	182	0	369.36	100
82	150	116	184	0	378.46	100
84	152	118	186	0	373.945	100
86	154	120	188	0	342.979	100
88	156	122	190	0	334.016	100
90	158	124	192	0	341.932	100
92	160	126	194	0	326.382	100
94	162	128	196	0	310.9	100
96	164	130	198	0	313.19	100
98	166	132	200	0	307.483	100
100	168	134	202	0	300.582	100
102	170	136	204	0	293.164	100
104	172	138	206	0	275.362	100
106	174	140	208	0	274.579	100
108	176	142	210	0	261.604	100
110	178	144	212	0	272.158	100
112	180	146	214	0	257.817	100
114	182	148	216	0	260.134	100
116	184	150	218	0	260.93	100
118	186	152	220	0	265.102	100
120	188	154	222	0	264.223	100
122	190	156	224	0	266.185	100
124	192	158	226	0	251.098	100
126	194	160	228	0	258.432	100
128	196	162	230	0	248.79	100
130	198	164	232	0	242.971	100
132	200	166	234	0	243.91	100
134	202	168	236	0	252.233	100
136	204	170	238	0	238.955	100
138	206	172	240	0	236.576	100
140	208	174	242	0	236.443	100
142	210	176	244	0	231.65	100
144	212	178	246	0	223.784	100
146	214	180	248	0	208.245	100
148	216	182	250	0	207.954	100
150	218	184	252	0	205.397	100
152	220	186	254	0	203.674	100
154	222	188	256	0	195.96	100
156	224	190	258	0	193.425	100
158	226	192	260	0	196.353	100
160	228	194	262	0	194.043	100
162	230	196	264	0	193.402	100
164	232	198	266	0	193.018	100
166	234	200	268	0	191.586	100
168	236	202	270	0	192.003	100
170	238	204	272	0	190.817	100
172	240	206	274	0	185.318	100
174	242	208	276	0	185.975	100
176	244	210	278	0	184.027	100
178	246	212	280	0	179.148	100
30	102	66	138	0	428.287	100
32	104	68	140	0	422.831	100
34	106	70	142	0	423.777	100
36	108	72	144	0	406.269	100
38	110	74	146	0	408.583	100
40	112	76	148	0	408.186	100
42	114	78	150	0	393.881	100
44	116	80	152	0	407.998	100
46	118	82	154	0	400.275	100
48	120	84	156	0	388.612	100
50	122	86	158	0	386.882	100
52	124	88	160	0	380.368	100
54	126	90	162	0	387.52	100
56	128	92	164	0	398.763	100
58	130	94	166	0	380.919	100
60	132	96	168	0	386.735	100
62	134	98	170	0	387.118	100
64	136	100	172	0	392.356	100
66	138	102	174	0	382.355	100
68	140	104	176	0	381.621	100
70	142	106	178	0	374.688	100
72	144	108	180	0	393.181	100
74	146	110	182	0	382.981	100
76	148	112	184	0	387.636	100
78	150	114	186	0	369.26	100
80	152	116	188	0	363.988	100
82	154	118	190	0	366.439	100
84	156	120	192	0	347.529	100
86	158	122	194	0	340.223	100
88	160	124	196	0	338.323	100
90	162	126	198	0	338.596	100
92	164	128	200	0	320.782	100
94	166	130	202	0	317.06	100
96	168	132	204	0	302.219	100
98	170	134	206	0	309.935	100
100	172	136	208	0	299.516	100
102	174	138	210	0	288.512	100
104	176	140	212	0	281.403	100
106	178	142	214	0	286.075	100
108	180	144	216	0	264.199	100
110	182	146	218	0	266.696	100
112	184	148	220	0	266.107	100
114	186	150	222	0	258.021	100
116	188	152	224	0	272.505	100
118	190	154	226	0	261.539	100
120	192	156	228	0	264.966	100
122	194	158	230	0	265.591	100
124	196	160	232	0	254.71	100
126	198	162	234	0	256.328	100
128	200	164	236	0	253.367	100
130	202	166	238	0	244.294	100
132	204	168	240	0	245.374	100
134	206	170	242	0	234.448	100
136	208	172	244	0	242.493	100
138	210	174	246	0	237.764	100
140	212	176	248	0	234.92	100
142	214	178	250	0	219.286	100
144	216	180	252	0	218.827	100
146	218	182	254	0	216.582	100
148	220	184	256	0	211.859	100
150	222	186	258	0	210.98	100
152	224	188	260	0	200.973	100
154	226	190	262	0	199.033	100
156	228	192	264	0	199.85	100
158	230	194	266	0	191.621	100
160	232	196	268	0	192.651	100
162	234	198	270	0	192.193	100
164	236	200	272	0	195.438	100
166	238	202	274	0	196.133	100
168	240	204	276	0	192.276	100
170	242	206	278	0	191.139	100
172	244	208	280	0	187.662	100
30	106	68	144	0	410.709	100
32	108	70	146	0	400.647	100
34	110	72	148	0	397.076	100
36	112	74	150	0	406.569	100
38	114	76	152	0	398.327	100
40	116	78	154	0	392.884	100
42	118	80	156	0	389.843	100
44	120	82	158	0	393.537	100
46	122	84	160	0	392.013	100
48	124	86	162	0	397.01	100
50	126	88	164	0	392.085	100
52	128	90	166	0	378.872	100
54	130	92	168	0	385.497	100
56	132	94	170	0	382.712	100
58	134	96	172	0	396.657	100
60	136	98	174	0	378.379	100
62	138	100	176	0	393.289	100
64	140	102	178	0	389.243	100
66	142	104	180	0	392.98	100
68	144	106	182	0	391.36	100
70	146	108	184	0	375.065	100
72	148	110	186	0	370.782	100
74	150	112	188	0	371.148	100
76	152	114	190	0	363.923	100
78	154	116	192	0	374.423	100
80	156	118	194	0	366.35	100
82	158	120	196	0	363.274	100
84	160	122	198	0	352.044	100
86	162	124	200	0	355.621	100
88	164	126	202	0	335.062	100
90	166	128	204	0	328.636	100
92	168	130	206	0	325.161	100
94	170	132	208	0	334.454	100
96	172	134	210	0	317.148	100
98	174	136	212	0	299.499	100
100	176	138	214	0	290.843	100
102	178	140	216	0	300.784	100
104	180	142	218	0	297.215	100
106	182	144	220	0	284.586	100
108	184	146	222	0	277.284	100
110	186	148	224	0	272.97	100
112	188	150	226	0	283.549	100
114	190	152	228	0	275.971	100
116	192	154	230	0	269.958	100
118	194	156	232	0	263.55	100
120	196	158	234	0	269.095	100
122	198	160	236	0	267.733	100
124	200	162	238	0	263.856	100
126	202	164	240	0	258.926	100
128	204	166	242	0	248.373	100
130	206	168	244	0	246.941	100
132	208	170	246	0	238.111	100
134	210	172	248	0	244.945	100
136	212	174	250	0	231.04	100
138	214	176	252	0	230.481	100
140	216	178	254	0	226.159	100
142	218	180	256	0	227.088	100
144	220	182	258	0	220.134	100
146	222	184	260	0	213.975	100
148	224	186	262	0	211.035	100
150	226	188	264	0	204.679	100
152	228	190	266	0	202.716	100
154	230	192	268	0	202.421	100
156	232	194	270	0	200.668	100
158	234	196	272	0	200.894	100
160	236	198	274	0	199.424	100
162	238	200	276	0	199.514	100
164	240	202	278	0	198.399	100
166	242	204	280	0	194.909	100
30	110	70	150	0	387.085	100
32	112	72	152	0	391.481	100
34	114	74	154	0	384.494	100
36	116	76	156	0	391.81	100
38	118	78	158	0	398.076	100
40	120	80	160	0	386.515	100
42	122	82	162	0	388.563	100
44	124	84	164	0	393.159	100
46	126	86	166	0	393.263	100
48	128	88	168	0	394.187	100
50	130	90	170	0	390.736	100
52	132	92	172	0	392.177	100
54	134	94	174	0	387.812	100
56	136	96	176	0	386.755	100
58	138	98	178	0	391.128	100
60	140	100	180	0	387.536	100
62	142	102	182	0	384.347	100
64	144	104	184	0	397.424	100
66	146	106	186	0	390.956	100
68	148	108	188	0	370.434	100
70	150	110	190	0	375.995	100
72	152	112	192	0	376.339	100
74	154	114	194	0	378.708	100
76	156	116	196	0	368.355	100
78	158	118	198	0	362.213	100
80	160	120	200	0	356.538	100
82	162	122	202	0	354.325	100
84	164	124	204	0	365.351	100
86	166	126	206	0	347.961	100
88	168	128	208	0	349.826	100
90	170	130	210	0	338.787	100
92	172	132	212	0	323.359	100
94	174	134	214	0	332.686	100
96	176	136	216	0	311.644	100
98	178	138	218	0	316.556	100
100	180	140	220	0	301.945	100
102	182	142	222	0	290.56	100
104	184	144	224	0	290.455	100
106	186	146	226	0	297.14	100
108	188	148	228	0	284.24	100
110	190	150	230	0	282.494	100
112	192	152	232	0	283.129	100
114	194	154	234	0	269.026	100
116	196	156	236	0	271.369	100
118	198	158	238	0	271.912	100
120	200	160	240	0	255.46	100
122	202	162	242	0	252.37	100
124	204	164	244	0	257.941	100
126	206	166	246	0	255.725	100
128	208	168	248	0	248.699	100
130	210	170	250	0	250.188	100
132	212	172	252	0	245.563	100
134	214	174	254	0	240.287	100
136	216	176	256	0	231.99	100
138	218	178	258	0	230.686	100
140	220	180	260	0	226.718	100
142	222	182	262	0	223.111	100
144	224	184	264	0	220.405	100
146	226	186	266	0	216.223	100
148	228	188	268	0	206.25	100
150	230	190	270	0	208.5	100
152	232	192	272	0	206.107	100
154	234	194	274	0	203.335	100
156	236	196	276	0	200.01	100
158	238	198	278	0	202.218	100
160	240	200	280	0	203.801	100
30	114	72	156	0	382.706	100
32	116	74	158	0	381.58	100
34	118	76	160	0	381.772	100
36	120	78	162	0	384.358	100
38	122	80	164	0	380.246	100
40	124	82	166	0	383.846	100
42	126	84	168	0	382.476	100
44	128	86	170	0	375.692	100
46	130	88	172	0	383.789	100
48	132	90	174	0	376.293	100
50	134	92	176	0	388.773	100
52	136	94	178	0	379.2	100
54	138	96	180	0	375.956	100
56	140	98	182	0	391.93	100
58	142	100	184	0	397.642	100
60	144	102	186	0	388.213	100
62	146	104	188	0	381.472	100
64	148	106	190	0	381.639	100
66	150	108	192	0	379.865	100
68	152	110	194	0	386.799	100
70	154	112	196	0	382.62	100
72	156	114	198	0	368.932	100
74	158	116	200	0	373.105	100
76	160	118	202	0	364.042	100
78	162	120	204	0	372.483	100
80	164	122	206	0	359.285	100
82	166	124	208	0	371.394	100
84	168	126	210	0	358.518	100
86	170	128	212	0	354.228	100
88	172	130	214	0	344.788	100
90	174	132	216	0	349.549	100
92	176	134	218	0	340.196	100
94	178	136	220	0	340.325	100
96	180	138	222	0	331.95	100
98	182	140	224	0	322.779	100
100	184	142	226	0	310.806	100
102	186	144	228	0	301.854	100
104	188	146	230	0	292.098	100
106	190	148	232	0	296.764	100
108	192	150	234	0	282.186	100
110	194	152	236	0	288.575	100
112	196	154	238	0	286.108	100
114	198	156	240	0	277.529	100
116	200	158	242	0	270.031	100
118	202	160	244	0	268.358	100
120	204	162	246	0	260.788	100
122	206	164	248	0	252.295	100
124	208	166	250	0	254.382	100
126	210	168	252	0	243.054	100
128	212	170	254	0	243.24	100
130	214	172	256	0	243.131	100
132	216	174	258	0	239.907	100
134	218	176	260	0	234.191	100
136	220	178	262	0	234.101	100
138	222	180	264	0	227.452	100
140	224	182	266	0	229.63	100
142	226	184	268	0	226.265	100
144	228	186	270	0	222.271	100
146	230	188	272	0	216.257	100
148	232	190	274	0	210.077	100
150	234	192	276	0	207.97	100
152	236	194	278	0	207.963	100
154	238	196	280	0	205.704	100
30	118	74	162	0	366.463	100
32	120	76	164	0	378.56	100
34	122	78	166	0	372.977	100
36	124	80	168	0	377.667	100
38	126	82	170	0	375.54	100
40	128	84	172	0	375.868	100
42	130	86	174	0	371.964	100
44	132	88	176	0	381.674	100
46	134	90	178	0	386.56	100
48	136	92	180	0	376.695	100
50	138	94	182	0	380.536	100
52	140	96	184	0	387.264	100
54	142	98	186	0	382.631	100
56	144	100	188	0	389.06	100
58	146	102	190	0	379.03	100
60	148	104	192	0	390.861	100
62	150	106	194	0	388.9	100
64	152	108	196	0	375.662	100
66	154	110	198	0	378.179	100
68	156	112	200	0	375.37	100
70	158	114	202	0	377.847	100
72	160	116	204	0	374.436	100
74	162	118	206	0	387.755	100
76	164	120	208	0	371.492	100
78	166	122	210	0	372.242	100
80	168	124	212	0	368.898	100
82	170	126	214	0	371	100
84	172	128	216	0	362.807	100
86	174	130	218	0	357.686	100
88	176	132	220	0	364.321	100
90	178	134	222	0	350.697	100
92	180	136	224	0	348.704	100
94	182	138	226	0	338.356	100
96	184	140	228	0	321.285	100
98	186	142	230	0	317.862	100
100	188	144	232	0	307.43	100
102	190	146	234	0	299.367	100
104	192	148	236	0	302.381	100
106	194	150	238	0	297.734	100
108	196	152	240	0	287.632	100
110	198	154	242	0	287.862	100
112	200	156	244	0	272.363	100
114	202	158	246	0	268.014	100
116	204	160	248	0	267.989	100
118	206	162	250	0	253.494	100
120	208	164	252	0	257.633	100
122	210	166	254	0	249.821	100
124	212	168	256	0	249.536	100
126	214	170	258	0	240.973	100
128	216	172	260	0	239.93	100
130	218	174	262	0	237.315	100
132	220	176	264	0	237.997	100
134	222	178	266	0	235.484	100
136	224	180	268	0	233.605	100
138	226	182	270	0	226.92	100
140	228	184	272	0	227.229	100
142	230	186	274	0	222.232	100
144	232	188	276	0	220.533	100
146	234	190	278	0	212.733	100
148	236	192	280	0	215.369	100
30	122	76	168	0	362.402	100
32	124	78	170	0	368.245	100
34	126	80	172	0	362.324	100
36	128	82	174	0	368.693	100
38	130	84	176	0	377.673	100
40	132	86	178	0	375.771	100
42	134	88	180	0	371.083	100
44	136	90	182	0	387.411	100
46	138	92	184	0	383.205	100
48	140	94	186	0	378.305	100
50	142	96	188	0	385.008	100
52	144	98	190	0	383.813	100
54	146	100	192	0	386.447	100
56	148	102	194	0	379.533	100
58	150	104	196	0	387.141	100
60	152	106	198	0	385.313	100
62	154	108	200	0	389.222	100
64	156	110	202	0	379.343	100
66	158	112	204	0	390.285	100
68	160	114	206	0	392.092	100
70	162	116	208	0	391.243	100
72	164	118	210	0	385.994	100
74	166	120	212	0	383.326	100
76	168	122	214	0	389.487	100
78	170	124	216	0	392.553	100
80	172	126	218	0	379.883	100
82	174	128	220	0	384.136	100
84	176	130	222	0	376.087	100
86	178	132	224	0	374.139	100
88	180	134	226	0	367.443	100
90	182	136	228	0	357.779	100
92	184	138	230	0	338.995	100
94	186	140	232	0	332.106	100
96	188	142	234	0	329.067	100
98	190	144	236	0	314.324	100
100	192	146	238	0	313.396	100
102	194	148	240	0	305.501	100
104	196	150	242	0	291.728	100
106	198	152	244	0	294.569	100
108	200	154	246	0	276.812	100
110	202	156	248	0	270.753	100
112	204	158	250	0	269.751	100
114	206	160	252	0	262.126	100
116	208	162	254	0	255.26	100
118	210	164	256	0	248.99	100
120	212	166	258	0	254.473	100
122	214	168	260	0	243.261	100
124	216	170	262	0	249.314	100
126	218	172	264	0	240.913	100
128	220	174	266	0	239.944	100
130	222	176	268	0	244.355	100
132	224	178	270	0	243.67	100
134	226	180	272	0	231.891	100
136	228	182	274	0	235.493	100
138	230	184	276	0	226.916	100
140	232	186	278	0	219.899	100
142	234	188	280	0	221.408	100
30	126	78	174	0	354.04	100
32	128	80	176	0	356.647	100
34	130	82	178	0	359.655	100
36	132	84	180	0	360.331	100
38	134	86	182	0	371.552	100
40	136	88	184	0	370.253	100
42	138	90	186	0	377.245	100
44	140	92	188	0	375.638	100
46	142	94	190	0	384.892	100
48	144	96	192	0	385.158	100
50	146	98	194	0	390.382	100
52	148	100	196	0	394.828	100
54	150	102	198	0	382.683	100
56	152	104	200	0	397.489	100
58	154	106	202	0	387.443	100
60	156	108	204	0	397.034	100
62	158	110	206	0	398.694	100
64	160	112	208	0	397.993	100
66	162	114	210	0	390.907	100
68	164	116	212	0	409.014	100
70	166	118	214	0	404.071	100
72	168	120	216	0	402.729	100
74	170	122	218	0	395.777	100
76	172	124	220	0	400.273	100
78	174	126	222	0	386.866	100
80	176	128	224	0	388.794	100
82	178	130	226	0	382.197	100
84	180	132	228	0	380.851	100
86	182	134	230	0	365.634	100
88	184	136	232	0	363.516	100
90	186	138	234	0	350.173	100
92	188	140	236	0	348.132	100
94	190	142	238	0	343.91	100
96	192	144	240	0	320.78	100
98	194	146	242	0	316.099	100
100	196	148	244	0	314.19	100
102	198	150	246	0	302.775	100
104	200	152	248	0	289.254	100
106	202	154	250	0	277.997	100
108	204	156	252	0	272.943	100
110	206	158	254	0	266.673	100
112	208	160	256	0	259.977	100
114	210	162	258	0	261.226	100
116	212	164	260	0	250.727	100
118	214	166	262	0	248.982	100
120	216	168	264	0	251.869	100
122	218	170	266	0	251.254	100
124	220	172	268	0	251.645	100
126	222	174	270	0	242.84	100
128	224	176	272	0	237.349	100
130	226	178	274	0	238.364	100
132	228	180	276	0	233.588	100
134	230	182	278	0	235.473	100
136	232	184	280	0	229.519	100
30	130	80	180	0	350.383	100
32	132	82	182	0	348.693	100
34	134	84	184	0	365.057	100
36	136	86	186	0	362.642	100
38	138	88	188	0	364.033	100
40	140	90	190	0	373.924	100
42	142	92	192	0	382.806	100
44	144	94	194	0	386.205	100
46	146	96	196	0	382.565	100
48	148	98	198	0	395.15	100
50	150	100	200	0	397.087	100
52	152	102	202	0	394.431	100
54	154	104	204	0	399.578	100
56	156	106	206	0	408.489	100
58	158	108	208	0	401.635	100
60	160	110	210	0	408.239	100
62	162	112	212	0	406.545	100
64	164	114	214	0	409.272	100
66	166	116	216	0	403.41	100
68	168	118	218	0	401.9	100
70	170	120	220	0	402.832	100
72	172	122	222	0	413.025	100
74	174	124	224	0	397.951	100
76	176	126	226	0	393.243	100
78	178	128	228	0	396.901	100
80	180	130	230	0	389.864	100
82	182	132	232	0	393.237	100
84	184	134	234	0	374.118	100
86	186	136	236	0	367.633	100
88	188	138	238	0	367.341	100
90	190	140	240	0	358.105	100
92	192	142	242	0	345.933	100
94	194	144	244	0	333.95	100
96	196	146	246	0	321.868	100
98	198	148	248	0	313.324	100
100	200	150	250	0	303.373	100
102	202	152	252	0	284.675	100
104	204	154	254	0	283.339	100
106	206	156	256	0	272.043	100
108	208	158	258	0	274.446	100
110	210	160	260	0	262.64	100
112	212	162	262	0	254.707	100
114	214	164	264	0	254.939	100
116	216	166	266	0	252.148	100
118	218	168	268	0	248.221	100
120	220	170	270	0	255.691	100
122	222	172	272	0	242.304	100
124	224	174	274	0	248.205	100
126	226	176	276	0	240.329	100
128	228	178	278	0	242.186	100
130	230	180	280	0	240.046	100
30	134	82	186	0	348.457	100
32	136	84	188	0	355.946	100
34	138	86	190	0	364.127	100
36	140	88	192	0	372.68	100
38	142	90	194	0	380.743	100
40	144	92	196	0	384.274	100
42	146	94	198	0	392.166	100
44	148	96	200	0	401.456	100
46	150	98	202	0	403.283	100
48	152	100	204	0	395.228	100
50	154	102	206	0	404.885	100
52	156	104	208	0	404.658	100
54	158	106	210	0	402.268	100
56	160	108	212	0	415.864	100
58	162	110	214	0	408.622	100
60	164	112	216	0	411.732	100
62	166	114	218	0	416.571	100
64	168	116	220	0	413.606	100
66	170	118	222	0	424.519	100
68	172	120	224	0	412.641	100
70	174	122	226	0	407.907	100
72	176	124	228	0	419.798	100
74	178	126	230	0	414.543	100
76	180	128	232	0	410.192	100
78	182	130	234	0	404.909	100
80	184	132	236	0	398.198	100
82	186	134	238	0	383.759	100
84	188	136	240	0	386.471	100
86	190	138	242	0	364.788	100
88	192	140	244	0	356.769	100
90	194	142	246	0	341.281	100
92	196	144	248	0	337.443	100
94	198	146	250	0	323.387	100
96	200	148	252	0	316.602	100
98	202	150	254	0	296.448	100
100	204	152	256	0	284.916	100
102	206	154	258	0	287.281	100
104	208	156	260	0	270.445	100
106	210	158	262	0	270.628	100
108	212	160	264	0	265.39	100
110	214	162	266	0	259.451	100
112	216	164	268	0	251.603	100
114	218	166	270	0	256.127	100
116	220	168	272	0	257.863	100
118	222	170	274	0	251.924	100
120	224	172	276	0	252.233	100
122	226	174	278	0	248.822	100
124	228	176	280	0	245.336	100
30	138	84	192	0	356.325	100
32	140	86	194	0	360.976	100
34	142	88	196	0	371.771	100
36	144	90	198	0	378.471	100
38	146	92	200	0	394.613	100
40	148	94	202	0	390.945	100
42	150	96	204	0	392.646	100
44	152	98	206	0	405.153	100
46	154	100	208	0	408.347	100
48	156	102	210	0	413.896	100
50	158	104	212	0	415.959	100
52	160	106	214	0	413.474	100
54	162	108	216	0	422.678	100
56	164	110	218	0	419.924	100
58	166	112	220	0	421.734	100
60	168	114	222	0	421.645	100
62	170	116	224	0	424.664	100
64	172	118	226	0	416.004	100
66	174	120	228	0	423.731	100
68	176	122	230	0	421.961	100
70	178	124	232	0	428.948	100
72	180	126	234	0	421.945	100
74	182	128	236	0	418.214	100
76	184	130	238	0	415.683	100
78	186	132	240	0	404.884	100
80	188	134	242	0	393.403	100
82	190	136	244	0	384.04	100
84	192	138	246	0	379.791	100
86	194	140	248	0	355.17	100
88	196	142	250	0	344.556	100
90	198	144	252	0	333.353	100
92	200	146	254	0	325.225	100
94	202	148	256	0	311.689	100
96	204	150	258	0	295.319	100
98	206	152	260	0	289.633	100
100	208	154	262	0	282.35	100
102	210	156	264	0	275.388	100
104	212	158	266	0	275.654	100
106	214	160	268	0	262.941	100
108	216	162	270	0	263.141	100
110	218	164	272	0	260.234	100
112	220	166	274	0	256.604	100
114	222	168	276	0	257.22	100
116	224	170	278	0	254.898	100
118	226	172	280	0	245.537	100
30	142	86	198	0	367.963	100
32	144	88	200	0	376.009	100
34	146	90	202	0	388.802	100
36	148	92	204	0	401.16	100
38	150	94	206	0	399.62	100
40	152	96	208	0	409.05	100
42	154	98	210	0	411.14	100
44	156	100	212	0	411.125	100
46	158	102	214	0	422.414	100
48	160	104	216	0	419.237	100
50	162	106	218	0	418.741	100
52	164	108	220	0	423.501	100
54	166	110	222	0	428.652	100
56	168	112	224	0	423.699	100
58	170	114	226	0	434.808	100
60	172	116	228	0	427.788	100
62	174	118	230	0	425.247	100
64	176	120	232	0	433.91	100
66	178	122	234	0	431.619	100
68	180	124	236	0	427.954	100
70	182	126	238	0	425.277	100
72	184	128	240	0	416.582	100
74	186	130	242	0	410.004	100
76	188	132	244	0	415.661	100
78	190	134	246	0	398.265	100
80	192	136	248	0	387.152	100
82	194	138	250	0	373.023	100
84	196	140	252	0	362.076	100
86	198	142	254	0	350.212	100
88	200	144	256	0	329.193	100
90	202	146	258	0	315.38	100
92	204	148	260	0	313.461	100
94	206	150	262	0	301.874	100
96	208	152	264	0	287.446	100
98	210	154	266	0	277.434	100
100	212	156	268	0	279.287	100
102	214	158	270	0	272.674	100
104	216	160	272	0	266.396	100
106	218	162	274	0	261.411	100
108	220	164	276	0	262.13	100
110	222	166	278	0	255.344	100
112	224	168	280	0	254.709	100
30	146	88	204	0	391.02	100
32	148	90	206	0	389.825	100
34	150	92	208	0	403.322	100
36	152	94	210	0	408.429	100
38	154	96	212	0	418.806	100
40	156	98	214	0	419.14	100
42	158	100	216	0	421.164	100
44	160	102	218	0	429.683	100
46	162	104	220	0	423.263	100
48	164	106	222	0	418.103	100
50	166	108	224	0	424.536	100
52	168	110	226	0	433.428	100
54	170	112	228	0	429.679	100
56	172	114	230	0	435.86	100
58	174	116	232	0	425.11	100
60	176	118	234	0	434.839	100
62	178	120	236	0	436.765	100
64	180	122	238	0	430.93	100
66	182	124	240	0	429.137	100
68	184	126	242	0	429.661	100
70	186	128	244	0	429.786	100
72	188	130	246	0	416.524	100
74	190	132	248	0	410.624	100
76	192	134	250	0	395.657	100
78	194	136	252	0	387.379	100
80	196	138	254	0	366.639	100
82	198	140	256	0	354.259	100
84	200	142	258	0	342.081	100
86	202	144	260	0	325.646	100
88	204	146	262	0	314.251	100
90	206	148	264	0	304.813	100
92	208	150	266	0	294.489	100
94	210	152	268	0	294.441	100
96	212	154	270	0	289.113	100
98	214	156	272	0	282.685	100
100	216	158	274	0	269.677	100
102	218	160	276	0	272.829	100
104	220	162	278	0	264.606	100
106	222	164	280	0	260.47	100
30	150	90	210	0	399.157	100
32	152	92	212	0	412.782	100
34	154	94	214	0	413.522	100
36	156	96	216	0	417.343	100
38	158	98	218	0	422.871	100
40	160	100	220	0	428.827	100
42	162	102	222	0	428.558	100
44	164	104	224	0	434.623	100
46	166	106	226	0	428.267	100
48	168	108	228	0	428.25	100
50	170	110	230	0	437.982	100
52	172	112	232	0	430.561	100
54	174	114	234	0	435.76	100
56	176	116	236	0	437.621	100
58	178	118	238	0	445.169	100
60	180	120	240	0	444.561	100
62	182	122	242	0	439.219	100
64	184	124	244	0	435.781	100
66	186	126	246	0	435.821	100
68	188	128	248	0	433.989	100
70	190	130	250	0	419.577	100
72	192	132	252	0	415.331	100
74	194	134	254	0	394.748	100
76	196	136	256	0	382.443	100
78	198	138	258	0	375.236	100
80	200	140	260	0	359.178	100
82	202	142	262	0	337.224	100
84	204	144	264	0	330.405	100
86	206	146	266	0	319.956	100
88	208	148	268	0	304.347	100
90	210	150	270	0	302.542	100
92	212	152	272	0	288.574	100
94	214	154	274	0	280.494	100
96	216	156	276	0	277.975	100
98	218	158	278	0	278.98	100
100	220	160	280	0	268.621	100
30	154	92	216	0	414.236	100
32	156	94	218	0	410.872	100
34	158	96	220	0	427.852	100
36	160	98	222	0	421.019	100
38	162	100	224	0	422.433	100
40	164	102	226	0	436.083	100
42	166	104	228	0	428.802	100
44	168	106	230	0	435.811	100
46	170	108	232	0	436.443	100
48	172	110	234	0	442.118	100
50	174	112	236	0	431.412	100
52	176	114	238	0	443.191	100
54	178	116	240	0	446.018	100
56	180	118	242	0	438.272	100
58	182	120	244	0	442.851	100
60	184	122	246	0	449.381	100
62	186	124	248	0	445.35	100
64	188	126	250	0	432.159	100
66	190	128	252	0	424.928	100
68	192	130	254	0	429.279	100
70	194	132	256	0	403.316	100
72	196	134	258	0	397.723	100
74	198	136	260	0	385.77	100
76	200	138	262	0	365.442	100
78	202	140	264	0	355.065	100
80	204	142	266	0	342.223	100
82	206	144	268	0	329.911	100
84	208	146	270	0	311.417	100
86	210	148	272	0	299.529	100
88	212	150	274	0	301.488	100
90	214	152	276	0	295.098	100
92	216	154	278	0	291.751	100
94	218	156	280	0	286.563	100
30	158	94	222	0	411.667	100
32	160	96	224	0	424.515	100
34	162	98	226	0	424.499	100
36	164	100	228	0	435.157	100
38	166	102	230	0	423.562	100
40	168	104	232	0	432.497	100
42	170	106	234	0	428.824	100
44	172	108	236	0	444.479	100
46	174	110	238	0	438.388	100
48	176	112	240	0	437.932	100
50	178	114	242	0	444.652	100
52	180	116	244	0	446.647	100
54	182	118	246	0	450.195	100
56	184	120	248	0	443.328	100
58	186	122	250	0	450.502	100
60	188	124	252	0	441.471	100
62	190	126	254	0	443.755	100
64	192	128	256	0	423.116	100
66	194	130	258	0	422.894	100
68	196	132	260	0	400.946	100
70	198	134	262	0	400.132	100
72	200	136	264	0	385.549	100
74	202	138	266	0	364.912	100
76	204	140	268	0	346.822	100
78	206	142	270	0	337.73	100
80	208	144	272	0	326.897	100
82	210	146	274	0	310.122	100
84	212	148	276	0	303.71	100
86	214	150	278	0	303.189	100
88	216	152	280	0	290.926	100
30	162	96	228	0	419.153	100
32	164	98	230	0	419.546	100
34	166	100	232	0	431.73	100
36	168	102	234	0	422.135	100
38	170	104	236	0	432.806	100
40	172	106	238	0	433.682	100
42	174	108	240	0	443.82	100
44	176	110	242	0	437.716	100
46	178	112	244	0	441.194	100
48	180	114	246	0	447.464	100
50	182	116	248	0	450.276	100
52	184	118	250	0	448.333	100
54	186	120	252	0	455.921	100
56	188	122	254	0	446.825	100
58	190	124	256	0	438.974	100
60	192	126	258	0	430.168	100
62	194	128	260	0	426.279	100
64	196	130	262	0	425.16	100
66	198	132	264	0	408.486	100
68	200	134	266	0	393.115	100
70	202	136	268	0	375.235	100
72	204	138	270	0	366.593	100
74	206	140	272	0	346.691	100
76	208	142	274	0	328.404	100
78	210	144	276	0	323.61	100
80	212	146	278	0	308.541	100
82	214	148	280	0	305.772	100
30	166	98	234	0	417.525	100
32	168	100	236	0	429.36	100
34	170	102	238	0	420.901	100
36	172	104	240	0	428.62	100
38	174	106	242	0	437.205	100
40	176	108	244	0	436.216	100
42	178	110	246	0	444.37	100
44	180	112	248	0	443.194	100
46	182	114	250	0	443.674	100
48	184	116	252	0	448.184	100
50	186	118	254	0	449.421	100
52	188	120	256	0	445.367	100
54	190	122	258	0	435.732	100
56	192	124	260	0	439.541	100
58	194	126	262	0	430.652	100
60	196	128	264	0	430.827	100
62	198	130	266	0	408.858	100
64	200	132	268	0	401.332	100
66	202	134	270	0	392.46	100
68	204	136	272	0	366.885	100
70	206	138	274	0	355.673	100
72	208	140	276	0	342.653	100
74	210	142	278	0	334.328	100
76	212	144	280	0	320.429	100
30	170	100	240	0	425.032	100
32	172	102	242	0	435.867	100
34	174	104	244	0	430.33	100
36	176	106	246	0	441.69	100
38	178	108	248	0	441.47	100
40	180	110	250	0	442.16	100
42	182	112	252	0	436.666	100
44	184	114	254	0	448.237	100
46	186	116	256	0	443.058	100
48	188	118	258	0	450.6	100
50	190	120	260	0	443.896	100
52	192	122	262	0	435.956	100
54	194	124	264	0	434.501	100
56	196	126	266	0	431.775	100
58	198	128	268	0	417.554	100
60	200	130	270	0	411.388	100
62	202	132	272	0	394.152	100
64	204	134	274	0	381.106	100
66	206	136	276	0	367.217	100
68	208	138	278	0	356.315	100
70	210	140	280	0	343.047	100
30	174	102	246	0	432.991	100
32	176	104	248	0	427.525	100
34	178	106	250	0	431.764	100
36	180	108	252	0	444.348	100
38	182	110	254	0	447.511	100
40	184	112	256	0	448.937	100
42	186	114	258	0	445.176	100
44	188	116	260	0	446.587	100
46	190	118	262	0	447.018	100
48	192	120	264	0	437.283	100
50	194	122	266	0	444.248	100
52	196	124	268	0	435.349	100
54	198	126	270	0	419.064	100
56	200	128	272	0	420.648	100
58	202	130	274	0	400.858	100
60	204	132	276	0	386.338	100
62	206	134	278	0	371.618	100
64	208	136	280	0	366.071	100
30	178	104	252	0	436.788	100
32	180	106	254	0	424.349	100
34	182	108	256	0	432.039	100
36	184	110	258	0	440.61	100
38	186	112	260	0	447.626	100
40	188	114	262	0	445.38	100
42	190	116	264	0	448.295	100
44	192	118	266	0	439.636	100
46	194	120	268	0	444.734	100
48	196	122	270	0	428.564	100
50	198	124	272	0	420.931	100
52	200	126	274	0	416.146	100
54	202	128	276	0	405.16	100
56	204	130	278	0	405.763	100
58	206	132	280	0	385.841	100
30	182	106	258	0	434.622	100
32	184	108	260	0	443.593	100
34	186	110	262	0	443.777	100
36	188	112	264	0	438.329	100
38	190	114	266	0	444.47	100
40	192	116	268	0	435.704	100
42	194	118	270	0	431.242	100
44	196	120	272	0	428.669	100
46	198	122	274	0	423.972	100
48	200	124	276	0	422.647	100
50	202	126	278	0	404.768	100
52	204	128	280	0	399.504	100
30	186	108	264	0	437.585	100
32	188	110	266	0	434.259	100
34	190	112	268	0	425.536	100
36	192	114	270	0	433.868	100
38	194	116	272	0	439.272	100
40	196	118	274	0	426.591	100
42	198	120	276	0	428.092	100
44	200	122	278	0	414.13	100
46	202	124	280	0	414.775	100
30	190	110	270	0	430.743	100
32	192	112	272	0	437.146	100
34	194	114	274	0	428.472	100
36	196	116	276	0	421.817	100
38	198	118	278	0	419.502	100
40	200	120	280	0	418.048	100
30	194	112	276	0	413.992	100
32	196	114	278	0	419.322	100
34	198	116	280	0	406.651	100
0	0
