# File: DCSection_PriPro_Tra.dat
# (No specific header documentation)

-153.75	0	-1.25	217.536
-151.25	0	-1.25	209.432
-148.75	0	-1.25	211.353
-146.25	0	-1.25	240.183
-143.75	0	-1.25	190.35
-141.25	0	-1.25	251.176
-138.75	0	-1.25	208.368
-136.25	0	-1.25	208.792
-133.75	0	-1.25	224.099
-131.25	0	-1.25	201.372
-128.75	0	-1.25	211.937
-126.25	0	-1.25	225.502
-123.75	0	-1.25	230.389
-121.25	0	-1.25	214.638
-118.75	0	-1.25	213.354
-116.25	0	-1.25	199.469
-113.75	0	-1.25	231.16
-111.25	0	-1.25	205.536
-108.75	0	-1.25	233.268
-106.25	0	-1.25	222.204
-103.75	0	-1.25	204.458
-101.25	0	-1.25	223.362
-98.75	0	-1.25	185.901
-96.25	0	-1.25	209.455
-93.75	0	-1.25	182.101
-91.25	0	-1.25	251.579
-88.75	0	-1.25	187.3
-86.25	0	-1.25	220.662
-83.75	0	-1.25	217.64
-81.25	0	-1.25	206.507
-78.75	0	-1.25	234.848
-76.25	0	-1.25	202.185
-73.75	0	-1.25	215.833
-71.25	0	-1.25	203.677
-68.75	0	-1.25	223.016
-66.25	0	-1.25	216.432
-63.75	0	-1.25	215.026
-61.25	0	-1.25	232.368
-58.75	0	-1.25	201.261
-56.25	0	-1.25	237.427
-53.75	0	-1.25	193.701
-51.25	0	-1.25	237.964
-48.75	0	-1.25	189.922
-46.25	0	-1.25	233.983
-43.75	0	-1.25	185.389
-41.25	0	-1.25	223.16
-38.75	0	-1.25	229.058
-36.25	0	-1.25	208.476
-33.75	0	-1.25	233.437
-31.25	0	-1.25	186.062
-28.75	0	-1.25	220.393
-26.25	0	-1.25	212.162
-23.75	0	-1.25	214.118
-21.25	0	-1.25	209.262
-18.75	0	-1.25	191.698
-16.25	0	-1.25	239.559
-13.75	0	-1.25	200.039
-11.25	0	-1.25	225.072
-8.75	0	-1.25	223.257
-6.25	0	-1.25	202.077
-3.75	0	-1.25	216.795
-1.25	0	-1.25	167.533
1.25	0	-1.25	215.68
3.75	0	-1.25	192.376
6.25	0	-1.25	209.852
8.75	0	-1.25	196.371
11.25	0	-1.25	216.507
13.75	0	-1.25	201.703
16.25	0	-1.25	215.837
18.75	0	-1.25	195.361
21.25	0	-1.25	191.85
23.75	0	-1.25	224.104
26.25	0	-1.25	197.911
28.75	0	-1.25	203.383
31.25	0	-1.25	228.805
33.75	0	-1.25	184.886
36.25	0	-1.25	209.156
38.75	0	-1.25	195.011
41.25	0	-1.25	208.119
43.75	0	-1.25	229.2
46.25	0	-1.25	212.332
48.75	0	-1.25	220.463
51.25	0	-1.25	215.613
53.75	0	-1.25	193.498
56.25	0	-1.25	223.381
58.75	0	-1.25	186.413
61.25	0	-1.25	191.909
63.75	0	-1.25	228.727
66.25	0	-1.25	184.03
68.75	0	-1.25	197.876
71.25	0	-1.25	220.912
73.75	0	-1.25	185.593
76.25	0	-1.25	221.731
78.75	0	-1.25	201.514
81.25	0	-1.25	215.19
83.75	0	-1.25	215.791
86.25	0	-1.25	194.854
88.75	0	-1.25	226.17
91.25	0	-1.25	192.336
93.75	0	-1.25	217.903
96.25	0	-1.25	204.128
98.75	0	-1.25	194.168
101.25	0	-1.25	207.488
103.75	0	-1.25	204.316
106.25	0	-1.25	191.752
108.75	0	-1.25	206.879
111.25	0	-1.25	184.228
113.75	0	-1.25	220.648
116.25	0	-1.25	177.61
118.75	0	-1.25	214.572
121.25	0	-1.25	161.993
123.75	0	-1.25	208.956
126.25	0	-1.25	208.374
128.75	0	-1.25	168.94
131.25	0	-1.25	225.065
133.75	0	-1.25	181.335
136.25	0	-1.25	219.58
138.75	0	-1.25	194.581
141.25	0	-1.25	194.935
143.75	0	-1.25	206.182
146.25	0	-1.25	229.236
148.75	0	-1.25	177.138
151.25	0	-1.25	229.54
-150	0	-2.5	209.913
-147.5	0	-2.5	224.532
-145	0	-2.5	218.21
-142.5	0	-2.5	221.745
-140	0	-2.5	212.91
-137.5	0	-2.5	222.616
-135	0	-2.5	217.321
-132.5	0	-2.5	233.129
-130	0	-2.5	218.031
-127.5	0	-2.5	203.524
-125	0	-2.5	223.28
-122.5	0	-2.5	223.154
-120	0	-2.5	230.785
-117.5	0	-2.5	217.429
-115	0	-2.5	217.975
-112.5	0	-2.5	222.223
-110	0	-2.5	208.002
-107.5	0	-2.5	205.737
-105	0	-2.5	205.886
-102.5	0	-2.5	219.468
-100	0	-2.5	225.786
-97.5	0	-2.5	215.647
-95	0	-2.5	202.556
-92.5	0	-2.5	226.453
-90	0	-2.5	227.648
-87.5	0	-2.5	224.867
-85	0	-2.5	220.143
-82.5	0	-2.5	227.4
-80	0	-2.5	222.407
-77.5	0	-2.5	223.707
-75	0	-2.5	219.37
-72.5	0	-2.5	228.562
-70	0	-2.5	237.938
-67.5	0	-2.5	193.07
-65	0	-2.5	214.332
-62.5	0	-2.5	211.749
-60	0	-2.5	216.86
-57.5	0	-2.5	234.859
-55	0	-2.5	219.299
-52.5	0	-2.5	223.91
-50	0	-2.5	215.065
-47.5	0	-2.5	240.667
-45	0	-2.5	231.4
-42.5	0	-2.5	223.211
-40	0	-2.5	218.198
-37.5	0	-2.5	227.128
-35	0	-2.5	210.355
-32.5	0	-2.5	206.571
-30	0	-2.5	202.274
-27.5	0	-2.5	208.966
-25	0	-2.5	211.978
-22.5	0	-2.5	211.64
-20	0	-2.5	194.684
-17.5	0	-2.5	205.179
-15	0	-2.5	207.517
-12.5	0	-2.5	190.805
-10	0	-2.5	198.543
-7.5	0	-2.5	191.922
-5	0	-2.5	196.126
-2.5	0	-2.5	197.571
0	0	-2.5	205.386
2.5	0	-2.5	206.643
5	0	-2.5	201.532
7.5	0	-2.5	198.156
10	0	-2.5	196.712
12.5	0	-2.5	197.917
15	0	-2.5	212.703
17.5	0	-2.5	196.126
20	0	-2.5	201.508
22.5	0	-2.5	210.848
25	0	-2.5	202.846
27.5	0	-2.5	208.125
30	0	-2.5	200.463
32.5	0	-2.5	204.376
35	0	-2.5	193.284
37.5	0	-2.5	199.029
40	0	-2.5	200.815
42.5	0	-2.5	206.912
45	0	-2.5	200.298
47.5	0	-2.5	200.935
50	0	-2.5	187.987
52.5	0	-2.5	195.132
55	0	-2.5	209.733
57.5	0	-2.5	202.278
60	0	-2.5	197.18
62.5	0	-2.5	204.264
65	0	-2.5	187.961
67.5	0	-2.5	189.359
70	0	-2.5	196.413
72.5	0	-2.5	197.663
75	0	-2.5	193.102
77.5	0	-2.5	190.631
80	0	-2.5	196.915
82.5	0	-2.5	192.39
85	0	-2.5	193.618
87.5	0	-2.5	196.389
90	0	-2.5	194.487
92.5	0	-2.5	196.396
95	0	-2.5	198.052
97.5	0	-2.5	191.107
100	0	-2.5	197.026
102.5	0	-2.5	211.345
105	0	-2.5	203.311
107.5	0	-2.5	204.321
110	0	-2.5	187.521
112.5	0	-2.5	211.1
115	0	-2.5	200.928
117.5	0	-2.5	206.791
120	0	-2.5	201.75
122.5	0	-2.5	207.84
125	0	-2.5	213.834
127.5	0	-2.5	185.631
130	0	-2.5	197.789
132.5	0	-2.5	207.492
135	0	-2.5	199.044
137.5	0	-2.5	192.631
140	0	-2.5	189.655
142.5	0	-2.5	200.68
145	0	-2.5	205.706
147.5	0	-2.5	198.835
-146.25	0	-3.75	240.556
-143.75	0	-3.75	249.477
-141.25	0	-3.75	244.526
-138.75	0	-3.75	244.139
-136.25	0	-3.75	249.665
-133.75	0	-3.75	252.394
-131.25	0	-3.75	242.609
-128.75	0	-3.75	250.812
-126.25	0	-3.75	253.534
-123.75	0	-3.75	255.303
-121.25	0	-3.75	249.083
-118.75	0	-3.75	234.537
-116.25	0	-3.75	254.709
-113.75	0	-3.75	247.671
-111.25	0	-3.75	249.32
-108.75	0	-3.75	266.65
-106.25	0	-3.75	240.603
-103.75	0	-3.75	236.684
-101.25	0	-3.75	270.506
-98.75	0	-3.75	234.018
-96.25	0	-3.75	239.378
-93.75	0	-3.75	238.92
-91.25	0	-3.75	239.151
-88.75	0	-3.75	251.466
-86.25	0	-3.75	261.435
-83.75	0	-3.75	250.343
-81.25	0	-3.75	245.717
-78.75	0	-3.75	244.826
-76.25	0	-3.75	233.983
-73.75	0	-3.75	259.201
-71.25	0	-3.75	251.191
-68.75	0	-3.75	239.622
-66.25	0	-3.75	233.177
-63.75	0	-3.75	249.305
-61.25	0	-3.75	232.637
-58.75	0	-3.75	239.171
-56.25	0	-3.75	255.404
-53.75	0	-3.75	232.99
-51.25	0	-3.75	235.298
-48.75	0	-3.75	238.531
-46.25	0	-3.75	221.16
-43.75	0	-3.75	232.534
-41.25	0	-3.75	231.481
-38.75	0	-3.75	248.153
-36.25	0	-3.75	245.623
-33.75	0	-3.75	245.94
-31.25	0	-3.75	235.594
-28.75	0	-3.75	230.317
-26.25	0	-3.75	224.459
-23.75	0	-3.75	246.705
-21.25	0	-3.75	216.22
-18.75	0	-3.75	230.478
-16.25	0	-3.75	229.714
-13.75	0	-3.75	220.878
-11.25	0	-3.75	223.18
-8.75	0	-3.75	225.151
-6.25	0	-3.75	209.034
-3.75	0	-3.75	214.996
-1.25	0	-3.75	203.799
1.25	0	-3.75	204.963
3.75	0	-3.75	207.078
6.25	0	-3.75	204.003
8.75	0	-3.75	199.779
11.25	0	-3.75	196.598
13.75	0	-3.75	200.203
16.25	0	-3.75	190.879
18.75	0	-3.75	211.859
21.25	0	-3.75	205.688
23.75	0	-3.75	189.312
26.25	0	-3.75	185.271
28.75	0	-3.75	184.684
31.25	0	-3.75	190.377
33.75	0	-3.75	200.604
36.25	0	-3.75	198.209
38.75	0	-3.75	197.654
41.25	0	-3.75	192.777
43.75	0	-3.75	194.534
46.25	0	-3.75	194.149
48.75	0	-3.75	179.854
51.25	0	-3.75	197.317
53.75	0	-3.75	188.772
56.25	0	-3.75	182.305
58.75	0	-3.75	190.815
61.25	0	-3.75	195.794
63.75	0	-3.75	178.889
66.25	0	-3.75	197.07
68.75	0	-3.75	185.696
71.25	0	-3.75	185.252
73.75	0	-3.75	186.973
76.25	0	-3.75	191.138
78.75	0	-3.75	178.025
81.25	0	-3.75	192.133
83.75	0	-3.75	192.855
86.25	0	-3.75	188.436
88.75	0	-3.75	201.252
91.25	0	-3.75	198.27
93.75	0	-3.75	189.055
96.25	0	-3.75	194.195
98.75	0	-3.75	200.029
101.25	0	-3.75	191.104
103.75	0	-3.75	204.57
106.25	0	-3.75	200.87
108.75	0	-3.75	191.225
111.25	0	-3.75	188.158
113.75	0	-3.75	205.996
116.25	0	-3.75	204.256
118.75	0	-3.75	206.503
121.25	0	-3.75	204.885
123.75	0	-3.75	202.274
126.25	0	-3.75	198.048
128.75	0	-3.75	199.876
131.25	0	-3.75	203.035
133.75	0	-3.75	202.372
136.25	0	-3.75	200.702
138.75	0	-3.75	201.99
141.25	0	-3.75	188.751
143.75	0	-3.75	195.833
-142.5	0	-5	282.625
-140	0	-5	285.997
-137.5	0	-5	289.617
-135	0	-5	292.934
-132.5	0	-5	287.492
-130	0	-5	270.694
-127.5	0	-5	279.726
-125	0	-5	274.448
-122.5	0	-5	288.52
-120	0	-5	284.511
-117.5	0	-5	289.872
-115	0	-5	286.952
-112.5	0	-5	282.135
-110	0	-5	268.991
-107.5	0	-5	289.355
-105	0	-5	268.58
-102.5	0	-5	280.348
-100	0	-5	263.086
-97.5	0	-5	275.524
-95	0	-5	274.424
-92.5	0	-5	278.78
-90	0	-5	269.855
-87.5	0	-5	281.42
-85	0	-5	262.998
-82.5	0	-5	267.876
-80	0	-5	282.317
-77.5	0	-5	261.84
-75	0	-5	279.095
-72.5	0	-5	265.101
-70	0	-5	264.664
-67.5	0	-5	273.646
-65	0	-5	272.303
-62.5	0	-5	270.582
-60	0	-5	278.868
-57.5	0	-5	273.493
-55	0	-5	269.899
-52.5	0	-5	257.285
-50	0	-5	260.328
-47.5	0	-5	250.594
-45	0	-5	265.013
-42.5	0	-5	269.46
-40	0	-5	273.362
-37.5	0	-5	263.181
-35	0	-5	243.197
-32.5	0	-5	246.792
-30	0	-5	258.143
-27.5	0	-5	236.364
-25	0	-5	254.209
-22.5	0	-5	260.75
-20	0	-5	246.809
-17.5	0	-5	233.243
-15	0	-5	239.362
-12.5	0	-5	215.604
-10	0	-5	238.227
-7.5	0	-5	211.812
-5	0	-5	227.653
-2.5	0	-5	214.965
0	0	-5	217.572
2.5	0	-5	209.399
5	0	-5	213.378
7.5	0	-5	204.304
10	0	-5	206.422
12.5	0	-5	206.682
15	0	-5	186.844
17.5	0	-5	196.688
20	0	-5	199.373
22.5	0	-5	191.959
25	0	-5	187.989
27.5	0	-5	191.04
30	0	-5	197.676
32.5	0	-5	188.523
35	0	-5	183.673
37.5	0	-5	196.885
40	0	-5	184.589
42.5	0	-5	190.846
45	0	-5	183.192
47.5	0	-5	173.04
50	0	-5	175.144
52.5	0	-5	172.747
55	0	-5	170.364
57.5	0	-5	177.935
60	0	-5	170.268
62.5	0	-5	174.5
65	0	-5	183.264
67.5	0	-5	177.206
70	0	-5	185.076
72.5	0	-5	189.482
75	0	-5	186.987
77.5	0	-5	181.759
80	0	-5	189.292
82.5	0	-5	185.039
85	0	-5	186.954
87.5	0	-5	186.759
90	0	-5	187.527
92.5	0	-5	195.1
95	0	-5	184.882
97.5	0	-5	181.874
100	0	-5	199.161
102.5	0	-5	193.786
105	0	-5	194.967
107.5	0	-5	189.412
110	0	-5	182.784
112.5	0	-5	195.684
115	0	-5	191.769
117.5	0	-5	188.354
120	0	-5	190.334
122.5	0	-5	203.895
125	0	-5	192.391
127.5	0	-5	200.527
130	0	-5	191.431
132.5	0	-5	192.528
135	0	-5	194.765
137.5	0	-5	194.324
140	0	-5	194.03
-138.75	0	-6.25	322.153
-136.25	0	-6.25	320.697
-133.75	0	-6.25	315.25
-131.25	0	-6.25	318.632
-128.75	0	-6.25	309.63
-126.25	0	-6.25	313.18
-123.75	0	-6.25	320.816
-121.25	0	-6.25	325.321
-118.75	0	-6.25	330.644
-116.25	0	-6.25	317.845
-113.75	0	-6.25	324.823
-111.25	0	-6.25	313.732
-108.75	0	-6.25	318.215
-106.25	0	-6.25	321.999
-103.75	0	-6.25	303.17
-101.25	0	-6.25	296.364
-98.75	0	-6.25	315.952
-96.25	0	-6.25	308.264
-93.75	0	-6.25	326.585
-91.25	0	-6.25	309.671
-88.75	0	-6.25	304.204
-86.25	0	-6.25	300.374
-83.75	0	-6.25	303.368
-81.25	0	-6.25	319.663
-78.75	0	-6.25	282.722
-76.25	0	-6.25	291.776
-73.75	0	-6.25	307.145
-71.25	0	-6.25	314.182
-68.75	0	-6.25	313.522
-66.25	0	-6.25	294.551
-63.75	0	-6.25	302.418
-61.25	0	-6.25	303.232
-58.75	0	-6.25	288.635
-56.25	0	-6.25	289.254
-53.75	0	-6.25	262.089
-51.25	0	-6.25	273.387
-48.75	0	-6.25	305.124
-46.25	0	-6.25	303.375
-43.75	0	-6.25	291.916
-41.25	0	-6.25	289.482
-38.75	0	-6.25	276.174
-36.25	0	-6.25	279.539
-33.75	0	-6.25	262.039
-31.25	0	-6.25	277.577
-28.75	0	-6.25	266.161
-26.25	0	-6.25	258.751
-23.75	0	-6.25	267.952
-21.25	0	-6.25	272.062
-18.75	0	-6.25	258.304
-16.25	0	-6.25	269.806
-13.75	0	-6.25	250.621
-11.25	0	-6.25	247.378
-8.75	0	-6.25	220.711
-6.25	0	-6.25	244.721
-3.75	0	-6.25	229.756
-1.25	0	-6.25	217.954
1.25	0	-6.25	211.615
3.75	0	-6.25	204.332
6.25	0	-6.25	205.942
8.75	0	-6.25	199.532
11.25	0	-6.25	196.326
13.75	0	-6.25	191.185
16.25	0	-6.25	184.056
18.75	0	-6.25	187.97
21.25	0	-6.25	190.172
23.75	0	-6.25	192.086
26.25	0	-6.25	172.307
28.75	0	-6.25	184.691
31.25	0	-6.25	177.907
33.75	0	-6.25	167.747
36.25	0	-6.25	191.318
38.75	0	-6.25	182.653
41.25	0	-6.25	170.947
43.75	0	-6.25	174.953
46.25	0	-6.25	166.66
48.75	0	-6.25	168.59
51.25	0	-6.25	163.637
53.75	0	-6.25	174.184
56.25	0	-6.25	159.46
58.75	0	-6.25	162.519
61.25	0	-6.25	165.73
63.75	0	-6.25	166.717
66.25	0	-6.25	171.999
68.75	0	-6.25	171.491
71.25	0	-6.25	172.706
73.75	0	-6.25	174.441
76.25	0	-6.25	190.13
78.75	0	-6.25	187.188
81.25	0	-6.25	174.076
83.75	0	-6.25	181.991
86.25	0	-6.25	173.862
88.75	0	-6.25	179.086
91.25	0	-6.25	175.712
93.75	0	-6.25	178.442
96.25	0	-6.25	182.646
98.75	0	-6.25	186
101.25	0	-6.25	194.719
103.75	0	-6.25	190.482
106.25	0	-6.25	190.936
108.75	0	-6.25	184.479
111.25	0	-6.25	192.926
113.75	0	-6.25	193.934
116.25	0	-6.25	186.004
118.75	0	-6.25	193.353
121.25	0	-6.25	193.562
123.75	0	-6.25	201.54
126.25	0	-6.25	203.798
128.75	0	-6.25	198.567
131.25	0	-6.25	194.49
133.75	0	-6.25	194.654
136.25	0	-6.25	195.655
-135	0	-7.5	343.982
-132.5	0	-7.5	345.963
-130	0	-7.5	345.964
-127.5	0	-7.5	357.015
-125	0	-7.5	351.122
-122.5	0	-7.5	343.076
-120	0	-7.5	361.409
-117.5	0	-7.5	334.08
-115	0	-7.5	349.861
-112.5	0	-7.5	339.512
-110	0	-7.5	354.847
-107.5	0	-7.5	326.502
-105	0	-7.5	355.904
-102.5	0	-7.5	343.406
-100	0	-7.5	334.817
-97.5	0	-7.5	351.23
-95	0	-7.5	328.441
-92.5	0	-7.5	328.453
-90	0	-7.5	346.793
-87.5	0	-7.5	328.306
-85	0	-7.5	323.776
-82.5	0	-7.5	319.69
-80	0	-7.5	340.067
-77.5	0	-7.5	331.431
-75	0	-7.5	336.618
-72.5	0	-7.5	315.984
-70	0	-7.5	333.171
-67.5	0	-7.5	322.339
-65	0	-7.5	331.164
-62.5	0	-7.5	308.694
-60	0	-7.5	315.322
-57.5	0	-7.5	317.529
-55	0	-7.5	318.439
-52.5	0	-7.5	321.426
-50	0	-7.5	291.477
-47.5	0	-7.5	327.743
-45	0	-7.5	295.366
-42.5	0	-7.5	286.789
-40	0	-7.5	293.27
-37.5	0	-7.5	274.712
-35	0	-7.5	301.323
-32.5	0	-7.5	257.41
-30	0	-7.5	284.891
-27.5	0	-7.5	280.757
-25	0	-7.5	280.026
-22.5	0	-7.5	278.837
-20	0	-7.5	273.983
-17.5	0	-7.5	281.751
-15	0	-7.5	274.009
-12.5	0	-7.5	253.64
-10	0	-7.5	246.857
-7.5	0	-7.5	249.222
-5	0	-7.5	234.311
-2.5	0	-7.5	231.519
0	0	-7.5	233.369
2.5	0	-7.5	220.378
5	0	-7.5	210.758
7.5	0	-7.5	216.044
10	0	-7.5	203.054
12.5	0	-7.5	200.533
15	0	-7.5	206.453
17.5	0	-7.5	182.737
20	0	-7.5	185.06
22.5	0	-7.5	189.608
25	0	-7.5	169.001
27.5	0	-7.5	171.897
30	0	-7.5	186.939
32.5	0	-7.5	174.63
35	0	-7.5	170.172
37.5	0	-7.5	174.291
40	0	-7.5	185.735
42.5	0	-7.5	169.639
45	0	-7.5	181.09
47.5	0	-7.5	167.752
50	0	-7.5	164.107
52.5	0	-7.5	157.781
55	0	-7.5	149.074
57.5	0	-7.5	154.899
60	0	-7.5	167.429
62.5	0	-7.5	151.687
65	0	-7.5	161.745
67.5	0	-7.5	167.032
70	0	-7.5	171.414
72.5	0	-7.5	177.414
75	0	-7.5	179.953
77.5	0	-7.5	172.255
80	0	-7.5	171.243
82.5	0	-7.5	174.331
85	0	-7.5	170.515
87.5	0	-7.5	174.001
90	0	-7.5	178.583
92.5	0	-7.5	164.953
95	0	-7.5	179.564
97.5	0	-7.5	172.573
100	0	-7.5	182.413
102.5	0	-7.5	180.001
105	0	-7.5	180.215
107.5	0	-7.5	181.951
110	0	-7.5	189.567
112.5	0	-7.5	193.348
115	0	-7.5	188.888
117.5	0	-7.5	195.386
120	0	-7.5	197.231
122.5	0	-7.5	195.433
125	0	-7.5	200.678
127.5	0	-7.5	190.82
130	0	-7.5	201.132
132.5	0	-7.5	194.537
-131.25	0	-8.75	366.997
-128.75	0	-8.75	367.759
-126.25	0	-8.75	370.939
-123.75	0	-8.75	362.617
-121.25	0	-8.75	382.49
-118.75	0	-8.75	378.011
-116.25	0	-8.75	366.678
-113.75	0	-8.75	382.304
-111.25	0	-8.75	373.512
-108.75	0	-8.75	373.033
-106.25	0	-8.75	362.191
-103.75	0	-8.75	359.899
-101.25	0	-8.75	375.509
-98.75	0	-8.75	367.91
-96.25	0	-8.75	345.971
-93.75	0	-8.75	348.531
-91.25	0	-8.75	371.288
-88.75	0	-8.75	356.006
-86.25	0	-8.75	381.922
-83.75	0	-8.75	366.244
-81.25	0	-8.75	366.244
-78.75	0	-8.75	363.523
-76.25	0	-8.75	376.903
-73.75	0	-8.75	370.46
-71.25	0	-8.75	347.338
-68.75	0	-8.75	361.384
-66.25	0	-8.75	353.272
-63.75	0	-8.75	351.994
-61.25	0	-8.75	337.829
-58.75	0	-8.75	335.199
-56.25	0	-8.75	349.473
-53.75	0	-8.75	310.171
-51.25	0	-8.75	344.071
-48.75	0	-8.75	323.383
-46.25	0	-8.75	314.15
-43.75	0	-8.75	309.488
-41.25	0	-8.75	329.271
-38.75	0	-8.75	293.61
-36.25	0	-8.75	294.894
-33.75	0	-8.75	300.38
-31.25	0	-8.75	285.303
-28.75	0	-8.75	292.565
-26.25	0	-8.75	305.973
-23.75	0	-8.75	293.51
-21.25	0	-8.75	282.971
-18.75	0	-8.75	288.439
-16.25	0	-8.75	283.616
-13.75	0	-8.75	267.217
-11.25	0	-8.75	268.217
-8.75	0	-8.75	266.937
-6.25	0	-8.75	259.699
-3.75	0	-8.75	241.967
-1.25	0	-8.75	239.151
1.25	0	-8.75	230.572
3.75	0	-8.75	221.101
6.25	0	-8.75	213.15
8.75	0	-8.75	208.731
11.25	0	-8.75	205.545
13.75	0	-8.75	187.24
16.25	0	-8.75	191.097
18.75	0	-8.75	176.613
21.25	0	-8.75	170.105
23.75	0	-8.75	181.239
26.25	0	-8.75	174.959
28.75	0	-8.75	170.929
31.25	0	-8.75	175.484
33.75	0	-8.75	170.896
36.25	0	-8.75	173.718
38.75	0	-8.75	181.605
41.25	0	-8.75	171.447
43.75	0	-8.75	171.583
46.25	0	-8.75	159.543
48.75	0	-8.75	152.516
51.25	0	-8.75	161.796
53.75	0	-8.75	151.139
56.25	0	-8.75	150.035
58.75	0	-8.75	157.617
61.25	0	-8.75	155.084
63.75	0	-8.75	153.26
66.25	0	-8.75	154.695
68.75	0	-8.75	173.728
71.25	0	-8.75	167.618
73.75	0	-8.75	172.773
76.25	0	-8.75	165.694
78.75	0	-8.75	166.662
81.25	0	-8.75	163.753
83.75	0	-8.75	165.501
86.25	0	-8.75	164.231
88.75	0	-8.75	167.026
91.25	0	-8.75	166.643
93.75	0	-8.75	173.406
96.25	0	-8.75	164.526
98.75	0	-8.75	164.758
101.25	0	-8.75	178.749
103.75	0	-8.75	182.031
106.25	0	-8.75	182.788
108.75	0	-8.75	182.39
111.25	0	-8.75	184.1
113.75	0	-8.75	181.056
116.25	0	-8.75	188.903
118.75	0	-8.75	193.405
121.25	0	-8.75	190.406
123.75	0	-8.75	194.245
126.25	0	-8.75	194.08
128.75	0	-8.75	201.158
-127.5	0	-10	410.188
-125	0	-10	403.284
-122.5	0	-10	397.206
-120	0	-10	395.174
-117.5	0	-10	412.152
-115	0	-10	407.456
-112.5	0	-10	387.594
-110	0	-10	390.654
-107.5	0	-10	404.37
-105	0	-10	385.772
-102.5	0	-10	389.67
-100	0	-10	383.463
-97.5	0	-10	411.03
-95	0	-10	403.104
-92.5	0	-10	384.727
-90	0	-10	390.67
-87.5	0	-10	409.72
-85	0	-10	400.087
-82.5	0	-10	381.38
-80	0	-10	379.287
-77.5	0	-10	389.788
-75	0	-10	392.032
-72.5	0	-10	369.708
-70	0	-10	367.675
-67.5	0	-10	381.406
-65	0	-10	370.198
-62.5	0	-10	377.145
-60	0	-10	372.711
-57.5	0	-10	348.539
-55	0	-10	346.995
-52.5	0	-10	343.664
-50	0	-10	339.277
-47.5	0	-10	328.388
-45	0	-10	325.501
-42.5	0	-10	310.824
-40	0	-10	308.559
-37.5	0	-10	304.197
-35	0	-10	316.401
-32.5	0	-10	308.588
-30	0	-10	305.746
-27.5	0	-10	318.427
-25	0	-10	299.845
-22.5	0	-10	312.006
-20	0	-10	308.861
-17.5	0	-10	292.224
-15	0	-10	289.14
-12.5	0	-10	289.859
-10	0	-10	275.649
-7.5	0	-10	267.376
-5	0	-10	253.316
-2.5	0	-10	246.137
0	0	-10	234.58
2.5	0	-10	232.367
5	0	-10	222.376
7.5	0	-10	212.436
10	0	-10	214.24
12.5	0	-10	207.617
15	0	-10	183.003
17.5	0	-10	192.426
20	0	-10	183.803
22.5	0	-10	179.69
25	0	-10	177.699
27.5	0	-10	180.356
30	0	-10	177.935
32.5	0	-10	176.177
35	0	-10	178.928
37.5	0	-10	170.761
40	0	-10	176.048
42.5	0	-10	175.353
45	0	-10	162.46
47.5	0	-10	161.022
50	0	-10	158.087
52.5	0	-10	157.133
55	0	-10	156.233
57.5	0	-10	160.579
60	0	-10	155.233
62.5	0	-10	163.207
65	0	-10	166.974
67.5	0	-10	161.953
70	0	-10	168.098
72.5	0	-10	169.628
75	0	-10	172.202
77.5	0	-10	171.525
80	0	-10	167.705
82.5	0	-10	168.248
85	0	-10	157.943
87.5	0	-10	157.645
90	0	-10	159.124
92.5	0	-10	154.464
95	0	-10	163.971
97.5	0	-10	167.339
100	0	-10	160.882
102.5	0	-10	172.953
105	0	-10	177.814
107.5	0	-10	176.6
110	0	-10	184.066
112.5	0	-10	178.962
115	0	-10	188.332
117.5	0	-10	189.866
120	0	-10	188.7
122.5	0	-10	195.349
125	0	-10	190.911
-123.75	0	-11.25	411.61
-121.25	0	-11.25	414.575
-118.75	0	-11.25	413.97
-116.25	0	-11.25	415.247
-113.75	0	-11.25	421.776
-111.25	0	-11.25	430.88
-108.75	0	-11.25	417.311
-106.25	0	-11.25	413.254
-103.75	0	-11.25	407.275
-101.25	0	-11.25	421.804
-98.75	0	-11.25	399.463
-96.25	0	-11.25	409.833
-93.75	0	-11.25	395.599
-91.25	0	-11.25	413.456
-88.75	0	-11.25	415.535
-86.25	0	-11.25	423.481
-83.75	0	-11.25	428.173
-81.25	0	-11.25	410.604
-78.75	0	-11.25	399.792
-76.25	0	-11.25	380.028
-73.75	0	-11.25	387.611
-71.25	0	-11.25	398.057
-68.75	0	-11.25	408.951
-66.25	0	-11.25	403.878
-63.75	0	-11.25	386.627
-61.25	0	-11.25	377.233
-58.75	0	-11.25	369.588
-56.25	0	-11.25	372.57
-53.75	0	-11.25	346.416
-51.25	0	-11.25	359.265
-48.75	0	-11.25	331.253
-46.25	0	-11.25	342.075
-43.75	0	-11.25	346.687
-41.25	0	-11.25	326.508
-38.75	0	-11.25	333.146
-36.25	0	-11.25	334.195
-33.75	0	-11.25	315.617
-31.25	0	-11.25	301.685
-28.75	0	-11.25	330.084
-26.25	0	-11.25	326.538
-23.75	0	-11.25	320.99
-21.25	0	-11.25	322.221
-18.75	0	-11.25	296.346
-16.25	0	-11.25	295.849
-13.75	0	-11.25	304.917
-11.25	0	-11.25	282.813
-8.75	0	-11.25	264.746
-6.25	0	-11.25	270.214
-3.75	0	-11.25	258.577
-1.25	0	-11.25	238.122
1.25	0	-11.25	250.592
3.75	0	-11.25	220.665
6.25	0	-11.25	221.686
8.75	0	-11.25	211.466
11.25	0	-11.25	212.47
13.75	0	-11.25	191.381
16.25	0	-11.25	190.611
18.75	0	-11.25	198.127
21.25	0	-11.25	188.036
23.75	0	-11.25	184.979
26.25	0	-11.25	187.957
28.75	0	-11.25	178.051
31.25	0	-11.25	181.923
33.75	0	-11.25	189.775
36.25	0	-11.25	176.737
38.75	0	-11.25	180.579
41.25	0	-11.25	171.758
43.75	0	-11.25	172.022
46.25	0	-11.25	172.126
48.75	0	-11.25	159.273
51.25	0	-11.25	161.463
53.75	0	-11.25	158.288
56.25	0	-11.25	159.779
58.75	0	-11.25	162.905
61.25	0	-11.25	162.354
63.75	0	-11.25	158.883
66.25	0	-11.25	170.063
68.75	0	-11.25	163.492
71.25	0	-11.25	170.868
73.75	0	-11.25	163.63
76.25	0	-11.25	173.68
78.75	0	-11.25	167.097
81.25	0	-11.25	161.001
83.75	0	-11.25	156.327
86.25	0	-11.25	153.991
88.75	0	-11.25	157.739
91.25	0	-11.25	152.538
93.75	0	-11.25	147.67
96.25	0	-11.25	152.392
98.75	0	-11.25	157.576
101.25	0	-11.25	155.418
103.75	0	-11.25	162.18
106.25	0	-11.25	162.788
108.75	0	-11.25	167.774
111.25	0	-11.25	177.194
113.75	0	-11.25	177.782
116.25	0	-11.25	178.384
118.75	0	-11.25	180.063
121.25	0	-11.25	186.74
-120	0	-12.5	432.03
-117.5	0	-12.5	430.471
-115	0	-12.5	432.737
-112.5	0	-12.5	428.088
-110	0	-12.5	425.445
-107.5	0	-12.5	430.716
-105	0	-12.5	422.221
-102.5	0	-12.5	421.355
-100	0	-12.5	410.329
-97.5	0	-12.5	440.486
-95	0	-12.5	414.021
-92.5	0	-12.5	432.714
-90	0	-12.5	419.297
-87.5	0	-12.5	416.887
-85	0	-12.5	421.906
-82.5	0	-12.5	423.192
-80	0	-12.5	441.902
-77.5	0	-12.5	415.823
-75	0	-12.5	416.27
-72.5	0	-12.5	410.498
-70	0	-12.5	415.105
-67.5	0	-12.5	386.229
-65	0	-12.5	410.415
-62.5	0	-12.5	394.64
-60	0	-12.5	395.491
-57.5	0	-12.5	379.423
-55	0	-12.5	362.487
-52.5	0	-12.5	336.761
-50	0	-12.5	342.772
-47.5	0	-12.5	344.1
-45	0	-12.5	338.749
-42.5	0	-12.5	339.708
-40	0	-12.5	323.626
-37.5	0	-12.5	333.369
-35	0	-12.5	339.266
-32.5	0	-12.5	335.485
-30	0	-12.5	347.787
-27.5	0	-12.5	332.923
-25	0	-12.5	321.831
-22.5	0	-12.5	315.107
-20	0	-12.5	329.034
-17.5	0	-12.5	305.845
-15	0	-12.5	304.783
-12.5	0	-12.5	279.172
-10	0	-12.5	299.95
-7.5	0	-12.5	272.197
-5	0	-12.5	266.434
-2.5	0	-12.5	245.188
0	0	-12.5	250.081
2.5	0	-12.5	230.348
5	0	-12.5	231.838
7.5	0	-12.5	218.148
10	0	-12.5	198.163
12.5	0	-12.5	213.272
15	0	-12.5	201.189
17.5	0	-12.5	202.826
20	0	-12.5	193.389
22.5	0	-12.5	190.287
25	0	-12.5	191.931
27.5	0	-12.5	192.894
30	0	-12.5	196.291
32.5	0	-12.5	195.112
35	0	-12.5	189.762
37.5	0	-12.5	181.52
40	0	-12.5	185.868
42.5	0	-12.5	173.669
45	0	-12.5	174.72
47.5	0	-12.5	174.275
50	0	-12.5	168.982
52.5	0	-12.5	164.894
55	0	-12.5	158.592
57.5	0	-12.5	167.11
60	0	-12.5	163.514
62.5	0	-12.5	162.705
65	0	-12.5	166.088
67.5	0	-12.5	173.797
70	0	-12.5	166.778
72.5	0	-12.5	164.853
75	0	-12.5	165.381
77.5	0	-12.5	174.91
80	0	-12.5	162.056
82.5	0	-12.5	158.749
85	0	-12.5	157.556
87.5	0	-12.5	155.362
90	0	-12.5	151.352
92.5	0	-12.5	144.711
95	0	-12.5	145.521
97.5	0	-12.5	147.826
100	0	-12.5	153.532
102.5	0	-12.5	155.058
105	0	-12.5	152.908
107.5	0	-12.5	162.192
110	0	-12.5	161.951
112.5	0	-12.5	164.531
115	0	-12.5	170.276
117.5	0	-12.5	178.616
-116.25	0	-13.75	431.53
-113.75	0	-13.75	433.582
-111.25	0	-13.75	439.821
-108.75	0	-13.75	431.95
-106.25	0	-13.75	443.703
-103.75	0	-13.75	436.266
-101.25	0	-13.75	437.881
-98.75	0	-13.75	426.551
-96.25	0	-13.75	439.799
-93.75	0	-13.75	421.644
-91.25	0	-13.75	425.355
-88.75	0	-13.75	446.287
-86.25	0	-13.75	421.679
-83.75	0	-13.75	432.457
-81.25	0	-13.75	448.324
-78.75	0	-13.75	431.085
-76.25	0	-13.75	423.623
-73.75	0	-13.75	427.532
-71.25	0	-13.75	397.932
-68.75	0	-13.75	405.7
-66.25	0	-13.75	389.226
-63.75	0	-13.75	389.834
-61.25	0	-13.75	369.693
-58.75	0	-13.75	384.232
-56.25	0	-13.75	360.209
-53.75	0	-13.75	342.39
-51.25	0	-13.75	347.049
-48.75	0	-13.75	358.183
-46.25	0	-13.75	359.02
-43.75	0	-13.75	339.185
-41.25	0	-13.75	355.992
-38.75	0	-13.75	331.663
-36.25	0	-13.75	341.346
-33.75	0	-13.75	347.945
-31.25	0	-13.75	345.343
-28.75	0	-13.75	336.95
-26.25	0	-13.75	338.357
-23.75	0	-13.75	355.332
-21.25	0	-13.75	323.253
-18.75	0	-13.75	331.029
-16.25	0	-13.75	299.018
-13.75	0	-13.75	294.29
-11.25	0	-13.75	286.089
-8.75	0	-13.75	274.575
-6.25	0	-13.75	271.312
-3.75	0	-13.75	255.579
-1.25	0	-13.75	236.691
1.25	0	-13.75	232.902
3.75	0	-13.75	226.697
6.25	0	-13.75	230.994
8.75	0	-13.75	218.142
11.25	0	-13.75	205.325
13.75	0	-13.75	220.312
16.25	0	-13.75	203.601
18.75	0	-13.75	204.055
21.25	0	-13.75	202.841
23.75	0	-13.75	207.07
26.25	0	-13.75	209.654
28.75	0	-13.75	200.739
31.25	0	-13.75	211.067
33.75	0	-13.75	199.696
36.25	0	-13.75	196.054
38.75	0	-13.75	183.698
41.25	0	-13.75	186.52
43.75	0	-13.75	183.59
46.25	0	-13.75	178.633
48.75	0	-13.75	176.057
51.25	0	-13.75	172.858
53.75	0	-13.75	169.93
56.25	0	-13.75	172.925
58.75	0	-13.75	165.966
61.25	0	-13.75	166.857
63.75	0	-13.75	173.847
66.25	0	-13.75	172.238
68.75	0	-13.75	174.275
71.25	0	-13.75	172.139
73.75	0	-13.75	170.942
76.25	0	-13.75	168.901
78.75	0	-13.75	166.371
81.25	0	-13.75	167.608
83.75	0	-13.75	164.341
86.25	0	-13.75	162.255
88.75	0	-13.75	156.344
91.25	0	-13.75	148.7
93.75	0	-13.75	146.628
96.25	0	-13.75	141.651
98.75	0	-13.75	147.734
101.25	0	-13.75	142.998
103.75	0	-13.75	148.285
106.25	0	-13.75	149.806
108.75	0	-13.75	151.271
111.25	0	-13.75	154.248
113.75	0	-13.75	158.387
-112.5	0	-15	437.658
-110	0	-15	442.679
-107.5	0	-15	448.18
-105	0	-15	439.71
-102.5	0	-15	447.829
-100	0	-15	428.762
-97.5	0	-15	444.541
-95	0	-15	426.486
-92.5	0	-15	430.738
-90	0	-15	446.111
-87.5	0	-15	454.13
-85	0	-15	447.301
-82.5	0	-15	455.215
-80	0	-15	430.653
-77.5	0	-15	435.814
-75	0	-15	447.309
-72.5	0	-15	420.874
-70	0	-15	437.519
-67.5	0	-15	401.386
-65	0	-15	404.244
-62.5	0	-15	381.821
-60	0	-15	387.81
-57.5	0	-15	383.515
-55	0	-15	360.635
-52.5	0	-15	341.722
-50	0	-15	357.175
-47.5	0	-15	354.414
-45	0	-15	358.437
-42.5	0	-15	350.527
-40	0	-15	330.8
-37.5	0	-15	345.889
-35	0	-15	340.486
-32.5	0	-15	360.876
-30	0	-15	362.705
-27.5	0	-15	353.224
-25	0	-15	355.667
-22.5	0	-15	333.775
-20	0	-15	327.671
-17.5	0	-15	318.039
-15	0	-15	317.867
-12.5	0	-15	301.113
-10	0	-15	301.515
-7.5	0	-15	268.856
-5	0	-15	262.316
-2.5	0	-15	246.654
0	0	-15	239.825
2.5	0	-15	232.021
5	0	-15	221.553
7.5	0	-15	214.77
10	0	-15	221.731
12.5	0	-15	218.332
15	0	-15	217.33
17.5	0	-15	204.944
20	0	-15	212.698
22.5	0	-15	220.737
25	0	-15	219.982
27.5	0	-15	221.63
30	0	-15	215.492
32.5	0	-15	213.293
35	0	-15	216.717
37.5	0	-15	193.087
40	0	-15	193.055
42.5	0	-15	199.8
45	0	-15	185.306
47.5	0	-15	186.574
50	0	-15	179.232
52.5	0	-15	180.899
55	0	-15	179.495
57.5	0	-15	171.427
60	0	-15	167.647
62.5	0	-15	173.176
65	0	-15	174.856
67.5	0	-15	172.828
70	0	-15	170.876
72.5	0	-15	180.085
75	0	-15	175.21
77.5	0	-15	174.72
80	0	-15	171.898
82.5	0	-15	169.476
85	0	-15	169.846
87.5	0	-15	156.695
90	0	-15	152.719
92.5	0	-15	149.325
95	0	-15	150.346
97.5	0	-15	142.439
100	0	-15	140.287
102.5	0	-15	140.992
105	0	-15	141.614
107.5	0	-15	145.464
110	0	-15	145.925
-108.75	0	-16.25	444.289
-106.25	0	-16.25	450.96
-103.75	0	-16.25	435.709
-101.25	0	-16.25	461.372
-98.75	0	-16.25	458.415
-96.25	0	-16.25	451.413
-93.75	0	-16.25	452.337
-91.25	0	-16.25	458.829
-88.75	0	-16.25	464.942
-86.25	0	-16.25	453.103
-83.75	0	-16.25	447.586
-81.25	0	-16.25	440.845
-78.75	0	-16.25	451.439
-76.25	0	-16.25	418.478
-73.75	0	-16.25	420.037
-71.25	0	-16.25	438.625
-68.75	0	-16.25	421.055
-66.25	0	-16.25	400.837
-63.75	0	-16.25	390.259
-61.25	0	-16.25	383.635
-58.75	0	-16.25	390.833
-56.25	0	-16.25	378.805
-53.75	0	-16.25	356.501
-51.25	0	-16.25	379.855
-48.75	0	-16.25	362.562
-46.25	0	-16.25	375.408
-43.75	0	-16.25	356.101
-41.25	0	-16.25	378.272
-38.75	0	-16.25	354.135
-36.25	0	-16.25	373.585
-33.75	0	-16.25	370.42
-31.25	0	-16.25	362.014
-28.75	0	-16.25	355.011
-26.25	0	-16.25	369.956
-23.75	0	-16.25	354.943
-21.25	0	-16.25	338.659
-18.75	0	-16.25	328.768
-16.25	0	-16.25	311.887
-13.75	0	-16.25	308.96
-11.25	0	-16.25	283.379
-8.75	0	-16.25	272.972
-6.25	0	-16.25	278.347
-3.75	0	-16.25	247.62
-1.25	0	-16.25	239.603
1.25	0	-16.25	235.792
3.75	0	-16.25	218.382
6.25	0	-16.25	237.079
8.75	0	-16.25	230.841
11.25	0	-16.25	220.305
13.75	0	-16.25	227.666
16.25	0	-16.25	224.661
18.75	0	-16.25	232.872
21.25	0	-16.25	224.738
23.75	0	-16.25	239.571
26.25	0	-16.25	229.693
28.75	0	-16.25	221.803
31.25	0	-16.25	234.224
33.75	0	-16.25	213.442
36.25	0	-16.25	215.379
38.75	0	-16.25	214.186
41.25	0	-16.25	205.531
43.75	0	-16.25	194.673
46.25	0	-16.25	198.296
48.75	0	-16.25	196.095
51.25	0	-16.25	186.756
53.75	0	-16.25	181.362
56.25	0	-16.25	181.963
58.75	0	-16.25	178.205
61.25	0	-16.25	178.293
63.75	0	-16.25	173.589
66.25	0	-16.25	181.148
68.75	0	-16.25	174.94
71.25	0	-16.25	181.525
73.75	0	-16.25	178.874
76.25	0	-16.25	180.384
78.75	0	-16.25	169.466
81.25	0	-16.25	174.04
83.75	0	-16.25	168.095
86.25	0	-16.25	166.715
88.75	0	-16.25	164.418
91.25	0	-16.25	152.391
93.75	0	-16.25	148.638
96.25	0	-16.25	149.558
98.75	0	-16.25	141.092
101.25	0	-16.25	137.323
103.75	0	-16.25	140.453
106.25	0	-16.25	138.806
-105	0	-17.5	450.888
-102.5	0	-17.5	443.814
-100	0	-17.5	452.845
-97.5	0	-17.5	453.576
-95	0	-17.5	440.766
-92.5	0	-17.5	447.409
-90	0	-17.5	455.582
-87.5	0	-17.5	445.046
-85	0	-17.5	462.145
-82.5	0	-17.5	445.318
-80	0	-17.5	434.823
-77.5	0	-17.5	433.203
-75	0	-17.5	425.274
-72.5	0	-17.5	422.356
-70	0	-17.5	415.424
-67.5	0	-17.5	409.738
-65	0	-17.5	386.484
-62.5	0	-17.5	403.06
-60	0	-17.5	393.598
-57.5	0	-17.5	361.055
-55	0	-17.5	365.918
-52.5	0	-17.5	373.702
-50	0	-17.5	372.442
-47.5	0	-17.5	367.419
-45	0	-17.5	375.043
-42.5	0	-17.5	366.434
-40	0	-17.5	384.611
-37.5	0	-17.5	381.296
-35	0	-17.5	382.103
-32.5	0	-17.5	357.655
-30	0	-17.5	361.815
-27.5	0	-17.5	357.688
-25	0	-17.5	342.756
-22.5	0	-17.5	342.045
-20	0	-17.5	334.717
-17.5	0	-17.5	324.139
-15	0	-17.5	322.303
-12.5	0	-17.5	296.693
-10	0	-17.5	284.857
-7.5	0	-17.5	264.781
-5	0	-17.5	255.302
-2.5	0	-17.5	251.74
0	0	-17.5	238.218
2.5	0	-17.5	234.22
5	0	-17.5	231.294
7.5	0	-17.5	232.138
10	0	-17.5	228.181
12.5	0	-17.5	228.47
15	0	-17.5	238.311
17.5	0	-17.5	230.149
20	0	-17.5	231.559
22.5	0	-17.5	237.483
25	0	-17.5	236.091
27.5	0	-17.5	239.275
30	0	-17.5	238.601
32.5	0	-17.5	234.303
35	0	-17.5	232.882
37.5	0	-17.5	216.615
40	0	-17.5	214.75
42.5	0	-17.5	208.181
45	0	-17.5	206.476
47.5	0	-17.5	199.971
50	0	-17.5	188.903
52.5	0	-17.5	189.437
55	0	-17.5	192.598
57.5	0	-17.5	188.369
60	0	-17.5	181.678
62.5	0	-17.5	179.274
65	0	-17.5	178.741
67.5	0	-17.5	180.519
70	0	-17.5	181.588
72.5	0	-17.5	178.008
75	0	-17.5	180.307
77.5	0	-17.5	178.169
80	0	-17.5	180.555
82.5	0	-17.5	174.06
85	0	-17.5	175.078
87.5	0	-17.5	167.389
90	0	-17.5	166.262
92.5	0	-17.5	161.763
95	0	-17.5	152.988
97.5	0	-17.5	147.076
100	0	-17.5	146.137
102.5	0	-17.5	143.224
-101.25	0	-18.75	444.849
-98.75	0	-18.75	462.385
-96.25	0	-18.75	458.013
-93.75	0	-18.75	456.006
-91.25	0	-18.75	463.455
-88.75	0	-18.75	465.395
-86.25	0	-18.75	462.564
-83.75	0	-18.75	440.111
-81.25	0	-18.75	429.672
-78.75	0	-18.75	443.946
-76.25	0	-18.75	421.462
-73.75	0	-18.75	425.967
-71.25	0	-18.75	408.205
-68.75	0	-18.75	400.422
-66.25	0	-18.75	397.338
-63.75	0	-18.75	384.14
-61.25	0	-18.75	388.76
-58.75	0	-18.75	383.511
-56.25	0	-18.75	371.529
-53.75	0	-18.75	372.11
-51.25	0	-18.75	384.446
-48.75	0	-18.75	371.188
-46.25	0	-18.75	392.894
-43.75	0	-18.75	380.039
-41.25	0	-18.75	373.969
-38.75	0	-18.75	383.07
-36.25	0	-18.75	386.687
-33.75	0	-18.75	371.665
-31.25	0	-18.75	364.305
-28.75	0	-18.75	367.693
-26.25	0	-18.75	349.958
-23.75	0	-18.75	362.502
-21.25	0	-18.75	347.69
-18.75	0	-18.75	338.655
-16.25	0	-18.75	332.891
-13.75	0	-18.75	317.708
-11.25	0	-18.75	301.714
-8.75	0	-18.75	280.019
-6.25	0	-18.75	259.994
-3.75	0	-18.75	263.795
-1.25	0	-18.75	251.603
1.25	0	-18.75	255.436
3.75	0	-18.75	237.366
6.25	0	-18.75	229.802
8.75	0	-18.75	234.429
11.25	0	-18.75	237.208
13.75	0	-18.75	234.617
16.25	0	-18.75	241.31
18.75	0	-18.75	247.774
21.25	0	-18.75	239.101
23.75	0	-18.75	248.09
26.25	0	-18.75	237.673
28.75	0	-18.75	253.053
31.25	0	-18.75	245.5
33.75	0	-18.75	236.661
36.25	0	-18.75	239.622
38.75	0	-18.75	222.298
41.25	0	-18.75	217.925
43.75	0	-18.75	217.065
46.25	0	-18.75	209.1
48.75	0	-18.75	203.431
51.25	0	-18.75	206.886
53.75	0	-18.75	190.623
56.25	0	-18.75	191.296
58.75	0	-18.75	192.948
61.25	0	-18.75	193.374
63.75	0	-18.75	190.405
66.25	0	-18.75	183.367
68.75	0	-18.75	184.479
71.25	0	-18.75	186.511
73.75	0	-18.75	184.623
76.25	0	-18.75	182.543
78.75	0	-18.75	180.232
81.25	0	-18.75	178.472
83.75	0	-18.75	178.105
86.25	0	-18.75	176.413
88.75	0	-18.75	167.784
91.25	0	-18.75	165.133
93.75	0	-18.75	159.25
96.25	0	-18.75	159.2
98.75	0	-18.75	152.736
-97.5	0	-20	447.897
-95	0	-20	445.373
-92.5	0	-20	452.583
-90	0	-20	453.11
-87.5	0	-20	446.751
-85	0	-20	435.086
-82.5	0	-20	439.131
-80	0	-20	429.084
-77.5	0	-20	415.923
-75	0	-20	419.893
-72.5	0	-20	407.179
-70	0	-20	408.328
-67.5	0	-20	395.936
-65	0	-20	398.153
-62.5	0	-20	394.54
-60	0	-20	401.973
-57.5	0	-20	374.285
-55	0	-20	381.853
-52.5	0	-20	388.146
-50	0	-20	386.141
-47.5	0	-20	378.606
-45	0	-20	375.453
-42.5	0	-20	395.674
-40	0	-20	375.612
-37.5	0	-20	372.27
-35	0	-20	376.555
-32.5	0	-20	382.34
-30	0	-20	380.517
-27.5	0	-20	371.147
-25	0	-20	346.917
-22.5	0	-20	349.558
-20	0	-20	346.455
-17.5	0	-20	325.865
-15	0	-20	317.501
-12.5	0	-20	306.754
-10	0	-20	306.21
-7.5	0	-20	284.124
-5	0	-20	276.329
-2.5	0	-20	276.298
0	0	-20	267.336
2.5	0	-20	261.552
5	0	-20	249.379
7.5	0	-20	249.99
10	0	-20	252.214
12.5	0	-20	240.747
15	0	-20	250.542
17.5	0	-20	255.776
20	0	-20	256.455
22.5	0	-20	248.935
25	0	-20	260.567
27.5	0	-20	255.507
30	0	-20	247.492
32.5	0	-20	251.949
35	0	-20	238.141
37.5	0	-20	234.594
40	0	-20	226.289
42.5	0	-20	221.123
45	0	-20	225.406
47.5	0	-20	209.98
50	0	-20	207.755
52.5	0	-20	204.227
55	0	-20	203.591
57.5	0	-20	195.41
60	0	-20	199.6
62.5	0	-20	190.901
65	0	-20	192.943
67.5	0	-20	187.311
70	0	-20	186.385
72.5	0	-20	186.483
75	0	-20	186.287
77.5	0	-20	188.365
80	0	-20	185.541
82.5	0	-20	184.259
85	0	-20	179.046
87.5	0	-20	177.157
90	0	-20	174.457
92.5	0	-20	168.905
95	0	-20	165.987
-93.75	0	-21.25	444.079
-91.25	0	-21.25	448.459
-88.75	0	-21.25	444.998
-86.25	0	-21.25	437.753
-83.75	0	-21.25	428.643
-81.25	0	-21.25	422.164
-78.75	0	-21.25	422.33
-76.25	0	-21.25	409.06
-73.75	0	-21.25	414.936
-71.25	0	-21.25	416.971
-68.75	0	-21.25	397.222
-66.25	0	-21.25	397.042
-63.75	0	-21.25	404.738
-61.25	0	-21.25	388.418
-58.75	0	-21.25	384.897
-56.25	0	-21.25	376.289
-53.75	0	-21.25	382.1
-51.25	0	-21.25	380.96
-48.75	0	-21.25	384.076
-46.25	0	-21.25	391.157
-43.75	0	-21.25	382.976
-41.25	0	-21.25	384.644
-38.75	0	-21.25	394.361
-36.25	0	-21.25	382.607
-33.75	0	-21.25	376.75
-31.25	0	-21.25	369.36
-28.75	0	-21.25	378.46
-26.25	0	-21.25	373.945
-23.75	0	-21.25	342.979
-21.25	0	-21.25	334.016
-18.75	0	-21.25	341.932
-16.25	0	-21.25	326.382
-13.75	0	-21.25	310.9
-11.25	0	-21.25	313.19
-8.75	0	-21.25	307.483
-6.25	0	-21.25	300.582
-3.75	0	-21.25	293.164
-1.25	0	-21.25	275.362
1.25	0	-21.25	274.579
3.75	0	-21.25	261.604
6.25	0	-21.25	272.158
8.75	0	-21.25	257.817
11.25	0	-21.25	260.134
13.75	0	-21.25	260.93
16.25	0	-21.25	265.102
18.75	0	-21.25	264.223
21.25	0	-21.25	266.185
23.75	0	-21.25	251.098
26.25	0	-21.25	258.432
28.75	0	-21.25	248.79
31.25	0	-21.25	242.971
33.75	0	-21.25	243.91
36.25	0	-21.25	252.233
38.75	0	-21.25	238.955
41.25	0	-21.25	236.576
43.75	0	-21.25	236.443
46.25	0	-21.25	231.65
48.75	0	-21.25	223.784
51.25	0	-21.25	208.245
53.75	0	-21.25	207.954
56.25	0	-21.25	205.397
58.75	0	-21.25	203.674
61.25	0	-21.25	195.96
63.75	0	-21.25	193.425
66.25	0	-21.25	196.353
68.75	0	-21.25	194.043
71.25	0	-21.25	193.402
73.75	0	-21.25	193.018
76.25	0	-21.25	191.586
78.75	0	-21.25	192.003
81.25	0	-21.25	190.817
83.75	0	-21.25	185.318
86.25	0	-21.25	185.975
88.75	0	-21.25	184.027
91.25	0	-21.25	179.148
-90	0	-22.5	428.287
-87.5	0	-22.5	422.831
-85	0	-22.5	423.777
-82.5	0	-22.5	406.269
-80	0	-22.5	408.583
-77.5	0	-22.5	408.186
-75	0	-22.5	393.881
-72.5	0	-22.5	407.998
-70	0	-22.5	400.275
-67.5	0	-22.5	388.612
-65	0	-22.5	386.882
-62.5	0	-22.5	380.368
-60	0	-22.5	387.52
-57.5	0	-22.5	398.763
-55	0	-22.5	380.919
-52.5	0	-22.5	386.735
-50	0	-22.5	387.118
-47.5	0	-22.5	392.356
-45	0	-22.5	382.355
-42.5	0	-22.5	381.621
-40	0	-22.5	374.688
-37.5	0	-22.5	393.181
-35	0	-22.5	382.981
-32.5	0	-22.5	387.636
-30	0	-22.5	369.26
-27.5	0	-22.5	363.988
-25	0	-22.5	366.439
-22.5	0	-22.5	347.529
-20	0	-22.5	340.223
-17.5	0	-22.5	338.323
-15	0	-22.5	338.596
-12.5	0	-22.5	320.782
-10	0	-22.5	317.06
-7.5	0	-22.5	302.219
-5	0	-22.5	309.935
-2.5	0	-22.5	299.516
0	0	-22.5	288.512
2.5	0	-22.5	281.403
5	0	-22.5	286.075
7.5	0	-22.5	264.199
10	0	-22.5	266.696
12.5	0	-22.5	266.107
15	0	-22.5	258.021
17.5	0	-22.5	272.505
20	0	-22.5	261.539
22.5	0	-22.5	264.966
25	0	-22.5	265.591
27.5	0	-22.5	254.71
30	0	-22.5	256.328
32.5	0	-22.5	253.367
35	0	-22.5	244.294
37.5	0	-22.5	245.374
40	0	-22.5	234.448
42.5	0	-22.5	242.493
45	0	-22.5	237.764
47.5	0	-22.5	234.92
50	0	-22.5	219.286
52.5	0	-22.5	218.827
55	0	-22.5	216.582
57.5	0	-22.5	211.859
60	0	-22.5	210.98
62.5	0	-22.5	200.973
65	0	-22.5	199.033
67.5	0	-22.5	199.85
70	0	-22.5	191.621
72.5	0	-22.5	192.651
75	0	-22.5	192.193
77.5	0	-22.5	195.438
80	0	-22.5	196.133
82.5	0	-22.5	192.276
85	0	-22.5	191.139
87.5	0	-22.5	187.662
-86.25	0	-23.75	410.709
-83.75	0	-23.75	400.647
-81.25	0	-23.75	397.076
-78.75	0	-23.75	406.569
-76.25	0	-23.75	398.327
-73.75	0	-23.75	392.884
-71.25	0	-23.75	389.843
-68.75	0	-23.75	393.537
-66.25	0	-23.75	392.013
-63.75	0	-23.75	397.01
-61.25	0	-23.75	392.085
-58.75	0	-23.75	378.872
-56.25	0	-23.75	385.497
-53.75	0	-23.75	382.712
-51.25	0	-23.75	396.657
-48.75	0	-23.75	378.379
-46.25	0	-23.75	393.289
-43.75	0	-23.75	389.243
-41.25	0	-23.75	392.98
-38.75	0	-23.75	391.36
-36.25	0	-23.75	375.065
-33.75	0	-23.75	370.782
-31.25	0	-23.75	371.148
-28.75	0	-23.75	363.923
-26.25	0	-23.75	374.423
-23.75	0	-23.75	366.35
-21.25	0	-23.75	363.274
-18.75	0	-23.75	352.044
-16.25	0	-23.75	355.621
-13.75	0	-23.75	335.062
-11.25	0	-23.75	328.636
-8.75	0	-23.75	325.161
-6.25	0	-23.75	334.454
-3.75	0	-23.75	317.148
-1.25	0	-23.75	299.499
1.25	0	-23.75	290.843
3.75	0	-23.75	300.784
6.25	0	-23.75	297.215
8.75	0	-23.75	284.586
11.25	0	-23.75	277.284
13.75	0	-23.75	272.97
16.25	0	-23.75	283.549
18.75	0	-23.75	275.971
21.25	0	-23.75	269.958
23.75	0	-23.75	263.55
26.25	0	-23.75	269.095
28.75	0	-23.75	267.733
31.25	0	-23.75	263.856
33.75	0	-23.75	258.926
36.25	0	-23.75	248.373
38.75	0	-23.75	246.941
41.25	0	-23.75	238.111
43.75	0	-23.75	244.945
46.25	0	-23.75	231.04
48.75	0	-23.75	230.481
51.25	0	-23.75	226.159
53.75	0	-23.75	227.088
56.25	0	-23.75	220.134
58.75	0	-23.75	213.975
61.25	0	-23.75	211.035
63.75	0	-23.75	204.679
66.25	0	-23.75	202.716
68.75	0	-23.75	202.421
71.25	0	-23.75	200.668
73.75	0	-23.75	200.894
76.25	0	-23.75	199.424
78.75	0	-23.75	199.514
81.25	0	-23.75	198.399
83.75	0	-23.75	194.909
-82.5	0	-25	387.085
-80	0	-25	391.481
-77.5	0	-25	384.494
-75	0	-25	391.81
-72.5	0	-25	398.076
-70	0	-25	386.515
-67.5	0	-25	388.563
-65	0	-25	393.159
-62.5	0	-25	393.263
-60	0	-25	394.187
-57.5	0	-25	390.736
-55	0	-25	392.177
-52.5	0	-25	387.812
-50	0	-25	386.755
-47.5	0	-25	391.128
-45	0	-25	387.536
-42.5	0	-25	384.347
-40	0	-25	397.424
-37.5	0	-25	390.956
-35	0	-25	370.434
-32.5	0	-25	375.995
-30	0	-25	376.339
-27.5	0	-25	378.708
-25	0	-25	368.355
-22.5	0	-25	362.213
-20	0	-25	356.538
-17.5	0	-25	354.325
-15	0	-25	365.351
-12.5	0	-25	347.961
-10	0	-25	349.826
-7.5	0	-25	338.787
-5	0	-25	323.359
-2.5	0	-25	332.686
0	0	-25	311.644
2.5	0	-25	316.556
5	0	-25	301.945
7.5	0	-25	290.56
10	0	-25	290.455
12.5	0	-25	297.14
15	0	-25	284.24
17.5	0	-25	282.494
20	0	-25	283.129
22.5	0	-25	269.026
25	0	-25	271.369
27.5	0	-25	271.912
30	0	-25	255.46
32.5	0	-25	252.37
35	0	-25	257.941
37.5	0	-25	255.725
40	0	-25	248.699
42.5	0	-25	250.188
45	0	-25	245.563
47.5	0	-25	240.287
50	0	-25	231.99
52.5	0	-25	230.686
55	0	-25	226.718
57.5	0	-25	223.111
60	0	-25	220.405
62.5	0	-25	216.223
65	0	-25	206.25
67.5	0	-25	208.5
70	0	-25	206.107
72.5	0	-25	203.335
75	0	-25	200.01
77.5	0	-25	202.218
80	0	-25	203.801
-78.75	0	-26.25	382.706
-76.25	0	-26.25	381.58
-73.75	0	-26.25	381.772
-71.25	0	-26.25	384.358
-68.75	0	-26.25	380.246
-66.25	0	-26.25	383.846
-63.75	0	-26.25	382.476
-61.25	0	-26.25	375.692
-58.75	0	-26.25	383.789
-56.25	0	-26.25	376.293
-53.75	0	-26.25	388.773
-51.25	0	-26.25	379.2
-48.75	0	-26.25	375.956
-46.25	0	-26.25	391.93
-43.75	0	-26.25	397.642
-41.25	0	-26.25	388.213
-38.75	0	-26.25	381.472
-36.25	0	-26.25	381.639
-33.75	0	-26.25	379.865
-31.25	0	-26.25	386.799
-28.75	0	-26.25	382.62
-26.25	0	-26.25	368.932
-23.75	0	-26.25	373.105
-21.25	0	-26.25	364.042
-18.75	0	-26.25	372.483
-16.25	0	-26.25	359.285
-13.75	0	-26.25	371.394
-11.25	0	-26.25	358.518
-8.75	0	-26.25	354.228
-6.25	0	-26.25	344.788
-3.75	0	-26.25	349.549
-1.25	0	-26.25	340.196
1.25	0	-26.25	340.325
3.75	0	-26.25	331.95
6.25	0	-26.25	322.779
8.75	0	-26.25	310.806
11.25	0	-26.25	301.854
13.75	0	-26.25	292.098
16.25	0	-26.25	296.764
18.75	0	-26.25	282.186
21.25	0	-26.25	288.575
23.75	0	-26.25	286.108
26.25	0	-26.25	277.529
28.75	0	-26.25	270.031
31.25	0	-26.25	268.358
33.75	0	-26.25	260.788
36.25	0	-26.25	252.295
38.75	0	-26.25	254.382
41.25	0	-26.25	243.054
43.75	0	-26.25	243.24
46.25	0	-26.25	243.131
48.75	0	-26.25	239.907
51.25	0	-26.25	234.191
53.75	0	-26.25	234.101
56.25	0	-26.25	227.452
58.75	0	-26.25	229.63
61.25	0	-26.25	226.265
63.75	0	-26.25	222.271
66.25	0	-26.25	216.257
68.75	0	-26.25	210.077
71.25	0	-26.25	207.97
73.75	0	-26.25	207.963
76.25	0	-26.25	205.704
-75	0	-27.5	366.463
-72.5	0	-27.5	378.56
-70	0	-27.5	372.977
-67.5	0	-27.5	377.667
-65	0	-27.5	375.54
-62.5	0	-27.5	375.868
-60	0	-27.5	371.964
-57.5	0	-27.5	381.674
-55	0	-27.5	386.56
-52.5	0	-27.5	376.695
-50	0	-27.5	380.536
-47.5	0	-27.5	387.264
-45	0	-27.5	382.631
-42.5	0	-27.5	389.06
-40	0	-27.5	379.03
-37.5	0	-27.5	390.861
-35	0	-27.5	388.9
-32.5	0	-27.5	375.662
-30	0	-27.5	378.179
-27.5	0	-27.5	375.37
-25	0	-27.5	377.847
-22.5	0	-27.5	374.436
-20	0	-27.5	387.755
-17.5	0	-27.5	371.492
-15	0	-27.5	372.242
-12.5	0	-27.5	368.898
-10	0	-27.5	371
-7.5	0	-27.5	362.807
-5	0	-27.5	357.686
-2.5	0	-27.5	364.321
0	0	-27.5	350.697
2.5	0	-27.5	348.704
5	0	-27.5	338.356
7.5	0	-27.5	321.285
10	0	-27.5	317.862
12.5	0	-27.5	307.43
15	0	-27.5	299.367
17.5	0	-27.5	302.381
20	0	-27.5	297.734
22.5	0	-27.5	287.632
25	0	-27.5	287.862
27.5	0	-27.5	272.363
30	0	-27.5	268.014
32.5	0	-27.5	267.989
35	0	-27.5	253.494
37.5	0	-27.5	257.633
40	0	-27.5	249.821
42.5	0	-27.5	249.536
45	0	-27.5	240.973
47.5	0	-27.5	239.93
50	0	-27.5	237.315
52.5	0	-27.5	237.997
55	0	-27.5	235.484
57.5	0	-27.5	233.605
60	0	-27.5	226.92
62.5	0	-27.5	227.229
65	0	-27.5	222.232
67.5	0	-27.5	220.533
70	0	-27.5	212.733
72.5	0	-27.5	215.369
-71.25	0	-28.75	362.402
-68.75	0	-28.75	368.245
-66.25	0	-28.75	362.324
-63.75	0	-28.75	368.693
-61.25	0	-28.75	377.673
-58.75	0	-28.75	375.771
-56.25	0	-28.75	371.083
-53.75	0	-28.75	387.411
-51.25	0	-28.75	383.205
-48.75	0	-28.75	378.305
-46.25	0	-28.75	385.008
-43.75	0	-28.75	383.813
-41.25	0	-28.75	386.447
-38.75	0	-28.75	379.533
-36.25	0	-28.75	387.141
-33.75	0	-28.75	385.313
-31.25	0	-28.75	389.222
-28.75	0	-28.75	379.343
-26.25	0	-28.75	390.285
-23.75	0	-28.75	392.092
-21.25	0	-28.75	391.243
-18.75	0	-28.75	385.994
-16.25	0	-28.75	383.326
-13.75	0	-28.75	389.487
-11.25	0	-28.75	392.553
-8.75	0	-28.75	379.883
-6.25	0	-28.75	384.136
-3.75	0	-28.75	376.087
-1.25	0	-28.75	374.139
1.25	0	-28.75	367.443
3.75	0	-28.75	357.779
6.25	0	-28.75	338.995
8.75	0	-28.75	332.106
11.25	0	-28.75	329.067
13.75	0	-28.75	314.324
16.25	0	-28.75	313.396
18.75	0	-28.75	305.501
21.25	0	-28.75	291.728
23.75	0	-28.75	294.569
26.25	0	-28.75	276.812
28.75	0	-28.75	270.753
31.25	0	-28.75	269.751
33.75	0	-28.75	262.126
36.25	0	-28.75	255.26
38.75	0	-28.75	248.99
41.25	0	-28.75	254.473
43.75	0	-28.75	243.261
46.25	0	-28.75	249.314
48.75	0	-28.75	240.913
51.25	0	-28.75	239.944
53.75	0	-28.75	244.355
56.25	0	-28.75	243.67
58.75	0	-28.75	231.891
61.25	0	-28.75	235.493
63.75	0	-28.75	226.916
66.25	0	-28.75	219.899
68.75	0	-28.75	221.408
-67.5	0	-30	354.04
-65	0	-30	356.647
-62.5	0	-30	359.655
-60	0	-30	360.331
-57.5	0	-30	371.552
-55	0	-30	370.253
-52.5	0	-30	377.245
-50	0	-30	375.638
-47.5	0	-30	384.892
-45	0	-30	385.158
-42.5	0	-30	390.382
-40	0	-30	394.828
-37.5	0	-30	382.683
-35	0	-30	397.489
-32.5	0	-30	387.443
-30	0	-30	397.034
-27.5	0	-30	398.694
-25	0	-30	397.993
-22.5	0	-30	390.907
-20	0	-30	409.014
-17.5	0	-30	404.071
-15	0	-30	402.729
-12.5	0	-30	395.777
-10	0	-30	400.273
-7.5	0	-30	386.866
-5	0	-30	388.794
-2.5	0	-30	382.197
0	0	-30	380.851
2.5	0	-30	365.634
5	0	-30	363.516
7.5	0	-30	350.173
10	0	-30	348.132
12.5	0	-30	343.91
15	0	-30	320.78
17.5	0	-30	316.099
20	0	-30	314.19
22.5	0	-30	302.775
25	0	-30	289.254
27.5	0	-30	277.997
30	0	-30	272.943
32.5	0	-30	266.673
35	0	-30	259.977
37.5	0	-30	261.226
40	0	-30	250.727
42.5	0	-30	248.982
45	0	-30	251.869
47.5	0	-30	251.254
50	0	-30	251.645
52.5	0	-30	242.84
55	0	-30	237.349
57.5	0	-30	238.364
60	0	-30	233.588
62.5	0	-30	235.473
65	0	-30	229.519
-63.75	0	-31.25	350.383
-61.25	0	-31.25	348.693
-58.75	0	-31.25	365.057
-56.25	0	-31.25	362.642
-53.75	0	-31.25	364.033
-51.25	0	-31.25	373.924
-48.75	0	-31.25	382.806
-46.25	0	-31.25	386.205
-43.75	0	-31.25	382.565
-41.25	0	-31.25	395.15
-38.75	0	-31.25	397.087
-36.25	0	-31.25	394.431
-33.75	0	-31.25	399.578
-31.25	0	-31.25	408.489
-28.75	0	-31.25	401.635
-26.25	0	-31.25	408.239
-23.75	0	-31.25	406.545
-21.25	0	-31.25	409.272
-18.75	0	-31.25	403.41
-16.25	0	-31.25	401.9
-13.75	0	-31.25	402.832
-11.25	0	-31.25	413.025
-8.75	0	-31.25	397.951
-6.25	0	-31.25	393.243
-3.75	0	-31.25	396.901
-1.25	0	-31.25	389.864
1.25	0	-31.25	393.237
3.75	0	-31.25	374.118
6.25	0	-31.25	367.633
8.75	0	-31.25	367.341
11.25	0	-31.25	358.105
13.75	0	-31.25	345.933
16.25	0	-31.25	333.95
18.75	0	-31.25	321.868
21.25	0	-31.25	313.324
23.75	0	-31.25	303.373
26.25	0	-31.25	284.675
28.75	0	-31.25	283.339
31.25	0	-31.25	272.043
33.75	0	-31.25	274.446
36.25	0	-31.25	262.64
38.75	0	-31.25	254.707
41.25	0	-31.25	254.939
43.75	0	-31.25	252.148
46.25	0	-31.25	248.221
48.75	0	-31.25	255.691
51.25	0	-31.25	242.304
53.75	0	-31.25	248.205
56.25	0	-31.25	240.329
58.75	0	-31.25	242.186
61.25	0	-31.25	240.046
-60	0	-32.5	348.457
-57.5	0	-32.5	355.946
-55	0	-32.5	364.127
-52.5	0	-32.5	372.68
-50	0	-32.5	380.743
-47.5	0	-32.5	384.274
-45	0	-32.5	392.166
-42.5	0	-32.5	401.456
-40	0	-32.5	403.283
-37.5	0	-32.5	395.228
-35	0	-32.5	404.885
-32.5	0	-32.5	404.658
-30	0	-32.5	402.268
-27.5	0	-32.5	415.864
-25	0	-32.5	408.622
-22.5	0	-32.5	411.732
-20	0	-32.5	416.571
-17.5	0	-32.5	413.606
-15	0	-32.5	424.519
-12.5	0	-32.5	412.641
-10	0	-32.5	407.907
-7.5	0	-32.5	419.798
-5	0	-32.5	414.543
-2.5	0	-32.5	410.192
0	0	-32.5	404.909
2.5	0	-32.5	398.198
5	0	-32.5	383.759
7.5	0	-32.5	386.471
10	0	-32.5	364.788
12.5	0	-32.5	356.769
15	0	-32.5	341.281
17.5	0	-32.5	337.443
20	0	-32.5	323.387
22.5	0	-32.5	316.602
25	0	-32.5	296.448
27.5	0	-32.5	284.916
30	0	-32.5	287.281
32.5	0	-32.5	270.445
35	0	-32.5	270.628
37.5	0	-32.5	265.39
40	0	-32.5	259.451
42.5	0	-32.5	251.603
45	0	-32.5	256.127
47.5	0	-32.5	257.863
50	0	-32.5	251.924
52.5	0	-32.5	252.233
55	0	-32.5	248.822
57.5	0	-32.5	245.336
-56.25	0	-33.75	356.325
-53.75	0	-33.75	360.976
-51.25	0	-33.75	371.771
-48.75	0	-33.75	378.471
-46.25	0	-33.75	394.613
-43.75	0	-33.75	390.945
-41.25	0	-33.75	392.646
-38.75	0	-33.75	405.153
-36.25	0	-33.75	408.347
-33.75	0	-33.75	413.896
-31.25	0	-33.75	415.959
-28.75	0	-33.75	413.474
-26.25	0	-33.75	422.678
-23.75	0	-33.75	419.924
-21.25	0	-33.75	421.734
-18.75	0	-33.75	421.645
-16.25	0	-33.75	424.664
-13.75	0	-33.75	416.004
-11.25	0	-33.75	423.731
-8.75	0	-33.75	421.961
-6.25	0	-33.75	428.948
-3.75	0	-33.75	421.945
-1.25	0	-33.75	418.214
1.25	0	-33.75	415.683
3.75	0	-33.75	404.884
6.25	0	-33.75	393.403
8.75	0	-33.75	384.04
11.25	0	-33.75	379.791
13.75	0	-33.75	355.17
16.25	0	-33.75	344.556
18.75	0	-33.75	333.353
21.25	0	-33.75	325.225
23.75	0	-33.75	311.689
26.25	0	-33.75	295.319
28.75	0	-33.75	289.633
31.25	0	-33.75	282.35
33.75	0	-33.75	275.388
36.25	0	-33.75	275.654
38.75	0	-33.75	262.941
41.25	0	-33.75	263.141
43.75	0	-33.75	260.234
46.25	0	-33.75	256.604
48.75	0	-33.75	257.22
51.25	0	-33.75	254.898
53.75	0	-33.75	245.537
-52.5	0	-35	367.963
-50	0	-35	376.009
-47.5	0	-35	388.802
-45	0	-35	401.16
-42.5	0	-35	399.62
-40	0	-35	409.05
-37.5	0	-35	411.14
-35	0	-35	411.125
-32.5	0	-35	422.414
-30	0	-35	419.237
-27.5	0	-35	418.741
-25	0	-35	423.501
-22.5	0	-35	428.652
-20	0	-35	423.699
-17.5	0	-35	434.808
-15	0	-35	427.788
-12.5	0	-35	425.247
-10	0	-35	433.91
-7.5	0	-35	431.619
-5	0	-35	427.954
-2.5	0	-35	425.277
0	0	-35	416.582
2.5	0	-35	410.004
5	0	-35	415.661
7.5	0	-35	398.265
10	0	-35	387.152
12.5	0	-35	373.023
15	0	-35	362.076
17.5	0	-35	350.212
20	0	-35	329.193
22.5	0	-35	315.38
25	0	-35	313.461
27.5	0	-35	301.874
30	0	-35	287.446
32.5	0	-35	277.434
35	0	-35	279.287
37.5	0	-35	272.674
40	0	-35	266.396
42.5	0	-35	261.411
45	0	-35	262.13
47.5	0	-35	255.344
50	0	-35	254.709
-48.75	0	-36.25	391.02
-46.25	0	-36.25	389.825
-43.75	0	-36.25	403.322
-41.25	0	-36.25	408.429
-38.75	0	-36.25	418.806
-36.25	0	-36.25	419.14
-33.75	0	-36.25	421.164
-31.25	0	-36.25	429.683
-28.75	0	-36.25	423.263
-26.25	0	-36.25	418.103
-23.75	0	-36.25	424.536
-21.25	0	-36.25	433.428
-18.75	0	-36.25	429.679
-16.25	0	-36.25	435.86
-13.75	0	-36.25	425.11
-11.25	0	-36.25	434.839
-8.75	0	-36.25	436.765
-6.25	0	-36.25	430.93
-3.75	0	-36.25	429.137
-1.25	0	-36.25	429.661
1.25	0	-36.25	429.786
3.75	0	-36.25	416.524
6.25	0	-36.25	410.624
8.75	0	-36.25	395.657
11.25	0	-36.25	387.379
13.75	0	-36.25	366.639
16.25	0	-36.25	354.259
18.75	0	-36.25	342.081
21.25	0	-36.25	325.646
23.75	0	-36.25	314.251
26.25	0	-36.25	304.813
28.75	0	-36.25	294.489
31.25	0	-36.25	294.441
33.75	0	-36.25	289.113
36.25	0	-36.25	282.685
38.75	0	-36.25	269.677
41.25	0	-36.25	272.829
43.75	0	-36.25	264.606
46.25	0	-36.25	260.47
-45	0	-37.5	399.157
-42.5	0	-37.5	412.782
-40	0	-37.5	413.522
-37.5	0	-37.5	417.343
-35	0	-37.5	422.871
-32.5	0	-37.5	428.827
-30	0	-37.5	428.558
-27.5	0	-37.5	434.623
-25	0	-37.5	428.267
-22.5	0	-37.5	428.25
-20	0	-37.5	437.982
-17.5	0	-37.5	430.561
-15	0	-37.5	435.76
-12.5	0	-37.5	437.621
-10	0	-37.5	445.169
-7.5	0	-37.5	444.561
-5	0	-37.5	439.219
-2.5	0	-37.5	435.781
0	0	-37.5	435.821
2.5	0	-37.5	433.989
5	0	-37.5	419.577
7.5	0	-37.5	415.331
10	0	-37.5	394.748
12.5	0	-37.5	382.443
15	0	-37.5	375.236
17.5	0	-37.5	359.178
20	0	-37.5	337.224
22.5	0	-37.5	330.405
25	0	-37.5	319.956
27.5	0	-37.5	304.347
30	0	-37.5	302.542
32.5	0	-37.5	288.574
35	0	-37.5	280.494
37.5	0	-37.5	277.975
40	0	-37.5	278.98
42.5	0	-37.5	268.621
-41.25	0	-38.75	414.236
-38.75	0	-38.75	410.872
-36.25	0	-38.75	427.852
-33.75	0	-38.75	421.019
-31.25	0	-38.75	422.433
-28.75	0	-38.75	436.083
-26.25	0	-38.75	428.802
-23.75	0	-38.75	435.811
-21.25	0	-38.75	436.443
-18.75	0	-38.75	442.118
-16.25	0	-38.75	431.412
-13.75	0	-38.75	443.191
-11.25	0	-38.75	446.018
-8.75	0	-38.75	438.272
-6.25	0	-38.75	442.851
-3.75	0	-38.75	449.381
-1.25	0	-38.75	445.35
1.25	0	-38.75	432.159
3.75	0	-38.75	424.928
6.25	0	-38.75	429.279
8.75	0	-38.75	403.316
11.25	0	-38.75	397.723
13.75	0	-38.75	385.77
16.25	0	-38.75	365.442
18.75	0	-38.75	355.065
21.25	0	-38.75	342.223
23.75	0	-38.75	329.911
26.25	0	-38.75	311.417
28.75	0	-38.75	299.529
31.25	0	-38.75	301.488
33.75	0	-38.75	295.098
36.25	0	-38.75	291.751
38.75	0	-38.75	286.563
-37.5	0	-40	411.667
-35	0	-40	424.515
-32.5	0	-40	424.499
-30	0	-40	435.157
-27.5	0	-40	423.562
-25	0	-40	432.497
-22.5	0	-40	428.824
-20	0	-40	444.479
-17.5	0	-40	438.388
-15	0	-40	437.932
-12.5	0	-40	444.652
-10	0	-40	446.647
-7.5	0	-40	450.195
-5	0	-40	443.328
-2.5	0	-40	450.502
0	0	-40	441.471
2.5	0	-40	443.755
5	0	-40	423.116
7.5	0	-40	422.894
10	0	-40	400.946
12.5	0	-40	400.132
15	0	-40	385.549
17.5	0	-40	364.912
20	0	-40	346.822
22.5	0	-40	337.73
25	0	-40	326.897
27.5	0	-40	310.122
30	0	-40	303.71
32.5	0	-40	303.189
35	0	-40	290.926
-33.75	0	-41.25	419.153
-31.25	0	-41.25	419.546
-28.75	0	-41.25	431.73
-26.25	0	-41.25	422.135
-23.75	0	-41.25	432.806
-21.25	0	-41.25	433.682
-18.75	0	-41.25	443.82
-16.25	0	-41.25	437.716
-13.75	0	-41.25	441.194
-11.25	0	-41.25	447.464
-8.75	0	-41.25	450.276
-6.25	0	-41.25	448.333
-3.75	0	-41.25	455.921
-1.25	0	-41.25	446.825
1.25	0	-41.25	438.974
3.75	0	-41.25	430.168
6.25	0	-41.25	426.279
8.75	0	-41.25	425.16
11.25	0	-41.25	408.486
13.75	0	-41.25	393.115
16.25	0	-41.25	375.235
18.75	0	-41.25	366.593
21.25	0	-41.25	346.691
23.75	0	-41.25	328.404
26.25	0	-41.25	323.61
28.75	0	-41.25	308.541
31.25	0	-41.25	305.772
-30	0	-42.5	417.525
-27.5	0	-42.5	429.36
-25	0	-42.5	420.901
-22.5	0	-42.5	428.62
-20	0	-42.5	437.205
-17.5	0	-42.5	436.216
-15	0	-42.5	444.37
-12.5	0	-42.5	443.194
-10	0	-42.5	443.674
-7.5	0	-42.5	448.184
-5	0	-42.5	449.421
-2.5	0	-42.5	445.367
0	0	-42.5	435.732
2.5	0	-42.5	439.541
5	0	-42.5	430.652
7.5	0	-42.5	430.827
10	0	-42.5	408.858
12.5	0	-42.5	401.332
15	0	-42.5	392.46
17.5	0	-42.5	366.885
20	0	-42.5	355.673
22.5	0	-42.5	342.653
25	0	-42.5	334.328
27.5	0	-42.5	320.429
-26.25	0	-43.75	425.032
-23.75	0	-43.75	435.867
-21.25	0	-43.75	430.33
-18.75	0	-43.75	441.69
-16.25	0	-43.75	441.47
-13.75	0	-43.75	442.16
-11.25	0	-43.75	436.666
-8.75	0	-43.75	448.237
-6.25	0	-43.75	443.058
-3.75	0	-43.75	450.6
-1.25	0	-43.75	443.896
1.25	0	-43.75	435.956
3.75	0	-43.75	434.501
6.25	0	-43.75	431.775
8.75	0	-43.75	417.554
11.25	0	-43.75	411.388
13.75	0	-43.75	394.152
16.25	0	-43.75	381.106
18.75	0	-43.75	367.217
21.25	0	-43.75	356.315
23.75	0	-43.75	343.047
-22.5	0	-45	432.991
-20	0	-45	427.525
-17.5	0	-45	431.764
-15	0	-45	444.348
-12.5	0	-45	447.511
-10	0	-45	448.937
-7.5	0	-45	445.176
-5	0	-45	446.587
-2.5	0	-45	447.018
0	0	-45	437.283
2.5	0	-45	444.248
5	0	-45	435.349
7.5	0	-45	419.064
10	0	-45	420.648
12.5	0	-45	400.858
15	0	-45	386.338
17.5	0	-45	371.618
20	0	-45	366.071
-18.75	0	-46.25	436.788
-16.25	0	-46.25	424.349
-13.75	0	-46.25	432.039
-11.25	0	-46.25	440.61
-8.75	0	-46.25	447.626
-6.25	0	-46.25	445.38
-3.75	0	-46.25	448.295
-1.25	0	-46.25	439.636
1.25	0	-46.25	444.734
3.75	0	-46.25	428.564
6.25	0	-46.25	420.931
8.75	0	-46.25	416.146
11.25	0	-46.25	405.16
13.75	0	-46.25	405.763
16.25	0	-46.25	385.841
-15	0	-47.5	434.622
-12.5	0	-47.5	443.593
-10	0	-47.5	443.777
-7.5	0	-47.5	438.329
-5	0	-47.5	444.47
-2.5	0	-47.5	435.704
0	0	-47.5	431.242
2.5	0	-47.5	428.669
5	0	-47.5	423.972
7.5	0	-47.5	422.647
10	0	-47.5	404.768
12.5	0	-47.5	399.504
-11.25	0	-48.75	437.585
-8.75	0	-48.75	434.259
-6.25	0	-48.75	425.536
-3.75	0	-48.75	433.868
-1.25	0	-48.75	439.272
1.25	0	-48.75	426.591
3.75	0	-48.75	428.092
6.25	0	-48.75	414.13
8.75	0	-48.75	414.775
-7.5	0	-50	430.743
-5	0	-50	437.146
-2.5	0	-50	428.472
0	0	-50	421.817
2.5	0	-50	419.502
5	0	-50	418.048
-3.75	0	-51.25	413.992
-1.25	0	-51.25	419.322
1.25	0	-51.25	406.651
