# File: UnstructuredGrid_Inversion_L0_Coarse_Iter03.dat
# (No specific header documentation)

-158.75	-0.496475	222.734	0	
-156.875	-0.668155	286.899	0	
-60.625	-0.431516	206.302	0	
36.875	-0.431516	226.199	0	
-228.198	-124.523	324.272	0	
135.625	-0.668155	227.769	0	
38.125	-0.668155	236.178	0	
-169.883	-44.1849	571.727	0	
-59.375	-0.668155	208.042	0	
-115.32	-2.91409	186.715	0	
-208.422	-34.2476	410.307	0	
-85.9973	-2.80091	194.217	0	
-161.562	-31.1528	677.433	0	
-162.282	-23.9451	588.648	0	
-110.104	-1.86538	169.466	0	
-135.637	-38.619	849.3	0	
-61.354	-1.86538	204.259	0	
-135.104	-1.86538	180.804	0	
-148.497	-8.59138	385.668	0	
-146.25	-1.09967	226.62	0	
-142.708	-2.72654	220.306	0	
-143.958	-2.01633	214.487	0	
-129.845	-3.05088	204.363	0	
-151.594	-4.85908	287.745	0	
-155.208	-2.01633	280.297	0	
-146.05	-12.2522	496.121	0	
-152.292	-2.72654	269.644	0	
-159.95	-16.471	539.026	0	
134.375	-0.431516	208.629	0	
-17.8202	-2.91409	215.344	0	
-156.27	-3.86216	272.482	0	
-41.4583	-2.01633	205.513	0	
-154.792	-2.72654	266.764	0	
-153.542	-3.47328	272.172	0	
-12.604	-1.86538	203.847	0	
-148.795	-2.8545	262.23	0	
36.146	-1.86538	225.252	0	
-37.604	-1.86538	204.275	0	
-170.813	-2.26882	430.625	0	
-48.75	-1.09967	197.334	0	
-166.927	-1.72974	354.456	0	
-163.743	-2.99807	332.005	0	
-57.2917	-2.72654	216.912	0	
-165.769	-3.46425	387.047	0	
-56.0417	-3.47328	219.195	0	
-157.576	-8.14551	383.532	0	
-54.7917	-2.72654	215.245	0	
-63.125	-0.36089	207.761	0	
-162.675	-0.60932	306.07	0	
-82.5	-1.09967	191.792	0	
-60.5207	-2.1669	204.82	0	
-155	-1.09967	242.649	0	
-75.5207	-2.1669	204.954	0	
-160.875	-0.935418	269.217	0	
-65.625	-0.431516	196.655	0	
85.625	-0.668155	189.034	0	
-154.375	-0.668155	299.271	0	
61.875	-0.668155	247.709	0	
-151.875	-0.668155	291.331	0	
-151.25	-1.09967	272.697	0	
44.7917	-2.01633	234.145	0	
-153.125	-0.431516	291.247	0	
56.0417	-2.01633	238.202	0	
-155.625	-0.431516	284.066	0	
78.4298	-2.91409	221.126	0	
-161.767	-1.54474	325.258	0	
-55	-1.09967	208.221	0	
-150.625	-0.431516	284.152	0	
-152.5	-1.09967	254.268	0	
37.2915	-5.36053	208.108	0	
-148.125	-0.366631	262.203	0	
37.2841	-3.06466	220.118	0	
-145.625	-0.668155	256.991	0	
-146.875	-0.431516	249.655	0	
43.125	-0.668155	237.045	0	
38.9583	-2.01633	223.822	0	
-144.375	-0.431516	228.663	0	
34.375	-0.36089	222.328	0	
-141.875	-0.431516	222.799	0	
-140.625	-0.668155	228.158	0	
31.875	-0.431516	204.607	0	
-141.25	-1.09967	211.877	0	
40	-1.09967	217.821	0	
-145	-1.09967	185.658	0	
40.625	-0.668155	233.68	0	
15	-1.09967	167.707	0	
-133.75	-1.09967	166.788	0	
140.625	-3.34884	223.169	0	
-134.375	-0.431516	192.113	0	
-133.125	-0.668155	205.113	0	
144.345	-3.52006	236.36	0	
-135.625	-0.366631	198.265	0	
148.422	-2.00504	241.023	0	
138.422	-2.00504	219.367	0	
-131.875	-0.431516	181.775	0	
136.756	-2.06993	215.693	0	
-125	-1.09967	168.013	0	
-128.75	-1.09967	167.26	0	
138.125	-0.366631	218.833	0	
-131.25	-0.798148	184.438	0	
139.375	-0.668155	216.217	0	
-132.5	-1.09967	159.049	0	
145.625	-0.668155	262.955	0	
-140	-1.09967	180.009	0	
21.9793	-2.1669	186.836	0	
129.375	-0.431516	196.855	0	
-125.625	-0.431516	179.518	0	
111.25	-1.09967	171.131	0	
-123.75	-1.09967	176.901	0	
-122.5	-0.798148	164.205	0	
-111.875	-0.36089	168.491	0	
-117.604	-1.86538	170.656	0	
119.479	-2.1669	186.606	0	
-120.881	-3.06027	204.586	0	
-118.125	-0.366631	168.173	0	
-99.4045	-3.52006	200.352	0	
-115.625	-0.668155	172.546	0	
-110	-0.798148	166.786	0	
-88.125	-0.668155	174.921	0	
-116.875	-0.431516	171.967	0	
-123.125	-0.431516	174.361	0	
-116.25	-1.09967	168.568	0	
-114.375	-0.431516	172.43	0	
-98.125	-0.668155	182.116	0	
-108.75	-1.09967	165.089	0	
-104.375	-0.668155	176.234	0	
-109.375	-0.431516	173.892	0	
-108.125	-0.668155	178.042	0	
-106.994	-2.06993	180.922	0	
-110.625	-0.366631	167.735	0	
-109.271	-2.1669	173.969	0	
-136.875	-0.36089	201.84	0	
-106.875	-0.431516	169.764	0	
-134.068	-5.08295	260.626	0	
-98.75	-1.09967	166.708	0	
-103.75	-1.09967	176.096	0	
-124.375	-0.668155	170.596	0	
-106.25	-0.798148	175.053	0	
-139.375	-0.431516	208.17	0	
-107.5	-1.09967	165.493	0	
-105.625	-0.366631	172.254	0	
-115	-1.09967	164.865	0	
-105.328	-2.00504	175.553	0	
-126.875	-0.366631	174.356	0	
131.875	-0.36089	211.664	0	
-103.125	-0.431516	177.542	0	
49.375	-0.668155	231.521	0	
-129.375	-0.668155	168.732	0	
-100.625	-0.366631	174.528	0	
-130.625	-0.366631	183.445	0	
-90.104	-1.86538	182.675	0	
-99.375	-0.431516	178.28	0	
-131.994	-2.06993	191.338	0	
-147.589	-1.76841	245.637	0	
-96.875	-0.431516	176.044	0	
-135	-0.798148	191.398	0	
-94.375	-0.668155	185.26	0	
-88.75	-1.09967	180.244	0	
-146.756	-2.06993	239.301	0	
-96.25	-0.798148	180.005	0	
-146.468	-2.99641	239.905	0	
-97.5	-1.09967	164.423	0	
-149.375	-0.668155	270.626	0	
-144.792	-2.01633	238.537	0	
-89.375	-0.431516	179.698	0	
-153.75	-1.09967	272.298	0	
-87.5	-1.09967	180.077	0	
-86.875	-0.431516	185.841	0	
-153.542	-2.01633	272.171	0	
-68.854	-1.86538	209.051	0	
-143.75	-1.09967	230.272	0	
-147.5	-0.798148	234.069	0	
-83.125	-0.431516	189.26	0	
-150	-1.09967	262.834	0	
-81.25	-1.09967	184.194	0	
-80.625	-0.431516	183.716	0	
-156.25	-1.09967	273.309	0	
-76.354	-1.86538	191.767	0	
-151.042	-2.01633	272.355	0	
-83.75	-0.798148	192.212	0	
-152.708	-2.01633	278.737	0	
-90.625	-0.366631	179.473	0	
-143.125	-0.668155	228.81	0	
-14.375	-0.36089	215.662	0	
-75.625	-0.431516	190.281	0	
-23.3807	-3.06027	220.438	0	
-68.75	-0.798148	210.145	0	
-73.75	-1.09967	190.307	0	
-25.625	-0.431516	207.987	0	
-74.375	-0.668155	201.102	0	
-16.875	-0.431516	222.524	0	
9.375	-0.668155	179.927	0	
-69.375	-0.366631	208.666	0	
-0.625	-0.668155	201.644	0	
-66.875	-0.668155	196.112	0	
-61.25	-0.798148	203.126	0	
-11.7707	-2.1669	203.75	0	
-68.125	-0.431516	205.122	0	
-7.82772	-2.00504	211.437	0	
-67.5	-1.09967	210.158	0	
-1.90454	-3.52006	193.559	0	
-9.49439	-2.06993	210.282	0	
-60	-1.09967	198.544	0	
-39.375	-0.36089	203.414	0	
36.9793	-2.1669	228.762	0	
-57.5	-1.09967	206.79	0	
-41.875	-0.431516	203.287	0	
-61.875	-0.366631	209.604	0	
-8.125	-0.366631	214.861	0	
-26.875	-0.668155	216.727	0	
-56.875	-0.668155	211.21	0	
-31.875	-0.668155	195.952	0	
-54.375	-0.668155	199.066	0	
-53.75	-1.09967	204.347	0	
-34.4944	-2.06993	211.32	0	
-55.625	-0.431516	210.034	0	
-36.7707	-2.1669	216.386	0	
-58.125	-0.431516	209.566	0	
-36.5676	-5.08295	251.637	0	
-66.25	-1.09967	193.545	0	
-6.875	-0.668155	213.973	0	
-76.875	-0.366631	193.209	0	
-156.042	-2.01633	261.122	0	
-51.875	-0.668155	206.057	0	
-50.625	-0.366631	203.57	0	
-48.9679	-2.99641	213.516	0	
-48.125	-0.668155	193.228	0	
-47.5	-1.09967	209.731	0	
-37.5	-0.798148	205.819	0	
-49.375	-0.431516	195.389	0	
-50.0889	-1.76841	200.391	0	
-45.625	-0.668155	208.909	0	
-43.75	-1.09967	209.636	0	
-46.25	-1.09967	208.566	0	
-43.125	-0.668155	192.396	0	
-42.5	-1.09967	205.192	0	
-56.25	-1.09967	203.41	0	
-44.375	-0.431516	201.177	0	
-47.2917	-2.01633	208.662	0	
-46.875	-0.431516	209.345	0	
-49.2556	-2.06993	206.442	0	
-57.7083	-2.01633	208.352	0	
-38.125	-0.366631	200.415	0	
-53.5417	-2.01633	204.399	0	
-35.625	-0.668155	214.284	0	
-35	-1.09967	189.244	0	
-52.5	-1.09967	196.53	0	
-36.875	-0.431516	217.276	0	
-50	-0.798148	200.351	0	
-58.5417	-2.01633	211.296	0	
-33.75	-0.798148	204.499	0	
-62.5	-0.727521	206.717	0	
-31.25	-1.09967	199.141	0	
-29.375	-0.366631	215.345	0	
-68.0207	-2.1669	206.947	0	
-27.5	-1.09967	185.505	0	
-64.375	-0.668155	210.783	0	
-34.375	-0.431516	206.732	0	
-58.75	-1.09967	203.811	0	
-36.25	-1.09967	202.514	0	
-56.0417	-2.01633	211.57	0	
-66.0417	-2.01633	197.337	0	
-20.104	-1.86538	216.429	0	
-70.625	-0.36089	204.287	0	
-25	-0.798148	197.38	0	
-18.75	-1.09967	217.061	0	
-73.125	-0.431516	196.599	0	
-26.25	-1.09967	200.688	0	
-65	-1.09967	185.022	0	
-75	-1.09967	185.541	0	
-19.375	-0.431516	220.371	0	
105.625	-0.668155	158.675	0	
-12.5	-0.798148	203.211	0	
-17.5	-1.09967	205.721	0	
88.7946	-2.8545	197.875	0	
-18.125	-0.668155	213.776	0	
99.7712	-2.84299	174.842	0	
-20.625	-0.366631	214.638	0	
-86.4583	-2.01633	185.414	0	
107.753	-2.80091	176.397	0	
-13.125	-0.366631	213.134	0	
86.7556	-2.06993	196.41	0	
-10.625	-0.668155	225.896	0	
-10	-1.09967	199.551	0	
88.125	-0.366631	193.328	0	
-11.875	-0.431516	217.317	0	
89.375	-0.668155	200.556	0	
79.375	-0.431516	221.064	0	
-8.75	-0.798148	216.091	0	
71.25	-0.798148	237.711	0	
-6.25	-1.09967	211.73	0	
-5.625	-0.431516	213.414	0	
64.6723	-2.00504	247.17	0	
-1.25	-1.09967	195.931	0	
72.8693	-3.06027	227.632	0	
-9.375	-0.431516	211.656	0	
81.875	-0.36089	213.877	0	
-11.25	-1.09967	195.34	0	
95.625	-0.668155	175.881	0	
-28.125	-0.431516	208.545	0	
-62.5054	-1.48403	206.937	0	
-53.125	-0.431516	200.41	0	
-33.125	-0.366631	200.984	0	
-134.271	-2.1669	203.297	0	
-3.125	-0.366631	212.476	0	
-1.875	-0.431516	195.375	0	
65.625	-0.668155	247.2	0	
7.39595	-1.86538	180.263	0	
-3.70074e-17	-1.09967	206.772	0	
72.1723	-2.00504	237.155	0	
64.375	-0.366631	247.823	0	
0.625	-0.431516	198.045	0	
55.625	-0.431516	243.131	0	
3.125	-0.668155	186.623	0	
8.75	-1.09967	180.717	0	
48.5321	-2.99641	234.449	0	
1.25	-0.798148	201.598	0	
58.125	-0.36089	236.487	0	
6.875	-0.366631	176.545	0	
63.0056	-2.06993	244.268	0	
48.2444	-2.06993	229.769	0	
8.125	-0.431516	178.985	0	
50.2083	-2.01633	233.405	0	
10	-1.09967	170.597	0	
10.625	-0.431516	170.101	0	
51.25	-1.09967	236.218	0	
28.646	-1.86538	192.719	0	
51.875	-0.668155	232.06	0	
47.4111	-1.76841	236.42	0	
14.375	-0.431516	168.499	0	
47.5	-0.798148	233.108	0	
16.25	-1.09967	178.383	0	
16.875	-0.431516	178.18	0	
43.9583	-2.01633	235.017	0	
21.146	-1.86538	180.171	0	
39.7917	-2.01633	229.468	0	
13.75	-0.798148	174.506	0	
45.625	-0.668155	238.699	0	
20.625	-0.366631	180.059	0	
60	-0.798148	237.292	0	
41.25	-1.09967	226.556	0	
21.875	-0.431516	179.39	0	
33.125	-0.668155	219.046	0	
28.75	-0.798148	201.313	0	
23.75	-1.09967	184.161	0	
34.9946	-1.48403	226.097	0	
23.125	-0.668155	187.63	0	
41.4583	-2.01633	227.448	0	
35	-0.727521	228.552	0	
28.125	-0.366631	200.119	0	
32.5	-1.09967	188.538	0	
30.625	-0.668155	204.876	0	
36.25	-0.798148	229.022	0	
26.875	-0.36089	193.274	0	
29.375	-0.431516	192.9	0	
31.4583	-2.01633	194.575	0	
30	-1.09967	183.724	0	
29.4793	-2.1669	198.975	0	
11.0417	-2.01633	173.249	0	
37.5	-1.09967	218.579	0	
150.625	-0.431516	236.738	0	
128.43	-2.91409	210.173	0	
38.75	-1.09967	229.389	0	
150	-1.09967	231.857	0	
35.625	-0.366631	229.535	0	
22.5	-1.09967	178.66	0	
153.75	-0.798148	203.878	0	
42.5	-1.09967	224.157	0	
148.125	-0.366631	245.449	0	
48.75	-1.09967	233.121	0	
43.75	-1.09967	231.776	0	
141.875	-0.668155	226.151	0	
41.875	-0.431516	233.305	0	
146.756	-2.06993	243.428	0	
39.375	-0.431516	232.859	0	
149.771	-2.84299	229.963	0	
31.25	-1.09967	188.868	0	
24.375	-0.431516	186.993	0	
44.375	-0.431516	238.435	0	
45	-1.09967	236.064	0	
138.795	-2.8545	219.77	0	
46.875	-0.366631	238.016	0	
140.208	-2.01633	221.694	0	
59.896	-1.86538	239.034	0	
50	-1.09967	227.399	0	
141.25	-1.09967	222.323	0	
48.125	-0.431516	233.911	0	
143.75	-0.798148	234.944	0	
138.75	-1.03479	221.488	0	
53.75	-1.09967	233.444	0	
132.495	-1.48403	207.867	0	
54.375	-0.668155	230.504	0	
55	-1.09967	231.983	0	
126.979	-2.1669	202.905	0	
53.125	-0.431516	231.914	0	
130.625	-0.668155	219.602	0	
50.625	-0.431516	232.132	0	
137.589	-1.76841	218.023	0	
128.958	-2.01633	196.868	0	
59.375	-0.366631	235.128	0	
83.646	-1.86538	198.789	0	
60.625	-0.431516	249.876	0	
62.5	-1.09967	230.804	0	
124.375	-0.36089	194.604	0	
61.25	-1.09967	233.645	0	
130	-1.09967	182.985	0	
110.686	-4.3008	193.271	0	
63.125	-0.431516	244.562	0	
-113.125	-0.668155	174.216	0	
68.75	-1.09967	244.962	0	
67.5	-0.798148	242.321	0	
-111.255	-1.48403	167.745	0	
63.75	-0.798148	244.857	0	
113.75	-0.798148	169.185	0	
68.125	-0.431516	258.001	0	
121.875	-0.431516	181.203	0	
93.125	-0.366631	170.945	0	
132.5	-0.727521	207.831	0	
-111.25	-0.727521	169.836	0	
76.146	-1.86538	233.216	0	
-113.75	-1.09967	163.065	0	
70.625	-0.431516	244.979	0	
77.5	-1.09967	238.367	0	
-118.75	-0.727521	174.935	0	
70	-1.09967	226.578	0	
-114.792	-2.01633	174.478	0	
-89.2707	-2.1669	183.233	0	
76.875	-0.431516	232.117	0	
-93.9788	-2.84299	188.065	0	
83.75	-0.798148	196.341	0	
78.75	-1.09967	222.47	0	
-85.625	-0.668155	184.343	0	
78.125	-0.668155	218.018	0	
-81.875	-0.668155	181.561	0	
75.625	-0.366631	226.562	0	
-120.625	-0.668155	179.171	0	
-86.25	-1.09967	180.624	0	
83.125	-0.366631	194.796	0	
-93.75	-1.09967	181.458	0	
133.646	-1.86538	206.215	0	
86.25	-1.09967	199.017	0	
-104.955	-2.8545	194.615	0	
84.375	-0.431516	200.129	0	
-93.125	-0.431516	183.876	0	
-96.9944	-2.06993	188.33	0	
87.5	-0.798148	195.513	0	
-101.875	-0.668155	173.849	0	
90	-1.09967	170.298	0	
90.625	-0.431516	179.379	0	
-100.089	-1.76841	176.584	0	
95	-1.09967	178.956	0	
-95.625	-0.366631	176.674	0	
86.875	-0.431516	200.381	0	
-90	-0.798148	181.856	0	
85	-1.09967	201.868	0	
-87.2917	-2.01633	185.812	0	
-116.771	-2.1669	180.094	0	
143.661	-1.76841	227.61	0	
-100	-0.798148	171.398	0	
94.375	-0.431516	177.737	0	
-102.5	-1.09967	171.586	0	
96.25	-1.09967	180.492	0	
103.646	-1.86538	160.393	0	
-103.542	-2.01633	184.409	0	
-105	-1.03479	173.531	0	
97.5	-0.798148	177.917	0	
-136.255	-1.48403	195.19	0	
105	-1.09967	162.009	0	
103.125	-0.366631	153.469	0	
-130.328	-2.00504	179.056	0	
99.375	-0.668155	165.576	0	
-138.125	-0.668155	212.966	0	
96.875	-0.431516	180.817	0	
-106.161	-1.76841	173.678	0	
-123.244	-2.06993	168.876	0	
126.146	-1.86538	195.914	0	
-128.125	-0.431516	182.126	0	
106.875	-0.431516	161.189	0	
110	-0.798148	173.223	0	
-126.304	-1.54577	170.578	0	
106.25	-1.09967	165.085	0	
-121.875	-0.366631	173.249	0	
-126.25	-0.798148	186.743	0	
118.646	-1.86538	181.074	0	
-130	-1.03479	185.807	0	
113.125	-0.431516	166.018	0	
120	-1.09967	180.915	0	
-148.75	-1.03479	253.472	0	
112.5	-1.09967	170.176	0	
-131.161	-1.76841	182.1	0	
110.625	-0.431516	165.56	0	
-127.242	-2.24637	172.848	0	
104.375	-0.431516	157.067	0	
-117.5	-0.798148	174.2	0	
-143.542	-2.72654	235.723	0	
119.375	-0.431516	180.085	0	
-139.792	-2.01633	218.255	0	
126.25	-0.798148	198.292	0	
121.25	-1.09967	186.209	0	
-138.75	-1.09967	205.656	0	
120.625	-0.668155	182.754	0	
-136.25	-0.727521	213.701	0	
-142.292	-2.01633	224.725	0	
125.625	-0.366631	194.573	0	
-13.7554	-1.48403	211.726	0	
128.125	-0.668155	199.174	0	
133.75	-0.798148	214.421	0	
-19.2707	-2.1669	216.453	0	
126.875	-0.431516	194.15	0	
-15.625	-0.668155	221.603	0	
127.5	-1.09967	196.125	0	
-142.5	-1.09967	194.419	0	
-17.2917	-2.01633	213.03	0	
135	-1.09967	195.831	0	
-21.25	-0.727521	221.702	0	
158.73	-5.36963	179.386	0	
136.25	-1.09967	210.133	0	
-23.125	-0.668155	209.415	0	
133.125	-0.366631	211.222	0	
-16.25	-1.09967	208.631	0	
15.625	-0.668155	179.77	0	
137.5	-0.798148	212.672	0	
11.875	-0.668155	170.244	0	
140	-1.09967	224.912	0	
140.625	-0.431516	227.392	0	
10.2083	-2.01633	178.287	0	
145	-1.09967	208.217	0	
3.52121	-2.84299	188.434	0	
136.875	-0.431516	222.077	0	
8.22929	-2.1669	180.92	0	
128.75	-1.09967	208.248	0	
-13.75	-0.727521	225.479	0	
118.125	-0.366631	182.436	0	
-148.422	-2.00504	254.172	0	
4.375	-0.431516	190.124	0	
144.375	-0.431516	234.982	0	
-7.45541	-2.8545	203.655	0	
146.25	-1.09967	251.548	0	
146.875	-0.431516	263.446	0	
7.5	-0.798148	185.661	0	
153.646	-1.86538	226.398	0	
3.75	-1.09967	184.456	0	
1.875	-0.366631	198.287	0	
149.375	-0.668155	240.963	0	
-2.58895	-1.76841	199.87	0	
153.125	-0.366631	220.723	0	
154.375	-0.431516	205.355	0	
-11.4094	-3.16789	195.259	0	
155	-1.09967	231.309	0	
-4.375	-0.668155	210.704	0	
147.5	-0.798148	243.223	0	
0.505614	-2.06993	196.759	0	
-6.04167	-2.01633	206.92	0	
156.458	-1.16463	187.659	0	
-8.66105	-1.76841	209.274	0	
159.625	-0.633448	168	0	
161.425	-0.98887	172.323	0	
-7.5	-1.03479	214.428	0	
160.517	-1.62232	168.166	0	
-5	-1.09967	208.308	0	
-38.7554	-1.48403	202.523	0	
153.021	-4.78762	210.347	0	
-20	-0.798148	213.159	0	
163.752	-4.86774	206.992	0	
164.832	-2.66958	185.881	0	
-25.7444	-2.06993	201.585	0	
163.115	-0.98887	214.624	0	
-32.8277	-2.00504	204.343	0	
155.484	-3.31993	201.804	0	
-40.625	-0.668155	200.417	0	
155.625	-0.668155	157.139	0	
-2.5	-0.798148	203.69	0	
-30.625	-0.431516	196.792	0	
160.191	-2.997	182.918	0	
-29.7419	-2.24637	210.735	0	
169.563	-2.94058	261.598	0	
154.995	-4.95032	180.573	0	
-28.75	-0.798148	219.827	0	
148.777	-5.11846	213.329	0	
-28.8043	-1.54577	206.047	0	
-32.5	-1.03479	197.184	0	
204.26	-5.49392	346.335	0	
-50.9223	-2.00504	205.497	0	
148.441	-21.3686	174.82	0	
-46.0417	-2.72654	217.197	0	
204.031	-10.9896	340.655	0	
-51.25	-1.03479	198.991	0	
151.796	-5.74288	209.545	0	
-33.6611	-1.76841	201.443	0	
-42.2917	-2.01633	197.585	0	
170.801	-56.9665	316.723	0	
-45	-1.09967	205.917	0	
-44.7917	-2.01633	210.509	0	
-41.25	-1.09967	189.408	0	
-61.9845	-2.19037	206.456	0	
34.9625	-3.24559	218.541	0	
-71.875	-0.668155	207.784	0	
-66.5702	-2.91409	209.311	0	
-63.75	-1.02905	206.911	0	
-38.75	-0.727521	205.816	0	
161.093	-4.56171	188.521	0	
-24.375	-0.366631	213.31	0	
143.125	-0.366631	232.806	0	
11.25	-1.09967	173.802	0	
-70.0054	-1.48403	204.19	0	
-108.909	-3.16789	191.51	0	
-74.0702	-2.91409	207.768	0	
69.375	-0.668155	255.362	0	
-70	-0.727521	202.872	0	
-73.5417	-2.01633	192.191	0	
-72.5	-1.09967	175.643	0	
-77.5	-0.727521	200.356	0	
-79.375	-0.668155	195.39	0	
104.479	-2.1669	165.633	0	
111.875	-0.668155	161.271	0	
98.4223	-2.00504	173.42	0	
108.125	-0.668155	158.971	0	
106.458	-2.01633	170.244	0	
107.5	-1.09967	175.711	0	
100.625	-0.431516	164.24	0	
100	-1.09967	169.499	0	
94.3455	-3.52006	185.886	0	
103.75	-0.798148	161.625	0	
96.7556	-2.06993	182.685	0	
98.125	-0.366631	163.598	0	
91.875	-0.668155	183.768	0	
93.6611	-1.76841	175.501	0	
88.4223	-2.00504	191.436	0	
93.75	-0.798148	176.433	0	
90.2083	-2.01633	188.712	0	
91.25	-1.09967	174.87	0	
87.5889	-1.76841	197.863	0	
88.75	-1.03479	196.389	0	
80.625	-0.668155	211.625	0	
82.4946	-1.48403	203.676	0	
76.9793	-2.1669	224.523	0	
82.5	-0.727521	201.775	0	
78.9583	-2.01633	222.079	0	
80	-1.09967	221.809	0	
75	-0.727521	222.553	0	
73.125	-0.668155	244.113	0	
65.0889	-2.93321	240.716	0	
76.25	-0.798148	227.415	0	
70.5056	-2.06993	237.269	0	
71.875	-0.366631	247.033	0	
66.875	-0.366631	247.022	0	
67.4111	-1.76841	249.456	0	
63.8389	-1.76841	240.812	0	
65	-1.03479	241.072	0	
56.875	-0.668155	245.669	0	
58.7446	-1.48403	237.676	0	
51.4583	-2.72654	232.262	0	
58.75	-0.727521	251.701	0	
55.2083	-2.01633	234.945	0	
56.25	-1.09967	229.129	0	
52.5	-1.09967	228.436	0	
52.7083	-2.01633	232.976	0	
46.25	-1.03479	240.808	0	
46.5777	-2.00504	237.59	0	
33.75	-1.02905	228.92	0	
35.5155	-2.19037	224.162	0	
30.9298	-2.91409	196.66	0	
134.841	-3.16789	212.867	0	
25.625	-0.668155	196.062	0	
27.4946	-1.48403	197.591	0	
23.4298	-2.91409	190.348	0	
27.5	-0.727521	205.983	0	
23.9583	-2.01633	187.266	0	
25	-1.09967	184.831	0	
20	-0.727521	183.765	0	
18.125	-0.668155	177.462	0	
151.875	-0.36089	234.024	0	
152.495	-1.48403	226.321	0	
153.016	-2.19037	205.36	0	
152.5	-0.727521	211.018	0	
147.589	-1.76841	251.069	0	
148.75	-1.03479	255.409	0	
142.5	-1.03479	228.525	0	
142.828	-2.00504	229.854	0	
134.479	-2.1669	215.329	0	
154.479	-2.1669	184.462	0	
131.25	-1.02905	200.032	0	
133.016	-2.19037	212.475	0	
129.792	-2.01633	211.712	0	
171.752	-1.25987	256.662	0	
123.125	-0.668155	199.554	0	
124.995	-1.48403	193.511	0	
120.93	-2.91409	193.074	0	
125	-0.727521	190.343	0	
121.458	-2.01633	181.732	0	
122.5	-1.09967	171.374	0	
117.5	-0.727521	177.264	0	
115.625	-0.668155	174.998	0	
-112.5	-1.02905	161.927	0	
-110.734	-2.19037	172.454	0	
-138.958	-2.01633	204.523	0	
-62.5375	-3.24559	208.976	0	
-119.375	-0.36089	169.271	0	
-118.755	-1.48403	167.382	0	
-83.0056	-2.06993	194.404	0	
-76.25	-0.798148	202.78	0	
-81.0417	-2.01633	185.967	0	
-80	-1.09967	174.385	0	
-84.375	-0.366631	188.479	0	
-83.8389	-1.76841	190.69	0	
-91.875	-0.36089	182.581	0	
-91.2554	-1.48403	182.828	0	
-90.7345	-2.19037	186.157	0	
-91.25	-0.727521	184.252	0	
-96.1611	-1.76841	177.258	0	
-95	-1.03479	174.999	0	
-101.25	-1.03479	173.087	0	
-100.922	-2.00504	171.582	0	
-65.2083	-2.01633	204.69	0	
-95.3277	-2.00504	182.655	0	
-137.5	-1.02905	188.263	0	
-135.734	-2.19037	205.518	0	
-151.04	-3.47677	272.356	0	
-118.787	-3.24559	201.593	0	
-122.411	-1.76841	179.508	0	
-121.25	-1.03479	176.782	0	
-127.5	-0.798148	158.716	0	
-128.229	-2.1669	190.873	0	
-113.958	-2.01633	175.696	0	
-121.578	-2.00504	170.677	0	
-215.662	-27.8248	411.488	0	
-114.833	-3.79821	205.457	0	
-15	-1.02905	209.261	0	
-13.2345	-2.19037	210.542	0	
-21.2875	-3.24559	223.18	0	
11.5027	-2.80091	179.322	0	
-21.875	-0.36089	216.694	0	
-21.2554	-1.48403	215.439	0	
14.4944	-2.06993	179.114	0	
21.25	-0.798148	185.187	0	
16.4583	-2.01633	180.129	0	
17.5	-1.09967	181.523	0	
13.125	-0.366631	167.777	0	
13.6611	-1.76841	170.682	0	
5.625	-0.36089	172.019	0	
6.24459	-1.48403	179.371	0	
6.76554	-2.19037	184.053	0	
6.25	-0.727521	182.528	0	
1.33895	-1.76841	203.524	0	
2.5	-1.03479	206.222	0	
-3.75	-1.03479	205.585	0	
-3.42228	-2.00504	206.349	0	
32.2917	-2.01633	204.544	0	
2.17228	-2.00504	193.594	0	
-40	-1.02905	198.058	0	
-38.2345	-2.19037	208.059	0	
-45.2083	-2.72654	217.368	0	
-32.3447	-3.05088	220.926	0	
-24.9111	-1.76841	207.894	0	
-23.75	-1.03479	207.122	0	
-30	-0.798148	208.516	0	
-30.7293	-2.1669	213.539	0	
-16.4583	-2.01633	213.082	0	
-24.0777	-2.00504	205.253	0	
-55.2083	-2.01633	206.507	0	
-46.4583	-2.01633	211.793	0	
-63.3387	-1.78555	206.625	0	
-63.4751	-2.84652	208.686	0	
-71.25	-1.02905	195.825	0	
-69.4845	-2.19037	206.047	0	
-72.7083	-2.01633	201.791	0	
-100.61	-4.06799	198.803	0	
-78.125	-0.36089	194.206	0	
-77.5054	-1.48403	194.473	0	
115.369	-3.06027	182.133	0	
118.75	-0.798148	182.075	0	
113.006	-2.06993	173.778	0	
114.375	-0.366631	164.959	0	
109.375	-0.366631	159.625	0	
109.911	-1.76841	169.792	0	
101.875	-0.36089	162.904	0	
102.495	-1.48403	162.355	0	
103.016	-2.19037	168.95	0	
102.5	-0.727521	169.527	0	
97.5889	-1.76841	178.678	0	
98.75	-1.03479	174.905	0	
92.5	-1.03479	168.448	0	
92.8277	-2.00504	180.073	0	
84.4793	-2.1669	194.412	0	
84.8406	-3.16789	197.461	0	
81.25	-1.02905	208.732	0	
83.0155	-2.19037	200.787	0	
74.9625	-3.24559	223.463	0	
132.463	-3.24559	212.069	0	
74.375	-0.36089	246.983	0	
74.9946	-1.48403	236.134	0	
71.3389	-1.76841	236.612	0	
72.5	-1.03479	236.354	0	
66.25	-1.03479	252.391	0	
66.5777	-2.00504	246.072	0	
60.7293	-2.1669	245.077	0	
79.7917	-2.01633	215.807	0	
57.5	-1.02905	228.71	0	
59.2655	-2.19037	245.883	0	
46.7473	-3.78292	229.85	0	
61.0894	-3.16569	241.775	0	
45.2527	-2.80091	234.003	0	
51.0417	-2.01633	230.719	0	
34.1613	-1.78555	218.476	0	
34.0249	-2.84652	215.539	0	
26.25	-1.02905	198.973	0	
28.0155	-2.19037	201.494	0	
-3.11018	-4.06799	190.899	0	
24.7917	-2.01633	192.998	0	
19.375	-0.36089	175.273	0	
19.9946	-1.48403	178.343	0	
151.25	-0.792406	220.88	0	
151.686	-2.07688	215.668	0	
143.14	-4.06799	229.323	0	
148.111	-4.06622	231.061	0	
144.494	-2.06993	237.499	0	
136.284	-3.07092	218.448	0	
141.042	-2.01633	225.278	0	
132.117	-5.94785	222.701	0	
131.661	-1.78555	209.823	0	
131.525	-2.84652	211.409	0	
123.75	-1.02905	187.115	0	
125.516	-2.19037	197.971	0	
93.1398	-4.06799	190.125	0	
122.292	-2.01633	193.31	0	
116.875	-0.36089	170.857	0	
117.495	-1.48403	176.586	0	
-112.089	-1.78555	174.509	0	
-112.225	-2.84652	176.524	0	
-120	-1.02905	156.76	0	
-118.234	-2.19037	178.055	0	
-138.118	-4.95711	258.088	0	
-123.957	-2.96011	211.458	0	
-85	-1.03479	188.193	0	
-84.6723	-2.00504	189.231	0	
-92.5	-0.792406	191.302	0	
-92.0644	-2.07688	196.285	0	
-111.287	-3.24559	185.609	0	
-103.125	-3.34884	219.928	0	
-99.2556	-2.06993	182.009	0	
-107.466	-3.07092	188.469	0	
-102.708	-2.01633	184.975	0	
-111.633	-5.94785	265.796	0	
-137.089	-1.78555	214.458	0	
-137.225	-2.84652	204.326	0	
-125.471	-1.8473	194.507	0	
-136.746	-5.42835	280.578	0	
-73.5826	-3.79821	211.205	0	
-125.35	-2.73747	172.85	0	
-14.5887	-1.78555	213.899	0	
-14.7251	-2.84652	211.281	0	
-22.5	-1.02905	212.523	0	
-20.7345	-2.19037	215.518	0	
-40.618	-4.95711	234.987	0	
-26.457	-2.96011	227.745	0	
12.5	-1.03479	171.679	0	
12.8277	-2.00504	176.153	0	
5	-0.792406	185.665	0	
5.43557	-2.07688	185.375	0	
-13.7875	-3.24559	203.182	0	
-5.625	-3.34884	195.712	0	
-1.75561	-2.06993	196.329	0	
-9.9664	-3.07092	193.74	0	
-5.20833	-2.01633	205.746	0	
-14.1328	-5.94785	201.066	0	
-39.5887	-1.78555	206.82	0	
-39.7251	-2.84652	205.221	0	
-27.9709	-1.8473	223.055	0	
-39.2462	-5.42835	251.456	0	
-38.7875	-3.24559	220.827	0	
-27.8502	-2.73747	204.76	0	
-70.0375	-3.24559	208.746	0	
31.4174	-3.79821	194.256	0	
-70.8387	-1.78555	202.755	0	
-70.9751	-2.84652	204.351	0	
-78.75	-1.02905	191.155	0	
-76.9845	-2.19037	205.263	0	
-85.0446	-2.8545	196.947	0	
-81.5873	-2.94281	203.699	0	
113.839	-1.76841	167.337	0	
115	-1.03479	164.591	0	
108.75	-1.03479	169.184	0	
109.078	-2.00504	170.629	0	
101.25	-0.792406	171.677	0	
101.686	-2.07688	174.316	0	
82.4625	-3.24559	201.263	0	
90.625	-3.34884	193.445	0	
94.4944	-2.06993	183.11	0	
86.2836	-3.07092	193.096	0	
91.0417	-2.01633	180.885	0	
82.1172	-5.94785	199.004	0	
81.6613	-1.78555	206.845	0	
81.5249	-2.84652	207.406	0	
73.75	-1.02905	245.255	0	
75.5155	-2.19037	228.144	0	
58.7125	-3.24559	242.269	0	
56.1142	-5.74538	203.663	0	
68.2444	-2.06993	245.677	0	
52.9849	-8.22246	153.084	0	
58.2538	-5.42835	218.65	0	
68.2925	-4.4054	236.683	0	
57.9113	-1.78555	244.833	0	
57.7749	-2.84652	244.084	0	
27.4625	-3.24559	198.73	0	
111.856	-6.04794	196.735	0	
26.6613	-1.78555	199.09	0	
26.5249	-2.84652	199.841	0	
18.75	-1.02905	174.692	0	
20.5155	-2.19037	184.374	0	
12.4554	-2.8545	177.318	0	
15.9127	-2.94281	182.382	0	
151.066	-1.75189	230.035	0	
150.233	-2.05915	228.879	0	
124.963	-3.24559	201.204	0	
152.463	-3.24559	209.575	0	
124.161	-1.78555	194.644	0	
124.025	-2.84652	196.605	0	
116.25	-1.02905	169.801	0	
118.016	-2.19037	181.503	0	
117.463	-3.24559	189.605	0	
114.672	-2.00504	175.741	0	
-136.287	-3.24559	228.86	0	
-66.0826	-3.79821	214.896	0	
-119.589	-1.78555	184.468	0	
-119.725	-2.84652	174.764	0	
-87.8202	-2.91409	187.6	0	
-80.2083	-2.01633	196.24	0	
-92.684	-1.75189	182.237	0	
-93.5173	-2.05915	195.917	0	
-150.208	-2.01633	271.219	0	
-140.12	-4.31165	246.011	0	
-127.138	-1.54577	189.152	0	
-126.288	-3.13655	211.566	0	
-17.3326	-3.79821	216.708	0	
9.62811	-4.98343	180.918	0	
-22.0887	-1.78555	216.96	0	
-22.2251	-2.84652	212.139	0	
9.67981	-2.91409	178.58	0	
17.2917	-2.01633	180.525	0	
4.81598	-1.75189	183.513	0	
3.98265	-2.05915	189.339	0	
-43.9583	-3.47328	221.518	0	
-42.6197	-4.31165	231.329	0	
-29.6376	-1.54577	216.058	0	
-28.7878	-3.13655	233.208	0	
-83.4261	-3.92482	213.642	0	
-87.8719	-4.98343	215.296	0	
-78.3387	-1.78555	199.918	0	
-78.4751	-2.84652	205.117	0	
110.744	-2.06993	174.88	0	
108.705	-2.8545	179.384	0	
107.292	-2.01633	167.24	0	
105.93	-2.91409	170.756	0	
101.066	-1.75189	166.161	0	
100.233	-2.05915	174.732	0	
78.9174	-3.79821	220.732	0	
128.917	-3.79821	209.87	0	
74.1613	-1.78555	231.367	0	
74.0249	-2.84652	234.155	0	
53.5417	-3.47328	228.528	0	
54.8803	-4.31165	222.716	0	
23.9174	-3.79821	193.008	0	
6.21255	-3.24559	183.197	0	
19.1613	-1.78555	181.68	0	
19.0249	-2.84652	182.318	0	
146.906	-3.51902	240.759	0	
175.818	-8.94432	290.711	0	
112.679	-3.08731	180.991	0	
121.417	-3.79821	195.928	0	
116.661	-1.78555	179.347	0	
116.525	-2.84652	179.716	0	
-138.605	-3.88818	230.684	0	
-123.385	-4.48196	209.611	0	
-113.607	-3.89079	209.146	0	
-91.2875	-3.24559	210.755	0	
-128.58	-3.14785	190.569	0	
-139.774	-5.38006	263.501	0	
-41.1052	-3.88818	221.253	0	
-25.8847	-4.48196	224.346	0	
-16.1071	-3.89079	213.626	0	
19.9625	-3.24559	185.337	0	
-31.0796	-3.14785	222.345	0	
-42.2738	-5.38006	237.912	0	
-95.6393	-4.06622	202.526	0	
-77.5375	-3.24559	209.419	0	
76.5929	-4.23242	219.331	0	
102.463	-3.24559	178.477	0	
66.9495	-4.25718	240.521	0	
56.3948	-3.88818	233.159	0	
1.86074	-4.06622	189.066	0	
14.0739	-3.92482	184.365	0	
96.9055	-3.51902	186.555	0	
109.39	-4.06799	184.385	0	
41.0417	-2.72654	224.878	0	
40.2083	-2.72654	220.495	0	
-145.337	-2.94281	229.394	0	
-142.292	-3.47328	237.97	0	
-157.708	-1.16463	216.769	0	
-167.502	-5.81125	403.763	0	
-151.458	-2.72654	273.271	0	
-149.747	-2.80091	264.179	0	
-155.26	-5.35468	291.565	0	
-153.958	-2.72654	277.02	0	
-47.8373	-2.94281	214.962	0	
-44.7917	-3.47328	221.911	0	
-53.9583	-2.72654	214.644	0	
-52.7083	-2.01633	208.068	0	
-51.2946	-2.8545	214.025	0	
-52.2473	-2.80091	212.237	0	
-60.2159	-3.06466	212.328	0	
-60.2085	-5.36053	235.96	0	
-67.7159	-3.06466	210.725	0	
-64.5113	-3.00667	206.214	0	
49.6627	-2.94281	229.42	0	
52.7083	-3.47328	229.814	0	
42.2917	-2.01633	230.394	0	
38.8316	-3.68836	216.32	0	
38.4298	-2.91409	227.576	0	
42.7083	-2.72654	227.338	0	
29.7841	-3.06466	189.914	0	
32.9887	-3.00667	203.75	0	
139.747	-2.80091	224.259	0	
141.503	-2.80091	225.926	0	
127.284	-3.06466	204.036	0	
130.489	-3.00667	206.392	0	
-116.466	-3.06466	185.353	0	
-113.261	-3.00667	180.924	0	
-88.9659	-3.06466	194.869	0	
-88.9594	-5.36183	242.179	0	
-104.003	-2.80091	178.873	0	
-102.247	-2.80091	176.463	0	
-141.458	-2.01633	213.231	0	
-138.261	-3.00667	224.982	0	
-144.94	-3.72538	246.28	0	
-141.042	-2.72654	227.188	0	
-18.9659	-3.06466	216.399	0	
-15.7613	-3.00667	210.723	0	
8.53409	-3.06466	181.725	0	
8.54056	-5.36183	184.215	0	
-6.50269	-2.80091	204.702	0	
-4.74731	-2.80091	204.136	0	
-43.9583	-2.01633	207.092	0	
-40.7613	-3.00667	208.844	0	
-47.44	-3.72538	225.999	0	
-43.5417	-2.72654	211.87	0	
-75.2159	-3.06466	201.605	0	
-72.0113	-3.00667	200.357	0	
104.784	-3.06466	172.555	0	
104.791	-5.36183	185.742	0	
89.7473	-2.80091	184.172	0	
91.5027	-2.80091	182.855	0	
77.2841	-3.06466	230.502	0	
80.4887	-3.00667	214.313	0	
53.5417	-2.01633	230.733	0	
56.7387	-3.00667	240.923	0	
50.06	-3.72538	227.143	0	
53.9583	-2.72654	233.35	0	
22.2841	-3.06466	185.345	0	
25.4887	-3.00667	195.875	0	
119.784	-3.06466	187.275	0	
122.989	-3.00667	192.127	0	
-82.7179	-2.99641	196.055	0	
-79.5113	-3.00667	200.991	0	
14.7821	-2.99641	178.675	0	
17.9887	-3.00667	183.033	0	
148.794	-2.85377	236.059	0	
151.549	-3.13784	220.488	0	
-94.9558	-2.85377	199.507	0	
-92.2008	-3.13784	189.483	0	
2.54418	-2.85377	196.7	0	
5.29924	-3.13784	185.16	0	
98.7942	-2.85377	184.306	0	
101.549	-3.13784	172.108	0	
47.8239	-3.92482	217.482	0	
52.2917	-2.72654	229.363	0	
-150.162	-3.55114	271.256	0	
-149.731	-4.40508	280.541	0	
-156.648	-3.04538	262.171	0	
-162.586	-7.77018	397.548	0	
-151.873	-3.97501	278.518	0	
-148.253	-3.78292	260.398	0	
-191.185	-10.7108	467.594	0	
-152.708	-3.47328	275.552	0	
-141.458	-3.47328	228.121	0	
-53.5398	-3.47677	218.486	0	
-52.2309	-4.40508	236.411	0	
-56.4583	-2.72654	213.745	0	
-52.6621	-3.55114	220.65	0	
-57.7232	-3.50081	216.523	0	
-50.7527	-3.78292	223.551	0	
-59.0702	-2.91409	208.778	0	
-58.6684	-3.68836	222.231	0	
-56.8899	-3.99904	228.615	0	
-55.2083	-3.47328	216.715	0	
-67.8478	-5.56717	228.792	0	
-64.264	-5.46522	241.416	0	
46.2054	-2.8545	230.73	0	
45.2691	-4.40508	216.515	0	
43.5417	-2.72654	228.818	0	
44.8379	-3.55114	227.268	0	
40.6101	-3.99904	214.028	0	
43.9602	-3.47677	228.791	0	
41.4583	-3.47328	223.846	0	
39.7768	-3.50081	224.664	0	
29.6522	-5.56717	193.804	0	
33.236	-5.46522	196.747	0	
139.063	-5.39772	219.804	0	
142.455	-2.8545	228.953	0	
138.11	-4.06799	225.787	0	
150.468	-3.59669	218.14	0	
127.152	-5.56717	215.286	0	
126.593	-4.23242	211.999	0	
-116.598	-5.56717	245.74	0	
-117.157	-4.23242	220.072	0	
-87.4178	-3.68916	208.913	0	
-84.5027	-3.78292	205.504	0	
-85.9952	-4.42757	219.258	0	
-81.1036	-3.83222	210.794	0	
-104.687	-5.39772	267.455	0	
-101.295	-2.8545	194.472	0	
-105.64	-4.06799	203.665	0	
-93.2818	-3.59669	227.421	0	
-143.978	-3.50911	236.189	0	
-140.208	-2.72654	216.183	0	
-143.564	-4.19254	251.32	0	
-139.719	-3.60804	234.191	0	
-19.0978	-5.56717	231.774	0	
-19.6571	-4.23242	227.778	0	
10.0822	-3.68916	182.347	0	
12.9973	-3.78292	181.89	0	
11.5048	-4.42757	183.334	0	
16.3964	-3.83222	184.639	0	
-7.1871	-5.39772	190.53	0	
-3.79459	-2.8545	196.61	0	
-8.13982	-4.06799	189.442	0	
4.21822	-3.59669	187.516	0	
-46.4777	-3.50911	225.503	0	
-42.7083	-2.72654	214.353	0	
-46.0637	-4.19254	231.873	0	
-42.2189	-3.60804	215.188	0	
-75.3478	-5.56717	231.307	0	
-79.2613	-5.47929	246.931	0	
106.332	-3.68916	180.853	0	
111.252	-3.08731	180.639	0	
105.878	-4.98343	184.292	0	
107.322	-3.57598	179.28	0	
89.0629	-5.39772	206.127	0	
92.4554	-2.8545	181.99	0	
88.1102	-4.06799	189.719	0	
100.468	-3.59669	187.086	0	
77.1522	-5.56717	224.643	0	
73.1505	-5.31383	218.082	0	
51.0223	-3.50911	226.598	0	
54.7917	-2.72654	231.804	0	
51.4363	-4.19254	223.199	0	
55.2811	-3.60804	235.411	0	
22.1522	-5.56717	191.755	0	
18.2387	-5.47929	189.993	0	
119.652	-5.56717	202.5	0	
120.831	-5.28353	208.456	0	
-86.4282	-3.57598	201.166	0	
-89.651	-4.21812	209.915	0	
11.0718	-3.57598	179.662	0	
7.84897	-4.21812	180.719	0	
145.626	-4.43041	226.807	0	
140.625	-4.73217	229.174	0	
-98.124	-4.43041	219.399	0	
-103.125	-4.73217	207.991	0	
-0.624027	-4.43041	184.204	0	
-5.625	-4.73217	187.229	0	
95.626	-4.43041	199.365	0	
90.625	-4.73217	190.02	0	
-152.334	-5.62943	299.374	0	
-147.176	-3.92482	262.101	0	
-153.965	-4.16242	285.929	0	
-83.4597	-6.17559	256.61	0	
-155.246	-3.54331	278.099	0	
-154.836	-4.23245	284.227	0	
-153.453	-5.20944	295.233	0	
-148.774	-4.58327	283.216	0	
-82.8931	-5.00841	226.036	0	
-49.6761	-3.92482	229.674	0	
-54.3731	-3.97501	229.615	0	
14.0403	-6.17559	189.871	0	
-60.9011	-4.21822	218.847	0	
-54.3047	-5.11624	242.692	0	
-59.1215	-4.98124	232.227	0	
-55.5387	-5.90518	248.343	0	
14.6069	-5.00841	185.593	0	
115.662	-5.33933	198.78	0	
36.5989	-4.21822	220.068	0	
38.3785	-4.98124	217.519	0	
42.2917	-3.47328	226.915	0	
40.628	-5.06466	215.643	0	
41.9613	-5.90518	202.563	0	
43.1269	-3.97501	219.565	0	
130.143	-3.89079	216.708	0	
182.973	-1.7361	308.684	0	
128.331	-5.28353	219.019	0	
142.187	-5.39772	225.314	0	
-96.8445	-3.51902	197.087	0	
-94.973	-5.11846	258.505	0	
-150.329	-5.21478	285.266	0	
-64.8571	-3.89079	217.808	0	
-154.177	-7.51666	348.999	0	
-44.707	-5.1949	241.881	0	
-146.477	-5.20289	267.283	0	
-142.711	-4.15672	247.775	0	
-148.323	-5.70833	280.818	0	
-141.026	-4.17689	250.158	0	
-145.313	-5.59213	291.88	0	
-142.015	-8.22246	368.561	0	
0.655509	-3.51902	197.399	0	
2.52695	-5.11846	188.121	0	
-51.2742	-4.58327	237.004	0	
32.6429	-3.89079	201.705	0	
-41.3858	-5.74538	256.694	0	
82.8784	-4.52398	207.17	0	
-48.9766	-5.20289	240.004	0	
-45.211	-4.15672	233.572	0	
-50.8234	-5.70833	245.651	0	
-43.5258	-4.17689	228.971	0	
-47.8132	-5.59213	255.721	0	
-44.5151	-8.22246	287.497	0	
98.777	-5.11846	198.684	0	
109.178	-6.60412	193.486	0	
104.099	-4.21812	179.217	0	
107.793	-4.50658	186.754	0	
43.1953	-5.11624	215.409	0	
52.793	-5.1949	213.824	0	
62.5324	-3.06872	243.48	0	
98.1107	-4.06622	185.755	0	
48.5234	-5.20289	219.348	0	
52.289	-4.15672	220.715	0	
46.6766	-5.70833	212.709	0	
53.9742	-4.17689	224.448	0	
46.2258	-4.58327	212.469	0	
55.2262	-5.38006	221.301	0	
-85.0224	-4.58092	225.289	0	
-84.5124	-5.89001	241.899	0	
12.4776	-4.58092	184.559	0	
12.9876	-5.89001	185.87	0	
-156.277	-5.20944	310.85	0	
-142.207	-5.1949	266.609	0	
-157.69	-2.6252	246.313	0	
-172.708	-13.7022	488.117	0	
-154.294	-6.05848	314.101	0	
-74.1691	-5.28353	241.346	0	
-174.419	-18.3249	518.042	0	
-52.1302	-6.3947	266.006	0	
-56.872	-5.06466	240.056	0	
-53.0402	-5.47194	240.967	0	
-110.872	-4.52398	216.041	0	
23.3309	-5.28353	196.43	0	
-13.3716	-4.52398	203.712	0	
108.908	-4.945	193.829	0	
44.4598	-5.47194	214.939	0	
49.6868	-5.59213	197.75	0	
130.736	-5.46522	217.861	0	
135.406	-8.75328	226.284	0	
-138.886	-5.74538	290.941	0	
-143.191	-7.03622	319.941	0	
-91.7489	-6.89898	285.994	0	
-92.1496	-5.26597	264.461	0	
-147.102	-6.18605	310.583	0	
-126.517	-4.32001	222.088	0	
-144.901	-4.79453	257.771	0	
-143.942	-5.03664	264.643	0	
-144.543	-7.10465	308.225	0	
-143.002	-5.76581	283.87	0	
-146.668	-7.76797	327.786	0	
-130.669	-4.37754	208.068	0	
-141.355	-5.21507	259.517	0	
-140.593	-6.0103	297.71	0	
-29.0174	-4.32001	243.093	0	
45.3698	-6.3947	182.294	0	
5.75113	-6.89898	182.47	0	
5.35038	-5.26597	182.754	0	
-65.5474	-6.44535	244.205	0	
-49.6024	-6.18605	261.114	0	
-47.4014	-4.79453	236.723	0	
-46.4417	-5.03664	241.763	0	
-47.0429	-7.10465	261.708	0	
-45.5017	-5.76581	251.594	0	
-49.1682	-7.76797	268.713	0	
-33.1694	-4.37754	231.267	0	
-43.8551	-5.21507	238.467	0	
-43.0926	-6.0103	257.928	0	
70.9983	-4.16217	225.127	0	
132.878	-4.52398	216.523	0	
106.877	-5.50143	189.679	0	
107.622	-6.93342	199.771	0	
98.3176	-7.15932	191.516	0	
101.6	-5.26597	193.075	0	
31.9526	-6.44535	195.641	0	
47.8976	-6.18605	188.237	0	
50.0986	-4.79453	220.13	0	
51.0583	-5.03664	213.707	0	
50.4571	-7.10465	189.935	0	
51.9983	-5.76581	201.989	0	
48.3318	-7.76797	183.693	0	
66.1611	-2.93321	242.952	0	
53.6449	-5.21507	219.377	0	
54.4074	-6.0103	194.599	0	
-86.9104	-5.42242	241.182	0	
-85.925	-6.50437	266.815	0	
10.5896	-5.42242	184.727	0	
11.575	-6.50437	188.598	0	
-151.678	-7.28627	332.224	0	
-149.419	-6.13754	320.817	0	
-62.2642	-6.91889	263.269	0	
-45.691	-7.03622	270.762	0	
35.2358	-6.91889	195.429	0	
51.809	-7.03622	183.15	0	
-159.418	-5.09998	309.151	0	
-115.419	-5.28353	234.45	0	
-150.027	-7.43868	325.876	0	
-113.014	-5.46522	236.144	0	
-135.879	-4.50999	221.797	0	
-127.822	-4.41078	225.38	0	
-60.8105	-6.63734	252.084	0	
-17.9191	-5.28353	224.924	0	
-54.0799	-8.70786	291.002	0	
-41.8296	-8.37487	305.46	0	
-38.3792	-4.50999	222.104	0	
-30.3219	-4.41078	242.205	0	
36.6895	-6.63734	203.989	0	
64.1709	-9.10125	141.247	0	
43.4201	-8.70786	154.465	0	
80.736	-5.46522	215.939	0	
65.625	-5.27905	212.221	0	
56.882	-4.95711	226.309	0	
-95.4324	-7.15932	285.892	0	
-145.272	-8.29733	383.332	0	
2.06757	-7.15932	180.14	0	
-15.514	-5.46522	219.166	0	
150.157	-4.6597	216.478	0	
158.883	-2.50461	165.835	0	
-133.429	-3.7302	196.42	0	
-140.644	-7.56208	322.45	0	
-35.9287	-3.7302	214.589	0	
-43.1439	-7.56208	270.655	0	
64.3005	-4.25718	246.387	0	
70.182	-3.08143	236.941	0	
-163.828	-1.26356	342.416	0	
-161.384	-5.37393	315.584	0	
102.001	-6.89898	190.638	0	
156.615	-8.65111	184.83	0	
-152.68	-8.32445	364.225	0	
-116.856	-9.69507	436.738	0	
-138.39	-7.18841	307.909	0	
-136.875	-6.99919	330.474	0	
-40.8903	-7.18841	263.757	0	
-39.375	-6.99919	283.897	0	
61.6412	-5.44334	213.405	0	
59.1208	-4.50999	240.544	0	
-82.5848	-7.52916	290.723	0	
-79.8609	-3.89608	221.487	0	
14.9152	-7.52916	193.973	0	
17.6391	-3.89608	186.706	0	
157.5	-0.496475	157.13	0	
158.137	-3.45571	186.513	0	
58.125	-6.99919	192.334	0	
80.1429	-3.89079	212.332	0	
59.6698	-8.44515	161.589	0	
61.6464	-7.44458	212.643	0	
-165.21	-0.654241	360.915	0	
-168.752	-1.0755	408.33	0	
-144.58	-10.5411	427.281	0	
-139.33	-8.37487	392.103	0	
-130.155	-5.65761	282.787	0	
-131.986	-3.63323	212.382	0	
-47.772	-8.29733	297.826	0	
-19.3558	-9.69507	293.561	0	
-32.6553	-5.65761	274.719	0	
-34.4857	-3.63323	224.675	0	
56.6097	-7.18841	199.147	0	
54.3561	-7.56208	187.903	0	
49.728	-8.29733	144.174	0	
55.6704	-8.37487	145.808	0	
-159.875	-1.43189	212.232	0	
-159.023	-2.89246	261.268	0	
156.838	-2.74918	167.539	0	
158.625	-1.12992	176.577	0	
142.731	-7.46803	224.436	0	
176.853	-1.43582	285.247	0	
-68.4071	-4.23242	222.738	0	
-66.6691	-5.28353	233.72	0	
-75.4167	-10.3326	349.695	0	
-59.8646	-8.3096	274.622	0	
-72.3571	-3.89079	216.67	0	
-69.2262	-6.72899	270.615	0	
29.0929	-4.23242	196.798	0	
30.8309	-5.28353	195.588	0	
22.0833	-10.3326	208.855	0	
37.6354	-8.3096	186.857	0	
25.1429	-3.89079	197.552	0	
28.2738	-6.72899	198.212	0	
122.643	-3.89079	203.203	0	
129.453	-6.44535	221.354	0	
121.742	-9.23105	223.127	0	
161.145	-8.54365	193.621	0	
127.477	-10.2966	219.73	0	
190.319	-2.08076	327.615	0	
-118.505	-7.54588	380.821	0	
-114.297	-6.44535	306.049	0	
-89.8332	-7.08742	290.535	0	
-101.019	-7.46803	285.318	0	
-117.858	-6.4267	272.464	0	
-140.887	-12.3828	513.51	0	
-21.0052	-7.54588	284.402	0	
-16.7974	-6.44535	232.531	0	
7.66684	-7.08742	181.891	0	
-3.51913	-7.46803	174.182	0	
-20.3582	-6.4267	247.628	0	
-43.3872	-12.3828	342.375	0	
-75.9071	-4.23242	227.491	0	
-73.0474	-6.44535	250.597	0	
-69.2388	-9.20929	318.699	0	
-71.764	-5.46522	240.567	0	
-76.7196	-6.73778	285.704	0	
-77.2148	-8.98906	344.582	0	
78.3309	-5.28353	215.858	0	
79.4526	-6.44535	210.701	0	
92.1871	-5.39772	198.597	0	
92.7309	-7.46803	200.8	0	
74.5596	-5.40086	210.845	0	
78.9296	-9.08967	209.941	0	
21.5929	-4.23242	190.99	0	
24.4526	-6.44535	199.653	0	
28.2612	-9.20929	195.084	0	
25.736	-5.46522	197.297	0	
20.7804	-6.73778	198.939	0	
20.2852	-8.98906	200.44	0	
119.093	-4.23242	199.611	0	
121.953	-6.44535	215.419	0	
125.774	-6.72899	218.597	0	
123.236	-5.46522	209.034	0	
117.071	-5.42633	206.155	0	
119.463	-9.6316	216.082	0	
-81.7013	-4.9694	238.91	0	
-80.556	-6.11128	252.853	0	
-80.8729	-7.50385	299.347	0	
-79.3782	-9.53722	348.325	0	
15.7987	-4.9694	188.723	0	
16.944	-6.11128	191.721	0	
16.6271	-7.50385	195.156	0	
18.1218	-9.53722	203.015	0	
110.83	-7.47425	211.724	0	
113.496	-4.16808	190.63	0	
-62.1755	-4.31081	228.203	0	
-62.9367	-5.73467	230.454	0	
35.3245	-4.31081	208.183	0	
34.5633	-5.73467	208.415	0	
103.261	-12.2612	199.883	0	
182.587	-9.32682	319.266	0	
-90.9255	-4.31071	212.7	0	
-93.5926	-4.6597	213.774	0	
-98.7859	-7.04865	275.496	0	
-101.563	-5.39772	264.421	0	
6.5745	-4.31071	184.611	0	
3.9074	-4.6597	185.716	0	
-1.2859	-7.04865	180.395	0	
-4.0629	-5.39772	183.475	0	
102.825	-4.31071	180.21	0	
100.157	-4.6597	184.191	0	
94.9641	-7.04865	192.445	0	
103.917	-7.08742	195.306	0	
-152.611	-10.7469	429.914	0	
-57.0477	-8.8546	286.003	0	
-120.785	-10.9617	530.971	0	
-47.0799	-10.5411	302.442	0	
-55.5733	-7.64358	270.526	0	
40.4523	-8.8546	170.216	0	
-60.6604	-12.2385	329.245	0	
50.4201	-10.5411	131.975	0	
-23.2851	-10.9617	363.98	0	
76.754	-9.39498	208.212	0	
36.8396	-12.2385	154.867	0	
104.806	-9.69773	197.66	0	
-128.573	-5.59388	271.937	0	
-119.075	-5.44657	265.598	0	
-31.0728	-5.59388	275.164	0	
-21.5748	-5.44657	246.955	0	
68.7541	-3.08143	238.567	0	
69.7027	-6.04201	213.369	0	
-173.002	-1.19333	439.502	0	
-162.298	-3.27925	319.789	0	
-134.862	-8.42353	391.4	0	
-132.922	-7.42565	313.08	0	
-37.3619	-8.42353	314.476	0	
-35.4215	-7.42565	284.682	0	
156.942	-6.29348	202.69	0	
167.502	-1.68071	228.37	0	
144.964	-7.04865	234.816	0	
194.592	-4.57815	339.122	0	
-69.6816	-4.325	228.871	0	
-70.4428	-5.74886	230.189	0	
27.8184	-4.325	196.438	0	
27.0572	-5.74886	198.19	0	
125.318	-4.325	210.09	0	
124.557	-5.74886	215.849	0	
133.174	-8.16642	220.19	0	
135.504	-5.34905	222.073	0	
-118.432	-4.325	218.416	0	
-121.558	-4.58212	217.52	0	
-110.576	-8.16642	382.53	0	
-108.246	-5.34905	237.763	0	
-20.9316	-4.325	227.247	0	
-24.0584	-4.58212	228.946	0	
-13.0757	-8.16642	232.726	0	
-10.746	-5.34905	184.468	0	
-77.1816	-4.325	234.431	0	
-77.9362	-5.75765	243.394	0	
75.3184	-4.325	228.636	0	
72.4356	-4.14101	227.086	0	
83.1743	-8.16642	219.906	0	
85.504	-5.34905	193.216	0	
20.3184	-4.325	189.728	0	
19.5638	-5.75765	191.715	0	
117.818	-4.325	192.882	0	
114.936	-4.14103	191.745	0	
-88.9774	-8.66503	339.377	0	
-86.6041	-8.13534	340.594	0	
8.52255	-8.66503	188.792	0	
10.8959	-8.13534	188.503	0	
112.168	-10.3069	199.007	0	
118.495	-7.12954	219.074	0	
113.238	-5.91521	201.499	0	
115.419	-7.77759	209.782	0	
-64.8214	-8.68669	301.837	0	
-62.8655	-8.89079	274.416	0	
32.6786	-8.68669	190.734	0	
34.6345	-8.89079	191.613	0	
-61.1145	-9.89368	300.937	0	
-90.0051	-12.6851	501.381	0	
-26.6509	-8.94098	334.984	0	
7.49494	-12.6851	189.727	0	
46.941	-8.79126	144.407	0	
129.242	-9.23105	222.489	0	
54.1128	-12.3828	86.6831	0	
76.0981	-7.0343	201.4	0	
70.9806	-5.79877	221.851	0	
73.2508	-7.54635	185.158	0	
-166.079	-8.06741	424.547	0	
-157.675	-6.42851	309.65	0	
150.595	-7.57725	193.259	0	
198.713	-12.5666	340.927	0	
-124.151	-8.94098	425.541	0	
-114.508	-9.23105	427.353	0	
-50.559	-8.79126	293.595	0	
-17.0079	-9.23105	272.508	0	
98.2113	-13.5521	198.159	0	
160.378	-5.98324	200.904	0	
-93.6512	-8.33358	365.367	0	
41.9267	-7.64358	191.516	0	
3.84876	-8.33358	178.948	0	
58.5709	-11.1429	112.041	0	
70.3765	-10.677	146.119	0	
68.9954	-8.27657	196.348	0	
92.8279	-13.8833	214.383	0	
215.861	-6.59265	344.764	0	
114.588	-6.63488	203.275	0	
117.188	-6.89612	203.864	0	
-142.675	-10.5347	452.294	0	
36.3855	-9.89368	180.876	0	
15.0411	-11.9339	205.149	0	
100.099	-8.33358	205.039	0	
72.3164	-6.49884	220.364	0	
74.78	-6.77541	222.312	0	
-125.008	-5.44279	279.563	0	
-129.35	-9.00121	451.233	0	
-27.5075	-5.44279	269.245	0	
-31.85	-9.00121	364.999	0	
136.3	-6.99449	218.362	0	
148.318	-7.15932	225.868	0	
134.209	-4.53464	216.964	0	
136.849	-4.28441	216.602	0	
-108.344	-8.75328	375.276	0	
-107.45	-6.99449	324.747	0	
-109.541	-4.53464	201.057	0	
-106.901	-4.28441	210.119	0	
-10.8444	-8.75328	189.76	0	
-9.9496	-6.99449	203.081	0	
-12.0407	-4.53464	195.781	0	
-9.40082	-4.28441	196.548	0	
85.4056	-8.75328	191.239	0	
81.2702	-10.3281	187.955	0	
84.2093	-4.53464	197.621	0	
86.8492	-4.28441	201.676	0	
-58.1585	-5.8593	248.687	0	
-58.2996	-7.91085	265.729	0	
39.3415	-5.8593	201.834	0	
39.2004	-7.91085	199.162	0	
-153.991	-11.7103	448.21	0	
-155.613	-8.50548	362.19	0	
60.4506	-4.51844	245.959	0	
62.9939	-4.39269	245.979	0	
-178.103	-1.44749	455.802	0	
-173.839	-5.64205	456.352	0	
-131.055	-7.65507	342.051	0	
-127.759	-7.52237	324.058	0	
-33.5546	-7.65507	308.942	0	
-30.2592	-7.52237	299.131	0	
-125.498	-7.46205	335.663	0	
-83.3496	-9.59591	392.279	0	
-27.9984	-7.46205	308.633	0	
14.1504	-9.59591	198.314	0	
86.3004	-6.99449	217.252	0	
150.055	-12.7198	180.895	0	
-120.728	-5.80066	274.225	0	
-120.68	-7.33391	318.559	0	
-23.2279	-5.80066	251.642	0	
-23.1798	-7.33391	274.183	0	
72.7416	-9.79585	197.605	0	
159.171	-10.2877	211.975	0	
-54.5306	-11.2795	303.384	0	
-52.3001	-7.89572	270.966	0	
42.9694	-11.2795	152.918	0	
45.1999	-7.89572	187.399	0	
-138.913	-10.8834	449.378	0	
-82.4589	-11.9339	417.618	0	
-45.1748	-10.5347	325.475	0	
-41.4132	-10.8834	330.101	0	
-135.961	-11.1213	499.158	0	
-121.786	-8.55513	452.605	0	
-38.4607	-11.1213	372.761	0	
-24.2856	-8.55513	342.011	0	
52.3252	-10.5347	118.515	0	
56.0868	-10.8834	136.363	0	
-150.634	-12.2646	492.102	0	
-118.03	-11.8896	605.946	0	
-73.2205	-8.73643	326.521	0	
-3.42296	-13.8421	218.476	0	
24.2795	-8.73643	199.968	0	
140.145	-11.4398	227.821	0	
-85.9091	-14.035	510.982	0	
-66.535	-10.5118	322.249	0	
11.5909	-14.035	210.614	0	
30.965	-10.5118	196.495	0	
-97.4745	-8.42323	382.409	0	
-112.167	-10.4695	474.031	0	
0.0255294	-8.42323	176.515	0	
-14.6674	-10.4695	236.487	0	
-164.41	-13.599	474.272	0	
-187.785	-3.81496	479.273	0	
74.9266	-11.3856	150.997	0	
65.2154	-13.6039	109.431	0	
146.276	-8.42323	200.579	0	
129.263	-24.2646	159.474	0	
114.751	-10.3233	215.154	0	
71.4242	-17.4153	78.7416	0	
-134.098	-13.8532	640.748	0	
-97.9517	-12.0229	488.285	0	
-36.5975	-13.8532	422.922	0	
-0.451702	-12.0229	183.772	0	
90.1455	-11.4398	185.018	0	
96.2755	-8.42323	211.271	0	
-56.6144	-11.5018	310.829	0	
-50.5379	-10.963	309.15	0	
40.8856	-11.5018	141.317	0	
46.9621	-10.963	129.903	0	
-148.571	-10.8319	433.45	0	
-48.1756	-15.7705	351.454	0	
-154.889	-14.3905	512.95	0	
-147.97	-17.6816	645.576	0	
-48.4549	-12.1835	341.45	0	
-45.013	-15.9763	404.876	0	
49.0451	-12.1835	91.606	0	
131.583	-10.4695	218.171	0	
-159.3	-10.3101	415.277	0	
-155.495	-10.2766	422.846	0	
54.7007	-19.2086	40.6912	0	
125.71	-8.44973	222.735	0	
-100.923	-13.8421	667.035	0	
49.3244	-15.7705	78.4787	0	
10.7483	-12.069	193.995	0	
128.01	-15.8868	191.643	0	
-150.446	-24.58	740.444	0	
-157.754	-11.6412	456.322	0	
-157.617	-14.2078	495.417	0	
-167.607	-12.1717	474.212	0	
-142.499	-15.3422	614.316	0	
163.886	-7.81396	223.983	0	
174.226	-2.69569	266.2	0	
118.732	-15.6842	185.224	0	
142.828	-13.8833	176.256	0	
-86.6409	-16.373	575.369	0	
-65.7541	-13.472	374.667	0	
10.8591	-16.373	207.993	0	
31.7459	-13.472	175.191	0	
-184.223	-1.73373	459.708	0	
-161.745	-10.4642	437.633	0	
-105.152	-7.25958	288.288	0	
-111.405	-13.4554	640.434	0	
-7.65167	-7.25958	176.184	0	
-13.9051	-13.4554	304.653	0	
88.5983	-7.25958	192.561	0	
81.7838	-13.563	210.218	0	
138.598	-7.25958	229.965	0	
131.153	-14.6103	200.286	0	
-130.23	-12.4755	566.973	0	
-125.008	-12.0914	569.1	0	
-32.73	-12.4755	419.123	0	
-27.5081	-12.0914	409.772	0	
-78.8414	-14.5362	472.103	0	
-71.2546	-10.6507	345.866	0	
18.6586	-14.5362	209.092	0	
26.2454	-10.6507	203.057	0	
-92.6578	-11.3921	467.494	0	
-85.4292	-10.045	365.356	0	
4.84222	-11.3921	187.96	0	
12.0708	-10.045	195.461	0	
137.145	-11.7939	201.74	0	
140.704	-8.66433	207.782	0	
117.489	-11.9439	219.573	0	
126.674	-12.8115	208.927	0	
-106.605	-11.7939	523.889	0	
-103.046	-8.66433	420.975	0	
-145.757	-15.2052	574.519	0	
-103.605	-11.4398	508.325	0	
-9.10523	-11.7939	224.749	0	
-5.5458	-8.66433	193.604	0	
-20.5299	-11.8896	368.376	0	
-6.10455	-11.4398	186.458	0	
87.1448	-11.7939	226.065	0	
90.7042	-8.66433	217.465	0	
-52.7296	-12.6391	331.24	0	
-51.3189	-16.133	369.774	0	
44.7704	-12.6391	94.8435	0	
46.1811	-16.133	79.976	0	
66.2607	-7.66183	213.767	0	
61.592	-14.645	65.3393	0	
39.4104	-13.2995	134.79	0	
145.799	-12.064	226.19	0	
-58.0896	-13.2995	343.085	0	
-86.7517	-12.069	440.919	0	
-76.2221	-13.5164	446.887	0	
2.5838	-13.8175	190.155	0	
-94.9162	-13.8175	601.834	0	
-80.1994	-11.9005	429.86	0	
-57.6835	-17.1843	372.028	0	
17.3006	-11.9005	207.013	0	
95.7992	-12.064	184.323	0	
142.263	-32.8139	191.058	0	
123.657	-10.3857	224.177	0	
124.174	-12.8115	204.847	0	
-116.81	-16.0011	699.862	0	
-106.911	-18.7727	783.077	0	
-122.648	-13.347	633.674	0	
-120.289	-17.0036	811.048	0	
-19.3105	-16.0011	411.685	0	
-9.41138	-18.7727	315.494	0	
-25.1485	-13.347	420.578	0	
-22.7891	-17.0036	470.115	0	
21.2779	-13.5164	204.769	0	
52.487	-15.9763	55.8665	0	
-88.8748	-11.0032	434.921	0	
-88.6138	-16.0889	573.989	0	
8.62524	-11.0032	194.001	0	
8.88623	-16.0889	220.257	0	
100.469	-11.0855	189.514	0	
122.403	-15.8868	196.393	0	
-102.761	-18.776	726.679	0	
39.8165	-17.1843	104.47	0	
-30.5151	-14.406	483.83	0	
68.6863	-14.565	124.997	0	
-84.2433	-18.71	612.688	0	
-83.6959	-14.349	514.774	0	
13.2567	-18.71	231.331	0	
13.8041	-14.349	211.44	0	
-128.015	-14.406	714.693	0	
-1.46149	-20.9398	278.008	0	
-82.3706	-17.1144	555.383	0	
-77.1404	-18.8236	538.534	0	
-34.8448	-22.1714	536.859	0	
103.857	-15.3762	173.939	0	
15.1294	-17.1144	210.301	0	
20.3596	-18.8236	203.035	0	
-71.9341	-14.5113	431.753	0	
-62.81	-14.1067	356.857	0	
25.5659	-14.5113	195.481	0	
34.69	-14.1067	162.384	0	
-170.722	-5.27006	423.165	0	
-175.476	-2.64081	443.31	0	
166.993	-9.3581	229.686	0	
179.821	-3.17192	311.672	0	
-191.569	-2.08123	453.77	0	
-180.704	-8.04338	462.247	0	
-53.6684	-18.9989	398.471	0	
-5.26069	-18.776	257.379	0	
43.8316	-18.9989	55.7599	0	
133.843	-20.6746	181.794	0	
-108.074	-14.1929	679.862	0	
-94.0883	-17.8006	644.514	0	
-10.5743	-14.1929	265.787	0	
3.41174	-17.8006	230.797	0	
134.484	-15.3478	191.311	0	
159.298	-32.6901	243.043	0	
75.2994	-15.1171	161.234	0	
125.206	-18.1807	180.746	0	
110.084	-14.9563	177.125	0	
167.645	-28.0136	290.813	0	
85.4271	-14.4419	166.507	0	
44.9695	-27.6829	44.5363	0	
-76.3835	-22.9609	647.933	0	
-62.2534	-16.8341	402.812	0	
21.1165	-22.9609	201.615	0	
35.2466	-16.8341	131.045	0	
-69.1374	-16.0301	423.09	0	
-59.6977	-18.8508	406.944	0	
28.3626	-16.0301	185.039	0	
37.8023	-18.8508	108.109	0	
-181.071	-3.18122	483.703	0	
-176.1	-9.31089	480.146	0	
170.302	-6.68287	249.04	0	
173.419	-6.43797	272.5	0	
159.128	-14.7127	199.88	0	
164.209	-14.5128	244.971	0	
-98.9615	-20.9398	889.284	0	
12.9924	-23.3158	227.905	0	
7.06144	-18.779	223.215	0	
117.677	-21.7369	157.244	0	
-79.7755	-17.335	529.508	0	
-74.7054	-15.7809	455.567	0	
17.7245	-17.335	216.331	0	
22.7946	-15.7809	208.061	0	
152.809	-9.49693	206.232	0	
153.817	-16.299	204.337	0	
-153.202	-17.3239	605.918	0	
-150.327	-16.1614	556.154	0	
-163.68	-16.5656	527.475	0	
-63.8837	-22.4837	471.973	0	
-146.558	-22.1446	725.678	0	
-142.549	-22.4698	755.193	0	
39.5095	-26.6887	73.41	0	
91.2651	-19.3404	148.395	0	
-128.039	-20.2596	847.329	0	
-84.5076	-23.3158	736.126	0	
-57.9905	-26.6887	508.37	0	
33.6163	-22.4837	118.925	0	
-187.588	-7.89551	461.543	0	
-195.842	-4.57853	459.991	0	
100.778	-19.5012	148.955	0	
106.939	-9.51808	197.311	0	
-192.842	-29.1807	466.589	0	
-183.66	-10.6764	482.235	0	
179.592	-6.93814	294.217	0	
186.535	-3.81686	329.991	0	
-68.6736	-19.0863	489.5	0	
-64.7337	-19.2556	448.677	0	
28.8264	-19.0863	161.855	0	
32.7663	-19.2556	142.269	0	
112.986	-17.0898	172.57	0	
121.254	-28.2149	147.065	0	
-158.754	-20.6094	597.198	0	
37.0231	-22.4901	106.452	0	
25.497	-23.4473	181.664	0	
121.097	-23.8369	165.298	0	
100.41	-16.4657	192.588	0	
109.833	-12.0214	213.224	0	
-90.4386	-18.779	719.891	0	
-72.003	-23.4473	552.821	0	
-52.4633	-27.7169	511.068	0	
-60.4769	-22.4901	475.943	0	
105.849	-22.2944	171.197	0	
106.839	-16.4118	186.622	0	
-70.3526	-26.6553	599.848	0	
52.9428	-24.0743	33.2615	0	
-25.1725	-21.6016	578.242	0	
95.6087	-22.0749	180.135	0	
31.3268	-25.5223	132.697	0	
125.206	-21.9293	162.808	0	
108.462	-20.2945	154.934	0	
116.562	-17.9116	186.705	0	
111.958	-20.6901	167.028	0	
114.531	-23.4196	165.107	0	
71.0304	-23.2096	78.5358	0	
141.707	-19.6086	204.644	0	
-113.695	-16.8815	766.208	0	
-110.638	-20.7638	926.779	0	
-122.673	-21.6016	854.428	0	
-122.665	-35.1775	873.071	0	
-16.1947	-16.8815	351.997	0	
-13.138	-20.7638	398.501	0	
-30.539	-20.2596	531.679	0	
-66.1732	-25.5223	550.532	0	
78.8199	-16.4504	130.759	0	
86.8649	-19.5449	202.608	0	
-98.7451	-26.3808	798.552	0	
-88.73	-23.669	700.651	0	
-1.24511	-26.3808	352.957	0	
8.77004	-23.669	268.732	0	
-205.28	-10.9939	430.176	0	
-203.116	-22.3712	434.91	0	
-200.382	-2.4973	438.92	0	
-210.958	-2.99655	420.891	0	
-165.848	-21.217	578.782	0	
-154.734	-21.2796	630.272	0	
168.663	-18.2333	269.075	0	
175.263	-15.1641	281.996	0	
178.781	-17.6852	307.478	0	
199.132	-2.49739	338.729	0	
-119.214	-27.9461	1047.03	0	
27.1474	-26.6553	151.397	0	
-37.9991	-37.0053	605.472	0	
106.132	-26.6725	135.762	0	
-80.5482	-26.5803	674.192	0	
37.9206	-30.6463	83.871	0	
16.9518	-26.5803	212.996	0	
117.266	-31.4134	160.774	0	
113.963	-28.7182	136.23	0	
84.3565	-22.7175	116.55	0	
79.9548	-20.502	141.433	0	
78.3935	-30.9545	87.3324	0	
109.886	-30.7265	152.781	0	
-170.264	-22.5426	535.664	0	
-186.586	-34.0715	494.06	0	
-71.4692	-32.4504	652.377	0	
-64.3552	-29.4863	577.361	0	
-129.522	-33.6809	997.337	0	
-77.2844	-32.8618	706.709	0	
26.0308	-32.4504	161.752	0	
33.1448	-29.4863	110.729	0	
-35.8192	-26.3093	568.182	0	
20.2156	-32.8618	229.374	0	
-32.3341	-32.9669	578.341	0	
200.219	-31.4848	337.07	0	
-81.3536	-39.2894	860.728	0	
-59.5794	-30.6463	567.466	0	
-173.766	-29.45	576.898	0	
48.7057	-33.5404	53.3513	0	
-67.173	-34.0637	619.019	0	
-62.7476	-39.8274	633.55	0	
-10.2351	-42.3533	510.665	0	
100.623	-33.4418	134.322	0	
30.327	-34.0637	112.57	0	
34.7524	-39.8274	113.966	0	
-136.209	-17.737	728.508	0	
-132.365	-22.2129	874.203	0	
-43.198	-18.7365	436.805	0	
-38.6886	-17.6956	473.392	0	
229.784	-7.91137	342.666	0	
-195.655	-9.12754	448.954	0	
-184.632	-17.2543	477.881	0	
-223.649	-3.59612	410.904	0	
-198.906	-17.9043	446.746	0	
132.435	-31.2901	162.398	0	
136.452	-29.449	189.341	0	
186.376	-7.64136	318.253	0	
187.265	-14.6613	326.616	0	
182.331	-13.8541	309.432	0	
189.97	-10.4787	329.876	0	
60.3681	-18.9378	43.4776	0	
76.0405	-24.963	77.6879	0	
119.878	-37.6577	154.543	0	
137.314	-23.0545	156.498	0	
-140.704	-18.1438	736.341	0	
-139.168	-26.5268	862.453	0	
-133.48	-26.6767	862.207	0	
-92.1633	-28.1316	928.476	0	
-50.4644	-23.7627	459.721	0	
-44.8887	-23.6362	482.881	0	
-57.1344	-37.3795	602.823	0	
-21.7444	-28.0369	543.406	0	
124.816	-30.5282	163.58	0	
128.715	-28.4856	165.373	0	
-154.172	-36.2055	706.533	0	
-205.51	-5.49385	434.806	0	
-189.708	-16.9412	475.003	0	
190.469	-19.3683	332.33	0	
194.401	-9.15162	333.655	0	
180.928	-24.6306	316.701	0	
209.708	-2.99653	343.124	0	
40.3656	-37.3795	81.5658	0	
84.393	-29.5111	99.0985	0	
-148.752	-31.7441	810.294	0	
-141.483	-33.3657	881.217	0	
-51.8547	-39.276	606.218	0	
-41.3536	-26.7331	542.433	0	
124.872	-36.6466	160.997	0	
149.858	-28.1793	231.565	0	
5.33672	-28.1316	284.804	0	
129.988	-37.1068	191.548	0	
106.151	-35.183	148.466	0	
179.128	-40.5991	321.569	0	
74.4903	-38.1045	67.9249	0	
95.862	-26.6762	139.318	0	
101.314	-28.4806	152.844	0	
-90.1079	-37.043	772.188	0	
67.1678	-36.6738	47.775	0	
65.58	-54.9481	98.1194	0	
113.853	-42.0949	176.506	0	
-199.966	-12.5463	443.497	0	
187.682	-25.5065	328.05	0	
209.204	-15.0839	343.952	0	
113.919	-50.1317	168.529	0	
-193.119	-20.7159	453.916	0	
-135.899	-48.5637	890.126	0	
-48.7724	-33.5709	560.242	0	
-43.2385	-32.7137	575.194	0	
134.099	-42.95	199.341	0	
122.432	-54.3794	218.208	0	
87.7148	-33.6491	114.03	0	
95.3237	-40.1176	123.445	0	
99.1751	-43.1784	146.552	0	
98.2767	-48.6319	145.687	0	
7.39212	-37.043	341.851	0	
-25.6479	-34.8802	605.988	0	
-217.111	-6.59266	406.864	0	
-216.837	-13.1836	410.779	0	
215.587	-13.1843	342.661	0	
222.399	-3.59612	343.221	0	
-178.18	-51.9759	525.591	0	
-153.647	-49.4659	737.609	0	
95.9829	-35.2801	133.898	0	
105.363	-40.0821	143.853	0	
-47.377	-47.5674	625.459	0	
-39.0554	-46.1539	592.517	0	
92.3318	-31.2524	122.445	0	
88.4066	-44.521	104.245	0	
16.1464	-39.2894	240.038	0	
104.53	-53.5724	169.49	0	
89.6237	-39.8659	126.898	0	
93.2082	-50.2262	148.443	0	
80.0854	-44.9589	100.262	0	
195.014	-53.6987	330.045	0	
46.9683	-23.7287	53.3836	0	
65.1315	-24.4061	39.9148	0	
45.6907	-39.2794	63.3036	0	
56.758	-28.3975	36.726	0	
58.9988	-47.2745	61.1834	0	
63.2794	-29.0001	38.74	0	
54.5197	-33.9094	36.2151	0	
60.6283	-39.7232	50.6798	0	
-112.153	-26.9719	859.365	0	
-106.813	-41.5616	815.053	0	
-14.6834	-27.0627	514.883	0	
-20.3964	-45.3419	527.988	0	
-180.822	-20.7977	522.142	0	
-180.372	-28.6817	504.74	0	
-28.1388	-52.5772	553.176	0	
-8.42563	-30.9174	424.505	0	
-223.045	-18.0992	404.281	0	
197.484	-18.6006	336.178	0	
221.795	-18.0997	341.826	0	
-116.522	-44.9384	1030.65	0	
-105.895	-30.8265	1053.49	0	
-210.454	-15.0875	421.689	0	
-209.349	-21.1068	418.877	0	
214.41	-27.8426	339.771	0	
201.692	-23.0481	339.659	0	
-168.63	-35.332	583.818	0	
-185.88	-47.0569	460.873	0	
-58.4369	-62.9932	617.514	0	
99.1429	-60.8213	185.697	0	
90.5758	-57.9619	145.745	0	
-48.4864	-72.4847	516.602	0	
146.007	-88.8777	292.279	0	
49.8752	-47.1998	74.8754	0	
76.1765	-53.3494	101.556	0	
-231.034	-7.91137	396.715	0	
193.225	-33.1755	333.739	0	
-196.586	-54.0406	422.052	0	
-97.6075	-46.0273	1010.28	0	
32.5931	-47.2676	137.712	0	
3.02215	-58.9551	341.749	0	
-230.704	-15.8235	402.791	0	
-199.677	-29.8849	433.766	0	
-199.122	-68.7901	392.578	0	
-232.183	-28.9135	399.428	0	
-145.673	-56.093	653.325	0	
-65.0282	-47.5636	707.671	0	
-0.999147	-46.7281	381.914	0	
39.3398	-61.6705	163.011	0	
208.094	-21.1083	339.782	0	
176.392	-31.8898	298.379	0	
229.454	-15.8234	342.071	0	
209.137	-35.1834	334.585	0	
139.328	-61.0399	252.885	0	
189.207	-41.0089	324.563	0	
-222.975	-26.721	401.406	0	
221.729	-26.7336	340.069	0	
231.761	-29.6353	338.378	0	
142.356	-40.4982	227.978	0	
158.523	-43.1702	279.29	0	
131.472	-51.1747	233.156	0	
149.176	-46.3437	247.71	0	
-209.391	-44.9615	402.451	0	
24.809	-66.1786	211.098	0	
-73.5915	-67.1651	603.931	0	
-93.917	-58.2892	722.826	0	
-54.9373	-53.4072	620.917	0	
81.8654	-60.6471	143.274	0	
-101.539	-70.7175	659.436	0	
-234.45	-44.5321	378.983	0	
207.95	-49.5639	335.492	0	
42.3908	-52.7401	120.274	0	
65.768	-76.5282	188.553	0	
-186.216	-79.8078	400.721	0	
60.9715	-64.9719	142.414	0	
84.6816	-83.8123	226.726	0	
133.127	-72.183	281.808	0	
169.605	-47.203	297.138	0	
99.0487	-73.5167	205.076	0	
121.291	-67.4347	229.597	0	
76.0654	-73.8022	170.582	0	
21.5973	-78.4887	283.387	0	
148.776	-58.6606	283.212	0	
159.318	-65.2507	301.416	0	
-118.231	-67.6676	707.794	0	
-123.641	-53.3865	760.322	0	
223.493	-56.6049	324.52	0	
-170.587	-61.0571	507.431	0	
-162.29	-53.2661	580.119	0	
-75.7218	-48.391	691.228	0	
-80.7855	-58.4064	794.437	0	
-78.6641	-83.0863	553.014	0	
42.8672	-124.784	272.799	0	
21.8995	-48.0949	207.189	0	
17.1665	-58.0755	271.165	0	
110.772	-78.66	249.576	0	
-128.033	-80.0868	555.474	0	
-143.217	-73.3351	592.815	0	
48.3422	-68.3158	168.28	0	
43.0743	-85.2084	223.95	0	
-31.1187	-67.2315	536.926	0	
6.99334	-83.9003	306.122	0	
180.708	-83.077	320.261	0	
-212.548	-78.6717	360.49	0	
55.4568	-91.151	228.072	0	
30.86	-90.8732	262.258	0	
195.719	-99.5338	306.741	0	
-155.091	-83.9494	459.078	0	
22.5656	-111.1	289.481	0	
-3.93924	-72.4697	387.611	0	
5.64357	-105.233	333.036	0	
-222.226	-50.9126	393.129	0	
162.751	-84.3246	305.752	0	
186.132	-63.0524	315.52	0	
-120.967	-99.7543	464.385	0	
-93.4804	-86.7559	554.312	0	
221.832	-84.1178	317.086	0	
-21.1018	-77.8858	403.868	0	
-26.257	-99.2576	403.152	0	
-222.846	-69.8732	369.038	0	
82.4716	-105.887	257.105	0	
-155.483	-105.393	396.43	0	
137.733	-106.863	301.989	0	
-208.069	-100.978	353.62	0	
-170.837	-73.8717	465.898	0	
-103.106	-103.373	438.542	0	
114.335	-101.394	277.41	0	
-63.2341	-129.89	375.706	0	
-190.247	-100.547	354.438	0	
-175.26	-116.054	355.198	0	
63.5442	-110.5	271.857	0	
100.401	-118.325	286.124	0	
-14.9272	-144.737	334.264	0	
-136.544	-114.446	400.771	0	
-10.4442	-115.174	324.791	0	
-62.9959	-88.4674	515.1	0	
-50.7834	-104.586	382.932	0	
-91.8996	-128.662	369.764	0	
-132.369	-138.886	371.77	0	
-178.662	-146.313	334.372	0	
-43.1907	-154.124	338.454	0	
-213.777	-154.351	317.68	0	
184.547	-133.757	310.769	0	
43.9892	-153.642	297.489	0	
105.563	-154.614	288.833	0	
-105.586	-149.483	367.115	0	
153.516	-136.648	298.335	0	
222.629	-148.911	301.525	0	
