# File: UnstructuredGrid_Inversion_L0_Coarse_Iter02.dat
# (No specific header documentation)

-158.75	-0.496475	218.607	0	
-156.875	-0.668155	285.845	0	
-60.625	-0.431516	210.855	0	
36.875	-0.431516	224.144	0	
-228.198	-124.523	320.748	0	
135.625	-0.668155	226.811	0	
38.125	-0.668155	233.343	0	
-169.883	-44.1849	517.571	0	
-59.375	-0.668155	213.424	0	
-115.32	-2.91409	187.159	0	
-208.422	-34.2476	421.452	0	
-85.9973	-2.80091	193.945	0	
-161.562	-31.1528	615.617	0	
-162.282	-23.9451	583.55	0	
-110.104	-1.86538	171.515	0	
-135.637	-38.619	827.016	0	
-61.354	-1.86538	208.191	0	
-135.104	-1.86538	192.064	0	
-148.497	-8.59138	394.351	0	
-146.25	-1.09967	232.503	0	
-142.708	-2.72654	225.544	0	
-143.958	-2.01633	220.789	0	
-129.845	-3.05088	210.109	0	
-151.594	-4.85908	291.056	0	
-155.208	-2.01633	283.466	0	
-146.05	-12.2522	510.44	0	
-152.292	-2.72654	272.871	0	
-159.95	-16.471	539.434	0	
134.375	-0.431516	207.411	0	
-17.8202	-2.91409	217.404	0	
-156.27	-3.86216	273.963	0	
-41.4583	-2.01633	207.568	0	
-154.792	-2.72654	268.373	0	
-153.542	-3.47328	274.674	0	
-12.604	-1.86538	213.173	0	
-148.795	-2.8545	266.212	0	
36.146	-1.86538	223.546	0	
-37.604	-1.86538	207.973	0	
-170.813	-2.26882	419.826	0	
-48.75	-1.09967	200.48	0	
-166.927	-1.72974	336.408	0	
-163.743	-2.99807	314.243	0	
-57.2917	-2.72654	220.412	0	
-165.769	-3.46425	373.053	0	
-56.0417	-3.47328	223.145	0	
-157.576	-8.14551	386.345	0	
-54.7917	-2.72654	218.548	0	
-63.125	-0.36089	211.983	0	
-162.675	-0.60932	291.916	0	
-82.5	-1.09967	192.755	0	
-60.5207	-2.1669	209.857	0	
-155	-1.09967	242.503	0	
-75.5207	-2.1669	208.237	0	
-160.875	-0.935418	259.819	0	
-65.625	-0.431516	200.943	0	
85.625	-0.668155	193.707	0	
-154.375	-0.668155	303.991	0	
61.875	-0.668155	252.526	0	
-151.875	-0.668155	299.655	0	
-151.25	-1.09967	278.76	0	
44.7917	-2.01633	230.846	0	
-153.125	-0.431516	295.66	0	
56.0417	-2.01633	238.792	0	
-155.625	-0.431516	283.649	0	
78.4298	-2.91409	225.007	0	
-161.767	-1.54474	304.662	0	
-55	-1.09967	210.526	0	
-150.625	-0.431516	290.821	0	
-152.5	-1.09967	256.502	0	
37.2915	-5.36053	208.658	0	
-148.125	-0.366631	269.127	0	
37.2841	-3.06466	218.811	0	
-145.625	-0.668155	267.014	0	
-146.875	-0.431516	259.243	0	
43.125	-0.668155	233.754	0	
38.9583	-2.01633	222.348	0	
-144.375	-0.431516	237.216	0	
34.375	-0.36089	221.512	0	
-141.875	-0.431516	232.713	0	
-140.625	-0.668155	239.564	0	
31.875	-0.431516	204.792	0	
-141.25	-1.09967	218.497	0	
40	-1.09967	216.922	0	
-145	-1.09967	190.746	0	
40.625	-0.668155	230.301	0	
15	-1.09967	172.583	0	
-133.75	-1.09967	177.602	0	
140.625	-3.34884	222.957	0	
-134.375	-0.431516	205.34	0	
-133.125	-0.668155	218.566	0	
144.345	-3.52006	238.828	0	
-135.625	-0.366631	211.168	0	
148.422	-2.00504	243.614	0	
138.422	-2.00504	218.296	0	
-131.875	-0.431516	193.134	0	
136.756	-2.06993	213.159	0	
-125	-1.09967	179.637	0	
-128.75	-1.09967	175.028	0	
138.125	-0.366631	218.357	0	
-131.25	-0.798148	194.843	0	
139.375	-0.668155	215.978	0	
-132.5	-1.09967	169.162	0	
145.625	-0.668155	264.688	0	
-140	-1.09967	184.393	0	
21.9793	-2.1669	189.625	0	
129.375	-0.431516	195.812	0	
-125.625	-0.431516	190.598	0	
111.25	-1.09967	172.834	0	
-123.75	-1.09967	183.902	0	
-122.5	-0.798148	173.102	0	
-111.875	-0.36089	173.031	0	
-117.604	-1.86538	176.932	0	
119.479	-2.1669	186.861	0	
-120.881	-3.06027	205.504	0	
-118.125	-0.366631	177.354	0	
-99.4045	-3.52006	192.066	0	
-115.625	-0.668155	180.542	0	
-110	-0.798148	170.024	0	
-88.125	-0.668155	175.234	0	
-116.875	-0.431516	179.324	0	
-123.125	-0.431516	186.441	0	
-116.25	-1.09967	174.887	0	
-114.375	-0.431516	179.257	0	
-98.125	-0.668155	180.1	0	
-108.75	-1.09967	166.962	0	
-104.375	-0.668155	176.993	0	
-109.375	-0.431516	177.225	0	
-108.125	-0.668155	181.525	0	
-106.994	-2.06993	181.664	0	
-110.625	-0.366631	172.165	0	
-109.271	-2.1669	175.102	0	
-136.875	-0.36089	212.807	0	
-106.875	-0.431516	171.752	0	
-134.068	-5.08295	260.134	0	
-98.75	-1.09967	166.59	0	
-103.75	-1.09967	175.353	0	
-124.375	-0.668155	182.003	0	
-106.25	-0.798148	177.484	0	
-139.375	-0.431516	218.794	0	
-107.5	-1.09967	166.073	0	
-105.625	-0.366631	173.435	0	
-115	-1.09967	167.378	0	
-105.328	-2.00504	176.407	0	
-126.875	-0.366631	185.068	0	
131.875	-0.36089	209.922	0	
-103.125	-0.431516	176.81	0	
49.375	-0.668155	227.74	0	
-129.375	-0.668155	180.802	0	
-100.625	-0.366631	173.581	0	
-130.625	-0.366631	195.925	0	
-90.104	-1.86538	182.407	0	
-99.375	-0.431516	177.333	0	
-131.994	-2.06993	198.521	0	
-147.589	-1.76841	251.515	0	
-96.875	-0.431516	175.106	0	
-135	-0.798148	196.451	0	
-94.375	-0.668155	184.919	0	
-88.75	-1.09967	181.042	0	
-146.756	-2.06993	243.844	0	
-96.25	-0.798148	179.673	0	
-146.468	-2.99641	244.257	0	
-97.5	-1.09967	163.854	0	
-149.375	-0.668155	278.702	0	
-144.792	-2.01633	245.219	0	
-89.375	-0.431516	181.463	0	
-153.75	-1.09967	278.165	0	
-87.5	-1.09967	181.839	0	
-86.875	-0.431516	187.59	0	
-153.542	-2.01633	275.029	0	
-68.854	-1.86538	213.007	0	
-143.75	-1.09967	237.099	0	
-147.5	-0.798148	236.428	0	
-83.125	-0.431516	191.426	0	
-150	-1.09967	265.091	0	
-81.25	-1.09967	186.112	0	
-80.625	-0.431516	186.199	0	
-156.25	-1.09967	277.874	0	
-76.354	-1.86538	194.834	0	
-151.042	-2.01633	276.626	0	
-83.75	-0.798148	194.144	0	
-152.708	-2.01633	284.244	0	
-90.625	-0.366631	178.503	0	
-143.125	-0.668155	237.675	0	
-14.375	-0.36089	226.36	0	
-75.625	-0.431516	193.692	0	
-23.3807	-3.06027	218.274	0	
-68.75	-0.798148	214.089	0	
-73.75	-1.09967	193.292	0	
-25.625	-0.431516	212.245	0	
-74.375	-0.668155	205.697	0	
-16.875	-0.431516	233.413	0	
9.375	-0.668155	187.747	0	
-69.375	-0.366631	213.533	0	
-0.625	-0.668155	212.805	0	
-66.875	-0.668155	201.281	0	
-61.25	-0.798148	207.875	0	
-11.7707	-2.1669	212.326	0	
-68.125	-0.431516	209.433	0	
-7.82772	-2.00504	224.283	0	
-67.5	-1.09967	213.62	0	
-1.90454	-3.52006	199.732	0	
-9.49439	-2.06993	221.309	0	
-60	-1.09967	201.681	0	
-39.375	-0.36089	207.152	0	
36.9793	-2.1669	226.149	0	
-57.5	-1.09967	209.345	0	
-41.875	-0.431516	206.828	0	
-61.875	-0.366631	214.851	0	
-8.125	-0.366631	229.082	0	
-26.875	-0.668155	222.889	0	
-56.875	-0.668155	216.868	0	
-31.875	-0.668155	200.355	0	
-54.375	-0.668155	203.471	0	
-53.75	-1.09967	207.958	0	
-34.4944	-2.06993	209.702	0	
-55.625	-0.431516	214.417	0	
-36.7707	-2.1669	216.64	0	
-58.125	-0.431516	214.076	0	
-36.5676	-5.08295	250.857	0	
-66.25	-1.09967	197.402	0	
-6.875	-0.668155	226.31	0	
-76.875	-0.366631	196.989	0	
-156.042	-2.01633	261.234	0	
-51.875	-0.668155	210.671	0	
-50.625	-0.366631	207.027	0	
-48.9679	-2.99641	216.086	0	
-48.125	-0.668155	196.154	0	
-47.5	-1.09967	212.811	0	
-37.5	-0.798148	205.623	0	
-49.375	-0.431516	199.244	0	
-50.0889	-1.76841	203.677	0	
-45.625	-0.668155	211.615	0	
-43.75	-1.09967	212.495	0	
-46.25	-1.09967	210.468	0	
-43.125	-0.668155	194.863	0	
-42.5	-1.09967	207.465	0	
-56.25	-1.09967	207.608	0	
-44.375	-0.431516	204.424	0	
-47.2917	-2.01633	211.041	0	
-46.875	-0.431516	212.88	0	
-49.2556	-2.06993	209.41	0	
-57.7083	-2.01633	213.401	0	
-38.125	-0.366631	203.822	0	
-53.5417	-2.01633	207.509	0	
-35.625	-0.668155	215.54	0	
-35	-1.09967	194.805	0	
-52.5	-1.09967	198.246	0	
-36.875	-0.431516	221.739	0	
-50	-0.798148	202.793	0	
-58.5417	-2.01633	215.035	0	
-33.75	-0.798148	204.568	0	
-62.5	-0.727521	211.178	0	
-31.25	-1.09967	195.943	0	
-29.375	-0.366631	218.917	0	
-68.0207	-2.1669	211.255	0	
-27.5	-1.09967	184.799	0	
-64.375	-0.668155	216.583	0	
-34.375	-0.431516	209.588	0	
-58.75	-1.09967	208.483	0	
-36.25	-1.09967	206.601	0	
-56.0417	-2.01633	215.39	0	
-66.0417	-2.01633	201.596	0	
-20.104	-1.86538	221.076	0	
-70.625	-0.36089	207.727	0	
-25	-0.798148	198.551	0	
-18.75	-1.09967	221.675	0	
-73.125	-0.431516	200.267	0	
-26.25	-1.09967	199.863	0	
-65	-1.09967	188.28	0	
-75	-1.09967	188.046	0	
-19.375	-0.431516	228.175	0	
105.625	-0.668155	160.824	0	
-12.5	-0.798148	211.448	0	
-17.5	-1.09967	206.502	0	
88.7946	-2.8545	201.191	0	
-18.125	-0.668155	222.516	0	
99.7712	-2.84299	177.955	0	
-20.625	-0.366631	221.526	0	
-86.4583	-2.01633	186.21	0	
107.753	-2.80091	178.473	0	
-13.125	-0.366631	226.049	0	
86.7556	-2.06993	200.415	0	
-10.625	-0.668155	242.069	0	
-10	-1.09967	206.96	0	
88.125	-0.366631	198.712	0	
-11.875	-0.431516	231.106	0	
89.375	-0.668155	206.269	0	
79.375	-0.431516	226.193	0	
-8.75	-0.798148	231.094	0	
71.25	-0.798148	242.693	0	
-6.25	-1.09967	224.3	0	
-5.625	-0.431516	225.986	0	
64.6723	-2.00504	252.774	0	
-1.25	-1.09967	205.917	0	
72.8693	-3.06027	231.657	0	
-9.375	-0.431516	224.982	0	
81.875	-0.36089	219.116	0	
-11.25	-1.09967	203.106	0	
95.625	-0.668155	180.612	0	
-28.125	-0.431516	211.57	0	
-62.5054	-1.48403	211.002	0	
-53.125	-0.431516	204.303	0	
-33.125	-0.366631	203.75	0	
-134.271	-2.1669	208.761	0	
-3.125	-0.366631	224.901	0	
-1.875	-0.431516	205.448	0	
65.625	-0.668155	255.422	0	
7.39595	-1.86538	185.983	0	
-3.70074e-17	-1.09967	213.85	0	
72.1723	-2.00504	242.404	0	
64.375	-0.366631	254.099	0	
0.625	-0.431516	207.25	0	
55.625	-0.431516	242.741	0	
3.125	-0.668155	193.018	0	
8.75	-1.09967	185.866	0	
48.5321	-2.99641	231.239	0	
1.25	-0.798148	211.607	0	
58.125	-0.36089	239.613	0	
6.875	-0.366631	184.614	0	
63.0056	-2.06993	248.749	0	
48.2444	-2.06993	227.101	0	
8.125	-0.431516	185.429	0	
50.2083	-2.01633	230.752	0	
10	-1.09967	173.257	0	
10.625	-0.431516	176.132	0	
51.25	-1.09967	235.745	0	
28.646	-1.86538	193.51	0	
51.875	-0.668155	230.15	0	
47.4111	-1.76841	233.332	0	
14.375	-0.431516	173.382	0	
47.5	-0.798148	230.947	0	
16.25	-1.09967	183.071	0	
16.875	-0.431516	182.194	0	
43.9583	-2.01633	231.852	0	
21.146	-1.86538	182.819	0	
39.7917	-2.01633	226.323	0	
13.75	-0.798148	179.758	0	
45.625	-0.668155	235.572	0	
20.625	-0.366631	183.107	0	
60	-0.798148	241.894	0	
41.25	-1.09967	222.513	0	
21.875	-0.431516	182.146	0	
33.125	-0.668155	218.405	0	
28.75	-0.798148	203.193	0	
23.75	-1.09967	185.87	0	
34.9946	-1.48403	224.884	0	
23.125	-0.668155	190.375	0	
41.4583	-2.01633	224.774	0	
35	-0.727521	225.019	0	
28.125	-0.366631	201.701	0	
32.5	-1.09967	186.393	0	
30.625	-0.668155	206.255	0	
36.25	-0.798148	226.205	0	
26.875	-0.36089	194.795	0	
29.375	-0.431516	193.544	0	
31.4583	-2.01633	193.967	0	
30	-1.09967	183.792	0	
29.4793	-2.1669	200.517	0	
11.0417	-2.01633	177.37	0	
37.5	-1.09967	216.866	0	
150.625	-0.431516	241.1	0	
128.43	-2.91409	208.422	0	
38.75	-1.09967	225.474	0	
150	-1.09967	235.554	0	
35.625	-0.366631	228.289	0	
22.5	-1.09967	181.157	0	
153.75	-0.798148	208.487	0	
42.5	-1.09967	221.427	0	
148.125	-0.366631	248.787	0	
48.75	-1.09967	230.733	0	
43.75	-1.09967	227.911	0	
141.875	-0.668155	226.513	0	
41.875	-0.431516	230.259	0	
146.756	-2.06993	244.856	0	
39.375	-0.431516	230.399	0	
149.771	-2.84299	233.051	0	
31.25	-1.09967	188.206	0	
24.375	-0.431516	189.233	0	
44.375	-0.431516	235.433	0	
45	-1.09967	232.684	0	
138.795	-2.8545	218.492	0	
46.875	-0.366631	235.141	0	
140.208	-2.01633	221.835	0	
59.896	-1.86538	243.771	0	
50	-1.09967	226.646	0	
141.25	-1.09967	223.73	0	
48.125	-0.431516	230.256	0	
143.75	-0.798148	236.419	0	
138.75	-1.03479	220.919	0	
53.75	-1.09967	232.245	0	
132.495	-1.48403	206.198	0	
54.375	-0.668155	229.043	0	
55	-1.09967	234.62	0	
126.979	-2.1669	201.383	0	
53.125	-0.431516	230.438	0	
130.625	-0.668155	217.787	0	
50.625	-0.431516	229.946	0	
137.589	-1.76841	216.434	0	
128.958	-2.01633	193.636	0	
59.375	-0.366631	238.43	0	
83.646	-1.86538	202.711	0	
60.625	-0.431516	255.139	0	
62.5	-1.09967	238.856	0	
124.375	-0.36089	194.698	0	
61.25	-1.09967	240.135	0	
130	-1.09967	178.473	0	
110.686	-4.3008	194.834	0	
63.125	-0.431516	251.082	0	
-113.125	-0.668155	181.456	0	
68.75	-1.09967	252.076	0	
67.5	-0.798148	249.067	0	
-111.255	-1.48403	171.223	0	
63.75	-0.798148	249.979	0	
113.75	-0.798148	171.024	0	
68.125	-0.431516	265.68	0	
121.875	-0.431516	182.174	0	
93.125	-0.366631	176.444	0	
132.5	-0.727521	205.262	0	
-111.25	-0.727521	177.571	0	
76.146	-1.86538	237.663	0	
-113.75	-1.09967	169.632	0	
70.625	-0.431516	250.921	0	
77.5	-1.09967	241.83	0	
-118.75	-0.727521	184.656	0	
70	-1.09967	232.342	0	
-114.792	-2.01633	179.915	0	
-89.2707	-2.1669	183.062	0	
76.875	-0.431516	237.317	0	
-93.9788	-2.84299	185.025	0	
83.75	-0.798148	200.066	0	
78.75	-1.09967	227.52	0	
-85.625	-0.668155	185.076	0	
78.125	-0.668155	222.96	0	
-81.875	-0.668155	185.327	0	
75.625	-0.366631	232.342	0	
-120.625	-0.668155	190.04	0	
-86.25	-1.09967	182.768	0	
83.125	-0.366631	199.486	0	
-93.75	-1.09967	179.475	0	
133.646	-1.86538	203.918	0	
86.25	-1.09967	203.929	0	
-104.955	-2.8545	190.644	0	
84.375	-0.431516	205.264	0	
-93.125	-0.431516	181.729	0	
-96.9944	-2.06993	186.025	0	
87.5	-0.798148	199.227	0	
-101.875	-0.668155	173.785	0	
90	-1.09967	171.51	0	
90.625	-0.431516	184.144	0	
-100.089	-1.76841	173.871	0	
95	-1.09967	183.809	0	
-95.625	-0.366631	174.815	0	
86.875	-0.431516	206.042	0	
-90	-0.798148	181.505	0	
85	-1.09967	205.181	0	
-87.2917	-2.01633	186.018	0	
-116.771	-2.1669	183.894	0	
143.661	-1.76841	228.971	0	
-100	-0.798148	171.134	0	
94.375	-0.431516	184.331	0	
-102.5	-1.09967	170.383	0	
96.25	-1.09967	186.907	0	
103.646	-1.86538	163.735	0	
-103.542	-2.01633	181.977	0	
-105	-1.03479	173.976	0	
97.5	-0.798148	180.867	0	
-136.255	-1.48403	206.055	0	
105	-1.09967	166.214	0	
103.125	-0.366631	157.734	0	
-130.328	-2.00504	187.197	0	
99.375	-0.668155	171.699	0	
-138.125	-0.668155	224.567	0	
96.875	-0.431516	187.407	0	
-106.161	-1.76841	173.824	0	
-123.244	-2.06993	177.657	0	
126.146	-1.86538	194.028	0	
-128.125	-0.431516	195.036	0	
106.875	-0.431516	165.502	0	
110	-0.798148	176.089	0	
-126.304	-1.54577	181.511	0	
106.25	-1.09967	171.307	0	
-121.875	-0.366631	183.357	0	
-126.25	-0.798148	197.614	0	
118.646	-1.86538	181.38	0	
-130	-1.03479	196.494	0	
113.125	-0.431516	168.183	0	
120	-1.09967	181.975	0	
-148.75	-1.03479	259.189	0	
112.5	-1.09967	170.969	0	
-131.161	-1.76841	192.48	0	
110.625	-0.431516	167.755	0	
-127.242	-2.24637	180.316	0	
104.375	-0.431516	161.844	0	
-117.5	-0.798148	180.337	0	
-143.542	-2.72654	241.09	0	
119.375	-0.431516	181.209	0	
-139.792	-2.01633	227.209	0	
126.25	-0.798148	196.959	0	
121.25	-1.09967	188.215	0	
-138.75	-1.09967	215.065	0	
120.625	-0.668155	182.49	0	
-136.25	-0.727521	224.552	0	
-142.292	-2.01633	231.777	0	
125.625	-0.366631	193.675	0	
-13.7554	-1.48403	221.741	0	
128.125	-0.668155	197.781	0	
133.75	-0.798148	212.97	0	
-19.2707	-2.1669	219.743	0	
126.875	-0.431516	193.101	0	
-15.625	-0.668155	234.143	0	
127.5	-1.09967	194.339	0	
-142.5	-1.09967	200.082	0	
-17.2917	-2.01633	219.562	0	
135	-1.09967	192.623	0	
-21.25	-0.727521	228.558	0	
158.73	-5.36963	181.865	0	
136.25	-1.09967	207.034	0	
-23.125	-0.668155	215.132	0	
133.125	-0.366631	210.277	0	
-16.25	-1.09967	215.663	0	
15.625	-0.668155	183.232	0	
137.5	-0.798148	210.551	0	
11.875	-0.668155	176.901	0	
140	-1.09967	223.371	0	
140.625	-0.431516	227.761	0	
10.2083	-2.01633	184.016	0	
145	-1.09967	208.908	0	
3.52121	-2.84299	196.438	0	
136.875	-0.431516	220.595	0	
8.22929	-2.1669	185.555	0	
128.75	-1.09967	208.355	0	
-13.75	-0.727521	241.94	0	
118.125	-0.366631	183.045	0	
-148.422	-2.00504	258.36	0	
4.375	-0.431516	199.052	0	
144.375	-0.431516	235.979	0	
-7.45541	-2.8545	211.674	0	
146.25	-1.09967	254.439	0	
146.875	-0.431516	266.197	0	
7.5	-0.798148	191.868	0	
153.646	-1.86538	231.472	0	
3.75	-1.09967	192.858	0	
1.875	-0.366631	207.688	0	
149.375	-0.668155	244.705	0	
-2.58895	-1.76841	209.349	0	
153.125	-0.366631	226.133	0	
154.375	-0.431516	210.692	0	
-11.4094	-3.16789	200.851	0	
155	-1.09967	236.638	0	
-4.375	-0.668155	221.871	0	
147.5	-0.798148	244.609	0	
0.505614	-2.06993	205.245	0	
-6.04167	-2.01633	216.322	0	
156.458	-1.16463	191.097	0	
-8.66105	-1.76841	220.431	0	
159.625	-0.633448	170.538	0	
161.425	-0.98887	174.846	0	
-7.5	-1.03479	226.627	0	
160.517	-1.62232	170.247	0	
-5	-1.09967	216.096	0	
-38.7554	-1.48403	206.221	0	
153.021	-4.78762	214.357	0	
-20	-0.798148	215.879	0	
163.752	-4.86774	207.823	0	
164.832	-2.66958	192.457	0	
-25.7444	-2.06993	202.555	0	
163.115	-0.98887	214.493	0	
-32.8277	-2.00504	204.043	0	
155.484	-3.31993	206.231	0	
-40.625	-0.668155	203.153	0	
155.625	-0.668155	160.004	0	
-2.5	-0.798148	212.075	0	
-30.625	-0.431516	199.522	0	
160.191	-2.997	185.425	0	
-29.7419	-2.24637	211.182	0	
169.563	-2.94058	262.153	0	
154.995	-4.95032	183.75	0	
-28.75	-0.798148	223.785	0	
148.777	-5.11846	214.765	0	
-28.8043	-1.54577	208.684	0	
-32.5	-1.03479	197.575	0	
204.26	-5.49392	356.749	0	
-50.9223	-2.00504	208.602	0	
148.441	-21.3686	162.44	0	
-46.0417	-2.72654	219.07	0	
204.031	-10.9896	347.293	0	
-51.25	-1.03479	202.19	0	
151.796	-5.74288	212.626	0	
-33.6611	-1.76841	204.007	0	
-42.2917	-2.01633	199.688	0	
170.801	-56.9665	315.469	0	
-45	-1.09967	208.54	0	
-44.7917	-2.01633	212.903	0	
-41.25	-1.09967	191.838	0	
-61.9845	-2.19037	211.072	0	
34.9625	-3.24559	216.86	0	
-71.875	-0.668155	212.373	0	
-66.5702	-2.91409	213.6	0	
-63.75	-1.02905	209.789	0	
-38.75	-0.727521	206.853	0	
161.093	-4.56171	191.817	0	
-24.375	-0.366631	218.561	0	
143.125	-0.366631	233.857	0	
11.25	-1.09967	178.126	0	
-70.0054	-1.48403	207.767	0	
-108.909	-3.16789	188.036	0	
-74.0702	-2.91409	210.987	0	
69.375	-0.668155	261.328	0	
-70	-0.727521	206.278	0	
-73.5417	-2.01633	196.069	0	
-72.5	-1.09967	179.202	0	
-77.5	-0.727521	203.45	0	
-79.375	-0.668155	199.791	0	
104.479	-2.1669	168.754	0	
111.875	-0.668155	165.432	0	
98.4223	-2.00504	177.367	0	
108.125	-0.668155	160.322	0	
106.458	-2.01633	172.787	0	
107.5	-1.09967	180.264	0	
100.625	-0.431516	169.507	0	
100	-1.09967	172.705	0	
94.3455	-3.52006	189.119	0	
103.75	-0.798148	165.132	0	
96.7556	-2.06993	186.361	0	
98.125	-0.366631	168.416	0	
91.875	-0.668155	190.226	0	
93.6611	-1.76841	179.961	0	
88.4223	-2.00504	195.961	0	
93.75	-0.798148	183.093	0	
90.2083	-2.01633	192.822	0	
91.25	-1.09967	179.374	0	
87.5889	-1.76841	202.382	0	
88.75	-1.03479	200.614	0	
80.625	-0.668155	217.125	0	
82.4946	-1.48403	207.878	0	
76.9793	-2.1669	228.653	0	
82.5	-0.727521	203.766	0	
78.9583	-2.01633	225.753	0	
80	-1.09967	224.394	0	
75	-0.727521	226.91	0	
73.125	-0.668155	250.787	0	
65.0889	-2.93321	243.746	0	
76.25	-0.798148	232.107	0	
70.5056	-2.06993	242.342	0	
71.875	-0.366631	252.429	0	
66.875	-0.366631	253.947	0	
67.4111	-1.76841	255.908	0	
63.8389	-1.76841	246.999	0	
65	-1.03479	247.132	0	
56.875	-0.668155	245.704	0	
58.7446	-1.48403	241.375	0	
51.4583	-2.72654	229.851	0	
58.75	-0.727521	251.856	0	
55.2083	-2.01633	234.421	0	
56.25	-1.09967	231.11	0	
52.5	-1.09967	228.572	0	
52.7083	-2.01633	231.174	0	
46.25	-1.03479	237.024	0	
46.5777	-2.00504	234.684	0	
33.75	-1.02905	228.685	0	
35.5155	-2.19037	221.638	0	
30.9298	-2.91409	197.442	0	
134.841	-3.16789	209.108	0	
25.625	-0.668155	197.201	0	
27.4946	-1.48403	199.434	0	
23.4298	-2.91409	192.511	0	
27.5	-0.727521	207.409	0	
23.9583	-2.01633	188.61	0	
25	-1.09967	185.148	0	
20	-0.727521	187.561	0	
18.125	-0.668155	179.634	0	
151.875	-0.36089	238.888	0	
152.495	-1.48403	230.945	0	
153.016	-2.19037	209.591	0	
152.5	-0.727521	216.185	0	
147.589	-1.76841	254.208	0	
148.75	-1.03479	259.378	0	
142.5	-1.03479	229.494	0	
142.828	-2.00504	230.293	0	
134.479	-2.1669	213.146	0	
154.479	-2.1669	188.268	0	
131.25	-1.02905	198.379	0	
133.016	-2.19037	210.044	0	
129.792	-2.01633	210.598	0	
171.752	-1.25987	256.436	0	
123.125	-0.668155	198.943	0	
124.995	-1.48403	193.092	0	
120.93	-2.91409	192.873	0	
125	-0.727521	188.34	0	
121.458	-2.01633	180.342	0	
122.5	-1.09967	169.622	0	
117.5	-0.727521	178.713	0	
115.625	-0.668155	175.604	0	
-112.5	-1.02905	165.714	0	
-110.734	-2.19037	175.206	0	
-138.958	-2.01633	211.61	0	
-62.5375	-3.24559	213.683	0	
-119.375	-0.36089	177.58	0	
-118.755	-1.48403	174.855	0	
-83.0056	-2.06993	196.123	0	
-76.25	-0.798148	205.963	0	
-81.0417	-2.01633	188.155	0	
-80	-1.09967	175.941	0	
-84.375	-0.366631	191.061	0	
-83.8389	-1.76841	192.343	0	
-91.875	-0.36089	183.177	0	
-91.2554	-1.48403	181.951	0	
-90.7345	-2.19037	184.58	0	
-91.25	-0.727521	184.781	0	
-96.1611	-1.76841	174.582	0	
-95	-1.03479	171.7	0	
-101.25	-1.03479	169.748	0	
-100.922	-2.00504	170.749	0	
-65.2083	-2.01633	209.174	0	
-95.3277	-2.00504	181.46	0	
-137.5	-1.02905	198.804	0	
-135.734	-2.19037	211.707	0	
-151.04	-3.47677	275.714	0	
-118.787	-3.24559	201.656	0	
-122.411	-1.76841	187.268	0	
-121.25	-1.03479	184.697	0	
-127.5	-0.798148	169.651	0	
-128.229	-2.1669	199.5	0	
-113.958	-2.01633	178.53	0	
-121.578	-2.00504	178.349	0	
-215.662	-27.8248	426.588	0	
-114.833	-3.79821	203.409	0	
-15	-1.02905	216.233	0	
-13.2345	-2.19037	219.585	0	
-21.2875	-3.24559	223.366	0	
11.5027	-2.80091	183.848	0	
-21.875	-0.36089	221.731	0	
-21.2554	-1.48403	220.41	0	
14.4944	-2.06993	183.006	0	
21.25	-0.798148	188.89	0	
16.4583	-2.01633	184.092	0	
17.5	-1.09967	186.73	0	
13.125	-0.366631	172.444	0	
13.6611	-1.76841	174.577	0	
5.625	-0.36089	178.85	0	
6.24459	-1.48403	186.046	0	
6.76554	-2.19037	189.843	0	
6.25	-0.727521	189.273	0	
1.33895	-1.76841	211.205	0	
2.5	-1.03479	213.762	0	
-3.75	-1.03479	216.102	0	
-3.42228	-2.00504	216.251	0	
32.2917	-2.01633	204.207	0	
2.17228	-2.00504	201.956	0	
-40	-1.02905	203.248	0	
-38.2345	-2.19037	208.163	0	
-45.2083	-2.72654	219.328	0	
-32.3447	-3.05088	220.824	0	
-24.9111	-1.76841	209.093	0	
-23.75	-1.03479	208.613	0	
-30	-0.798148	213.332	0	
-30.7293	-2.1669	215.135	0	
-16.4583	-2.01633	218.534	0	
-24.0777	-2.00504	207.556	0	
-55.2083	-2.01633	210.755	0	
-46.4583	-2.01633	214.564	0	
-63.3387	-1.78555	211.393	0	
-63.4751	-2.84652	212.952	0	
-71.25	-1.02905	198.301	0	
-69.4845	-2.19037	209.891	0	
-72.7083	-2.01633	205.391	0	
-100.61	-4.06799	191.697	0	
-78.125	-0.36089	197.369	0	
-77.5054	-1.48403	197.399	0	
115.369	-3.06027	182.323	0	
118.75	-0.798148	182.997	0	
113.006	-2.06993	175.225	0	
114.375	-0.366631	167.857	0	
109.375	-0.366631	163.832	0	
109.911	-1.76841	173.072	0	
101.875	-0.36089	169.58	0	
102.495	-1.48403	166.698	0	
103.016	-2.19037	172.131	0	
102.5	-0.727521	172.463	0	
97.5889	-1.76841	183.087	0	
98.75	-1.03479	178.287	0	
92.5	-1.03479	171.207	0	
92.8277	-2.00504	185.734	0	
84.4793	-2.1669	198.08	0	
84.8406	-3.16789	200.814	0	
81.25	-1.02905	213.222	0	
83.0155	-2.19037	204.038	0	
74.9625	-3.24559	227.315	0	
132.463	-3.24559	209.079	0	
74.375	-0.36089	252.126	0	
74.9946	-1.48403	240.725	0	
71.3389	-1.76841	241.549	0	
72.5	-1.03479	240.756	0	
66.25	-1.03479	258.557	0	
66.5777	-2.00504	252.052	0	
60.7293	-2.1669	249.042	0	
79.7917	-2.01633	220.174	0	
57.5	-1.02905	234.292	0	
59.2655	-2.19037	247.97	0	
46.7473	-3.78292	226.859	0	
61.0894	-3.16569	243.584	0	
45.2527	-2.80091	230.852	0	
51.0417	-2.01633	228.944	0	
34.1613	-1.78555	216.497	0	
34.0249	-2.84652	214.251	0	
26.25	-1.02905	201.994	0	
28.0155	-2.19037	203.245	0	
-3.11018	-4.06799	197.654	0	
24.7917	-2.01633	194.901	0	
19.375	-0.36089	178.883	0	
19.9946	-1.48403	182.062	0	
151.25	-0.792406	224.655	0	
151.686	-2.07688	219.411	0	
143.14	-4.06799	229.087	0	
148.111	-4.06622	233.359	0	
144.494	-2.06993	238.336	0	
136.284	-3.07092	215.653	0	
141.042	-2.01633	225.256	0	
132.117	-5.94785	221.169	0	
131.661	-1.78555	206.953	0	
131.525	-2.84652	208.627	0	
123.75	-1.02905	187.919	0	
125.516	-2.19037	196.564	0	
93.1398	-4.06799	194.384	0	
122.292	-2.01633	193.809	0	
116.875	-0.36089	173.749	0	
117.495	-1.48403	178.515	0	
-112.089	-1.78555	178.489	0	
-112.225	-2.84652	177.328	0	
-120	-1.02905	164.302	0	
-118.234	-2.19037	183.532	0	
-138.118	-4.95711	259.747	0	
-123.957	-2.96011	211.399	0	
-85	-1.03479	190.263	0	
-84.6723	-2.00504	190.378	0	
-92.5	-0.792406	189.174	0	
-92.0644	-2.07688	193.381	0	
-111.287	-3.24559	185.472	0	
-103.125	-3.34884	211.053	0	
-99.2556	-2.06993	179.442	0	
-107.466	-3.07092	184.859	0	
-102.708	-2.01633	182.096	0	
-111.633	-5.94785	256.137	0	
-137.089	-1.78555	222.613	0	
-137.225	-2.84652	210.858	0	
-125.471	-1.8473	201.303	0	
-136.746	-5.42835	280.874	0	
-73.5826	-3.79821	214.005	0	
-125.35	-2.73747	180.165	0	
-14.5887	-1.78555	223.396	0	
-14.7251	-2.84652	217.411	0	
-22.5	-1.02905	216.955	0	
-20.7345	-2.19037	218.39	0	
-40.618	-4.95711	233.693	0	
-26.457	-2.96011	224.934	0	
12.5	-1.03479	174.86	0	
12.8277	-2.00504	181.339	0	
5	-0.792406	187.672	0	
5.43557	-2.07688	188.161	0	
-13.7875	-3.24559	209.098	0	
-5.625	-3.34884	201.174	0	
-1.75561	-2.06993	203.965	0	
-9.9664	-3.07092	199.882	0	
-5.20833	-2.01633	215.792	0	
-14.1328	-5.94785	200.925	0	
-39.5887	-1.78555	208.39	0	
-39.7251	-2.84652	206.361	0	
-27.9709	-1.8473	224.739	0	
-39.2462	-5.42835	251.681	0	
-38.7875	-3.24559	222.062	0	
-27.8502	-2.73747	204.73	0	
-70.0375	-3.24559	212.697	0	
31.4174	-3.79821	194.065	0	
-70.8387	-1.78555	206.788	0	
-70.9751	-2.84652	207.976	0	
-78.75	-1.02905	193.342	0	
-76.9845	-2.19037	208.181	0	
-85.0446	-2.8545	197.144	0	
-81.5873	-2.94281	204.734	0	
113.839	-1.76841	169.182	0	
115	-1.03479	167.923	0	
108.75	-1.03479	174.149	0	
109.078	-2.00504	172.681	0	
101.25	-0.792406	176.301	0	
101.686	-2.07688	177.468	0	
82.4625	-3.24559	203.895	0	
90.625	-3.34884	196.523	0	
94.4944	-2.06993	188.428	0	
86.2836	-3.07092	196.749	0	
91.0417	-2.01633	184.561	0	
82.1172	-5.94785	198.941	0	
81.6613	-1.78555	210.349	0	
81.5249	-2.84652	211.03	0	
73.75	-1.02905	249.143	0	
75.5155	-2.19037	232.346	0	
58.7125	-3.24559	242.872	0	
56.1142	-5.74538	201.537	0	
68.2444	-2.06993	251.723	0	
52.9849	-8.22246	151.265	0	
58.2538	-5.42835	217.276	0	
68.2925	-4.4054	240.099	0	
57.9113	-1.78555	245.648	0	
57.7749	-2.84652	245.468	0	
27.4625	-3.24559	200.37	0	
111.856	-6.04794	199.461	0	
26.6613	-1.78555	200.402	0	
26.5249	-2.84652	201.669	0	
18.75	-1.02905	179.844	0	
20.5155	-2.19037	187.537	0	
12.4554	-2.8545	180.166	0	
15.9127	-2.94281	185.369	0	
151.066	-1.75189	234.138	0	
150.233	-2.05915	232.427	0	
124.963	-3.24559	198.957	0	
152.463	-3.24559	213.104	0	
124.161	-1.78555	193.004	0	
124.025	-2.84652	195.335	0	
116.25	-1.02905	173.895	0	
118.016	-2.19037	182.123	0	
117.463	-3.24559	189.313	0	
114.672	-2.00504	176.818	0	
-136.287	-3.24559	233.671	0	
-66.0826	-3.79821	218.892	0	
-119.589	-1.78555	190.269	0	
-119.725	-2.84652	179.611	0	
-87.8202	-2.91409	187.225	0	
-80.2083	-2.01633	198.476	0	
-92.684	-1.75189	180.609	0	
-93.5173	-2.05915	192.801	0	
-150.208	-2.01633	276.988	0	
-140.12	-4.31165	249.067	0	
-127.138	-1.54577	198.905	0	
-126.288	-3.13655	215.668	0	
-17.3326	-3.79821	218.547	0	
9.62811	-4.98343	182.853	0	
-22.0887	-1.78555	219.701	0	
-22.2251	-2.84652	214.48	0	
9.67981	-2.91409	181.889	0	
17.2917	-2.01633	183.948	0	
4.81598	-1.75189	191.542	0	
3.98265	-2.05915	193.197	0	
-43.9583	-3.47328	222.684	0	
-42.6197	-4.31165	231.378	0	
-29.6376	-1.54577	218.793	0	
-28.7878	-3.13655	233.437	0	
-83.4261	-3.92482	213.272	0	
-87.8719	-4.98343	211.917	0	
-78.3387	-1.78555	203.046	0	
-78.4751	-2.84652	207.406	0	
110.744	-2.06993	176.594	0	
108.705	-2.8545	182.573	0	
107.292	-2.01633	171.173	0	
105.93	-2.91409	173.712	0	
101.066	-1.75189	170.597	0	
100.233	-2.05915	178.701	0	
78.9174	-3.79821	223.947	0	
128.917	-3.79821	206.318	0	
74.1613	-1.78555	235.87	0	
74.0249	-2.84652	238.477	0	
53.5417	-3.47328	226.715	0	
54.8803	-4.31165	220.906	0	
23.9174	-3.79821	194.365	0	
6.21255	-3.24559	184.759	0	
19.1613	-1.78555	184.504	0	
19.0249	-2.84652	184.992	0	
146.906	-3.51902	243.851	0	
175.818	-8.94432	293.362	0	
112.679	-3.08731	180.891	0	
121.417	-3.79821	194.088	0	
116.661	-1.78555	179.902	0	
116.525	-2.84652	179.855	0	
-138.605	-3.88818	234.313	0	
-123.385	-4.48196	208.688	0	
-113.607	-3.89079	205.218	0	
-91.2875	-3.24559	206.333	0	
-128.58	-3.14785	193.744	0	
-139.774	-5.38006	264.943	0	
-41.1052	-3.88818	221.614	0	
-25.8847	-4.48196	220.276	0	
-16.1071	-3.89079	215.203	0	
19.9625	-3.24559	187.961	0	
-31.0796	-3.14785	220.407	0	
-42.2738	-5.38006	237.561	0	
-95.6393	-4.06622	196.543	0	
-77.5375	-3.24559	211.738	0	
76.5929	-4.23242	223.212	0	
102.463	-3.24559	180.764	0	
66.9495	-4.25718	241.738	0	
56.3948	-3.88818	232.229	0	
1.86074	-4.06622	196.368	0	
14.0739	-3.92482	186.58	0	
96.9055	-3.51902	189.433	0	
109.39	-4.06799	185.655	0	
41.0417	-2.72654	222.242	0	
40.2083	-2.72654	219.057	0	
-145.337	-2.94281	233.606	0	
-142.292	-3.47328	242.459	0	
-157.708	-1.16463	216.067	0	
-167.502	-5.81125	394.346	0	
-151.458	-2.72654	277.812	0	
-149.747	-2.80091	267.636	0	
-155.26	-5.35468	294.301	0	
-153.958	-2.72654	280.839	0	
-47.8373	-2.94281	217.72	0	
-44.7917	-3.47328	223.24	0	
-53.9583	-2.72654	218.34	0	
-52.7083	-2.01633	212.023	0	
-51.2946	-2.8545	217.406	0	
-52.2473	-2.80091	215.091	0	
-60.2159	-3.06466	215.883	0	
-60.2085	-5.36053	238.818	0	
-67.7159	-3.06466	214.691	0	
-64.5113	-3.00667	210.733	0	
49.6627	-2.94281	226.866	0	
52.7083	-3.47328	227.28	0	
42.2917	-2.01633	227.035	0	
38.8316	-3.68836	215.776	0	
38.4298	-2.91409	225.078	0	
42.7083	-2.72654	224.697	0	
29.7841	-3.06466	190.032	0	
32.9887	-3.00667	201.982	0	
139.747	-2.80091	223.654	0	
141.503	-2.80091	226.034	0	
127.284	-3.06466	200.736	0	
130.489	-3.00667	202.341	0	
-116.466	-3.06466	187.029	0	
-113.261	-3.00667	182.382	0	
-88.9659	-3.06466	192.112	0	
-88.9594	-5.36183	233.731	0	
-104.003	-2.80091	177.218	0	
-102.247	-2.80091	174.333	0	
-141.458	-2.01633	220.432	0	
-138.261	-3.00667	230.624	0	
-144.94	-3.72538	249.724	0	
-141.042	-2.72654	233.203	0	
-18.9659	-3.06466	218.296	0	
-15.7613	-3.00667	215.896	0	
8.53409	-3.06466	186.647	0	
8.54056	-5.36183	189.345	0	
-6.50269	-2.80091	215.911	0	
-4.74731	-2.80091	214.128	0	
-43.9583	-2.01633	209.446	0	
-40.7613	-3.00667	209.485	0	
-47.44	-3.72538	227.705	0	
-43.5417	-2.72654	213.472	0	
-75.2159	-3.06466	204.34	0	
-72.0113	-3.00667	204.321	0	
104.784	-3.06466	174.379	0	
104.791	-5.36183	188.485	0	
89.7473	-2.80091	188.28	0	
91.5027	-2.80091	187.656	0	
77.2841	-3.06466	233.993	0	
80.4887	-3.00667	217.756	0	
53.5417	-2.01633	229.62	0	
56.7387	-3.00667	240.583	0	
50.06	-3.72538	224.146	0	
53.9583	-2.72654	231.545	0	
22.2841	-3.06466	186.742	0	
25.4887	-3.00667	196.78	0	
119.784	-3.06466	185.747	0	
122.989	-3.00667	189.755	0	
-82.7179	-2.99641	196.665	0	
-79.5113	-3.00667	203.099	0	
14.7821	-2.99641	181.883	0	
17.9887	-3.00667	185.893	0	
148.794	-2.85377	239.136	0	
151.549	-3.13784	224.393	0	
-94.9558	-2.85377	193.639	0	
-92.2008	-3.13784	185.909	0	
2.54418	-2.85377	201.123	0	
5.29924	-3.13784	192.214	0	
98.7942	-2.85377	187.266	0	
101.549	-3.13784	175.235	0	
47.8239	-3.92482	215.03	0	
52.2917	-2.72654	227.63	0	
-150.162	-3.55114	275.138	0	
-149.731	-4.40508	283.965	0	
-156.648	-3.04538	263.154	0	
-162.586	-7.77018	395.333	0	
-151.873	-3.97501	282.221	0	
-148.253	-3.78292	263.999	0	
-191.185	-10.7108	480.46	0	
-152.708	-3.47328	279.44	0	
-141.458	-3.47328	232.633	0	
-53.5398	-3.47677	221.68	0	
-52.2309	-4.40508	238.805	0	
-56.4583	-2.72654	217.996	0	
-52.6621	-3.55114	224.046	0	
-57.7232	-3.50081	221.298	0	
-50.7527	-3.78292	226.177	0	
-59.0702	-2.91409	213.916	0	
-58.6684	-3.68836	225.513	0	
-56.8899	-3.99904	231.748	0	
-55.2083	-3.47328	220.514	0	
-67.8478	-5.56717	232.007	0	
-64.264	-5.46522	244.574	0	
46.2054	-2.8545	227.669	0	
45.2691	-4.40508	214.411	0	
43.5417	-2.72654	225.783	0	
44.8379	-3.55114	224.456	0	
40.6101	-3.99904	213.23	0	
43.9602	-3.47677	225.983	0	
41.4583	-3.47328	221.821	0	
39.7768	-3.50081	222.611	0	
29.6522	-5.56717	195.511	0	
33.236	-5.46522	197.308	0	
139.063	-5.39772	217.985	0	
142.455	-2.8545	230.241	0	
138.11	-4.06799	224.208	0	
150.468	-3.59669	221.016	0	
127.152	-5.56717	213.107	0	
126.593	-4.23242	209.328	0	
-116.598	-5.56717	238.265	0	
-117.157	-4.23242	214.755	0	
-87.4178	-3.68916	205.996	0	
-84.5027	-3.78292	204.336	0	
-85.9952	-4.42757	216.233	0	
-81.1036	-3.83222	211.009	0	
-104.687	-5.39772	252.541	0	
-101.295	-2.8545	187.533	0	
-105.64	-4.06799	196.838	0	
-93.2818	-3.59669	220.28	0	
-143.978	-3.50911	239.987	0	
-140.208	-2.72654	221.357	0	
-143.564	-4.19254	254.808	0	
-139.719	-3.60804	238.608	0	
-19.0978	-5.56717	230.703	0	
-19.6571	-4.23242	227.471	0	
10.0822	-3.68916	186.516	0	
12.9973	-3.78292	185.344	0	
11.5048	-4.42757	186.601	0	
16.3964	-3.83222	187.599	0	
-7.1871	-5.39772	191.531	0	
-3.79459	-2.8545	203.986	0	
-8.13982	-4.06799	196.266	0	
4.21822	-3.59669	188.606	0	
-46.4777	-3.50911	227.438	0	
-42.7083	-2.72654	215.738	0	
-46.0637	-4.19254	233.194	0	
-42.2189	-3.60804	215.506	0	
-75.3478	-5.56717	231.895	0	
-79.2613	-5.47929	246.074	0	
106.332	-3.68916	182.614	0	
111.252	-3.08731	181.42	0	
105.878	-4.98343	187.054	0	
107.322	-3.57598	182.119	0	
89.0629	-5.39772	209.202	0	
92.4554	-2.8545	185.084	0	
88.1102	-4.06799	193.821	0	
100.468	-3.59669	189.5	0	
77.1522	-5.56717	227.647	0	
73.1505	-5.31383	221.148	0	
51.0223	-3.50911	224.048	0	
54.7917	-2.72654	230.974	0	
51.4363	-4.19254	220.323	0	
55.2811	-3.60804	233.904	0	
22.1522	-5.56717	193.756	0	
18.2387	-5.47929	191.705	0	
119.652	-5.56717	202.192	0	
120.831	-5.28353	207.007	0	
-86.4282	-3.57598	200.027	0	
-89.651	-4.21812	206.351	0	
11.0718	-3.57598	182.524	0	
7.84897	-4.21812	182.3	0	
145.626	-4.43041	227.051	0	
140.625	-4.73217	228.213	0	
-98.124	-4.43041	211.378	0	
-103.125	-4.73217	198.589	0	
-0.624027	-4.43041	188.035	0	
-5.625	-4.73217	194.114	0	
95.626	-4.43041	201.86	0	
90.625	-4.73217	194.392	0	
-152.334	-5.62943	303.75	0	
-147.176	-3.92482	264.41	0	
-153.965	-4.16242	289.157	0	
-83.4597	-6.17559	253.903	0	
-155.246	-3.54331	280.429	0	
-154.836	-4.23245	286.157	0	
-153.453	-5.20944	298.167	0	
-148.774	-4.58327	286.197	0	
-82.8931	-5.00841	223.867	0	
-49.6761	-3.92482	232.194	0	
-54.3731	-3.97501	232.594	0	
14.0403	-6.17559	191.572	0	
-60.9011	-4.21822	223.605	0	
-54.3047	-5.11624	246.076	0	
-59.1215	-4.98124	236.866	0	
-55.5387	-5.90518	250.286	0	
14.6069	-5.00841	188.669	0	
115.662	-5.33933	199.904	0	
36.5989	-4.21822	219.305	0	
38.3785	-4.98124	217.573	0	
42.2917	-3.47328	224.136	0	
40.628	-5.06466	215.565	0	
41.9613	-5.90518	202.619	0	
43.1269	-3.97501	217.753	0	
130.143	-3.89079	214.484	0	
182.973	-1.7361	310.319	0	
128.331	-5.28353	215.368	0	
142.187	-5.39772	226.014	0	
-96.8445	-3.51902	189.535	0	
-94.973	-5.11846	246.805	0	
-150.329	-5.21478	289.101	0	
-64.8571	-3.89079	221.903	0	
-154.177	-7.51666	353.954	0	
-44.707	-5.1949	242.193	0	
-146.477	-5.20289	271.454	0	
-142.711	-4.15672	250.872	0	
-148.323	-5.70833	285.067	0	
-141.026	-4.17689	253.338	0	
-145.313	-5.59213	292.937	0	
-142.015	-8.22246	374.481	0	
0.655509	-3.51902	202.83	0	
2.52695	-5.11846	188.234	0	
-51.2742	-4.58327	239.433	0	
32.6429	-3.89079	202.099	0	
-41.3858	-5.74538	254.98	0	
82.8784	-4.52398	210.464	0	
-48.9766	-5.20289	242.074	0	
-45.211	-4.15672	234.533	0	
-50.8234	-5.70833	247.75	0	
-43.5258	-4.17689	229.23	0	
-47.8132	-5.59213	256.534	0	
-44.5151	-8.22246	284.972	0	
98.777	-5.11846	200.768	0	
109.178	-6.60412	196.635	0	
104.099	-4.21812	181.438	0	
107.793	-4.50658	189.266	0	
43.1953	-5.11624	214.408	0	
52.793	-5.1949	210.999	0	
62.5324	-3.06872	246.277	0	
98.1107	-4.06622	188.325	0	
48.5234	-5.20289	216.544	0	
52.289	-4.15672	218.335	0	
46.6766	-5.70833	210.732	0	
53.9742	-4.17689	222.061	0	
46.2258	-4.58327	210.296	0	
55.2262	-5.38006	219.076	0	
-85.0224	-4.58092	223.089	0	
-84.5124	-5.89001	237.995	0	
12.4776	-4.58092	186.947	0	
12.9876	-5.89001	189.14	0	
-156.277	-5.20944	311.596	0	
-142.207	-5.1949	268.824	0	
-157.69	-2.6252	246.11	0	
-172.708	-13.7022	489.069	0	
-154.294	-6.05848	317.938	0	
-74.1691	-5.28353	242.992	0	
-174.419	-18.3249	521.11	0	
-52.1302	-6.3947	266.268	0	
-56.872	-5.06466	244.321	0	
-53.0402	-5.47194	243.464	0	
-110.872	-4.52398	207.751	0	
23.3309	-5.28353	197.944	0	
-13.3716	-4.52398	205.334	0	
108.908	-4.945	197.491	0	
44.4598	-5.47194	213.447	0	
49.6868	-5.59213	195.376	0	
130.736	-5.46522	213.406	0	
135.406	-8.75328	226.783	0	
-138.886	-5.74538	292.176	0	
-143.191	-7.03622	321.94	0	
-91.7489	-6.89898	272.936	0	
-92.1496	-5.26597	254.769	0	
-147.102	-6.18605	313.104	0	
-126.517	-4.32001	220.393	0	
-144.901	-4.79453	261.78	0	
-143.942	-5.03664	266.627	0	
-144.543	-7.10465	313.289	0	
-143.002	-5.76581	287.346	0	
-146.668	-7.76797	334.447	0	
-130.669	-4.37754	208.533	0	
-141.355	-5.21507	261.599	0	
-140.593	-6.0103	300.007	0	
-29.0174	-4.32001	240.896	0	
45.3698	-6.3947	181.315	0	
5.75113	-6.89898	189.97	0	
5.35038	-5.26597	183.003	0	
-65.5474	-6.44535	246.445	0	
-49.6024	-6.18605	261.719	0	
-47.4014	-4.79453	238.501	0	
-46.4417	-5.03664	242.748	0	
-47.0429	-7.10465	262.043	0	
-45.5017	-5.76581	251.863	0	
-49.1682	-7.76797	269.131	0	
-33.1694	-4.37754	227.888	0	
-43.8551	-5.21507	238.535	0	
-43.0926	-6.0103	256.364	0	
70.9983	-4.16217	228.351	0	
132.878	-4.52398	211.841	0	
106.877	-5.50143	191.989	0	
107.622	-6.93342	207.867	0	
98.3176	-7.15932	196.479	0	
101.6	-5.26597	195.883	0	
31.9526	-6.44535	198.333	0	
47.8976	-6.18605	186.304	0	
50.0986	-4.79453	217.246	0	
51.0583	-5.03664	210.974	0	
50.4571	-7.10465	187.803	0	
51.9983	-5.76581	199.532	0	
48.3318	-7.76797	182.15	0	
66.1611	-2.93321	246.344	0	
53.6449	-5.21507	217.117	0	
54.4074	-6.0103	192.102	0	
-86.9104	-5.42242	236.624	0	
-85.925	-6.50437	261.02	0	
10.5896	-5.42242	188.193	0	
11.575	-6.50437	192.346	0	
-151.678	-7.28627	337.145	0	
-149.419	-6.13754	325.332	0	
-62.2642	-6.91889	264.467	0	
-45.691	-7.03622	270.27	0	
35.2358	-6.91889	197.09	0	
51.809	-7.03622	180.134	0	
-159.418	-5.09998	306.021	0	
-115.419	-5.28353	224.482	0	
-150.027	-7.43868	332.591	0	
-113.014	-5.46522	225.447	0	
-135.879	-4.50999	224.348	0	
-127.822	-4.41078	227.866	0	
-60.8105	-6.63734	254.852	0	
-17.9191	-5.28353	224.639	0	
-54.0799	-8.70786	288.354	0	
-41.8296	-8.37487	299.927	0	
-38.3792	-4.50999	218.875	0	
-30.3219	-4.41078	241.468	0	
36.6895	-6.63734	206.239	0	
64.1709	-9.10125	140.431	0	
43.4201	-8.70786	155.383	0	
80.736	-5.46522	220.263	0	
65.625	-5.27905	211.361	0	
56.882	-4.95711	224.45	0	
-95.4324	-7.15932	272.919	0	
-145.272	-8.29733	389.258	0	
2.06757	-7.15932	187.629	0	
-15.514	-5.46522	219.505	0	
150.157	-4.6597	219.06	0	
158.883	-2.50461	168.381	0	
-133.429	-3.7302	200.395	0	
-140.644	-7.56208	323.581	0	
-35.9287	-3.7302	210.644	0	
-43.1439	-7.56208	270.336	0	
64.3005	-4.25718	248.084	0	
70.182	-3.08143	241.543	0	
-163.828	-1.26356	326.464	0	
-161.384	-5.37393	310.758	0	
102.001	-6.89898	196.082	0	
156.615	-8.65111	185.93	0	
-152.68	-8.32445	371.235	0	
-116.856	-9.69507	417.813	0	
-138.39	-7.18841	308.222	0	
-136.875	-6.99919	330.732	0	
-40.8903	-7.18841	263.94	0	
-39.375	-6.99919	279.716	0	
61.6412	-5.44334	211.994	0	
59.1208	-4.50999	239.558	0	
-82.5848	-7.52916	286.06	0	
-79.8609	-3.89608	221.669	0	
14.9152	-7.52916	198.619	0	
17.6391	-3.89608	189.397	0	
157.5	-0.496475	159.978	0	
158.137	-3.45571	189.655	0	
58.125	-6.99919	189.174	0	
80.1429	-3.89079	215.11	0	
59.6698	-8.44515	160.065	0	
61.6464	-7.44458	208.161	0	
-165.21	-0.654241	343.047	0	
-168.752	-1.0755	390.66	0	
-144.58	-10.5411	435.946	0	
-139.33	-8.37487	395.283	0	
-130.155	-5.65761	282.628	0	
-131.986	-3.63323	215.983	0	
-47.772	-8.29733	294.82	0	
-19.3558	-9.69507	290.508	0	
-32.6553	-5.65761	273.432	0	
-34.4857	-3.63323	224.509	0	
56.6097	-7.18841	196.66	0	
54.3561	-7.56208	184.784	0	
49.728	-8.29733	141.814	0	
55.6704	-8.37487	143.381	0	
-159.875	-1.43189	214.599	0	
-159.023	-2.89246	257.448	0	
156.838	-2.74918	170.698	0	
158.625	-1.12992	178.649	0	
142.731	-7.46803	224.311	0	
176.853	-1.43582	285.157	0	
-68.4071	-4.23242	226.322	0	
-66.6691	-5.28353	237.151	0	
-75.4167	-10.3326	342.158	0	
-59.8646	-8.3096	274.417	0	
-72.3571	-3.89079	219.658	0	
-69.2262	-6.72899	269.786	0	
29.0929	-4.23242	198.65	0	
30.8309	-5.28353	196.752	0	
22.0833	-10.3326	215.002	0	
37.6354	-8.3096	189.332	0	
25.1429	-3.89079	199.745	0	
28.2738	-6.72899	202.843	0	
122.643	-3.89079	202.339	0	
129.453	-6.44535	221.225	0	
121.742	-9.23105	227.637	0	
161.145	-8.54365	194.733	0	
127.477	-10.2966	225.347	0	
190.319	-2.08076	331.165	0	
-118.505	-7.54588	360.115	0	
-114.297	-6.44535	294.059	0	
-89.8332	-7.08742	282.763	0	
-101.019	-7.46803	269.783	0	
-117.858	-6.4267	261.405	0	
-140.887	-12.3828	519.698	0	
-21.0052	-7.54588	279.775	0	
-16.7974	-6.44535	230.644	0	
7.66684	-7.08742	183.356	0	
-3.51913	-7.46803	177.009	0	
-20.3582	-6.4267	245.909	0	
-43.3872	-12.3828	335.426	0	
-75.9071	-4.23242	229.093	0	
-73.0474	-6.44535	250.359	0	
-69.2388	-9.20929	318.441	0	
-71.764	-5.46522	242.616	0	
-76.7196	-6.73778	283.001	0	
-77.2148	-8.98906	341.241	0	
78.3309	-5.28353	220.178	0	
79.4526	-6.44535	211.413	0	
92.1871	-5.39772	201.657	0	
92.7309	-7.46803	204.312	0	
74.5596	-5.40086	213.618	0	
78.9296	-9.08967	214.064	0	
21.5929	-4.23242	193.028	0	
24.4526	-6.44535	203.235	0	
28.2612	-9.20929	196.327	0	
25.736	-5.46522	198.731	0	
20.7804	-6.73778	202.504	0	
20.2852	-8.98906	202.136	0	
119.093	-4.23242	198.638	0	
121.953	-6.44535	217.338	0	
125.774	-6.72899	217.952	0	
123.236	-5.46522	207.096	0	
117.071	-5.42633	206.944	0	
119.463	-9.6316	225.653	0	
-81.7013	-4.9694	237.704	0	
-80.556	-6.11128	249.837	0	
-80.8729	-7.50385	296.232	0	
-79.3782	-9.53722	341.662	0	
15.7987	-4.9694	190.567	0	
16.944	-6.11128	195.442	0	
16.6271	-7.50385	197.083	0	
18.1218	-9.53722	208.451	0	
110.83	-7.47425	219.808	0	
113.496	-4.16808	191.005	0	
-62.1755	-4.31081	231.548	0	
-62.9367	-5.73467	234.138	0	
35.3245	-4.31081	207.614	0	
34.5633	-5.73467	209.636	0	
103.261	-12.2612	208.007	0	
182.587	-9.32682	321.77	0	
-90.9255	-4.31071	205.379	0	
-93.5926	-4.6597	205.77	0	
-98.7859	-7.04865	261.827	0	
-101.563	-5.39772	248.672	0	
6.5745	-4.31071	190.985	0	
3.9074	-4.6597	192.858	0	
-1.2859	-7.04865	185.902	0	
-4.0629	-5.39772	185.872	0	
102.825	-4.31071	182.597	0	
100.157	-4.6597	186.757	0	
94.9641	-7.04865	196.453	0	
103.917	-7.08742	200.187	0	
-152.611	-10.7469	438.615	0	
-57.0477	-8.8546	284.083	0	
-120.785	-10.9617	505.278	0	
-47.0799	-10.5411	298.924	0	
-55.5733	-7.64358	272.244	0	
40.4523	-8.8546	172.578	0	
-60.6604	-12.2385	322.534	0	
50.4201	-10.5411	131.038	0	
-23.2851	-10.9617	356.794	0	
76.754	-9.39498	206.591	0	
36.8396	-12.2385	154.978	0	
104.806	-9.69773	210.347	0	
-128.573	-5.59388	267.504	0	
-119.075	-5.44657	255.17	0	
-31.0728	-5.59388	272.503	0	
-21.5748	-5.44657	244.578	0	
68.7541	-3.08143	242.467	0	
69.7027	-6.04201	213.065	0	
-173.002	-1.19333	427.465	0	
-162.298	-3.27925	309.86	0	
-134.862	-8.42353	390.482	0	
-132.922	-7.42565	313.331	0	
-37.3619	-8.42353	316.735	0	
-35.4215	-7.42565	280.299	0	
156.942	-6.29348	207.241	0	
167.502	-1.68071	228.269	0	
144.964	-7.04865	237.833	0	
194.592	-4.57815	346.022	0	
-69.6816	-4.325	231.517	0	
-70.4428	-5.74886	233.124	0	
27.8184	-4.325	198.316	0	
27.0572	-5.74886	200.486	0	
125.318	-4.325	207.648	0	
124.557	-5.74886	214.408	0	
133.174	-8.16642	217.365	0	
135.504	-5.34905	219.802	0	
-118.432	-4.325	214.484	0	
-121.558	-4.58212	212.691	0	
-110.576	-8.16642	356.596	0	
-108.246	-5.34905	228.836	0	
-20.9316	-4.325	226.334	0	
-24.0584	-4.58212	226.062	0	
-13.0757	-8.16642	227.746	0	
-10.746	-5.34905	187.592	0	
-77.1816	-4.325	234.789	0	
-77.9362	-5.75765	242.984	0	
75.3184	-4.325	232.433	0	
72.4356	-4.14101	231.044	0	
83.1743	-8.16642	222.329	0	
85.504	-5.34905	195.506	0	
20.3184	-4.325	191.608	0	
19.5638	-5.75765	193.998	0	
117.818	-4.325	191.753	0	
114.936	-4.14103	191.194	0	
-88.9774	-8.66503	326.969	0	
-86.6041	-8.13534	334.881	0	
8.52255	-8.66503	193.586	0	
10.8959	-8.13534	191.886	0	
112.168	-10.3069	210.91	0	
118.495	-7.12954	222.601	0	
113.238	-5.91521	203.358	0	
115.419	-7.77759	216.787	0	
-64.8214	-8.68669	302.497	0	
-62.8655	-8.89079	273.778	0	
32.6786	-8.68669	190.91	0	
34.6345	-8.89079	194.876	0	
-61.1145	-9.89368	297.863	0	
-90.0051	-12.6851	479.305	0	
-26.6509	-8.94098	330.694	0	
7.49494	-12.6851	184.912	0	
46.941	-8.79126	143.73	0	
129.242	-9.23105	221.845	0	
54.1128	-12.3828	87.2736	0	
76.0981	-7.0343	203.458	0	
70.9806	-5.79877	224.746	0	
73.2508	-7.54635	184.405	0	
-166.079	-8.06741	419.117	0	
-157.675	-6.42851	310.881	0	
150.595	-7.57725	192.947	0	
198.713	-12.5666	350.932	0	
-124.151	-8.94098	415.292	0	
-114.508	-9.23105	398.613	0	
-50.559	-8.79126	290.621	0	
-17.0079	-9.23105	267.569	0	
98.2113	-13.5521	201.184	0	
160.378	-5.98324	204.378	0	
-93.6512	-8.33358	345.24	0	
41.9267	-7.64358	192.763	0	
3.84876	-8.33358	176.745	0	
58.5709	-11.1429	107.569	0	
70.3765	-10.677	140.99	0	
68.9954	-8.27657	197.731	0	
92.8279	-13.8833	211.877	0	
215.861	-6.59265	355.916	0	
114.588	-6.63488	204.381	0	
117.188	-6.89612	205.303	0	
-142.675	-10.5347	460.942	0	
36.3855	-9.89368	184.733	0	
15.0411	-11.9339	210.134	0	
100.099	-8.33358	208.897	0	
72.3164	-6.49884	224.012	0	
74.78	-6.77541	225.81	0	
-125.008	-5.44279	274.132	0	
-129.35	-9.00121	449.249	0	
-27.5075	-5.44279	265.969	0	
-31.85	-9.00121	364.957	0	
136.3	-6.99449	215.109	0	
148.318	-7.15932	229.549	0	
134.209	-4.53464	213.819	0	
136.849	-4.28441	213.427	0	
-108.344	-8.75328	360.071	0	
-107.45	-6.99449	302.785	0	
-109.541	-4.53464	196.573	0	
-106.901	-4.28441	203.957	0	
-10.8444	-8.75328	187.944	0	
-9.9496	-6.99449	200.598	0	
-12.0407	-4.53464	200.092	0	
-9.40082	-4.28441	201.505	0	
85.4056	-8.75328	189.245	0	
81.2702	-10.3281	180.222	0	
84.2093	-4.53464	200.458	0	
86.8492	-4.28441	204.959	0	
-58.1585	-5.8593	250.773	0	
-58.2996	-7.91085	268.387	0	
39.3415	-5.8593	202.984	0	
39.2004	-7.91085	201.386	0	
-153.991	-11.7103	457.115	0	
-155.613	-8.50548	367.233	0	
60.4506	-4.51844	246.371	0	
62.9939	-4.39269	246.67	0	
-178.103	-1.44749	448.917	0	
-173.839	-5.64205	450.913	0	
-131.055	-7.65507	334.949	0	
-127.759	-7.52237	316.571	0	
-33.5546	-7.65507	306.14	0	
-30.2592	-7.52237	296.035	0	
-125.498	-7.46205	323.247	0	
-83.3496	-9.59591	389.331	0	
-27.9984	-7.46205	305.556	0	
14.1504	-9.59591	200.072	0	
86.3004	-6.99449	220.547	0	
150.055	-12.7198	176.239	0	
-120.728	-5.80066	265.763	0	
-120.68	-7.33391	303.78	0	
-23.2279	-5.80066	247.716	0	
-23.1798	-7.33391	271.275	0	
72.7416	-9.79585	198.068	0	
159.171	-10.2877	217.087	0	
-54.5306	-11.2795	299.166	0	
-52.3001	-7.89572	271.806	0	
42.9694	-11.2795	153.59	0	
45.1999	-7.89572	187.124	0	
-138.913	-10.8834	453.764	0	
-82.4589	-11.9339	414.118	0	
-45.1748	-10.5347	320.45	0	
-41.4132	-10.8834	330.337	0	
-135.961	-11.1213	499.201	0	
-121.786	-8.55513	434.039	0	
-38.4607	-11.1213	359.407	0	
-24.2856	-8.55513	336.041	0	
52.3252	-10.5347	114.722	0	
56.0868	-10.8834	132.649	0	
-150.634	-12.2646	504.134	0	
-118.03	-11.8896	574.826	0	
-73.2205	-8.73643	324.409	0	
-3.42296	-13.8421	194.767	0	
24.2795	-8.73643	201.213	0	
140.145	-11.4398	229.42	0	
-85.9091	-14.035	528.591	0	
-66.535	-10.5118	314.474	0	
11.5909	-14.035	210.763	0	
30.965	-10.5118	203.686	0	
-97.4745	-8.42323	358.135	0	
-112.167	-10.4695	459.793	0	
0.0255294	-8.42323	172.432	0	
-14.6674	-10.4695	229.647	0	
-164.41	-13.599	474.449	0	
-187.785	-3.81496	489.895	0	
74.9266	-11.3856	146.835	0	
65.2154	-13.6039	99.288	0	
146.276	-8.42323	199.197	0	
129.263	-24.2646	155.384	0	
114.751	-10.3233	226.018	0	
71.4242	-17.4153	76.0698	0	
-134.098	-13.8532	632.969	0	
-97.9517	-12.0229	503.154	0	
-36.5975	-13.8532	430.502	0	
-0.451702	-12.0229	188.591	0	
90.1455	-11.4398	183.062	0	
96.2755	-8.42323	214.026	0	
-56.6144	-11.5018	306.141	0	
-50.5379	-10.963	304.499	0	
40.8856	-11.5018	142.529	0	
46.9621	-10.963	129.66	0	
-148.571	-10.8319	444.046	0	
-48.1756	-15.7705	342.079	0	
-154.889	-14.3905	517.248	0	
-147.97	-17.6816	646.974	0	
-48.4549	-12.1835	330.926	0	
-45.013	-15.9763	385.296	0	
49.0451	-12.1835	89.9134	0	
131.583	-10.4695	221.882	0	
-159.3	-10.3101	418.981	0	
-155.495	-10.2766	428.775	0	
54.7007	-19.2086	45.6072	0	
125.71	-8.44973	225.767	0	
-100.923	-13.8421	614.341	0	
49.3244	-15.7705	79.579	0	
10.7483	-12.069	193.905	0	
128.01	-15.8868	198.286	0	
-150.446	-24.58	693.677	0	
-157.754	-11.6412	461.213	0	
-157.617	-14.2078	502.502	0	
-167.607	-12.1717	476.493	0	
-142.499	-15.3422	626.068	0	
163.886	-7.81396	229.153	0	
174.226	-2.69569	266.611	0	
118.732	-15.6842	199.153	0	
142.828	-13.8833	171.111	0	
-86.6409	-16.373	559.69	0	
-65.7541	-13.472	368.13	0	
10.8591	-16.373	198.142	0	
31.7459	-13.472	172.211	0	
-184.223	-1.73373	458.926	0	
-161.745	-10.4642	439.438	0	
-105.152	-7.25958	275.726	0	
-111.405	-13.4554	600.865	0	
-7.65167	-7.25958	179.277	0	
-13.9051	-13.4554	291.019	0	
88.5983	-7.25958	195.071	0	
81.7838	-13.563	208.703	0	
138.598	-7.25958	229.493	0	
131.153	-14.6103	201.743	0	
-130.23	-12.4755	549.934	0	
-125.008	-12.0914	541.788	0	
-32.73	-12.4755	400.809	0	
-27.5081	-12.0914	395.312	0	
-78.8414	-14.5362	466.016	0	
-71.2546	-10.6507	336.976	0	
18.6586	-14.5362	209.087	0	
26.2454	-10.6507	210.294	0	
-92.6578	-11.3921	477.533	0	
-85.4292	-10.045	360.789	0	
4.84222	-11.3921	195.51	0	
12.0708	-10.045	201.423	0	
137.145	-11.7939	200.338	0	
140.704	-8.66433	206.315	0	
117.489	-11.9439	232.726	0	
126.674	-12.8115	214.278	0	
-106.605	-11.7939	486.814	0	
-103.046	-8.66433	391.001	0	
-145.757	-15.2052	574.573	0	
-103.605	-11.4398	512.18	0	
-9.10523	-11.7939	210.812	0	
-5.5458	-8.66433	185.273	0	
-20.5299	-11.8896	358.194	0	
-6.10455	-11.4398	185.497	0	
87.1448	-11.7939	228.328	0	
90.7042	-8.66433	219.493	0	
-52.7296	-12.6391	322.967	0	
-51.3189	-16.133	356.59	0	
44.7704	-12.6391	96.06	0	
46.1811	-16.133	80.054	0	
66.2607	-7.66183	208.071	0	
61.592	-14.645	70.2691	0	
39.4104	-13.2995	136.812	0	
145.799	-12.064	229.428	0	
-58.0896	-13.2995	332.534	0	
-86.7517	-12.069	432.446	0	
-76.2221	-13.5164	442.585	0	
2.5838	-13.8175	176.498	0	
-94.9162	-13.8175	554.141	0	
-80.1994	-11.9005	429.953	0	
-57.6835	-17.1843	356.086	0	
17.3006	-11.9005	207.521	0	
95.7992	-12.064	186.971	0	
142.263	-32.8139	175.705	0	
123.657	-10.3857	231.277	0	
124.174	-12.8115	213.582	0	
-116.81	-16.0011	692.231	0	
-106.911	-18.7727	769.225	0	
-122.648	-13.347	635.445	0	
-120.289	-17.0036	738.544	0	
-19.3105	-16.0011	398.616	0	
-9.41138	-18.7727	276.75	0	
-25.1485	-13.347	407.989	0	
-22.7891	-17.0036	457.868	0	
21.2779	-13.5164	202.633	0	
52.487	-15.9763	51.2339	0	
-88.8748	-11.0032	444.23	0	
-88.6138	-16.0889	623.442	0	
8.62524	-11.0032	199.772	0	
8.88623	-16.0889	216.867	0	
100.469	-11.0855	197.655	0	
122.403	-15.8868	205.517	0	
-102.761	-18.776	793.466	0	
39.8165	-17.1843	102.732	0	
-30.5151	-14.406	474.042	0	
68.6863	-14.565	122.885	0	
-84.2433	-18.71	655.372	0	
-83.6959	-14.349	522.616	0	
13.2567	-18.71	216.345	0	
13.8041	-14.349	206.499	0	
-128.015	-14.406	723.856	0	
-1.46149	-20.9398	246.734	0	
-82.3706	-17.1144	546.424	0	
-77.1404	-18.8236	528.614	0	
-34.8448	-22.1714	548.453	0	
103.857	-15.3762	180.776	0	
15.1294	-17.1144	203.828	0	
20.3596	-18.8236	195.007	0	
-71.9341	-14.5113	426.265	0	
-62.81	-14.1067	344.363	0	
25.5659	-14.5113	191.268	0	
34.69	-14.1067	166.125	0	
-170.722	-5.27006	409.611	0	
-175.476	-2.64081	429.39	0	
166.993	-9.3581	232.903	0	
179.821	-3.17192	311.083	0	
-191.569	-2.08123	459.635	0	
-180.704	-8.04338	461.095	0	
-53.6684	-18.9989	382.775	0	
-5.26069	-18.776	239.801	0	
43.8316	-18.9989	55.7563	0	
133.843	-20.6746	182.238	0	
-108.074	-14.1929	663.066	0	
-94.0883	-17.8006	712.857	0	
-10.5743	-14.1929	253.687	0	
3.41174	-17.8006	221.921	0	
134.484	-15.3478	191.925	0	
159.298	-32.6901	234.606	0	
75.2994	-15.1171	155.312	0	
125.206	-18.1807	186.98	0	
110.084	-14.9563	187.78	0	
167.645	-28.0136	298.196	0	
85.4271	-14.4419	153.021	0	
44.9695	-27.6829	42.1851	0	
-76.3835	-22.9609	665.32	0	
-62.2534	-16.8341	388.119	0	
21.1165	-22.9609	178.836	0	
35.2466	-16.8341	127.307	0	
-69.1374	-16.0301	406.628	0	
-59.6977	-18.8508	390.823	0	
28.3626	-16.0301	187.146	0	
37.8023	-18.8508	107.709	0	
-181.071	-3.18122	487.577	0	
-176.1	-9.31089	482.349	0	
170.302	-6.68287	251.402	0	
173.419	-6.43797	274.403	0	
159.128	-14.7127	198.954	0	
164.209	-14.5128	253.976	0	
-98.9615	-20.9398	751.946	0	
12.9924	-23.3158	199.518	0	
7.06144	-18.779	200.682	0	
117.677	-21.7369	161.863	0	
-79.7755	-17.335	544.302	0	
-74.7054	-15.7809	448.987	0	
17.7245	-17.335	209.452	0	
22.7946	-15.7809	209.366	0	
152.809	-9.49693	209.636	0	
153.817	-16.299	206.746	0	
-153.202	-17.3239	604.012	0	
-150.327	-16.1614	558.399	0	
-163.68	-16.5656	530.712	0	
-63.8837	-22.4837	458.95	0	
-146.558	-22.1446	686.218	0	
-142.549	-22.4698	746.027	0	
39.5095	-26.6887	74.2107	0	
91.2651	-19.3404	136.84	0	
-128.039	-20.2596	785.6	0	
-84.5076	-23.3158	711.811	0	
-57.9905	-26.6887	496.568	0	
33.6163	-22.4837	114.472	0	
-187.588	-7.89551	465.198	0	
-195.842	-4.57853	475.449	0	
100.778	-19.5012	145.233	0	
106.939	-9.51808	205.602	0	
-192.842	-29.1807	477.878	0	
-183.66	-10.6764	489.527	0	
179.592	-6.93814	297.135	0	
186.535	-3.81686	331.446	0	
-68.6736	-19.0863	482.635	0	
-64.7337	-19.2556	430.126	0	
28.8264	-19.0863	152.013	0	
32.7663	-19.2556	139.667	0	
112.986	-17.0898	182.441	0	
121.254	-28.2149	143.439	0	
-158.754	-20.6094	589.824	0	
37.0231	-22.4901	101.62	0	
25.497	-23.4473	171.737	0	
121.097	-23.8369	164.775	0	
100.41	-16.4657	197.024	0	
109.833	-12.0214	230.015	0	
-90.4386	-18.779	675.736	0	
-72.003	-23.4473	531.316	0	
-52.4633	-27.7169	492.397	0	
-60.4769	-22.4901	458.406	0	
105.849	-22.2944	170.921	0	
106.839	-16.4118	195.318	0	
-70.3526	-26.6553	607.961	0	
52.9428	-24.0743	30.7507	0	
-25.1725	-21.6016	508.461	0	
95.6087	-22.0749	170.731	0	
31.3268	-25.5223	124.44	0	
125.206	-21.9293	165.796	0	
108.462	-20.2945	158.775	0	
116.562	-17.9116	194.83	0	
111.958	-20.6901	172.757	0	
114.531	-23.4196	165.701	0	
71.0304	-23.2096	66.771	0	
141.707	-19.6086	205.213	0	
-113.695	-16.8815	760.868	0	
-110.638	-20.7638	795.988	0	
-122.673	-21.6016	960.197	0	
-122.665	-35.1775	975.507	0	
-16.1947	-16.8815	321.89	0	
-13.138	-20.7638	410.726	0	
-30.539	-20.2596	503.615	0	
-66.1732	-25.5223	531.355	0	
78.8199	-16.4504	123.099	0	
86.8649	-19.5449	195.627	0	
-98.7451	-26.3808	962.858	0	
-88.73	-23.669	808.276	0	
-1.24511	-26.3808	289.122	0	
8.77004	-23.669	236.617	0	
-205.28	-10.9939	442.554	0	
-203.116	-22.3712	450.466	0	
-200.382	-2.4973	450.107	0	
-210.958	-2.99655	435.03	0	
-165.848	-21.217	569.818	0	
-154.734	-21.2796	620.547	0	
168.663	-18.2333	273.208	0	
175.263	-15.1641	292.221	0	
178.781	-17.6852	312.341	0	
199.132	-2.49739	344.361	0	
-119.214	-27.9461	820.131	0	
27.1474	-26.6553	137.016	0	
-37.9991	-37.0053	610.334	0	
106.132	-26.6725	129.833	0	
-80.5482	-26.5803	673.082	0	
37.9206	-30.6463	78.8053	0	
16.9518	-26.5803	190.894	0	
117.266	-31.4134	152.659	0	
113.963	-28.7182	131.818	0	
84.3565	-22.7175	106.874	0	
79.9548	-20.502	134.277	0	
78.3935	-30.9545	80.2115	0	
109.886	-30.7265	144.707	0	
-170.264	-22.5426	536.469	0	
-186.586	-34.0715	488.488	0	
-71.4692	-32.4504	619.118	0	
-64.3552	-29.4863	565.828	0	
-129.522	-33.6809	778.719	0	
-77.2844	-32.8618	785.971	0	
26.0308	-32.4504	145.704	0	
33.1448	-29.4863	104.751	0	
-35.8192	-26.3093	532.996	0	
20.2156	-32.8618	193.642	0	
-32.3341	-32.9669	609.382	0	
200.219	-31.4848	347.469	0	
-81.3536	-39.2894	729.863	0	
-59.5794	-30.6463	559.47	0	
-173.766	-29.45	550.038	0	
48.7057	-33.5404	56.2135	0	
-67.173	-34.0637	626.881	0	
-62.7476	-39.8274	648.545	0	
-10.2351	-42.3533	398.887	0	
100.623	-33.4418	124.996	0	
30.327	-34.0637	103.58	0	
34.7524	-39.8274	107.321	0	
-136.209	-17.737	720.767	0	
-132.365	-22.2129	830.632	0	
-43.198	-18.7365	430.331	0	
-38.6886	-17.6956	443.801	0	
229.784	-7.91137	351.825	0	
-195.655	-9.12754	457.266	0	
-184.632	-17.2543	489.713	0	
-223.649	-3.59612	425.723	0	
-198.906	-17.9043	458.202	0	
132.435	-31.2901	149.855	0	
136.452	-29.449	184.793	0	
186.376	-7.64136	322.047	0	
187.265	-14.6613	332.282	0	
182.331	-13.8541	318.12	0	
189.97	-10.4787	336.618	0	
60.3681	-18.9378	39.5737	0	
76.0405	-24.963	76.4048	0	
119.878	-37.6577	145.684	0	
137.314	-23.0545	147.71	0	
-140.704	-18.1438	707.358	0	
-139.168	-26.5268	785.531	0	
-133.48	-26.6767	838.807	0	
-92.1633	-28.1316	776.224	0	
-50.4644	-23.7627	447.513	0	
-44.8887	-23.6362	455.889	0	
-57.1344	-37.3795	601.843	0	
-21.7444	-28.0369	574.231	0	
124.816	-30.5282	155.327	0	
128.715	-28.4856	160.644	0	
-154.172	-36.2055	651.863	0	
-205.51	-5.49385	455.426	0	
-189.708	-16.9412	482.749	0	
190.469	-19.3683	344.203	0	
194.401	-9.15162	338.243	0	
180.928	-24.6306	327.827	0	
209.708	-2.99653	350.632	0	
40.3656	-37.3795	79.6572	0	
84.393	-29.5111	94.8344	0	
-148.752	-31.7441	713.707	0	
-141.483	-33.3657	748.099	0	
-51.8547	-39.276	613.546	0	
-41.3536	-26.7331	553.704	0	
124.872	-36.6466	149.422	0	
149.858	-28.1793	228.817	0	
5.33672	-28.1316	244.876	0	
129.988	-37.1068	181.134	0	
106.151	-35.183	139.729	0	
179.128	-40.5991	328.614	0	
74.4903	-38.1045	66.9649	0	
95.862	-26.6762	129.007	0	
101.314	-28.4806	144.061	0	
-90.1079	-37.043	926.063	0	
67.1678	-36.6738	45.7917	0	
65.58	-54.9481	103.876	0	
113.853	-42.0949	164.069	0	
-199.966	-12.5463	461.157	0	
187.682	-25.5065	336.634	0	
209.204	-15.0839	354.974	0	
113.919	-50.1317	158.705	0	
-193.119	-20.7159	467.653	0	
-135.899	-48.5637	662.072	0	
-48.7724	-33.5709	562.361	0	
-43.2385	-32.7137	578.336	0	
134.099	-42.95	183.601	0	
122.432	-54.3794	206.275	0	
87.7148	-33.6491	104.561	0	
95.3237	-40.1176	116.029	0	
99.1751	-43.1784	139.611	0	
98.2767	-48.6319	139.733	0	
7.39212	-37.043	273.149	0	
-25.6479	-34.8802	527.618	0	
-217.111	-6.59266	428.726	0	
-216.837	-13.1836	424.899	0	
215.587	-13.1843	350.517	0	
222.399	-3.59612	351.778	0	
-178.18	-51.9759	506.605	0	
-153.647	-49.4659	586.587	0	
95.9829	-35.2801	125.255	0	
105.363	-40.0821	133.58	0	
-47.377	-47.5674	621.753	0	
-39.0554	-46.1539	620.641	0	
92.3318	-31.2524	114.935	0	
88.4066	-44.521	100.193	0	
16.1464	-39.2894	206.205	0	
104.53	-53.5724	161.343	0	
89.6237	-39.8659	121.708	0	
93.2082	-50.2262	145.007	0	
80.0854	-44.9589	99.6662	0	
195.014	-53.6987	336.211	0	
46.9683	-23.7287	56.5897	0	
65.1315	-24.4061	44.1365	0	
45.6907	-39.2794	60.3599	0	
56.758	-28.3975	40.9518	0	
58.9988	-47.2745	58.1334	0	
63.2794	-29.0001	36.3417	0	
54.5197	-33.9094	34.3515	0	
60.6283	-39.7232	53.7615	0	
-112.153	-26.9719	1040.36	0	
-106.813	-41.5616	1026.81	0	
-14.6834	-27.0627	410.917	0	
-20.3964	-45.3419	577.599	0	
-180.822	-20.7977	517.86	0	
-180.372	-28.6817	511.873	0	
-28.1388	-52.5772	552.795	0	
-8.42563	-30.9174	457.192	0	
-223.045	-18.0992	422.985	0	
197.484	-18.6006	343.975	0	
221.795	-18.0997	352.405	0	
-116.522	-44.9384	724.542	0	
-105.895	-30.8265	797.817	0	
-210.454	-15.0875	441.361	0	
-209.349	-21.1068	432.115	0	
214.41	-27.8426	350.97	0	
201.692	-23.0481	350.991	0	
-168.63	-35.332	571.149	0	
-185.88	-47.0569	447.165	0	
-58.4369	-62.9932	582.27	0	
99.1429	-60.8213	181.597	0	
90.5758	-57.9619	143.012	0	
-48.4864	-72.4847	548.162	0	
146.007	-88.8777	295.328	0	
49.8752	-47.1998	77.2045	0	
76.1765	-53.3494	99.4163	0	
-231.034	-7.91137	416.011	0	
193.225	-33.1755	344.974	0	
-196.586	-54.0406	420.974	0	
-97.6075	-46.0273	726.391	0	
32.5931	-47.2676	126.177	0	
3.02215	-58.9551	297.727	0	
-230.704	-15.8235	416.522	0	
-199.677	-29.8849	445.027	0	
-199.122	-68.7901	385.156	0	
-232.183	-28.9135	417.22	0	
-145.673	-56.093	621.858	0	
-65.0282	-47.5636	656.939	0	
-0.999147	-46.7281	378.396	0	
39.3398	-61.6705	157.859	0	
208.094	-21.1083	348.272	0	
176.392	-31.8898	303.188	0	
229.454	-15.8234	350.563	0	
209.137	-35.1834	343.216	0	
139.328	-61.0399	247.649	0	
189.207	-41.0089	332.844	0	
-222.975	-26.721	415.258	0	
221.729	-26.7336	348.485	0	
231.761	-29.6353	348.591	0	
142.356	-40.4982	216.38	0	
158.523	-43.1702	274.921	0	
131.472	-51.1747	222.25	0	
149.176	-46.3437	236.598	0	
-209.391	-44.9615	405.352	0	
24.809	-66.1786	203.068	0	
-73.5915	-67.1651	622.066	0	
-93.917	-58.2892	768.345	0	
-54.9373	-53.4072	645.365	0	
81.8654	-60.6471	145.13	0	
-101.539	-70.7175	604.086	0	
-234.45	-44.5321	381.636	0	
207.95	-49.5639	346.075	0	
42.3908	-52.7401	118.966	0	
65.768	-76.5282	191.082	0	
-186.216	-79.8078	387.861	0	
60.9715	-64.9719	139.334	0	
84.6816	-83.8123	225.834	0	
133.127	-72.183	271.034	0	
169.605	-47.203	298.296	0	
99.0487	-73.5167	205.843	0	
121.291	-67.4347	227.205	0	
76.0654	-73.8022	169.34	0	
21.5973	-78.4887	271.237	0	
148.776	-58.6606	272.786	0	
159.318	-65.2507	301.848	0	
-118.231	-67.6676	590.73	0	
-123.641	-53.3865	774.861	0	
223.493	-56.6049	330.685	0	
-170.587	-61.0571	464.298	0	
-162.29	-53.2661	552.403	0	
-75.7218	-48.391	752.477	0	
-80.7855	-58.4064	663.122	0	
-78.6641	-83.0863	538.861	0	
42.8672	-124.784	269.246	0	
21.8995	-48.0949	187.699	0	
17.1665	-58.0755	255.325	0	
110.772	-78.66	241.169	0	
-128.033	-80.0868	534.009	0	
-143.217	-73.3351	502.537	0	
48.3422	-68.3158	171.314	0	
43.0743	-85.2084	220.36	0	
-31.1187	-67.2315	510.895	0	
6.99334	-83.9003	295.321	0	
180.708	-83.077	322.963	0	
-212.548	-78.6717	354.509	0	
55.4568	-91.151	228.883	0	
30.86	-90.8732	256.989	0	
195.719	-99.5338	308.626	0	
-155.091	-83.9494	439.923	0	
22.5656	-111.1	284.082	0	
-3.93924	-72.4697	363.018	0	
5.64357	-105.233	317.891	0	
-222.226	-50.9126	402.514	0	
162.751	-84.3246	301.114	0	
186.132	-63.0524	318.298	0	
-120.967	-99.7543	432.588	0	
-93.4804	-86.7559	533.464	0	
221.832	-84.1178	319.757	0	
-21.1018	-77.8858	402.905	0	
-26.257	-99.2576	378.404	0	
-222.846	-69.8732	369.277	0	
82.4716	-105.887	258.725	0	
-155.483	-105.393	377.362	0	
137.733	-106.863	294.977	0	
-208.069	-100.978	349.635	0	
-170.837	-73.8717	432.889	0	
-103.106	-103.373	424.612	0	
114.335	-101.394	279.8	0	
-63.2341	-129.89	361.343	0	
-190.247	-100.547	346.055	0	
-175.26	-116.054	350.757	0	
63.5442	-110.5	270.419	0	
100.401	-118.325	281.813	0	
-14.9272	-144.737	321.987	0	
-136.544	-114.446	391.026	0	
-10.4442	-115.174	323.866	0	
-62.9959	-88.4674	491.378	0	
-50.7834	-104.586	389.294	0	
-91.8996	-128.662	370.623	0	
-132.369	-138.886	359.999	0	
-178.662	-146.313	328.837	0	
-43.1907	-154.124	337.654	0	
-213.777	-154.351	315.607	0	
184.547	-133.757	311.948	0	
43.9892	-153.642	295.16	0	
105.563	-154.614	288.517	0	
-105.586	-149.483	356.746	0	
153.516	-136.648	300.549	0	
222.629	-148.911	302.657	0	
