# File: UnstructuredGrid_Inversion_L0_Coarse_Iter04.dat
# (No specific header documentation)

-158.75	-0.496475	219.535	0	
-156.875	-0.668155	289.536	0	
-60.625	-0.431516	208.717	0	
36.875	-0.431516	226.942	0	
-228.198	-124.523	325.691	0	
135.625	-0.668155	227.081	0	
38.125	-0.668155	236.991	0	
-169.883	-44.1849	563.254	0	
-59.375	-0.668155	210.894	0	
-115.32	-2.91409	185.477	0	
-208.422	-34.2476	414.925	0	
-85.9973	-2.80091	192.099	0	
-161.562	-31.1528	671.374	0	
-162.282	-23.9451	601.05	0	
-110.104	-1.86538	165.969	0	
-135.637	-38.619	897.888	0	
-61.354	-1.86538	206.685	0	
-135.104	-1.86538	182.168	0	
-148.497	-8.59138	393.022	0	
-146.25	-1.09967	229.388	0	
-142.708	-2.72654	223.342	0	
-143.958	-2.01633	217.242	0	
-129.845	-3.05088	207.466	0	
-151.594	-4.85908	290.937	0	
-155.208	-2.01633	282.646	0	
-146.05	-12.2522	505.988	0	
-152.292	-2.72654	272.468	0	
-159.95	-16.471	550.702	0	
134.375	-0.431516	208.099	0	
-17.8202	-2.91409	215.15	0	
-156.27	-3.86216	273.359	0	
-41.4583	-2.01633	205.811	0	
-154.792	-2.72654	268.571	0	
-153.542	-3.47328	274.422	0	
-12.604	-1.86538	203.497	0	
-148.795	-2.8545	265.58	0	
36.146	-1.86538	225.925	0	
-37.604	-1.86538	203.793	0	
-170.813	-2.26882	437.064	0	
-48.75	-1.09967	198.866	0	
-166.927	-1.72974	357.87	0	
-163.743	-2.99807	333.857	0	
-57.2917	-2.72654	219.07	0	
-165.769	-3.46425	390.831	0	
-56.0417	-3.47328	221.311	0	
-157.576	-8.14551	388.744	0	
-54.7917	-2.72654	217.233	0	
-63.125	-0.36089	210.056	0	
-162.675	-0.60932	306.126	0	
-82.5	-1.09967	189.801	0	
-60.5207	-2.1669	207.064	0	
-155	-1.09967	243.783	0	
-75.5207	-2.1669	205.708	0	
-160.875	-0.935418	267.586	0	
-65.625	-0.431516	198.682	0	
85.625	-0.668155	189.843	0	
-154.375	-0.668155	304.08	0	
61.875	-0.668155	244.708	0	
-151.875	-0.668155	296.491	0	
-151.25	-1.09967	275.934	0	
44.7917	-2.01633	234.955	0	
-153.125	-0.431516	295.565	0	
56.0417	-2.01633	236.915	0	
-155.625	-0.431516	286.675	0	
78.4298	-2.91409	221.384	0	
-161.767	-1.54474	327.348	0	
-55	-1.09967	210.267	0	
-150.625	-0.431516	289.127	0	
-152.5	-1.09967	256.867	0	
37.2915	-5.36053	208.477	0	
-148.125	-0.366631	266.866	0	
37.2841	-3.06466	220.726	0	
-145.625	-0.668155	261.466	0	
-146.875	-0.431516	253.292	0	
43.125	-0.668155	237.716	0	
38.9583	-2.01633	224.458	0	
-144.375	-0.431516	231.971	0	
34.375	-0.36089	222.863	0	
-141.875	-0.431516	225.87	0	
-140.625	-0.668155	231.969	0	
31.875	-0.431516	204.831	0	
-141.25	-1.09967	214.271	0	
40	-1.09967	218.324	0	
-145	-1.09967	186.92	0	
40.625	-0.668155	234.507	0	
15	-1.09967	167.271	0	
-133.75	-1.09967	167.371	0	
140.625	-3.34884	222.411	0	
-134.375	-0.431516	193.342	0	
-133.125	-0.668155	208.165	0	
144.345	-3.52006	235.519	0	
-135.625	-0.366631	200.998	0	
148.422	-2.00504	239.788	0	
138.422	-2.00504	218.813	0	
-131.875	-0.431516	183.544	0	
136.756	-2.06993	215.135	0	
-125	-1.09967	169.368	0	
-128.75	-1.09967	169.921	0	
138.125	-0.366631	218.268	0	
-131.25	-0.798148	186.958	0	
139.375	-0.668155	215.763	0	
-132.5	-1.09967	159.136	0	
145.625	-0.668155	262.059	0	
-140	-1.09967	181.926	0	
21.9793	-2.1669	186.404	0	
129.375	-0.431516	196.481	0	
-125.625	-0.431516	180.808	0	
111.25	-1.09967	171.346	0	
-123.75	-1.09967	177.514	0	
-122.5	-0.798148	163.658	0	
-111.875	-0.36089	164.901	0	
-117.604	-1.86538	168.992	0	
119.479	-2.1669	186.717	0	
-120.881	-3.06027	205.556	0	
-118.125	-0.366631	167.342	0	
-99.4045	-3.52006	196.557	0	
-115.625	-0.668155	170.932	0	
-110	-0.798148	163.827	0	
-88.125	-0.668155	171.239	0	
-116.875	-0.431516	169.452	0	
-123.125	-0.431516	174.874	0	
-116.25	-1.09967	166.384	0	
-114.375	-0.431516	169.323	0	
-98.125	-0.668155	175.428	0	
-108.75	-1.09967	161.575	0	
-104.375	-0.668155	170.531	0	
-109.375	-0.431516	169.189	0	
-108.125	-0.668155	173.33	0	
-106.994	-2.06993	176.833	0	
-110.625	-0.366631	164.273	0	
-109.271	-2.1669	170.69	0	
-136.875	-0.36089	204.153	0	
-106.875	-0.431516	164.809	0	
-134.068	-5.08295	266.54	0	
-98.75	-1.09967	162.606	0	
-103.75	-1.09967	170.937	0	
-124.375	-0.668155	170.045	0	
-106.25	-0.798148	170.251	0	
-139.375	-0.431516	210.494	0	
-107.5	-1.09967	161.414	0	
-105.625	-0.366631	167.076	0	
-115	-1.09967	162.038	0	
-105.328	-2.00504	170.661	0	
-126.875	-0.366631	174.975	0	
131.875	-0.36089	211.31	0	
-103.125	-0.431516	171.904	0	
49.375	-0.668155	232.318	0	
-129.375	-0.668155	169.277	0	
-100.625	-0.366631	168.565	0	
-130.625	-0.366631	185.674	0	
-90.104	-1.86538	179.628	0	
-99.375	-0.431516	172.847	0	
-131.994	-2.06993	194.649	0	
-147.589	-1.76841	249.087	0	
-96.875	-0.431516	170.811	0	
-135	-0.798148	194.375	0	
-94.375	-0.668155	181.132	0	
-88.75	-1.09967	177.835	0	
-146.756	-2.06993	242.698	0	
-96.25	-0.798148	174.834	0	
-146.468	-2.99641	243.087	0	
-97.5	-1.09967	160.913	0	
-149.375	-0.668155	275.337	0	
-144.792	-2.01633	241.644	0	
-89.375	-0.431516	177.078	0	
-153.75	-1.09967	274.652	0	
-87.5	-1.09967	179.527	0	
-86.875	-0.431516	183.627	0	
-153.542	-2.01633	275.227	0	
-68.854	-1.86538	211.065	0	
-143.75	-1.09967	232.776	0	
-147.5	-0.798148	237.369	0	
-83.125	-0.431516	187.677	0	
-150	-1.09967	266.627	0	
-81.25	-1.09967	183.288	0	
-80.625	-0.431516	183.081	0	
-156.25	-1.09967	274.795	0	
-76.354	-1.86538	192.347	0	
-151.042	-2.01633	276.167	0	
-83.75	-0.798148	190.841	0	
-152.708	-2.01633	281.886	0	
-90.625	-0.366631	174.871	0	
-143.125	-0.668155	232.797	0	
-14.375	-0.36089	215.11	0	
-75.625	-0.431516	190.873	0	
-23.3807	-3.06027	220.558	0	
-68.75	-0.798148	212.034	0	
-73.75	-1.09967	191.184	0	
-25.625	-0.431516	206.949	0	
-74.375	-0.668155	202.801	0	
-16.875	-0.431516	221.747	0	
9.375	-0.668155	179.46	0	
-69.375	-0.366631	211.121	0	
-0.625	-0.668155	201.378	0	
-66.875	-0.668155	198.599	0	
-61.25	-0.798148	205.262	0	
-11.7707	-2.1669	203.095	0	
-68.125	-0.431516	207.079	0	
-7.82772	-2.00504	210.581	0	
-67.5	-1.09967	211.907	0	
-1.90454	-3.52006	193.487	0	
-9.49439	-2.06993	209.62	0	
-60	-1.09967	200.649	0	
-39.375	-0.36089	203.628	0	
36.9793	-2.1669	229.552	0	
-57.5	-1.09967	208.899	0	
-41.875	-0.431516	203.743	0	
-61.875	-0.366631	212.445	0	
-8.125	-0.366631	214.44	0	
-26.875	-0.668155	215.289	0	
-56.875	-0.668155	214.138	0	
-31.875	-0.668155	194.875	0	
-54.375	-0.668155	201.525	0	
-53.75	-1.09967	206.058	0	
-34.4944	-2.06993	211.611	0	
-55.625	-0.431516	212.551	0	
-36.7707	-2.1669	216.437	0	
-58.125	-0.431516	212.081	0	
-36.5676	-5.08295	252.324	0	
-66.25	-1.09967	195.261	0	
-6.875	-0.668155	213.491	0	
-76.875	-0.366631	194.357	0	
-156.042	-2.01633	262.104	0	
-51.875	-0.668155	208.388	0	
-50.625	-0.366631	205.55	0	
-48.9679	-2.99641	214.927	0	
-48.125	-0.668155	194.743	0	
-47.5	-1.09967	210.706	0	
-37.5	-0.798148	205.945	0	
-49.375	-0.431516	197.058	0	
-50.0889	-1.76841	201.979	0	
-45.625	-0.668155	210.349	0	
-43.75	-1.09967	210.453	0	
-46.25	-1.09967	209.835	0	
-43.125	-0.668155	193.299	0	
-42.5	-1.09967	205.087	0	
-56.25	-1.09967	205.475	0	
-44.375	-0.431516	202.221	0	
-47.2917	-2.01633	209.967	0	
-46.875	-0.431516	210.833	0	
-49.2556	-2.06993	207.833	0	
-57.7083	-2.01633	210.7	0	
-38.125	-0.366631	200.571	0	
-53.5417	-2.01633	206.434	0	
-35.625	-0.668155	214.422	0	
-35	-1.09967	187.968	0	
-52.5	-1.09967	198.235	0	
-36.875	-0.431516	216.759	0	
-50	-0.798148	201.776	0	
-58.5417	-2.01633	213.672	0	
-33.75	-0.798148	204.63	0	
-62.5	-0.727521	208.457	0	
-31.25	-1.09967	199.663	0	
-29.375	-0.366631	214.35	0	
-68.0207	-2.1669	208.883	0	
-27.5	-1.09967	185.148	0	
-64.375	-0.668155	213.662	0	
-34.375	-0.431516	206.379	0	
-58.75	-1.09967	205.856	0	
-36.25	-1.09967	201.667	0	
-56.0417	-2.01633	213.914	0	
-66.0417	-2.01633	199.238	0	
-20.104	-1.86538	215.71	0	
-70.625	-0.36089	205.525	0	
-25	-0.798148	196.561	0	
-18.75	-1.09967	216.452	0	
-73.125	-0.431516	197.703	0	
-26.25	-1.09967	200.459	0	
-65	-1.09967	186.425	0	
-75	-1.09967	185.841	0	
-19.375	-0.431516	219.702	0	
105.625	-0.668155	159.274	0	
-12.5	-0.798148	202.498	0	
-17.5	-1.09967	206.259	0	
88.7946	-2.8545	198.432	0	
-18.125	-0.668155	212.826	0	
99.7712	-2.84299	175.7	0	
-20.625	-0.366631	213.694	0	
-86.4583	-2.01633	183.653	0	
107.753	-2.80091	177.214	0	
-13.125	-0.366631	212.553	0	
86.7556	-2.06993	196.975	0	
-10.625	-0.668155	224.849	0	
-10	-1.09967	199.276	0	
88.125	-0.366631	194.18	0	
-11.875	-0.431516	216.593	0	
89.375	-0.668155	201.198	0	
79.375	-0.431516	221.12	0	
-8.75	-0.798148	215.206	0	
71.25	-0.798148	236.334	0	
-6.25	-1.09967	211.141	0	
-5.625	-0.431516	213.219	0	
64.6723	-2.00504	244.815	0	
-1.25	-1.09967	195.109	0	
72.8693	-3.06027	226.868	0	
-9.375	-0.431516	211.119	0	
81.875	-0.36089	214.076	0	
-11.25	-1.09967	195.282	0	
95.625	-0.668155	176.821	0	
-28.125	-0.431516	207.666	0	
-62.5054	-1.48403	209.305	0	
-53.125	-0.431516	202.541	0	
-33.125	-0.366631	200.618	0	
-134.271	-2.1669	206.701	0	
-3.125	-0.366631	212.244	0	
-1.875	-0.431516	194.668	0	
65.625	-0.668155	244.193	0	
7.39595	-1.86538	179.496	0	
-3.70074e-17	-1.09967	206.311	0	
72.1723	-2.00504	236.297	0	
64.375	-0.366631	244.37	0	
0.625	-0.431516	197.486	0	
55.625	-0.431516	241.633	0	
3.125	-0.668155	186.011	0	
8.75	-1.09967	179.731	0	
48.5321	-2.99641	235.073	0	
1.25	-0.798148	200.804	0	
58.125	-0.36089	234.473	0	
6.875	-0.366631	176.127	0	
63.0056	-2.06993	242.026	0	
48.2444	-2.06993	230.344	0	
8.125	-0.431516	178.055	0	
50.2083	-2.01633	233.788	0	
10	-1.09967	169.712	0	
10.625	-0.431516	169.249	0	
51.25	-1.09967	236.347	0	
28.646	-1.86538	192.777	0	
51.875	-0.668155	232.492	0	
47.4111	-1.76841	237.241	0	
14.375	-0.431516	167.962	0	
47.5	-0.798148	233.96	0	
16.25	-1.09967	177.834	0	
16.875	-0.431516	177.488	0	
43.9583	-2.01633	235.867	0	
21.146	-1.86538	179.729	0	
39.7917	-2.01633	230.355	0	
13.75	-0.798148	173.829	0	
45.625	-0.668155	239.352	0	
20.625	-0.366631	179.458	0	
60	-0.798148	235.941	0	
41.25	-1.09967	227.473	0	
21.875	-0.431516	178.935	0	
33.125	-0.668155	219.225	0	
28.75	-0.798148	201.293	0	
23.75	-1.09967	183.883	0	
34.9946	-1.48403	226.715	0	
23.125	-0.668155	186.956	0	
41.4583	-2.01633	228.144	0	
35	-0.727521	229.225	0	
28.125	-0.366631	200.166	0	
32.5	-1.09967	188.891	0	
30.625	-0.668155	204.816	0	
36.25	-0.798148	229.746	0	
26.875	-0.36089	193.218	0	
29.375	-0.431516	192.978	0	
31.4583	-2.01633	194.758	0	
30	-1.09967	183.707	0	
29.4793	-2.1669	198.934	0	
11.0417	-2.01633	172.63	0	
37.5	-1.09967	219.205	0	
150.625	-0.431516	234.951	0	
128.43	-2.91409	209.936	0	
38.75	-1.09967	230.538	0	
150	-1.09967	230.223	0	
35.625	-0.366631	230.102	0	
22.5	-1.09967	178.218	0	
153.75	-0.798148	202.509	0	
42.5	-1.09967	224.817	0	
148.125	-0.366631	243.963	0	
48.75	-1.09967	233.681	0	
43.75	-1.09967	232.675	0	
141.875	-0.668155	225.599	0	
41.875	-0.431516	234.282	0	
146.756	-2.06993	242.562	0	
39.375	-0.431516	233.823	0	
149.771	-2.84299	228.806	0	
31.25	-1.09967	188.965	0	
24.375	-0.431516	186.613	0	
44.375	-0.431516	239.471	0	
45	-1.09967	237.16	0	
138.795	-2.8545	219.123	0	
46.875	-0.366631	239.075	0	
140.208	-2.01633	221.091	0	
59.896	-1.86538	236.963	0	
50	-1.09967	227.085	0	
141.25	-1.09967	221.705	0	
48.125	-0.431516	234.336	0	
143.75	-0.798148	234.486	0	
138.75	-1.03479	220.997	0	
53.75	-1.09967	232.827	0	
132.495	-1.48403	207.44	0	
54.375	-0.668155	230.179	0	
55	-1.09967	230.413	0	
126.979	-2.1669	202.717	0	
53.125	-0.431516	231.315	0	
130.625	-0.668155	219.102	0	
50.625	-0.431516	232.235	0	
137.589	-1.76841	217.544	0	
128.958	-2.01633	196.76	0	
59.375	-0.366631	233.132	0	
83.646	-1.86538	199.288	0	
60.625	-0.431516	246.662	0	
62.5	-1.09967	228.459	0	
124.375	-0.36089	194.629	0	
61.25	-1.09967	231.555	0	
130	-1.09967	182.967	0	
110.686	-4.3008	194.275	0	
63.125	-0.431516	241.243	0	
-113.125	-0.668155	171.607	0	
68.75	-1.09967	243.082	0	
67.5	-0.798148	240.387	0	
-111.255	-1.48403	164.362	0	
63.75	-0.798148	242.021	0	
113.75	-0.798148	169.57	0	
68.125	-0.431516	255.577	0	
121.875	-0.431516	181.318	0	
93.125	-0.366631	171.698	0	
132.5	-0.727521	207.65	0	
-111.25	-0.727521	166.323	0	
76.146	-1.86538	232.977	0	
-113.75	-1.09967	160.221	0	
70.625	-0.431516	243.316	0	
77.5	-1.09967	237.978	0	
-118.75	-0.727521	173.882	0	
70	-1.09967	225.785	0	
-114.792	-2.01633	172.461	0	
-89.2707	-2.1669	180.652	0	
76.875	-0.431516	231.863	0	
-93.9788	-2.84299	183.499	0	
83.75	-0.798148	196.917	0	
78.75	-1.09967	222.418	0	
-85.625	-0.668155	181.265	0	
78.125	-0.668155	218.394	0	
-81.875	-0.668155	181.635	0	
75.625	-0.366631	226.56	0	
-120.625	-0.668155	179.324	0	
-86.25	-1.09967	179.09	0	
83.125	-0.366631	195.496	0	
-93.75	-1.09967	176.364	0	
133.646	-1.86538	205.751	0	
86.25	-1.09967	199.508	0	
-104.955	-2.8545	190.823	0	
84.375	-0.431516	200.639	0	
-93.125	-0.431516	178.733	0	
-96.9944	-2.06993	183.402	0	
87.5	-0.798148	196.063	0	
-101.875	-0.668155	168.085	0	
90	-1.09967	170.955	0	
90.625	-0.431516	180.063	0	
-100.089	-1.76841	171.955	0	
95	-1.09967	179.5	0	
-95.625	-0.366631	171.081	0	
86.875	-0.431516	200.88	0	
-90	-0.798148	178.959	0	
85	-1.09967	202.208	0	
-87.2917	-2.01633	183.316	0	
-116.771	-2.1669	178.809	0	
143.661	-1.76841	227.134	0	
-100	-0.798148	166.94	0	
94.375	-0.431516	178.47	0	
-102.5	-1.09967	167.515	0	
96.25	-1.09967	181.194	0	
103.646	-1.86538	161.114	0	
-103.542	-2.01633	179.831	0	
-105	-1.03479	169.275	0	
97.5	-0.798148	178.502	0	
-136.255	-1.48403	197.254	0	
105	-1.09967	162.621	0	
103.125	-0.366631	154.235	0	
-130.328	-2.00504	181.465	0	
99.375	-0.668155	166.395	0	
-138.125	-0.668155	216.192	0	
96.875	-0.431516	181.622	0	
-106.161	-1.76841	169.228	0	
-123.244	-2.06993	169.156	0	
126.146	-1.86538	195.783	0	
-128.125	-0.431516	183.89	0	
106.875	-0.431516	161.891	0	
110	-0.798148	173.547	0	
-126.304	-1.54577	171.546	0	
106.25	-1.09967	165.679	0	
-121.875	-0.366631	172.368	0	
-126.25	-0.798148	187.491	0	
118.646	-1.86538	181.314	0	
-130	-1.03479	187.996	0	
113.125	-0.431516	166.469	0	
120	-1.09967	181.2	0	
-148.75	-1.03479	257.178	0	
112.5	-1.09967	170.145	0	
-131.161	-1.76841	183.816	0	
110.625	-0.431516	166.036	0	
-127.242	-2.24637	174.681	0	
104.375	-0.431516	157.729	0	
-117.5	-0.798148	173.101	0	
-143.542	-2.72654	238.746	0	
119.375	-0.431516	180.308	0	
-139.792	-2.01633	220.988	0	
126.25	-0.798148	198.158	0	
121.25	-1.09967	186.201	0	
-138.75	-1.09967	207.403	0	
120.625	-0.668155	182.763	0	
-136.25	-0.727521	216.293	0	
-142.292	-2.01633	227.718	0	
125.625	-0.366631	194.258	0	
-13.7554	-1.48403	211.19	0	
128.125	-0.668155	198.799	0	
133.75	-0.798148	214.051	0	
-19.2707	-2.1669	215.96	0	
126.875	-0.431516	193.971	0	
-15.625	-0.668155	220.394	0	
127.5	-1.09967	196.084	0	
-142.5	-1.09967	196.167	0	
-17.2917	-2.01633	212.183	0	
135	-1.09967	195.491	0	
-21.25	-0.727521	220.722	0	
158.73	-5.36963	178.72	0	
136.25	-1.09967	209.786	0	
-23.125	-0.668155	208.256	0	
133.125	-0.366631	210.656	0	
-16.25	-1.09967	207.643	0	
15.625	-0.668155	178.774	0	
137.5	-0.798148	212.208	0	
11.875	-0.668155	169.701	0	
140	-1.09967	224.436	0	
140.625	-0.431516	226.737	0	
10.2083	-2.01633	177.631	0	
145	-1.09967	208.147	0	
3.52121	-2.84299	187.629	0	
136.875	-0.431516	221.615	0	
8.22929	-2.1669	180.353	0	
128.75	-1.09967	207.973	0	
-13.75	-0.727521	223.852	0	
118.125	-0.366631	182.531	0	
-148.422	-2.00504	257.876	0	
4.375	-0.431516	189.817	0	
144.375	-0.431516	234.441	0	
-7.45541	-2.8545	203.456	0	
146.25	-1.09967	249.99	0	
146.875	-0.431516	262.245	0	
7.5	-0.798148	185.065	0	
153.646	-1.86538	224.712	0	
3.75	-1.09967	183.965	0	
1.875	-0.366631	198.005	0	
149.375	-0.668155	239.409	0	
-2.58895	-1.76841	199.425	0	
153.125	-0.366631	219.082	0	
154.375	-0.431516	203.847	0	
-11.4094	-3.16789	194.958	0	
155	-1.09967	229.448	0	
-4.375	-0.668155	210.278	0	
147.5	-0.798148	242.223	0	
0.505614	-2.06993	196.056	0	
-6.04167	-2.01633	206.688	0	
156.458	-1.16463	186.568	0	
-8.66105	-1.76841	208.832	0	
159.625	-0.633448	166.913	0	
161.425	-0.98887	171.143	0	
-7.5	-1.03479	213.981	0	
160.517	-1.62232	167.121	0	
-5	-1.09967	208.39	0	
-38.7554	-1.48403	202.486	0	
153.021	-4.78762	209.615	0	
-20	-0.798148	212.452	0	
163.752	-4.86774	206.446	0	
164.832	-2.66958	184.401	0	
-25.7444	-2.06993	200.902	0	
163.115	-0.98887	213.943	0	
-32.8277	-2.00504	204.27	0	
155.484	-3.31993	200.805	0	
-40.625	-0.668155	200.947	0	
155.625	-0.668155	156.389	0	
-2.5	-0.798148	203.143	0	
-30.625	-0.431516	196.177	0	
160.191	-2.997	181.786	0	
-29.7419	-2.24637	210.502	0	
169.563	-2.94058	260.577	0	
154.995	-4.95032	180.056	0	
-28.75	-0.798148	218.907	0	
148.777	-5.11846	213.325	0	
-28.8043	-1.54577	205.306	0	
-32.5	-1.03479	197.009	0	
204.26	-5.49392	343.674	0	
-50.9223	-2.00504	207.282	0	
148.441	-21.3686	176.848	0	
-46.0417	-2.72654	218.266	0	
204.031	-10.9896	338.563	0	
-51.25	-1.03479	200.571	0	
151.796	-5.74288	209.272	0	
-33.6611	-1.76841	200.935	0	
-42.2917	-2.01633	198.138	0	
170.801	-56.9665	315.597	0	
-45	-1.09967	206.455	0	
-44.7917	-2.01633	211.507	0	
-41.25	-1.09967	189.642	0	
-61.9845	-2.19037	208.521	0	
34.9625	-3.24559	219.152	0	
-71.875	-0.668155	209.77	0	
-66.5702	-2.91409	211.232	0	
-63.75	-1.02905	209.056	0	
-38.75	-0.727521	206.394	0	
161.093	-4.56171	187.566	0	
-24.375	-0.366631	212.365	0	
143.125	-0.366631	232.211	0	
11.25	-1.09967	172.905	0	
-70.0054	-1.48403	205.809	0	
-108.909	-3.16789	189.149	0	
-74.0702	-2.91409	208.574	0	
69.375	-0.668155	252.819	0	
-70	-0.727521	204.057	0	
-73.5417	-2.01633	193.173	0	
-72.5	-1.09967	176.381	0	
-77.5	-0.727521	200.649	0	
-79.375	-0.668155	196.197	0	
104.479	-2.1669	166.27	0	
111.875	-0.668155	161.919	0	
98.4223	-2.00504	174.213	0	
108.125	-0.668155	159.431	0	
106.458	-2.01633	171.008	0	
107.5	-1.09967	176.316	0	
100.625	-0.431516	165.128	0	
100	-1.09967	170.215	0	
94.3455	-3.52006	186.736	0	
103.75	-0.798148	162.208	0	
96.7556	-2.06993	183.386	0	
98.125	-0.366631	164.447	0	
91.875	-0.668155	184.362	0	
93.6611	-1.76841	176.29	0	
88.4223	-2.00504	192.163	0	
93.75	-0.798148	177.213	0	
90.2083	-2.01633	189.415	0	
91.25	-1.09967	175.762	0	
87.5889	-1.76841	198.478	0	
88.75	-1.03479	197.089	0	
80.625	-0.668155	212.273	0	
82.4946	-1.48403	204.014	0	
76.9793	-2.1669	224.648	0	
82.5	-0.727521	202.136	0	
78.9583	-2.01633	222.171	0	
80	-1.09967	221.793	0	
75	-0.727521	222.424	0	
73.125	-0.668155	243.553	0	
65.0889	-2.93321	239.1	0	
76.25	-0.798148	227.344	0	
70.5056	-2.06993	235.936	0	
71.875	-0.366631	245.342	0	
66.875	-0.366631	243.94	0	
67.4111	-1.76841	247.201	0	
63.8389	-1.76841	238.103	0	
65	-1.03479	238.337	0	
56.875	-0.668155	244.512	0	
58.7446	-1.48403	235.694	0	
51.4583	-2.72654	232.403	0	
58.75	-0.727521	249.766	0	
55.2083	-2.01633	234.181	0	
56.25	-1.09967	228.034	0	
52.5	-1.09967	227.604	0	
52.7083	-2.01633	232.851	0	
46.25	-1.03479	241.937	0	
46.5777	-2.00504	238.479	0	
33.75	-1.02905	229.568	0	
35.5155	-2.19037	224.808	0	
30.9298	-2.91409	196.673	0	
134.841	-3.16789	212.287	0	
25.625	-0.668155	195.823	0	
27.4946	-1.48403	197.626	0	
23.4298	-2.91409	190.145	0	
27.5	-0.727521	205.833	0	
23.9583	-2.01633	187.019	0	
25	-1.09967	184.669	0	
20	-0.727521	183.132	0	
18.125	-0.668155	176.652	0	
151.875	-0.36089	231.967	0	
152.495	-1.48403	224.641	0	
153.016	-2.19037	204.127	0	
152.5	-0.727521	209.562	0	
147.589	-1.76841	249.816	0	
148.75	-1.03479	254.062	0	
142.5	-1.03479	228.053	0	
142.828	-2.00504	229.372	0	
134.479	-2.1669	214.849	0	
154.479	-2.1669	183.448	0	
131.25	-1.02905	199.637	0	
133.016	-2.19037	212.116	0	
129.792	-2.01633	211.345	0	
171.752	-1.25987	255.415	0	
123.125	-0.668155	199.422	0	
124.995	-1.48403	193.398	0	
120.93	-2.91409	193.196	0	
125	-0.727521	190.42	0	
121.458	-2.01633	182.049	0	
122.5	-1.09967	171.647	0	
117.5	-0.727521	177.495	0	
115.625	-0.668155	175.21	0	
-112.5	-1.02905	158.192	0	
-110.734	-2.19037	169.735	0	
-138.958	-2.01633	207.472	0	
-62.5375	-3.24559	211.114	0	
-119.375	-0.36089	167.932	0	
-118.755	-1.48403	166.049	0	
-83.0056	-2.06993	193.305	0	
-76.25	-0.798148	203.375	0	
-81.0417	-2.01633	185.196	0	
-80	-1.09967	173.432	0	
-84.375	-0.366631	187.236	0	
-83.8389	-1.76841	189.4	0	
-91.875	-0.36089	178.847	0	
-91.2554	-1.48403	178.951	0	
-90.7345	-2.19037	182.833	0	
-91.25	-0.727521	180.874	0	
-96.1611	-1.76841	172.549	0	
-95	-1.03479	169.902	0	
-101.25	-1.03479	168.387	0	
-100.922	-2.00504	166.659	0	
-65.2083	-2.01633	206.834	0	
-95.3277	-2.00504	177.936	0	
-137.5	-1.02905	189.375	0	
-135.734	-2.19037	208.884	0	
-151.04	-3.47677	275.361	0	
-118.787	-3.24559	201.661	0	
-122.411	-1.76841	179.609	0	
-121.25	-1.03479	176.192	0	
-127.5	-0.798148	158.934	0	
-128.229	-2.1669	192.665	0	
-113.958	-2.01633	173.449	0	
-121.578	-2.00504	170.26	0	
-215.662	-27.8248	415.065	0	
-114.833	-3.79821	204.96	0	
-15	-1.02905	209.125	0	
-13.2345	-2.19037	209.64	0	
-21.2875	-3.24559	223.009	0	
11.5027	-2.80091	178.835	0	
-21.875	-0.36089	215.937	0	
-21.2554	-1.48403	214.594	0	
14.4944	-2.06993	178.536	0	
21.25	-0.798148	184.63	0	
16.4583	-2.01633	179.515	0	
17.5	-1.09967	180.909	0	
13.125	-0.366631	167.06	0	
13.6611	-1.76841	170.114	0	
5.625	-0.36089	171.209	0	
6.24459	-1.48403	178.72	0	
6.76554	-2.19037	183.551	0	
6.25	-0.727521	182.265	0	
1.33895	-1.76841	203.27	0	
2.5	-1.03479	206.244	0	
-3.75	-1.03479	205.272	0	
-3.42228	-2.00504	205.812	0	
32.2917	-2.01633	204.709	0	
2.17228	-2.00504	192.764	0	
-40	-1.02905	197.767	0	
-38.2345	-2.19037	208.446	0	
-45.2083	-2.72654	218.227	0	
-32.3447	-3.05088	220.729	0	
-24.9111	-1.76841	207.389	0	
-23.75	-1.03479	206.67	0	
-30	-0.798148	207.593	0	
-30.7293	-2.1669	212.876	0	
-16.4583	-2.01633	212.746	0	
-24.0777	-2.00504	204.416	0	
-55.2083	-2.01633	208.651	0	
-46.4583	-2.01633	212.935	0	
-63.3387	-1.78555	208.833	0	
-63.4751	-2.84652	210.906	0	
-71.25	-1.02905	196.879	0	
-69.4845	-2.19037	207.552	0	
-72.7083	-2.01633	203.042	0	
-100.61	-4.06799	195.132	0	
-78.125	-0.36089	194.073	0	
-77.5054	-1.48403	194.767	0	
115.369	-3.06027	182.732	0	
118.75	-0.798148	182.163	0	
113.006	-2.06993	174.274	0	
114.375	-0.366631	165.442	0	
109.375	-0.366631	160.29	0	
109.911	-1.76841	170.298	0	
101.875	-0.36089	163.707	0	
102.495	-1.48403	163.093	0	
103.016	-2.19037	169.561	0	
102.5	-0.727521	169.88	0	
97.5889	-1.76841	179.371	0	
98.75	-1.03479	175.618	0	
92.5	-1.03479	169.191	0	
92.8277	-2.00504	180.8	0	
84.4793	-2.1669	195.069	0	
84.8406	-3.16789	198.112	0	
81.25	-1.02905	208.656	0	
83.0155	-2.19037	201.268	0	
74.9625	-3.24559	223.354	0	
132.463	-3.24559	211.659	0	
74.375	-0.36089	246.025	0	
74.9946	-1.48403	235.646	0	
71.3389	-1.76841	235.216	0	
72.5	-1.03479	234.867	0	
66.25	-1.03479	249.775	0	
66.5777	-2.00504	243.812	0	
60.7293	-2.1669	243.307	0	
79.7917	-2.01633	216.108	0	
57.5	-1.02905	226.488	0	
59.2655	-2.19037	244.433	0	
46.7473	-3.78292	230.585	0	
61.0894	-3.16569	240.524	0	
45.2527	-2.80091	234.87	0	
51.0417	-2.01633	230.709	0	
34.1613	-1.78555	218.969	0	
34.0249	-2.84652	215.974	0	
26.25	-1.02905	199.077	0	
28.0155	-2.19037	201.462	0	
-3.11018	-4.06799	190.329	0	
24.7917	-2.01633	192.828	0	
19.375	-0.36089	174.767	0	
19.9946	-1.48403	177.855	0	
151.25	-0.792406	219.542	0	
151.686	-2.07688	214.594	0	
143.14	-4.06799	228.773	0	
148.111	-4.06622	230.34	0	
144.494	-2.06993	236.974	0	
136.284	-3.07092	217.807	0	
141.042	-2.01633	224.659	0	
132.117	-5.94785	222.279	0	
131.661	-1.78555	209.497	0	
131.525	-2.84652	211.017	0	
123.75	-1.02905	187.024	0	
125.516	-2.19037	197.955	0	
93.1398	-4.06799	190.963	0	
122.292	-2.01633	193.277	0	
116.875	-0.36089	171.303	0	
117.495	-1.48403	176.869	0	
-112.089	-1.78555	171.918	0	
-112.225	-2.84652	174.29	0	
-120	-1.02905	154.731	0	
-118.234	-2.19037	177.322	0	
-138.118	-4.95711	263.67	0	
-123.957	-2.96011	213.494	0	
-85	-1.03479	187.768	0	
-84.6723	-2.00504	187.255	0	
-92.5	-0.792406	188.363	0	
-92.0644	-2.07688	193.095	0	
-111.287	-3.24559	183.626	0	
-103.125	-3.34884	216.475	0	
-99.2556	-2.06993	177.329	0	
-107.466	-3.07092	185.489	0	
-102.708	-2.01633	180.156	0	
-111.633	-5.94785	266.853	0	
-137.089	-1.78555	217.594	0	
-137.225	-2.84652	207.568	0	
-125.471	-1.8473	195.703	0	
-136.746	-5.42835	287.034	0	
-73.5826	-3.79821	211.658	0	
-125.35	-2.73747	174.181	0	
-14.5887	-1.78555	212.934	0	
-14.7251	-2.84652	210.758	0	
-22.5	-1.02905	211.696	0	
-20.7345	-2.19037	214.826	0	
-40.618	-4.95711	236.01	0	
-26.457	-2.96011	227.944	0	
12.5	-1.03479	170.937	0	
12.8277	-2.00504	175.544	0	
5	-0.792406	185.487	0	
5.43557	-2.07688	185.106	0	
-13.7875	-3.24559	202.615	0	
-5.625	-3.34884	195.802	0	
-1.75561	-2.06993	195.791	0	
-9.9664	-3.07092	193.268	0	
-5.20833	-2.01633	205.38	0	
-14.1328	-5.94785	201.597	0	
-39.5887	-1.78555	207.286	0	
-39.7251	-2.84652	205.562	0	
-27.9709	-1.8473	222.45	0	
-39.2462	-5.42835	252.581	0	
-38.7875	-3.24559	221.304	0	
-27.8502	-2.73747	204.408	0	
-70.0375	-3.24559	210.274	0	
31.4174	-3.79821	194.458	0	
-70.8387	-1.78555	204.219	0	
-70.9751	-2.84652	205.699	0	
-78.75	-1.02905	190.879	0	
-76.9845	-2.19037	205.532	0	
-85.0446	-2.8545	195.479	0	
-81.5873	-2.94281	202.697	0	
113.839	-1.76841	167.671	0	
115	-1.03479	165.038	0	
108.75	-1.03479	169.773	0	
109.078	-2.00504	171.154	0	
101.25	-0.792406	172.462	0	
101.686	-2.07688	174.937	0	
82.4625	-3.24559	201.805	0	
90.625	-3.34884	194.074	0	
94.4944	-2.06993	183.894	0	
86.2836	-3.07092	193.917	0	
91.0417	-2.01633	181.627	0	
82.1172	-5.94785	199.627	0	
81.6613	-1.78555	207.262	0	
81.5249	-2.84652	207.805	0	
73.75	-1.02905	244.303	0	
75.5155	-2.19037	227.911	0	
58.7125	-3.24559	241.176	0	
56.1142	-5.74538	203.377	0	
68.2444	-2.06993	243.803	0	
52.9849	-8.22246	153.255	0	
58.2538	-5.42835	218.102	0	
68.2925	-4.4054	235.4	0	
57.9113	-1.78555	243.478	0	
57.7749	-2.84652	242.668	0	
27.4625	-3.24559	198.776	0	
111.856	-6.04794	197.933	0	
26.6613	-1.78555	199.02	0	
26.5249	-2.84652	199.878	0	
18.75	-1.02905	174.261	0	
20.5155	-2.19037	183.931	0	
12.4554	-2.8545	176.907	0	
15.9127	-2.94281	182.014	0	
151.066	-1.75189	228.362	0	
150.233	-2.05915	227.702	0	
124.963	-3.24559	201.236	0	
152.463	-3.24559	208.825	0	
124.161	-1.78555	194.704	0	
124.025	-2.84652	196.641	0	
116.25	-1.02905	170.147	0	
118.016	-2.19037	181.795	0	
117.463	-3.24559	190.022	0	
114.672	-2.00504	176.12	0	
-136.287	-3.24559	232.848	0	
-66.0826	-3.79821	216.545	0	
-119.589	-1.78555	184.242	0	
-119.725	-2.84652	174.335	0	
-87.8202	-2.91409	185.591	0	
-80.2083	-2.01633	195.919	0	
-92.684	-1.75189	177.66	0	
-93.5173	-2.05915	192.016	0	
-150.208	-2.01633	274.812	0	
-140.12	-4.31165	250.583	0	
-127.138	-1.54577	190.388	0	
-126.288	-3.13655	213.727	0	
-17.3326	-3.79821	216.42	0	
9.62811	-4.98343	180.872	0	
-22.0887	-1.78555	216.333	0	
-22.2251	-2.84652	211.386	0	
9.67981	-2.91409	178.075	0	
17.2917	-2.01633	179.994	0	
4.81598	-1.75189	182.871	0	
3.98265	-2.05915	189.134	0	
-43.9583	-3.47328	222.246	0	
-42.6197	-4.31165	232.036	0	
-29.6376	-1.54577	215.256	0	
-28.7878	-3.13655	232.96	0	
-83.4261	-3.92482	212.278	0	
-87.8719	-4.98343	213.355	0	
-78.3387	-1.78555	200.078	0	
-78.4751	-2.84652	204.989	0	
110.744	-2.06993	175.355	0	
108.705	-2.8545	180.176	0	
107.292	-2.01633	167.879	0	
105.93	-2.91409	171.519	0	
101.066	-1.75189	167.022	0	
100.233	-2.05915	175.379	0	
78.9174	-3.79821	220.824	0	
128.917	-3.79821	209.792	0	
74.1613	-1.78555	230.935	0	
74.0249	-2.84652	233.561	0	
53.5417	-3.47328	228.034	0	
54.8803	-4.31165	222.194	0	
23.9174	-3.79821	193.124	0	
6.21255	-3.24559	183.016	0	
19.1613	-1.78555	181.162	0	
19.0249	-2.84652	181.973	0	
146.906	-3.51902	239.884	0	
175.818	-8.94432	289.417	0	
112.679	-3.08731	181.475	0	
121.417	-3.79821	196.45	0	
116.661	-1.78555	179.715	0	
116.525	-2.84652	180.176	0	
-138.605	-3.88818	235.011	0	
-123.385	-4.48196	212.019	0	
-113.607	-3.89079	208.54	0	
-91.2875	-3.24559	207.942	0	
-128.58	-3.14785	193.809	0	
-139.774	-5.38006	269.002	0	
-41.1052	-3.88818	221.818	0	
-25.8847	-4.48196	224.925	0	
-16.1071	-3.89079	213.607	0	
19.9625	-3.24559	185.066	0	
-31.0796	-3.14785	222.579	0	
-42.2738	-5.38006	239.014	0	
-95.6393	-4.06622	198.671	0	
-77.5375	-3.24559	209.436	0	
76.5929	-4.23242	219.583	0	
102.463	-3.24559	179.097	0	
66.9495	-4.25718	239.657	0	
56.3948	-3.88818	232.268	0	
1.86074	-4.06622	188.278	0	
14.0739	-3.92482	184.186	0	
96.9055	-3.51902	187.356	0	
109.39	-4.06799	185.336	0	
41.0417	-2.72654	225.565	0	
40.2083	-2.72654	221.041	0	
-145.337	-2.94281	232.463	0	
-142.292	-3.47328	241.344	0	
-157.708	-1.16463	213.419	0	
-167.502	-5.81125	409.715	0	
-151.458	-2.72654	276.142	0	
-149.747	-2.80091	267.623	0	
-155.26	-5.35468	293.623	0	
-153.958	-2.72654	279.199	0	
-47.8373	-2.94281	216.183	0	
-44.7917	-3.47328	222.826	0	
-53.9583	-2.72654	216.414	0	
-52.7083	-2.01633	209.89	0	
-51.2946	-2.8545	215.494	0	
-52.2473	-2.80091	214.015	0	
-60.2159	-3.06466	214.56	0	
-60.2085	-5.36053	237.407	0	
-67.7159	-3.06466	212.509	0	
-64.5113	-3.00667	208.233	0	
49.6627	-2.94281	229.711	0	
52.7083	-3.47328	229.782	0	
42.2917	-2.01633	231.153	0	
38.8316	-3.68836	216.807	0	
38.4298	-2.91409	228.388	0	
42.7083	-2.72654	227.999	0	
29.7841	-3.06466	190.015	0	
32.9887	-3.00667	204.106	0	
139.747	-2.80091	223.652	0	
141.503	-2.80091	225.373	0	
127.284	-3.06466	204.03	0	
130.489	-3.00667	206.165	0	
-116.466	-3.06466	184.502	0	
-113.261	-3.00667	179.201	0	
-88.9659	-3.06466	192.075	0	
-88.9594	-5.36183	239.559	0	
-104.003	-2.80091	174.274	0	
-102.247	-2.80091	171.971	0	
-141.458	-2.01633	216.144	0	
-138.261	-3.00667	228.646	0	
-144.94	-3.72538	249.752	0	
-141.042	-2.72654	230.286	0	
-18.9659	-3.06466	215.912	0	
-15.7613	-3.00667	210.017	0	
8.53409	-3.06466	181.183	0	
8.54056	-5.36183	184.178	0	
-6.50269	-2.80091	203.916	0	
-4.74731	-2.80091	203.551	0	
-43.9583	-2.01633	207.801	0	
-40.7613	-3.00667	209.439	0	
-47.44	-3.72538	227.112	0	
-43.5417	-2.72654	212.619	0	
-75.2159	-3.06466	202.006	0	
-72.0113	-3.00667	201.51	0	
104.784	-3.06466	173.458	0	
104.791	-5.36183	186.823	0	
89.7473	-2.80091	185.002	0	
91.5027	-2.80091	183.669	0	
77.2841	-3.06466	230.321	0	
80.4887	-3.00667	214.615	0	
53.5417	-2.01633	230.102	0	
56.7387	-3.00667	240.026	0	
50.06	-3.72538	227.512	0	
53.9583	-2.72654	232.956	0	
22.2841	-3.06466	185.233	0	
25.4887	-3.00667	195.862	0	
119.784	-3.06466	187.771	0	
122.989	-3.00667	192.388	0	
-82.7179	-2.99641	194.456	0	
-79.5113	-3.00667	200.534	0	
14.7821	-2.99641	178.33	0	
17.9887	-3.00667	182.653	0	
148.794	-2.85377	235.192	0	
151.549	-3.13784	219.218	0	
-94.9558	-2.85377	195.316	0	
-92.2008	-3.13784	185.286	0	
2.54418	-2.85377	196.64	0	
5.29924	-3.13784	184.514	0	
98.7942	-2.85377	184.909	0	
101.549	-3.13784	172.972	0	
47.8239	-3.92482	218.066	0	
52.2917	-2.72654	229.058	0	
-150.162	-3.55114	274.328	0	
-149.731	-4.40508	284.148	0	
-156.648	-3.04538	262.272	0	
-162.586	-7.77018	403.363	0	
-151.873	-3.97501	281.39	0	
-148.253	-3.78292	263.853	0	
-191.185	-10.7108	472.508	0	
-152.708	-3.47328	278.017	0	
-141.458	-3.47328	231.739	0	
-53.5398	-3.47677	220.313	0	
-52.2309	-4.40508	237.745	0	
-56.4583	-2.72654	215.814	0	
-52.6621	-3.55114	222.135	0	
-57.7232	-3.50081	218.682	0	
-50.7527	-3.78292	225.079	0	
-59.0702	-2.91409	211.009	0	
-58.6684	-3.68836	224.228	0	
-56.8899	-3.99904	230.27	0	
-55.2083	-3.47328	218.618	0	
-67.8478	-5.56717	229.817	0	
-64.264	-5.46522	242.56	0	
46.2054	-2.8545	231.545	0	
45.2691	-4.40508	217.171	0	
43.5417	-2.72654	229.519	0	
44.8379	-3.55114	227.975	0	
40.6101	-3.99904	214.462	0	
43.9602	-3.47677	229.528	0	
41.4583	-3.47328	224.442	0	
39.7768	-3.50081	225.354	0	
29.6522	-5.56717	193.985	0	
33.236	-5.46522	196.932	0	
139.063	-5.39772	218.89	0	
142.455	-2.8545	228.286	0	
138.11	-4.06799	224.977	0	
150.468	-3.59669	217.562	0	
127.152	-5.56717	215.407	0	
126.593	-4.23242	211.955	0	
-116.598	-5.56717	246.865	0	
-117.157	-4.23242	220.485	0	
-87.4178	-3.68916	206.581	0	
-84.5027	-3.78292	203.412	0	
-85.9952	-4.42757	217.139	0	
-81.1036	-3.83222	209.471	0	
-104.687	-5.39772	265.281	0	
-101.295	-2.8545	190.477	0	
-105.64	-4.06799	200.682	0	
-93.2818	-3.59669	224.065	0	
-143.978	-3.50911	239.613	0	
-140.208	-2.72654	219.565	0	
-143.564	-4.19254	255.087	0	
-139.719	-3.60804	238.131	0	
-19.0978	-5.56717	232.099	0	
-19.6571	-4.23242	227.89	0	
10.0822	-3.68916	182.068	0	
12.9973	-3.78292	181.691	0	
11.5048	-4.42757	183.29	0	
16.3964	-3.83222	184.503	0	
-7.1871	-5.39772	191.306	0	
-3.79459	-2.8545	196.419	0	
-8.13982	-4.06799	188.822	0	
4.21822	-3.59669	187.606	0	
-46.4777	-3.50911	226.573	0	
-42.7083	-2.72654	214.836	0	
-46.0637	-4.19254	232.902	0	
-42.2189	-3.60804	215.927	0	
-75.3478	-5.56717	230.712	0	
-79.2613	-5.47929	245.571	0	
106.332	-3.68916	181.882	0	
111.252	-3.08731	181.32	0	
105.878	-4.98343	185.285	0	
107.322	-3.57598	180.201	0	
89.0629	-5.39772	206.491	0	
92.4554	-2.8545	182.828	0	
88.1102	-4.06799	190.766	0	
100.468	-3.59669	187.525	0	
77.1522	-5.56717	224.189	0	
73.1505	-5.31383	217.369	0	
51.0223	-3.50911	226.695	0	
54.7917	-2.72654	230.917	0	
51.4363	-4.19254	223.388	0	
55.2811	-3.60804	234.835	0	
22.1522	-5.56717	192.043	0	
18.2387	-5.47929	190.24	0	
119.652	-5.56717	203.392	0	
120.831	-5.28353	208.863	0	
-86.4282	-3.57598	199.34	0	
-89.651	-4.21812	207.685	0	
11.0718	-3.57598	179.363	0	
7.84897	-4.21812	180.578	0	
145.626	-4.43041	226.418	0	
140.625	-4.73217	228.397	0	
-98.124	-4.43041	216.416	0	
-103.125	-4.73217	205.011	0	
-0.624027	-4.43041	183.702	0	
-5.625	-4.73217	186.607	0	
95.626	-4.43041	199.86	0	
90.625	-4.73217	191.091	0	
-152.334	-5.62943	302.779	0	
-147.176	-3.92482	265.917	0	
-153.965	-4.16242	288.034	0	
-83.4597	-6.17559	255.183	0	
-155.246	-3.54331	279.493	0	
-154.836	-4.23245	285.993	0	
-153.453	-5.20944	297.963	0	
-148.774	-4.58327	287.097	0	
-82.8931	-5.00841	224.059	0	
-49.6761	-3.92482	230.765	0	
-54.3731	-3.97501	231.122	0	
14.0403	-6.17559	190.113	0	
-60.9011	-4.21822	220.825	0	
-54.3047	-5.11624	244.249	0	
-59.1215	-4.98124	234.022	0	
-55.5387	-5.90518	249.182	0	
14.6069	-5.00841	185.693	0	
115.662	-5.33933	199.808	0	
36.5989	-4.21822	220.726	0	
38.3785	-4.98124	218.095	0	
42.2917	-3.47328	227.577	0	
40.628	-5.06466	216.139	0	
41.9613	-5.90518	202.846	0	
43.1269	-3.97501	220.081	0	
130.143	-3.89079	216.42	0	
182.973	-1.7361	306.819	0	
128.331	-5.28353	218.696	0	
142.187	-5.39772	224.485	0	
-96.8445	-3.51902	192.942	0	
-94.973	-5.11846	254.654	0	
-150.329	-5.21478	288.814	0	
-64.8571	-3.89079	219.604	0	
-154.177	-7.51666	354.188	0	
-44.707	-5.1949	242.854	0	
-146.477	-5.20289	271.386	0	
-142.711	-4.15672	251.878	0	
-148.323	-5.70833	284.956	0	
-141.026	-4.17689	254.42	0	
-145.313	-5.59213	297.295	0	
-142.015	-8.22246	376.633	0	
0.655509	-3.51902	197.398	0	
2.52695	-5.11846	188.585	0	
-51.2742	-4.58327	238.03	0	
32.6429	-3.89079	201.922	0	
-41.3858	-5.74538	257.574	0	
82.8784	-4.52398	207.727	0	
-48.9766	-5.20289	241.219	0	
-45.211	-4.15672	234.495	0	
-50.8234	-5.70833	246.785	0	
-43.5258	-4.17689	229.848	0	
-47.8132	-5.59213	256.478	0	
-44.5151	-8.22246	287.923	0	
98.777	-5.11846	198.77	0	
109.178	-6.60412	194.604	0	
104.099	-4.21812	180	0	
107.793	-4.50658	187.85	0	
43.1953	-5.11624	215.983	0	
52.793	-5.1949	214.003	0	
62.5324	-3.06872	242.232	0	
98.1107	-4.06622	186.591	0	
48.5234	-5.20289	219.786	0	
52.289	-4.15672	220.632	0	
46.6766	-5.70833	213.192	0	
53.9742	-4.17689	224.274	0	
46.2258	-4.58327	213.107	0	
55.2262	-5.38006	221.028	0	
-85.0224	-4.58092	223.606	0	
-84.5124	-5.89001	239.913	0	
12.4776	-4.58092	184.556	0	
12.9876	-5.89001	186.078	0	
-156.277	-5.20944	312.759	0	
-142.207	-5.1949	271.419	0	
-157.69	-2.6252	244.69	0	
-172.708	-13.7022	499.451	0	
-154.294	-6.05848	317.064	0	
-74.1691	-5.28353	241.321	0	
-174.419	-18.3249	529.574	0	
-52.1302	-6.3947	266.14	0	
-56.872	-5.06466	241.814	0	
-53.0402	-5.47194	242.157	0	
-110.872	-4.52398	215.451	0	
23.3309	-5.28353	196.683	0	
-13.3716	-4.52398	203.793	0	
108.908	-4.945	194.974	0	
44.4598	-5.47194	215.385	0	
49.6868	-5.59213	198.242	0	
130.736	-5.46522	217.351	0	
135.406	-8.75328	225.447	0	
-138.886	-5.74538	297.147	0	
-143.191	-7.03622	327.202	0	
-91.7489	-6.89898	285.129	0	
-92.1496	-5.26597	261.826	0	
-147.102	-6.18605	316.185	0	
-126.517	-4.32001	225.698	0	
-144.901	-4.79453	261.765	0	
-143.942	-5.03664	269.178	0	
-144.543	-7.10465	314.284	0	
-143.002	-5.76581	289.191	0	
-146.668	-7.76797	334.382	0	
-130.669	-4.37754	212.56	0	
-141.355	-5.21507	264.568	0	
-140.593	-6.0103	303.751	0	
-29.0174	-4.32001	243.728	0	
45.3698	-6.3947	182.778	0	
5.75113	-6.89898	182.441	0	
5.35038	-5.26597	183.089	0	
-65.5474	-6.44535	244.58	0	
-49.6024	-6.18605	261.592	0	
-47.4014	-4.79453	237.872	0	
-46.4417	-5.03664	242.75	0	
-47.0429	-7.10465	262.508	0	
-45.5017	-5.76581	252.485	0	
-49.1682	-7.76797	269.261	0	
-33.1694	-4.37754	231.801	0	
-43.8551	-5.21507	239.457	0	
-43.0926	-6.0103	258.735	0	
70.9983	-4.16217	224.201	0	
132.878	-4.52398	215.913	0	
106.877	-5.50143	190.883	0	
107.622	-6.93342	200.906	0	
98.3176	-7.15932	191.927	0	
101.6	-5.26597	193.353	0	
31.9526	-6.44535	195.841	0	
47.8976	-6.18605	188.796	0	
50.0986	-4.79453	220.379	0	
51.0583	-5.03664	213.97	0	
50.4571	-7.10465	190.063	0	
51.9983	-5.76581	202.087	0	
48.3318	-7.76797	183.788	0	
66.1611	-2.93321	241.414	0	
53.6449	-5.21507	219.137	0	
54.4074	-6.0103	194.599	0	
-86.9104	-5.42242	239.294	0	
-85.925	-6.50437	265.04	0	
10.5896	-5.42242	184.8	0	
11.575	-6.50437	189.018	0	
-151.678	-7.28627	337.418	0	
-149.419	-6.13754	325.885	0	
-62.2642	-6.91889	263.319	0	
-45.691	-7.03622	271.689	0	
35.2358	-6.91889	195.609	0	
51.809	-7.03622	183.647	0	
-159.418	-5.09998	309.775	0	
-115.419	-5.28353	234.747	0	
-150.027	-7.43868	331.671	0	
-113.014	-5.46522	236.085	0	
-135.879	-4.50999	227.05	0	
-127.822	-4.41078	228.722	0	
-60.8105	-6.63734	252.679	0	
-17.9191	-5.28353	225.221	0	
-54.0799	-8.70786	289.578	0	
-41.8296	-8.37487	306.01	0	
-38.3792	-4.50999	222.925	0	
-30.3219	-4.41078	242.179	0	
36.6895	-6.63734	204.371	0	
64.1709	-9.10125	141.39	0	
43.4201	-8.70786	154.556	0	
80.736	-5.46522	216.431	0	
65.625	-5.27905	212.02	0	
56.882	-4.95711	225.847	0	
-95.4324	-7.15932	286.547	0	
-145.272	-8.29733	391.967	0	
2.06757	-7.15932	179.982	0	
-15.514	-5.46522	219.482	0	
150.157	-4.6597	216.072	0	
158.883	-2.50461	164.884	0	
-133.429	-3.7302	200.796	0	
-140.644	-7.56208	330.421	0	
-35.9287	-3.7302	215.082	0	
-43.1439	-7.56208	272.003	0	
64.3005	-4.25718	245.648	0	
70.182	-3.08143	235.626	0	
-163.828	-1.26356	343.859	0	
-161.384	-5.37393	316.061	0	
102.001	-6.89898	191.181	0	
156.615	-8.65111	185.05	0	
-152.68	-8.32445	369.564	0	
-116.856	-9.69507	441.746	0	
-138.39	-7.18841	315.56	0	
-136.875	-6.99919	337.756	0	
-40.8903	-7.18841	265.231	0	
-39.375	-6.99919	284.982	0	
61.6412	-5.44334	212.985	0	
59.1208	-4.50999	239.901	0	
-82.5848	-7.52916	289.161	0	
-79.8609	-3.89608	220.468	0	
14.9152	-7.52916	194.581	0	
17.6391	-3.89608	186.657	0	
157.5	-0.496475	156.251	0	
158.137	-3.45571	185.433	0	
58.125	-6.99919	192.3	0	
80.1429	-3.89079	212.718	0	
59.6698	-8.44515	161.114	0	
61.6464	-7.44458	212.561	0	
-165.21	-0.654241	363.435	0	
-168.752	-1.0755	412.705	0	
-144.58	-10.5411	437.174	0	
-139.33	-8.37487	399.921	0	
-130.155	-5.65761	288.922	0	
-131.986	-3.63323	216.476	0	
-47.772	-8.29733	297.686	0	
-19.3558	-9.69507	295.789	0	
-32.6553	-5.65761	275.154	0	
-34.4857	-3.63323	224.698	0	
56.6097	-7.18841	198.975	0	
54.3561	-7.56208	188.111	0	
49.728	-8.29733	144.912	0	
55.6704	-8.37487	146.046	0	
-159.875	-1.43189	207.389	0	
-159.023	-2.89246	259.757	0	
156.838	-2.74918	166.664	0	
158.625	-1.12992	175.325	0	
142.731	-7.46803	223.987	0	
176.853	-1.43582	283.668	0	
-68.4071	-4.23242	224.125	0	
-66.6691	-5.28353	235.094	0	
-75.4167	-10.3326	345.655	0	
-59.8646	-8.3096	273.933	0	
-72.3571	-3.89079	217.414	0	
-69.2262	-6.72899	269.304	0	
29.0929	-4.23242	196.905	0	
30.8309	-5.28353	195.722	0	
22.0833	-10.3326	209.695	0	
37.6354	-8.3096	187.005	0	
25.1429	-3.89079	197.691	0	
28.2738	-6.72899	198.605	0	
122.643	-3.89079	203.418	0	
129.453	-6.44535	221.3	0	
121.742	-9.23105	223.513	0	
161.145	-8.54365	193.502	0	
127.477	-10.2966	219.938	0	
190.319	-2.08076	325.5	0	
-118.505	-7.54588	381.508	0	
-114.297	-6.44535	308.293	0	
-89.8332	-7.08742	290.234	0	
-101.019	-7.46803	284.316	0	
-117.858	-6.4267	274.657	0	
-140.887	-12.3828	523.008	0	
-21.0052	-7.54588	286.231	0	
-16.7974	-6.44535	233.604	0	
7.66684	-7.08742	182.275	0	
-3.51913	-7.46803	174.368	0	
-20.3582	-6.4267	248.395	0	
-43.3872	-12.3828	341.62	0	
-75.9071	-4.23242	227.407	0	
-73.0474	-6.44535	249.538	0	
-69.2388	-9.20929	317.067	0	
-71.764	-5.46522	240.666	0	
-76.7196	-6.73778	283.577	0	
-77.2148	-8.98906	343.242	0	
78.3309	-5.28353	216.38	0	
79.4526	-6.44535	210.671	0	
92.1871	-5.39772	199.084	0	
92.7309	-7.46803	201.154	0	
74.5596	-5.40086	210.804	0	
78.9296	-9.08967	210.38	0	
21.5929	-4.23242	191.034	0	
24.4526	-6.44535	200.191	0	
28.2612	-9.20929	195.208	0	
25.736	-5.46522	197.562	0	
20.7804	-6.73778	199.551	0	
20.2852	-8.98906	200.816	0	
119.093	-4.23242	200.066	0	
121.953	-6.44535	216.178	0	
125.774	-6.72899	218.895	0	
123.236	-5.46522	209.41	0	
117.071	-5.42633	207.017	0	
119.463	-9.6316	217.24	0	
-81.7013	-4.9694	237.57	0	
-80.556	-6.11128	250.826	0	
-80.8729	-7.50385	298.199	0	
-79.3782	-9.53722	345.685	0	
15.7987	-4.9694	188.846	0	
16.944	-6.11128	192.172	0	
16.6271	-7.50385	195.562	0	
18.1218	-9.53722	203.914	0	
110.83	-7.47425	213.21	0	
113.496	-4.16808	191.48	0	
-62.1755	-4.31081	229.858	0	
-62.9367	-5.73467	231.863	0	
35.3245	-4.31081	208.572	0	
34.5633	-5.73467	208.883	0	
103.261	-12.2612	199.078	0	
182.587	-9.32682	317.552	0	
-90.9255	-4.31071	209.095	0	
-93.5926	-4.6597	210.041	0	
-98.7859	-7.04865	275.971	0	
-101.563	-5.39772	262.303	0	
6.5745	-4.31071	184.169	0	
3.9074	-4.6597	185.065	0	
-1.2859	-7.04865	180.533	0	
-4.0629	-5.39772	183.94	0	
102.825	-4.31071	181.17	0	
100.157	-4.6597	185.086	0	
94.9641	-7.04865	192.989	0	
103.917	-7.08742	195.589	0	
-152.611	-10.7469	439.669	0	
-57.0477	-8.8546	284.568	0	
-120.785	-10.9617	530.663	0	
-47.0799	-10.5411	302.054	0	
-55.5733	-7.64358	270.819	0	
40.4523	-8.8546	170.241	0	
-60.6604	-12.2385	326.061	0	
50.4201	-10.5411	131.566	0	
-23.2851	-10.9617	366.321	0	
76.754	-9.39498	206.816	0	
36.8396	-12.2385	154.78	0	
104.806	-9.69773	198.182	0	
-128.573	-5.59388	277.849	0	
-119.075	-5.44657	267.039	0	
-31.0728	-5.59388	275.988	0	
-21.5748	-5.44657	247.677	0	
68.7541	-3.08143	237.295	0	
69.7027	-6.04201	212.938	0	
-173.002	-1.19333	445.459	0	
-162.298	-3.27925	320.133	0	
-134.862	-8.42353	401.097	0	
-132.922	-7.42565	321.178	0	
-37.3619	-8.42353	316.487	0	
-35.4215	-7.42565	285.445	0	
156.942	-6.29348	201.96	0	
167.502	-1.68071	227.445	0	
144.964	-7.04865	233.803	0	
194.592	-4.57815	336.657	0	
-69.6816	-4.325	229.606	0	
-70.4428	-5.74886	230.939	0	
27.8184	-4.325	196.659	0	
27.0572	-5.74886	198.455	0	
125.318	-4.325	210.307	0	
124.557	-5.74886	216.07	0	
133.174	-8.16642	219.112	0	
135.504	-5.34905	221.29	0	
-118.432	-4.325	219.243	0	
-121.558	-4.58212	219.369	0	
-110.576	-8.16642	382.067	0	
-108.246	-5.34905	236.958	0	
-20.9316	-4.325	227.285	0	
-24.0584	-4.58212	229.275	0	
-13.0757	-8.16642	235.001	0	
-10.746	-5.34905	184.41	0	
-77.1816	-4.325	233.628	0	
-77.9362	-5.75765	242.329	0	
75.3184	-4.325	228.09	0	
72.4356	-4.14101	226.339	0	
83.1743	-8.16642	219.726	0	
85.504	-5.34905	194.144	0	
20.3184	-4.325	189.94	0	
19.5638	-5.75765	191.993	0	
117.818	-4.325	193.698	0	
114.936	-4.14103	192.448	0	
-88.9774	-8.66503	337.486	0	
-86.6041	-8.13534	341.622	0	
8.52255	-8.66503	189.462	0	
10.8959	-8.13534	189.005	0	
112.168	-10.3069	199.949	0	
118.495	-7.12954	219.953	0	
113.238	-5.91521	202.624	0	
115.419	-7.77759	210.937	0	
-64.8214	-8.68669	300.776	0	
-62.8655	-8.89079	273.469	0	
32.6786	-8.68669	190.675	0	
34.6345	-8.89079	191.818	0	
-61.1145	-9.89368	298.003	0	
-90.0051	-12.6851	495.254	0	
-26.6509	-8.94098	336.271	0	
7.49494	-12.6851	191.336	0	
46.941	-8.79126	144.88	0	
129.242	-9.23105	221.698	0	
54.1128	-12.3828	86.2417	0	
76.0981	-7.0343	201.797	0	
70.9806	-5.79877	220.793	0	
73.2508	-7.54635	185.145	0	
-166.079	-8.06741	431.158	0	
-157.675	-6.42851	310.979	0	
150.595	-7.57725	194.008	0	
198.713	-12.5666	338.803	0	
-124.151	-8.94098	434.112	0	
-114.508	-9.23105	425.854	0	
-50.559	-8.79126	292.686	0	
-17.0079	-9.23105	274.946	0	
98.2113	-13.5521	196.732	0	
160.378	-5.98324	200.034	0	
-93.6512	-8.33358	360.269	0	
41.9267	-7.64358	191.752	0	
3.84876	-8.33358	180.249	0	
58.5709	-11.1429	113.373	0	
70.3765	-10.677	146.794	0	
68.9954	-8.27657	195.581	0	
92.8279	-13.8833	212.263	0	
215.861	-6.59265	342.336	0	
114.588	-6.63488	204.387	0	
117.188	-6.89612	204.946	0	
-142.675	-10.5347	462.784	0	
36.3855	-9.89368	180.981	0	
15.0411	-11.9339	205.915	0	
100.099	-8.33358	204.328	0	
72.3164	-6.49884	219.598	0	
74.78	-6.77541	221.418	0	
-125.008	-5.44279	283.937	0	
-129.35	-9.00121	464.675	0	
-27.5075	-5.44279	270.183	0	
-31.85	-9.00121	365.297	0	
136.3	-6.99449	217.296	0	
148.318	-7.15932	225.183	0	
134.209	-4.53464	216.398	0	
136.849	-4.28441	215.874	0	
-108.344	-8.75328	378.855	0	
-107.45	-6.99449	323.747	0	
-109.541	-4.53464	199.253	0	
-106.901	-4.28441	207.586	0	
-10.8444	-8.75328	190.99	0	
-9.9496	-6.99449	204.721	0	
-12.0407	-4.53464	195.485	0	
-9.40082	-4.28441	196.462	0	
85.4056	-8.75328	192.024	0	
81.2702	-10.3281	187.876	0	
84.2093	-4.53464	198.294	0	
86.8492	-4.28441	202.199	0	
-58.1585	-5.8593	249.524	0	
-58.2996	-7.91085	266.105	0	
39.3415	-5.8593	202.086	0	
39.2004	-7.91085	199.462	0	
-153.991	-11.7103	455.843	0	
-155.613	-8.50548	366.587	0	
60.4506	-4.51844	244.945	0	
62.9939	-4.39269	244.913	0	
-178.103	-1.44749	461.595	0	
-173.839	-5.64205	464.056	0	
-131.055	-7.65507	347.491	0	
-127.759	-7.52237	329.183	0	
-33.5546	-7.65507	310.157	0	
-30.2592	-7.52237	300.317	0	
-125.498	-7.46205	340.383	0	
-83.3496	-9.59591	394.178	0	
-27.9984	-7.46205	310.483	0	
14.1504	-9.59591	198.728	0	
86.3004	-6.99449	217.217	0	
150.055	-12.7198	182.57	0	
-120.728	-5.80066	276.381	0	
-120.68	-7.33391	321.166	0	
-23.2279	-5.80066	252.629	0	
-23.1798	-7.33391	275.382	0	
72.7416	-9.79585	196.08	0	
159.171	-10.2877	211.434	0	
-54.5306	-11.2795	301.157	0	
-52.3001	-7.89572	271.246	0	
42.9694	-11.2795	152.765	0	
45.1999	-7.89572	187.578	0	
-138.913	-10.8834	460.848	0	
-82.4589	-11.9339	418.919	0	
-45.1748	-10.5347	325.703	0	
-41.4132	-10.8834	331.834	0	
-135.961	-11.1213	503.713	0	
-121.786	-8.55513	457.05	0	
-38.4607	-11.1213	373.29	0	
-24.2856	-8.55513	344.158	0	
52.3252	-10.5347	119.787	0	
56.0868	-10.8834	136.711	0	
-150.634	-12.2646	500.748	0	
-118.03	-11.8896	601.274	0	
-73.2205	-8.73643	324.823	0	
-3.42296	-13.8421	223.772	0	
24.2795	-8.73643	200.241	0	
140.145	-11.4398	226.519	0	
-85.9091	-14.035	530.103	0	
-66.535	-10.5118	317.062	0	
11.5909	-14.035	210.795	0	
30.965	-10.5118	196.859	0	
-97.4745	-8.42323	377.052	0	
-112.167	-10.4695	480.506	0	
0.0255294	-8.42323	178.186	0	
-14.6674	-10.4695	239.485	0	
-164.41	-13.599	484.316	0	
-187.785	-3.81496	483.127	0	
74.9266	-11.3856	151.46	0	
65.2154	-13.6039	113.508	0	
146.276	-8.42323	201.249	0	
129.263	-24.2646	160.538	0	
114.751	-10.3233	216.257	0	
71.4242	-17.4153	78.9683	0	
-134.098	-13.8532	653.717	0	
-97.9517	-12.0229	513.921	0	
-36.5975	-13.8532	424.97	0	
-0.451702	-12.0229	183.961	0	
90.1455	-11.4398	185.622	0	
96.2755	-8.42323	210.157	0	
-56.6144	-11.5018	308.492	0	
-50.5379	-10.963	307.739	0	
40.8856	-11.5018	141.276	0	
46.9621	-10.963	129.545	0	
-148.571	-10.8319	443.987	0	
-48.1756	-15.7705	349.27	0	
-154.889	-14.3905	524.157	0	
-147.97	-17.6816	649.02	0	
-48.4549	-12.1835	339.364	0	
-45.013	-15.9763	403.626	0	
49.0451	-12.1835	92.313	0	
131.583	-10.4695	217.868	0	
-159.3	-10.3101	422.479	0	
-155.495	-10.2766	430.797	0	
54.7007	-19.2086	37.4091	0	
125.71	-8.44973	222.715	0	
-100.923	-13.8421	648.53	0	
49.3244	-15.7705	76.6235	0	
10.7483	-12.069	194.748	0	
128.01	-15.8868	191.724	0	
-150.446	-24.58	722.91	0	
-157.754	-11.6412	465.063	0	
-157.617	-14.2078	505.101	0	
-167.607	-12.1717	484.618	0	
-142.499	-15.3422	621.872	0	
163.886	-7.81396	222.909	0	
174.226	-2.69569	264.823	0	
118.732	-15.6842	186.099	0	
142.828	-13.8833	177.305	0	
-86.6409	-16.373	567.322	0	
-65.7541	-13.472	371.669	0	
10.8591	-16.373	208.664	0	
31.7459	-13.472	174.974	0	
-184.223	-1.73373	465.008	0	
-161.745	-10.4642	445.295	0	
-105.152	-7.25958	289.399	0	
-111.405	-13.4554	632.469	0	
-7.65167	-7.25958	176.16	0	
-13.9051	-13.4554	309.424	0	
88.5983	-7.25958	193.658	0	
81.7838	-13.563	209.19	0	
138.598	-7.25958	228.966	0	
131.153	-14.6103	199.326	0	
-130.23	-12.4755	560.706	0	
-125.008	-12.0914	562.891	0	
-32.73	-12.4755	419.74	0	
-27.5081	-12.0914	411.3	0	
-78.8414	-14.5362	471.365	0	
-71.2546	-10.6507	341.022	0	
18.6586	-14.5362	209.51	0	
26.2454	-10.6507	203.809	0	
-92.6578	-11.3921	488.765	0	
-85.4292	-10.045	367.508	0	
4.84222	-11.3921	188.206	0	
12.0708	-10.045	196.146	0	
137.145	-11.7939	201.061	0	
140.704	-8.66433	207.195	0	
117.489	-11.9439	220.442	0	
126.674	-12.8115	208.745	0	
-106.605	-11.7939	518.992	0	
-103.046	-8.66433	416.892	0	
-145.757	-15.2052	584.794	0	
-103.605	-11.4398	527.174	0	
-9.10523	-11.7939	228.867	0	
-5.5458	-8.66433	196.569	0	
-20.5299	-11.8896	371.313	0	
-6.10455	-11.4398	187.787	0	
87.1448	-11.7939	224.699	0	
90.7042	-8.66433	216.741	0	
-52.7296	-12.6391	328.04	0	
-51.3189	-16.133	366.103	0	
44.7704	-12.6391	94.5222	0	
46.1811	-16.133	79.6548	0	
66.2607	-7.66183	214.342	0	
61.592	-14.645	61.895	0	
39.4104	-13.2995	134.783	0	
145.799	-12.064	225.098	0	
-58.0896	-13.2995	337.544	0	
-86.7517	-12.069	441.289	0	
-76.2221	-13.5164	447.399	0	
2.5838	-13.8175	193.477	0	
-94.9162	-13.8175	582.221	0	
-80.1994	-11.9005	433.11	0	
-57.6835	-17.1843	367.731	0	
17.3006	-11.9005	207.106	0	
95.7992	-12.064	184.077	0	
142.263	-32.8139	192.119	0	
123.657	-10.3857	224.673	0	
124.174	-12.8115	205.066	0	
-116.81	-16.0011	714.272	0	
-106.911	-18.7727	788.386	0	
-122.648	-13.347	654.59	0	
-120.289	-17.0036	771.705	0	
-19.3105	-16.0011	412.873	0	
-9.41138	-18.7727	317.323	0	
-25.1485	-13.347	419.945	0	
-22.7891	-17.0036	475.595	0	
21.2779	-13.5164	204.618	0	
52.487	-15.9763	59.0308	0	
-88.8748	-11.0032	451.309	0	
-88.6138	-16.0889	621.118	0	
8.62524	-11.0032	194.308	0	
8.88623	-16.0889	219.857	0	
100.469	-11.0855	189.057	0	
122.403	-15.8868	196.492	0	
-102.761	-18.776	784.802	0	
39.8165	-17.1843	103.982	0	
-30.5151	-14.406	479.676	0	
68.6863	-14.565	123.559	0	
-84.2433	-18.71	654.862	0	
-83.6959	-14.349	525.65	0	
13.2567	-18.71	229.629	0	
13.8041	-14.349	211.267	0	
-128.015	-14.406	743.204	0	
-1.46149	-20.9398	283.929	0	
-82.3706	-17.1144	549.978	0	
-77.1404	-18.8236	539.871	0	
-34.8448	-22.1714	538.116	0	
103.857	-15.3762	173.719	0	
15.1294	-17.1144	210.744	0	
20.3596	-18.8236	202.307	0	
-71.9341	-14.5113	429.951	0	
-62.81	-14.1067	350.093	0	
25.5659	-14.5113	195.038	0	
34.69	-14.1067	162.486	0	
-170.722	-5.27006	428.865	0	
-175.476	-2.64081	450.273	0	
166.993	-9.3581	229.507	0	
179.821	-3.17192	309.94	0	
-191.569	-2.08123	457.844	0	
-180.704	-8.04338	469.666	0	
-53.6684	-18.9989	393.942	0	
-5.26069	-18.776	259.174	0	
43.8316	-18.9989	56.0991	0	
133.843	-20.6746	180.657	0	
-108.074	-14.1929	682.23	0	
-94.0883	-17.8006	706.493	0	
-10.5743	-14.1929	270.398	0	
3.41174	-17.8006	230.543	0	
134.484	-15.3478	191.232	0	
159.298	-32.6901	243.332	0	
75.2994	-15.1171	159.951	0	
125.206	-18.1807	180.965	0	
110.084	-14.9563	177.737	0	
167.645	-28.0136	290.008	0	
85.4271	-14.4419	166.801	0	
44.9695	-27.6829	45.8651	0	
-76.3835	-22.9609	664.467	0	
-62.2534	-16.8341	399.136	0	
21.1165	-22.9609	200.653	0	
35.2466	-16.8341	130.708	0	
-69.1374	-16.0301	416.396	0	
-59.6977	-18.8508	401.011	0	
28.3626	-16.0301	185.199	0	
37.8023	-18.8508	107.95	0	
-181.071	-3.18122	491.644	0	
-176.1	-9.31089	490.336	0	
170.302	-6.68287	247.736	0	
173.419	-6.43797	271.328	0	
159.128	-14.7127	200.931	0	
164.209	-14.5128	243.934	0	
-98.9615	-20.9398	803.684	0	
12.9924	-23.3158	227.649	0	
7.06144	-18.779	224.461	0	
117.677	-21.7369	158.357	0	
-79.7755	-17.335	545.901	0	
-74.7054	-15.7809	454.933	0	
17.7245	-17.335	215.71	0	
22.7946	-15.7809	208.567	0	
152.809	-9.49693	206.135	0	
153.817	-16.299	204.19	0	
-153.202	-17.3239	611.094	0	
-150.327	-16.1614	568.63	0	
-163.68	-16.5656	539.019	0	
-63.8837	-22.4837	470.166	0	
-146.558	-22.1446	726.673	0	
-142.549	-22.4698	753.235	0	
39.5095	-26.6887	70.8924	0	
91.2651	-19.3404	149.298	0	
-128.039	-20.2596	813.245	0	
-84.5076	-23.3158	716.68	0	
-57.9905	-26.6887	505.869	0	
33.6163	-22.4837	118.062	0	
-187.588	-7.89551	467.263	0	
-195.842	-4.57853	462.342	0	
100.778	-19.5012	149.747	0	
106.939	-9.51808	197.616	0	
-192.842	-29.1807	475.606	0	
-183.66	-10.6764	489.362	0	
179.592	-6.93814	292.701	0	
186.535	-3.81686	327.768	0	
-68.6736	-19.0863	490.905	0	
-64.7337	-19.2556	443.615	0	
28.8264	-19.0863	161.329	0	
32.7663	-19.2556	142.25	0	
112.986	-17.0898	173.33	0	
121.254	-28.2149	148.54	0	
-158.754	-20.6094	604.232	0	
37.0231	-22.4901	106.812	0	
25.497	-23.4473	180.756	0	
121.097	-23.8369	165.889	0	
100.41	-16.4657	191.646	0	
109.833	-12.0214	214.121	0	
-90.4386	-18.779	693.53	0	
-72.003	-23.4473	551.442	0	
-52.4633	-27.7169	516.555	0	
-60.4769	-22.4901	475.559	0	
105.849	-22.2944	171.453	0	
106.839	-16.4118	186.778	0	
-70.3526	-26.6553	614.82	0	
52.9428	-24.0743	35.3808	0	
-25.1725	-21.6016	554.389	0	
95.6087	-22.0749	180.323	0	
31.3268	-25.5223	132.404	0	
125.206	-21.9293	163.158	0	
108.462	-20.2945	155.943	0	
116.562	-17.9116	186.984	0	
111.958	-20.6901	167.865	0	
114.531	-23.4196	165.68	0	
71.0304	-23.2096	81.9586	0	
141.707	-19.6086	203.164	0	
-113.695	-16.8815	774.31	0	
-110.638	-20.7638	847.347	0	
-122.673	-21.6016	954.26	0	
-122.665	-35.1775	998.871	0	
-16.1947	-16.8815	354.457	0	
-13.138	-20.7638	414.066	0	
-30.539	-20.2596	531.937	0	
-66.1732	-25.5223	552.178	0	
78.8199	-16.4504	130.766	0	
86.8649	-19.5449	200.592	0	
-98.7451	-26.3808	937.773	0	
-88.73	-23.669	796.823	0	
-1.24511	-26.3808	341.61	0	
8.77004	-23.669	264.416	0	
-205.28	-10.9939	432.439	0	
-203.116	-22.3712	439.56	0	
-200.382	-2.4973	441.415	0	
-210.958	-2.99655	422.05	0	
-165.848	-21.217	587.596	0	
-154.734	-21.2796	641.819	0	
168.663	-18.2333	269.193	0	
175.263	-15.1641	281.001	0	
178.781	-17.6852	306.734	0	
199.132	-2.49739	336.474	0	
-119.214	-27.9461	899.849	0	
27.1474	-26.6553	150.382	0	
-37.9991	-37.0053	602.328	0	
106.132	-26.6725	137.702	0	
-80.5482	-26.5803	692.534	0	
37.9206	-30.6463	84.7498	0	
16.9518	-26.5803	211.085	0	
117.266	-31.4134	161.589	0	
113.963	-28.7182	138.473	0	
84.3565	-22.7175	116.999	0	
79.9548	-20.502	141.215	0	
78.3935	-30.9545	87.4363	0	
109.886	-30.7265	153.494	0	
-170.264	-22.5426	548.99	0	
-186.586	-34.0715	501.379	0	
-71.4692	-32.4504	643.274	0	
-64.3552	-29.4863	580.254	0	
-129.522	-33.6809	867.69	0	
-77.2844	-32.8618	780.954	0	
26.0308	-32.4504	160.872	0	
33.1448	-29.4863	109.331	0	
-35.8192	-26.3093	564.468	0	
20.2156	-32.8618	227.276	0	
-32.3341	-32.9669	602.214	0	
200.219	-31.4848	336.25	0	
-81.3536	-39.2894	782.902	0	
-59.5794	-30.6463	579.811	0	
-173.766	-29.45	580.43	0	
48.7057	-33.5404	50.3347	0	
-67.173	-34.0637	635.604	0	
-62.7476	-39.8274	664.895	0	
-10.2351	-42.3533	485.473	0	
100.623	-33.4418	134.921	0	
30.327	-34.0637	111.331	0	
34.7524	-39.8274	115.353	0	
-136.209	-17.737	727.038	0	
-132.365	-22.2129	874.14	0	
-43.198	-18.7365	436.295	0	
-38.6886	-17.6956	471.673	0	
229.784	-7.91137	340.111	0	
-195.655	-9.12754	452.703	0	
-184.632	-17.2543	486.677	0	
-223.649	-3.59612	411.933	0	
-198.906	-17.9043	451.594	0	
132.435	-31.2901	163.895	0	
136.452	-29.449	188.339	0	
186.376	-7.64136	316.438	0	
187.265	-14.6613	325.162	0	
182.331	-13.8541	308.1	0	
189.97	-10.4787	327.91	0	
60.3681	-18.9378	46.4714	0	
76.0405	-24.963	76.6089	0	
119.878	-37.6577	155.379	0	
137.314	-23.0545	158.068	0	
-140.704	-18.1438	738.671	0	
-139.168	-26.5268	849.611	0	
-133.48	-26.6767	872.18	0	
-92.1633	-28.1316	827.56	0	
-50.4644	-23.7627	456.617	0	
-44.8887	-23.6362	484.348	0	
-57.1344	-37.3795	602.1	0	
-21.7444	-28.0369	566.9	0	
124.816	-30.5282	164.367	0	
128.715	-28.4856	165.716	0	
-154.172	-36.2055	696.068	0	
-205.51	-5.49385	435.694	0	
-189.708	-16.9412	482.009	0	
190.469	-19.3683	331.129	0	
194.401	-9.15162	331.576	0	
180.928	-24.6306	315.935	0	
209.708	-2.99653	340.88	0	
40.3656	-37.3795	79.1155	0	
84.393	-29.5111	97.7736	0	
-148.752	-31.7441	795.483	0	
-141.483	-33.3657	809.955	0	
-51.8547	-39.276	629.808	0	
-41.3536	-26.7331	545.007	0	
124.872	-36.6466	162.345	0	
149.858	-28.1793	230.358	0	
5.33672	-28.1316	287.055	0	
129.988	-37.1068	191.175	0	
106.151	-35.183	149.26	0	
179.128	-40.5991	320.89	0	
74.4903	-38.1045	66.3908	0	
95.862	-26.6762	139.702	0	
101.314	-28.4806	153.192	0	
-90.1079	-37.043	913.084	0	
67.1678	-36.6738	47.8877	0	
65.58	-54.9481	95.8539	0	
113.853	-42.0949	176.343	0	
-199.966	-12.5463	446.078	0	
187.682	-25.5065	327.273	0	
209.204	-15.0839	341.773	0	
113.919	-50.1317	168.18	0	
-193.119	-20.7159	459.852	0	
-135.899	-48.5637	765.733	0	
-48.7724	-33.5709	559.238	0	
-43.2385	-32.7137	591.776	0	
134.099	-42.95	199.576	0	
122.432	-54.3794	216.925	0	
87.7148	-33.6491	114.198	0	
95.3237	-40.1176	123.091	0	
99.1751	-43.1784	146.246	0	
98.2767	-48.6319	144.789	0	
7.39212	-37.043	332.942	0	
-25.6479	-34.8802	579.994	0	
-217.111	-6.59266	407.339	0	
-216.837	-13.1836	411.543	0	
215.587	-13.1843	340.559	0	
222.399	-3.59612	341.236	0	
-178.18	-51.9759	534.112	0	
-153.647	-49.4659	673.237	0	
95.9829	-35.2801	133.827	0	
105.363	-40.0821	144.353	0	
-47.377	-47.5674	616.836	0	
-39.0554	-46.1539	621.81	0	
92.3318	-31.2524	121.944	0	
88.4066	-44.521	103.099	0	
16.1464	-39.2894	240.365	0	
104.53	-53.5724	168.307	0	
89.6237	-39.8659	125.832	0	
93.2082	-50.2262	147.173	0	
80.0854	-44.9589	98.8848	0	
195.014	-53.6987	329.678	0	
46.9683	-23.7287	50.5324	0	
65.1315	-24.4061	36.8595	0	
45.6907	-39.2794	64.6796	0	
56.758	-28.3975	33.7609	0	
58.9988	-47.2745	62.2196	0	
63.2794	-29.0001	40.4709	0	
54.5197	-33.9094	37.5238	0	
60.6283	-39.7232	49.0377	0	
-112.153	-26.9719	1015.05	0	
-106.813	-41.5616	1020.87	0	
-14.6834	-27.0627	486.834	0	
-20.3964	-45.3419	559.53	0	
-180.822	-20.7977	530.821	0	
-180.372	-28.6817	517.79	0	
-28.1388	-52.5772	552.408	0	
-8.42563	-30.9174	446.25	0	
-223.045	-18.0992	405.688	0	
197.484	-18.6006	334.694	0	
221.795	-18.0997	339.905	0	
-116.522	-44.9384	842.844	0	
-105.895	-30.8265	887.089	0	
-210.454	-15.0875	423.513	0	
-209.349	-21.1068	421.806	0	
214.41	-27.8426	338.475	0	
201.692	-23.0481	338.251	0	
-168.63	-35.332	596.695	0	
-185.88	-47.0569	464.692	0	
-58.4369	-62.9932	613.603	0	
99.1429	-60.8213	184.295	0	
90.5758	-57.9619	144.355	0	
-48.4864	-72.4847	536.118	0	
146.007	-88.8777	291.105	0	
49.8752	-47.1998	72.7231	0	
76.1765	-53.3494	100.571	0	
-231.034	-7.91137	396.146	0	
193.225	-33.1755	332.99	0	
-196.586	-54.0406	428.033	0	
-97.6075	-46.0273	826.788	0	
32.5931	-47.2676	137.31	0	
3.02215	-58.9551	340.972	0	
-230.704	-15.8235	403.371	0	
-199.677	-29.8849	438.941	0	
-199.122	-68.7901	395.213	0	
-232.183	-28.9135	400.855	0	
-145.673	-56.093	683.415	0	
-65.0282	-47.5636	683.921	0	
-0.999147	-46.7281	398.231	0	
39.3398	-61.6705	163.573	0	
208.094	-21.1083	338.256	0	
176.392	-31.8898	298.332	0	
229.454	-15.8234	340.175	0	
209.137	-35.1834	333.898	0	
139.328	-61.0399	251.075	0	
189.207	-41.0089	324.376	0	
-222.975	-26.721	402.816	0	
221.729	-26.7336	338.444	0	
231.761	-29.6353	336.77	0	
142.356	-40.4982	226.476	0	
158.523	-43.1702	277.977	0	
131.472	-51.1747	231.555	0	
149.176	-46.3437	246.808	0	
-209.391	-44.9615	407.699	0	
24.809	-66.1786	214.274	0	
-73.5915	-67.1651	647.505	0	
-93.917	-58.2892	809.276	0	
-54.9373	-53.4072	655.137	0	
81.8654	-60.6471	141.43	0	
-101.539	-70.7175	655.285	0	
-234.45	-44.5321	384.249	0	
207.95	-49.5639	335.469	0	
42.3908	-52.7401	122.053	0	
65.768	-76.5282	188.406	0	
-186.216	-79.8078	403.032	0	
60.9715	-64.9719	143.004	0	
84.6816	-83.8123	226.244	0	
133.127	-72.183	279.765	0	
169.605	-47.203	296.523	0	
99.0487	-73.5167	202.975	0	
121.291	-67.4347	227.543	0	
76.0654	-73.8022	169.721	0	
21.5973	-78.4887	288.6	0	
148.776	-58.6606	281.037	0	
159.318	-65.2507	300.32	0	
-118.231	-67.6676	671.246	0	
-123.641	-53.3865	844.361	0	
223.493	-56.6049	324.661	0	
-170.587	-61.0571	501.393	0	
-162.29	-53.2661	592.624	0	
-75.7218	-48.391	763.34	0	
-80.7855	-58.4064	720.215	0	
-78.6641	-83.0863	555.45	0	
42.8672	-124.784	275.069	0	
21.8995	-48.0949	209.332	0	
17.1665	-58.0755	276.993	0	
110.772	-78.66	247.936	0	
-128.033	-80.0868	581.025	0	
-143.217	-73.3351	564.487	0	
48.3422	-68.3158	169.526	0	
43.0743	-85.2084	225.631	0	
-31.1187	-67.2315	551.109	0	
6.99334	-83.9003	310.387	0	
180.708	-83.077	320.15	0	
-212.548	-78.6717	362.639	0	
55.4568	-91.151	229.437	0	
30.86	-90.8732	266.028	0	
195.719	-99.5338	306.769	0	
-155.091	-83.9494	468.979	0	
22.5656	-111.1	291.94	0	
-3.93924	-72.4697	399.352	0	
5.64357	-105.233	339.697	0	
-222.226	-50.9126	397.425	0	
162.751	-84.3246	304.59	0	
186.132	-63.0524	315.006	0	
-120.967	-99.7543	462.498	0	
-93.4804	-86.7559	576.265	0	
221.832	-84.1178	317.376	0	
-21.1018	-77.8858	411.473	0	
-26.257	-99.2576	412.348	0	
-222.846	-69.8732	372.698	0	
82.4716	-105.887	257.068	0	
-155.483	-105.393	394.312	0	
137.733	-106.863	301.192	0	
-208.069	-100.978	356.604	0	
-170.837	-73.8717	462.582	0	
-103.106	-103.373	446.152	0	
114.335	-101.394	276.435	0	
-63.2341	-129.89	381.394	0	
-190.247	-100.547	354.778	0	
-175.26	-116.054	359.598	0	
63.5442	-110.5	273.258	0	
100.401	-118.325	286.443	0	
-14.9272	-144.737	339.09	0	
-136.544	-114.446	409.193	0	
-10.4442	-115.174	328.932	0	
-62.9959	-88.4674	531.009	0	
-50.7834	-104.586	390.668	0	
-91.8996	-128.662	375.667	0	
-132.369	-138.886	372.646	0	
-178.662	-146.313	335.075	0	
-43.1907	-154.124	342.222	0	
-213.777	-154.351	319.037	0	
184.547	-133.757	311.103	0	
43.9892	-153.642	298.768	0	
105.563	-154.614	289.009	0	
-105.586	-149.483	370.881	0	
153.516	-136.648	298.27	0	
222.629	-148.911	301.697	0	
