# File: UnstructuredGrid_Inversion_L0_Coarse_Iter01.dat
# (No specific header documentation)

-158.75	-0.496475	202.849	0	
-156.875	-0.668155	297.933	0	
-60.625	-0.431516	186.789	0	
36.875	-0.431516	240.587	0	
-228.198	-124.523	391.105	0	
135.625	-0.668155	254.343	0	
38.125	-0.668155	222.082	0	
-169.883	-44.1849	828.868	0	
-59.375	-0.668155	200.089	0	
-115.32	-2.91409	191.23	0	
-208.422	-34.2476	511.626	0	
-85.9973	-2.80091	189.825	0	
-161.562	-31.1528	872.746	0	
-162.282	-23.9451	673.458	0	
-110.104	-1.86538	186.589	0	
-135.637	-38.619	959.254	0	
-61.354	-1.86538	187.66	0	
-135.104	-1.86538	208.833	0	
-148.497	-8.59138	331.101	0	
-146.25	-1.09967	259.912	0	
-142.708	-2.72654	237.213	0	
-143.958	-2.01633	240.511	0	
-129.845	-3.05088	209.311	0	
-151.594	-4.85908	287.023	0	
-155.208	-2.01633	297.311	0	
-146.05	-12.2522	408.023	0	
-152.292	-2.72654	291.542	0	
-159.95	-16.471	558.435	0	
134.375	-0.431516	239.515	0	
-17.8202	-2.91409	248.367	0	
-156.27	-3.86216	271.46	0	
-41.4583	-2.01633	217.206	0	
-154.792	-2.72654	279.478	0	
-153.542	-3.47328	286.689	0	
-12.604	-1.86538	255.334	0	
-148.795	-2.8545	280.093	0	
36.146	-1.86538	237.749	0	
-37.604	-1.86538	236.224	0	
-170.813	-2.26882	430.016	0	
-48.75	-1.09967	202.319	0	
-166.927	-1.72974	351.182	0	
-163.743	-2.99807	322.758	0	
-57.2917	-2.72654	203.538	0	
-165.769	-3.46425	376.934	0	
-56.0417	-3.47328	206.895	0	
-157.576	-8.14551	353.138	0	
-54.7917	-2.72654	203.755	0	
-63.125	-0.36089	187.342	0	
-162.675	-0.60932	293.595	0	
-82.5	-1.09967	192.022	0	
-60.5207	-2.1669	195.511	0	
-155	-1.09967	248.522	0	
-75.5207	-2.1669	195.676	0	
-160.875	-0.935418	248.141	0	
-65.625	-0.431516	179.543	0	
85.625	-0.668155	187.167	0	
-154.375	-0.668155	342.852	0	
61.875	-0.668155	201.868	0	
-151.875	-0.668155	340.886	0	
-151.25	-1.09967	300.317	0	
44.7917	-2.01633	218.02	0	
-153.125	-0.431516	332.932	0	
56.0417	-2.01633	207.507	0	
-155.625	-0.431516	301.521	0	
78.4298	-2.91409	210.219	0	
-161.767	-1.54474	319.606	0	
-55	-1.09967	188.186	0	
-150.625	-0.431516	325.929	0	
-152.5	-1.09967	282.015	0	
37.2915	-5.36053	220.767	0	
-148.125	-0.366631	297.649	0	
37.2841	-3.06466	231.281	0	
-145.625	-0.668155	294.856	0	
-146.875	-0.431516	292.416	0	
43.125	-0.668155	204.69	0	
38.9583	-2.01633	229.583	0	
-144.375	-0.431516	259.916	0	
34.375	-0.36089	251.895	0	
-141.875	-0.431516	252.64	0	
-140.625	-0.668155	258.988	0	
31.875	-0.431516	240.075	0	
-141.25	-1.09967	229.511	0	
40	-1.09967	236.525	0	
-145	-1.09967	214.026	0	
40.625	-0.668155	210.981	0	
15	-1.09967	211.982	0	
-133.75	-1.09967	194.15	0	
140.625	-3.34884	228.63	0	
-134.375	-0.431516	220.863	0	
-133.125	-0.668155	234.501	0	
144.345	-3.52006	235.696	0	
-135.625	-0.366631	229.715	0	
148.422	-2.00504	246.541	0	
138.422	-2.00504	230.978	0	
-131.875	-0.431516	204.455	0	
136.756	-2.06993	226.818	0	
-125	-1.09967	199.947	0	
-128.75	-1.09967	188.292	0	
138.125	-0.366631	243.658	0	
-131.25	-0.798148	205.357	0	
139.375	-0.668155	247.977	0	
-132.5	-1.09967	185.293	0	
145.625	-0.668155	270.32	0	
-140	-1.09967	199.466	0	
21.9793	-2.1669	220.927	0	
129.375	-0.431516	230.116	0	
-125.625	-0.431516	204.404	0	
111.25	-1.09967	208.125	0	
-123.75	-1.09967	198.089	0	
-122.5	-0.798148	189.423	0	
-111.875	-0.36089	188.762	0	
-117.604	-1.86538	191.003	0	
119.479	-2.1669	219.826	0	
-120.881	-3.06027	204.568	0	
-118.125	-0.366631	197.96	0	
-99.4045	-3.52006	191.577	0	
-115.625	-0.668155	202.196	0	
-110	-0.798148	188.198	0	
-88.125	-0.668155	176.468	0	
-116.875	-0.431516	193.227	0	
-123.125	-0.431516	207.085	0	
-116.25	-1.09967	187.632	0	
-114.375	-0.431516	194.916	0	
-98.125	-0.668155	206.695	0	
-108.75	-1.09967	180.281	0	
-104.375	-0.668155	193.421	0	
-109.375	-0.431516	193.322	0	
-108.125	-0.668155	206.481	0	
-106.994	-2.06993	198.134	0	
-110.625	-0.366631	194.599	0	
-109.271	-2.1669	188.62	0	
-136.875	-0.36089	227.234	0	
-106.875	-0.431516	187.314	0	
-134.068	-5.08295	233.958	0	
-98.75	-1.09967	189.404	0	
-103.75	-1.09967	203.291	0	
-124.375	-0.668155	195.439	0	
-106.25	-0.798148	200.095	0	
-139.375	-0.431516	236.319	0	
-107.5	-1.09967	179.766	0	
-105.625	-0.366631	195.172	0	
-115	-1.09967	178.9	0	
-105.328	-2.00504	197.983	0	
-126.875	-0.366631	193.733	0	
131.875	-0.36089	243.616	0	
-103.125	-0.431516	197.266	0	
49.375	-0.668155	211.678	0	
-129.375	-0.668155	193.13	0	
-100.625	-0.366631	198.372	0	
-130.625	-0.366631	210.349	0	
-90.104	-1.86538	185.095	0	
-99.375	-0.431516	193.921	0	
-131.994	-2.06993	204.484	0	
-147.589	-1.76841	276.139	0	
-96.875	-0.431516	188.151	0	
-135	-0.798148	203.678	0	
-94.375	-0.668155	190.133	0	
-88.75	-1.09967	179.831	0	
-146.756	-2.06993	263.769	0	
-96.25	-0.798148	198.58	0	
-146.468	-2.99641	259.567	0	
-97.5	-1.09967	180.826	0	
-149.375	-0.668155	312.782	0	
-144.792	-2.01633	261.866	0	
-89.375	-0.431516	176.922	0	
-153.75	-1.09967	298.347	0	
-87.5	-1.09967	179.436	0	
-86.875	-0.431516	179.456	0	
-153.542	-2.01633	301.357	0	
-68.854	-1.86538	195.029	0	
-143.75	-1.09967	251.972	0	
-147.5	-0.798148	255.833	0	
-83.125	-0.431516	179.144	0	
-150	-1.09967	291.38	0	
-81.25	-1.09967	176.722	0	
-80.625	-0.431516	172.072	0	
-156.25	-1.09967	275.868	0	
-76.354	-1.86538	182.171	0	
-151.042	-2.01633	304.641	0	
-83.75	-0.798148	188.641	0	
-152.708	-2.01633	311.155	0	
-90.625	-0.366631	186.967	0	
-143.125	-0.668155	258.58	0	
-14.375	-0.36089	288.98	0	
-75.625	-0.431516	176.084	0	
-23.3807	-3.06027	239.352	0	
-68.75	-0.798148	201.823	0	
-73.75	-1.09967	178.065	0	
-25.625	-0.431516	273.697	0	
-74.375	-0.668155	187.027	0	
-16.875	-0.431516	310.489	0	
9.375	-0.668155	232.278	0	
-69.375	-0.366631	195.986	0	
-0.625	-0.668155	243.931	0	
-66.875	-0.668155	186.274	0	
-61.25	-0.798148	193.556	0	
-11.7707	-2.1669	242.204	0	
-68.125	-0.431516	187.041	0	
-7.82772	-2.00504	253.744	0	
-67.5	-1.09967	196.185	0	
-1.90454	-3.52006	211.846	0	
-9.49439	-2.06993	253.482	0	
-60	-1.09967	179.861	0	
-39.375	-0.36089	230.372	0	
36.9793	-2.1669	228.324	0	
-57.5	-1.09967	188.14	0	
-41.875	-0.431516	225.354	0	
-61.875	-0.366631	198.956	0	
-8.125	-0.366631	278.64	0	
-26.875	-0.668155	303.146	0	
-56.875	-0.668155	205.137	0	
-31.875	-0.668155	261.835	0	
-54.375	-0.668155	199.775	0	
-53.75	-1.09967	192.326	0	
-34.4944	-2.06993	225.655	0	
-55.625	-0.431516	192.883	0	
-36.7707	-2.1669	229.672	0	
-58.125	-0.431516	191.265	0	
-36.5676	-5.08295	238.48	0	
-66.25	-1.09967	177.014	0	
-6.875	-0.668155	262.762	0	
-76.875	-0.366631	180.835	0	
-156.042	-2.01633	267.297	0	
-51.875	-0.668155	209.525	0	
-50.625	-0.366631	189.582	0	
-48.9679	-2.99641	207.127	0	
-48.125	-0.668155	180.726	0	
-47.5	-1.09967	225.092	0	
-37.5	-0.798148	214.75	0	
-49.375	-0.431516	202.571	0	
-50.0889	-1.76841	197.108	0	
-45.625	-0.668155	198.989	0	
-43.75	-1.09967	227.819	0	
-46.25	-1.09967	222.25	0	
-43.125	-0.668155	187.009	0	
-42.5	-1.09967	228.414	0	
-56.25	-1.09967	188.301	0	
-44.375	-0.431516	212.614	0	
-47.2917	-2.01633	208.541	0	
-46.875	-0.431516	215.183	0	
-49.2556	-2.06993	203.983	0	
-57.7083	-2.01633	198.926	0	
-38.125	-0.366631	213.288	0	
-53.5417	-2.01633	194.305	0	
-35.625	-0.668155	234.109	0	
-35	-1.09967	246.81	0	
-52.5	-1.09967	179.902	0	
-36.875	-0.431516	267.722	0	
-50	-0.798148	194.041	0	
-58.5417	-2.01633	196.75	0	
-33.75	-0.798148	233.182	0	
-62.5	-0.727521	202.519	0	
-31.25	-1.09967	218.01	0	
-29.375	-0.366631	287.36	0	
-68.0207	-2.1669	197.662	0	
-27.5	-1.09967	221.63	0	
-64.375	-0.668155	198.203	0	
-34.375	-0.431516	258.225	0	
-58.75	-1.09967	188.822	0	
-36.25	-1.09967	246.147	0	
-56.0417	-2.01633	198.769	0	
-66.0417	-2.01633	184.89	0	
-20.104	-1.86538	279.984	0	
-70.625	-0.36089	189.407	0	
-25	-0.798148	244.667	0	
-18.75	-1.09967	281.776	0	
-73.125	-0.431516	180.618	0	
-26.25	-1.09967	241.151	0	
-65	-1.09967	173.973	0	
-75	-1.09967	179.108	0	
-19.375	-0.431516	308.523	0	
105.625	-0.668155	203.935	0	
-12.5	-0.798148	242.323	0	
-17.5	-1.09967	242.594	0	
88.7946	-2.8545	197.56	0	
-18.125	-0.668155	291.263	0	
99.7712	-2.84299	198.971	0	
-20.625	-0.366631	295.249	0	
-86.4583	-2.01633	182.702	0	
107.753	-2.80091	197.239	0	
-13.125	-0.366631	290.938	0	
86.7556	-2.06993	193.796	0	
-10.625	-0.668155	300.211	0	
-10	-1.09967	231.043	0	
88.125	-0.366631	191.577	0	
-11.875	-0.431516	288.191	0	
89.375	-0.668155	186.304	0	
79.375	-0.431516	199.139	0	
-8.75	-0.798148	271.924	0	
71.25	-0.798148	204.169	0	
-6.25	-1.09967	252.45	0	
-5.625	-0.431516	264.679	0	
64.6723	-2.00504	213.019	0	
-1.25	-1.09967	224.523	0	
72.8693	-3.06027	209.871	0	
-9.375	-0.431516	273.287	0	
81.875	-0.36089	196.014	0	
-11.25	-1.09967	241.535	0	
95.625	-0.668155	198.581	0	
-28.125	-0.431516	262.368	0	
-62.5054	-1.48403	192.788	0	
-53.125	-0.431516	188.694	0	
-33.125	-0.366631	239.765	0	
-134.271	-2.1669	211.905	0	
-3.125	-0.366631	259.244	0	
-1.875	-0.431516	228.598	0	
65.625	-0.668155	199.698	0	
7.39595	-1.86538	213.86	0	
-3.70074e-17	-1.09967	227.002	0	
72.1723	-2.00504	211.129	0	
64.375	-0.366631	201.477	0	
0.625	-0.431516	232.803	0	
55.625	-0.431516	193.514	0	
3.125	-0.668155	217.138	0	
8.75	-1.09967	210.104	0	
48.5321	-2.99641	225.843	0	
1.25	-0.798148	235.487	0	
58.125	-0.36089	190.972	0	
6.875	-0.366631	226.022	0	
63.0056	-2.06993	210.861	0	
48.2444	-2.06993	211.373	0	
8.125	-0.431516	222.238	0	
50.2083	-2.01633	215.909	0	
10	-1.09967	195.105	0	
10.625	-0.431516	219.232	0	
51.25	-1.09967	207.624	0	
28.646	-1.86538	226.722	0	
51.875	-0.668155	206.313	0	
47.4111	-1.76841	216.121	0	
14.375	-0.431516	226.62	0	
47.5	-0.798148	221.34	0	
16.25	-1.09967	228.689	0	
16.875	-0.431516	234.938	0	
43.9583	-2.01633	225.087	0	
21.146	-1.86538	225.609	0	
39.7917	-2.01633	226.174	0	
13.75	-0.798148	223.676	0	
45.625	-0.668155	198.738	0	
20.625	-0.366631	227.828	0	
60	-0.798148	209.717	0	
41.25	-1.09967	230.375	0	
21.875	-0.431516	236.112	0	
33.125	-0.668155	223.697	0	
28.75	-0.798148	231.143	0	
23.75	-1.09967	224.704	0	
34.9946	-1.48403	243.049	0	
23.125	-0.668155	229.88	0	
41.4583	-2.01633	224.806	0	
35	-0.727521	239.416	0	
28.125	-0.366631	229.05	0	
32.5	-1.09967	219.503	0	
30.625	-0.668155	226.338	0	
36.25	-0.798148	233.374	0	
26.875	-0.36089	243.482	0	
29.375	-0.431516	234.153	0	
31.4583	-2.01633	218.224	0	
30	-1.09967	219.335	0	
29.4793	-2.1669	221.659	0	
11.0417	-2.01633	209.006	0	
37.5	-1.09967	239.537	0	
150.625	-0.431516	249.181	0	
128.43	-2.91409	231.054	0	
38.75	-1.09967	240.376	0	
150	-1.09967	236.189	0	
35.625	-0.366631	227.364	0	
22.5	-1.09967	223.449	0	
153.75	-0.798148	221.504	0	
42.5	-1.09967	234.913	0	
148.125	-0.366631	255.362	0	
48.75	-1.09967	203.75	0	
43.75	-1.09967	227.452	0	
141.875	-0.668155	255.933	0	
41.875	-0.431516	228.892	0	
146.756	-2.06993	245.403	0	
39.375	-0.431516	238.391	0	
149.771	-2.84299	234.981	0	
31.25	-1.09967	218.209	0	
24.375	-0.431516	238.588	0	
44.375	-0.431516	223.885	0	
45	-1.09967	240.161	0	
138.795	-2.8545	229.179	0	
46.875	-0.366631	220.998	0	
140.208	-2.01633	237.195	0	
59.896	-1.86538	202.717	0	
50	-1.09967	195.207	0	
141.25	-1.09967	234.856	0	
48.125	-0.431516	192.502	0	
143.75	-0.798148	251.406	0	
138.75	-1.03479	238.538	0	
53.75	-1.09967	197.672	0	
132.495	-1.48403	232.539	0	
54.375	-0.668155	198.251	0	
55	-1.09967	198.138	0	
126.979	-2.1669	228.727	0	
53.125	-0.431516	190.084	0	
130.625	-0.668155	252.539	0	
50.625	-0.431516	193.445	0	
137.589	-1.76841	233.615	0	
128.958	-2.01633	217.817	0	
59.375	-0.366631	192.442	0	
83.646	-1.86538	190.531	0	
60.625	-0.431516	198.75	0	
62.5	-1.09967	198.757	0	
124.375	-0.36089	233.903	0	
61.25	-1.09967	196.49	0	
130	-1.09967	191.763	0	
110.686	-4.3008	226.735	0	
63.125	-0.431516	195.296	0	
-113.125	-0.668155	205.643	0	
68.75	-1.09967	212.305	0	
67.5	-0.798148	215.207	0	
-111.255	-1.48403	188.462	0	
63.75	-0.798148	205.955	0	
113.75	-0.798148	202.955	0	
68.125	-0.431516	211.363	0	
121.875	-0.431516	223.977	0	
93.125	-0.366631	183.741	0	
132.5	-0.727521	221.925	0	
-111.25	-0.727521	200.143	0	
76.146	-1.86538	207.601	0	
-113.75	-1.09967	183.888	0	
70.625	-0.431516	203.118	0	
77.5	-1.09967	211.788	0	
-118.75	-0.727521	201.994	0	
70	-1.09967	202.495	0	
-114.792	-2.01633	193.681	0	
-89.2707	-2.1669	185.516	0	
76.875	-0.431516	203.003	0	
-93.9788	-2.84299	200.986	0	
83.75	-0.798148	192.244	0	
78.75	-1.09967	205.841	0	
-85.625	-0.668155	182.444	0	
78.125	-0.668155	200.204	0	
-81.875	-0.668155	170.363	0	
75.625	-0.366631	201.138	0	
-120.625	-0.668155	209.899	0	
-86.25	-1.09967	179.072	0	
83.125	-0.366631	189.501	0	
-93.75	-1.09967	202.04	0	
133.646	-1.86538	227.077	0	
86.25	-1.09967	193.856	0	
-104.955	-2.8545	199.795	0	
84.375	-0.431516	188.933	0	
-93.125	-0.431516	196.803	0	
-96.9944	-2.06993	202.76	0	
87.5	-0.798148	198.858	0	
-101.875	-0.668155	189.995	0	
90	-1.09967	182.53	0	
90.625	-0.431516	183.281	0	
-100.089	-1.76841	192.147	0	
95	-1.09967	183.035	0	
-95.625	-0.366631	192.812	0	
86.875	-0.431516	188.141	0	
-90	-0.798148	192.241	0	
85	-1.09967	193.297	0	
-87.2917	-2.01633	184.053	0	
-116.771	-2.1669	194.087	0	
143.661	-1.76841	242.018	0	
-100	-0.798148	193.974	0	
94.375	-0.431516	184.423	0	
-102.5	-1.09967	195.853	0	
96.25	-1.09967	189.806	0	
103.646	-1.86538	186.153	0	
-103.542	-2.01633	197.77	0	
-105	-1.03479	197.718	0	
97.5	-0.798148	197.373	0	
-136.255	-1.48403	220.998	0	
105	-1.09967	178.445	0	
103.125	-0.366631	198.412	0	
-130.328	-2.00504	194.73	0	
99.375	-0.668155	181.574	0	
-138.125	-0.668155	245.653	0	
96.875	-0.431516	188.385	0	
-106.161	-1.76841	190.74	0	
-123.244	-2.06993	192.558	0	
126.146	-1.86538	225.821	0	
-128.125	-0.431516	211.464	0	
106.875	-0.431516	194.012	0	
110	-0.798148	197.606	0	
-126.304	-1.54577	196.108	0	
106.25	-1.09967	194.643	0	
-121.875	-0.366631	195.782	0	
-126.25	-0.798148	207.655	0	
118.646	-1.86538	215.21	0	
-130	-1.03479	209.164	0	
113.125	-0.431516	213.516	0	
120	-1.09967	203.429	0	
-148.75	-1.03479	281.23	0	
112.5	-1.09967	207.589	0	
-131.161	-1.76841	204.251	0	
110.625	-0.431516	212.996	0	
-127.242	-2.24637	189.929	0	
104.375	-0.431516	189.007	0	
-117.5	-0.798148	196.07	0	
-143.542	-2.72654	250.032	0	
119.375	-0.431516	225.475	0	
-139.792	-2.01633	238.835	0	
126.25	-0.798148	226.36	0	
121.25	-1.09967	219.387	0	
-138.75	-1.09967	226.199	0	
120.625	-0.668155	235.013	0	
-136.25	-0.727521	237.642	0	
-142.292	-2.01633	244.388	0	
125.625	-0.366631	237.867	0	
-13.7554	-1.48403	271.65	0	
128.125	-0.668155	238.826	0	
133.75	-0.798148	234.307	0	
-19.2707	-2.1669	264.135	0	
126.875	-0.431516	233.747	0	
-15.625	-0.668155	304.034	0	
127.5	-1.09967	219.697	0	
-142.5	-1.09967	215.156	0	
-17.2917	-2.01633	267.728	0	
135	-1.09967	209.653	0	
-21.25	-0.727521	302.661	0	
158.73	-5.36963	165.297	0	
136.25	-1.09967	220.869	0	
-23.125	-0.668155	280.931	0	
133.125	-0.366631	244.981	0	
-16.25	-1.09967	267.353	0	
15.625	-0.668155	230.044	0	
137.5	-0.798148	218.976	0	
11.875	-0.668155	228.519	0	
140	-1.09967	221.937	0	
140.625	-0.431516	251.336	0	
10.2083	-2.01633	213.71	0	
145	-1.09967	229.864	0	
3.52121	-2.84299	212.279	0	
136.875	-0.431516	250.764	0	
8.22929	-2.1669	212.12	0	
128.75	-1.09967	235.352	0	
-13.75	-0.727521	305.39	0	
118.125	-0.366631	237.467	0	
-148.422	-2.00504	280.799	0	
4.375	-0.431516	232.503	0	
144.375	-0.431516	260.72	0	
-7.45541	-2.8545	228.857	0	
146.25	-1.09967	267.135	0	
146.875	-0.431516	287.427	0	
7.5	-0.798148	215.985	0	
153.646	-1.86538	247.333	0	
3.75	-1.09967	216.935	0	
1.875	-0.366631	237.451	0	
149.375	-0.668155	262.4	0	
-2.58895	-1.76841	227.881	0	
153.125	-0.366631	236.168	0	
154.375	-0.431516	218.784	0	
-11.4094	-3.16789	216.602	0	
155	-1.09967	255.258	0	
-4.375	-0.668155	249.712	0	
147.5	-0.798148	243.349	0	
0.505614	-2.06993	222.728	0	
-6.04167	-2.01633	237.577	0	
156.458	-1.16463	184.536	0	
-8.66105	-1.76841	254.031	0	
159.625	-0.633448	165.933	0	
161.425	-0.98887	170.729	0	
-7.5	-1.03479	261.739	0	
160.517	-1.62232	161.805	0	
-5	-1.09967	232.889	0	
-38.7554	-1.48403	225.832	0	
153.021	-4.78762	209.843	0	
-20	-0.798148	260.016	0	
163.752	-4.86774	183.074	0	
164.832	-2.66958	157.624	0	
-25.7444	-2.06993	248.089	0	
163.115	-0.98887	188.713	0	
-32.8277	-2.00504	234.268	0	
155.484	-3.31993	200.906	0	
-40.625	-0.668155	204.603	0	
155.625	-0.668155	158.654	0	
-2.5	-0.798148	223.081	0	
-30.625	-0.431516	236.15	0	
160.191	-2.997	177.823	0	
-29.7419	-2.24637	242.88	0	
169.563	-2.94058	225.768	0	
154.995	-4.95032	176.037	0	
-28.75	-0.798148	279.592	0	
148.777	-5.11846	211.81	0	
-28.8043	-1.54577	259.08	0	
-32.5	-1.03479	215.904	0	
204.26	-5.49392	332.752	0	
-50.9223	-2.00504	197.94	0	
148.441	-21.3686	147.336	0	
-46.0417	-2.72654	218.699	0	
204.031	-10.9896	330.088	0	
-51.25	-1.03479	188.383	0	
151.796	-5.74288	217.858	0	
-33.6611	-1.76841	236.258	0	
-42.2917	-2.01633	207.306	0	
170.801	-56.9665	387.966	0	
-45	-1.09967	224.589	0	
-44.7917	-2.01633	215.171	0	
-41.25	-1.09967	215.285	0	
-61.9845	-2.19037	197.34	0	
34.9625	-3.24559	220.582	0	
-71.875	-0.668155	195.738	0	
-66.5702	-2.91409	197.009	0	
-63.75	-1.02905	189.962	0	
-38.75	-0.727521	226.726	0	
161.093	-4.56171	168.363	0	
-24.375	-0.366631	301.682	0	
143.125	-0.366631	255.284	0	
11.25	-1.09967	208.064	0	
-70.0054	-1.48403	193.841	0	
-108.909	-3.16789	191.133	0	
-74.0702	-2.91409	197.072	0	
69.375	-0.668155	207.352	0	
-70	-0.727521	201.101	0	
-73.5417	-2.01633	183.317	0	
-72.5	-1.09967	171.006	0	
-77.5	-0.727521	199.825	0	
-79.375	-0.668155	178.98	0	
104.479	-2.1669	196.201	0	
111.875	-0.668155	192.51	0	
98.4223	-2.00504	195.393	0	
108.125	-0.668155	203.909	0	
106.458	-2.01633	195.196	0	
107.5	-1.09967	188.373	0	
100.625	-0.431516	195.824	0	
100	-1.09967	202.338	0	
94.3455	-3.52006	192.292	0	
103.75	-0.798148	190.615	0	
96.7556	-2.06993	200.408	0	
98.125	-0.366631	191.277	0	
91.875	-0.668155	180.019	0	
93.6611	-1.76841	184.961	0	
88.4223	-2.00504	193.038	0	
93.75	-0.798148	191.702	0	
90.2083	-2.01633	190.318	0	
91.25	-1.09967	185.81	0	
87.5889	-1.76841	195.919	0	
88.75	-1.03479	198.33	0	
80.625	-0.668155	200.958	0	
82.4946	-1.48403	193.68	0	
76.9793	-2.1669	208.874	0	
82.5	-0.727521	195.207	0	
78.9583	-2.01633	205.635	0	
80	-1.09967	205.019	0	
75	-0.727521	203.999	0	
73.125	-0.668155	210.297	0	
65.0889	-2.93321	219.908	0	
76.25	-0.798148	207.351	0	
70.5056	-2.06993	208.559	0	
71.875	-0.366631	205.909	0	
66.875	-0.366631	202.39	0	
67.4111	-1.76841	214.972	0	
63.8389	-1.76841	204.084	0	
65	-1.03479	209.166	0	
56.875	-0.668155	204.263	0	
58.7446	-1.48403	199.384	0	
51.4583	-2.72654	220.581	0	
58.75	-0.727521	211.987	0	
55.2083	-2.01633	204.15	0	
56.25	-1.09967	188.748	0	
52.5	-1.09967	198.444	0	
52.7083	-2.01633	209.392	0	
46.25	-1.03479	229.776	0	
46.5777	-2.00504	222.283	0	
33.75	-1.02905	264.135	0	
35.5155	-2.19037	231.256	0	
30.9298	-2.91409	212.063	0	
134.841	-3.16789	217.042	0	
25.625	-0.668155	223.36	0	
27.4946	-1.48403	237.412	0	
23.4298	-2.91409	215.678	0	
27.5	-0.727521	236.516	0	
23.9583	-2.01633	220.053	0	
25	-1.09967	218.207	0	
20	-0.727521	222.01	0	
18.125	-0.668155	220.677	0	
151.875	-0.36089	258.075	0	
152.495	-1.48403	244.78	0	
153.016	-2.19037	219.694	0	
152.5	-0.727521	234.265	0	
147.589	-1.76841	260.086	0	
148.75	-1.03479	261.48	0	
142.5	-1.03479	236.54	0	
142.828	-2.00504	245.511	0	
134.479	-2.1669	227.94	0	
154.479	-2.1669	191.269	0	
131.25	-1.02905	223.014	0	
133.016	-2.19037	226.47	0	
129.792	-2.01633	235.822	0	
171.752	-1.25987	226.113	0	
123.125	-0.668155	246.204	0	
124.995	-1.48403	225.91	0	
120.93	-2.91409	222.362	0	
125	-0.727521	207.253	0	
121.458	-2.01633	209.992	0	
122.5	-1.09967	184.869	0	
117.5	-0.727521	201.978	0	
115.625	-0.668155	225.842	0	
-112.5	-1.02905	182.856	0	
-110.734	-2.19037	190.502	0	
-138.958	-2.01633	224.863	0	
-62.5375	-3.24559	197.79	0	
-119.375	-0.36089	190.615	0	
-118.755	-1.48403	190.329	0	
-83.0056	-2.06993	187.919	0	
-76.25	-0.798148	195.256	0	
-81.0417	-2.01633	180.405	0	
-80	-1.09967	175.366	0	
-84.375	-0.366631	178.593	0	
-83.8389	-1.76841	184.763	0	
-91.875	-0.36089	186.161	0	
-91.2554	-1.48403	191.187	0	
-90.7345	-2.19037	195.929	0	
-91.25	-0.727521	196.758	0	
-96.1611	-1.76841	190.385	0	
-95	-1.03479	195.225	0	
-101.25	-1.03479	191.758	0	
-100.922	-2.00504	192.406	0	
-65.2083	-2.01633	191.441	0	
-95.3277	-2.00504	197.957	0	
-137.5	-1.02905	213.818	0	
-135.734	-2.19037	218.695	0	
-151.04	-3.47677	288.295	0	
-118.787	-3.24559	201.266	0	
-122.411	-1.76841	199.124	0	
-121.25	-1.03479	195.172	0	
-127.5	-0.798148	186.186	0	
-128.229	-2.1669	205.652	0	
-113.958	-2.01633	190.732	0	
-121.578	-2.00504	192.827	0	
-215.662	-27.8248	506.854	0	
-114.833	-3.79821	199.916	0	
-15	-1.02905	261.512	0	
-13.2345	-2.19037	254.056	0	
-21.2875	-3.24559	248.645	0	
11.5027	-2.80091	208.626	0	
-21.875	-0.36089	298.432	0	
-21.2554	-1.48403	285.271	0	
14.4944	-2.06993	219.582	0	
21.25	-0.798148	227.882	0	
16.4583	-2.01633	219.142	0	
17.5	-1.09967	219.882	0	
13.125	-0.366631	219.485	0	
13.6611	-1.76841	214.268	0	
5.625	-0.36089	211.563	0	
6.24459	-1.48403	215.712	0	
6.76554	-2.19037	212.33	0	
6.25	-0.727521	226.126	0	
1.33895	-1.76841	228.888	0	
2.5	-1.03479	228.426	0	
-3.75	-1.03479	237.33	0	
-3.42228	-2.00504	233.672	0	
32.2917	-2.01633	220.537	0	
2.17228	-2.00504	221.404	0	
-40	-1.02905	232.009	0	
-38.2345	-2.19037	216.401	0	
-45.2083	-2.72654	221.988	0	
-32.3447	-3.05088	231.719	0	
-24.9111	-1.76841	261.043	0	
-23.75	-1.03479	268.204	0	
-30	-0.798148	260.644	0	
-30.7293	-2.1669	242.643	0	
-16.4583	-2.01633	260.436	0	
-24.0777	-2.00504	257.598	0	
-55.2083	-2.01633	199.768	0	
-46.4583	-2.01633	216.106	0	
-63.3387	-1.78555	195.504	0	
-63.4751	-2.84652	194.832	0	
-71.25	-1.02905	187.212	0	
-69.4845	-2.19037	199.838	0	
-72.7083	-2.01633	191.513	0	
-100.61	-4.06799	199.148	0	
-78.125	-0.36089	180.518	0	
-77.5054	-1.48403	186.128	0	
115.369	-3.06027	206.108	0	
118.75	-0.798148	215.315	0	
113.006	-2.06993	202.525	0	
114.375	-0.366631	205.589	0	
109.375	-0.366631	190.986	0	
109.911	-1.76841	202.686	0	
101.875	-0.36089	186.216	0	
102.495	-1.48403	192.489	0	
103.016	-2.19037	194.421	0	
102.5	-0.727521	193.989	0	
97.5889	-1.76841	192.808	0	
98.75	-1.03479	195.729	0	
92.5	-1.03479	184.232	0	
92.8277	-2.00504	190.018	0	
84.4793	-2.1669	192.622	0	
84.8406	-3.16789	194.941	0	
81.25	-1.02905	194.34	0	
83.0155	-2.19037	195.164	0	
74.9625	-3.24559	210.652	0	
132.463	-3.24559	220.713	0	
74.375	-0.36089	208.988	0	
74.9946	-1.48403	208.309	0	
71.3389	-1.76841	204.483	0	
72.5	-1.03479	206.295	0	
66.25	-1.03479	216.617	0	
66.5777	-2.00504	213.39	0	
60.7293	-2.1669	213.982	0	
79.7917	-2.01633	205.265	0	
57.5	-1.02905	191.62	0	
59.2655	-2.19037	217.807	0	
46.7473	-3.78292	227.553	0	
61.0894	-3.16569	224.219	0	
45.2527	-2.80091	227.985	0	
51.0417	-2.01633	205.849	0	
34.1613	-1.78555	228.432	0	
34.0249	-2.84652	226.193	0	
26.25	-1.02905	256.251	0	
28.0155	-2.19037	227.907	0	
-3.11018	-4.06799	204.538	0	
24.7917	-2.01633	223.827	0	
19.375	-0.36089	233.409	0	
19.9946	-1.48403	227.549	0	
151.25	-0.792406	236.319	0	
151.686	-2.07688	228.974	0	
143.14	-4.06799	229.276	0	
148.111	-4.06622	226.911	0	
144.494	-2.06993	243.696	0	
136.284	-3.07092	219.689	0	
141.042	-2.01633	235.092	0	
132.117	-5.94785	231.371	0	
131.661	-1.78555	226.431	0	
131.525	-2.84652	225.939	0	
123.75	-1.02905	215.555	0	
125.516	-2.19037	220.474	0	
93.1398	-4.06799	202.959	0	
122.292	-2.01633	226.783	0	
116.875	-0.36089	210.98	0	
117.495	-1.48403	215.377	0	
-112.089	-1.78555	194.249	0	
-112.225	-2.84652	187.407	0	
-120	-1.02905	180.199	0	
-118.234	-2.19037	195.918	0	
-138.118	-4.95711	244.092	0	
-123.957	-2.96011	206.409	0	
-85	-1.03479	182.746	0	
-84.6723	-2.00504	188.033	0	
-92.5	-0.792406	200.037	0	
-92.0644	-2.07688	201.411	0	
-111.287	-3.24559	191.157	0	
-103.125	-3.34884	208.458	0	
-99.2556	-2.06993	196.469	0	
-107.466	-3.07092	188.743	0	
-102.708	-2.01633	198.083	0	
-111.633	-5.94785	221.497	0	
-137.089	-1.78555	232.26	0	
-137.225	-2.84652	220.501	0	
-125.471	-1.8473	205.747	0	
-136.746	-5.42835	252.295	0	
-73.5826	-3.79821	200.802	0	
-125.35	-2.73747	191.718	0	
-14.5887	-1.78555	266.694	0	
-14.7251	-2.84652	248.645	0	
-22.5	-1.02905	283.652	0	
-20.7345	-2.19037	263.158	0	
-40.618	-4.95711	223.383	0	
-26.457	-2.96011	238.571	0	
12.5	-1.03479	209.18	0	
12.8277	-2.00504	218.389	0	
5	-0.792406	200.862	0	
5.43557	-2.07688	204.963	0	
-13.7875	-3.24559	230.301	0	
-5.625	-3.34884	211.63	0	
-1.75561	-2.06993	216.986	0	
-9.9664	-3.07092	212.09	0	
-5.20833	-2.01633	236.573	0	
-14.1328	-5.94785	195.576	0	
-39.5887	-1.78555	216.252	0	
-39.7251	-2.84652	214.245	0	
-27.9709	-1.8473	263.062	0	
-39.2462	-5.42835	234.144	0	
-38.7875	-3.24559	223.341	0	
-27.8502	-2.73747	240.586	0	
-70.0375	-3.24559	199.185	0	
31.4174	-3.79821	206.348	0	
-70.8387	-1.78555	194.781	0	
-70.9751	-2.84652	195.536	0	
-78.75	-1.02905	185.553	0	
-76.9845	-2.19037	199.555	0	
-85.0446	-2.8545	189.417	0	
-81.5873	-2.94281	193.428	0	
113.839	-1.76841	201.601	0	
115	-1.03479	189.951	0	
108.75	-1.03479	196.261	0	
109.078	-2.00504	197.633	0	
101.25	-0.792406	193.921	0	
101.686	-2.07688	196.473	0	
82.4625	-3.24559	198.233	0	
90.625	-3.34884	197.466	0	
94.4944	-2.06993	199.555	0	
86.2836	-3.07092	196.623	0	
91.0417	-2.01633	186.116	0	
82.1172	-5.94785	216.353	0	
81.6613	-1.78555	197.854	0	
81.5249	-2.84652	198.67	0	
73.75	-1.02905	210.951	0	
75.5155	-2.19037	210.012	0	
58.7125	-3.24559	225.77	0	
56.1142	-5.74538	207.274	0	
68.2444	-2.06993	215.185	0	
52.9849	-8.22246	176.062	0	
58.2538	-5.42835	223.108	0	
68.2925	-4.4054	224.771	0	
57.9113	-1.78555	214.941	0	
57.7749	-2.84652	217.464	0	
27.4625	-3.24559	217.607	0	
111.856	-6.04794	224.354	0	
26.6613	-1.78555	226.88	0	
26.5249	-2.84652	226.608	0	
18.75	-1.02905	234.84	0	
20.5155	-2.19037	218.536	0	
12.4554	-2.8545	205.789	0	
15.9127	-2.94281	213.525	0	
151.066	-1.75189	242.085	0	
150.233	-2.05915	241.906	0	
124.963	-3.24559	221.568	0	
152.463	-3.24559	218.869	0	
124.161	-1.78555	220.204	0	
124.025	-2.84652	220.132	0	
116.25	-1.02905	206.989	0	
118.016	-2.19037	210.098	0	
117.463	-3.24559	217.823	0	
114.672	-2.00504	209.319	0	
-136.287	-3.24559	230.922	0	
-66.0826	-3.79821	199.345	0	
-119.589	-1.78555	200.53	0	
-119.725	-2.84652	190.719	0	
-87.8202	-2.91409	185.003	0	
-80.2083	-2.01633	186.078	0	
-92.684	-1.75189	197.11	0	
-93.5173	-2.05915	201.79	0	
-150.208	-2.01633	300.567	0	
-140.12	-4.31165	241.97	0	
-127.138	-1.54577	206.758	0	
-126.288	-3.13655	212.372	0	
-17.3326	-3.79821	231.645	0	
9.62811	-4.98343	198.226	0	
-22.0887	-1.78555	267.447	0	
-22.2251	-2.84652	257.055	0	
9.67981	-2.91409	204.656	0	
17.2917	-2.01633	220.8	0	
4.81598	-1.75189	217.292	0	
3.98265	-2.05915	210.374	0	
-43.9583	-3.47328	223.259	0	
-42.6197	-4.31165	227.838	0	
-29.6376	-1.54577	259.886	0	
-28.7878	-3.13655	248.515	0	
-83.4261	-3.92482	199.5	0	
-87.8719	-4.98343	197.993	0	
-78.3387	-1.78555	192.177	0	
-78.4751	-2.84652	196.441	0	
110.744	-2.06993	206.764	0	
108.705	-2.8545	210.005	0	
107.292	-2.01633	202.127	0	
105.93	-2.91409	200.338	0	
101.066	-1.75189	195.302	0	
100.233	-2.05915	194.468	0	
78.9174	-3.79821	211.388	0	
128.917	-3.79821	222.085	0	
74.1613	-1.78555	209.086	0	
74.0249	-2.84652	211.949	0	
53.5417	-3.47328	216.556	0	
54.8803	-4.31165	217.984	0	
23.9174	-3.79821	208.678	0	
6.21255	-3.24559	199.625	0	
19.1613	-1.78555	217.429	0	
19.0249	-2.84652	215.01	0	
146.906	-3.51902	238.055	0	
175.818	-8.94432	260.221	0	
112.679	-3.08731	210.673	0	
121.417	-3.79821	216.514	0	
116.661	-1.78555	210.762	0	
116.525	-2.84652	208.743	0	
-138.605	-3.88818	231.755	0	
-123.385	-4.48196	203.395	0	
-113.607	-3.89079	198.632	0	
-91.2875	-3.24559	205.005	0	
-128.58	-3.14785	192.778	0	
-139.774	-5.38006	251.086	0	
-41.1052	-3.88818	221.373	0	
-25.8847	-4.48196	226.522	0	
-16.1071	-3.89079	226.088	0	
19.9625	-3.24559	210.342	0	
-31.0796	-3.14785	235.481	0	
-42.2738	-5.38006	224.446	0	
-95.6393	-4.06622	201.701	0	
-77.5375	-3.24559	200.623	0	
76.5929	-4.23242	211.601	0	
102.463	-3.24559	202.011	0	
66.9495	-4.25718	222.685	0	
56.3948	-3.88818	222.482	0	
1.86074	-4.06622	206.875	0	
14.0739	-3.92482	206.721	0	
96.9055	-3.51902	194.153	0	
109.39	-4.06799	204.104	0	
41.0417	-2.72654	223.195	0	
40.2083	-2.72654	225.448	0	
-145.337	-2.94281	250.435	0	
-142.292	-3.47328	245.628	0	
-157.708	-1.16463	193.032	0	
-167.502	-5.81125	392.88	0	
-151.458	-2.72654	294.9	0	
-149.747	-2.80091	285.105	0	
-155.26	-5.35468	286.513	0	
-153.958	-2.72654	295.536	0	
-47.8373	-2.94281	214.842	0	
-44.7917	-3.47328	221.123	0	
-53.9583	-2.72654	208.396	0	
-52.7083	-2.01633	204.151	0	
-51.2946	-2.8545	209.935	0	
-52.2473	-2.80091	200.316	0	
-60.2159	-3.06466	194.849	0	
-60.2085	-5.36053	215.403	0	
-67.7159	-3.06466	196.822	0	
-64.5113	-3.00667	191.972	0	
49.6627	-2.94281	213.892	0	
52.7083	-3.47328	222.32	0	
42.2917	-2.01633	220.814	0	
38.8316	-3.68836	225.15	0	
38.4298	-2.91409	225.881	0	
42.7083	-2.72654	225.371	0	
29.7841	-3.06466	210.581	0	
32.9887	-3.00667	216.27	0	
139.747	-2.80091	229.49	0	
141.503	-2.80091	235.353	0	
127.284	-3.06466	221.296	0	
130.489	-3.00667	217.462	0	
-116.466	-3.06466	192.867	0	
-113.261	-3.00667	190.685	0	
-88.9659	-3.06466	191.084	0	
-88.9594	-5.36183	216.225	0	
-104.003	-2.80091	196.524	0	
-102.247	-2.80091	194.046	0	
-141.458	-2.01633	234.948	0	
-138.261	-3.00667	233.599	0	
-144.94	-3.72538	254.028	0	
-141.042	-2.72654	239.211	0	
-18.9659	-3.06466	246.642	0	
-15.7613	-3.00667	244.549	0	
8.53409	-3.06466	203.78	0	
8.54056	-5.36183	201.27	0	
-6.50269	-2.80091	234.041	0	
-4.74731	-2.80091	228.871	0	
-43.9583	-2.01633	214.528	0	
-40.7613	-3.00667	210.907	0	
-47.44	-3.72538	221.471	0	
-43.5417	-2.72654	216.53	0	
-75.2159	-3.06466	192.765	0	
-72.0113	-3.00667	191.201	0	
104.784	-3.06466	190.06	0	
104.791	-5.36183	202.45	0	
89.7473	-2.80091	190.898	0	
91.5027	-2.80091	191.392	0	
77.2841	-3.06466	213.177	0	
80.4887	-3.00667	202.627	0	
53.5417	-2.01633	203.774	0	
56.7387	-3.00667	221.454	0	
50.06	-3.72538	225.666	0	
53.9583	-2.72654	215.178	0	
22.2841	-3.06466	210.25	0	
25.4887	-3.00667	218.196	0	
119.784	-3.06466	209.156	0	
122.989	-3.00667	211.53	0	
-82.7179	-2.99641	190.551	0	
-79.5113	-3.00667	193.471	0	
14.7821	-2.99641	207.943	0	
17.9887	-3.00667	211.492	0	
148.794	-2.85377	239.508	0	
151.549	-3.13784	230.322	0	
-94.9558	-2.85377	202.277	0	
-92.2008	-3.13784	199.702	0	
2.54418	-2.85377	212.256	0	
5.29924	-3.13784	209.791	0	
98.7942	-2.85377	198.987	0	
101.549	-3.13784	194.937	0	
47.8239	-3.92482	213.428	0	
52.2917	-2.72654	212.461	0	
-150.162	-3.55114	284.869	0	
-149.731	-4.40508	282.932	0	
-156.648	-3.04538	252.237	0	
-162.586	-7.77018	377.515	0	
-151.873	-3.97501	287.502	0	
-148.253	-3.78292	273.152	0	
-191.185	-10.7108	504.903	0	
-152.708	-3.47328	293.533	0	
-141.458	-3.47328	237.656	0	
-53.5398	-3.47677	206.76	0	
-52.2309	-4.40508	221.988	0	
-56.4583	-2.72654	205.13	0	
-52.6621	-3.55114	216.06	0	
-57.7232	-3.50081	205.91	0	
-50.7527	-3.78292	210.248	0	
-59.0702	-2.91409	198.861	0	
-58.6684	-3.68836	206.903	0	
-56.8899	-3.99904	218.327	0	
-55.2083	-3.47328	209.199	0	
-67.8478	-5.56717	210.576	0	
-64.264	-5.46522	213.809	0	
46.2054	-2.8545	220.543	0	
45.2691	-4.40508	219.286	0	
43.5417	-2.72654	222.035	0	
44.8379	-3.55114	220.627	0	
40.6101	-3.99904	219.846	0	
43.9602	-3.47677	225.523	0	
41.4583	-3.47328	223.819	0	
39.7768	-3.50081	222.343	0	
29.6522	-5.56717	205.579	0	
33.236	-5.46522	211.179	0	
139.063	-5.39772	226.687	0	
142.455	-2.8545	232.667	0	
138.11	-4.06799	223.777	0	
150.468	-3.59669	224.939	0	
127.152	-5.56717	233.396	0	
126.593	-4.23242	230.23	0	
-116.598	-5.56717	218.791	0	
-117.157	-4.23242	204.092	0	
-87.4178	-3.68916	197.032	0	
-84.5027	-3.78292	195.741	0	
-85.9952	-4.42757	201.967	0	
-81.1036	-3.83222	200.275	0	
-104.687	-5.39772	230.802	0	
-101.295	-2.8545	194.919	0	
-105.64	-4.06799	194.835	0	
-93.2818	-3.59669	218.215	0	
-143.978	-3.50911	248.528	0	
-140.208	-2.72654	229.028	0	
-143.564	-4.19254	255.16	0	
-139.719	-3.60804	238.032	0	
-19.0978	-5.56717	226.633	0	
-19.6571	-4.23242	238.07	0	
10.0822	-3.68916	202.258	0	
12.9973	-3.78292	204.79	0	
11.5048	-4.42757	201.42	0	
16.3964	-3.83222	206.286	0	
-7.1871	-5.39772	196.608	0	
-3.79459	-2.8545	216.103	0	
-8.13982	-4.06799	202.4	0	
4.21822	-3.59669	199.193	0	
-46.4777	-3.50911	223.232	0	
-42.7083	-2.72654	220.737	0	
-46.0637	-4.19254	225.384	0	
-42.2189	-3.60804	213.027	0	
-75.3478	-5.56717	216.483	0	
-79.2613	-5.47929	221.324	0	
106.332	-3.68916	200.409	0	
111.252	-3.08731	203.297	0	
105.878	-4.98343	210.567	0	
107.322	-3.57598	207.957	0	
89.0629	-5.39772	207.582	0	
92.4554	-2.8545	189.748	0	
88.1102	-4.06799	198.966	0	
100.468	-3.59669	207.709	0	
77.1522	-5.56717	217.67	0	
73.1505	-5.31383	212.042	0	
51.0223	-3.50911	218.801	0	
54.7917	-2.72654	211.997	0	
51.4363	-4.19254	223.663	0	
55.2811	-3.60804	223.018	0	
22.1522	-5.56717	202.32	0	
18.2387	-5.47929	205.587	0	
119.652	-5.56717	227.333	0	
120.831	-5.28353	237.075	0	
-86.4282	-3.57598	191.716	0	
-89.651	-4.21812	197.988	0	
11.0718	-3.57598	202.036	0	
7.84897	-4.21812	198.613	0	
145.626	-4.43041	218.705	0	
140.625	-4.73217	226.737	0	
-98.124	-4.43041	214.745	0	
-103.125	-4.73217	196.799	0	
-0.624027	-4.43041	189.972	0	
-5.625	-4.73217	199.08	0	
95.626	-4.43041	222.028	0	
90.625	-4.73217	200.89	0	
-152.334	-5.62943	292.832	0	
-147.176	-3.92482	265.534	0	
-153.965	-4.16242	290.297	0	
-83.4597	-6.17559	222.727	0	
-155.246	-3.54331	279.46	0	
-154.836	-4.23245	283.927	0	
-153.453	-5.20944	290.11	0	
-148.774	-4.58327	279.568	0	
-82.8931	-5.00841	206.86	0	
-49.6761	-3.92482	226.106	0	
-54.3731	-3.97501	220.651	0	
14.0403	-6.17559	203.955	0	
-60.9011	-4.21822	205.547	0	
-54.3047	-5.11624	225.756	0	
-59.1215	-4.98124	215.878	0	
-55.5387	-5.90518	240.124	0	
14.6069	-5.00841	203.501	0	
115.662	-5.33933	228.018	0	
36.5989	-4.21822	216.919	0	
38.3785	-4.98124	214.337	0	
42.2917	-3.47328	222.688	0	
40.628	-5.06466	215.197	0	
41.9613	-5.90518	212.263	0	
43.1269	-3.97501	220.053	0	
130.143	-3.89079	229.451	0	
182.973	-1.7361	279.403	0	
128.331	-5.28353	235.237	0	
142.187	-5.39772	227.44	0	
-96.8445	-3.51902	191.628	0	
-94.973	-5.11846	239.891	0	
-150.329	-5.21478	284.104	0	
-64.8571	-3.89079	204.047	0	
-154.177	-7.51666	325.184	0	
-44.707	-5.1949	233.031	0	
-146.477	-5.20289	270.891	0	
-142.711	-4.15672	250.076	0	
-148.323	-5.70833	279.956	0	
-141.026	-4.17689	247.313	0	
-145.313	-5.59213	270.933	0	
-142.015	-8.22246	322.373	0	
0.655509	-3.51902	213.929	0	
2.52695	-5.11846	193.852	0	
-51.2742	-4.58327	230.926	0	
32.6429	-3.89079	206.725	0	
-41.3858	-5.74538	246.143	0	
82.8784	-4.52398	198.209	0	
-48.9766	-5.20289	223.074	0	
-45.211	-4.15672	228.776	0	
-50.8234	-5.70833	228.198	0	
-43.5258	-4.17689	223.269	0	
-47.8132	-5.59213	248.761	0	
-44.5151	-8.22246	266.309	0	
98.777	-5.11846	219.239	0	
109.178	-6.60412	222.851	0	
104.099	-4.21812	205.388	0	
107.793	-4.50658	208.548	0	
43.1953	-5.11624	216.377	0	
52.793	-5.1949	217.902	0	
62.5324	-3.06872	222.518	0	
98.1107	-4.06622	205.481	0	
48.5234	-5.20289	224.052	0	
52.289	-4.15672	218.687	0	
46.6766	-5.70833	217.941	0	
53.9742	-4.17689	221.485	0	
46.2258	-4.58327	213.435	0	
55.2262	-5.38006	220.464	0	
-85.0224	-4.58092	205.301	0	
-84.5124	-5.89001	213.11	0	
12.4776	-4.58092	202.255	0	
12.9876	-5.89001	202.553	0	
-156.277	-5.20944	292.79	0	
-142.207	-5.1949	257.148	0	
-157.69	-2.6252	238.44	0	
-172.708	-13.7022	537.419	0	
-154.294	-6.05848	298.773	0	
-74.1691	-5.28353	217.277	0	
-174.419	-18.3249	597.664	0	
-52.1302	-6.3947	256.443	0	
-56.872	-5.06466	222.147	0	
-53.0402	-5.47194	229.906	0	
-110.872	-4.52398	196.646	0	
23.3309	-5.28353	209.49	0	
-13.3716	-4.52398	212.717	0	
108.908	-4.945	225.332	0	
44.4598	-5.47194	216.893	0	
49.6868	-5.59213	205.727	0	
130.736	-5.46522	232.102	0	
135.406	-8.75328	246.403	0	
-138.886	-5.74538	260.681	0	
-143.191	-7.03622	284.44	0	
-91.7489	-6.89898	235.731	0	
-92.1496	-5.26597	235.886	0	
-147.102	-6.18605	283.505	0	
-126.517	-4.32001	206.803	0	
-144.901	-4.79453	263.817	0	
-143.942	-5.03664	258.75	0	
-144.543	-7.10465	292.643	0	
-143.002	-5.76581	272.327	0	
-146.668	-7.76797	309.518	0	
-130.669	-4.37754	198.666	0	
-141.355	-5.21507	251.938	0	
-140.593	-6.0103	270.041	0	
-29.0174	-4.32001	246.458	0	
45.3698	-6.3947	197.36	0	
5.75113	-6.89898	210.804	0	
5.35038	-5.26597	193.965	0	
-65.5474	-6.44535	230.431	0	
-49.6024	-6.18605	255.044	0	
-47.4014	-4.79453	224.17	0	
-46.4417	-5.03664	234.603	0	
-47.0429	-7.10465	240.832	0	
-45.5017	-5.76581	236.773	0	
-49.1682	-7.76797	245.728	0	
-33.1694	-4.37754	231.974	0	
-43.8551	-5.21507	228.205	0	
-43.0926	-6.0103	245.576	0	
70.9983	-4.16217	212.722	0	
132.878	-4.52398	222.64	0	
106.877	-5.50143	214.731	0	
107.622	-6.93342	230.936	0	
98.3176	-7.15932	208.893	0	
101.6	-5.26597	222.83	0	
31.9526	-6.44535	201.825	0	
47.8976	-6.18605	198.357	0	
50.0986	-4.79453	221.927	0	
51.0583	-5.03664	216.624	0	
50.4571	-7.10465	203.631	0	
51.9983	-5.76581	212.586	0	
48.3318	-7.76797	196.06	0	
66.1611	-2.93321	223.298	0	
53.6449	-5.21507	219.529	0	
54.4074	-6.0103	204.531	0	
-86.9104	-5.42242	213.041	0	
-85.925	-6.50437	230.488	0	
10.5896	-5.42242	200.845	0	
11.575	-6.50437	205.286	0	
-151.678	-7.28627	308.748	0	
-149.419	-6.13754	297.22	0	
-62.2642	-6.91889	236.395	0	
-45.691	-7.03622	258.104	0	
35.2358	-6.91889	214.261	0	
51.809	-7.03622	192.341	0	
-159.418	-5.09998	281.201	0	
-115.419	-5.28353	204.866	0	
-150.027	-7.43868	306.474	0	
-113.014	-5.46522	205.923	0	
-135.879	-4.50999	218.383	0	
-127.822	-4.41078	218.68	0	
-60.8105	-6.63734	235.813	0	
-17.9191	-5.28353	230.398	0	
-54.0799	-8.70786	283.597	0	
-41.8296	-8.37487	296.113	0	
-38.3792	-4.50999	211.752	0	
-30.3219	-4.41078	238.801	0	
36.6895	-6.63734	205.411	0	
64.1709	-9.10125	183.884	0	
43.4201	-8.70786	179.176	0	
80.736	-5.46522	203.395	0	
65.625	-5.27905	223.906	0	
56.882	-4.95711	221.47	0	
-95.4324	-7.15932	223.86	0	
-145.272	-8.29733	322.546	0	
2.06757	-7.15932	213.53	0	
-15.514	-5.46522	226.752	0	
150.157	-4.6597	214.316	0	
158.883	-2.50461	160.854	0	
-133.429	-3.7302	202.162	0	
-140.644	-7.56208	283.951	0	
-35.9287	-3.7302	210.675	0	
-43.1439	-7.56208	249.233	0	
64.3005	-4.25718	227.778	0	
70.182	-3.08143	215.241	0	
-163.828	-1.26356	331.316	0	
-161.384	-5.37393	286.73	0	
102.001	-6.89898	209.578	0	
156.615	-8.65111	163.81	0	
-152.68	-8.32445	331.869	0	
-116.856	-9.69507	333.829	0	
-138.39	-7.18841	272.204	0	
-136.875	-6.99919	278.526	0	
-40.8903	-7.18841	238.01	0	
-39.375	-6.99919	275.314	0	
61.6412	-5.44334	223.106	0	
59.1208	-4.50999	234.211	0	
-82.5848	-7.52916	249.596	0	
-79.8609	-3.89608	207.627	0	
14.9152	-7.52916	212.824	0	
17.6391	-3.89608	206.697	0	
157.5	-0.496475	155.572	0	
158.137	-3.45571	181.492	0	
58.125	-6.99919	191.544	0	
80.1429	-3.89079	210.942	0	
59.6698	-8.44515	191.199	0	
61.6464	-7.44458	199.244	0	
-165.21	-0.654241	352.183	0	
-168.752	-1.0755	400.539	0	
-144.58	-10.5411	379.355	0	
-139.33	-8.37487	321.845	0	
-130.155	-5.65761	250.966	0	
-131.986	-3.63323	211.573	0	
-47.772	-8.29733	293.165	0	
-19.3558	-9.69507	265.122	0	
-32.6553	-5.65761	251.4	0	
-34.4857	-3.63323	231.93	0	
56.6097	-7.18841	207.932	0	
54.3561	-7.56208	195.062	0	
49.728	-8.29733	160.155	0	
55.6704	-8.37487	162.97	0	
-159.875	-1.43189	205.986	0	
-159.023	-2.89246	233.668	0	
156.838	-2.74918	165.785	0	
158.625	-1.12992	176.382	0	
142.731	-7.46803	232.152	0	
176.853	-1.43582	253.899	0	
-68.4071	-4.23242	208.45	0	
-66.6691	-5.28353	211.216	0	
-75.4167	-10.3326	328.328	0	
-59.8646	-8.3096	253.344	0	
-72.3571	-3.89079	205.945	0	
-69.2262	-6.72899	261.413	0	
29.0929	-4.23242	208.677	0	
30.8309	-5.28353	205.187	0	
22.0833	-10.3326	227.39	0	
37.6354	-8.3096	207.291	0	
25.1429	-3.89079	211.736	0	
28.2738	-6.72899	211.288	0	
122.643	-3.89079	227.402	0	
129.453	-6.44535	237.784	0	
121.742	-9.23105	282.442	0	
161.145	-8.54365	168.195	0	
127.477	-10.2966	256.205	0	
190.319	-2.08076	303.385	0	
-118.505	-7.54588	293.459	0	
-114.297	-6.44535	249.495	0	
-89.8332	-7.08742	241.224	0	
-101.019	-7.46803	241.163	0	
-117.858	-6.4267	233.02	0	
-140.887	-12.3828	427.545	0	
-21.0052	-7.54588	269.743	0	
-16.7974	-6.44535	214.659	0	
7.66684	-7.08742	200.347	0	
-3.51913	-7.46803	188.935	0	
-20.3582	-6.4267	234.815	0	
-43.3872	-12.3828	325.786	0	
-75.9071	-4.23242	211.85	0	
-73.0474	-6.44535	240.881	0	
-69.2388	-9.20929	251.339	0	
-71.764	-5.46522	216.827	0	
-76.7196	-6.73778	260.922	0	
-77.2148	-8.98906	274.095	0	
78.3309	-5.28353	209.591	0	
79.4526	-6.44535	223.123	0	
92.1871	-5.39772	208.945	0	
92.7309	-7.46803	221.693	0	
74.5596	-5.40086	212.377	0	
78.9296	-9.08967	209.497	0	
21.5929	-4.23242	207.171	0	
24.4526	-6.44535	205.83	0	
28.2612	-9.20929	243.168	0	
25.736	-5.46522	212.105	0	
20.7804	-6.73778	211.972	0	
20.2852	-8.98906	231.785	0	
119.093	-4.23242	228.64	0	
121.953	-6.44535	248.611	0	
125.774	-6.72899	238.801	0	
123.236	-5.46522	232.117	0	
117.071	-5.42633	241.471	0	
119.463	-9.6316	270.851	0	
-81.7013	-4.9694	214.507	0	
-80.556	-6.11128	229.079	0	
-80.8729	-7.50385	249.566	0	
-79.3782	-9.53722	300.292	0	
15.7987	-4.9694	205.233	0	
16.944	-6.11128	205.646	0	
16.6271	-7.50385	212.618	0	
18.1218	-9.53722	228.963	0	
110.83	-7.47425	262.11	0	
113.496	-4.16808	214.277	0	
-62.1755	-4.31081	206.347	0	
-62.9367	-5.73467	215.943	0	
35.3245	-4.31081	218.79	0	
34.5633	-5.73467	203.701	0	
103.261	-12.2612	239.559	0	
182.587	-9.32682	291.189	0	
-90.9255	-4.31071	206.079	0	
-93.5926	-4.6597	205.481	0	
-98.7859	-7.04865	214.666	0	
-101.563	-5.39772	223.367	0	
6.5745	-4.31071	203.217	0	
3.9074	-4.6597	204.047	0	
-1.2859	-7.04865	209.574	0	
-4.0629	-5.39772	193.594	0	
102.825	-4.31071	196.703	0	
100.157	-4.6597	203.617	0	
94.9641	-7.04865	204.93	0	
103.917	-7.08742	237.028	0	
-152.611	-10.7469	393.758	0	
-57.0477	-8.8546	278.425	0	
-120.785	-10.9617	405.307	0	
-47.0799	-10.5411	276.134	0	
-55.5733	-7.64358	250.03	0	
40.4523	-8.8546	189.825	0	
-60.6604	-12.2385	289.763	0	
50.4201	-10.5411	154.754	0	
-23.2851	-10.9617	347.088	0	
76.754	-9.39498	211.893	0	
36.8396	-12.2385	197.385	0	
104.806	-9.69773	222.169	0	
-128.573	-5.59388	234.152	0	
-119.075	-5.44657	228.843	0	
-31.0728	-5.59388	260.649	0	
-21.5748	-5.44657	239.529	0	
68.7541	-3.08143	216.877	0	
69.7027	-6.04201	209.583	0	
-173.002	-1.19333	439.98	0	
-162.298	-3.27925	298.644	0	
-134.862	-8.42353	316.326	0	
-132.922	-7.42565	268.552	0	
-37.3619	-8.42353	270.413	0	
-35.4215	-7.42565	266.426	0	
156.942	-6.29348	199.166	0	
167.502	-1.68071	200.584	0	
144.964	-7.04865	240.721	0	
194.592	-4.57815	315.002	0	
-69.6816	-4.325	213.684	0	
-70.4428	-5.74886	212.979	0	
27.8184	-4.325	210.633	0	
27.0572	-5.74886	207.246	0	
125.318	-4.325	226.723	0	
124.557	-5.74886	240.677	0	
133.174	-8.16642	256.993	0	
135.504	-5.34905	223.413	0	
-118.432	-4.325	206.628	0	
-121.558	-4.58212	203.302	0	
-110.576	-8.16642	289.443	0	
-108.246	-5.34905	207.67	0	
-20.9316	-4.325	231.32	0	
-24.0584	-4.58212	230.801	0	
-13.0757	-8.16642	234.77	0	
-10.746	-5.34905	190.716	0	
-77.1816	-4.325	218.497	0	
-77.9362	-5.75765	222.736	0	
75.3184	-4.325	215.119	0	
72.4356	-4.14101	215.018	0	
83.1743	-8.16642	207.136	0	
85.504	-5.34905	206.101	0	
20.3184	-4.325	204.316	0	
19.5638	-5.75765	202.791	0	
117.818	-4.325	213.879	0	
114.936	-4.14103	220.855	0	
-88.9774	-8.66503	275.521	0	
-86.6041	-8.13534	266.173	0	
8.52255	-8.66503	208.054	0	
10.8959	-8.13534	211.627	0	
112.168	-10.3069	248.593	0	
118.495	-7.12954	267.069	0	
113.238	-5.91521	239.314	0	
115.419	-7.77759	256.116	0	
-64.8214	-8.68669	248.354	0	
-62.8655	-8.89079	254.578	0	
32.6786	-8.68669	232.035	0	
34.6345	-8.89079	205.762	0	
-61.1145	-9.89368	299.913	0	
-90.0051	-12.6851	395.624	0	
-26.6509	-8.94098	293.837	0	
7.49494	-12.6851	192.53	0	
46.941	-8.79126	166.45	0	
129.242	-9.23105	274.307	0	
54.1128	-12.3828	117.731	0	
76.0981	-7.0343	212.898	0	
70.9806	-5.79877	216.05	0	
73.2508	-7.54635	203.917	0	
-166.079	-8.06741	416.74	0	
-157.675	-6.42851	280.819	0	
150.595	-7.57725	183.279	0	
198.713	-12.5666	329.423	0	
-124.151	-8.94098	336.63	0	
-114.508	-9.23105	313.824	0	
-50.559	-8.79126	290.056	0	
-17.0079	-9.23105	274.463	0	
98.2113	-13.5521	228.518	0	
160.378	-5.98324	185.342	0	
-93.6512	-8.33358	309.038	0	
41.9267	-7.64358	199.134	0	
3.84876	-8.33358	182.732	0	
58.5709	-11.1429	117.883	0	
70.3765	-10.677	167.137	0	
68.9954	-8.27657	209.442	0	
92.8279	-13.8833	210.009	0	
215.861	-6.59265	343.675	0	
114.588	-6.63488	235.833	0	
117.188	-6.89612	235.356	0	
-142.675	-10.5347	371.831	0	
36.3855	-9.89368	199.118	0	
15.0411	-11.9339	240.918	0	
100.099	-8.33358	242.63	0	
72.3164	-6.49884	213.514	0	
74.78	-6.77541	214.186	0	
-125.008	-5.44279	243.202	0	
-129.35	-9.00121	358.532	0	
-27.5075	-5.44279	246.049	0	
-31.85	-9.00121	314.131	0	
136.3	-6.99449	242.316	0	
148.318	-7.15932	231.572	0	
134.209	-4.53464	220.956	0	
136.849	-4.28441	221.131	0	
-108.344	-8.75328	274.728	0	
-107.45	-6.99449	257.938	0	
-109.541	-4.53464	193.74	0	
-106.901	-4.28441	202.949	0	
-10.8444	-8.75328	190.637	0	
-9.9496	-6.99449	208.792	0	
-12.0407	-4.53464	209.34	0	
-9.40082	-4.28441	211.611	0	
85.4056	-8.75328	226.001	0	
81.2702	-10.3281	238.943	0	
84.2093	-4.53464	198.589	0	
86.8492	-4.28441	199.582	0	
-58.1585	-5.8593	235.274	0	
-58.2996	-7.91085	245	0	
39.3415	-5.8593	213.453	0	
39.2004	-7.91085	204.351	0	
-153.991	-11.7103	403.114	0	
-155.613	-8.50548	330.587	0	
60.4506	-4.51844	230.87	0	
62.9939	-4.39269	230.435	0	
-178.103	-1.44749	459.82	0	
-173.839	-5.64205	470.601	0	
-131.055	-7.65507	274.649	0	
-127.759	-7.52237	267.471	0	
-33.5546	-7.65507	287.961	0	
-30.2592	-7.52237	268.67	0	
-125.498	-7.46205	262.932	0	
-83.3496	-9.59591	304.446	0	
-27.9984	-7.46205	295.596	0	
14.1504	-9.59591	220.249	0	
86.3004	-6.99449	206.71	0	
150.055	-12.7198	165.304	0	
-120.728	-5.80066	237.825	0	
-120.68	-7.33391	262.926	0	
-23.2279	-5.80066	239.467	0	
-23.1798	-7.33391	255.074	0	
72.7416	-9.79585	199.043	0	
159.171	-10.2877	199.359	0	
-54.5306	-11.2795	293.113	0	
-52.3001	-7.89572	250.825	0	
42.9694	-11.2795	168.933	0	
45.1999	-7.89572	196.632	0	
-138.913	-10.8834	368.505	0	
-82.4589	-11.9339	341.744	0	
-45.1748	-10.5347	321.88	0	
-41.4132	-10.8834	297.649	0	
-135.961	-11.1213	380.203	0	
-121.786	-8.55513	338.106	0	
-38.4607	-11.1213	409.424	0	
-24.2856	-8.55513	322.804	0	
52.3252	-10.5347	131.118	0	
56.0868	-10.8834	149.987	0	
-150.634	-12.2646	426.791	0	
-118.03	-11.8896	450.566	0	
-73.2205	-8.73643	259.033	0	
-3.42296	-13.8421	193.833	0	
24.2795	-8.73643	237.716	0	
140.145	-11.4398	270.97	0	
-85.9091	-14.035	394.705	0	
-66.535	-10.5118	331.801	0	
11.5909	-14.035	259.641	0	
30.965	-10.5118	213.88	0	
-97.4745	-8.42323	326.687	0	
-112.167	-10.4695	339.605	0	
0.0255294	-8.42323	178.825	0	
-14.6674	-10.4695	215.446	0	
-164.41	-13.599	482.176	0	
-187.785	-3.81496	493.259	0	
74.9266	-11.3856	201.923	0	
65.2154	-13.6039	105.141	0	
146.276	-8.42323	202.596	0	
129.263	-24.2646	144.182	0	
114.751	-10.3233	282.359	0	
71.4242	-17.4153	122.301	0	
-134.098	-13.8532	542.952	0	
-97.9517	-12.0229	319.609	0	
-36.5975	-13.8532	341.179	0	
-0.451702	-12.0229	256.831	0	
90.1455	-11.4398	214.341	0	
96.2755	-8.42323	240.701	0	
-56.6144	-11.5018	285.147	0	
-50.5379	-10.963	287.819	0	
40.8856	-11.5018	175.782	0	
46.9621	-10.963	150.747	0	
-148.571	-10.8319	391.864	0	
-48.1756	-15.7705	345.82	0	
-154.889	-14.3905	493.285	0	
-147.97	-17.6816	586.569	0	
-48.4549	-12.1835	348.604	0	
-45.013	-15.9763	490.719	0	
49.0451	-12.1835	113.157	0	
131.583	-10.4695	249.279	0	
-159.3	-10.3101	387.911	0	
-155.495	-10.2766	390.324	0	
54.7007	-19.2086	76.3017	0	
125.71	-8.44973	276.523	0	
-100.923	-13.8421	542.118	0	
49.3244	-15.7705	101.565	0	
10.7483	-12.069	210.224	0	
128.01	-15.8868	234.113	0	
-150.446	-24.58	771.333	0	
-157.754	-11.6412	431.759	0	
-157.617	-14.2078	468.48	0	
-167.607	-12.1717	488.773	0	
-142.499	-15.3422	509.93	0	
163.886	-7.81396	194.322	0	
174.226	-2.69569	234.918	0	
118.732	-15.6842	230.972	0	
142.828	-13.8833	187.8	0	
-86.6409	-16.373	449.956	0	
-65.7541	-13.472	300.94	0	
10.8591	-16.373	214.453	0	
31.7459	-13.472	243.089	0	
-184.223	-1.73373	470.38	0	
-161.745	-10.4642	422.047	0	
-105.152	-7.25958	229.984	0	
-111.405	-13.4554	481.396	0	
-7.65167	-7.25958	187.032	0	
-13.9051	-13.4554	306.455	0	
88.5983	-7.25958	215.487	0	
81.7838	-13.563	184.211	0	
138.598	-7.25958	238.261	0	
131.153	-14.6103	267.417	0	
-130.23	-12.4755	417.231	0	
-125.008	-12.0914	422.322	0	
-32.73	-12.4755	468.267	0	
-27.5081	-12.0914	431.781	0	
-78.8414	-14.5362	401.533	0	
-71.2546	-10.6507	344.138	0	
18.6586	-14.5362	246.004	0	
26.2454	-10.6507	228.308	0	
-92.6578	-11.3921	325.15	0	
-85.4292	-10.045	290.435	0	
4.84222	-11.3921	257.659	0	
12.0708	-10.045	227.683	0	
137.145	-11.7939	250.963	0	
140.704	-8.66433	230.676	0	
117.489	-11.9439	274.266	0	
126.674	-12.8115	260.141	0	
-106.605	-11.7939	394.354	0	
-103.046	-8.66433	328.289	0	
-145.757	-15.2052	527.626	0	
-103.605	-11.4398	340.072	0	
-9.10523	-11.7939	229.078	0	
-5.5458	-8.66433	194.543	0	
-20.5299	-11.8896	353.117	0	
-6.10455	-11.4398	229.042	0	
87.1448	-11.7939	205.658	0	
90.7042	-8.66433	217.077	0	
-52.7296	-12.6391	340.767	0	
-51.3189	-16.133	330.778	0	
44.7704	-12.6391	125.244	0	
46.1811	-16.133	112.646	0	
66.2607	-7.66183	200.313	0	
61.592	-14.645	109.181	0	
39.4104	-13.2995	165.939	0	
145.799	-12.064	268.313	0	
-58.0896	-13.2995	363.855	0	
-86.7517	-12.069	340.658	0	
-76.2221	-13.5164	355.644	0	
2.5838	-13.8175	175.572	0	
-94.9162	-13.8175	486.612	0	
-80.1994	-11.9005	341.219	0	
-57.6835	-17.1843	323.503	0	
17.3006	-11.9005	235.603	0	
95.7992	-12.064	202.88	0	
142.263	-32.8139	155.222	0	
123.657	-10.3857	273.396	0	
124.174	-12.8115	250.067	0	
-116.81	-16.0011	527.815	0	
-106.911	-18.7727	604.361	0	
-122.648	-13.347	476.379	0	
-120.289	-17.0036	680.621	0	
-19.3105	-16.0011	424.733	0	
-9.41138	-18.7727	316.393	0	
-25.1485	-13.347	400.579	0	
-22.7891	-17.0036	462.894	0	
21.2779	-13.5164	251.899	0	
52.487	-15.9763	62.6616	0	
-88.8748	-11.0032	318.306	0	
-88.6138	-16.0889	429.609	0	
8.62524	-11.0032	248.797	0	
8.88623	-16.0889	291.221	0	
100.469	-11.0855	210.816	0	
122.403	-15.8868	243.342	0	
-102.761	-18.776	503.576	0	
39.8165	-17.1843	140.586	0	
-30.5151	-14.406	431.235	0	
68.6863	-14.565	132.781	0	
-84.2433	-18.71	500.251	0	
-83.6959	-14.349	407.565	0	
13.2567	-18.71	268.575	0	
13.8041	-14.349	236.902	0	
-128.015	-14.406	584.813	0	
-1.46149	-20.9398	170.537	0	
-82.3706	-17.1144	437.116	0	
-77.1404	-18.8236	470.016	0	
-34.8448	-22.1714	454.222	0	
103.857	-15.3762	190.557	0	
15.1294	-17.1144	237.355	0	
20.3596	-18.8236	219.816	0	
-71.9341	-14.5113	337.084	0	
-62.81	-14.1067	382.947	0	
25.5659	-14.5113	258.472	0	
34.69	-14.1067	190.043	0	
-170.722	-5.27006	419.52	0	
-175.476	-2.64081	448.894	0	
166.993	-9.3581	195.989	0	
179.821	-3.17192	278.583	0	
-191.569	-2.08123	471.002	0	
-180.704	-8.04338	481.119	0	
-53.6684	-18.9989	488.481	0	
-5.26069	-18.776	320.564	0	
43.8316	-18.9989	79.7322	0	
133.843	-20.6746	241.613	0	
-108.074	-14.1929	498.121	0	
-94.0883	-17.8006	456.15	0	
-10.5743	-14.1929	260.484	0	
3.41174	-17.8006	313.844	0	
134.484	-15.3478	210.367	0	
159.298	-32.6901	214.803	0	
75.2994	-15.1171	143.256	0	
125.206	-18.1807	189.547	0	
110.084	-14.9563	213.908	0	
167.645	-28.0136	289.606	0	
85.4271	-14.4419	212.132	0	
44.9695	-27.6829	55.2761	0	
-76.3835	-22.9609	492.599	0	
-62.2534	-16.8341	344.248	0	
21.1165	-22.9609	255.504	0	
35.2466	-16.8341	185.807	0	
-69.1374	-16.0301	435.632	0	
-59.6977	-18.8508	422.589	0	
28.3626	-16.0301	214.488	0	
37.8023	-18.8508	152.203	0	
-181.071	-3.18122	512.072	0	
-176.1	-9.31089	513.636	0	
170.302	-6.68287	216.972	0	
173.419	-6.43797	237.99	0	
159.128	-14.7127	166.168	0	
164.209	-14.5128	214.226	0	
-98.9615	-20.9398	785.754	0	
12.9924	-23.3158	222.171	0	
7.06144	-18.779	191.875	0	
117.677	-21.7369	175.024	0	
-79.7755	-17.335	431.943	0	
-74.7054	-15.7809	415.924	0	
17.7245	-17.335	260.083	0	
22.7946	-15.7809	254.209	0	
152.809	-9.49693	227.288	0	
153.817	-16.299	238.566	0	
-153.202	-17.3239	581.758	0	
-150.327	-16.1614	531.241	0	
-163.68	-16.5656	555.207	0	
-63.8837	-22.4837	396.772	0	
-146.558	-22.1446	754.815	0	
-142.549	-22.4698	692.917	0	
39.5095	-26.6887	119.146	0	
91.2651	-19.3404	160.99	0	
-128.039	-20.2596	739.421	0	
-84.5076	-23.3158	556.431	0	
-57.9905	-26.6887	392.856	0	
33.6163	-22.4837	179.911	0	
-187.588	-7.89551	485.315	0	
-195.842	-4.57853	478.384	0	
100.778	-19.5012	149.444	0	
106.939	-9.51808	252.401	0	
-192.842	-29.1807	583.49	0	
-183.66	-10.6764	528.617	0	
179.592	-6.93814	262.587	0	
186.535	-3.81686	298.979	0	
-68.6736	-19.0863	382.39	0	
-64.7337	-19.2556	464.695	0	
28.8264	-19.0863	239.012	0	
32.7663	-19.2556	171.083	0	
112.986	-17.0898	187.159	0	
121.254	-28.2149	142.888	0	
-158.754	-20.6094	634.295	0	
37.0231	-22.4901	124.391	0	
25.497	-23.4473	186.73	0	
121.097	-23.8369	147.259	0	
100.41	-16.4657	202.947	0	
109.833	-12.0214	261.319	0	
-90.4386	-18.779	581.217	0	
-72.003	-23.4473	509.863	0	
-52.4633	-27.7169	625.133	0	
-60.4769	-22.4901	497.253	0	
105.849	-22.2944	167.484	0	
106.839	-16.4118	211.427	0	
-70.3526	-26.6553	489.725	0	
52.9428	-24.0743	41.9977	0	
-25.1725	-21.6016	665.896	0	
95.6087	-22.0749	171.279	0	
31.3268	-25.5223	141.53	0	
125.206	-21.9293	187.146	0	
108.462	-20.2945	157.569	0	
116.562	-17.9116	208.097	0	
111.958	-20.6901	185.532	0	
114.531	-23.4196	149.733	0	
71.0304	-23.2096	65.0895	0	
141.707	-19.6086	259.537	0	
-113.695	-16.8815	570.031	0	
-110.638	-20.7638	825.824	0	
-122.673	-21.6016	695.842	0	
-122.665	-35.1775	852.258	0	
-16.1947	-16.8815	359.494	0	
-13.138	-20.7638	313.123	0	
-30.539	-20.2596	597.289	0	
-66.1732	-25.5223	538.676	0	
78.8199	-16.4504	195.398	0	
86.8649	-19.5449	155.06	0	
-98.7451	-26.3808	629.034	0	
-88.73	-23.669	553.654	0	
-1.24511	-26.3808	460.49	0	
8.77004	-23.669	347.528	0	
-205.28	-10.9939	461.528	0	
-203.116	-22.3712	516.202	0	
-200.382	-2.4973	460.798	0	
-210.958	-2.99655	446.178	0	
-165.848	-21.217	656.145	0	
-154.734	-21.2796	653.329	0	
168.663	-18.2333	241.36	0	
175.263	-15.1641	251.173	0	
178.781	-17.6852	285.336	0	
199.132	-2.49739	321.875	0	
-119.214	-27.9461	1040.74	0	
27.1474	-26.6553	196.903	0	
-37.9991	-37.0053	503.817	0	
106.132	-26.6725	125.878	0	
-80.5482	-26.5803	615.209	0	
37.9206	-30.6463	91.8702	0	
16.9518	-26.5803	189.83	0	
117.266	-31.4134	129.365	0	
113.963	-28.7182	132.33	0	
84.3565	-22.7175	149.707	0	
79.9548	-20.502	116.201	0	
78.3935	-30.9545	88.8218	0	
109.886	-30.7265	120.752	0	
-170.264	-22.5426	641.277	0	
-186.586	-34.0715	670.249	0	
-71.4692	-32.4504	545.244	0	
-64.3552	-29.4863	473.332	0	
-129.522	-33.6809	1073.02	0	
-77.2844	-32.8618	557.525	0	
26.0308	-32.4504	156.908	0	
33.1448	-29.4863	143.718	0	
-35.8192	-26.3093	665.847	0	
20.2156	-32.8618	301.946	0	
-32.3341	-32.9669	550.156	0	
200.219	-31.4848	350.172	0	
-81.3536	-39.2894	838.536	0	
-59.5794	-30.6463	603.045	0	
-173.766	-29.45	758.406	0	
48.7057	-33.5404	85.8142	0	
-67.173	-34.0637	563.539	0	
-62.7476	-39.8274	589.743	0	
-10.2351	-42.3533	679.605	0	
100.623	-33.4418	116.592	0	
30.327	-34.0637	118.924	0	
34.7524	-39.8274	134.042	0	
-136.209	-17.737	605.405	0	
-132.365	-22.2129	835.911	0	
-43.198	-18.7365	371.44	0	
-38.6886	-17.6956	588.08	0	
229.784	-7.91137	342.349	0	
-195.655	-9.12754	475.313	0	
-184.632	-17.2543	540.971	0	
-223.649	-3.59612	443.33	0	
-198.906	-17.9043	509.137	0	
132.435	-31.2901	131.448	0	
136.452	-29.449	224.228	0	
186.376	-7.64136	292.172	0	
187.265	-14.6613	308.01	0	
182.331	-13.8541	283.594	0	
189.97	-10.4787	306.623	0	
60.3681	-18.9378	51.134	0	
76.0405	-24.963	112.026	0	
119.878	-37.6577	128.456	0	
137.314	-23.0545	147.345	0	
-140.704	-18.1438	699.525	0	
-139.168	-26.5268	917.11	0	
-133.48	-26.6767	829.136	0	
-92.1633	-28.1316	850.342	0	
-50.4644	-23.7627	347.782	0	
-44.8887	-23.6362	615.191	0	
-57.1344	-37.3795	476.66	0	
-21.7444	-28.0369	448.876	0	
124.816	-30.5282	136.527	0	
128.715	-28.4856	173.94	0	
-154.172	-36.2055	844.795	0	
-205.51	-5.49385	461.191	0	
-189.708	-16.9412	544.328	0	
190.469	-19.3683	328.119	0	
194.401	-9.15162	314.161	0	
180.928	-24.6306	317.552	0	
209.708	-2.99653	334.225	0	
40.3656	-37.3795	99.8945	0	
84.393	-29.5111	101.641	0	
-148.752	-31.7441	981.334	0	
-141.483	-33.3657	953.463	0	
-51.8547	-39.276	649.02	0	
-41.3536	-26.7331	453.796	0	
124.872	-36.6466	131.861	0	
149.858	-28.1793	268.004	0	
5.33672	-28.1316	138.154	0	
129.988	-37.1068	191.893	0	
106.151	-35.183	134.797	0	
179.128	-40.5991	356.378	0	
74.4903	-38.1045	82.1281	0	
95.862	-26.6762	122.306	0	
101.314	-28.4806	133.6	0	
-90.1079	-37.043	631.184	0	
67.1678	-36.6738	55.5074	0	
65.58	-54.9481	156.62	0	
113.853	-42.0949	151.678	0	
-199.966	-12.5463	482.43	0	
187.682	-25.5065	322.714	0	
209.204	-15.0839	341.513	0	
113.919	-50.1317	154.819	0	
-193.119	-20.7159	534.738	0	
-135.899	-48.5637	1080.93	0	
-48.7724	-33.5709	421.978	0	
-43.2385	-32.7137	653.372	0	
134.099	-42.95	160.192	0	
122.432	-54.3794	209.953	0	
87.7148	-33.6491	115.71	0	
95.3237	-40.1176	115.746	0	
99.1751	-43.1784	141.499	0	
98.2767	-48.6319	155.502	0	
7.39212	-37.043	464.442	0	
-25.6479	-34.8802	641.816	0	
-217.111	-6.59266	449.236	0	
-216.837	-13.1836	439.825	0	
215.587	-13.1843	339.551	0	
222.399	-3.59612	340.794	0	
-178.18	-51.9759	741.082	0	
-153.647	-49.4659	1005.79	0	
95.9829	-35.2801	123.152	0	
105.363	-40.0821	122.799	0	
-47.377	-47.5674	486.548	0	
-39.0554	-46.1539	595.073	0	
92.3318	-31.2524	115.911	0	
88.4066	-44.521	108.395	0	
16.1464	-39.2894	97.2491	0	
104.53	-53.5724	161.336	0	
89.6237	-39.8659	126.085	0	
93.2082	-50.2262	169.639	0	
80.0854	-44.9589	125.967	0	
195.014	-53.6987	384.379	0	
46.9683	-23.7287	92.8925	0	
65.1315	-24.4061	72.479	0	
45.6907	-39.2794	70.3356	0	
56.758	-28.3975	68.8284	0	
58.9988	-47.2745	60.0646	0	
63.2794	-29.0001	49.356	0	
54.5197	-33.9094	44.698	0	
60.6283	-39.7232	84.4722	0	
-112.153	-26.9719	693.385	0	
-106.813	-41.5616	745.99	0	
-14.6834	-27.0627	651.699	0	
-20.3964	-45.3419	329.371	0	
-180.822	-20.7977	649.256	0	
-180.372	-28.6817	636.672	0	
-28.1388	-52.5772	360.288	0	
-8.42563	-30.9174	200.416	0	
-223.045	-18.0992	462.632	0	
197.484	-18.6006	328.133	0	
221.795	-18.0997	347.061	0	
-116.522	-44.9384	1155.21	0	
-105.895	-30.8265	1051.11	0	
-210.454	-15.0875	471.598	0	
-209.349	-21.1068	479.399	0	
214.41	-27.8426	351.378	0	
201.692	-23.0481	347.517	0	
-168.63	-35.332	748.289	0	
-185.88	-47.0569	682.909	0	
-58.4369	-62.9932	682.485	0	
99.1429	-60.8213	264.869	0	
90.5758	-57.9619	146.513	0	
-48.4864	-72.4847	361.888	0	
146.007	-88.8777	308.433	0	
49.8752	-47.1998	100.817	0	
76.1765	-53.3494	103.351	0	
-231.034	-7.91137	428.923	0	
193.225	-33.1755	355.838	0	
-196.586	-54.0406	582.828	0	
-97.6075	-46.0273	1093.92	0	
32.5931	-47.2676	86.4343	0	
3.02215	-58.9551	321.802	0	
-230.704	-15.8235	435.967	0	
-199.677	-29.8849	541.361	0	
-199.122	-68.7901	569.59	0	
-232.183	-28.9135	464.293	0	
-145.673	-56.093	872.662	0	
-65.0282	-47.5636	705.564	0	
-0.999147	-46.7281	113.56	0	
39.3398	-61.6705	112.473	0	
208.094	-21.1083	344.382	0	
176.392	-31.8898	288.547	0	
229.454	-15.8234	344.368	0	
209.137	-35.1834	365.66	0	
139.328	-61.0399	243.671	0	
189.207	-41.0089	345.019	0	
-222.975	-26.721	449.49	0	
221.729	-26.7336	350.538	0	
231.761	-29.6353	348.553	0	
142.356	-40.4982	251.622	0	
158.523	-43.1702	315.557	0	
131.472	-51.1747	260.593	0	
149.176	-46.3437	221.671	0	
-209.391	-44.9615	567.826	0	
24.809	-66.1786	227.996	0	
-73.5915	-67.1651	629.66	0	
-93.917	-58.2892	776.215	0	
-54.9373	-53.4072	581.394	0	
81.8654	-60.6471	204.16	0	
-101.539	-70.7175	812.096	0	
-234.45	-44.5321	538.362	0	
207.95	-49.5639	374.163	0	
42.3908	-52.7401	144.122	0	
65.768	-76.5282	267.484	0	
-186.216	-79.8078	576.444	0	
60.9715	-64.9719	123.683	0	
84.6816	-83.8123	359.3	0	
133.127	-72.183	372.061	0	
169.605	-47.203	300.843	0	
99.0487	-73.5167	196.684	0	
121.291	-67.4347	224.604	0	
76.0654	-73.8022	157.823	0	
21.5973	-78.4887	229.514	0	
148.776	-58.6606	352.508	0	
159.318	-65.2507	328.026	0	
-118.231	-67.6676	915.77	0	
-123.641	-53.3865	927.718	0	
223.493	-56.6049	373.513	0	
-170.587	-61.0571	748.798	0	
-162.29	-53.2661	810.602	0	
-75.7218	-48.391	613.895	0	
-80.7855	-58.4064	864.648	0	
-78.6641	-83.0863	605.495	0	
42.8672	-124.784	298.775	0	
21.8995	-48.0949	250.335	0	
17.1665	-58.0755	126.667	0	
110.772	-78.66	386.072	0	
-128.033	-80.0868	775.645	0	
-143.217	-73.3351	852.947	0	
48.3422	-68.3158	231.525	0	
43.0743	-85.2084	208.827	0	
-31.1187	-67.2315	619.18	0	
6.99334	-83.9003	239.82	0	
180.708	-83.077	389.762	0	
-212.548	-78.6717	485.123	0	
55.4568	-91.151	258.725	0	
30.86	-90.8732	292.551	0	
195.719	-99.5338	350.65	0	
-155.091	-83.9494	682.793	0	
22.5656	-111.1	248.973	0	
-3.93924	-72.4697	311.188	0	
5.64357	-105.233	412.74	0	
-222.226	-50.9126	502.566	0	
162.751	-84.3246	389.64	0	
186.132	-63.0524	359.468	0	
-120.967	-99.7543	599.109	0	
-93.4804	-86.7559	674.834	0	
221.832	-84.1178	384.007	0	
-21.1018	-77.8858	223.402	0	
-26.257	-99.2576	525.906	0	
-222.846	-69.8732	517.2	0	
82.4716	-105.887	259.462	0	
-155.483	-105.393	529.756	0	
137.733	-106.863	441.277	0	
-208.069	-100.978	485.181	0	
-170.837	-73.8717	697.287	0	
-103.106	-103.373	598.125	0	
114.335	-101.394	284.275	0	
-63.2341	-129.89	512.781	0	
-190.247	-100.547	463.702	0	
-175.26	-116.054	486.661	0	
63.5442	-110.5	367.834	0	
100.401	-118.325	438.112	0	
-14.9272	-144.737	412.163	0	
-136.544	-114.446	573.853	0	
-10.4442	-115.174	232.409	0	
-62.9959	-88.4674	666.427	0	
-50.7834	-104.586	302.704	0	
-91.8996	-128.662	371.229	0	
-132.369	-138.886	463.66	0	
-178.662	-146.313	408.56	0	
-43.1907	-154.124	305.014	0	
-213.777	-154.351	388.825	0	
184.547	-133.757	377.134	0	
43.9892	-153.642	332.489	0	
105.563	-154.614	306.172	0	
-105.586	-149.483	495.599	0	
153.516	-136.648	329.083	0	
222.629	-148.911	336.096	0	
